Raw Data 		Experiment - evIC50_9_plate5_22APRIL2026 (Run on LCS480 1.5.1.62)
SamplePos	SampleName	Prog#	Seg#	Cycle#	Time	Temp	465-510	
A1	Sample 1	2	1	1	32720	36.91	1.44
A1	Sample 1	2	1	2	37740	36.96	1.44
A1	Sample 1	2	1	3	42740	36.96	1.43
A1	Sample 1	2	1	4	47740	36.96	1.42
A1	Sample 1	2	1	5	52740	37	1.41
A1	Sample 1	2	1	6	57740	37	1.41
A1	Sample 1	2	1	7	62740	36.96	1.41
A1	Sample 1	2	1	8	67740	36.96	1.39
A1	Sample 1	2	1	9	72760	36.96	1.40
A1	Sample 1	2	1	10	77740	37	1.39
A1	Sample 1	2	1	11	82740	36.96	1.39
A1	Sample 1	2	1	12	87750	36.96	1.39
A1	Sample 1	2	1	13	92740	37	1.39
A1	Sample 1	2	1	14	97750	37	1.39
A1	Sample 1	2	1	15	102740	36.96	1.39
A2	Sample 2	2	1	1	32720	36.91	1.44
A2	Sample 2	2	1	2	37740	36.96	1.43
A2	Sample 2	2	1	3	42740	36.96	1.42
A2	Sample 2	2	1	4	47740	36.96	1.41
A2	Sample 2	2	1	5	52740	37	1.40
A2	Sample 2	2	1	6	57740	37	1.40
A2	Sample 2	2	1	7	62740	36.96	1.40
A2	Sample 2	2	1	8	67740	36.96	1.39
A2	Sample 2	2	1	9	72760	36.96	1.39
A2	Sample 2	2	1	10	77740	37	1.39
A2	Sample 2	2	1	11	82740	36.96	1.39
A2	Sample 2	2	1	12	87750	36.96	1.39
A2	Sample 2	2	1	13	92740	37	1.39
A2	Sample 2	2	1	14	97750	37	1.39
A2	Sample 2	2	1	15	102740	36.96	1.38
A3	Sample 3	2	1	1	32720	36.91	1.66
A3	Sample 3	2	1	2	37740	36.96	1.64
A3	Sample 3	2	1	3	42740	36.96	1.63
A3	Sample 3	2	1	4	47740	36.96	1.62
A3	Sample 3	2	1	5	52740	37	1.62
A3	Sample 3	2	1	6	57740	37	1.61
A3	Sample 3	2	1	7	62740	36.96	1.61
A3	Sample 3	2	1	8	67740	36.96	1.60
A3	Sample 3	2	1	9	72760	36.96	1.61
A3	Sample 3	2	1	10	77740	37	1.60
A3	Sample 3	2	1	11	82740	36.96	1.60
A3	Sample 3	2	1	12	87750	36.96	1.60
A3	Sample 3	2	1	13	92740	37	1.60
A3	Sample 3	2	1	14	97750	37	1.60
A3	Sample 3	2	1	15	102740	36.96	1.60
A4	Sample 4	2	1	1	32720	36.91	1.68
A4	Sample 4	2	1	2	37740	36.96	1.67
A4	Sample 4	2	1	3	42740	36.96	1.66
A4	Sample 4	2	1	4	47740	36.96	1.65
A4	Sample 4	2	1	5	52740	37	1.64
A4	Sample 4	2	1	6	57740	37	1.65
A4	Sample 4	2	1	7	62740	36.96	1.64
A4	Sample 4	2	1	8	67740	36.96	1.63
A4	Sample 4	2	1	9	72760	36.96	1.63
A4	Sample 4	2	1	10	77740	37	1.64
A4	Sample 4	2	1	11	82740	36.96	1.63
A4	Sample 4	2	1	12	87750	36.96	1.63
A4	Sample 4	2	1	13	92740	37	1.63
A4	Sample 4	2	1	14	97750	37	1.63
A4	Sample 4	2	1	15	102740	36.96	1.63
A5	Sample 5	2	1	1	32720	36.91	1.62
A5	Sample 5	2	1	2	37740	36.96	1.61
A5	Sample 5	2	1	3	42740	36.96	1.60
A5	Sample 5	2	1	4	47740	36.96	1.59
A5	Sample 5	2	1	5	52740	37	1.58
A5	Sample 5	2	1	6	57740	37	1.57
A5	Sample 5	2	1	7	62740	36.96	1.57
A5	Sample 5	2	1	8	67740	36.96	1.56
A5	Sample 5	2	1	9	72760	36.96	1.56
A5	Sample 5	2	1	10	77740	37	1.56
A5	Sample 5	2	1	11	82740	36.96	1.56
A5	Sample 5	2	1	12	87750	36.96	1.56
A5	Sample 5	2	1	13	92740	37	1.56
A5	Sample 5	2	1	14	97750	37	1.56
A5	Sample 5	2	1	15	102740	36.96	1.55
A6	Sample 6	2	1	1	32720	36.91	1.54
A6	Sample 6	2	1	2	37740	36.96	1.56
A6	Sample 6	2	1	3	42740	36.96	1.58
A6	Sample 6	2	1	4	47740	36.96	1.59
A6	Sample 6	2	1	5	52740	37	1.61
A6	Sample 6	2	1	6	57740	37	1.62
A6	Sample 6	2	1	7	62740	36.96	1.63
A6	Sample 6	2	1	8	67740	36.96	1.63
A6	Sample 6	2	1	9	72760	36.96	1.63
A6	Sample 6	2	1	10	77740	37	1.63
A6	Sample 6	2	1	11	82740	36.96	1.63
A6	Sample 6	2	1	12	87750	36.96	1.62
A6	Sample 6	2	1	13	92740	37	1.62
A6	Sample 6	2	1	14	97750	37	1.63
A6	Sample 6	2	1	15	102740	36.96	1.63
A7	Sample 7	2	1	1	32720	36.91	1.58
A7	Sample 7	2	1	2	37740	36.96	1.59
A7	Sample 7	2	1	3	42740	36.96	1.59
A7	Sample 7	2	1	4	47740	36.96	1.58
A7	Sample 7	2	1	5	52740	37	1.58
A7	Sample 7	2	1	6	57740	37	1.57
A7	Sample 7	2	1	7	62740	36.96	1.57
A7	Sample 7	2	1	8	67740	36.96	1.56
A7	Sample 7	2	1	9	72760	36.96	1.57
A7	Sample 7	2	1	10	77740	37	1.56
A7	Sample 7	2	1	11	82740	36.96	1.57
A7	Sample 7	2	1	12	87750	36.96	1.56
A7	Sample 7	2	1	13	92740	37	1.57
A7	Sample 7	2	1	14	97750	37	1.57
A7	Sample 7	2	1	15	102740	36.96	1.56
A8	Sample 8	2	1	1	32720	36.91	1.60
A8	Sample 8	2	1	2	37740	36.96	1.60
A8	Sample 8	2	1	3	42740	36.96	1.59
A8	Sample 8	2	1	4	47740	36.96	1.58
A8	Sample 8	2	1	5	52740	37	1.56
A8	Sample 8	2	1	6	57740	37	1.57
A8	Sample 8	2	1	7	62740	36.96	1.56
A8	Sample 8	2	1	8	67740	36.96	1.55
A8	Sample 8	2	1	9	72760	36.96	1.55
A8	Sample 8	2	1	10	77740	37	1.55
A8	Sample 8	2	1	11	82740	36.96	1.55
A8	Sample 8	2	1	12	87750	36.96	1.55
A8	Sample 8	2	1	13	92740	37	1.55
A8	Sample 8	2	1	14	97750	37	1.55
A8	Sample 8	2	1	15	102740	36.96	1.55
A9	Sample 9	2	1	1	32720	36.91	0.58
A9	Sample 9	2	1	2	37740	36.96	0.58
A9	Sample 9	2	1	3	42740	36.96	0.58
A9	Sample 9	2	1	4	47740	36.96	0.58
A9	Sample 9	2	1	5	52740	37	0.57
A9	Sample 9	2	1	6	57740	37	0.57
A9	Sample 9	2	1	7	62740	36.96	0.56
A9	Sample 9	2	1	8	67740	36.96	0.56
A9	Sample 9	2	1	9	72760	36.96	0.57
A9	Sample 9	2	1	10	77740	37	0.57
A9	Sample 9	2	1	11	82740	36.96	0.56
A9	Sample 9	2	1	12	87750	36.96	0.56
A9	Sample 9	2	1	13	92740	37	0.57
A9	Sample 9	2	1	14	97750	37	0.56
A9	Sample 9	2	1	15	102740	36.96	0.57
A10	Sample 10	2	1	1	32720	36.91	0.61
A10	Sample 10	2	1	2	37740	36.96	0.61
A10	Sample 10	2	1	3	42740	36.96	0.61
A10	Sample 10	2	1	4	47740	36.96	0.60
A10	Sample 10	2	1	5	52740	37	0.60
A10	Sample 10	2	1	6	57740	37	0.59
A10	Sample 10	2	1	7	62740	36.96	0.60
A10	Sample 10	2	1	8	67740	36.96	0.59
A10	Sample 10	2	1	9	72760	36.96	0.59
A10	Sample 10	2	1	10	77740	37	0.59
A10	Sample 10	2	1	11	82740	36.96	0.59
A10	Sample 10	2	1	12	87750	36.96	0.59
A10	Sample 10	2	1	13	92740	37	0.59
A10	Sample 10	2	1	14	97750	37	0.59
A10	Sample 10	2	1	15	102740	36.96	0.59
A11	Sample 11	2	1	1	32720	36.91	0.60
A11	Sample 11	2	1	2	37740	36.96	0.59
A11	Sample 11	2	1	3	42740	36.96	0.59
A11	Sample 11	2	1	4	47740	36.96	0.59
A11	Sample 11	2	1	5	52740	37	0.59
A11	Sample 11	2	1	6	57740	37	0.58
A11	Sample 11	2	1	7	62740	36.96	0.58
A11	Sample 11	2	1	8	67740	36.96	0.57
A11	Sample 11	2	1	9	72760	36.96	0.58
A11	Sample 11	2	1	10	77740	37	0.58
A11	Sample 11	2	1	11	82740	36.96	0.58
A11	Sample 11	2	1	12	87750	36.96	0.58
A11	Sample 11	2	1	13	92740	37	0.57
A11	Sample 11	2	1	14	97750	37	0.58
A11	Sample 11	2	1	15	102740	36.96	0.57
A12	Sample 12	2	1	1	32720	36.91	0.53
A12	Sample 12	2	1	2	37740	36.96	0.54
A12	Sample 12	2	1	3	42740	36.96	0.53
A12	Sample 12	2	1	4	47740	36.96	0.52
A12	Sample 12	2	1	5	52740	37	0.52
A12	Sample 12	2	1	6	57740	37	0.52
A12	Sample 12	2	1	7	62740	36.96	0.52
A12	Sample 12	2	1	8	67740	36.96	0.51
A12	Sample 12	2	1	9	72760	36.96	0.52
A12	Sample 12	2	1	10	77740	37	0.52
A12	Sample 12	2	1	11	82740	36.96	0.52
A12	Sample 12	2	1	12	87750	36.96	0.51
A12	Sample 12	2	1	13	92740	37	0.52
A12	Sample 12	2	1	14	97750	37	0.52
A12	Sample 12	2	1	15	102740	36.96	0.52
B1	Sample 13	2	1	1	32720	36.91	1.36
B1	Sample 13	2	1	2	37740	36.96	1.36
B1	Sample 13	2	1	3	42740	36.96	1.36
B1	Sample 13	2	1	4	47740	36.96	1.35
B1	Sample 13	2	1	5	52740	37	1.36
B1	Sample 13	2	1	6	57740	37	1.35
B1	Sample 13	2	1	7	62740	36.96	1.35
B1	Sample 13	2	1	8	67740	36.96	1.35
B1	Sample 13	2	1	9	72760	36.96	1.35
B1	Sample 13	2	1	10	77740	37	1.35
B1	Sample 13	2	1	11	82740	36.96	1.35
B1	Sample 13	2	1	12	87750	36.96	1.34
B1	Sample 13	2	1	13	92740	37	1.34
B1	Sample 13	2	1	14	97750	37	1.34
B1	Sample 13	2	1	15	102740	36.96	1.34
B2	Sample 14	2	1	1	32720	36.91	1.38
B2	Sample 14	2	1	2	37740	36.96	1.36
B2	Sample 14	2	1	3	42740	36.96	1.36
B2	Sample 14	2	1	4	47740	36.96	1.35
B2	Sample 14	2	1	5	52740	37	1.35
B2	Sample 14	2	1	6	57740	37	1.34
B2	Sample 14	2	1	7	62740	36.96	1.33
B2	Sample 14	2	1	8	67740	36.96	1.34
B2	Sample 14	2	1	9	72760	36.96	1.33
B2	Sample 14	2	1	10	77740	37	1.32
B2	Sample 14	2	1	11	82740	36.96	1.32
B2	Sample 14	2	1	12	87750	36.96	1.33
B2	Sample 14	2	1	13	92740	37	1.33
B2	Sample 14	2	1	14	97750	37	1.33
B2	Sample 14	2	1	15	102740	36.96	1.33
B3	Sample 15	2	1	1	32720	36.91	1.54
B3	Sample 15	2	1	2	37740	36.96	1.54
B3	Sample 15	2	1	3	42740	36.96	1.53
B3	Sample 15	2	1	4	47740	36.96	1.52
B3	Sample 15	2	1	5	52740	37	1.51
B3	Sample 15	2	1	6	57740	37	1.51
B3	Sample 15	2	1	7	62740	36.96	1.51
B3	Sample 15	2	1	8	67740	36.96	1.51
B3	Sample 15	2	1	9	72760	36.96	1.52
B3	Sample 15	2	1	10	77740	37	1.50
B3	Sample 15	2	1	11	82740	36.96	1.51
B3	Sample 15	2	1	12	87750	36.96	1.51
B3	Sample 15	2	1	13	92740	37	1.51
B3	Sample 15	2	1	14	97750	37	1.52
B3	Sample 15	2	1	15	102740	36.96	1.52
B4	Sample 16	2	1	1	32720	36.91	1.53
B4	Sample 16	2	1	2	37740	36.96	1.52
B4	Sample 16	2	1	3	42740	36.96	1.52
B4	Sample 16	2	1	4	47740	36.96	1.50
B4	Sample 16	2	1	5	52740	37	1.49
B4	Sample 16	2	1	6	57740	37	1.48
B4	Sample 16	2	1	7	62740	36.96	1.48
B4	Sample 16	2	1	8	67740	36.96	1.47
B4	Sample 16	2	1	9	72760	36.96	1.48
B4	Sample 16	2	1	10	77740	37	1.47
B4	Sample 16	2	1	11	82740	36.96	1.47
B4	Sample 16	2	1	12	87750	36.96	1.47
B4	Sample 16	2	1	13	92740	37	1.47
B4	Sample 16	2	1	14	97750	37	1.47
B4	Sample 16	2	1	15	102740	36.96	1.47
B5	Sample 17	2	1	1	32720	36.91	1.59
B5	Sample 17	2	1	2	37740	36.96	1.58
B5	Sample 17	2	1	3	42740	36.96	1.57
B5	Sample 17	2	1	4	47740	36.96	1.54
B5	Sample 17	2	1	5	52740	37	1.54
B5	Sample 17	2	1	6	57740	37	1.53
B5	Sample 17	2	1	7	62740	36.96	1.54
B5	Sample 17	2	1	8	67740	36.96	1.54
B5	Sample 17	2	1	9	72760	36.96	1.53
B5	Sample 17	2	1	10	77740	37	1.52
B5	Sample 17	2	1	11	82740	36.96	1.52
B5	Sample 17	2	1	12	87750	36.96	1.52
B5	Sample 17	2	1	13	92740	37	1.52
B5	Sample 17	2	1	14	97750	37	1.53
B5	Sample 17	2	1	15	102740	36.96	1.53
B6	Sample 18	2	1	1	32720	36.91	1.58
B6	Sample 18	2	1	2	37740	36.96	1.57
B6	Sample 18	2	1	3	42740	36.96	1.55
B6	Sample 18	2	1	4	47740	36.96	1.54
B6	Sample 18	2	1	5	52740	37	1.53
B6	Sample 18	2	1	6	57740	37	1.53
B6	Sample 18	2	1	7	62740	36.96	1.52
B6	Sample 18	2	1	8	67740	36.96	1.52
B6	Sample 18	2	1	9	72760	36.96	1.51
B6	Sample 18	2	1	10	77740	37	1.51
B6	Sample 18	2	1	11	82740	36.96	1.52
B6	Sample 18	2	1	12	87750	36.96	1.51
B6	Sample 18	2	1	13	92740	37	1.51
B6	Sample 18	2	1	14	97750	37	1.51
B6	Sample 18	2	1	15	102740	36.96	1.52
B7	Sample 19	2	1	1	32720	36.91	1.57
B7	Sample 19	2	1	2	37740	36.96	1.54
B7	Sample 19	2	1	3	42740	36.96	1.54
B7	Sample 19	2	1	4	47740	36.96	1.52
B7	Sample 19	2	1	5	52740	37	1.52
B7	Sample 19	2	1	6	57740	37	1.51
B7	Sample 19	2	1	7	62740	36.96	1.50
B7	Sample 19	2	1	8	67740	36.96	1.51
B7	Sample 19	2	1	9	72760	36.96	1.51
B7	Sample 19	2	1	10	77740	37	1.50
B7	Sample 19	2	1	11	82740	36.96	1.50
B7	Sample 19	2	1	12	87750	36.96	1.50
B7	Sample 19	2	1	13	92740	37	1.50
B7	Sample 19	2	1	14	97750	37	1.49
B7	Sample 19	2	1	15	102740	36.96	1.50
B8	Sample 20	2	1	1	32720	36.91	1.50
B8	Sample 20	2	1	2	37740	36.96	1.48
B8	Sample 20	2	1	3	42740	36.96	1.47
B8	Sample 20	2	1	4	47740	36.96	1.46
B8	Sample 20	2	1	5	52740	37	1.45
B8	Sample 20	2	1	6	57740	37	1.44
B8	Sample 20	2	1	7	62740	36.96	1.44
B8	Sample 20	2	1	8	67740	36.96	1.44
B8	Sample 20	2	1	9	72760	36.96	1.45
B8	Sample 20	2	1	10	77740	37	1.43
B8	Sample 20	2	1	11	82740	36.96	1.43
B8	Sample 20	2	1	12	87750	36.96	1.43
B8	Sample 20	2	1	13	92740	37	1.43
B8	Sample 20	2	1	14	97750	37	1.43
B8	Sample 20	2	1	15	102740	36.96	1.43
B9	Sample 21	2	1	1	32720	36.91	0.55
B9	Sample 21	2	1	2	37740	36.96	0.55
B9	Sample 21	2	1	3	42740	36.96	0.54
B9	Sample 21	2	1	4	47740	36.96	0.54
B9	Sample 21	2	1	5	52740	37	0.53
B9	Sample 21	2	1	6	57740	37	0.53
B9	Sample 21	2	1	7	62740	36.96	0.53
B9	Sample 21	2	1	8	67740	36.96	0.53
B9	Sample 21	2	1	9	72760	36.96	0.53
B9	Sample 21	2	1	10	77740	37	0.53
B9	Sample 21	2	1	11	82740	36.96	0.53
B9	Sample 21	2	1	12	87750	36.96	0.53
B9	Sample 21	2	1	13	92740	37	0.53
B9	Sample 21	2	1	14	97750	37	0.53
B9	Sample 21	2	1	15	102740	36.96	0.53
B10	Sample 22	2	1	1	32720	36.91	0.56
B10	Sample 22	2	1	2	37740	36.96	0.56
B10	Sample 22	2	1	3	42740	36.96	0.56
B10	Sample 22	2	1	4	47740	36.96	0.55
B10	Sample 22	2	1	5	52740	37	0.55
B10	Sample 22	2	1	6	57740	37	0.55
B10	Sample 22	2	1	7	62740	36.96	0.55
B10	Sample 22	2	1	8	67740	36.96	0.55
B10	Sample 22	2	1	9	72760	36.96	0.55
B10	Sample 22	2	1	10	77740	37	0.54
B10	Sample 22	2	1	11	82740	36.96	0.54
B10	Sample 22	2	1	12	87750	36.96	0.55
B10	Sample 22	2	1	13	92740	37	0.55
B10	Sample 22	2	1	14	97750	37	0.55
B10	Sample 22	2	1	15	102740	36.96	0.55
B11	Sample 23	2	1	1	32720	36.91	0.58
B11	Sample 23	2	1	2	37740	36.96	0.57
B11	Sample 23	2	1	3	42740	36.96	0.57
B11	Sample 23	2	1	4	47740	36.96	0.56
B11	Sample 23	2	1	5	52740	37	0.56
B11	Sample 23	2	1	6	57740	37	0.56
B11	Sample 23	2	1	7	62740	36.96	0.56
B11	Sample 23	2	1	8	67740	36.96	0.56
B11	Sample 23	2	1	9	72760	36.96	0.56
B11	Sample 23	2	1	10	77740	37	0.56
B11	Sample 23	2	1	11	82740	36.96	0.56
B11	Sample 23	2	1	12	87750	36.96	0.55
B11	Sample 23	2	1	13	92740	37	0.55
B11	Sample 23	2	1	14	97750	37	0.56
B11	Sample 23	2	1	15	102740	36.96	0.56
B12	Sample 24	2	1	1	32720	36.91	0.51
B12	Sample 24	2	1	2	37740	36.96	0.51
B12	Sample 24	2	1	3	42740	36.96	0.51
B12	Sample 24	2	1	4	47740	36.96	0.50
B12	Sample 24	2	1	5	52740	37	0.50
B12	Sample 24	2	1	6	57740	37	0.50
B12	Sample 24	2	1	7	62740	36.96	0.51
B12	Sample 24	2	1	8	67740	36.96	0.50
B12	Sample 24	2	1	9	72760	36.96	0.50
B12	Sample 24	2	1	10	77740	37	0.49
B12	Sample 24	2	1	11	82740	36.96	0.50
B12	Sample 24	2	1	12	87750	36.96	0.50
B12	Sample 24	2	1	13	92740	37	0.49
B12	Sample 24	2	1	14	97750	37	0.50
B12	Sample 24	2	1	15	102740	36.96	0.50
C1	Sample 25	2	1	1	32720	36.91	1.42
C1	Sample 25	2	1	2	37740	36.96	1.41
C1	Sample 25	2	1	3	42740	36.96	1.40
C1	Sample 25	2	1	4	47740	36.96	1.38
C1	Sample 25	2	1	5	52740	37	1.38
C1	Sample 25	2	1	6	57740	37	1.38
C1	Sample 25	2	1	7	62740	36.96	1.38
C1	Sample 25	2	1	8	67740	36.96	1.38
C1	Sample 25	2	1	9	72760	36.96	1.37
C1	Sample 25	2	1	10	77740	37	1.37
C1	Sample 25	2	1	11	82740	36.96	1.37
C1	Sample 25	2	1	12	87750	36.96	1.37
C1	Sample 25	2	1	13	92740	37	1.36
C1	Sample 25	2	1	14	97750	37	1.36
C1	Sample 25	2	1	15	102740	36.96	1.37
C2	Sample 26	2	1	1	32720	36.91	1.42
C2	Sample 26	2	1	2	37740	36.96	1.41
C2	Sample 26	2	1	3	42740	36.96	1.40
C2	Sample 26	2	1	4	47740	36.96	1.39
C2	Sample 26	2	1	5	52740	37	1.39
C2	Sample 26	2	1	6	57740	37	1.38
C2	Sample 26	2	1	7	62740	36.96	1.38
C2	Sample 26	2	1	8	67740	36.96	1.38
C2	Sample 26	2	1	9	72760	36.96	1.38
C2	Sample 26	2	1	10	77740	37	1.37
C2	Sample 26	2	1	11	82740	36.96	1.38
C2	Sample 26	2	1	12	87750	36.96	1.37
C2	Sample 26	2	1	13	92740	37	1.37
C2	Sample 26	2	1	14	97750	37	1.38
C2	Sample 26	2	1	15	102740	36.96	1.37
C3	Sample 27	2	1	1	32720	36.91	1.54
C3	Sample 27	2	1	2	37740	36.96	1.52
C3	Sample 27	2	1	3	42740	36.96	1.52
C3	Sample 27	2	1	4	47740	36.96	1.50
C3	Sample 27	2	1	5	52740	37	1.50
C3	Sample 27	2	1	6	57740	37	1.49
C3	Sample 27	2	1	7	62740	36.96	1.49
C3	Sample 27	2	1	8	67740	36.96	1.50
C3	Sample 27	2	1	9	72760	36.96	1.50
C3	Sample 27	2	1	10	77740	37	1.49
C3	Sample 27	2	1	11	82740	36.96	1.49
C3	Sample 27	2	1	12	87750	36.96	1.50
C3	Sample 27	2	1	13	92740	37	1.50
C3	Sample 27	2	1	14	97750	37	1.49
C3	Sample 27	2	1	15	102740	36.96	1.49
C4	Sample 28	2	1	1	32720	36.91	1.55
C4	Sample 28	2	1	2	37740	36.96	1.53
C4	Sample 28	2	1	3	42740	36.96	1.52
C4	Sample 28	2	1	4	47740	36.96	1.51
C4	Sample 28	2	1	5	52740	37	1.50
C4	Sample 28	2	1	6	57740	37	1.50
C4	Sample 28	2	1	7	62740	36.96	1.49
C4	Sample 28	2	1	8	67740	36.96	1.49
C4	Sample 28	2	1	9	72760	36.96	1.47
C4	Sample 28	2	1	10	77740	37	1.48
C4	Sample 28	2	1	11	82740	36.96	1.48
C4	Sample 28	2	1	12	87750	36.96	1.49
C4	Sample 28	2	1	13	92740	37	1.48
C4	Sample 28	2	1	14	97750	37	1.48
C4	Sample 28	2	1	15	102740	36.96	1.48
C5	Sample 29	2	1	1	32720	36.91	1.58
C5	Sample 29	2	1	2	37740	36.96	1.56
C5	Sample 29	2	1	3	42740	36.96	1.55
C5	Sample 29	2	1	4	47740	36.96	1.54
C5	Sample 29	2	1	5	52740	37	1.53
C5	Sample 29	2	1	6	57740	37	1.52
C5	Sample 29	2	1	7	62740	36.96	1.52
C5	Sample 29	2	1	8	67740	36.96	1.52
C5	Sample 29	2	1	9	72760	36.96	1.52
C5	Sample 29	2	1	10	77740	37	1.52
C5	Sample 29	2	1	11	82740	36.96	1.51
C5	Sample 29	2	1	12	87750	36.96	1.51
C5	Sample 29	2	1	13	92740	37	1.51
C5	Sample 29	2	1	14	97750	37	1.51
C5	Sample 29	2	1	15	102740	36.96	1.50
C6	Sample 30	2	1	1	32720	36.91	1.64
C6	Sample 30	2	1	2	37740	36.96	1.62
C6	Sample 30	2	1	3	42740	36.96	1.60
C6	Sample 30	2	1	4	47740	36.96	1.59
C6	Sample 30	2	1	5	52740	37	1.58
C6	Sample 30	2	1	6	57740	37	1.57
C6	Sample 30	2	1	7	62740	36.96	1.56
C6	Sample 30	2	1	8	67740	36.96	1.57
C6	Sample 30	2	1	9	72760	36.96	1.56
C6	Sample 30	2	1	10	77740	37	1.56
C6	Sample 30	2	1	11	82740	36.96	1.56
C6	Sample 30	2	1	12	87750	36.96	1.56
C6	Sample 30	2	1	13	92740	37	1.55
C6	Sample 30	2	1	14	97750	37	1.56
C6	Sample 30	2	1	15	102740	36.96	1.55
C7	Sample 31	2	1	1	32720	36.91	1.67
C7	Sample 31	2	1	2	37740	36.96	1.64
C7	Sample 31	2	1	3	42740	36.96	1.63
C7	Sample 31	2	1	4	47740	36.96	1.62
C7	Sample 31	2	1	5	52740	37	1.61
C7	Sample 31	2	1	6	57740	37	1.61
C7	Sample 31	2	1	7	62740	36.96	1.61
C7	Sample 31	2	1	8	67740	36.96	1.60
C7	Sample 31	2	1	9	72760	36.96	1.60
C7	Sample 31	2	1	10	77740	37	1.60
C7	Sample 31	2	1	11	82740	36.96	1.60
C7	Sample 31	2	1	12	87750	36.96	1.60
C7	Sample 31	2	1	13	92740	37	1.60
C7	Sample 31	2	1	14	97750	37	1.59
C7	Sample 31	2	1	15	102740	36.96	1.60
C8	Sample 32	2	1	1	32720	36.91	1.57
C8	Sample 32	2	1	2	37740	36.96	1.56
C8	Sample 32	2	1	3	42740	36.96	1.55
C8	Sample 32	2	1	4	47740	36.96	1.53
C8	Sample 32	2	1	5	52740	37	1.53
C8	Sample 32	2	1	6	57740	37	1.51
C8	Sample 32	2	1	7	62740	36.96	1.52
C8	Sample 32	2	1	8	67740	36.96	1.52
C8	Sample 32	2	1	9	72760	36.96	1.50
C8	Sample 32	2	1	10	77740	37	1.51
C8	Sample 32	2	1	11	82740	36.96	1.51
C8	Sample 32	2	1	12	87750	36.96	1.51
C8	Sample 32	2	1	13	92740	37	1.51
C8	Sample 32	2	1	14	97750	37	1.51
C8	Sample 32	2	1	15	102740	36.96	1.51
C9	Sample 33	2	1	1	32720	36.91	0.54
C9	Sample 33	2	1	2	37740	36.96	0.54
C9	Sample 33	2	1	3	42740	36.96	0.54
C9	Sample 33	2	1	4	47740	36.96	0.53
C9	Sample 33	2	1	5	52740	37	0.53
C9	Sample 33	2	1	6	57740	37	0.53
C9	Sample 33	2	1	7	62740	36.96	0.53
C9	Sample 33	2	1	8	67740	36.96	0.53
C9	Sample 33	2	1	9	72760	36.96	0.53
C9	Sample 33	2	1	10	77740	37	0.53
C9	Sample 33	2	1	11	82740	36.96	0.53
C9	Sample 33	2	1	12	87750	36.96	0.53
C9	Sample 33	2	1	13	92740	37	0.53
C9	Sample 33	2	1	14	97750	37	0.53
C9	Sample 33	2	1	15	102740	36.96	0.53
C10	Sample 34	2	1	1	32720	36.91	0.55
C10	Sample 34	2	1	2	37740	36.96	0.54
C10	Sample 34	2	1	3	42740	36.96	0.54
C10	Sample 34	2	1	4	47740	36.96	0.54
C10	Sample 34	2	1	5	52740	37	0.54
C10	Sample 34	2	1	6	57740	37	0.53
C10	Sample 34	2	1	7	62740	36.96	0.54
C10	Sample 34	2	1	8	67740	36.96	0.53
C10	Sample 34	2	1	9	72760	36.96	0.53
C10	Sample 34	2	1	10	77740	37	0.53
C10	Sample 34	2	1	11	82740	36.96	0.53
C10	Sample 34	2	1	12	87750	36.96	0.53
C10	Sample 34	2	1	13	92740	37	0.53
C10	Sample 34	2	1	14	97750	37	0.53
C10	Sample 34	2	1	15	102740	36.96	0.53
C11	Sample 35	2	1	1	32720	36.91	0.56
C11	Sample 35	2	1	2	37740	36.96	0.56
C11	Sample 35	2	1	3	42740	36.96	0.56
C11	Sample 35	2	1	4	47740	36.96	0.55
C11	Sample 35	2	1	5	52740	37	0.55
C11	Sample 35	2	1	6	57740	37	0.55
C11	Sample 35	2	1	7	62740	36.96	0.55
C11	Sample 35	2	1	8	67740	36.96	0.55
C11	Sample 35	2	1	9	72760	36.96	0.55
C11	Sample 35	2	1	10	77740	37	0.54
C11	Sample 35	2	1	11	82740	36.96	0.54
C11	Sample 35	2	1	12	87750	36.96	0.55
C11	Sample 35	2	1	13	92740	37	0.54
C11	Sample 35	2	1	14	97750	37	0.55
C11	Sample 35	2	1	15	102740	36.96	0.54
C12	Sample 36	2	1	1	32720	36.91	0.58
C12	Sample 36	2	1	2	37740	36.96	0.57
C12	Sample 36	2	1	3	42740	36.96	0.57
C12	Sample 36	2	1	4	47740	36.96	0.56
C12	Sample 36	2	1	5	52740	37	0.56
C12	Sample 36	2	1	6	57740	37	0.55
C12	Sample 36	2	1	7	62740	36.96	0.56
C12	Sample 36	2	1	8	67740	36.96	0.56
C12	Sample 36	2	1	9	72760	36.96	0.55
C12	Sample 36	2	1	10	77740	37	0.55
C12	Sample 36	2	1	11	82740	36.96	0.55
C12	Sample 36	2	1	12	87750	36.96	0.56
C12	Sample 36	2	1	13	92740	37	0.56
C12	Sample 36	2	1	14	97750	37	0.55
C12	Sample 36	2	1	15	102740	36.96	0.55
D1	Sample 37	2	1	1	32720	36.91	1.46
D1	Sample 37	2	1	2	37740	36.96	1.44
D1	Sample 37	2	1	3	42740	36.96	1.44
D1	Sample 37	2	1	4	47740	36.96	1.43
D1	Sample 37	2	1	5	52740	37	1.43
D1	Sample 37	2	1	6	57740	37	1.42
D1	Sample 37	2	1	7	62740	36.96	1.42
D1	Sample 37	2	1	8	67740	36.96	1.42
D1	Sample 37	2	1	9	72760	36.96	1.42
D1	Sample 37	2	1	10	77740	37	1.41
D1	Sample 37	2	1	11	82740	36.96	1.41
D1	Sample 37	2	1	12	87750	36.96	1.41
D1	Sample 37	2	1	13	92740	37	1.40
D1	Sample 37	2	1	14	97750	37	1.41
D1	Sample 37	2	1	15	102740	36.96	1.40
D2	Sample 38	2	1	1	32720	36.91	1.43
D2	Sample 38	2	1	2	37740	36.96	1.42
D2	Sample 38	2	1	3	42740	36.96	1.41
D2	Sample 38	2	1	4	47740	36.96	1.40
D2	Sample 38	2	1	5	52740	37	1.39
D2	Sample 38	2	1	6	57740	37	1.39
D2	Sample 38	2	1	7	62740	36.96	1.39
D2	Sample 38	2	1	8	67740	36.96	1.39
D2	Sample 38	2	1	9	72760	36.96	1.39
D2	Sample 38	2	1	10	77740	37	1.38
D2	Sample 38	2	1	11	82740	36.96	1.38
D2	Sample 38	2	1	12	87750	36.96	1.39
D2	Sample 38	2	1	13	92740	37	1.38
D2	Sample 38	2	1	14	97750	37	1.39
D2	Sample 38	2	1	15	102740	36.96	1.38
D3	Sample 39	2	1	1	32720	36.91	1.55
D3	Sample 39	2	1	2	37740	36.96	1.54
D3	Sample 39	2	1	3	42740	36.96	1.53
D3	Sample 39	2	1	4	47740	36.96	1.51
D3	Sample 39	2	1	5	52740	37	1.51
D3	Sample 39	2	1	6	57740	37	1.51
D3	Sample 39	2	1	7	62740	36.96	1.50
D3	Sample 39	2	1	8	67740	36.96	1.50
D3	Sample 39	2	1	9	72760	36.96	1.50
D3	Sample 39	2	1	10	77740	37	1.50
D3	Sample 39	2	1	11	82740	36.96	1.50
D3	Sample 39	2	1	12	87750	36.96	1.50
D3	Sample 39	2	1	13	92740	37	1.49
D3	Sample 39	2	1	14	97750	37	1.50
D3	Sample 39	2	1	15	102740	36.96	1.50
D4	Sample 40	2	1	1	32720	36.91	1.57
D4	Sample 40	2	1	2	37740	36.96	1.56
D4	Sample 40	2	1	3	42740	36.96	1.55
D4	Sample 40	2	1	4	47740	36.96	1.53
D4	Sample 40	2	1	5	52740	37	1.52
D4	Sample 40	2	1	6	57740	37	1.51
D4	Sample 40	2	1	7	62740	36.96	1.52
D4	Sample 40	2	1	8	67740	36.96	1.50
D4	Sample 40	2	1	9	72760	36.96	1.51
D4	Sample 40	2	1	10	77740	37	1.50
D4	Sample 40	2	1	11	82740	36.96	1.51
D4	Sample 40	2	1	12	87750	36.96	1.51
D4	Sample 40	2	1	13	92740	37	1.51
D4	Sample 40	2	1	14	97750	37	1.51
D4	Sample 40	2	1	15	102740	36.96	1.50
D5	Sample 41	2	1	1	32720	36.91	1.54
D5	Sample 41	2	1	2	37740	36.96	1.52
D5	Sample 41	2	1	3	42740	36.96	1.51
D5	Sample 41	2	1	4	47740	36.96	1.49
D5	Sample 41	2	1	5	52740	37	1.49
D5	Sample 41	2	1	6	57740	37	1.49
D5	Sample 41	2	1	7	62740	36.96	1.48
D5	Sample 41	2	1	8	67740	36.96	1.47
D5	Sample 41	2	1	9	72760	36.96	1.48
D5	Sample 41	2	1	10	77740	37	1.47
D5	Sample 41	2	1	11	82740	36.96	1.47
D5	Sample 41	2	1	12	87750	36.96	1.48
D5	Sample 41	2	1	13	92740	37	1.47
D5	Sample 41	2	1	14	97750	37	1.47
D5	Sample 41	2	1	15	102740	36.96	1.48
D6	Sample 42	2	1	1	32720	36.91	1.55
D6	Sample 42	2	1	2	37740	36.96	1.54
D6	Sample 42	2	1	3	42740	36.96	1.52
D6	Sample 42	2	1	4	47740	36.96	1.51
D6	Sample 42	2	1	5	52740	37	1.50
D6	Sample 42	2	1	6	57740	37	1.49
D6	Sample 42	2	1	7	62740	36.96	1.49
D6	Sample 42	2	1	8	67740	36.96	1.48
D6	Sample 42	2	1	9	72760	36.96	1.48
D6	Sample 42	2	1	10	77740	37	1.48
D6	Sample 42	2	1	11	82740	36.96	1.48
D6	Sample 42	2	1	12	87750	36.96	1.49
D6	Sample 42	2	1	13	92740	37	1.48
D6	Sample 42	2	1	14	97750	37	1.49
D6	Sample 42	2	1	15	102740	36.96	1.49
D7	Sample 43	2	1	1	32720	36.91	1.66
D7	Sample 43	2	1	2	37740	36.96	1.64
D7	Sample 43	2	1	3	42740	36.96	1.63
D7	Sample 43	2	1	4	47740	36.96	1.61
D7	Sample 43	2	1	5	52740	37	1.60
D7	Sample 43	2	1	6	57740	37	1.60
D7	Sample 43	2	1	7	62740	36.96	1.59
D7	Sample 43	2	1	8	67740	36.96	1.59
D7	Sample 43	2	1	9	72760	36.96	1.59
D7	Sample 43	2	1	10	77740	37	1.59
D7	Sample 43	2	1	11	82740	36.96	1.59
D7	Sample 43	2	1	12	87750	36.96	1.59
D7	Sample 43	2	1	13	92740	37	1.58
D7	Sample 43	2	1	14	97750	37	1.59
D7	Sample 43	2	1	15	102740	36.96	1.58
D8	Sample 44	2	1	1	32720	36.91	1.57
D8	Sample 44	2	1	2	37740	36.96	1.56
D8	Sample 44	2	1	3	42740	36.96	1.55
D8	Sample 44	2	1	4	47740	36.96	1.54
D8	Sample 44	2	1	5	52740	37	1.53
D8	Sample 44	2	1	6	57740	37	1.52
D8	Sample 44	2	1	7	62740	36.96	1.52
D8	Sample 44	2	1	8	67740	36.96	1.51
D8	Sample 44	2	1	9	72760	36.96	1.52
D8	Sample 44	2	1	10	77740	37	1.51
D8	Sample 44	2	1	11	82740	36.96	1.51
D8	Sample 44	2	1	12	87750	36.96	1.51
D8	Sample 44	2	1	13	92740	37	1.51
D8	Sample 44	2	1	14	97750	37	1.51
D8	Sample 44	2	1	15	102740	36.96	1.50
D9	Sample 45	2	1	1	32720	36.91	0.56
D9	Sample 45	2	1	2	37740	36.96	0.55
D9	Sample 45	2	1	3	42740	36.96	0.55
D9	Sample 45	2	1	4	47740	36.96	0.54
D9	Sample 45	2	1	5	52740	37	0.53
D9	Sample 45	2	1	6	57740	37	0.54
D9	Sample 45	2	1	7	62740	36.96	0.54
D9	Sample 45	2	1	8	67740	36.96	0.53
D9	Sample 45	2	1	9	72760	36.96	0.53
D9	Sample 45	2	1	10	77740	37	0.53
D9	Sample 45	2	1	11	82740	36.96	0.53
D9	Sample 45	2	1	12	87750	36.96	0.54
D9	Sample 45	2	1	13	92740	37	0.53
D9	Sample 45	2	1	14	97750	37	0.54
D9	Sample 45	2	1	15	102740	36.96	0.54
D10	Sample 46	2	1	1	32720	36.91	0.56
D10	Sample 46	2	1	2	37740	36.96	0.56
D10	Sample 46	2	1	3	42740	36.96	0.55
D10	Sample 46	2	1	4	47740	36.96	0.54
D10	Sample 46	2	1	5	52740	37	0.54
D10	Sample 46	2	1	6	57740	37	0.54
D10	Sample 46	2	1	7	62740	36.96	0.54
D10	Sample 46	2	1	8	67740	36.96	0.54
D10	Sample 46	2	1	9	72760	36.96	0.54
D10	Sample 46	2	1	10	77740	37	0.53
D10	Sample 46	2	1	11	82740	36.96	0.53
D10	Sample 46	2	1	12	87750	36.96	0.53
D10	Sample 46	2	1	13	92740	37	0.53
D10	Sample 46	2	1	14	97750	37	0.54
D10	Sample 46	2	1	15	102740	36.96	0.53
D11	Sample 47	2	1	1	32720	36.91	0.63
D11	Sample 47	2	1	2	37740	36.96	0.63
D11	Sample 47	2	1	3	42740	36.96	0.62
D11	Sample 47	2	1	4	47740	36.96	0.61
D11	Sample 47	2	1	5	52740	37	0.61
D11	Sample 47	2	1	6	57740	37	0.61
D11	Sample 47	2	1	7	62740	36.96	0.61
D11	Sample 47	2	1	8	67740	36.96	0.60
D11	Sample 47	2	1	9	72760	36.96	0.61
D11	Sample 47	2	1	10	77740	37	0.60
D11	Sample 47	2	1	11	82740	36.96	0.61
D11	Sample 47	2	1	12	87750	36.96	0.61
D11	Sample 47	2	1	13	92740	37	0.60
D11	Sample 47	2	1	14	97750	37	0.60
D11	Sample 47	2	1	15	102740	36.96	0.60
D12	Sample 48	2	1	1	32720	36.91	0.63
D12	Sample 48	2	1	2	37740	36.96	0.63
D12	Sample 48	2	1	3	42740	36.96	0.62
D12	Sample 48	2	1	4	47740	36.96	0.62
D12	Sample 48	2	1	5	52740	37	0.61
D12	Sample 48	2	1	6	57740	37	0.61
D12	Sample 48	2	1	7	62740	36.96	0.61
D12	Sample 48	2	1	8	67740	36.96	0.61
D12	Sample 48	2	1	9	72760	36.96	0.61
D12	Sample 48	2	1	10	77740	37	0.61
D12	Sample 48	2	1	11	82740	36.96	0.60
D12	Sample 48	2	1	12	87750	36.96	0.60
D12	Sample 48	2	1	13	92740	37	0.60
D12	Sample 48	2	1	14	97750	37	0.60
D12	Sample 48	2	1	15	102740	36.96	0.60
E1	Sample 49	2	1	1	32720	36.91	1.52
E1	Sample 49	2	1	2	37740	36.96	1.50
E1	Sample 49	2	1	3	42740	36.96	1.50
E1	Sample 49	2	1	4	47740	36.96	1.48
E1	Sample 49	2	1	5	52740	37	1.48
E1	Sample 49	2	1	6	57740	37	1.48
E1	Sample 49	2	1	7	62740	36.96	1.48
E1	Sample 49	2	1	8	67740	36.96	1.48
E1	Sample 49	2	1	9	72760	36.96	1.47
E1	Sample 49	2	1	10	77740	37	1.47
E1	Sample 49	2	1	11	82740	36.96	1.46
E1	Sample 49	2	1	12	87750	36.96	1.47
E1	Sample 49	2	1	13	92740	37	1.47
E1	Sample 49	2	1	14	97750	37	1.47
E1	Sample 49	2	1	15	102740	36.96	1.46
E2	Sample 50	2	1	1	32720	36.91	1.51
E2	Sample 50	2	1	2	37740	36.96	1.49
E2	Sample 50	2	1	3	42740	36.96	1.49
E2	Sample 50	2	1	4	47740	36.96	1.48
E2	Sample 50	2	1	5	52740	37	1.48
E2	Sample 50	2	1	6	57740	37	1.47
E2	Sample 50	2	1	7	62740	36.96	1.47
E2	Sample 50	2	1	8	67740	36.96	1.46
E2	Sample 50	2	1	9	72760	36.96	1.45
E2	Sample 50	2	1	10	77740	37	1.46
E2	Sample 50	2	1	11	82740	36.96	1.45
E2	Sample 50	2	1	12	87750	36.96	1.46
E2	Sample 50	2	1	13	92740	37	1.47
E2	Sample 50	2	1	14	97750	37	1.46
E2	Sample 50	2	1	15	102740	36.96	1.46
E3	Sample 51	2	1	1	32720	36.91	1.96
E3	Sample 51	2	1	2	37740	36.96	1.96
E3	Sample 51	2	1	3	42740	36.96	1.95
E3	Sample 51	2	1	4	47740	36.96	1.94
E3	Sample 51	2	1	5	52740	37	1.92
E3	Sample 51	2	1	6	57740	37	1.91
E3	Sample 51	2	1	7	62740	36.96	1.91
E3	Sample 51	2	1	8	67740	36.96	1.91
E3	Sample 51	2	1	9	72760	36.96	1.91
E3	Sample 51	2	1	10	77740	37	1.91
E3	Sample 51	2	1	11	82740	36.96	1.91
E3	Sample 51	2	1	12	87750	36.96	1.90
E3	Sample 51	2	1	13	92740	37	1.90
E3	Sample 51	2	1	14	97750	37	1.91
E3	Sample 51	2	1	15	102740	36.96	1.90
E4	Sample 52	2	1	1	32720	36.91	2.08
E4	Sample 52	2	1	2	37740	36.96	2.06
E4	Sample 52	2	1	3	42740	36.96	2.05
E4	Sample 52	2	1	4	47740	36.96	2.04
E4	Sample 52	2	1	5	52740	37	2.02
E4	Sample 52	2	1	6	57740	37	2.02
E4	Sample 52	2	1	7	62740	36.96	2.02
E4	Sample 52	2	1	8	67740	36.96	2.01
E4	Sample 52	2	1	9	72760	36.96	2.00
E4	Sample 52	2	1	10	77740	37	2.01
E4	Sample 52	2	1	11	82740	36.96	2.00
E4	Sample 52	2	1	12	87750	36.96	2.00
E4	Sample 52	2	1	13	92740	37	2.01
E4	Sample 52	2	1	14	97750	37	2.01
E4	Sample 52	2	1	15	102740	36.96	2.01
E5	Sample 53	2	1	1	32720	36.91	1.68
E5	Sample 53	2	1	2	37740	36.96	1.66
E5	Sample 53	2	1	3	42740	36.96	1.66
E5	Sample 53	2	1	4	47740	36.96	1.64
E5	Sample 53	2	1	5	52740	37	1.63
E5	Sample 53	2	1	6	57740	37	1.62
E5	Sample 53	2	1	7	62740	36.96	1.62
E5	Sample 53	2	1	8	67740	36.96	1.62
E5	Sample 53	2	1	9	72760	36.96	1.62
E5	Sample 53	2	1	10	77740	37	1.61
E5	Sample 53	2	1	11	82740	36.96	1.61
E5	Sample 53	2	1	12	87750	36.96	1.62
E5	Sample 53	2	1	13	92740	37	1.62
E5	Sample 53	2	1	14	97750	37	1.61
E5	Sample 53	2	1	15	102740	36.96	1.62
E6	Sample 54	2	1	1	32720	36.91	1.67
E6	Sample 54	2	1	2	37740	36.96	1.65
E6	Sample 54	2	1	3	42740	36.96	1.64
E6	Sample 54	2	1	4	47740	36.96	1.62
E6	Sample 54	2	1	5	52740	37	1.61
E6	Sample 54	2	1	6	57740	37	1.60
E6	Sample 54	2	1	7	62740	36.96	1.60
E6	Sample 54	2	1	8	67740	36.96	1.60
E6	Sample 54	2	1	9	72760	36.96	1.59
E6	Sample 54	2	1	10	77740	37	1.60
E6	Sample 54	2	1	11	82740	36.96	1.59
E6	Sample 54	2	1	12	87750	36.96	1.59
E6	Sample 54	2	1	13	92740	37	1.59
E6	Sample 54	2	1	14	97750	37	1.60
E6	Sample 54	2	1	15	102740	36.96	1.59
E7	Sample 55	2	1	1	32720	36.91	1.63
E7	Sample 55	2	1	2	37740	36.96	1.61
E7	Sample 55	2	1	3	42740	36.96	1.60
E7	Sample 55	2	1	4	47740	36.96	1.59
E7	Sample 55	2	1	5	52740	37	1.58
E7	Sample 55	2	1	6	57740	37	1.56
E7	Sample 55	2	1	7	62740	36.96	1.57
E7	Sample 55	2	1	8	67740	36.96	1.57
E7	Sample 55	2	1	9	72760	36.96	1.57
E7	Sample 55	2	1	10	77740	37	1.56
E7	Sample 55	2	1	11	82740	36.96	1.57
E7	Sample 55	2	1	12	87750	36.96	1.56
E7	Sample 55	2	1	13	92740	37	1.57
E7	Sample 55	2	1	14	97750	37	1.57
E7	Sample 55	2	1	15	102740	36.96	1.56
E8	Sample 56	2	1	1	32720	36.91	1.52
E8	Sample 56	2	1	2	37740	36.96	1.49
E8	Sample 56	2	1	3	42740	36.96	1.49
E8	Sample 56	2	1	4	47740	36.96	1.47
E8	Sample 56	2	1	5	52740	37	1.46
E8	Sample 56	2	1	6	57740	37	1.46
E8	Sample 56	2	1	7	62740	36.96	1.46
E8	Sample 56	2	1	8	67740	36.96	1.46
E8	Sample 56	2	1	9	72760	36.96	1.45
E8	Sample 56	2	1	10	77740	37	1.45
E8	Sample 56	2	1	11	82740	36.96	1.45
E8	Sample 56	2	1	12	87750	36.96	1.45
E8	Sample 56	2	1	13	92740	37	1.45
E8	Sample 56	2	1	14	97750	37	1.46
E8	Sample 56	2	1	15	102740	36.96	1.45
E9	Sample 57	2	1	1	32720	36.91	0.55
E9	Sample 57	2	1	2	37740	36.96	0.55
E9	Sample 57	2	1	3	42740	36.96	0.55
E9	Sample 57	2	1	4	47740	36.96	0.54
E9	Sample 57	2	1	5	52740	37	0.54
E9	Sample 57	2	1	6	57740	37	0.53
E9	Sample 57	2	1	7	62740	36.96	0.54
E9	Sample 57	2	1	8	67740	36.96	0.54
E9	Sample 57	2	1	9	72760	36.96	0.53
E9	Sample 57	2	1	10	77740	37	0.54
E9	Sample 57	2	1	11	82740	36.96	0.53
E9	Sample 57	2	1	12	87750	36.96	0.54
E9	Sample 57	2	1	13	92740	37	0.54
E9	Sample 57	2	1	14	97750	37	0.54
E9	Sample 57	2	1	15	102740	36.96	0.54
E10	Sample 58	2	1	1	32720	36.91	0.57
E10	Sample 58	2	1	2	37740	36.96	0.57
E10	Sample 58	2	1	3	42740	36.96	0.57
E10	Sample 58	2	1	4	47740	36.96	0.56
E10	Sample 58	2	1	5	52740	37	0.56
E10	Sample 58	2	1	6	57740	37	0.56
E10	Sample 58	2	1	7	62740	36.96	0.56
E10	Sample 58	2	1	8	67740	36.96	0.56
E10	Sample 58	2	1	9	72760	36.96	0.56
E10	Sample 58	2	1	10	77740	37	0.56
E10	Sample 58	2	1	11	82740	36.96	0.56
E10	Sample 58	2	1	12	87750	36.96	0.56
E10	Sample 58	2	1	13	92740	37	0.56
E10	Sample 58	2	1	14	97750	37	0.56
E10	Sample 58	2	1	15	102740	36.96	0.56
E11	Sample 59	2	1	1	32720	36.91	0.75
E11	Sample 59	2	1	2	37740	36.96	0.75
E11	Sample 59	2	1	3	42740	36.96	0.75
E11	Sample 59	2	1	4	47740	36.96	0.75
E11	Sample 59	2	1	5	52740	37	0.75
E11	Sample 59	2	1	6	57740	37	0.75
E11	Sample 59	2	1	7	62740	36.96	0.75
E11	Sample 59	2	1	8	67740	36.96	0.75
E11	Sample 59	2	1	9	72760	36.96	0.75
E11	Sample 59	2	1	10	77740	37	0.75
E11	Sample 59	2	1	11	82740	36.96	0.75
E11	Sample 59	2	1	12	87750	36.96	0.75
E11	Sample 59	2	1	13	92740	37	0.75
E11	Sample 59	2	1	14	97750	37	0.76
E11	Sample 59	2	1	15	102740	36.96	0.76
E12	Sample 60	2	1	1	32720	36.91	0.74
E12	Sample 60	2	1	2	37740	36.96	0.74
E12	Sample 60	2	1	3	42740	36.96	0.73
E12	Sample 60	2	1	4	47740	36.96	0.74
E12	Sample 60	2	1	5	52740	37	0.74
E12	Sample 60	2	1	6	57740	37	0.74
E12	Sample 60	2	1	7	62740	36.96	0.74
E12	Sample 60	2	1	8	67740	36.96	0.73
E12	Sample 60	2	1	9	72760	36.96	0.74
E12	Sample 60	2	1	10	77740	37	0.74
E12	Sample 60	2	1	11	82740	36.96	0.73
E12	Sample 60	2	1	12	87750	36.96	0.73
E12	Sample 60	2	1	13	92740	37	0.73
E12	Sample 60	2	1	14	97750	37	0.73
E12	Sample 60	2	1	15	102740	36.96	0.74
F1	Sample 61	2	1	1	32720	36.91	1.88
F1	Sample 61	2	1	2	37740	36.96	1.86
F1	Sample 61	2	1	3	42740	36.96	1.86
F1	Sample 61	2	1	4	47740	36.96	1.85
F1	Sample 61	2	1	5	52740	37	1.83
F1	Sample 61	2	1	6	57740	37	1.82
F1	Sample 61	2	1	7	62740	36.96	1.83
F1	Sample 61	2	1	8	67740	36.96	1.83
F1	Sample 61	2	1	9	72760	36.96	1.83
F1	Sample 61	2	1	10	77740	37	1.82
F1	Sample 61	2	1	11	82740	36.96	1.83
F1	Sample 61	2	1	12	87750	36.96	1.83
F1	Sample 61	2	1	13	92740	37	1.82
F1	Sample 61	2	1	14	97750	37	1.81
F1	Sample 61	2	1	15	102740	36.96	1.81
F2	Sample 62	2	1	1	32720	36.91	1.93
F2	Sample 62	2	1	2	37740	36.96	1.91
F2	Sample 62	2	1	3	42740	36.96	1.91
F2	Sample 62	2	1	4	47740	36.96	1.88
F2	Sample 62	2	1	5	52740	37	1.88
F2	Sample 62	2	1	6	57740	37	1.87
F2	Sample 62	2	1	7	62740	36.96	1.87
F2	Sample 62	2	1	8	67740	36.96	1.85
F2	Sample 62	2	1	9	72760	36.96	1.85
F2	Sample 62	2	1	10	77740	37	1.85
F2	Sample 62	2	1	11	82740	36.96	1.85
F2	Sample 62	2	1	12	87750	36.96	1.86
F2	Sample 62	2	1	13	92740	37	1.85
F2	Sample 62	2	1	14	97750	37	1.86
F2	Sample 62	2	1	15	102740	36.96	1.86
F3	Sample 63	2	1	1	32720	36.91	2.23
F3	Sample 63	2	1	2	37740	36.96	2.21
F3	Sample 63	2	1	3	42740	36.96	2.19
F3	Sample 63	2	1	4	47740	36.96	2.18
F3	Sample 63	2	1	5	52740	37	2.16
F3	Sample 63	2	1	6	57740	37	2.15
F3	Sample 63	2	1	7	62740	36.96	2.16
F3	Sample 63	2	1	8	67740	36.96	2.15
F3	Sample 63	2	1	9	72760	36.96	2.15
F3	Sample 63	2	1	10	77740	37	2.15
F3	Sample 63	2	1	11	82740	36.96	2.16
F3	Sample 63	2	1	12	87750	36.96	2.15
F3	Sample 63	2	1	13	92740	37	2.15
F3	Sample 63	2	1	14	97750	37	2.15
F3	Sample 63	2	1	15	102740	36.96	2.14
F4	Sample 64	2	1	1	32720	36.91	2.26
F4	Sample 64	2	1	2	37740	36.96	2.23
F4	Sample 64	2	1	3	42740	36.96	2.21
F4	Sample 64	2	1	4	47740	36.96	2.20
F4	Sample 64	2	1	5	52740	37	2.19
F4	Sample 64	2	1	6	57740	37	2.18
F4	Sample 64	2	1	7	62740	36.96	2.18
F4	Sample 64	2	1	8	67740	36.96	2.17
F4	Sample 64	2	1	9	72760	36.96	2.17
F4	Sample 64	2	1	10	77740	37	2.17
F4	Sample 64	2	1	11	82740	36.96	2.17
F4	Sample 64	2	1	12	87750	36.96	2.16
F4	Sample 64	2	1	13	92740	37	2.17
F4	Sample 64	2	1	14	97750	37	2.16
F4	Sample 64	2	1	15	102740	36.96	2.17
F5	Sample 65	2	1	1	32720	36.91	1.60
F5	Sample 65	2	1	2	37740	36.96	1.57
F5	Sample 65	2	1	3	42740	36.96	1.56
F5	Sample 65	2	1	4	47740	36.96	1.55
F5	Sample 65	2	1	5	52740	37	1.54
F5	Sample 65	2	1	6	57740	37	1.54
F5	Sample 65	2	1	7	62740	36.96	1.54
F5	Sample 65	2	1	8	67740	36.96	1.53
F5	Sample 65	2	1	9	72760	36.96	1.53
F5	Sample 65	2	1	10	77740	37	1.53
F5	Sample 65	2	1	11	82740	36.96	1.53
F5	Sample 65	2	1	12	87750	36.96	1.53
F5	Sample 65	2	1	13	92740	37	1.52
F5	Sample 65	2	1	14	97750	37	1.53
F5	Sample 65	2	1	15	102740	36.96	1.53
F6	Sample 66	2	1	1	32720	36.91	1.60
F6	Sample 66	2	1	2	37740	36.96	1.58
F6	Sample 66	2	1	3	42740	36.96	1.57
F6	Sample 66	2	1	4	47740	36.96	1.56
F6	Sample 66	2	1	5	52740	37	1.55
F6	Sample 66	2	1	6	57740	37	1.55
F6	Sample 66	2	1	7	62740	36.96	1.54
F6	Sample 66	2	1	8	67740	36.96	1.53
F6	Sample 66	2	1	9	72760	36.96	1.52
F6	Sample 66	2	1	10	77740	37	1.53
F6	Sample 66	2	1	11	82740	36.96	1.52
F6	Sample 66	2	1	12	87750	36.96	1.53
F6	Sample 66	2	1	13	92740	37	1.53
F6	Sample 66	2	1	14	97750	37	1.53
F6	Sample 66	2	1	15	102740	36.96	1.53
F7	Sample 67	2	1	1	32720	36.91	1.65
F7	Sample 67	2	1	2	37740	36.96	1.63
F7	Sample 67	2	1	3	42740	36.96	1.61
F7	Sample 67	2	1	4	47740	36.96	1.60
F7	Sample 67	2	1	5	52740	37	1.60
F7	Sample 67	2	1	6	57740	37	1.59
F7	Sample 67	2	1	7	62740	36.96	1.59
F7	Sample 67	2	1	8	67740	36.96	1.59
F7	Sample 67	2	1	9	72760	36.96	1.58
F7	Sample 67	2	1	10	77740	37	1.58
F7	Sample 67	2	1	11	82740	36.96	1.59
F7	Sample 67	2	1	12	87750	36.96	1.58
F7	Sample 67	2	1	13	92740	37	1.59
F7	Sample 67	2	1	14	97750	37	1.58
F7	Sample 67	2	1	15	102740	36.96	1.58
F8	Sample 68	2	1	1	32720	36.91	1.58
F8	Sample 68	2	1	2	37740	36.96	1.56
F8	Sample 68	2	1	3	42740	36.96	1.54
F8	Sample 68	2	1	4	47740	36.96	1.54
F8	Sample 68	2	1	5	52740	37	1.53
F8	Sample 68	2	1	6	57740	37	1.52
F8	Sample 68	2	1	7	62740	36.96	1.52
F8	Sample 68	2	1	8	67740	36.96	1.51
F8	Sample 68	2	1	9	72760	36.96	1.52
F8	Sample 68	2	1	10	77740	37	1.52
F8	Sample 68	2	1	11	82740	36.96	1.51
F8	Sample 68	2	1	12	87750	36.96	1.51
F8	Sample 68	2	1	13	92740	37	1.51
F8	Sample 68	2	1	14	97750	37	1.51
F8	Sample 68	2	1	15	102740	36.96	1.52
F9	Sample 69	2	1	1	32720	36.91	0.66
F9	Sample 69	2	1	2	37740	36.96	0.65
F9	Sample 69	2	1	3	42740	36.96	0.65
F9	Sample 69	2	1	4	47740	36.96	0.64
F9	Sample 69	2	1	5	52740	37	0.64
F9	Sample 69	2	1	6	57740	37	0.63
F9	Sample 69	2	1	7	62740	36.96	0.63
F9	Sample 69	2	1	8	67740	36.96	0.62
F9	Sample 69	2	1	9	72760	36.96	0.63
F9	Sample 69	2	1	10	77740	37	0.63
F9	Sample 69	2	1	11	82740	36.96	0.63
F9	Sample 69	2	1	12	87750	36.96	0.63
F9	Sample 69	2	1	13	92740	37	0.63
F9	Sample 69	2	1	14	97750	37	0.63
F9	Sample 69	2	1	15	102740	36.96	0.63
F10	Sample 70	2	1	1	32720	36.91	0.74
F10	Sample 70	2	1	2	37740	36.96	0.74
F10	Sample 70	2	1	3	42740	36.96	0.73
F10	Sample 70	2	1	4	47740	36.96	0.73
F10	Sample 70	2	1	5	52740	37	0.72
F10	Sample 70	2	1	6	57740	37	0.72
F10	Sample 70	2	1	7	62740	36.96	0.72
F10	Sample 70	2	1	8	67740	36.96	0.71
F10	Sample 70	2	1	9	72760	36.96	0.72
F10	Sample 70	2	1	10	77740	37	0.71
F10	Sample 70	2	1	11	82740	36.96	0.72
F10	Sample 70	2	1	12	87750	36.96	0.72
F10	Sample 70	2	1	13	92740	37	0.72
F10	Sample 70	2	1	14	97750	37	0.71
F10	Sample 70	2	1	15	102740	36.96	0.72
F11	Sample 71	2	1	1	32720	36.91	0.88
F11	Sample 71	2	1	2	37740	36.96	0.88
F11	Sample 71	2	1	3	42740	36.96	0.87
F11	Sample 71	2	1	4	47740	36.96	0.87
F11	Sample 71	2	1	5	52740	37	0.86
F11	Sample 71	2	1	6	57740	37	0.86
F11	Sample 71	2	1	7	62740	36.96	0.86
F11	Sample 71	2	1	8	67740	36.96	0.85
F11	Sample 71	2	1	9	72760	36.96	0.85
F11	Sample 71	2	1	10	77740	37	0.86
F11	Sample 71	2	1	11	82740	36.96	0.85
F11	Sample 71	2	1	12	87750	36.96	0.86
F11	Sample 71	2	1	13	92740	37	0.85
F11	Sample 71	2	1	14	97750	37	0.85
F11	Sample 71	2	1	15	102740	36.96	0.85
F12	Sample 72	2	1	1	32720	36.91	0.82
F12	Sample 72	2	1	2	37740	36.96	0.82
F12	Sample 72	2	1	3	42740	36.96	0.81
F12	Sample 72	2	1	4	47740	36.96	0.81
F12	Sample 72	2	1	5	52740	37	0.80
F12	Sample 72	2	1	6	57740	37	0.79
F12	Sample 72	2	1	7	62740	36.96	0.80
F12	Sample 72	2	1	8	67740	36.96	0.78
F12	Sample 72	2	1	9	72760	36.96	0.79
F12	Sample 72	2	1	10	77740	37	0.79
F12	Sample 72	2	1	11	82740	36.96	0.79
F12	Sample 72	2	1	12	87750	36.96	0.79
F12	Sample 72	2	1	13	92740	37	0.79
F12	Sample 72	2	1	14	97750	37	0.78
F12	Sample 72	2	1	15	102740	36.96	0.79
G1	Sample 73	2	1	1	32720	36.91	2.01
G1	Sample 73	2	1	2	37740	36.96	1.99
G1	Sample 73	2	1	3	42740	36.96	1.98
G1	Sample 73	2	1	4	47740	36.96	1.98
G1	Sample 73	2	1	5	52740	37	1.97
G1	Sample 73	2	1	6	57740	37	1.96
G1	Sample 73	2	1	7	62740	36.96	1.96
G1	Sample 73	2	1	8	67740	36.96	1.95
G1	Sample 73	2	1	9	72760	36.96	1.95
G1	Sample 73	2	1	10	77740	37	1.94
G1	Sample 73	2	1	11	82740	36.96	1.93
G1	Sample 73	2	1	12	87750	36.96	1.94
G1	Sample 73	2	1	13	92740	37	1.94
G1	Sample 73	2	1	14	97750	37	1.94
G1	Sample 73	2	1	15	102740	36.96	1.93
G2	Sample 74	2	1	1	32720	36.91	2.07
G2	Sample 74	2	1	2	37740	36.96	2.06
G2	Sample 74	2	1	3	42740	36.96	2.05
G2	Sample 74	2	1	4	47740	36.96	2.03
G2	Sample 74	2	1	5	52740	37	2.02
G2	Sample 74	2	1	6	57740	37	2.01
G2	Sample 74	2	1	7	62740	36.96	2.01
G2	Sample 74	2	1	8	67740	36.96	2.01
G2	Sample 74	2	1	9	72760	36.96	2.02
G2	Sample 74	2	1	10	77740	37	2.01
G2	Sample 74	2	1	11	82740	36.96	2.00
G2	Sample 74	2	1	12	87750	36.96	2.00
G2	Sample 74	2	1	13	92740	37	2.01
G2	Sample 74	2	1	14	97750	37	2.00
G2	Sample 74	2	1	15	102740	36.96	2.00
G3	Sample 75	2	1	1	32720	36.91	2.31
G3	Sample 75	2	1	2	37740	36.96	2.29
G3	Sample 75	2	1	3	42740	36.96	2.28
G3	Sample 75	2	1	4	47740	36.96	2.26
G3	Sample 75	2	1	5	52740	37	2.25
G3	Sample 75	2	1	6	57740	37	2.25
G3	Sample 75	2	1	7	62740	36.96	2.25
G3	Sample 75	2	1	8	67740	36.96	2.24
G3	Sample 75	2	1	9	72760	36.96	2.24
G3	Sample 75	2	1	10	77740	37	2.24
G3	Sample 75	2	1	11	82740	36.96	2.23
G3	Sample 75	2	1	12	87750	36.96	2.23
G3	Sample 75	2	1	13	92740	37	2.23
G3	Sample 75	2	1	14	97750	37	2.23
G3	Sample 75	2	1	15	102740	36.96	2.23
G4	Sample 76	2	1	1	32720	36.91	2.25
G4	Sample 76	2	1	2	37740	36.96	2.23
G4	Sample 76	2	1	3	42740	36.96	2.22
G4	Sample 76	2	1	4	47740	36.96	2.20
G4	Sample 76	2	1	5	52740	37	2.20
G4	Sample 76	2	1	6	57740	37	2.19
G4	Sample 76	2	1	7	62740	36.96	2.19
G4	Sample 76	2	1	8	67740	36.96	2.18
G4	Sample 76	2	1	9	72760	36.96	2.18
G4	Sample 76	2	1	10	77740	37	2.18
G4	Sample 76	2	1	11	82740	36.96	2.18
G4	Sample 76	2	1	12	87750	36.96	2.17
G4	Sample 76	2	1	13	92740	37	2.19
G4	Sample 76	2	1	14	97750	37	2.18
G4	Sample 76	2	1	15	102740	36.96	2.18
G5	Sample 77	2	1	1	32720	36.91	1.57
G5	Sample 77	2	1	2	37740	36.96	1.56
G5	Sample 77	2	1	3	42740	36.96	1.56
G5	Sample 77	2	1	4	47740	36.96	1.55
G5	Sample 77	2	1	5	52740	37	1.53
G5	Sample 77	2	1	6	57740	37	1.53
G5	Sample 77	2	1	7	62740	36.96	1.53
G5	Sample 77	2	1	8	67740	36.96	1.52
G5	Sample 77	2	1	9	72760	36.96	1.52
G5	Sample 77	2	1	10	77740	37	1.52
G5	Sample 77	2	1	11	82740	36.96	1.53
G5	Sample 77	2	1	12	87750	36.96	1.53
G5	Sample 77	2	1	13	92740	37	1.52
G5	Sample 77	2	1	14	97750	37	1.52
G5	Sample 77	2	1	15	102740	36.96	1.52
G6	Sample 78	2	1	1	32720	36.91	1.56
G6	Sample 78	2	1	2	37740	36.96	1.55
G6	Sample 78	2	1	3	42740	36.96	1.53
G6	Sample 78	2	1	4	47740	36.96	1.53
G6	Sample 78	2	1	5	52740	37	1.52
G6	Sample 78	2	1	6	57740	37	1.52
G6	Sample 78	2	1	7	62740	36.96	1.51
G6	Sample 78	2	1	8	67740	36.96	1.51
G6	Sample 78	2	1	9	72760	36.96	1.51
G6	Sample 78	2	1	10	77740	37	1.51
G6	Sample 78	2	1	11	82740	36.96	1.51
G6	Sample 78	2	1	12	87750	36.96	1.50
G6	Sample 78	2	1	13	92740	37	1.51
G6	Sample 78	2	1	14	97750	37	1.51
G6	Sample 78	2	1	15	102740	36.96	1.50
G7	Sample 79	2	1	1	32720	36.91	1.58
G7	Sample 79	2	1	2	37740	36.96	1.56
G7	Sample 79	2	1	3	42740	36.96	1.56
G7	Sample 79	2	1	4	47740	36.96	1.55
G7	Sample 79	2	1	5	52740	37	1.54
G7	Sample 79	2	1	6	57740	37	1.53
G7	Sample 79	2	1	7	62740	36.96	1.53
G7	Sample 79	2	1	8	67740	36.96	1.53
G7	Sample 79	2	1	9	72760	36.96	1.53
G7	Sample 79	2	1	10	77740	37	1.53
G7	Sample 79	2	1	11	82740	36.96	1.54
G7	Sample 79	2	1	12	87750	36.96	1.53
G7	Sample 79	2	1	13	92740	37	1.53
G7	Sample 79	2	1	14	97750	37	1.53
G7	Sample 79	2	1	15	102740	36.96	1.53
G8	Sample 80	2	1	1	32720	36.91	1.50
G8	Sample 80	2	1	2	37740	36.96	1.48
G8	Sample 80	2	1	3	42740	36.96	1.48
G8	Sample 80	2	1	4	47740	36.96	1.47
G8	Sample 80	2	1	5	52740	37	1.45
G8	Sample 80	2	1	6	57740	37	1.45
G8	Sample 80	2	1	7	62740	36.96	1.44
G8	Sample 80	2	1	8	67740	36.96	1.44
G8	Sample 80	2	1	9	72760	36.96	1.44
G8	Sample 80	2	1	10	77740	37	1.45
G8	Sample 80	2	1	11	82740	36.96	1.44
G8	Sample 80	2	1	12	87750	36.96	1.44
G8	Sample 80	2	1	13	92740	37	1.44
G8	Sample 80	2	1	14	97750	37	1.44
G8	Sample 80	2	1	15	102740	36.96	1.44
G9	Sample 81	2	1	1	32720	36.91	0.71
G9	Sample 81	2	1	2	37740	36.96	0.71
G9	Sample 81	2	1	3	42740	36.96	0.71
G9	Sample 81	2	1	4	47740	36.96	0.70
G9	Sample 81	2	1	5	52740	37	0.70
G9	Sample 81	2	1	6	57740	37	0.70
G9	Sample 81	2	1	7	62740	36.96	0.70
G9	Sample 81	2	1	8	67740	36.96	0.69
G9	Sample 81	2	1	9	72760	36.96	0.69
G9	Sample 81	2	1	10	77740	37	0.69
G9	Sample 81	2	1	11	82740	36.96	0.69
G9	Sample 81	2	1	12	87750	36.96	0.69
G9	Sample 81	2	1	13	92740	37	0.70
G9	Sample 81	2	1	14	97750	37	0.69
G9	Sample 81	2	1	15	102740	36.96	0.70
G10	Sample 82	2	1	1	32720	36.91	0.83
G10	Sample 82	2	1	2	37740	36.96	0.82
G10	Sample 82	2	1	3	42740	36.96	0.82
G10	Sample 82	2	1	4	47740	36.96	0.81
G10	Sample 82	2	1	5	52740	37	0.81
G10	Sample 82	2	1	6	57740	37	0.81
G10	Sample 82	2	1	7	62740	36.96	0.81
G10	Sample 82	2	1	8	67740	36.96	0.80
G10	Sample 82	2	1	9	72760	36.96	0.80
G10	Sample 82	2	1	10	77740	37	0.81
G10	Sample 82	2	1	11	82740	36.96	0.80
G10	Sample 82	2	1	12	87750	36.96	0.80
G10	Sample 82	2	1	13	92740	37	0.81
G10	Sample 82	2	1	14	97750	37	0.80
G10	Sample 82	2	1	15	102740	36.96	0.80
G11	Sample 83	2	1	1	32720	36.91	0.90
G11	Sample 83	2	1	2	37740	36.96	0.90
G11	Sample 83	2	1	3	42740	36.96	0.89
G11	Sample 83	2	1	4	47740	36.96	0.89
G11	Sample 83	2	1	5	52740	37	0.89
G11	Sample 83	2	1	6	57740	37	0.88
G11	Sample 83	2	1	7	62740	36.96	0.88
G11	Sample 83	2	1	8	67740	36.96	0.87
G11	Sample 83	2	1	9	72760	36.96	0.88
G11	Sample 83	2	1	10	77740	37	0.88
G11	Sample 83	2	1	11	82740	36.96	0.88
G11	Sample 83	2	1	12	87750	36.96	0.88
G11	Sample 83	2	1	13	92740	37	0.88
G11	Sample 83	2	1	14	97750	37	0.88
G11	Sample 83	2	1	15	102740	36.96	0.88
G12	Sample 84	2	1	1	32720	36.91	0.82
G12	Sample 84	2	1	2	37740	36.96	0.81
G12	Sample 84	2	1	3	42740	36.96	0.81
G12	Sample 84	2	1	4	47740	36.96	0.81
G12	Sample 84	2	1	5	52740	37	0.80
G12	Sample 84	2	1	6	57740	37	0.80
G12	Sample 84	2	1	7	62740	36.96	0.80
G12	Sample 84	2	1	8	67740	36.96	0.80
G12	Sample 84	2	1	9	72760	36.96	0.80
G12	Sample 84	2	1	10	77740	37	0.80
G12	Sample 84	2	1	11	82740	36.96	0.79
G12	Sample 84	2	1	12	87750	36.96	0.79
G12	Sample 84	2	1	13	92740	37	0.80
G12	Sample 84	2	1	14	97750	37	0.79
G12	Sample 84	2	1	15	102740	36.96	0.79
H1	Sample 85	2	1	1	32720	36.91	1.96
H1	Sample 85	2	1	2	37740	36.96	1.96
H1	Sample 85	2	1	3	42740	36.96	1.96
H1	Sample 85	2	1	4	47740	36.96	1.94
H1	Sample 85	2	1	5	52740	37	1.94
H1	Sample 85	2	1	6	57740	37	1.93
H1	Sample 85	2	1	7	62740	36.96	1.94
H1	Sample 85	2	1	8	67740	36.96	1.93
H1	Sample 85	2	1	9	72760	36.96	1.92
H1	Sample 85	2	1	10	77740	37	1.92
H1	Sample 85	2	1	11	82740	36.96	1.93
H1	Sample 85	2	1	12	87750	36.96	1.92
H1	Sample 85	2	1	13	92740	37	1.92
H1	Sample 85	2	1	14	97750	37	1.92
H1	Sample 85	2	1	15	102740	36.96	1.92
H2	Sample 86	2	1	1	32720	36.91	2.00
H2	Sample 86	2	1	2	37740	36.96	1.99
H2	Sample 86	2	1	3	42740	36.96	1.98
H2	Sample 86	2	1	4	47740	36.96	1.96
H2	Sample 86	2	1	5	52740	37	1.95
H2	Sample 86	2	1	6	57740	37	1.96
H2	Sample 86	2	1	7	62740	36.96	1.96
H2	Sample 86	2	1	8	67740	36.96	1.94
H2	Sample 86	2	1	9	72760	36.96	1.95
H2	Sample 86	2	1	10	77740	37	1.95
H2	Sample 86	2	1	11	82740	36.96	1.95
H2	Sample 86	2	1	12	87750	36.96	1.94
H2	Sample 86	2	1	13	92740	37	1.93
H2	Sample 86	2	1	14	97750	37	1.94
H2	Sample 86	2	1	15	102740	36.96	1.95
H3	Sample 87	2	1	1	32720	36.91	2.24
H3	Sample 87	2	1	2	37740	36.96	2.24
H3	Sample 87	2	1	3	42740	36.96	2.22
H3	Sample 87	2	1	4	47740	36.96	2.21
H3	Sample 87	2	1	5	52740	37	2.19
H3	Sample 87	2	1	6	57740	37	2.19
H3	Sample 87	2	1	7	62740	36.96	2.19
H3	Sample 87	2	1	8	67740	36.96	2.19
H3	Sample 87	2	1	9	72760	36.96	2.18
H3	Sample 87	2	1	10	77740	37	2.18
H3	Sample 87	2	1	11	82740	36.96	2.19
H3	Sample 87	2	1	12	87750	36.96	2.17
H3	Sample 87	2	1	13	92740	37	2.18
H3	Sample 87	2	1	14	97750	37	2.18
H3	Sample 87	2	1	15	102740	36.96	2.18
H4	Sample 88	2	1	1	32720	36.91	2.21
H4	Sample 88	2	1	2	37740	36.96	2.20
H4	Sample 88	2	1	3	42740	36.96	2.18
H4	Sample 88	2	1	4	47740	36.96	2.17
H4	Sample 88	2	1	5	52740	37	2.17
H4	Sample 88	2	1	6	57740	37	2.16
H4	Sample 88	2	1	7	62740	36.96	2.17
H4	Sample 88	2	1	8	67740	36.96	2.16
H4	Sample 88	2	1	9	72760	36.96	2.15
H4	Sample 88	2	1	10	77740	37	2.16
H4	Sample 88	2	1	11	82740	36.96	2.15
H4	Sample 88	2	1	12	87750	36.96	2.15
H4	Sample 88	2	1	13	92740	37	2.15
H4	Sample 88	2	1	14	97750	37	2.14
H4	Sample 88	2	1	15	102740	36.96	2.14
H5	Sample 89	2	1	1	32720	36.91	1.64
H5	Sample 89	2	1	2	37740	36.96	1.63
H5	Sample 89	2	1	3	42740	36.96	1.62
H5	Sample 89	2	1	4	47740	36.96	1.61
H5	Sample 89	2	1	5	52740	37	1.61
H5	Sample 89	2	1	6	57740	37	1.61
H5	Sample 89	2	1	7	62740	36.96	1.61
H5	Sample 89	2	1	8	67740	36.96	1.60
H5	Sample 89	2	1	9	72760	36.96	1.60
H5	Sample 89	2	1	10	77740	37	1.60
H5	Sample 89	2	1	11	82740	36.96	1.59
H5	Sample 89	2	1	12	87750	36.96	1.59
H5	Sample 89	2	1	13	92740	37	1.59
H5	Sample 89	2	1	14	97750	37	1.60
H5	Sample 89	2	1	15	102740	36.96	1.59
H6	Sample 90	2	1	1	32720	36.91	1.65
H6	Sample 90	2	1	2	37740	36.96	1.65
H6	Sample 90	2	1	3	42740	36.96	1.64
H6	Sample 90	2	1	4	47740	36.96	1.63
H6	Sample 90	2	1	5	52740	37	1.63
H6	Sample 90	2	1	6	57740	37	1.61
H6	Sample 90	2	1	7	62740	36.96	1.61
H6	Sample 90	2	1	8	67740	36.96	1.61
H6	Sample 90	2	1	9	72760	36.96	1.60
H6	Sample 90	2	1	10	77740	37	1.59
H6	Sample 90	2	1	11	82740	36.96	1.60
H6	Sample 90	2	1	12	87750	36.96	1.60
H6	Sample 90	2	1	13	92740	37	1.60
H6	Sample 90	2	1	14	97750	37	1.60
H6	Sample 90	2	1	15	102740	36.96	1.60
H7	Sample 91	2	1	1	32720	36.91	1.58
H7	Sample 91	2	1	2	37740	36.96	1.56
H7	Sample 91	2	1	3	42740	36.96	1.55
H7	Sample 91	2	1	4	47740	36.96	1.55
H7	Sample 91	2	1	5	52740	37	1.53
H7	Sample 91	2	1	6	57740	37	1.53
H7	Sample 91	2	1	7	62740	36.96	1.54
H7	Sample 91	2	1	8	67740	36.96	1.53
H7	Sample 91	2	1	9	72760	36.96	1.52
H7	Sample 91	2	1	10	77740	37	1.52
H7	Sample 91	2	1	11	82740	36.96	1.52
H7	Sample 91	2	1	12	87750	36.96	1.52
H7	Sample 91	2	1	13	92740	37	1.52
H7	Sample 91	2	1	14	97750	37	1.52
H7	Sample 91	2	1	15	102740	36.96	1.52
H8	Sample 92	2	1	1	32720	36.91	1.54
H8	Sample 92	2	1	2	37740	36.96	1.53
H8	Sample 92	2	1	3	42740	36.96	1.52
H8	Sample 92	2	1	4	47740	36.96	1.51
H8	Sample 92	2	1	5	52740	37	1.50
H8	Sample 92	2	1	6	57740	37	1.50
H8	Sample 92	2	1	7	62740	36.96	1.49
H8	Sample 92	2	1	8	67740	36.96	1.50
H8	Sample 92	2	1	9	72760	36.96	1.48
H8	Sample 92	2	1	10	77740	37	1.49
H8	Sample 92	2	1	11	82740	36.96	1.48
H8	Sample 92	2	1	12	87750	36.96	1.48
H8	Sample 92	2	1	13	92740	37	1.48
H8	Sample 92	2	1	14	97750	37	1.48
H8	Sample 92	2	1	15	102740	36.96	1.49
H9	Sample 93	2	1	1	32720	36.91	0.90
H9	Sample 93	2	1	2	37740	36.96	0.90
H9	Sample 93	2	1	3	42740	36.96	0.89
H9	Sample 93	2	1	4	47740	36.96	0.88
H9	Sample 93	2	1	5	52740	37	0.88
H9	Sample 93	2	1	6	57740	37	0.88
H9	Sample 93	2	1	7	62740	36.96	0.88
H9	Sample 93	2	1	8	67740	36.96	0.87
H9	Sample 93	2	1	9	72760	36.96	0.87
H9	Sample 93	2	1	10	77740	37	0.86
H9	Sample 93	2	1	11	82740	36.96	0.86
H9	Sample 93	2	1	12	87750	36.96	0.86
H9	Sample 93	2	1	13	92740	37	0.86
H9	Sample 93	2	1	14	97750	37	0.86
H9	Sample 93	2	1	15	102740	36.96	0.87
H10	Sample 94	2	1	1	32720	36.91	0.85
H10	Sample 94	2	1	2	37740	36.96	0.85
H10	Sample 94	2	1	3	42740	36.96	0.85
H10	Sample 94	2	1	4	47740	36.96	0.84
H10	Sample 94	2	1	5	52740	37	0.84
H10	Sample 94	2	1	6	57740	37	0.84
H10	Sample 94	2	1	7	62740	36.96	0.84
H10	Sample 94	2	1	8	67740	36.96	0.83
H10	Sample 94	2	1	9	72760	36.96	0.83
H10	Sample 94	2	1	10	77740	37	0.84
H10	Sample 94	2	1	11	82740	36.96	0.84
H10	Sample 94	2	1	12	87750	36.96	0.83
H10	Sample 94	2	1	13	92740	37	0.83
H10	Sample 94	2	1	14	97750	37	0.84
H10	Sample 94	2	1	15	102740	36.96	0.83
H11	Sample 95	2	1	1	32720	36.91	0.79
H11	Sample 95	2	1	2	37740	36.96	0.81
H11	Sample 95	2	1	3	42740	36.96	0.82
H11	Sample 95	2	1	4	47740	36.96	0.81
H11	Sample 95	2	1	5	52740	37	0.81
H11	Sample 95	2	1	6	57740	37	0.81
H11	Sample 95	2	1	7	62740	36.96	0.81
H11	Sample 95	2	1	8	67740	36.96	0.82
H11	Sample 95	2	1	9	72760	36.96	0.81
H11	Sample 95	2	1	10	77740	37	0.81
H11	Sample 95	2	1	11	82740	36.96	0.81
H11	Sample 95	2	1	12	87750	36.96	0.81
H11	Sample 95	2	1	13	92740	37	0.81
H11	Sample 95	2	1	14	97750	37	0.81
H11	Sample 95	2	1	15	102740	36.96	0.81
H12	Sample 96	2	1	1	32720	36.91	0.82
H12	Sample 96	2	1	2	37740	36.96	0.82
H12	Sample 96	2	1	3	42740	36.96	0.82
H12	Sample 96	2	1	4	47740	36.96	0.81
H12	Sample 96	2	1	5	52740	37	0.81
H12	Sample 96	2	1	6	57740	37	0.81
H12	Sample 96	2	1	7	62740	36.96	0.81
H12	Sample 96	2	1	8	67740	36.96	0.81
H12	Sample 96	2	1	9	72760	36.96	0.81
H12	Sample 96	2	1	10	77740	37	0.80
H12	Sample 96	2	1	11	82740	36.96	0.80
H12	Sample 96	2	1	12	87750	36.96	0.80
H12	Sample 96	2	1	13	92740	37	0.81
H12	Sample 96	2	1	14	97750	37	0.80
H12	Sample 96	2	1	15	102740	36.96	0.81
