Raw Data 		Experiment - evIC50_6_plate5_17APRIL2026 (Run on LCS480 1.5.1.62)
SamplePos	SampleName	Prog#	Seg#	Cycle#	Time	Temp	465-510	
A1	Sample 1	2	1	1	32370	36.91	0.95
A1	Sample 1	2	1	2	37390	37	0.96
A1	Sample 1	2	1	3	42390	36.96	0.96
A1	Sample 1	2	1	4	47390	36.96	0.96
A1	Sample 1	2	1	5	52390	37	0.96
A1	Sample 1	2	1	6	57380	37	0.96
A1	Sample 1	2	1	7	62390	36.96	0.96
A1	Sample 1	2	1	8	67410	36.96	0.95
A1	Sample 1	2	1	9	72390	37	0.96
A1	Sample 1	2	1	10	77390	37	0.95
A1	Sample 1	2	1	11	82400	36.96	0.96
A1	Sample 1	2	1	12	87390	36.96	0.96
A1	Sample 1	2	1	13	92390	36.96	0.96
A1	Sample 1	2	1	14	97400	37	0.96
A1	Sample 1	2	1	15	102390	36.91	0.96
A2	Sample 2	2	1	1	32370	36.91	0.99
A2	Sample 2	2	1	2	37390	37	0.99
A2	Sample 2	2	1	3	42390	36.96	1.00
A2	Sample 2	2	1	4	47390	36.96	0.99
A2	Sample 2	2	1	5	52390	37	0.99
A2	Sample 2	2	1	6	57380	37	1.00
A2	Sample 2	2	1	7	62390	36.96	0.99
A2	Sample 2	2	1	8	67410	36.96	0.98
A2	Sample 2	2	1	9	72390	37	0.99
A2	Sample 2	2	1	10	77390	37	0.99
A2	Sample 2	2	1	11	82400	36.96	1.00
A2	Sample 2	2	1	12	87390	36.96	0.99
A2	Sample 2	2	1	13	92390	36.96	0.99
A2	Sample 2	2	1	14	97400	37	0.99
A2	Sample 2	2	1	15	102390	36.91	0.99
A3	Sample 3	2	1	1	32370	36.91	1.09
A3	Sample 3	2	1	2	37390	37	1.09
A3	Sample 3	2	1	3	42390	36.96	1.09
A3	Sample 3	2	1	4	47390	36.96	1.09
A3	Sample 3	2	1	5	52390	37	1.09
A3	Sample 3	2	1	6	57380	37	1.09
A3	Sample 3	2	1	7	62390	36.96	1.09
A3	Sample 3	2	1	8	67410	36.96	1.09
A3	Sample 3	2	1	9	72390	37	1.09
A3	Sample 3	2	1	10	77390	37	1.09
A3	Sample 3	2	1	11	82400	36.96	1.09
A3	Sample 3	2	1	12	87390	36.96	1.09
A3	Sample 3	2	1	13	92390	36.96	1.08
A3	Sample 3	2	1	14	97400	37	1.09
A3	Sample 3	2	1	15	102390	36.91	1.09
A4	Sample 4	2	1	1	32370	36.91	1.10
A4	Sample 4	2	1	2	37390	37	1.10
A4	Sample 4	2	1	3	42390	36.96	1.10
A4	Sample 4	2	1	4	47390	36.96	1.10
A4	Sample 4	2	1	5	52390	37	1.10
A4	Sample 4	2	1	6	57380	37	1.10
A4	Sample 4	2	1	7	62390	36.96	1.10
A4	Sample 4	2	1	8	67410	36.96	1.09
A4	Sample 4	2	1	9	72390	37	1.09
A4	Sample 4	2	1	10	77390	37	1.09
A4	Sample 4	2	1	11	82400	36.96	1.10
A4	Sample 4	2	1	12	87390	36.96	1.10
A4	Sample 4	2	1	13	92390	36.96	1.10
A4	Sample 4	2	1	14	97400	37	1.10
A4	Sample 4	2	1	15	102390	36.91	1.10
A5	Sample 5	2	1	1	32370	36.91	0.61
A5	Sample 5	2	1	2	37390	37	0.61
A5	Sample 5	2	1	3	42390	36.96	0.61
A5	Sample 5	2	1	4	47390	36.96	0.62
A5	Sample 5	2	1	5	52390	37	0.62
A5	Sample 5	2	1	6	57380	37	0.61
A5	Sample 5	2	1	7	62390	36.96	0.61
A5	Sample 5	2	1	8	67410	36.96	0.61
A5	Sample 5	2	1	9	72390	37	0.61
A5	Sample 5	2	1	10	77390	37	0.61
A5	Sample 5	2	1	11	82400	36.96	0.62
A5	Sample 5	2	1	12	87390	36.96	0.61
A5	Sample 5	2	1	13	92390	36.96	0.61
A5	Sample 5	2	1	14	97400	37	0.61
A5	Sample 5	2	1	15	102390	36.91	0.61
A6	Sample 6	2	1	1	32370	36.91	0.65
A6	Sample 6	2	1	2	37390	37	0.65
A6	Sample 6	2	1	3	42390	36.96	0.65
A6	Sample 6	2	1	4	47390	36.96	0.65
A6	Sample 6	2	1	5	52390	37	0.65
A6	Sample 6	2	1	6	57380	37	0.65
A6	Sample 6	2	1	7	62390	36.96	0.65
A6	Sample 6	2	1	8	67410	36.96	0.65
A6	Sample 6	2	1	9	72390	37	0.65
A6	Sample 6	2	1	10	77390	37	0.64
A6	Sample 6	2	1	11	82400	36.96	0.65
A6	Sample 6	2	1	12	87390	36.96	0.65
A6	Sample 6	2	1	13	92390	36.96	0.65
A6	Sample 6	2	1	14	97400	37	0.65
A6	Sample 6	2	1	15	102390	36.91	0.64
A7	Sample 7	2	1	1	32370	36.91	0.69
A7	Sample 7	2	1	2	37390	37	0.69
A7	Sample 7	2	1	3	42390	36.96	0.69
A7	Sample 7	2	1	4	47390	36.96	0.70
A7	Sample 7	2	1	5	52390	37	0.69
A7	Sample 7	2	1	6	57380	37	0.68
A7	Sample 7	2	1	7	62390	36.96	0.68
A7	Sample 7	2	1	8	67410	36.96	0.69
A7	Sample 7	2	1	9	72390	37	0.69
A7	Sample 7	2	1	10	77390	37	0.68
A7	Sample 7	2	1	11	82400	36.96	0.69
A7	Sample 7	2	1	12	87390	36.96	0.69
A7	Sample 7	2	1	13	92390	36.96	0.69
A7	Sample 7	2	1	14	97400	37	0.69
A7	Sample 7	2	1	15	102390	36.91	0.69
A8	Sample 8	2	1	1	32370	36.91	0.61
A8	Sample 8	2	1	2	37390	37	0.61
A8	Sample 8	2	1	3	42390	36.96	0.61
A8	Sample 8	2	1	4	47390	36.96	0.61
A8	Sample 8	2	1	5	52390	37	0.61
A8	Sample 8	2	1	6	57380	37	0.61
A8	Sample 8	2	1	7	62390	36.96	0.61
A8	Sample 8	2	1	8	67410	36.96	0.60
A8	Sample 8	2	1	9	72390	37	0.61
A8	Sample 8	2	1	10	77390	37	0.61
A8	Sample 8	2	1	11	82400	36.96	0.61
A8	Sample 8	2	1	12	87390	36.96	0.61
A8	Sample 8	2	1	13	92390	36.96	0.61
A8	Sample 8	2	1	14	97400	37	0.61
A8	Sample 8	2	1	15	102390	36.91	0.60
A9	Sample 9	2	1	1	32370	36.91	1.05
A9	Sample 9	2	1	2	37390	37	1.05
A9	Sample 9	2	1	3	42390	36.96	1.05
A9	Sample 9	2	1	4	47390	36.96	1.05
A9	Sample 9	2	1	5	52390	37	1.05
A9	Sample 9	2	1	6	57380	37	1.04
A9	Sample 9	2	1	7	62390	36.96	1.05
A9	Sample 9	2	1	8	67410	36.96	1.05
A9	Sample 9	2	1	9	72390	37	1.05
A9	Sample 9	2	1	10	77390	37	1.05
A9	Sample 9	2	1	11	82400	36.96	1.05
A9	Sample 9	2	1	12	87390	36.96	1.06
A9	Sample 9	2	1	13	92390	36.96	1.05
A9	Sample 9	2	1	14	97400	37	1.05
A9	Sample 9	2	1	15	102390	36.91	1.04
A10	Sample 10	2	1	1	32370	36.91	1.01
A10	Sample 10	2	1	2	37390	37	1.01
A10	Sample 10	2	1	3	42390	36.96	1.02
A10	Sample 10	2	1	4	47390	36.96	1.01
A10	Sample 10	2	1	5	52390	37	1.01
A10	Sample 10	2	1	6	57380	37	1.01
A10	Sample 10	2	1	7	62390	36.96	1.01
A10	Sample 10	2	1	8	67410	36.96	1.01
A10	Sample 10	2	1	9	72390	37	1.01
A10	Sample 10	2	1	10	77390	37	1.00
A10	Sample 10	2	1	11	82400	36.96	1.01
A10	Sample 10	2	1	12	87390	36.96	1.01
A10	Sample 10	2	1	13	92390	36.96	1.00
A10	Sample 10	2	1	14	97400	37	1.00
A10	Sample 10	2	1	15	102390	36.91	1.00
A11	Sample 11	2	1	1	32370	36.91	0.97
A11	Sample 11	2	1	2	37390	37	0.97
A11	Sample 11	2	1	3	42390	36.96	0.96
A11	Sample 11	2	1	4	47390	36.96	0.96
A11	Sample 11	2	1	5	52390	37	0.97
A11	Sample 11	2	1	6	57380	37	0.96
A11	Sample 11	2	1	7	62390	36.96	0.96
A11	Sample 11	2	1	8	67410	36.96	0.96
A11	Sample 11	2	1	9	72390	37	0.96
A11	Sample 11	2	1	10	77390	37	0.96
A11	Sample 11	2	1	11	82400	36.96	0.96
A11	Sample 11	2	1	12	87390	36.96	0.96
A11	Sample 11	2	1	13	92390	36.96	0.95
A11	Sample 11	2	1	14	97400	37	0.96
A11	Sample 11	2	1	15	102390	36.91	0.95
A12	Sample 12	2	1	1	32370	36.91	0.93
A12	Sample 12	2	1	2	37390	37	0.93
A12	Sample 12	2	1	3	42390	36.96	0.93
A12	Sample 12	2	1	4	47390	36.96	0.93
A12	Sample 12	2	1	5	52390	37	0.93
A12	Sample 12	2	1	6	57380	37	0.92
A12	Sample 12	2	1	7	62390	36.96	0.92
A12	Sample 12	2	1	8	67410	36.96	0.92
A12	Sample 12	2	1	9	72390	37	0.92
A12	Sample 12	2	1	10	77390	37	0.92
A12	Sample 12	2	1	11	82400	36.96	0.93
A12	Sample 12	2	1	12	87390	36.96	0.92
A12	Sample 12	2	1	13	92390	36.96	0.92
A12	Sample 12	2	1	14	97400	37	0.93
A12	Sample 12	2	1	15	102390	36.91	0.93
B1	Sample 13	2	1	1	32370	36.91	0.93
B1	Sample 13	2	1	2	37390	37	0.93
B1	Sample 13	2	1	3	42390	36.96	0.93
B1	Sample 13	2	1	4	47390	36.96	0.93
B1	Sample 13	2	1	5	52390	37	0.92
B1	Sample 13	2	1	6	57380	37	0.93
B1	Sample 13	2	1	7	62390	36.96	0.93
B1	Sample 13	2	1	8	67410	36.96	0.93
B1	Sample 13	2	1	9	72390	37	0.92
B1	Sample 13	2	1	10	77390	37	0.93
B1	Sample 13	2	1	11	82400	36.96	0.93
B1	Sample 13	2	1	12	87390	36.96	0.93
B1	Sample 13	2	1	13	92390	36.96	0.93
B1	Sample 13	2	1	14	97400	37	0.92
B1	Sample 13	2	1	15	102390	36.91	0.92
B2	Sample 14	2	1	1	32370	36.91	0.96
B2	Sample 14	2	1	2	37390	37	0.96
B2	Sample 14	2	1	3	42390	36.96	0.96
B2	Sample 14	2	1	4	47390	36.96	0.96
B2	Sample 14	2	1	5	52390	37	0.95
B2	Sample 14	2	1	6	57380	37	0.95
B2	Sample 14	2	1	7	62390	36.96	0.96
B2	Sample 14	2	1	8	67410	36.96	0.95
B2	Sample 14	2	1	9	72390	37	0.96
B2	Sample 14	2	1	10	77390	37	0.95
B2	Sample 14	2	1	11	82400	36.96	0.96
B2	Sample 14	2	1	12	87390	36.96	0.95
B2	Sample 14	2	1	13	92390	36.96	0.95
B2	Sample 14	2	1	14	97400	37	0.96
B2	Sample 14	2	1	15	102390	36.91	0.95
B3	Sample 15	2	1	1	32370	36.91	1.01
B3	Sample 15	2	1	2	37390	37	1.02
B3	Sample 15	2	1	3	42390	36.96	1.02
B3	Sample 15	2	1	4	47390	36.96	1.01
B3	Sample 15	2	1	5	52390	37	1.01
B3	Sample 15	2	1	6	57380	37	1.01
B3	Sample 15	2	1	7	62390	36.96	1.01
B3	Sample 15	2	1	8	67410	36.96	1.01
B3	Sample 15	2	1	9	72390	37	1.01
B3	Sample 15	2	1	10	77390	37	1.00
B3	Sample 15	2	1	11	82400	36.96	1.01
B3	Sample 15	2	1	12	87390	36.96	1.00
B3	Sample 15	2	1	13	92390	36.96	1.01
B3	Sample 15	2	1	14	97400	37	1.00
B3	Sample 15	2	1	15	102390	36.91	1.00
B4	Sample 16	2	1	1	32370	36.91	1.07
B4	Sample 16	2	1	2	37390	37	1.07
B4	Sample 16	2	1	3	42390	36.96	1.06
B4	Sample 16	2	1	4	47390	36.96	1.06
B4	Sample 16	2	1	5	52390	37	1.05
B4	Sample 16	2	1	6	57380	37	1.06
B4	Sample 16	2	1	7	62390	36.96	1.05
B4	Sample 16	2	1	8	67410	36.96	1.06
B4	Sample 16	2	1	9	72390	37	1.05
B4	Sample 16	2	1	10	77390	37	1.05
B4	Sample 16	2	1	11	82400	36.96	1.06
B4	Sample 16	2	1	12	87390	36.96	1.04
B4	Sample 16	2	1	13	92390	36.96	1.05
B4	Sample 16	2	1	14	97400	37	1.05
B4	Sample 16	2	1	15	102390	36.91	1.05
B5	Sample 17	2	1	1	32370	36.91	0.57
B5	Sample 17	2	1	2	37390	37	0.58
B5	Sample 17	2	1	3	42390	36.96	0.57
B5	Sample 17	2	1	4	47390	36.96	0.57
B5	Sample 17	2	1	5	52390	37	0.57
B5	Sample 17	2	1	6	57380	37	0.57
B5	Sample 17	2	1	7	62390	36.96	0.57
B5	Sample 17	2	1	8	67410	36.96	0.57
B5	Sample 17	2	1	9	72390	37	0.57
B5	Sample 17	2	1	10	77390	37	0.57
B5	Sample 17	2	1	11	82400	36.96	0.57
B5	Sample 17	2	1	12	87390	36.96	0.56
B5	Sample 17	2	1	13	92390	36.96	0.57
B5	Sample 17	2	1	14	97400	37	0.56
B5	Sample 17	2	1	15	102390	36.91	0.57
B6	Sample 18	2	1	1	32370	36.91	0.60
B6	Sample 18	2	1	2	37390	37	0.60
B6	Sample 18	2	1	3	42390	36.96	0.59
B6	Sample 18	2	1	4	47390	36.96	0.60
B6	Sample 18	2	1	5	52390	37	0.59
B6	Sample 18	2	1	6	57380	37	0.60
B6	Sample 18	2	1	7	62390	36.96	0.59
B6	Sample 18	2	1	8	67410	36.96	0.59
B6	Sample 18	2	1	9	72390	37	0.59
B6	Sample 18	2	1	10	77390	37	0.59
B6	Sample 18	2	1	11	82400	36.96	0.59
B6	Sample 18	2	1	12	87390	36.96	0.59
B6	Sample 18	2	1	13	92390	36.96	0.60
B6	Sample 18	2	1	14	97400	37	0.59
B6	Sample 18	2	1	15	102390	36.91	0.59
B7	Sample 19	2	1	1	32370	36.91	0.64
B7	Sample 19	2	1	2	37390	37	0.64
B7	Sample 19	2	1	3	42390	36.96	0.64
B7	Sample 19	2	1	4	47390	36.96	0.64
B7	Sample 19	2	1	5	52390	37	0.63
B7	Sample 19	2	1	6	57380	37	0.64
B7	Sample 19	2	1	7	62390	36.96	0.64
B7	Sample 19	2	1	8	67410	36.96	0.64
B7	Sample 19	2	1	9	72390	37	0.63
B7	Sample 19	2	1	10	77390	37	0.64
B7	Sample 19	2	1	11	82400	36.96	0.64
B7	Sample 19	2	1	12	87390	36.96	0.63
B7	Sample 19	2	1	13	92390	36.96	0.63
B7	Sample 19	2	1	14	97400	37	0.63
B7	Sample 19	2	1	15	102390	36.91	0.63
B8	Sample 20	2	1	1	32370	36.91	0.59
B8	Sample 20	2	1	2	37390	37	0.60
B8	Sample 20	2	1	3	42390	36.96	0.60
B8	Sample 20	2	1	4	47390	36.96	0.60
B8	Sample 20	2	1	5	52390	37	0.59
B8	Sample 20	2	1	6	57380	37	0.59
B8	Sample 20	2	1	7	62390	36.96	0.59
B8	Sample 20	2	1	8	67410	36.96	0.59
B8	Sample 20	2	1	9	72390	37	0.59
B8	Sample 20	2	1	10	77390	37	0.59
B8	Sample 20	2	1	11	82400	36.96	0.60
B8	Sample 20	2	1	12	87390	36.96	0.59
B8	Sample 20	2	1	13	92390	36.96	0.59
B8	Sample 20	2	1	14	97400	37	0.59
B8	Sample 20	2	1	15	102390	36.91	0.59
B9	Sample 21	2	1	1	32370	36.91	1.00
B9	Sample 21	2	1	2	37390	37	1.00
B9	Sample 21	2	1	3	42390	36.96	1.00
B9	Sample 21	2	1	4	47390	36.96	1.00
B9	Sample 21	2	1	5	52390	37	0.99
B9	Sample 21	2	1	6	57380	37	1.00
B9	Sample 21	2	1	7	62390	36.96	1.00
B9	Sample 21	2	1	8	67410	36.96	1.00
B9	Sample 21	2	1	9	72390	37	1.00
B9	Sample 21	2	1	10	77390	37	0.99
B9	Sample 21	2	1	11	82400	36.96	1.00
B9	Sample 21	2	1	12	87390	36.96	0.99
B9	Sample 21	2	1	13	92390	36.96	1.00
B9	Sample 21	2	1	14	97400	37	0.99
B9	Sample 21	2	1	15	102390	36.91	1.00
B10	Sample 22	2	1	1	32370	36.91	1.02
B10	Sample 22	2	1	2	37390	37	1.02
B10	Sample 22	2	1	3	42390	36.96	1.02
B10	Sample 22	2	1	4	47390	36.96	1.02
B10	Sample 22	2	1	5	52390	37	1.01
B10	Sample 22	2	1	6	57380	37	1.01
B10	Sample 22	2	1	7	62390	36.96	1.01
B10	Sample 22	2	1	8	67410	36.96	1.01
B10	Sample 22	2	1	9	72390	37	1.01
B10	Sample 22	2	1	10	77390	37	1.01
B10	Sample 22	2	1	11	82400	36.96	1.00
B10	Sample 22	2	1	12	87390	36.96	1.00
B10	Sample 22	2	1	13	92390	36.96	1.00
B10	Sample 22	2	1	14	97400	37	1.00
B10	Sample 22	2	1	15	102390	36.91	1.00
B11	Sample 23	2	1	1	32370	36.91	1.04
B11	Sample 23	2	1	2	37390	37	1.03
B11	Sample 23	2	1	3	42390	36.96	1.03
B11	Sample 23	2	1	4	47390	36.96	1.04
B11	Sample 23	2	1	5	52390	37	1.03
B11	Sample 23	2	1	6	57380	37	1.03
B11	Sample 23	2	1	7	62390	36.96	1.03
B11	Sample 23	2	1	8	67410	36.96	1.02
B11	Sample 23	2	1	9	72390	37	1.03
B11	Sample 23	2	1	10	77390	37	1.03
B11	Sample 23	2	1	11	82400	36.96	1.02
B11	Sample 23	2	1	12	87390	36.96	1.01
B11	Sample 23	2	1	13	92390	36.96	1.01
B11	Sample 23	2	1	14	97400	37	1.01
B11	Sample 23	2	1	15	102390	36.91	1.01
B12	Sample 24	2	1	1	32370	36.91	0.99
B12	Sample 24	2	1	2	37390	37	0.98
B12	Sample 24	2	1	3	42390	36.96	0.99
B12	Sample 24	2	1	4	47390	36.96	0.98
B12	Sample 24	2	1	5	52390	37	0.98
B12	Sample 24	2	1	6	57380	37	0.98
B12	Sample 24	2	1	7	62390	36.96	0.98
B12	Sample 24	2	1	8	67410	36.96	0.98
B12	Sample 24	2	1	9	72390	37	0.98
B12	Sample 24	2	1	10	77390	37	0.98
B12	Sample 24	2	1	11	82400	36.96	0.98
B12	Sample 24	2	1	12	87390	36.96	0.97
B12	Sample 24	2	1	13	92390	36.96	0.98
B12	Sample 24	2	1	14	97400	37	0.98
B12	Sample 24	2	1	15	102390	36.91	0.98
C1	Sample 25	2	1	1	32370	36.91	0.96
C1	Sample 25	2	1	2	37390	37	0.95
C1	Sample 25	2	1	3	42390	36.96	0.96
C1	Sample 25	2	1	4	47390	36.96	0.96
C1	Sample 25	2	1	5	52390	37	0.96
C1	Sample 25	2	1	6	57380	37	0.96
C1	Sample 25	2	1	7	62390	36.96	0.96
C1	Sample 25	2	1	8	67410	36.96	0.95
C1	Sample 25	2	1	9	72390	37	0.95
C1	Sample 25	2	1	10	77390	37	0.95
C1	Sample 25	2	1	11	82400	36.96	0.95
C1	Sample 25	2	1	12	87390	36.96	0.95
C1	Sample 25	2	1	13	92390	36.96	0.95
C1	Sample 25	2	1	14	97400	37	0.95
C1	Sample 25	2	1	15	102390	36.91	0.96
C2	Sample 26	2	1	1	32370	36.91	1.02
C2	Sample 26	2	1	2	37390	37	1.03
C2	Sample 26	2	1	3	42390	36.96	1.03
C2	Sample 26	2	1	4	47390	36.96	1.03
C2	Sample 26	2	1	5	52390	37	1.02
C2	Sample 26	2	1	6	57380	37	1.03
C2	Sample 26	2	1	7	62390	36.96	1.03
C2	Sample 26	2	1	8	67410	36.96	1.02
C2	Sample 26	2	1	9	72390	37	1.02
C2	Sample 26	2	1	10	77390	37	1.02
C2	Sample 26	2	1	11	82400	36.96	1.02
C2	Sample 26	2	1	12	87390	36.96	1.02
C2	Sample 26	2	1	13	92390	36.96	1.02
C2	Sample 26	2	1	14	97400	37	1.03
C2	Sample 26	2	1	15	102390	36.91	1.02
C3	Sample 27	2	1	1	32370	36.91	1.02
C3	Sample 27	2	1	2	37390	37	1.02
C3	Sample 27	2	1	3	42390	36.96	1.02
C3	Sample 27	2	1	4	47390	36.96	1.02
C3	Sample 27	2	1	5	52390	37	1.02
C3	Sample 27	2	1	6	57380	37	1.02
C3	Sample 27	2	1	7	62390	36.96	1.03
C3	Sample 27	2	1	8	67410	36.96	1.02
C3	Sample 27	2	1	9	72390	37	1.02
C3	Sample 27	2	1	10	77390	37	1.02
C3	Sample 27	2	1	11	82400	36.96	1.02
C3	Sample 27	2	1	12	87390	36.96	1.01
C3	Sample 27	2	1	13	92390	36.96	1.02
C3	Sample 27	2	1	14	97400	37	1.02
C3	Sample 27	2	1	15	102390	36.91	1.02
C4	Sample 28	2	1	1	32370	36.91	1.09
C4	Sample 28	2	1	2	37390	37	1.09
C4	Sample 28	2	1	3	42390	36.96	1.10
C4	Sample 28	2	1	4	47390	36.96	1.09
C4	Sample 28	2	1	5	52390	37	1.08
C4	Sample 28	2	1	6	57380	37	1.09
C4	Sample 28	2	1	7	62390	36.96	1.08
C4	Sample 28	2	1	8	67410	36.96	1.08
C4	Sample 28	2	1	9	72390	37	1.08
C4	Sample 28	2	1	10	77390	37	1.08
C4	Sample 28	2	1	11	82400	36.96	1.08
C4	Sample 28	2	1	12	87390	36.96	1.08
C4	Sample 28	2	1	13	92390	36.96	1.08
C4	Sample 28	2	1	14	97400	37	1.08
C4	Sample 28	2	1	15	102390	36.91	1.07
C5	Sample 29	2	1	1	32370	36.91	0.57
C5	Sample 29	2	1	2	37390	37	0.57
C5	Sample 29	2	1	3	42390	36.96	0.57
C5	Sample 29	2	1	4	47390	36.96	0.56
C5	Sample 29	2	1	5	52390	37	0.57
C5	Sample 29	2	1	6	57380	37	0.57
C5	Sample 29	2	1	7	62390	36.96	0.56
C5	Sample 29	2	1	8	67410	36.96	0.56
C5	Sample 29	2	1	9	72390	37	0.56
C5	Sample 29	2	1	10	77390	37	0.56
C5	Sample 29	2	1	11	82400	36.96	0.56
C5	Sample 29	2	1	12	87390	36.96	0.56
C5	Sample 29	2	1	13	92390	36.96	0.56
C5	Sample 29	2	1	14	97400	37	0.56
C5	Sample 29	2	1	15	102390	36.91	0.56
C6	Sample 30	2	1	1	32370	36.91	0.62
C6	Sample 30	2	1	2	37390	37	0.62
C6	Sample 30	2	1	3	42390	36.96	0.63
C6	Sample 30	2	1	4	47390	36.96	0.64
C6	Sample 30	2	1	5	52390	37	0.62
C6	Sample 30	2	1	6	57380	37	0.63
C6	Sample 30	2	1	7	62390	36.96	0.62
C6	Sample 30	2	1	8	67410	36.96	0.63
C6	Sample 30	2	1	9	72390	37	0.62
C6	Sample 30	2	1	10	77390	37	0.62
C6	Sample 30	2	1	11	82400	36.96	0.63
C6	Sample 30	2	1	12	87390	36.96	0.63
C6	Sample 30	2	1	13	92390	36.96	0.62
C6	Sample 30	2	1	14	97400	37	0.63
C6	Sample 30	2	1	15	102390	36.91	0.62
C7	Sample 31	2	1	1	32370	36.91	0.65
C7	Sample 31	2	1	2	37390	37	0.64
C7	Sample 31	2	1	3	42390	36.96	0.65
C7	Sample 31	2	1	4	47390	36.96	0.64
C7	Sample 31	2	1	5	52390	37	0.64
C7	Sample 31	2	1	6	57380	37	0.65
C7	Sample 31	2	1	7	62390	36.96	0.64
C7	Sample 31	2	1	8	67410	36.96	0.64
C7	Sample 31	2	1	9	72390	37	0.64
C7	Sample 31	2	1	10	77390	37	0.64
C7	Sample 31	2	1	11	82400	36.96	0.64
C7	Sample 31	2	1	12	87390	36.96	0.64
C7	Sample 31	2	1	13	92390	36.96	0.63
C7	Sample 31	2	1	14	97400	37	0.64
C7	Sample 31	2	1	15	102390	36.91	0.64
C8	Sample 32	2	1	1	32370	36.91	0.59
C8	Sample 32	2	1	2	37390	37	0.59
C8	Sample 32	2	1	3	42390	36.96	0.60
C8	Sample 32	2	1	4	47390	36.96	0.59
C8	Sample 32	2	1	5	52390	37	0.59
C8	Sample 32	2	1	6	57380	37	0.60
C8	Sample 32	2	1	7	62390	36.96	0.59
C8	Sample 32	2	1	8	67410	36.96	0.59
C8	Sample 32	2	1	9	72390	37	0.59
C8	Sample 32	2	1	10	77390	37	0.59
C8	Sample 32	2	1	11	82400	36.96	0.58
C8	Sample 32	2	1	12	87390	36.96	0.59
C8	Sample 32	2	1	13	92390	36.96	0.59
C8	Sample 32	2	1	14	97400	37	0.59
C8	Sample 32	2	1	15	102390	36.91	0.59
C9	Sample 33	2	1	1	32370	36.91	1.03
C9	Sample 33	2	1	2	37390	37	1.03
C9	Sample 33	2	1	3	42390	36.96	1.03
C9	Sample 33	2	1	4	47390	36.96	1.03
C9	Sample 33	2	1	5	52390	37	1.02
C9	Sample 33	2	1	6	57380	37	1.03
C9	Sample 33	2	1	7	62390	36.96	1.02
C9	Sample 33	2	1	8	67410	36.96	1.02
C9	Sample 33	2	1	9	72390	37	1.02
C9	Sample 33	2	1	10	77390	37	1.01
C9	Sample 33	2	1	11	82400	36.96	1.03
C9	Sample 33	2	1	12	87390	36.96	1.02
C9	Sample 33	2	1	13	92390	36.96	1.01
C9	Sample 33	2	1	14	97400	37	1.01
C9	Sample 33	2	1	15	102390	36.91	1.01
C10	Sample 34	2	1	1	32370	36.91	1.00
C10	Sample 34	2	1	2	37390	37	1.01
C10	Sample 34	2	1	3	42390	36.96	1.00
C10	Sample 34	2	1	4	47390	36.96	1.00
C10	Sample 34	2	1	5	52390	37	0.99
C10	Sample 34	2	1	6	57380	37	1.00
C10	Sample 34	2	1	7	62390	36.96	1.00
C10	Sample 34	2	1	8	67410	36.96	0.99
C10	Sample 34	2	1	9	72390	37	1.00
C10	Sample 34	2	1	10	77390	37	0.99
C10	Sample 34	2	1	11	82400	36.96	0.99
C10	Sample 34	2	1	12	87390	36.96	0.99
C10	Sample 34	2	1	13	92390	36.96	0.99
C10	Sample 34	2	1	14	97400	37	0.99
C10	Sample 34	2	1	15	102390	36.91	0.99
C11	Sample 35	2	1	1	32370	36.91	1.01
C11	Sample 35	2	1	2	37390	37	0.98
C11	Sample 35	2	1	3	42390	36.96	0.99
C11	Sample 35	2	1	4	47390	36.96	0.99
C11	Sample 35	2	1	5	52390	37	0.98
C11	Sample 35	2	1	6	57380	37	0.99
C11	Sample 35	2	1	7	62390	36.96	0.98
C11	Sample 35	2	1	8	67410	36.96	0.98
C11	Sample 35	2	1	9	72390	37	0.98
C11	Sample 35	2	1	10	77390	37	0.98
C11	Sample 35	2	1	11	82400	36.96	0.98
C11	Sample 35	2	1	12	87390	36.96	0.98
C11	Sample 35	2	1	13	92390	36.96	0.98
C11	Sample 35	2	1	14	97400	37	0.98
C11	Sample 35	2	1	15	102390	36.91	0.98
C12	Sample 36	2	1	1	32370	36.91	1.02
C12	Sample 36	2	1	2	37390	37	1.01
C12	Sample 36	2	1	3	42390	36.96	1.01
C12	Sample 36	2	1	4	47390	36.96	1.01
C12	Sample 36	2	1	5	52390	37	1.01
C12	Sample 36	2	1	6	57380	37	1.01
C12	Sample 36	2	1	7	62390	36.96	1.01
C12	Sample 36	2	1	8	67410	36.96	1.00
C12	Sample 36	2	1	9	72390	37	1.01
C12	Sample 36	2	1	10	77390	37	1.00
C12	Sample 36	2	1	11	82400	36.96	1.01
C12	Sample 36	2	1	12	87390	36.96	1.00
C12	Sample 36	2	1	13	92390	36.96	1.00
C12	Sample 36	2	1	14	97400	37	1.00
C12	Sample 36	2	1	15	102390	36.91	1.00
D1	Sample 37	2	1	1	32370	36.91	0.98
D1	Sample 37	2	1	2	37390	37	0.99
D1	Sample 37	2	1	3	42390	36.96	0.99
D1	Sample 37	2	1	4	47390	36.96	0.99
D1	Sample 37	2	1	5	52390	37	0.99
D1	Sample 37	2	1	6	57380	37	0.98
D1	Sample 37	2	1	7	62390	36.96	0.99
D1	Sample 37	2	1	8	67410	36.96	0.99
D1	Sample 37	2	1	9	72390	37	0.98
D1	Sample 37	2	1	10	77390	37	0.99
D1	Sample 37	2	1	11	82400	36.96	0.98
D1	Sample 37	2	1	12	87390	36.96	0.98
D1	Sample 37	2	1	13	92390	36.96	0.98
D1	Sample 37	2	1	14	97400	37	0.98
D1	Sample 37	2	1	15	102390	36.91	0.98
D2	Sample 38	2	1	1	32370	36.91	1.01
D2	Sample 38	2	1	2	37390	37	1.01
D2	Sample 38	2	1	3	42390	36.96	1.01
D2	Sample 38	2	1	4	47390	36.96	1.00
D2	Sample 38	2	1	5	52390	37	1.01
D2	Sample 38	2	1	6	57380	37	1.01
D2	Sample 38	2	1	7	62390	36.96	1.00
D2	Sample 38	2	1	8	67410	36.96	1.01
D2	Sample 38	2	1	9	72390	37	1.00
D2	Sample 38	2	1	10	77390	37	1.00
D2	Sample 38	2	1	11	82400	36.96	1.00
D2	Sample 38	2	1	12	87390	36.96	0.99
D2	Sample 38	2	1	13	92390	36.96	1.00
D2	Sample 38	2	1	14	97400	37	1.01
D2	Sample 38	2	1	15	102390	36.91	0.99
D3	Sample 39	2	1	1	32370	36.91	1.05
D3	Sample 39	2	1	2	37390	37	1.06
D3	Sample 39	2	1	3	42390	36.96	1.05
D3	Sample 39	2	1	4	47390	36.96	1.05
D3	Sample 39	2	1	5	52390	37	1.05
D3	Sample 39	2	1	6	57380	37	1.05
D3	Sample 39	2	1	7	62390	36.96	1.05
D3	Sample 39	2	1	8	67410	36.96	1.05
D3	Sample 39	2	1	9	72390	37	1.05
D3	Sample 39	2	1	10	77390	37	1.05
D3	Sample 39	2	1	11	82400	36.96	1.05
D3	Sample 39	2	1	12	87390	36.96	1.04
D3	Sample 39	2	1	13	92390	36.96	1.04
D3	Sample 39	2	1	14	97400	37	1.05
D3	Sample 39	2	1	15	102390	36.91	1.04
D4	Sample 40	2	1	1	32370	36.91	1.03
D4	Sample 40	2	1	2	37390	37	1.03
D4	Sample 40	2	1	3	42390	36.96	1.02
D4	Sample 40	2	1	4	47390	36.96	1.02
D4	Sample 40	2	1	5	52390	37	1.02
D4	Sample 40	2	1	6	57380	37	1.02
D4	Sample 40	2	1	7	62390	36.96	1.01
D4	Sample 40	2	1	8	67410	36.96	1.02
D4	Sample 40	2	1	9	72390	37	1.02
D4	Sample 40	2	1	10	77390	37	1.02
D4	Sample 40	2	1	11	82400	36.96	1.01
D4	Sample 40	2	1	12	87390	36.96	1.01
D4	Sample 40	2	1	13	92390	36.96	1.01
D4	Sample 40	2	1	14	97400	37	1.02
D4	Sample 40	2	1	15	102390	36.91	1.01
D5	Sample 41	2	1	1	32370	36.91	0.58
D5	Sample 41	2	1	2	37390	37	0.59
D5	Sample 41	2	1	3	42390	36.96	0.59
D5	Sample 41	2	1	4	47390	36.96	0.58
D5	Sample 41	2	1	5	52390	37	0.59
D5	Sample 41	2	1	6	57380	37	0.59
D5	Sample 41	2	1	7	62390	36.96	0.58
D5	Sample 41	2	1	8	67410	36.96	0.58
D5	Sample 41	2	1	9	72390	37	0.58
D5	Sample 41	2	1	10	77390	37	0.58
D5	Sample 41	2	1	11	82400	36.96	0.58
D5	Sample 41	2	1	12	87390	36.96	0.58
D5	Sample 41	2	1	13	92390	36.96	0.58
D5	Sample 41	2	1	14	97400	37	0.58
D5	Sample 41	2	1	15	102390	36.91	0.58
D6	Sample 42	2	1	1	32370	36.91	0.59
D6	Sample 42	2	1	2	37390	37	0.58
D6	Sample 42	2	1	3	42390	36.96	0.59
D6	Sample 42	2	1	4	47390	36.96	0.59
D6	Sample 42	2	1	5	52390	37	0.59
D6	Sample 42	2	1	6	57380	37	0.59
D6	Sample 42	2	1	7	62390	36.96	0.59
D6	Sample 42	2	1	8	67410	36.96	0.59
D6	Sample 42	2	1	9	72390	37	0.58
D6	Sample 42	2	1	10	77390	37	0.59
D6	Sample 42	2	1	11	82400	36.96	0.59
D6	Sample 42	2	1	12	87390	36.96	0.59
D6	Sample 42	2	1	13	92390	36.96	0.59
D6	Sample 42	2	1	14	97400	37	0.59
D6	Sample 42	2	1	15	102390	36.91	0.59
D7	Sample 43	2	1	1	32370	36.91	0.62
D7	Sample 43	2	1	2	37390	37	0.62
D7	Sample 43	2	1	3	42390	36.96	0.62
D7	Sample 43	2	1	4	47390	36.96	0.62
D7	Sample 43	2	1	5	52390	37	0.62
D7	Sample 43	2	1	6	57380	37	0.62
D7	Sample 43	2	1	7	62390	36.96	0.62
D7	Sample 43	2	1	8	67410	36.96	0.62
D7	Sample 43	2	1	9	72390	37	0.62
D7	Sample 43	2	1	10	77390	37	0.61
D7	Sample 43	2	1	11	82400	36.96	0.62
D7	Sample 43	2	1	12	87390	36.96	0.61
D7	Sample 43	2	1	13	92390	36.96	0.61
D7	Sample 43	2	1	14	97400	37	0.61
D7	Sample 43	2	1	15	102390	36.91	0.61
D8	Sample 44	2	1	1	32370	36.91	0.58
D8	Sample 44	2	1	2	37390	37	0.58
D8	Sample 44	2	1	3	42390	36.96	0.58
D8	Sample 44	2	1	4	47390	36.96	0.57
D8	Sample 44	2	1	5	52390	37	0.57
D8	Sample 44	2	1	6	57380	37	0.57
D8	Sample 44	2	1	7	62390	36.96	0.57
D8	Sample 44	2	1	8	67410	36.96	0.57
D8	Sample 44	2	1	9	72390	37	0.57
D8	Sample 44	2	1	10	77390	37	0.57
D8	Sample 44	2	1	11	82400	36.96	0.57
D8	Sample 44	2	1	12	87390	36.96	0.57
D8	Sample 44	2	1	13	92390	36.96	0.57
D8	Sample 44	2	1	14	97400	37	0.56
D8	Sample 44	2	1	15	102390	36.91	0.57
D9	Sample 45	2	1	1	32370	36.91	1.04
D9	Sample 45	2	1	2	37390	37	1.04
D9	Sample 45	2	1	3	42390	36.96	1.04
D9	Sample 45	2	1	4	47390	36.96	1.03
D9	Sample 45	2	1	5	52390	37	1.03
D9	Sample 45	2	1	6	57380	37	1.03
D9	Sample 45	2	1	7	62390	36.96	1.03
D9	Sample 45	2	1	8	67410	36.96	1.03
D9	Sample 45	2	1	9	72390	37	1.03
D9	Sample 45	2	1	10	77390	37	1.03
D9	Sample 45	2	1	11	82400	36.96	1.03
D9	Sample 45	2	1	12	87390	36.96	1.02
D9	Sample 45	2	1	13	92390	36.96	1.03
D9	Sample 45	2	1	14	97400	37	1.03
D9	Sample 45	2	1	15	102390	36.91	1.02
D10	Sample 46	2	1	1	32370	36.91	1.02
D10	Sample 46	2	1	2	37390	37	1.02
D10	Sample 46	2	1	3	42390	36.96	1.01
D10	Sample 46	2	1	4	47390	36.96	1.02
D10	Sample 46	2	1	5	52390	37	1.02
D10	Sample 46	2	1	6	57380	37	1.01
D10	Sample 46	2	1	7	62390	36.96	1.01
D10	Sample 46	2	1	8	67410	36.96	1.02
D10	Sample 46	2	1	9	72390	37	1.01
D10	Sample 46	2	1	10	77390	37	1.01
D10	Sample 46	2	1	11	82400	36.96	1.01
D10	Sample 46	2	1	12	87390	36.96	1.00
D10	Sample 46	2	1	13	92390	36.96	1.01
D10	Sample 46	2	1	14	97400	37	1.02
D10	Sample 46	2	1	15	102390	36.91	1.01
D11	Sample 47	2	1	1	32370	36.91	0.96
D11	Sample 47	2	1	2	37390	37	0.96
D11	Sample 47	2	1	3	42390	36.96	0.96
D11	Sample 47	2	1	4	47390	36.96	0.96
D11	Sample 47	2	1	5	52390	37	0.96
D11	Sample 47	2	1	6	57380	37	0.96
D11	Sample 47	2	1	7	62390	36.96	0.95
D11	Sample 47	2	1	8	67410	36.96	0.95
D11	Sample 47	2	1	9	72390	37	0.95
D11	Sample 47	2	1	10	77390	37	0.96
D11	Sample 47	2	1	11	82400	36.96	0.95
D11	Sample 47	2	1	12	87390	36.96	0.95
D11	Sample 47	2	1	13	92390	36.96	0.95
D11	Sample 47	2	1	14	97400	37	0.96
D11	Sample 47	2	1	15	102390	36.91	0.95
D12	Sample 48	2	1	1	32370	36.91	1.00
D12	Sample 48	2	1	2	37390	37	1.00
D12	Sample 48	2	1	3	42390	36.96	1.00
D12	Sample 48	2	1	4	47390	36.96	1.00
D12	Sample 48	2	1	5	52390	37	0.99
D12	Sample 48	2	1	6	57380	37	0.99
D12	Sample 48	2	1	7	62390	36.96	0.99
D12	Sample 48	2	1	8	67410	36.96	1.00
D12	Sample 48	2	1	9	72390	37	0.99
D12	Sample 48	2	1	10	77390	37	0.99
D12	Sample 48	2	1	11	82400	36.96	1.00
D12	Sample 48	2	1	12	87390	36.96	0.99
D12	Sample 48	2	1	13	92390	36.96	0.99
D12	Sample 48	2	1	14	97400	37	0.99
D12	Sample 48	2	1	15	102390	36.91	0.99
E1	Sample 49	2	1	1	32370	36.91	0.97
E1	Sample 49	2	1	2	37390	37	0.97
E1	Sample 49	2	1	3	42390	36.96	0.98
E1	Sample 49	2	1	4	47390	36.96	0.97
E1	Sample 49	2	1	5	52390	37	0.97
E1	Sample 49	2	1	6	57380	37	0.97
E1	Sample 49	2	1	7	62390	36.96	0.98
E1	Sample 49	2	1	8	67410	36.96	0.97
E1	Sample 49	2	1	9	72390	37	0.97
E1	Sample 49	2	1	10	77390	37	0.97
E1	Sample 49	2	1	11	82400	36.96	0.97
E1	Sample 49	2	1	12	87390	36.96	0.97
E1	Sample 49	2	1	13	92390	36.96	0.97
E1	Sample 49	2	1	14	97400	37	0.97
E1	Sample 49	2	1	15	102390	36.91	0.97
E2	Sample 50	2	1	1	32370	36.91	0.98
E2	Sample 50	2	1	2	37390	37	0.97
E2	Sample 50	2	1	3	42390	36.96	0.98
E2	Sample 50	2	1	4	47390	36.96	0.98
E2	Sample 50	2	1	5	52390	37	0.97
E2	Sample 50	2	1	6	57380	37	0.98
E2	Sample 50	2	1	7	62390	36.96	0.97
E2	Sample 50	2	1	8	67410	36.96	0.97
E2	Sample 50	2	1	9	72390	37	0.97
E2	Sample 50	2	1	10	77390	37	0.97
E2	Sample 50	2	1	11	82400	36.96	0.98
E2	Sample 50	2	1	12	87390	36.96	0.97
E2	Sample 50	2	1	13	92390	36.96	0.97
E2	Sample 50	2	1	14	97400	37	0.97
E2	Sample 50	2	1	15	102390	36.91	0.97
E3	Sample 51	2	1	1	32370	36.91	1.04
E3	Sample 51	2	1	2	37390	37	1.03
E3	Sample 51	2	1	3	42390	36.96	1.03
E3	Sample 51	2	1	4	47390	36.96	1.04
E3	Sample 51	2	1	5	52390	37	1.03
E3	Sample 51	2	1	6	57380	37	1.03
E3	Sample 51	2	1	7	62390	36.96	1.02
E3	Sample 51	2	1	8	67410	36.96	1.02
E3	Sample 51	2	1	9	72390	37	1.03
E3	Sample 51	2	1	10	77390	37	1.02
E3	Sample 51	2	1	11	82400	36.96	1.02
E3	Sample 51	2	1	12	87390	36.96	1.03
E3	Sample 51	2	1	13	92390	36.96	1.02
E3	Sample 51	2	1	14	97400	37	1.02
E3	Sample 51	2	1	15	102390	36.91	1.02
E4	Sample 52	2	1	1	32370	36.91	1.10
E4	Sample 52	2	1	2	37390	37	1.09
E4	Sample 52	2	1	3	42390	36.96	1.10
E4	Sample 52	2	1	4	47390	36.96	1.09
E4	Sample 52	2	1	5	52390	37	1.08
E4	Sample 52	2	1	6	57380	37	1.09
E4	Sample 52	2	1	7	62390	36.96	1.09
E4	Sample 52	2	1	8	67410	36.96	1.08
E4	Sample 52	2	1	9	72390	37	1.09
E4	Sample 52	2	1	10	77390	37	1.08
E4	Sample 52	2	1	11	82400	36.96	1.08
E4	Sample 52	2	1	12	87390	36.96	1.08
E4	Sample 52	2	1	13	92390	36.96	1.08
E4	Sample 52	2	1	14	97400	37	1.08
E4	Sample 52	2	1	15	102390	36.91	1.08
E5	Sample 53	2	1	1	32370	36.91	0.63
E5	Sample 53	2	1	2	37390	37	0.63
E5	Sample 53	2	1	3	42390	36.96	0.63
E5	Sample 53	2	1	4	47390	36.96	0.63
E5	Sample 53	2	1	5	52390	37	0.62
E5	Sample 53	2	1	6	57380	37	0.63
E5	Sample 53	2	1	7	62390	36.96	0.63
E5	Sample 53	2	1	8	67410	36.96	0.62
E5	Sample 53	2	1	9	72390	37	0.63
E5	Sample 53	2	1	10	77390	37	0.62
E5	Sample 53	2	1	11	82400	36.96	0.62
E5	Sample 53	2	1	12	87390	36.96	0.63
E5	Sample 53	2	1	13	92390	36.96	0.62
E5	Sample 53	2	1	14	97400	37	0.63
E5	Sample 53	2	1	15	102390	36.91	0.62
E6	Sample 54	2	1	1	32370	36.91	0.61
E6	Sample 54	2	1	2	37390	37	0.61
E6	Sample 54	2	1	3	42390	36.96	0.61
E6	Sample 54	2	1	4	47390	36.96	0.61
E6	Sample 54	2	1	5	52390	37	0.61
E6	Sample 54	2	1	6	57380	37	0.62
E6	Sample 54	2	1	7	62390	36.96	0.61
E6	Sample 54	2	1	8	67410	36.96	0.61
E6	Sample 54	2	1	9	72390	37	0.61
E6	Sample 54	2	1	10	77390	37	0.61
E6	Sample 54	2	1	11	82400	36.96	0.61
E6	Sample 54	2	1	12	87390	36.96	0.61
E6	Sample 54	2	1	13	92390	36.96	0.61
E6	Sample 54	2	1	14	97400	37	0.60
E6	Sample 54	2	1	15	102390	36.91	0.61
E7	Sample 55	2	1	1	32370	36.91	0.59
E7	Sample 55	2	1	2	37390	37	0.59
E7	Sample 55	2	1	3	42390	36.96	0.60
E7	Sample 55	2	1	4	47390	36.96	0.60
E7	Sample 55	2	1	5	52390	37	0.59
E7	Sample 55	2	1	6	57380	37	0.59
E7	Sample 55	2	1	7	62390	36.96	0.59
E7	Sample 55	2	1	8	67410	36.96	0.59
E7	Sample 55	2	1	9	72390	37	0.59
E7	Sample 55	2	1	10	77390	37	0.59
E7	Sample 55	2	1	11	82400	36.96	0.59
E7	Sample 55	2	1	12	87390	36.96	0.59
E7	Sample 55	2	1	13	92390	36.96	0.59
E7	Sample 55	2	1	14	97400	37	0.58
E7	Sample 55	2	1	15	102390	36.91	0.59
E8	Sample 56	2	1	1	32370	36.91	0.59
E8	Sample 56	2	1	2	37390	37	0.59
E8	Sample 56	2	1	3	42390	36.96	0.59
E8	Sample 56	2	1	4	47390	36.96	0.59
E8	Sample 56	2	1	5	52390	37	0.59
E8	Sample 56	2	1	6	57380	37	0.59
E8	Sample 56	2	1	7	62390	36.96	0.58
E8	Sample 56	2	1	8	67410	36.96	0.59
E8	Sample 56	2	1	9	72390	37	0.59
E8	Sample 56	2	1	10	77390	37	0.58
E8	Sample 56	2	1	11	82400	36.96	0.59
E8	Sample 56	2	1	12	87390	36.96	0.58
E8	Sample 56	2	1	13	92390	36.96	0.58
E8	Sample 56	2	1	14	97400	37	0.58
E8	Sample 56	2	1	15	102390	36.91	0.59
E9	Sample 57	2	1	1	32370	36.91	1.02
E9	Sample 57	2	1	2	37390	37	1.02
E9	Sample 57	2	1	3	42390	36.96	1.03
E9	Sample 57	2	1	4	47390	36.96	1.01
E9	Sample 57	2	1	5	52390	37	1.02
E9	Sample 57	2	1	6	57380	37	1.02
E9	Sample 57	2	1	7	62390	36.96	1.02
E9	Sample 57	2	1	8	67410	36.96	1.02
E9	Sample 57	2	1	9	72390	37	1.01
E9	Sample 57	2	1	10	77390	37	1.01
E9	Sample 57	2	1	11	82400	36.96	1.01
E9	Sample 57	2	1	12	87390	36.96	1.01
E9	Sample 57	2	1	13	92390	36.96	1.02
E9	Sample 57	2	1	14	97400	37	1.01
E9	Sample 57	2	1	15	102390	36.91	1.01
E10	Sample 58	2	1	1	32370	36.91	1.01
E10	Sample 58	2	1	2	37390	37	1.00
E10	Sample 58	2	1	3	42390	36.96	1.01
E10	Sample 58	2	1	4	47390	36.96	1.01
E10	Sample 58	2	1	5	52390	37	1.00
E10	Sample 58	2	1	6	57380	37	1.00
E10	Sample 58	2	1	7	62390	36.96	1.00
E10	Sample 58	2	1	8	67410	36.96	1.00
E10	Sample 58	2	1	9	72390	37	1.00
E10	Sample 58	2	1	10	77390	37	0.99
E10	Sample 58	2	1	11	82400	36.96	1.00
E10	Sample 58	2	1	12	87390	36.96	1.00
E10	Sample 58	2	1	13	92390	36.96	1.00
E10	Sample 58	2	1	14	97400	37	0.99
E10	Sample 58	2	1	15	102390	36.91	0.99
E11	Sample 59	2	1	1	32370	36.91	1.02
E11	Sample 59	2	1	2	37390	37	1.01
E11	Sample 59	2	1	3	42390	36.96	1.01
E11	Sample 59	2	1	4	47390	36.96	1.01
E11	Sample 59	2	1	5	52390	37	1.01
E11	Sample 59	2	1	6	57380	37	1.01
E11	Sample 59	2	1	7	62390	36.96	1.01
E11	Sample 59	2	1	8	67410	36.96	1.00
E11	Sample 59	2	1	9	72390	37	1.01
E11	Sample 59	2	1	10	77390	37	1.00
E11	Sample 59	2	1	11	82400	36.96	1.00
E11	Sample 59	2	1	12	87390	36.96	1.01
E11	Sample 59	2	1	13	92390	36.96	1.00
E11	Sample 59	2	1	14	97400	37	1.00
E11	Sample 59	2	1	15	102390	36.91	1.00
E12	Sample 60	2	1	1	32370	36.91	0.95
E12	Sample 60	2	1	2	37390	37	0.95
E12	Sample 60	2	1	3	42390	36.96	0.96
E12	Sample 60	2	1	4	47390	36.96	0.95
E12	Sample 60	2	1	5	52390	37	0.95
E12	Sample 60	2	1	6	57380	37	0.95
E12	Sample 60	2	1	7	62390	36.96	0.95
E12	Sample 60	2	1	8	67410	36.96	0.95
E12	Sample 60	2	1	9	72390	37	0.95
E12	Sample 60	2	1	10	77390	37	0.95
E12	Sample 60	2	1	11	82400	36.96	0.95
E12	Sample 60	2	1	12	87390	36.96	0.95
E12	Sample 60	2	1	13	92390	36.96	0.95
E12	Sample 60	2	1	14	97400	37	0.95
E12	Sample 60	2	1	15	102390	36.91	0.95
F1	Sample 61	2	1	1	32370	36.91	0.95
F1	Sample 61	2	1	2	37390	37	0.95
F1	Sample 61	2	1	3	42390	36.96	0.95
F1	Sample 61	2	1	4	47390	36.96	0.95
F1	Sample 61	2	1	5	52390	37	0.95
F1	Sample 61	2	1	6	57380	37	0.95
F1	Sample 61	2	1	7	62390	36.96	0.94
F1	Sample 61	2	1	8	67410	36.96	0.95
F1	Sample 61	2	1	9	72390	37	0.95
F1	Sample 61	2	1	10	77390	37	0.95
F1	Sample 61	2	1	11	82400	36.96	0.95
F1	Sample 61	2	1	12	87390	36.96	0.95
F1	Sample 61	2	1	13	92390	36.96	0.95
F1	Sample 61	2	1	14	97400	37	0.95
F1	Sample 61	2	1	15	102390	36.91	0.95
F2	Sample 62	2	1	1	32370	36.91	1.00
F2	Sample 62	2	1	2	37390	37	1.00
F2	Sample 62	2	1	3	42390	36.96	1.00
F2	Sample 62	2	1	4	47390	36.96	1.00
F2	Sample 62	2	1	5	52390	37	1.00
F2	Sample 62	2	1	6	57380	37	1.00
F2	Sample 62	2	1	7	62390	36.96	1.00
F2	Sample 62	2	1	8	67410	36.96	1.00
F2	Sample 62	2	1	9	72390	37	1.00
F2	Sample 62	2	1	10	77390	37	1.00
F2	Sample 62	2	1	11	82400	36.96	1.00
F2	Sample 62	2	1	12	87390	36.96	0.99
F2	Sample 62	2	1	13	92390	36.96	1.00
F2	Sample 62	2	1	14	97400	37	1.00
F2	Sample 62	2	1	15	102390	36.91	1.00
F3	Sample 63	2	1	1	32370	36.91	1.06
F3	Sample 63	2	1	2	37390	37	1.05
F3	Sample 63	2	1	3	42390	36.96	1.05
F3	Sample 63	2	1	4	47390	36.96	1.04
F3	Sample 63	2	1	5	52390	37	1.05
F3	Sample 63	2	1	6	57380	37	1.05
F3	Sample 63	2	1	7	62390	36.96	1.04
F3	Sample 63	2	1	8	67410	36.96	1.05
F3	Sample 63	2	1	9	72390	37	1.04
F3	Sample 63	2	1	10	77390	37	1.05
F3	Sample 63	2	1	11	82400	36.96	1.05
F3	Sample 63	2	1	12	87390	36.96	1.04
F3	Sample 63	2	1	13	92390	36.96	1.04
F3	Sample 63	2	1	14	97400	37	1.04
F3	Sample 63	2	1	15	102390	36.91	1.05
F4	Sample 64	2	1	1	32370	36.91	1.10
F4	Sample 64	2	1	2	37390	37	1.09
F4	Sample 64	2	1	3	42390	36.96	1.09
F4	Sample 64	2	1	4	47390	36.96	1.09
F4	Sample 64	2	1	5	52390	37	1.09
F4	Sample 64	2	1	6	57380	37	1.10
F4	Sample 64	2	1	7	62390	36.96	1.08
F4	Sample 64	2	1	8	67410	36.96	1.09
F4	Sample 64	2	1	9	72390	37	1.09
F4	Sample 64	2	1	10	77390	37	1.09
F4	Sample 64	2	1	11	82400	36.96	1.09
F4	Sample 64	2	1	12	87390	36.96	1.09
F4	Sample 64	2	1	13	92390	36.96	1.09
F4	Sample 64	2	1	14	97400	37	1.08
F4	Sample 64	2	1	15	102390	36.91	1.08
F5	Sample 65	2	1	1	32370	36.91	0.74
F5	Sample 65	2	1	2	37390	37	0.73
F5	Sample 65	2	1	3	42390	36.96	0.73
F5	Sample 65	2	1	4	47390	36.96	0.73
F5	Sample 65	2	1	5	52390	37	0.73
F5	Sample 65	2	1	6	57380	37	0.73
F5	Sample 65	2	1	7	62390	36.96	0.72
F5	Sample 65	2	1	8	67410	36.96	0.73
F5	Sample 65	2	1	9	72390	37	0.73
F5	Sample 65	2	1	10	77390	37	0.72
F5	Sample 65	2	1	11	82400	36.96	0.73
F5	Sample 65	2	1	12	87390	36.96	0.72
F5	Sample 65	2	1	13	92390	36.96	0.73
F5	Sample 65	2	1	14	97400	37	0.73
F5	Sample 65	2	1	15	102390	36.91	0.73
F6	Sample 66	2	1	1	32370	36.91	0.71
F6	Sample 66	2	1	2	37390	37	0.70
F6	Sample 66	2	1	3	42390	36.96	0.70
F6	Sample 66	2	1	4	47390	36.96	0.70
F6	Sample 66	2	1	5	52390	37	0.70
F6	Sample 66	2	1	6	57380	37	0.70
F6	Sample 66	2	1	7	62390	36.96	0.69
F6	Sample 66	2	1	8	67410	36.96	0.70
F6	Sample 66	2	1	9	72390	37	0.70
F6	Sample 66	2	1	10	77390	37	0.69
F6	Sample 66	2	1	11	82400	36.96	0.70
F6	Sample 66	2	1	12	87390	36.96	0.69
F6	Sample 66	2	1	13	92390	36.96	0.70
F6	Sample 66	2	1	14	97400	37	0.69
F6	Sample 66	2	1	15	102390	36.91	0.70
F7	Sample 67	2	1	1	32370	36.91	0.79
F7	Sample 67	2	1	2	37390	37	0.79
F7	Sample 67	2	1	3	42390	36.96	0.78
F7	Sample 67	2	1	4	47390	36.96	0.79
F7	Sample 67	2	1	5	52390	37	0.78
F7	Sample 67	2	1	6	57380	37	0.79
F7	Sample 67	2	1	7	62390	36.96	0.78
F7	Sample 67	2	1	8	67410	36.96	0.78
F7	Sample 67	2	1	9	72390	37	0.79
F7	Sample 67	2	1	10	77390	37	0.78
F7	Sample 67	2	1	11	82400	36.96	0.79
F7	Sample 67	2	1	12	87390	36.96	0.78
F7	Sample 67	2	1	13	92390	36.96	0.78
F7	Sample 67	2	1	14	97400	37	0.78
F7	Sample 67	2	1	15	102390	36.91	0.78
F8	Sample 68	2	1	1	32370	36.91	0.76
F8	Sample 68	2	1	2	37390	37	0.76
F8	Sample 68	2	1	3	42390	36.96	0.75
F8	Sample 68	2	1	4	47390	36.96	0.76
F8	Sample 68	2	1	5	52390	37	0.75
F8	Sample 68	2	1	6	57380	37	0.76
F8	Sample 68	2	1	7	62390	36.96	0.75
F8	Sample 68	2	1	8	67410	36.96	0.75
F8	Sample 68	2	1	9	72390	37	0.75
F8	Sample 68	2	1	10	77390	37	0.74
F8	Sample 68	2	1	11	82400	36.96	0.75
F8	Sample 68	2	1	12	87390	36.96	0.75
F8	Sample 68	2	1	13	92390	36.96	0.74
F8	Sample 68	2	1	14	97400	37	0.74
F8	Sample 68	2	1	15	102390	36.91	0.75
F9	Sample 69	2	1	1	32370	36.91	1.09
F9	Sample 69	2	1	2	37390	37	1.08
F9	Sample 69	2	1	3	42390	36.96	1.08
F9	Sample 69	2	1	4	47390	36.96	1.08
F9	Sample 69	2	1	5	52390	37	1.08
F9	Sample 69	2	1	6	57380	37	1.09
F9	Sample 69	2	1	7	62390	36.96	1.08
F9	Sample 69	2	1	8	67410	36.96	1.08
F9	Sample 69	2	1	9	72390	37	1.08
F9	Sample 69	2	1	10	77390	37	1.08
F9	Sample 69	2	1	11	82400	36.96	1.08
F9	Sample 69	2	1	12	87390	36.96	1.08
F9	Sample 69	2	1	13	92390	36.96	1.08
F9	Sample 69	2	1	14	97400	37	1.08
F9	Sample 69	2	1	15	102390	36.91	1.08
F10	Sample 70	2	1	1	32370	36.91	1.09
F10	Sample 70	2	1	2	37390	37	1.09
F10	Sample 70	2	1	3	42390	36.96	1.09
F10	Sample 70	2	1	4	47390	36.96	1.08
F10	Sample 70	2	1	5	52390	37	1.08
F10	Sample 70	2	1	6	57380	37	1.08
F10	Sample 70	2	1	7	62390	36.96	1.08
F10	Sample 70	2	1	8	67410	36.96	1.08
F10	Sample 70	2	1	9	72390	37	1.08
F10	Sample 70	2	1	10	77390	37	1.08
F10	Sample 70	2	1	11	82400	36.96	1.08
F10	Sample 70	2	1	12	87390	36.96	1.07
F10	Sample 70	2	1	13	92390	36.96	1.07
F10	Sample 70	2	1	14	97400	37	1.07
F10	Sample 70	2	1	15	102390	36.91	1.08
F11	Sample 71	2	1	1	32370	36.91	1.05
F11	Sample 71	2	1	2	37390	37	1.05
F11	Sample 71	2	1	3	42390	36.96	1.04
F11	Sample 71	2	1	4	47390	36.96	1.05
F11	Sample 71	2	1	5	52390	37	1.04
F11	Sample 71	2	1	6	57380	37	1.05
F11	Sample 71	2	1	7	62390	36.96	1.04
F11	Sample 71	2	1	8	67410	36.96	1.04
F11	Sample 71	2	1	9	72390	37	1.04
F11	Sample 71	2	1	10	77390	37	1.04
F11	Sample 71	2	1	11	82400	36.96	1.04
F11	Sample 71	2	1	12	87390	36.96	1.03
F11	Sample 71	2	1	13	92390	36.96	1.04
F11	Sample 71	2	1	14	97400	37	1.04
F11	Sample 71	2	1	15	102390	36.91	1.04
F12	Sample 72	2	1	1	32370	36.91	1.08
F12	Sample 72	2	1	2	37390	37	1.08
F12	Sample 72	2	1	3	42390	36.96	1.08
F12	Sample 72	2	1	4	47390	36.96	1.07
F12	Sample 72	2	1	5	52390	37	1.08
F12	Sample 72	2	1	6	57380	37	1.08
F12	Sample 72	2	1	7	62390	36.96	1.07
F12	Sample 72	2	1	8	67410	36.96	1.07
F12	Sample 72	2	1	9	72390	37	1.07
F12	Sample 72	2	1	10	77390	37	1.07
F12	Sample 72	2	1	11	82400	36.96	1.07
F12	Sample 72	2	1	12	87390	36.96	1.07
F12	Sample 72	2	1	13	92390	36.96	1.07
F12	Sample 72	2	1	14	97400	37	1.07
F12	Sample 72	2	1	15	102390	36.91	1.06
G1	Sample 73	2	1	1	32370	36.91	0.94
G1	Sample 73	2	1	2	37390	37	0.94
G1	Sample 73	2	1	3	42390	36.96	0.94
G1	Sample 73	2	1	4	47390	36.96	0.94
G1	Sample 73	2	1	5	52390	37	0.94
G1	Sample 73	2	1	6	57380	37	0.94
G1	Sample 73	2	1	7	62390	36.96	0.94
G1	Sample 73	2	1	8	67410	36.96	0.94
G1	Sample 73	2	1	9	72390	37	0.94
G1	Sample 73	2	1	10	77390	37	0.93
G1	Sample 73	2	1	11	82400	36.96	0.93
G1	Sample 73	2	1	12	87390	36.96	0.94
G1	Sample 73	2	1	13	92390	36.96	0.94
G1	Sample 73	2	1	14	97400	37	0.93
G1	Sample 73	2	1	15	102390	36.91	0.93
G2	Sample 74	2	1	1	32370	36.91	1.02
G2	Sample 74	2	1	2	37390	37	1.02
G2	Sample 74	2	1	3	42390	36.96	1.02
G2	Sample 74	2	1	4	47390	36.96	1.02
G2	Sample 74	2	1	5	52390	37	1.02
G2	Sample 74	2	1	6	57380	37	1.02
G2	Sample 74	2	1	7	62390	36.96	1.02
G2	Sample 74	2	1	8	67410	36.96	1.02
G2	Sample 74	2	1	9	72390	37	1.02
G2	Sample 74	2	1	10	77390	37	1.02
G2	Sample 74	2	1	11	82400	36.96	1.02
G2	Sample 74	2	1	12	87390	36.96	1.01
G2	Sample 74	2	1	13	92390	36.96	1.01
G2	Sample 74	2	1	14	97400	37	1.01
G2	Sample 74	2	1	15	102390	36.91	1.01
G3	Sample 75	2	1	1	32370	36.91	1.07
G3	Sample 75	2	1	2	37390	37	1.07
G3	Sample 75	2	1	3	42390	36.96	1.07
G3	Sample 75	2	1	4	47390	36.96	1.07
G3	Sample 75	2	1	5	52390	37	1.06
G3	Sample 75	2	1	6	57380	37	1.06
G3	Sample 75	2	1	7	62390	36.96	1.07
G3	Sample 75	2	1	8	67410	36.96	1.07
G3	Sample 75	2	1	9	72390	37	1.06
G3	Sample 75	2	1	10	77390	37	1.06
G3	Sample 75	2	1	11	82400	36.96	1.06
G3	Sample 75	2	1	12	87390	36.96	1.05
G3	Sample 75	2	1	13	92390	36.96	1.05
G3	Sample 75	2	1	14	97400	37	1.06
G3	Sample 75	2	1	15	102390	36.91	1.05
G4	Sample 76	2	1	1	32370	36.91	1.07
G4	Sample 76	2	1	2	37390	37	1.07
G4	Sample 76	2	1	3	42390	36.96	1.06
G4	Sample 76	2	1	4	47390	36.96	1.06
G4	Sample 76	2	1	5	52390	37	1.06
G4	Sample 76	2	1	6	57380	37	1.06
G4	Sample 76	2	1	7	62390	36.96	1.06
G4	Sample 76	2	1	8	67410	36.96	1.07
G4	Sample 76	2	1	9	72390	37	1.06
G4	Sample 76	2	1	10	77390	37	1.06
G4	Sample 76	2	1	11	82400	36.96	1.07
G4	Sample 76	2	1	12	87390	36.96	1.06
G4	Sample 76	2	1	13	92390	36.96	1.07
G4	Sample 76	2	1	14	97400	37	1.06
G4	Sample 76	2	1	15	102390	36.91	1.06
G5	Sample 77	2	1	1	32370	36.91	0.91
G5	Sample 77	2	1	2	37390	37	0.90
G5	Sample 77	2	1	3	42390	36.96	0.90
G5	Sample 77	2	1	4	47390	36.96	0.90
G5	Sample 77	2	1	5	52390	37	0.90
G5	Sample 77	2	1	6	57380	37	0.89
G5	Sample 77	2	1	7	62390	36.96	0.90
G5	Sample 77	2	1	8	67410	36.96	0.90
G5	Sample 77	2	1	9	72390	37	0.90
G5	Sample 77	2	1	10	77390	37	0.89
G5	Sample 77	2	1	11	82400	36.96	0.90
G5	Sample 77	2	1	12	87390	36.96	0.89
G5	Sample 77	2	1	13	92390	36.96	0.89
G5	Sample 77	2	1	14	97400	37	0.89
G5	Sample 77	2	1	15	102390	36.91	0.89
G6	Sample 78	2	1	1	32370	36.91	0.89
G6	Sample 78	2	1	2	37390	37	0.89
G6	Sample 78	2	1	3	42390	36.96	0.88
G6	Sample 78	2	1	4	47390	36.96	0.88
G6	Sample 78	2	1	5	52390	37	0.87
G6	Sample 78	2	1	6	57380	37	0.88
G6	Sample 78	2	1	7	62390	36.96	0.88
G6	Sample 78	2	1	8	67410	36.96	0.88
G6	Sample 78	2	1	9	72390	37	0.88
G6	Sample 78	2	1	10	77390	37	0.88
G6	Sample 78	2	1	11	82400	36.96	0.88
G6	Sample 78	2	1	12	87390	36.96	0.88
G6	Sample 78	2	1	13	92390	36.96	0.87
G6	Sample 78	2	1	14	97400	37	0.87
G6	Sample 78	2	1	15	102390	36.91	0.88
G7	Sample 79	2	1	1	32370	36.91	0.94
G7	Sample 79	2	1	2	37390	37	0.95
G7	Sample 79	2	1	3	42390	36.96	0.94
G7	Sample 79	2	1	4	47390	36.96	0.94
G7	Sample 79	2	1	5	52390	37	0.94
G7	Sample 79	2	1	6	57380	37	0.94
G7	Sample 79	2	1	7	62390	36.96	0.94
G7	Sample 79	2	1	8	67410	36.96	0.94
G7	Sample 79	2	1	9	72390	37	0.94
G7	Sample 79	2	1	10	77390	37	0.93
G7	Sample 79	2	1	11	82400	36.96	0.94
G7	Sample 79	2	1	12	87390	36.96	0.93
G7	Sample 79	2	1	13	92390	36.96	0.93
G7	Sample 79	2	1	14	97400	37	0.93
G7	Sample 79	2	1	15	102390	36.91	0.93
G8	Sample 80	2	1	1	32370	36.91	0.92
G8	Sample 80	2	1	2	37390	37	0.92
G8	Sample 80	2	1	3	42390	36.96	0.92
G8	Sample 80	2	1	4	47390	36.96	0.91
G8	Sample 80	2	1	5	52390	37	0.91
G8	Sample 80	2	1	6	57380	37	0.90
G8	Sample 80	2	1	7	62390	36.96	0.90
G8	Sample 80	2	1	8	67410	36.96	0.90
G8	Sample 80	2	1	9	72390	37	0.90
G8	Sample 80	2	1	10	77390	37	0.90
G8	Sample 80	2	1	11	82400	36.96	0.90
G8	Sample 80	2	1	12	87390	36.96	0.90
G8	Sample 80	2	1	13	92390	36.96	0.90
G8	Sample 80	2	1	14	97400	37	0.90
G8	Sample 80	2	1	15	102390	36.91	0.90
G9	Sample 81	2	1	1	32370	36.91	1.13
G9	Sample 81	2	1	2	37390	37	1.12
G9	Sample 81	2	1	3	42390	36.96	1.13
G9	Sample 81	2	1	4	47390	36.96	1.12
G9	Sample 81	2	1	5	52390	37	1.13
G9	Sample 81	2	1	6	57380	37	1.12
G9	Sample 81	2	1	7	62390	36.96	1.13
G9	Sample 81	2	1	8	67410	36.96	1.13
G9	Sample 81	2	1	9	72390	37	1.13
G9	Sample 81	2	1	10	77390	37	1.12
G9	Sample 81	2	1	11	82400	36.96	1.12
G9	Sample 81	2	1	12	87390	36.96	1.12
G9	Sample 81	2	1	13	92390	36.96	1.12
G9	Sample 81	2	1	14	97400	37	1.12
G9	Sample 81	2	1	15	102390	36.91	1.11
G10	Sample 82	2	1	1	32370	36.91	1.12
G10	Sample 82	2	1	2	37390	37	1.12
G10	Sample 82	2	1	3	42390	36.96	1.12
G10	Sample 82	2	1	4	47390	36.96	1.12
G10	Sample 82	2	1	5	52390	37	1.12
G10	Sample 82	2	1	6	57380	37	1.12
G10	Sample 82	2	1	7	62390	36.96	1.12
G10	Sample 82	2	1	8	67410	36.96	1.12
G10	Sample 82	2	1	9	72390	37	1.12
G10	Sample 82	2	1	10	77390	37	1.11
G10	Sample 82	2	1	11	82400	36.96	1.12
G10	Sample 82	2	1	12	87390	36.96	1.11
G10	Sample 82	2	1	13	92390	36.96	1.11
G10	Sample 82	2	1	14	97400	37	1.11
G10	Sample 82	2	1	15	102390	36.91	1.11
G11	Sample 83	2	1	1	32370	36.91	1.15
G11	Sample 83	2	1	2	37390	37	1.14
G11	Sample 83	2	1	3	42390	36.96	1.15
G11	Sample 83	2	1	4	47390	36.96	1.15
G11	Sample 83	2	1	5	52390	37	1.14
G11	Sample 83	2	1	6	57380	37	1.15
G11	Sample 83	2	1	7	62390	36.96	1.15
G11	Sample 83	2	1	8	67410	36.96	1.14
G11	Sample 83	2	1	9	72390	37	1.14
G11	Sample 83	2	1	10	77390	37	1.13
G11	Sample 83	2	1	11	82400	36.96	1.14
G11	Sample 83	2	1	12	87390	36.96	1.14
G11	Sample 83	2	1	13	92390	36.96	1.14
G11	Sample 83	2	1	14	97400	37	1.12
G11	Sample 83	2	1	15	102390	36.91	1.12
G12	Sample 84	2	1	1	32370	36.91	1.13
G12	Sample 84	2	1	2	37390	37	1.12
G12	Sample 84	2	1	3	42390	36.96	1.12
G12	Sample 84	2	1	4	47390	36.96	1.13
G12	Sample 84	2	1	5	52390	37	1.13
G12	Sample 84	2	1	6	57380	37	1.12
G12	Sample 84	2	1	7	62390	36.96	1.12
G12	Sample 84	2	1	8	67410	36.96	1.12
G12	Sample 84	2	1	9	72390	37	1.13
G12	Sample 84	2	1	10	77390	37	1.11
G12	Sample 84	2	1	11	82400	36.96	1.12
G12	Sample 84	2	1	12	87390	36.96	1.12
G12	Sample 84	2	1	13	92390	36.96	1.12
G12	Sample 84	2	1	14	97400	37	1.11
G12	Sample 84	2	1	15	102390	36.91	1.11
H1	Sample 85	2	1	1	32370	36.91	0.96
H1	Sample 85	2	1	2	37390	37	0.96
H1	Sample 85	2	1	3	42390	36.96	0.97
H1	Sample 85	2	1	4	47390	36.96	0.96
H1	Sample 85	2	1	5	52390	37	0.96
H1	Sample 85	2	1	6	57380	37	0.97
H1	Sample 85	2	1	7	62390	36.96	0.97
H1	Sample 85	2	1	8	67410	36.96	0.96
H1	Sample 85	2	1	9	72390	37	0.97
H1	Sample 85	2	1	10	77390	37	0.96
H1	Sample 85	2	1	11	82400	36.96	0.96
H1	Sample 85	2	1	12	87390	36.96	0.97
H1	Sample 85	2	1	13	92390	36.96	0.96
H1	Sample 85	2	1	14	97400	37	0.97
H1	Sample 85	2	1	15	102390	36.91	0.97
H2	Sample 86	2	1	1	32370	36.91	0.98
H2	Sample 86	2	1	2	37390	37	0.99
H2	Sample 86	2	1	3	42390	36.96	0.99
H2	Sample 86	2	1	4	47390	36.96	0.98
H2	Sample 86	2	1	5	52390	37	0.98
H2	Sample 86	2	1	6	57380	37	0.98
H2	Sample 86	2	1	7	62390	36.96	0.99
H2	Sample 86	2	1	8	67410	36.96	0.98
H2	Sample 86	2	1	9	72390	37	0.99
H2	Sample 86	2	1	10	77390	37	0.98
H2	Sample 86	2	1	11	82400	36.96	0.99
H2	Sample 86	2	1	12	87390	36.96	0.98
H2	Sample 86	2	1	13	92390	36.96	0.99
H2	Sample 86	2	1	14	97400	37	0.99
H2	Sample 86	2	1	15	102390	36.91	0.99
H3	Sample 87	2	1	1	32370	36.91	1.01
H3	Sample 87	2	1	2	37390	37	1.02
H3	Sample 87	2	1	3	42390	36.96	1.02
H3	Sample 87	2	1	4	47390	36.96	1.02
H3	Sample 87	2	1	5	52390	37	1.02
H3	Sample 87	2	1	6	57380	37	1.01
H3	Sample 87	2	1	7	62390	36.96	1.01
H3	Sample 87	2	1	8	67410	36.96	1.01
H3	Sample 87	2	1	9	72390	37	1.01
H3	Sample 87	2	1	10	77390	37	1.01
H3	Sample 87	2	1	11	82400	36.96	1.01
H3	Sample 87	2	1	12	87390	36.96	1.01
H3	Sample 87	2	1	13	92390	36.96	1.01
H3	Sample 87	2	1	14	97400	37	1.01
H3	Sample 87	2	1	15	102390	36.91	1.01
H4	Sample 88	2	1	1	32370	36.91	1.02
H4	Sample 88	2	1	2	37390	37	1.02
H4	Sample 88	2	1	3	42390	36.96	1.02
H4	Sample 88	2	1	4	47390	36.96	1.01
H4	Sample 88	2	1	5	52390	37	1.02
H4	Sample 88	2	1	6	57380	37	1.02
H4	Sample 88	2	1	7	62390	36.96	1.02
H4	Sample 88	2	1	8	67410	36.96	1.03
H4	Sample 88	2	1	9	72390	37	1.02
H4	Sample 88	2	1	10	77390	37	1.02
H4	Sample 88	2	1	11	82400	36.96	1.02
H4	Sample 88	2	1	12	87390	36.96	1.01
H4	Sample 88	2	1	13	92390	36.96	1.02
H4	Sample 88	2	1	14	97400	37	1.03
H4	Sample 88	2	1	15	102390	36.91	1.02
H5	Sample 89	2	1	1	32370	36.91	1.03
H5	Sample 89	2	1	2	37390	37	1.03
H5	Sample 89	2	1	3	42390	36.96	1.03
H5	Sample 89	2	1	4	47390	36.96	1.02
H5	Sample 89	2	1	5	52390	37	1.03
H5	Sample 89	2	1	6	57380	37	1.03
H5	Sample 89	2	1	7	62390	36.96	1.03
H5	Sample 89	2	1	8	67410	36.96	1.03
H5	Sample 89	2	1	9	72390	37	1.03
H5	Sample 89	2	1	10	77390	37	1.04
H5	Sample 89	2	1	11	82400	36.96	1.03
H5	Sample 89	2	1	12	87390	36.96	1.03
H5	Sample 89	2	1	13	92390	36.96	1.03
H5	Sample 89	2	1	14	97400	37	1.04
H5	Sample 89	2	1	15	102390	36.91	1.03
H6	Sample 90	2	1	1	32370	36.91	1.05
H6	Sample 90	2	1	2	37390	37	1.05
H6	Sample 90	2	1	3	42390	36.96	1.05
H6	Sample 90	2	1	4	47390	36.96	1.04
H6	Sample 90	2	1	5	52390	37	1.04
H6	Sample 90	2	1	6	57380	37	1.05
H6	Sample 90	2	1	7	62390	36.96	1.05
H6	Sample 90	2	1	8	67410	36.96	1.05
H6	Sample 90	2	1	9	72390	37	1.05
H6	Sample 90	2	1	10	77390	37	1.05
H6	Sample 90	2	1	11	82400	36.96	1.05
H6	Sample 90	2	1	12	87390	36.96	1.04
H6	Sample 90	2	1	13	92390	36.96	1.05
H6	Sample 90	2	1	14	97400	37	1.05
H6	Sample 90	2	1	15	102390	36.91	1.04
H7	Sample 91	2	1	1	32370	36.91	1.00
H7	Sample 91	2	1	2	37390	37	1.00
H7	Sample 91	2	1	3	42390	36.96	1.01
H7	Sample 91	2	1	4	47390	36.96	1.00
H7	Sample 91	2	1	5	52390	37	1.00
H7	Sample 91	2	1	6	57380	37	1.00
H7	Sample 91	2	1	7	62390	36.96	1.01
H7	Sample 91	2	1	8	67410	36.96	1.00
H7	Sample 91	2	1	9	72390	37	1.00
H7	Sample 91	2	1	10	77390	37	1.00
H7	Sample 91	2	1	11	82400	36.96	1.01
H7	Sample 91	2	1	12	87390	36.96	1.00
H7	Sample 91	2	1	13	92390	36.96	1.00
H7	Sample 91	2	1	14	97400	37	1.01
H7	Sample 91	2	1	15	102390	36.91	1.00
H8	Sample 92	2	1	1	32370	36.91	0.96
H8	Sample 92	2	1	2	37390	37	0.96
H8	Sample 92	2	1	3	42390	36.96	0.96
H8	Sample 92	2	1	4	47390	36.96	0.96
H8	Sample 92	2	1	5	52390	37	0.95
H8	Sample 92	2	1	6	57380	37	0.95
H8	Sample 92	2	1	7	62390	36.96	0.96
H8	Sample 92	2	1	8	67410	36.96	0.96
H8	Sample 92	2	1	9	72390	37	0.96
H8	Sample 92	2	1	10	77390	37	0.96
H8	Sample 92	2	1	11	82400	36.96	0.96
H8	Sample 92	2	1	12	87390	36.96	0.95
H8	Sample 92	2	1	13	92390	36.96	0.96
H8	Sample 92	2	1	14	97400	37	0.96
H8	Sample 92	2	1	15	102390	36.91	0.96
H9	Sample 93	2	1	1	32370	36.91	1.10
H9	Sample 93	2	1	2	37390	37	1.10
H9	Sample 93	2	1	3	42390	36.96	1.10
H9	Sample 93	2	1	4	47390	36.96	1.09
H9	Sample 93	2	1	5	52390	37	1.09
H9	Sample 93	2	1	6	57380	37	1.09
H9	Sample 93	2	1	7	62390	36.96	1.10
H9	Sample 93	2	1	8	67410	36.96	1.10
H9	Sample 93	2	1	9	72390	37	1.10
H9	Sample 93	2	1	10	77390	37	1.09
H9	Sample 93	2	1	11	82400	36.96	1.10
H9	Sample 93	2	1	12	87390	36.96	1.10
H9	Sample 93	2	1	13	92390	36.96	1.10
H9	Sample 93	2	1	14	97400	37	1.10
H9	Sample 93	2	1	15	102390	36.91	1.10
H10	Sample 94	2	1	1	32370	36.91	1.04
H10	Sample 94	2	1	2	37390	37	1.04
H10	Sample 94	2	1	3	42390	36.96	1.05
H10	Sample 94	2	1	4	47390	36.96	1.05
H10	Sample 94	2	1	5	52390	37	1.04
H10	Sample 94	2	1	6	57380	37	1.04
H10	Sample 94	2	1	7	62390	36.96	1.04
H10	Sample 94	2	1	8	67410	36.96	1.04
H10	Sample 94	2	1	9	72390	37	1.04
H10	Sample 94	2	1	10	77390	37	1.04
H10	Sample 94	2	1	11	82400	36.96	1.04
H10	Sample 94	2	1	12	87390	36.96	1.04
H10	Sample 94	2	1	13	92390	36.96	1.04
H10	Sample 94	2	1	14	97400	37	1.05
H10	Sample 94	2	1	15	102390	36.91	1.04
H11	Sample 95	2	1	1	32370	36.91	1.04
H11	Sample 95	2	1	2	37390	37	1.04
H11	Sample 95	2	1	3	42390	36.96	1.05
H11	Sample 95	2	1	4	47390	36.96	1.04
H11	Sample 95	2	1	5	52390	37	1.04
H11	Sample 95	2	1	6	57380	37	1.04
H11	Sample 95	2	1	7	62390	36.96	1.04
H11	Sample 95	2	1	8	67410	36.96	1.04
H11	Sample 95	2	1	9	72390	37	1.04
H11	Sample 95	2	1	10	77390	37	1.04
H11	Sample 95	2	1	11	82400	36.96	1.04
H11	Sample 95	2	1	12	87390	36.96	1.04
H11	Sample 95	2	1	13	92390	36.96	1.04
H11	Sample 95	2	1	14	97400	37	1.04
H11	Sample 95	2	1	15	102390	36.91	1.03
H12	Sample 96	2	1	1	32370	36.91	1.02
H12	Sample 96	2	1	2	37390	37	1.02
H12	Sample 96	2	1	3	42390	36.96	1.02
H12	Sample 96	2	1	4	47390	36.96	1.02
H12	Sample 96	2	1	5	52390	37	1.02
H12	Sample 96	2	1	6	57380	37	1.02
H12	Sample 96	2	1	7	62390	36.96	1.02
H12	Sample 96	2	1	8	67410	36.96	1.02
H12	Sample 96	2	1	9	72390	37	1.03
H12	Sample 96	2	1	10	77390	37	1.02
H12	Sample 96	2	1	11	82400	36.96	1.02
H12	Sample 96	2	1	12	87390	36.96	1.02
H12	Sample 96	2	1	13	92390	36.96	1.02
H12	Sample 96	2	1	14	97400	37	1.02
H12	Sample 96	2	1	15	102390	36.91	1.02
