Raw Data 		Experiment - evIC50_7_plate2_19APRIL2026 (Run on LCS480 1.5.1.62)
SamplePos	SampleName	Prog#	Seg#	Cycle#	Time	Temp	465-510	
A1	Sample 1	2	1	1	31860	36.96	1.76
A1	Sample 1	2	1	2	36770	36.96	1.74
A1	Sample 1	2	1	3	41670	36.96	1.74
A1	Sample 1	2	1	4	46570	36.96	1.73
A1	Sample 1	2	1	5	51470	36.96	1.72
A1	Sample 1	2	1	6	56370	37	1.72
A1	Sample 1	2	1	7	61270	37	1.71
A1	Sample 1	2	1	8	66170	36.96	1.73
A1	Sample 1	2	1	9	71090	37	1.71
A1	Sample 1	2	1	10	75970	37	1.70
A1	Sample 1	2	1	11	80870	36.96	1.71
A1	Sample 1	2	1	12	85770	36.96	1.70
A1	Sample 1	2	1	13	90670	37	1.71
A1	Sample 1	2	1	14	95570	37.05	1.70
A1	Sample 1	2	1	15	100470	37	1.71
A2	Sample 2	2	1	1	31860	36.96	1.69
A2	Sample 2	2	1	2	36770	36.96	1.65
A2	Sample 2	2	1	3	41670	36.96	1.65
A2	Sample 2	2	1	4	46570	36.96	1.63
A2	Sample 2	2	1	5	51470	36.96	1.62
A2	Sample 2	2	1	6	56370	37	1.61
A2	Sample 2	2	1	7	61270	37	1.61
A2	Sample 2	2	1	8	66170	36.96	1.61
A2	Sample 2	2	1	9	71090	37	1.61
A2	Sample 2	2	1	10	75970	37	1.60
A2	Sample 2	2	1	11	80870	36.96	1.62
A2	Sample 2	2	1	12	85770	36.96	1.60
A2	Sample 2	2	1	13	90670	37	1.61
A2	Sample 2	2	1	14	95570	37.05	1.61
A2	Sample 2	2	1	15	100470	37	1.61
A3	Sample 3	2	1	1	31860	36.96	1.83
A3	Sample 3	2	1	2	36770	36.96	1.83
A3	Sample 3	2	1	3	41670	36.96	1.86
A3	Sample 3	2	1	4	46570	36.96	1.88
A3	Sample 3	2	1	5	51470	36.96	1.91
A3	Sample 3	2	1	6	56370	37	1.94
A3	Sample 3	2	1	7	61270	37	1.95
A3	Sample 3	2	1	8	66170	36.96	1.97
A3	Sample 3	2	1	9	71090	37	1.98
A3	Sample 3	2	1	10	75970	37	1.98
A3	Sample 3	2	1	11	80870	36.96	2.00
A3	Sample 3	2	1	12	85770	36.96	1.99
A3	Sample 3	2	1	13	90670	37	2.00
A3	Sample 3	2	1	14	95570	37.05	2.00
A3	Sample 3	2	1	15	100470	37	2.00
A4	Sample 4	2	1	1	31860	36.96	1.80
A4	Sample 4	2	1	2	36770	36.96	1.80
A4	Sample 4	2	1	3	41670	36.96	1.83
A4	Sample 4	2	1	4	46570	36.96	1.85
A4	Sample 4	2	1	5	51470	36.96	1.88
A4	Sample 4	2	1	6	56370	37	1.91
A4	Sample 4	2	1	7	61270	37	1.94
A4	Sample 4	2	1	8	66170	36.96	1.94
A4	Sample 4	2	1	9	71090	37	1.95
A4	Sample 4	2	1	10	75970	37	1.95
A4	Sample 4	2	1	11	80870	36.96	1.96
A4	Sample 4	2	1	12	85770	36.96	1.95
A4	Sample 4	2	1	13	90670	37	1.95
A4	Sample 4	2	1	14	95570	37.05	1.95
A4	Sample 4	2	1	15	100470	37	1.96
A5	Sample 5	2	1	1	31860	36.96	0.75
A5	Sample 5	2	1	2	36770	36.96	0.74
A5	Sample 5	2	1	3	41670	36.96	0.75
A5	Sample 5	2	1	4	46570	36.96	0.77
A5	Sample 5	2	1	5	51470	36.96	0.78
A5	Sample 5	2	1	6	56370	37	0.79
A5	Sample 5	2	1	7	61270	37	0.79
A5	Sample 5	2	1	8	66170	36.96	0.80
A5	Sample 5	2	1	9	71090	37	0.80
A5	Sample 5	2	1	10	75970	37	0.80
A5	Sample 5	2	1	11	80870	36.96	0.81
A5	Sample 5	2	1	12	85770	36.96	0.80
A5	Sample 5	2	1	13	90670	37	0.80
A5	Sample 5	2	1	14	95570	37.05	0.80
A5	Sample 5	2	1	15	100470	37	0.81
A6	Sample 6	2	1	1	31860	36.96	0.81
A6	Sample 6	2	1	2	36770	36.96	0.80
A6	Sample 6	2	1	3	41670	36.96	0.81
A6	Sample 6	2	1	4	46570	36.96	0.81
A6	Sample 6	2	1	5	51470	36.96	0.81
A6	Sample 6	2	1	6	56370	37	0.81
A6	Sample 6	2	1	7	61270	37	0.81
A6	Sample 6	2	1	8	66170	36.96	0.81
A6	Sample 6	2	1	9	71090	37	0.81
A6	Sample 6	2	1	10	75970	37	0.81
A6	Sample 6	2	1	11	80870	36.96	0.81
A6	Sample 6	2	1	12	85770	36.96	0.80
A6	Sample 6	2	1	13	90670	37	0.81
A6	Sample 6	2	1	14	95570	37.05	0.81
A6	Sample 6	2	1	15	100470	37	0.81
A7	Sample 7	2	1	1	31860	36.96	0.85
A7	Sample 7	2	1	2	36770	36.96	0.85
A7	Sample 7	2	1	3	41670	36.96	0.85
A7	Sample 7	2	1	4	46570	36.96	0.83
A7	Sample 7	2	1	5	51470	36.96	0.84
A7	Sample 7	2	1	6	56370	37	0.83
A7	Sample 7	2	1	7	61270	37	0.82
A7	Sample 7	2	1	8	66170	36.96	0.82
A7	Sample 7	2	1	9	71090	37	0.82
A7	Sample 7	2	1	10	75970	37	0.82
A7	Sample 7	2	1	11	80870	36.96	0.82
A7	Sample 7	2	1	12	85770	36.96	0.82
A7	Sample 7	2	1	13	90670	37	0.82
A7	Sample 7	2	1	14	95570	37.05	0.82
A7	Sample 7	2	1	15	100470	37	0.83
A8	Sample 8	2	1	1	31860	36.96	0.80
A8	Sample 8	2	1	2	36770	36.96	0.80
A8	Sample 8	2	1	3	41670	36.96	0.80
A8	Sample 8	2	1	4	46570	36.96	0.80
A8	Sample 8	2	1	5	51470	36.96	0.80
A8	Sample 8	2	1	6	56370	37	0.80
A8	Sample 8	2	1	7	61270	37	0.80
A8	Sample 8	2	1	8	66170	36.96	0.80
A8	Sample 8	2	1	9	71090	37	0.80
A8	Sample 8	2	1	10	75970	37	0.80
A8	Sample 8	2	1	11	80870	36.96	0.80
A8	Sample 8	2	1	12	85770	36.96	0.80
A8	Sample 8	2	1	13	90670	37	0.80
A8	Sample 8	2	1	14	95570	37.05	0.80
A8	Sample 8	2	1	15	100470	37	0.80
A9	Sample 9	2	1	1	31860	36.96	0.80
A9	Sample 9	2	1	2	36770	36.96	0.80
A9	Sample 9	2	1	3	41670	36.96	0.80
A9	Sample 9	2	1	4	46570	36.96	0.81
A9	Sample 9	2	1	5	51470	36.96	0.81
A9	Sample 9	2	1	6	56370	37	0.81
A9	Sample 9	2	1	7	61270	37	0.80
A9	Sample 9	2	1	8	66170	36.96	0.80
A9	Sample 9	2	1	9	71090	37	0.80
A9	Sample 9	2	1	10	75970	37	0.80
A9	Sample 9	2	1	11	80870	36.96	0.80
A9	Sample 9	2	1	12	85770	36.96	0.80
A9	Sample 9	2	1	13	90670	37	0.80
A9	Sample 9	2	1	14	95570	37.05	0.80
A9	Sample 9	2	1	15	100470	37	0.81
A10	Sample 10	2	1	1	31860	36.96	0.81
A10	Sample 10	2	1	2	36770	36.96	0.80
A10	Sample 10	2	1	3	41670	36.96	0.79
A10	Sample 10	2	1	4	46570	36.96	0.79
A10	Sample 10	2	1	5	51470	36.96	0.78
A10	Sample 10	2	1	6	56370	37	0.78
A10	Sample 10	2	1	7	61270	37	0.77
A10	Sample 10	2	1	8	66170	36.96	0.78
A10	Sample 10	2	1	9	71090	37	0.77
A10	Sample 10	2	1	10	75970	37	0.77
A10	Sample 10	2	1	11	80870	36.96	0.77
A10	Sample 10	2	1	12	85770	36.96	0.76
A10	Sample 10	2	1	13	90670	37	0.77
A10	Sample 10	2	1	14	95570	37.05	0.77
A10	Sample 10	2	1	15	100470	37	0.77
A11	Sample 11	2	1	1	31860	36.96	0.80
A11	Sample 11	2	1	2	36770	36.96	0.80
A11	Sample 11	2	1	3	41670	36.96	0.80
A11	Sample 11	2	1	4	46570	36.96	0.80
A11	Sample 11	2	1	5	51470	36.96	0.80
A11	Sample 11	2	1	6	56370	37	0.81
A11	Sample 11	2	1	7	61270	37	0.80
A11	Sample 11	2	1	8	66170	36.96	0.80
A11	Sample 11	2	1	9	71090	37	0.79
A11	Sample 11	2	1	10	75970	37	0.79
A11	Sample 11	2	1	11	80870	36.96	0.79
A11	Sample 11	2	1	12	85770	36.96	0.80
A11	Sample 11	2	1	13	90670	37	0.80
A11	Sample 11	2	1	14	95570	37.05	0.80
A11	Sample 11	2	1	15	100470	37	0.81
A12	Sample 12	2	1	1	31860	36.96	0.70
A12	Sample 12	2	1	2	36770	36.96	0.69
A12	Sample 12	2	1	3	41670	36.96	0.70
A12	Sample 12	2	1	4	46570	36.96	0.71
A12	Sample 12	2	1	5	51470	36.96	0.71
A12	Sample 12	2	1	6	56370	37	0.71
A12	Sample 12	2	1	7	61270	37	0.71
A12	Sample 12	2	1	8	66170	36.96	0.71
A12	Sample 12	2	1	9	71090	37	0.71
A12	Sample 12	2	1	10	75970	37	0.71
A12	Sample 12	2	1	11	80870	36.96	0.71
A12	Sample 12	2	1	12	85770	36.96	0.71
A12	Sample 12	2	1	13	90670	37	0.71
A12	Sample 12	2	1	14	95570	37.05	0.71
A12	Sample 12	2	1	15	100470	37	0.71
B1	Sample 13	2	1	1	31860	36.96	1.50
B1	Sample 13	2	1	2	36770	36.96	1.51
B1	Sample 13	2	1	3	41670	36.96	1.53
B1	Sample 13	2	1	4	46570	36.96	1.54
B1	Sample 13	2	1	5	51470	36.96	1.59
B1	Sample 13	2	1	6	56370	37	1.60
B1	Sample 13	2	1	7	61270	37	1.61
B1	Sample 13	2	1	8	66170	36.96	1.63
B1	Sample 13	2	1	9	71090	37	1.63
B1	Sample 13	2	1	10	75970	37	1.62
B1	Sample 13	2	1	11	80870	36.96	1.64
B1	Sample 13	2	1	12	85770	36.96	1.63
B1	Sample 13	2	1	13	90670	37	1.63
B1	Sample 13	2	1	14	95570	37.05	1.64
B1	Sample 13	2	1	15	100470	37	1.63
B2	Sample 14	2	1	1	31860	36.96	1.51
B2	Sample 14	2	1	2	36770	36.96	1.52
B2	Sample 14	2	1	3	41670	36.96	1.54
B2	Sample 14	2	1	4	46570	36.96	1.57
B2	Sample 14	2	1	5	51470	36.96	1.60
B2	Sample 14	2	1	6	56370	37	1.62
B2	Sample 14	2	1	7	61270	37	1.62
B2	Sample 14	2	1	8	66170	36.96	1.64
B2	Sample 14	2	1	9	71090	37	1.64
B2	Sample 14	2	1	10	75970	37	1.64
B2	Sample 14	2	1	11	80870	36.96	1.64
B2	Sample 14	2	1	12	85770	36.96	1.63
B2	Sample 14	2	1	13	90670	37	1.64
B2	Sample 14	2	1	14	95570	37.05	1.65
B2	Sample 14	2	1	15	100470	37	1.64
B3	Sample 15	2	1	1	31860	36.96	1.72
B3	Sample 15	2	1	2	36770	36.96	1.73
B3	Sample 15	2	1	3	41670	36.96	1.75
B3	Sample 15	2	1	4	46570	36.96	1.79
B3	Sample 15	2	1	5	51470	36.96	1.81
B3	Sample 15	2	1	6	56370	37	1.82
B3	Sample 15	2	1	7	61270	37	1.84
B3	Sample 15	2	1	8	66170	36.96	1.85
B3	Sample 15	2	1	9	71090	37	1.84
B3	Sample 15	2	1	10	75970	37	1.85
B3	Sample 15	2	1	11	80870	36.96	1.86
B3	Sample 15	2	1	12	85770	36.96	1.85
B3	Sample 15	2	1	13	90670	37	1.85
B3	Sample 15	2	1	14	95570	37.05	1.86
B3	Sample 15	2	1	15	100470	37	1.85
B4	Sample 16	2	1	1	31860	36.96	1.80
B4	Sample 16	2	1	2	36770	36.96	1.81
B4	Sample 16	2	1	3	41670	36.96	1.83
B4	Sample 16	2	1	4	46570	36.96	1.85
B4	Sample 16	2	1	5	51470	36.96	1.88
B4	Sample 16	2	1	6	56370	37	1.89
B4	Sample 16	2	1	7	61270	37	1.90
B4	Sample 16	2	1	8	66170	36.96	1.90
B4	Sample 16	2	1	9	71090	37	1.90
B4	Sample 16	2	1	10	75970	37	1.91
B4	Sample 16	2	1	11	80870	36.96	1.93
B4	Sample 16	2	1	12	85770	36.96	1.91
B4	Sample 16	2	1	13	90670	37	1.91
B4	Sample 16	2	1	14	95570	37.05	1.92
B4	Sample 16	2	1	15	100470	37	1.92
B5	Sample 17	2	1	1	31860	36.96	0.77
B5	Sample 17	2	1	2	36770	36.96	0.77
B5	Sample 17	2	1	3	41670	36.96	0.77
B5	Sample 17	2	1	4	46570	36.96	0.77
B5	Sample 17	2	1	5	51470	36.96	0.78
B5	Sample 17	2	1	6	56370	37	0.77
B5	Sample 17	2	1	7	61270	37	0.77
B5	Sample 17	2	1	8	66170	36.96	0.78
B5	Sample 17	2	1	9	71090	37	0.77
B5	Sample 17	2	1	10	75970	37	0.78
B5	Sample 17	2	1	11	80870	36.96	0.78
B5	Sample 17	2	1	12	85770	36.96	0.78
B5	Sample 17	2	1	13	90670	37	0.77
B5	Sample 17	2	1	14	95570	37.05	0.78
B5	Sample 17	2	1	15	100470	37	0.77
B6	Sample 18	2	1	1	31860	36.96	0.76
B6	Sample 18	2	1	2	36770	36.96	0.76
B6	Sample 18	2	1	3	41670	36.96	0.77
B6	Sample 18	2	1	4	46570	36.96	0.77
B6	Sample 18	2	1	5	51470	36.96	0.78
B6	Sample 18	2	1	6	56370	37	0.78
B6	Sample 18	2	1	7	61270	37	0.78
B6	Sample 18	2	1	8	66170	36.96	0.78
B6	Sample 18	2	1	9	71090	37	0.77
B6	Sample 18	2	1	10	75970	37	0.78
B6	Sample 18	2	1	11	80870	36.96	0.78
B6	Sample 18	2	1	12	85770	36.96	0.78
B6	Sample 18	2	1	13	90670	37	0.78
B6	Sample 18	2	1	14	95570	37.05	0.79
B6	Sample 18	2	1	15	100470	37	0.78
B7	Sample 19	2	1	1	31860	36.96	0.80
B7	Sample 19	2	1	2	36770	36.96	0.80
B7	Sample 19	2	1	3	41670	36.96	0.80
B7	Sample 19	2	1	4	46570	36.96	0.80
B7	Sample 19	2	1	5	51470	36.96	0.80
B7	Sample 19	2	1	6	56370	37	0.81
B7	Sample 19	2	1	7	61270	37	0.81
B7	Sample 19	2	1	8	66170	36.96	0.79
B7	Sample 19	2	1	9	71090	37	0.79
B7	Sample 19	2	1	10	75970	37	0.80
B7	Sample 19	2	1	11	80870	36.96	0.80
B7	Sample 19	2	1	12	85770	36.96	0.80
B7	Sample 19	2	1	13	90670	37	0.79
B7	Sample 19	2	1	14	95570	37.05	0.79
B7	Sample 19	2	1	15	100470	37	0.79
B8	Sample 20	2	1	1	31860	36.96	0.79
B8	Sample 20	2	1	2	36770	36.96	0.78
B8	Sample 20	2	1	3	41670	36.96	0.77
B8	Sample 20	2	1	4	46570	36.96	0.76
B8	Sample 20	2	1	5	51470	36.96	0.77
B8	Sample 20	2	1	6	56370	37	0.76
B8	Sample 20	2	1	7	61270	37	0.76
B8	Sample 20	2	1	8	66170	36.96	0.76
B8	Sample 20	2	1	9	71090	37	0.76
B8	Sample 20	2	1	10	75970	37	0.75
B8	Sample 20	2	1	11	80870	36.96	0.76
B8	Sample 20	2	1	12	85770	36.96	0.76
B8	Sample 20	2	1	13	90670	37	0.75
B8	Sample 20	2	1	14	95570	37.05	0.75
B8	Sample 20	2	1	15	100470	37	0.75
B9	Sample 21	2	1	1	31860	36.96	0.80
B9	Sample 21	2	1	2	36770	36.96	0.79
B9	Sample 21	2	1	3	41670	36.96	0.78
B9	Sample 21	2	1	4	46570	36.96	0.78
B9	Sample 21	2	1	5	51470	36.96	0.78
B9	Sample 21	2	1	6	56370	37	0.77
B9	Sample 21	2	1	7	61270	37	0.77
B9	Sample 21	2	1	8	66170	36.96	0.77
B9	Sample 21	2	1	9	71090	37	0.77
B9	Sample 21	2	1	10	75970	37	0.77
B9	Sample 21	2	1	11	80870	36.96	0.77
B9	Sample 21	2	1	12	85770	36.96	0.76
B9	Sample 21	2	1	13	90670	37	0.77
B9	Sample 21	2	1	14	95570	37.05	0.77
B9	Sample 21	2	1	15	100470	37	0.77
B10	Sample 22	2	1	1	31860	36.96	0.74
B10	Sample 22	2	1	2	36770	36.96	0.76
B10	Sample 22	2	1	3	41670	36.96	0.75
B10	Sample 22	2	1	4	46570	36.96	0.75
B10	Sample 22	2	1	5	51470	36.96	0.76
B10	Sample 22	2	1	6	56370	37	0.77
B10	Sample 22	2	1	7	61270	37	0.76
B10	Sample 22	2	1	8	66170	36.96	0.76
B10	Sample 22	2	1	9	71090	37	0.76
B10	Sample 22	2	1	10	75970	37	0.76
B10	Sample 22	2	1	11	80870	36.96	0.76
B10	Sample 22	2	1	12	85770	36.96	0.76
B10	Sample 22	2	1	13	90670	37	0.76
B10	Sample 22	2	1	14	95570	37.05	0.76
B10	Sample 22	2	1	15	100470	37	0.76
B11	Sample 23	2	1	1	31860	36.96	0.83
B11	Sample 23	2	1	2	36770	36.96	0.83
B11	Sample 23	2	1	3	41670	36.96	0.82
B11	Sample 23	2	1	4	46570	36.96	0.81
B11	Sample 23	2	1	5	51470	36.96	0.81
B11	Sample 23	2	1	6	56370	37	0.81
B11	Sample 23	2	1	7	61270	37	0.81
B11	Sample 23	2	1	8	66170	36.96	0.80
B11	Sample 23	2	1	9	71090	37	0.80
B11	Sample 23	2	1	10	75970	37	0.80
B11	Sample 23	2	1	11	80870	36.96	0.81
B11	Sample 23	2	1	12	85770	36.96	0.80
B11	Sample 23	2	1	13	90670	37	0.79
B11	Sample 23	2	1	14	95570	37.05	0.79
B11	Sample 23	2	1	15	100470	37	0.79
B12	Sample 24	2	1	1	31860	36.96	0.74
B12	Sample 24	2	1	2	36770	36.96	0.74
B12	Sample 24	2	1	3	41670	36.96	0.74
B12	Sample 24	2	1	4	46570	36.96	0.73
B12	Sample 24	2	1	5	51470	36.96	0.73
B12	Sample 24	2	1	6	56370	37	0.73
B12	Sample 24	2	1	7	61270	37	0.73
B12	Sample 24	2	1	8	66170	36.96	0.73
B12	Sample 24	2	1	9	71090	37	0.72
B12	Sample 24	2	1	10	75970	37	0.72
B12	Sample 24	2	1	11	80870	36.96	0.73
B12	Sample 24	2	1	12	85770	36.96	0.72
B12	Sample 24	2	1	13	90670	37	0.71
B12	Sample 24	2	1	14	95570	37.05	0.72
B12	Sample 24	2	1	15	100470	37	0.71
C1	Sample 25	2	1	1	31860	36.96	1.51
C1	Sample 25	2	1	2	36770	36.96	1.51
C1	Sample 25	2	1	3	41670	36.96	1.52
C1	Sample 25	2	1	4	46570	36.96	1.55
C1	Sample 25	2	1	5	51470	36.96	1.58
C1	Sample 25	2	1	6	56370	37	1.61
C1	Sample 25	2	1	7	61270	37	1.62
C1	Sample 25	2	1	8	66170	36.96	1.64
C1	Sample 25	2	1	9	71090	37	1.65
C1	Sample 25	2	1	10	75970	37	1.65
C1	Sample 25	2	1	11	80870	36.96	1.65
C1	Sample 25	2	1	12	85770	36.96	1.66
C1	Sample 25	2	1	13	90670	37	1.65
C1	Sample 25	2	1	14	95570	37.05	1.65
C1	Sample 25	2	1	15	100470	37	1.66
C2	Sample 26	2	1	1	31860	36.96	1.52
C2	Sample 26	2	1	2	36770	36.96	1.53
C2	Sample 26	2	1	3	41670	36.96	1.54
C2	Sample 26	2	1	4	46570	36.96	1.58
C2	Sample 26	2	1	5	51470	36.96	1.59
C2	Sample 26	2	1	6	56370	37	1.61
C2	Sample 26	2	1	7	61270	37	1.61
C2	Sample 26	2	1	8	66170	36.96	1.62
C2	Sample 26	2	1	9	71090	37	1.63
C2	Sample 26	2	1	10	75970	37	1.63
C2	Sample 26	2	1	11	80870	36.96	1.65
C2	Sample 26	2	1	12	85770	36.96	1.63
C2	Sample 26	2	1	13	90670	37	1.63
C2	Sample 26	2	1	14	95570	37.05	1.63
C2	Sample 26	2	1	15	100470	37	1.64
C3	Sample 27	2	1	1	31860	36.96	1.80
C3	Sample 27	2	1	2	36770	36.96	1.82
C3	Sample 27	2	1	3	41670	36.96	1.82
C3	Sample 27	2	1	4	46570	36.96	1.84
C3	Sample 27	2	1	5	51470	36.96	1.83
C3	Sample 27	2	1	6	56370	37	1.84
C3	Sample 27	2	1	7	61270	37	1.83
C3	Sample 27	2	1	8	66170	36.96	1.85
C3	Sample 27	2	1	9	71090	37	1.84
C3	Sample 27	2	1	10	75970	37	1.84
C3	Sample 27	2	1	11	80870	36.96	1.85
C3	Sample 27	2	1	12	85770	36.96	1.85
C3	Sample 27	2	1	13	90670	37	1.84
C3	Sample 27	2	1	14	95570	37.05	1.84
C3	Sample 27	2	1	15	100470	37	1.84
C4	Sample 28	2	1	1	31860	36.96	1.93
C4	Sample 28	2	1	2	36770	36.96	1.91
C4	Sample 28	2	1	3	41670	36.96	1.89
C4	Sample 28	2	1	4	46570	36.96	1.88
C4	Sample 28	2	1	5	51470	36.96	1.86
C4	Sample 28	2	1	6	56370	37	1.86
C4	Sample 28	2	1	7	61270	37	1.85
C4	Sample 28	2	1	8	66170	36.96	1.85
C4	Sample 28	2	1	9	71090	37	1.86
C4	Sample 28	2	1	10	75970	37	1.84
C4	Sample 28	2	1	11	80870	36.96	1.85
C4	Sample 28	2	1	12	85770	36.96	1.84
C4	Sample 28	2	1	13	90670	37	1.84
C4	Sample 28	2	1	14	95570	37.05	1.83
C4	Sample 28	2	1	15	100470	37	1.84
C5	Sample 29	2	1	1	31860	36.96	0.78
C5	Sample 29	2	1	2	36770	36.96	0.78
C5	Sample 29	2	1	3	41670	36.96	0.76
C5	Sample 29	2	1	4	46570	36.96	0.76
C5	Sample 29	2	1	5	51470	36.96	0.76
C5	Sample 29	2	1	6	56370	37	0.75
C5	Sample 29	2	1	7	61270	37	0.75
C5	Sample 29	2	1	8	66170	36.96	0.75
C5	Sample 29	2	1	9	71090	37	0.75
C5	Sample 29	2	1	10	75970	37	0.75
C5	Sample 29	2	1	11	80870	36.96	0.75
C5	Sample 29	2	1	12	85770	36.96	0.75
C5	Sample 29	2	1	13	90670	37	0.74
C5	Sample 29	2	1	14	95570	37.05	0.74
C5	Sample 29	2	1	15	100470	37	0.75
C6	Sample 30	2	1	1	31860	36.96	0.81
C6	Sample 30	2	1	2	36770	36.96	0.82
C6	Sample 30	2	1	3	41670	36.96	0.80
C6	Sample 30	2	1	4	46570	36.96	0.80
C6	Sample 30	2	1	5	51470	36.96	0.80
C6	Sample 30	2	1	6	56370	37	0.79
C6	Sample 30	2	1	7	61270	37	0.79
C6	Sample 30	2	1	8	66170	36.96	0.79
C6	Sample 30	2	1	9	71090	37	0.79
C6	Sample 30	2	1	10	75970	37	0.79
C6	Sample 30	2	1	11	80870	36.96	0.79
C6	Sample 30	2	1	12	85770	36.96	0.79
C6	Sample 30	2	1	13	90670	37	0.79
C6	Sample 30	2	1	14	95570	37.05	0.79
C6	Sample 30	2	1	15	100470	37	0.79
C7	Sample 31	2	1	1	31860	36.96	0.83
C7	Sample 31	2	1	2	36770	36.96	0.83
C7	Sample 31	2	1	3	41670	36.96	0.83
C7	Sample 31	2	1	4	46570	36.96	0.84
C7	Sample 31	2	1	5	51470	36.96	0.83
C7	Sample 31	2	1	6	56370	37	0.83
C7	Sample 31	2	1	7	61270	37	0.82
C7	Sample 31	2	1	8	66170	36.96	0.83
C7	Sample 31	2	1	9	71090	37	0.83
C7	Sample 31	2	1	10	75970	37	0.83
C7	Sample 31	2	1	11	80870	36.96	0.84
C7	Sample 31	2	1	12	85770	36.96	0.82
C7	Sample 31	2	1	13	90670	37	0.82
C7	Sample 31	2	1	14	95570	37.05	0.82
C7	Sample 31	2	1	15	100470	37	0.83
C8	Sample 32	2	1	1	31860	36.96	0.80
C8	Sample 32	2	1	2	36770	36.96	0.79
C8	Sample 32	2	1	3	41670	36.96	0.78
C8	Sample 32	2	1	4	46570	36.96	0.78
C8	Sample 32	2	1	5	51470	36.96	0.77
C8	Sample 32	2	1	6	56370	37	0.78
C8	Sample 32	2	1	7	61270	37	0.77
C8	Sample 32	2	1	8	66170	36.96	0.77
C8	Sample 32	2	1	9	71090	37	0.77
C8	Sample 32	2	1	10	75970	37	0.76
C8	Sample 32	2	1	11	80870	36.96	0.77
C8	Sample 32	2	1	12	85770	36.96	0.76
C8	Sample 32	2	1	13	90670	37	0.75
C8	Sample 32	2	1	14	95570	37.05	0.76
C8	Sample 32	2	1	15	100470	37	0.76
C9	Sample 33	2	1	1	31860	36.96	0.80
C9	Sample 33	2	1	2	36770	36.96	0.80
C9	Sample 33	2	1	3	41670	36.96	0.78
C9	Sample 33	2	1	4	46570	36.96	0.78
C9	Sample 33	2	1	5	51470	36.96	0.78
C9	Sample 33	2	1	6	56370	37	0.78
C9	Sample 33	2	1	7	61270	37	0.77
C9	Sample 33	2	1	8	66170	36.96	0.78
C9	Sample 33	2	1	9	71090	37	0.78
C9	Sample 33	2	1	10	75970	37	0.77
C9	Sample 33	2	1	11	80870	36.96	0.77
C9	Sample 33	2	1	12	85770	36.96	0.77
C9	Sample 33	2	1	13	90670	37	0.77
C9	Sample 33	2	1	14	95570	37.05	0.77
C9	Sample 33	2	1	15	100470	37	0.78
C10	Sample 34	2	1	1	31860	36.96	0.79
C10	Sample 34	2	1	2	36770	36.96	0.79
C10	Sample 34	2	1	3	41670	36.96	0.78
C10	Sample 34	2	1	4	46570	36.96	0.77
C10	Sample 34	2	1	5	51470	36.96	0.77
C10	Sample 34	2	1	6	56370	37	0.76
C10	Sample 34	2	1	7	61270	37	0.75
C10	Sample 34	2	1	8	66170	36.96	0.76
C10	Sample 34	2	1	9	71090	37	0.75
C10	Sample 34	2	1	10	75970	37	0.75
C10	Sample 34	2	1	11	80870	36.96	0.75
C10	Sample 34	2	1	12	85770	36.96	0.75
C10	Sample 34	2	1	13	90670	37	0.75
C10	Sample 34	2	1	14	95570	37.05	0.75
C10	Sample 34	2	1	15	100470	37	0.75
C11	Sample 35	2	1	1	31860	36.96	0.77
C11	Sample 35	2	1	2	36770	36.96	0.78
C11	Sample 35	2	1	3	41670	36.96	0.78
C11	Sample 35	2	1	4	46570	36.96	0.78
C11	Sample 35	2	1	5	51470	36.96	0.77
C11	Sample 35	2	1	6	56370	37	0.78
C11	Sample 35	2	1	7	61270	37	0.78
C11	Sample 35	2	1	8	66170	36.96	0.79
C11	Sample 35	2	1	9	71090	37	0.79
C11	Sample 35	2	1	10	75970	37	0.78
C11	Sample 35	2	1	11	80870	36.96	0.79
C11	Sample 35	2	1	12	85770	36.96	0.78
C11	Sample 35	2	1	13	90670	37	0.78
C11	Sample 35	2	1	14	95570	37.05	0.78
C11	Sample 35	2	1	15	100470	37	0.79
C12	Sample 36	2	1	1	31860	36.96	0.75
C12	Sample 36	2	1	2	36770	36.96	0.76
C12	Sample 36	2	1	3	41670	36.96	0.75
C12	Sample 36	2	1	4	46570	36.96	0.75
C12	Sample 36	2	1	5	51470	36.96	0.76
C12	Sample 36	2	1	6	56370	37	0.75
C12	Sample 36	2	1	7	61270	37	0.75
C12	Sample 36	2	1	8	66170	36.96	0.76
C12	Sample 36	2	1	9	71090	37	0.76
C12	Sample 36	2	1	10	75970	37	0.75
C12	Sample 36	2	1	11	80870	36.96	0.76
C12	Sample 36	2	1	12	85770	36.96	0.75
C12	Sample 36	2	1	13	90670	37	0.75
C12	Sample 36	2	1	14	95570	37.05	0.75
C12	Sample 36	2	1	15	100470	37	0.76
D1	Sample 37	2	1	1	31860	36.96	1.73
D1	Sample 37	2	1	2	36770	36.96	1.74
D1	Sample 37	2	1	3	41670	36.96	1.72
D1	Sample 37	2	1	4	46570	36.96	1.72
D1	Sample 37	2	1	5	51470	36.96	1.72
D1	Sample 37	2	1	6	56370	37	1.72
D1	Sample 37	2	1	7	61270	37	1.72
D1	Sample 37	2	1	8	66170	36.96	1.73
D1	Sample 37	2	1	9	71090	37	1.72
D1	Sample 37	2	1	10	75970	37	1.72
D1	Sample 37	2	1	11	80870	36.96	1.72
D1	Sample 37	2	1	12	85770	36.96	1.72
D1	Sample 37	2	1	13	90670	37	1.72
D1	Sample 37	2	1	14	95570	37.05	1.71
D1	Sample 37	2	1	15	100470	37	1.73
D2	Sample 38	2	1	1	31860	36.96	1.63
D2	Sample 38	2	1	2	36770	36.96	1.65
D2	Sample 38	2	1	3	41670	36.96	1.63
D2	Sample 38	2	1	4	46570	36.96	1.64
D2	Sample 38	2	1	5	51470	36.96	1.63
D2	Sample 38	2	1	6	56370	37	1.64
D2	Sample 38	2	1	7	61270	37	1.64
D2	Sample 38	2	1	8	66170	36.96	1.65
D2	Sample 38	2	1	9	71090	37	1.64
D2	Sample 38	2	1	10	75970	37	1.64
D2	Sample 38	2	1	11	80870	36.96	1.65
D2	Sample 38	2	1	12	85770	36.96	1.65
D2	Sample 38	2	1	13	90670	37	1.64
D2	Sample 38	2	1	14	95570	37.05	1.63
D2	Sample 38	2	1	15	100470	37	1.65
D3	Sample 39	2	1	1	31860	36.96	2.60
D3	Sample 39	2	1	2	36770	36.96	2.62
D3	Sample 39	2	1	3	41670	36.96	2.61
D3	Sample 39	2	1	4	46570	36.96	2.61
D3	Sample 39	2	1	5	51470	36.96	2.60
D3	Sample 39	2	1	6	56370	37	2.60
D3	Sample 39	2	1	7	61270	37	2.60
D3	Sample 39	2	1	8	66170	36.96	2.61
D3	Sample 39	2	1	9	71090	37	2.60
D3	Sample 39	2	1	10	75970	37	2.60
D3	Sample 39	2	1	11	80870	36.96	2.62
D3	Sample 39	2	1	12	85770	36.96	2.60
D3	Sample 39	2	1	13	90670	37	2.60
D3	Sample 39	2	1	14	95570	37.05	2.61
D3	Sample 39	2	1	15	100470	37	2.62
D4	Sample 40	2	1	1	31860	36.96	2.57
D4	Sample 40	2	1	2	36770	36.96	2.58
D4	Sample 40	2	1	3	41670	36.96	2.57
D4	Sample 40	2	1	4	46570	36.96	2.56
D4	Sample 40	2	1	5	51470	36.96	2.56
D4	Sample 40	2	1	6	56370	37	2.54
D4	Sample 40	2	1	7	61270	37	2.55
D4	Sample 40	2	1	8	66170	36.96	2.55
D4	Sample 40	2	1	9	71090	37	2.55
D4	Sample 40	2	1	10	75970	37	2.54
D4	Sample 40	2	1	11	80870	36.96	2.56
D4	Sample 40	2	1	12	85770	36.96	2.55
D4	Sample 40	2	1	13	90670	37	2.55
D4	Sample 40	2	1	14	95570	37.05	2.54
D4	Sample 40	2	1	15	100470	37	2.55
D5	Sample 41	2	1	1	31860	36.96	0.79
D5	Sample 41	2	1	2	36770	36.96	0.78
D5	Sample 41	2	1	3	41670	36.96	0.78
D5	Sample 41	2	1	4	46570	36.96	0.77
D5	Sample 41	2	1	5	51470	36.96	0.77
D5	Sample 41	2	1	6	56370	37	0.75
D5	Sample 41	2	1	7	61270	37	0.75
D5	Sample 41	2	1	8	66170	36.96	0.76
D5	Sample 41	2	1	9	71090	37	0.75
D5	Sample 41	2	1	10	75970	37	0.75
D5	Sample 41	2	1	11	80870	36.96	0.76
D5	Sample 41	2	1	12	85770	36.96	0.76
D5	Sample 41	2	1	13	90670	37	0.75
D5	Sample 41	2	1	14	95570	37.05	0.76
D5	Sample 41	2	1	15	100470	37	0.76
D6	Sample 42	2	1	1	31860	36.96	0.79
D6	Sample 42	2	1	2	36770	36.96	0.79
D6	Sample 42	2	1	3	41670	36.96	0.78
D6	Sample 42	2	1	4	46570	36.96	0.77
D6	Sample 42	2	1	5	51470	36.96	0.78
D6	Sample 42	2	1	6	56370	37	0.76
D6	Sample 42	2	1	7	61270	37	0.76
D6	Sample 42	2	1	8	66170	36.96	0.77
D6	Sample 42	2	1	9	71090	37	0.76
D6	Sample 42	2	1	10	75970	37	0.76
D6	Sample 42	2	1	11	80870	36.96	0.76
D6	Sample 42	2	1	12	85770	36.96	0.76
D6	Sample 42	2	1	13	90670	37	0.75
D6	Sample 42	2	1	14	95570	37.05	0.76
D6	Sample 42	2	1	15	100470	37	0.76
D7	Sample 43	2	1	1	31860	36.96	0.82
D7	Sample 43	2	1	2	36770	36.96	0.82
D7	Sample 43	2	1	3	41670	36.96	0.81
D7	Sample 43	2	1	4	46570	36.96	0.81
D7	Sample 43	2	1	5	51470	36.96	0.81
D7	Sample 43	2	1	6	56370	37	0.81
D7	Sample 43	2	1	7	61270	37	0.81
D7	Sample 43	2	1	8	66170	36.96	0.82
D7	Sample 43	2	1	9	71090	37	0.81
D7	Sample 43	2	1	10	75970	37	0.81
D7	Sample 43	2	1	11	80870	36.96	0.81
D7	Sample 43	2	1	12	85770	36.96	0.82
D7	Sample 43	2	1	13	90670	37	0.80
D7	Sample 43	2	1	14	95570	37.05	0.80
D7	Sample 43	2	1	15	100470	37	0.81
D8	Sample 44	2	1	1	31860	36.96	0.78
D8	Sample 44	2	1	2	36770	36.96	0.78
D8	Sample 44	2	1	3	41670	36.96	0.77
D8	Sample 44	2	1	4	46570	36.96	0.77
D8	Sample 44	2	1	5	51470	36.96	0.77
D8	Sample 44	2	1	6	56370	37	0.77
D8	Sample 44	2	1	7	61270	37	0.77
D8	Sample 44	2	1	8	66170	36.96	0.78
D8	Sample 44	2	1	9	71090	37	0.77
D8	Sample 44	2	1	10	75970	37	0.77
D8	Sample 44	2	1	11	80870	36.96	0.77
D8	Sample 44	2	1	12	85770	36.96	0.78
D8	Sample 44	2	1	13	90670	37	0.77
D8	Sample 44	2	1	14	95570	37.05	0.77
D8	Sample 44	2	1	15	100470	37	0.77
D9	Sample 45	2	1	1	31860	36.96	0.79
D9	Sample 45	2	1	2	36770	36.96	0.80
D9	Sample 45	2	1	3	41670	36.96	0.78
D9	Sample 45	2	1	4	46570	36.96	0.78
D9	Sample 45	2	1	5	51470	36.96	0.77
D9	Sample 45	2	1	6	56370	37	0.77
D9	Sample 45	2	1	7	61270	37	0.78
D9	Sample 45	2	1	8	66170	36.96	0.79
D9	Sample 45	2	1	9	71090	37	0.77
D9	Sample 45	2	1	10	75970	37	0.77
D9	Sample 45	2	1	11	80870	36.96	0.78
D9	Sample 45	2	1	12	85770	36.96	0.78
D9	Sample 45	2	1	13	90670	37	0.78
D9	Sample 45	2	1	14	95570	37.05	0.77
D9	Sample 45	2	1	15	100470	37	0.77
D10	Sample 46	2	1	1	31860	36.96	0.81
D10	Sample 46	2	1	2	36770	36.96	0.80
D10	Sample 46	2	1	3	41670	36.96	0.79
D10	Sample 46	2	1	4	46570	36.96	0.78
D10	Sample 46	2	1	5	51470	36.96	0.77
D10	Sample 46	2	1	6	56370	37	0.77
D10	Sample 46	2	1	7	61270	37	0.77
D10	Sample 46	2	1	8	66170	36.96	0.77
D10	Sample 46	2	1	9	71090	37	0.77
D10	Sample 46	2	1	10	75970	37	0.77
D10	Sample 46	2	1	11	80870	36.96	0.77
D10	Sample 46	2	1	12	85770	36.96	0.77
D10	Sample 46	2	1	13	90670	37	0.77
D10	Sample 46	2	1	14	95570	37.05	0.76
D10	Sample 46	2	1	15	100470	37	0.77
D11	Sample 47	2	1	1	31860	36.96	0.76
D11	Sample 47	2	1	2	36770	36.96	0.77
D11	Sample 47	2	1	3	41670	36.96	0.78
D11	Sample 47	2	1	4	46570	36.96	0.78
D11	Sample 47	2	1	5	51470	36.96	0.78
D11	Sample 47	2	1	6	56370	37	0.79
D11	Sample 47	2	1	7	61270	37	0.79
D11	Sample 47	2	1	8	66170	36.96	0.79
D11	Sample 47	2	1	9	71090	37	0.79
D11	Sample 47	2	1	10	75970	37	0.79
D11	Sample 47	2	1	11	80870	36.96	0.79
D11	Sample 47	2	1	12	85770	36.96	0.79
D11	Sample 47	2	1	13	90670	37	0.79
D11	Sample 47	2	1	14	95570	37.05	0.78
D11	Sample 47	2	1	15	100470	37	0.78
D12	Sample 48	2	1	1	31860	36.96	0.69
D12	Sample 48	2	1	2	36770	36.96	0.70
D12	Sample 48	2	1	3	41670	36.96	0.70
D12	Sample 48	2	1	4	46570	36.96	0.71
D12	Sample 48	2	1	5	51470	36.96	0.71
D12	Sample 48	2	1	6	56370	37	0.72
D12	Sample 48	2	1	7	61270	37	0.71
D12	Sample 48	2	1	8	66170	36.96	0.73
D12	Sample 48	2	1	9	71090	37	0.72
D12	Sample 48	2	1	10	75970	37	0.72
D12	Sample 48	2	1	11	80870	36.96	0.72
D12	Sample 48	2	1	12	85770	36.96	0.73
D12	Sample 48	2	1	13	90670	37	0.72
D12	Sample 48	2	1	14	95570	37.05	0.73
D12	Sample 48	2	1	15	100470	37	0.73
E1	Sample 49	2	1	1	31860	36.96	2.73
E1	Sample 49	2	1	2	36770	36.96	2.74
E1	Sample 49	2	1	3	41670	36.96	2.79
E1	Sample 49	2	1	4	46570	36.96	2.82
E1	Sample 49	2	1	5	51470	36.96	2.84
E1	Sample 49	2	1	6	56370	37	2.84
E1	Sample 49	2	1	7	61270	37	2.85
E1	Sample 49	2	1	8	66170	36.96	2.86
E1	Sample 49	2	1	9	71090	37	2.87
E1	Sample 49	2	1	10	75970	37	2.88
E1	Sample 49	2	1	11	80870	36.96	2.87
E1	Sample 49	2	1	12	85770	36.96	2.87
E1	Sample 49	2	1	13	90670	37	2.87
E1	Sample 49	2	1	14	95570	37.05	2.86
E1	Sample 49	2	1	15	100470	37	2.86
E2	Sample 50	2	1	1	31860	36.96	2.73
E2	Sample 50	2	1	2	36770	36.96	2.72
E2	Sample 50	2	1	3	41670	36.96	2.72
E2	Sample 50	2	1	4	46570	36.96	2.70
E2	Sample 50	2	1	5	51470	36.96	2.71
E2	Sample 50	2	1	6	56370	37	2.70
E2	Sample 50	2	1	7	61270	37	2.70
E2	Sample 50	2	1	8	66170	36.96	2.69
E2	Sample 50	2	1	9	71090	37	2.69
E2	Sample 50	2	1	10	75970	37	2.69
E2	Sample 50	2	1	11	80870	36.96	2.70
E2	Sample 50	2	1	12	85770	36.96	2.70
E2	Sample 50	2	1	13	90670	37	2.69
E2	Sample 50	2	1	14	95570	37.05	2.68
E2	Sample 50	2	1	15	100470	37	2.69
E3	Sample 51	2	1	1	31860	36.96	3.63
E3	Sample 51	2	1	2	36770	36.96	3.65
E3	Sample 51	2	1	3	41670	36.96	3.66
E3	Sample 51	2	1	4	46570	36.96	3.67
E3	Sample 51	2	1	5	51470	36.96	3.66
E3	Sample 51	2	1	6	56370	37	3.66
E3	Sample 51	2	1	7	61270	37	3.65
E3	Sample 51	2	1	8	66170	36.96	3.65
E3	Sample 51	2	1	9	71090	37	3.65
E3	Sample 51	2	1	10	75970	37	3.64
E3	Sample 51	2	1	11	80870	36.96	3.65
E3	Sample 51	2	1	12	85770	36.96	3.64
E3	Sample 51	2	1	13	90670	37	3.63
E3	Sample 51	2	1	14	95570	37.05	3.64
E3	Sample 51	2	1	15	100470	37	3.64
E4	Sample 52	2	1	1	31860	36.96	3.82
E4	Sample 52	2	1	2	36770	36.96	3.78
E4	Sample 52	2	1	3	41670	36.96	3.75
E4	Sample 52	2	1	4	46570	36.96	3.71
E4	Sample 52	2	1	5	51470	36.96	3.71
E4	Sample 52	2	1	6	56370	37	3.69
E4	Sample 52	2	1	7	61270	37	3.67
E4	Sample 52	2	1	8	66170	36.96	3.67
E4	Sample 52	2	1	9	71090	37	3.66
E4	Sample 52	2	1	10	75970	37	3.65
E4	Sample 52	2	1	11	80870	36.96	3.65
E4	Sample 52	2	1	12	85770	36.96	3.64
E4	Sample 52	2	1	13	90670	37	3.63
E4	Sample 52	2	1	14	95570	37.05	3.63
E4	Sample 52	2	1	15	100470	37	3.65
E5	Sample 53	2	1	1	31860	36.96	0.84
E5	Sample 53	2	1	2	36770	36.96	0.83
E5	Sample 53	2	1	3	41670	36.96	0.83
E5	Sample 53	2	1	4	46570	36.96	0.81
E5	Sample 53	2	1	5	51470	36.96	0.81
E5	Sample 53	2	1	6	56370	37	0.81
E5	Sample 53	2	1	7	61270	37	0.80
E5	Sample 53	2	1	8	66170	36.96	0.81
E5	Sample 53	2	1	9	71090	37	0.80
E5	Sample 53	2	1	10	75970	37	0.81
E5	Sample 53	2	1	11	80870	36.96	0.80
E5	Sample 53	2	1	12	85770	36.96	0.80
E5	Sample 53	2	1	13	90670	37	0.80
E5	Sample 53	2	1	14	95570	37.05	0.80
E5	Sample 53	2	1	15	100470	37	0.80
E6	Sample 54	2	1	1	31860	36.96	0.81
E6	Sample 54	2	1	2	36770	36.96	0.80
E6	Sample 54	2	1	3	41670	36.96	0.79
E6	Sample 54	2	1	4	46570	36.96	0.78
E6	Sample 54	2	1	5	51470	36.96	0.78
E6	Sample 54	2	1	6	56370	37	0.77
E6	Sample 54	2	1	7	61270	37	0.76
E6	Sample 54	2	1	8	66170	36.96	0.78
E6	Sample 54	2	1	9	71090	37	0.77
E6	Sample 54	2	1	10	75970	37	0.77
E6	Sample 54	2	1	11	80870	36.96	0.77
E6	Sample 54	2	1	12	85770	36.96	0.77
E6	Sample 54	2	1	13	90670	37	0.77
E6	Sample 54	2	1	14	95570	37.05	0.76
E6	Sample 54	2	1	15	100470	37	0.77
E7	Sample 55	2	1	1	31860	36.96	0.89
E7	Sample 55	2	1	2	36770	36.96	0.88
E7	Sample 55	2	1	3	41670	36.96	0.87
E7	Sample 55	2	1	4	46570	36.96	0.87
E7	Sample 55	2	1	5	51470	36.96	0.86
E7	Sample 55	2	1	6	56370	37	0.86
E7	Sample 55	2	1	7	61270	37	0.85
E7	Sample 55	2	1	8	66170	36.96	0.86
E7	Sample 55	2	1	9	71090	37	0.84
E7	Sample 55	2	1	10	75970	37	0.85
E7	Sample 55	2	1	11	80870	36.96	0.85
E7	Sample 55	2	1	12	85770	36.96	0.85
E7	Sample 55	2	1	13	90670	37	0.84
E7	Sample 55	2	1	14	95570	37.05	0.84
E7	Sample 55	2	1	15	100470	37	0.85
E8	Sample 56	2	1	1	31860	36.96	0.82
E8	Sample 56	2	1	2	36770	36.96	0.81
E8	Sample 56	2	1	3	41670	36.96	0.81
E8	Sample 56	2	1	4	46570	36.96	0.80
E8	Sample 56	2	1	5	51470	36.96	0.80
E8	Sample 56	2	1	6	56370	37	0.79
E8	Sample 56	2	1	7	61270	37	0.78
E8	Sample 56	2	1	8	66170	36.96	0.79
E8	Sample 56	2	1	9	71090	37	0.78
E8	Sample 56	2	1	10	75970	37	0.79
E8	Sample 56	2	1	11	80870	36.96	0.79
E8	Sample 56	2	1	12	85770	36.96	0.78
E8	Sample 56	2	1	13	90670	37	0.78
E8	Sample 56	2	1	14	95570	37.05	0.78
E8	Sample 56	2	1	15	100470	37	0.78
E9	Sample 57	2	1	1	31860	36.96	0.81
E9	Sample 57	2	1	2	36770	36.96	0.80
E9	Sample 57	2	1	3	41670	36.96	0.80
E9	Sample 57	2	1	4	46570	36.96	0.78
E9	Sample 57	2	1	5	51470	36.96	0.79
E9	Sample 57	2	1	6	56370	37	0.78
E9	Sample 57	2	1	7	61270	37	0.77
E9	Sample 57	2	1	8	66170	36.96	0.79
E9	Sample 57	2	1	9	71090	37	0.77
E9	Sample 57	2	1	10	75970	37	0.78
E9	Sample 57	2	1	11	80870	36.96	0.78
E9	Sample 57	2	1	12	85770	36.96	0.78
E9	Sample 57	2	1	13	90670	37	0.77
E9	Sample 57	2	1	14	95570	37.05	0.77
E9	Sample 57	2	1	15	100470	37	0.78
E10	Sample 58	2	1	1	31860	36.96	0.80
E10	Sample 58	2	1	2	36770	36.96	0.80
E10	Sample 58	2	1	3	41670	36.96	0.79
E10	Sample 58	2	1	4	46570	36.96	0.78
E10	Sample 58	2	1	5	51470	36.96	0.78
E10	Sample 58	2	1	6	56370	37	0.78
E10	Sample 58	2	1	7	61270	37	0.76
E10	Sample 58	2	1	8	66170	36.96	0.78
E10	Sample 58	2	1	9	71090	37	0.76
E10	Sample 58	2	1	10	75970	37	0.77
E10	Sample 58	2	1	11	80870	36.96	0.77
E10	Sample 58	2	1	12	85770	36.96	0.77
E10	Sample 58	2	1	13	90670	37	0.77
E10	Sample 58	2	1	14	95570	37.05	0.77
E10	Sample 58	2	1	15	100470	37	0.76
E11	Sample 59	2	1	1	31860	36.96	0.88
E11	Sample 59	2	1	2	36770	36.96	0.88
E11	Sample 59	2	1	3	41670	36.96	0.87
E11	Sample 59	2	1	4	46570	36.96	0.86
E11	Sample 59	2	1	5	51470	36.96	0.87
E11	Sample 59	2	1	6	56370	37	0.86
E11	Sample 59	2	1	7	61270	37	0.85
E11	Sample 59	2	1	8	66170	36.96	0.87
E11	Sample 59	2	1	9	71090	37	0.85
E11	Sample 59	2	1	10	75970	37	0.85
E11	Sample 59	2	1	11	80870	36.96	0.85
E11	Sample 59	2	1	12	85770	36.96	0.86
E11	Sample 59	2	1	13	90670	37	0.85
E11	Sample 59	2	1	14	95570	37.05	0.85
E11	Sample 59	2	1	15	100470	37	0.86
E12	Sample 60	2	1	1	31860	36.96	0.76
E12	Sample 60	2	1	2	36770	36.96	0.76
E12	Sample 60	2	1	3	41670	36.96	0.77
E12	Sample 60	2	1	4	46570	36.96	0.78
E12	Sample 60	2	1	5	51470	36.96	0.80
E12	Sample 60	2	1	6	56370	37	0.81
E12	Sample 60	2	1	7	61270	37	0.82
E12	Sample 60	2	1	8	66170	36.96	0.83
E12	Sample 60	2	1	9	71090	37	0.83
E12	Sample 60	2	1	10	75970	37	0.83
E12	Sample 60	2	1	11	80870	36.96	0.84
E12	Sample 60	2	1	12	85770	36.96	0.84
E12	Sample 60	2	1	13	90670	37	0.83
E12	Sample 60	2	1	14	95570	37.05	0.83
E12	Sample 60	2	1	15	100470	37	0.84
F1	Sample 61	2	1	1	31860	36.96	3.70
F1	Sample 61	2	1	2	36770	36.96	3.66
F1	Sample 61	2	1	3	41670	36.96	3.63
F1	Sample 61	2	1	4	46570	36.96	3.60
F1	Sample 61	2	1	5	51470	36.96	3.60
F1	Sample 61	2	1	6	56370	37	3.57
F1	Sample 61	2	1	7	61270	37	3.56
F1	Sample 61	2	1	8	66170	36.96	3.56
F1	Sample 61	2	1	9	71090	37	3.55
F1	Sample 61	2	1	10	75970	37	3.54
F1	Sample 61	2	1	11	80870	36.96	3.56
F1	Sample 61	2	1	12	85770	36.96	3.55
F1	Sample 61	2	1	13	90670	37	3.55
F1	Sample 61	2	1	14	95570	37.05	3.56
F1	Sample 61	2	1	15	100470	37	3.54
F2	Sample 62	2	1	1	31860	36.96	3.61
F2	Sample 62	2	1	2	36770	36.96	3.55
F2	Sample 62	2	1	3	41670	36.96	3.51
F2	Sample 62	2	1	4	46570	36.96	3.50
F2	Sample 62	2	1	5	51470	36.96	3.47
F2	Sample 62	2	1	6	56370	37	3.46
F2	Sample 62	2	1	7	61270	37	3.45
F2	Sample 62	2	1	8	66170	36.96	3.43
F2	Sample 62	2	1	9	71090	37	3.42
F2	Sample 62	2	1	10	75970	37	3.41
F2	Sample 62	2	1	11	80870	36.96	3.42
F2	Sample 62	2	1	12	85770	36.96	3.41
F2	Sample 62	2	1	13	90670	37	3.41
F2	Sample 62	2	1	14	95570	37.05	3.41
F2	Sample 62	2	1	15	100470	37	3.41
F3	Sample 63	2	1	1	31860	36.96	4.05
F3	Sample 63	2	1	2	36770	36.96	4.01
F3	Sample 63	2	1	3	41670	36.96	4.00
F3	Sample 63	2	1	4	46570	36.96	3.96
F3	Sample 63	2	1	5	51470	36.96	3.93
F3	Sample 63	2	1	6	56370	37	3.91
F3	Sample 63	2	1	7	61270	37	3.90
F3	Sample 63	2	1	8	66170	36.96	3.89
F3	Sample 63	2	1	9	71090	37	3.89
F3	Sample 63	2	1	10	75970	37	3.90
F3	Sample 63	2	1	11	80870	36.96	3.89
F3	Sample 63	2	1	12	85770	36.96	3.89
F3	Sample 63	2	1	13	90670	37	3.88
F3	Sample 63	2	1	14	95570	37.05	3.89
F3	Sample 63	2	1	15	100470	37	3.89
F4	Sample 64	2	1	1	31860	36.96	3.88
F4	Sample 64	2	1	2	36770	36.96	3.91
F4	Sample 64	2	1	3	41670	36.96	3.93
F4	Sample 64	2	1	4	46570	36.96	3.94
F4	Sample 64	2	1	5	51470	36.96	3.94
F4	Sample 64	2	1	6	56370	37	3.93
F4	Sample 64	2	1	7	61270	37	3.93
F4	Sample 64	2	1	8	66170	36.96	3.94
F4	Sample 64	2	1	9	71090	37	3.92
F4	Sample 64	2	1	10	75970	37	3.92
F4	Sample 64	2	1	11	80870	36.96	3.92
F4	Sample 64	2	1	12	85770	36.96	3.93
F4	Sample 64	2	1	13	90670	37	3.92
F4	Sample 64	2	1	14	95570	37.05	3.93
F4	Sample 64	2	1	15	100470	37	3.93
F5	Sample 65	2	1	1	31860	36.96	0.96
F5	Sample 65	2	1	2	36770	36.96	0.94
F5	Sample 65	2	1	3	41670	36.96	0.93
F5	Sample 65	2	1	4	46570	36.96	0.92
F5	Sample 65	2	1	5	51470	36.96	0.92
F5	Sample 65	2	1	6	56370	37	0.91
F5	Sample 65	2	1	7	61270	37	0.90
F5	Sample 65	2	1	8	66170	36.96	0.91
F5	Sample 65	2	1	9	71090	37	0.90
F5	Sample 65	2	1	10	75970	37	0.90
F5	Sample 65	2	1	11	80870	36.96	0.90
F5	Sample 65	2	1	12	85770	36.96	0.90
F5	Sample 65	2	1	13	90670	37	0.89
F5	Sample 65	2	1	14	95570	37.05	0.90
F5	Sample 65	2	1	15	100470	37	0.90
F6	Sample 66	2	1	1	31860	36.96	0.91
F6	Sample 66	2	1	2	36770	36.96	0.90
F6	Sample 66	2	1	3	41670	36.96	0.90
F6	Sample 66	2	1	4	46570	36.96	0.89
F6	Sample 66	2	1	5	51470	36.96	0.88
F6	Sample 66	2	1	6	56370	37	0.87
F6	Sample 66	2	1	7	61270	37	0.87
F6	Sample 66	2	1	8	66170	36.96	0.88
F6	Sample 66	2	1	9	71090	37	0.85
F6	Sample 66	2	1	10	75970	37	0.87
F6	Sample 66	2	1	11	80870	36.96	0.87
F6	Sample 66	2	1	12	85770	36.96	0.87
F6	Sample 66	2	1	13	90670	37	0.85
F6	Sample 66	2	1	14	95570	37.05	0.86
F6	Sample 66	2	1	15	100470	37	0.86
F7	Sample 67	2	1	1	31860	36.96	0.99
F7	Sample 67	2	1	2	36770	36.96	0.97
F7	Sample 67	2	1	3	41670	36.96	0.96
F7	Sample 67	2	1	4	46570	36.96	0.95
F7	Sample 67	2	1	5	51470	36.96	0.96
F7	Sample 67	2	1	6	56370	37	0.95
F7	Sample 67	2	1	7	61270	37	0.94
F7	Sample 67	2	1	8	66170	36.96	0.95
F7	Sample 67	2	1	9	71090	37	0.94
F7	Sample 67	2	1	10	75970	37	0.94
F7	Sample 67	2	1	11	80870	36.96	0.95
F7	Sample 67	2	1	12	85770	36.96	0.94
F7	Sample 67	2	1	13	90670	37	0.93
F7	Sample 67	2	1	14	95570	37.05	0.95
F7	Sample 67	2	1	15	100470	37	0.93
F8	Sample 68	2	1	1	31860	36.96	0.96
F8	Sample 68	2	1	2	36770	36.96	0.95
F8	Sample 68	2	1	3	41670	36.96	0.94
F8	Sample 68	2	1	4	46570	36.96	0.94
F8	Sample 68	2	1	5	51470	36.96	0.94
F8	Sample 68	2	1	6	56370	37	0.93
F8	Sample 68	2	1	7	61270	37	0.92
F8	Sample 68	2	1	8	66170	36.96	0.93
F8	Sample 68	2	1	9	71090	37	0.92
F8	Sample 68	2	1	10	75970	37	0.92
F8	Sample 68	2	1	11	80870	36.96	0.92
F8	Sample 68	2	1	12	85770	36.96	0.92
F8	Sample 68	2	1	13	90670	37	0.92
F8	Sample 68	2	1	14	95570	37.05	0.92
F8	Sample 68	2	1	15	100470	37	0.91
F9	Sample 69	2	1	1	31860	36.96	1.00
F9	Sample 69	2	1	2	36770	36.96	0.99
F9	Sample 69	2	1	3	41670	36.96	0.99
F9	Sample 69	2	1	4	46570	36.96	0.98
F9	Sample 69	2	1	5	51470	36.96	0.99
F9	Sample 69	2	1	6	56370	37	0.98
F9	Sample 69	2	1	7	61270	37	0.97
F9	Sample 69	2	1	8	66170	36.96	0.98
F9	Sample 69	2	1	9	71090	37	0.97
F9	Sample 69	2	1	10	75970	37	0.98
F9	Sample 69	2	1	11	80870	36.96	0.97
F9	Sample 69	2	1	12	85770	36.96	0.97
F9	Sample 69	2	1	13	90670	37	0.97
F9	Sample 69	2	1	14	95570	37.05	0.97
F9	Sample 69	2	1	15	100470	37	0.97
F10	Sample 70	2	1	1	31860	36.96	0.97
F10	Sample 70	2	1	2	36770	36.96	0.97
F10	Sample 70	2	1	3	41670	36.96	0.96
F10	Sample 70	2	1	4	46570	36.96	0.96
F10	Sample 70	2	1	5	51470	36.96	0.95
F10	Sample 70	2	1	6	56370	37	0.94
F10	Sample 70	2	1	7	61270	37	0.94
F10	Sample 70	2	1	8	66170	36.96	0.94
F10	Sample 70	2	1	9	71090	37	0.93
F10	Sample 70	2	1	10	75970	37	0.93
F10	Sample 70	2	1	11	80870	36.96	0.94
F10	Sample 70	2	1	12	85770	36.96	0.94
F10	Sample 70	2	1	13	90670	37	0.93
F10	Sample 70	2	1	14	95570	37.05	0.93
F10	Sample 70	2	1	15	100470	37	0.94
F11	Sample 71	2	1	1	31860	36.96	0.95
F11	Sample 71	2	1	2	36770	36.96	0.94
F11	Sample 71	2	1	3	41670	36.96	0.94
F11	Sample 71	2	1	4	46570	36.96	0.93
F11	Sample 71	2	1	5	51470	36.96	0.93
F11	Sample 71	2	1	6	56370	37	0.91
F11	Sample 71	2	1	7	61270	37	0.91
F11	Sample 71	2	1	8	66170	36.96	0.92
F11	Sample 71	2	1	9	71090	37	0.91
F11	Sample 71	2	1	10	75970	37	0.91
F11	Sample 71	2	1	11	80870	36.96	0.92
F11	Sample 71	2	1	12	85770	36.96	0.92
F11	Sample 71	2	1	13	90670	37	0.91
F11	Sample 71	2	1	14	95570	37.05	0.92
F11	Sample 71	2	1	15	100470	37	0.92
F12	Sample 72	2	1	1	31860	36.96	0.91
F12	Sample 72	2	1	2	36770	36.96	0.89
F12	Sample 72	2	1	3	41670	36.96	0.88
F12	Sample 72	2	1	4	46570	36.96	0.88
F12	Sample 72	2	1	5	51470	36.96	0.87
F12	Sample 72	2	1	6	56370	37	0.87
F12	Sample 72	2	1	7	61270	37	0.87
F12	Sample 72	2	1	8	66170	36.96	0.87
F12	Sample 72	2	1	9	71090	37	0.85
F12	Sample 72	2	1	10	75970	37	0.86
F12	Sample 72	2	1	11	80870	36.96	0.86
F12	Sample 72	2	1	12	85770	36.96	0.86
F12	Sample 72	2	1	13	90670	37	0.86
F12	Sample 72	2	1	14	95570	37.05	0.86
F12	Sample 72	2	1	15	100470	37	0.85
G1	Sample 73	2	1	1	31860	36.96	3.53
G1	Sample 73	2	1	2	36770	36.96	3.55
G1	Sample 73	2	1	3	41670	36.96	3.57
G1	Sample 73	2	1	4	46570	36.96	3.55
G1	Sample 73	2	1	5	51470	36.96	3.56
G1	Sample 73	2	1	6	56370	37	3.55
G1	Sample 73	2	1	7	61270	37	3.54
G1	Sample 73	2	1	8	66170	36.96	3.54
G1	Sample 73	2	1	9	71090	37	3.53
G1	Sample 73	2	1	10	75970	37	3.54
G1	Sample 73	2	1	11	80870	36.96	3.53
G1	Sample 73	2	1	12	85770	36.96	3.54
G1	Sample 73	2	1	13	90670	37	3.54
G1	Sample 73	2	1	14	95570	37.05	3.54
G1	Sample 73	2	1	15	100470	37	3.53
G2	Sample 74	2	1	1	31860	36.96	3.75
G2	Sample 74	2	1	2	36770	36.96	3.70
G2	Sample 74	2	1	3	41670	36.96	3.68
G2	Sample 74	2	1	4	46570	36.96	3.65
G2	Sample 74	2	1	5	51470	36.96	3.64
G2	Sample 74	2	1	6	56370	37	3.63
G2	Sample 74	2	1	7	61270	37	3.61
G2	Sample 74	2	1	8	66170	36.96	3.60
G2	Sample 74	2	1	9	71090	37	3.60
G2	Sample 74	2	1	10	75970	37	3.58
G2	Sample 74	2	1	11	80870	36.96	3.58
G2	Sample 74	2	1	12	85770	36.96	3.58
G2	Sample 74	2	1	13	90670	37	3.59
G2	Sample 74	2	1	14	95570	37.05	3.58
G2	Sample 74	2	1	15	100470	37	3.58
G3	Sample 75	2	1	1	31860	36.96	4.15
G3	Sample 75	2	1	2	36770	36.96	4.11
G3	Sample 75	2	1	3	41670	36.96	4.09
G3	Sample 75	2	1	4	46570	36.96	4.06
G3	Sample 75	2	1	5	51470	36.96	4.04
G3	Sample 75	2	1	6	56370	37	4.01
G3	Sample 75	2	1	7	61270	37	3.99
G3	Sample 75	2	1	8	66170	36.96	4.00
G3	Sample 75	2	1	9	71090	37	3.96
G3	Sample 75	2	1	10	75970	37	3.97
G3	Sample 75	2	1	11	80870	36.96	3.97
G3	Sample 75	2	1	12	85770	36.96	3.95
G3	Sample 75	2	1	13	90670	37	3.97
G3	Sample 75	2	1	14	95570	37.05	3.96
G3	Sample 75	2	1	15	100470	37	3.94
G4	Sample 76	2	1	1	31860	36.96	4.01
G4	Sample 76	2	1	2	36770	36.96	3.99
G4	Sample 76	2	1	3	41670	36.96	3.96
G4	Sample 76	2	1	4	46570	36.96	3.92
G4	Sample 76	2	1	5	51470	36.96	3.90
G4	Sample 76	2	1	6	56370	37	3.88
G4	Sample 76	2	1	7	61270	37	3.86
G4	Sample 76	2	1	8	66170	36.96	3.85
G4	Sample 76	2	1	9	71090	37	3.84
G4	Sample 76	2	1	10	75970	37	3.84
G4	Sample 76	2	1	11	80870	36.96	3.83
G4	Sample 76	2	1	12	85770	36.96	3.84
G4	Sample 76	2	1	13	90670	37	3.82
G4	Sample 76	2	1	14	95570	37.05	3.84
G4	Sample 76	2	1	15	100470	37	3.83
G5	Sample 77	2	1	1	31860	36.96	1.03
G5	Sample 77	2	1	2	36770	36.96	1.02
G5	Sample 77	2	1	3	41670	36.96	1.01
G5	Sample 77	2	1	4	46570	36.96	1.00
G5	Sample 77	2	1	5	51470	36.96	1.00
G5	Sample 77	2	1	6	56370	37	0.99
G5	Sample 77	2	1	7	61270	37	0.99
G5	Sample 77	2	1	8	66170	36.96	0.99
G5	Sample 77	2	1	9	71090	37	0.99
G5	Sample 77	2	1	10	75970	37	0.98
G5	Sample 77	2	1	11	80870	36.96	0.99
G5	Sample 77	2	1	12	85770	36.96	0.98
G5	Sample 77	2	1	13	90670	37	0.98
G5	Sample 77	2	1	14	95570	37.05	0.98
G5	Sample 77	2	1	15	100470	37	0.98
G6	Sample 78	2	1	1	31860	36.96	0.98
G6	Sample 78	2	1	2	36770	36.96	0.98
G6	Sample 78	2	1	3	41670	36.96	0.98
G6	Sample 78	2	1	4	46570	36.96	0.96
G6	Sample 78	2	1	5	51470	36.96	0.96
G6	Sample 78	2	1	6	56370	37	0.95
G6	Sample 78	2	1	7	61270	37	0.94
G6	Sample 78	2	1	8	66170	36.96	0.95
G6	Sample 78	2	1	9	71090	37	0.94
G6	Sample 78	2	1	10	75970	37	0.94
G6	Sample 78	2	1	11	80870	36.96	0.95
G6	Sample 78	2	1	12	85770	36.96	0.95
G6	Sample 78	2	1	13	90670	37	0.95
G6	Sample 78	2	1	14	95570	37.05	0.94
G6	Sample 78	2	1	15	100470	37	0.95
G7	Sample 79	2	1	1	31860	36.96	0.98
G7	Sample 79	2	1	2	36770	36.96	0.98
G7	Sample 79	2	1	3	41670	36.96	0.97
G7	Sample 79	2	1	4	46570	36.96	0.96
G7	Sample 79	2	1	5	51470	36.96	0.95
G7	Sample 79	2	1	6	56370	37	0.95
G7	Sample 79	2	1	7	61270	37	0.95
G7	Sample 79	2	1	8	66170	36.96	0.96
G7	Sample 79	2	1	9	71090	37	0.94
G7	Sample 79	2	1	10	75970	37	0.95
G7	Sample 79	2	1	11	80870	36.96	0.95
G7	Sample 79	2	1	12	85770	36.96	0.95
G7	Sample 79	2	1	13	90670	37	0.95
G7	Sample 79	2	1	14	95570	37.05	0.95
G7	Sample 79	2	1	15	100470	37	0.95
G8	Sample 80	2	1	1	31860	36.96	0.94
G8	Sample 80	2	1	2	36770	36.96	0.94
G8	Sample 80	2	1	3	41670	36.96	0.93
G8	Sample 80	2	1	4	46570	36.96	0.91
G8	Sample 80	2	1	5	51470	36.96	0.91
G8	Sample 80	2	1	6	56370	37	0.91
G8	Sample 80	2	1	7	61270	37	0.90
G8	Sample 80	2	1	8	66170	36.96	0.91
G8	Sample 80	2	1	9	71090	37	0.90
G8	Sample 80	2	1	10	75970	37	0.90
G8	Sample 80	2	1	11	80870	36.96	0.90
G8	Sample 80	2	1	12	85770	36.96	0.90
G8	Sample 80	2	1	13	90670	37	0.90
G8	Sample 80	2	1	14	95570	37.05	0.90
G8	Sample 80	2	1	15	100470	37	0.90
G9	Sample 81	2	1	1	31860	36.96	0.96
G9	Sample 81	2	1	2	36770	36.96	0.95
G9	Sample 81	2	1	3	41670	36.96	0.94
G9	Sample 81	2	1	4	46570	36.96	0.94
G9	Sample 81	2	1	5	51470	36.96	0.92
G9	Sample 81	2	1	6	56370	37	0.92
G9	Sample 81	2	1	7	61270	37	0.91
G9	Sample 81	2	1	8	66170	36.96	0.93
G9	Sample 81	2	1	9	71090	37	0.91
G9	Sample 81	2	1	10	75970	37	0.92
G9	Sample 81	2	1	11	80870	36.96	0.92
G9	Sample 81	2	1	12	85770	36.96	0.92
G9	Sample 81	2	1	13	90670	37	0.91
G9	Sample 81	2	1	14	95570	37.05	0.92
G9	Sample 81	2	1	15	100470	37	0.92
G10	Sample 82	2	1	1	31860	36.96	0.93
G10	Sample 82	2	1	2	36770	36.96	0.91
G10	Sample 82	2	1	3	41670	36.96	0.91
G10	Sample 82	2	1	4	46570	36.96	0.90
G10	Sample 82	2	1	5	51470	36.96	0.90
G10	Sample 82	2	1	6	56370	37	0.89
G10	Sample 82	2	1	7	61270	37	0.88
G10	Sample 82	2	1	8	66170	36.96	0.89
G10	Sample 82	2	1	9	71090	37	0.88
G10	Sample 82	2	1	10	75970	37	0.88
G10	Sample 82	2	1	11	80870	36.96	0.88
G10	Sample 82	2	1	12	85770	36.96	0.88
G10	Sample 82	2	1	13	90670	37	0.88
G10	Sample 82	2	1	14	95570	37.05	0.88
G10	Sample 82	2	1	15	100470	37	0.88
G11	Sample 83	2	1	1	31860	36.96	0.90
G11	Sample 83	2	1	2	36770	36.96	0.91
G11	Sample 83	2	1	3	41670	36.96	0.91
G11	Sample 83	2	1	4	46570	36.96	0.91
G11	Sample 83	2	1	5	51470	36.96	0.91
G11	Sample 83	2	1	6	56370	37	0.91
G11	Sample 83	2	1	7	61270	37	0.91
G11	Sample 83	2	1	8	66170	36.96	0.92
G11	Sample 83	2	1	9	71090	37	0.91
G11	Sample 83	2	1	10	75970	37	0.91
G11	Sample 83	2	1	11	80870	36.96	0.92
G11	Sample 83	2	1	12	85770	36.96	0.91
G11	Sample 83	2	1	13	90670	37	0.91
G11	Sample 83	2	1	14	95570	37.05	0.91
G11	Sample 83	2	1	15	100470	37	0.91
G12	Sample 84	2	1	1	31860	36.96	0.89
G12	Sample 84	2	1	2	36770	36.96	0.88
G12	Sample 84	2	1	3	41670	36.96	0.88
G12	Sample 84	2	1	4	46570	36.96	0.87
G12	Sample 84	2	1	5	51470	36.96	0.86
G12	Sample 84	2	1	6	56370	37	0.86
G12	Sample 84	2	1	7	61270	37	0.85
G12	Sample 84	2	1	8	66170	36.96	0.86
G12	Sample 84	2	1	9	71090	37	0.85
G12	Sample 84	2	1	10	75970	37	0.85
G12	Sample 84	2	1	11	80870	36.96	0.85
G12	Sample 84	2	1	12	85770	36.96	0.86
G12	Sample 84	2	1	13	90670	37	0.85
G12	Sample 84	2	1	14	95570	37.05	0.86
G12	Sample 84	2	1	15	100470	37	0.85
H1	Sample 85	2	1	1	31860	36.96	3.61
H1	Sample 85	2	1	2	36770	36.96	3.60
H1	Sample 85	2	1	3	41670	36.96	3.57
H1	Sample 85	2	1	4	46570	36.96	3.55
H1	Sample 85	2	1	5	51470	36.96	3.53
H1	Sample 85	2	1	6	56370	37	3.53
H1	Sample 85	2	1	7	61270	37	3.52
H1	Sample 85	2	1	8	66170	36.96	3.52
H1	Sample 85	2	1	9	71090	37	3.51
H1	Sample 85	2	1	10	75970	37	3.50
H1	Sample 85	2	1	11	80870	36.96	3.50
H1	Sample 85	2	1	12	85770	36.96	3.49
H1	Sample 85	2	1	13	90670	37	3.50
H1	Sample 85	2	1	14	95570	37.05	3.50
H1	Sample 85	2	1	15	100470	37	3.49
H2	Sample 86	2	1	1	31860	36.96	3.62
H2	Sample 86	2	1	2	36770	36.96	3.58
H2	Sample 86	2	1	3	41670	36.96	3.55
H2	Sample 86	2	1	4	46570	36.96	3.46
H2	Sample 86	2	1	5	51470	36.96	3.45
H2	Sample 86	2	1	6	56370	37	3.42
H2	Sample 86	2	1	7	61270	37	3.40
H2	Sample 86	2	1	8	66170	36.96	3.40
H2	Sample 86	2	1	9	71090	37	3.38
H2	Sample 86	2	1	10	75970	37	3.39
H2	Sample 86	2	1	11	80870	36.96	3.39
H2	Sample 86	2	1	12	85770	36.96	3.39
H2	Sample 86	2	1	13	90670	37	3.39
H2	Sample 86	2	1	14	95570	37.05	3.40
H2	Sample 86	2	1	15	100470	37	3.39
H3	Sample 87	2	1	1	31860	36.96	4.01
H3	Sample 87	2	1	2	36770	36.96	3.99
H3	Sample 87	2	1	3	41670	36.96	3.94
H3	Sample 87	2	1	4	46570	36.96	3.91
H3	Sample 87	2	1	5	51470	36.96	3.89
H3	Sample 87	2	1	6	56370	37	3.86
H3	Sample 87	2	1	7	61270	37	3.86
H3	Sample 87	2	1	8	66170	36.96	3.85
H3	Sample 87	2	1	9	71090	37	3.83
H3	Sample 87	2	1	10	75970	37	3.84
H3	Sample 87	2	1	11	80870	36.96	3.83
H3	Sample 87	2	1	12	85770	36.96	3.83
H3	Sample 87	2	1	13	90670	37	3.81
H3	Sample 87	2	1	14	95570	37.05	3.82
H3	Sample 87	2	1	15	100470	37	3.82
H4	Sample 88	2	1	1	31860	36.96	4.01
H4	Sample 88	2	1	2	36770	36.96	3.98
H4	Sample 88	2	1	3	41670	36.96	3.94
H4	Sample 88	2	1	4	46570	36.96	3.91
H4	Sample 88	2	1	5	51470	36.96	3.90
H4	Sample 88	2	1	6	56370	37	3.86
H4	Sample 88	2	1	7	61270	37	3.86
H4	Sample 88	2	1	8	66170	36.96	3.85
H4	Sample 88	2	1	9	71090	37	3.84
H4	Sample 88	2	1	10	75970	37	3.84
H4	Sample 88	2	1	11	80870	36.96	3.84
H4	Sample 88	2	1	12	85770	36.96	3.84
H4	Sample 88	2	1	13	90670	37	3.82
H4	Sample 88	2	1	14	95570	37.05	3.82
H4	Sample 88	2	1	15	100470	37	3.82
H5	Sample 89	2	1	1	31860	36.96	1.04
H5	Sample 89	2	1	2	36770	36.96	1.04
H5	Sample 89	2	1	3	41670	36.96	1.02
H5	Sample 89	2	1	4	46570	36.96	1.02
H5	Sample 89	2	1	5	51470	36.96	1.01
H5	Sample 89	2	1	6	56370	37	1.00
H5	Sample 89	2	1	7	61270	37	1.01
H5	Sample 89	2	1	8	66170	36.96	1.01
H5	Sample 89	2	1	9	71090	37	1.01
H5	Sample 89	2	1	10	75970	37	1.00
H5	Sample 89	2	1	11	80870	36.96	1.00
H5	Sample 89	2	1	12	85770	36.96	1.01
H5	Sample 89	2	1	13	90670	37	1.00
H5	Sample 89	2	1	14	95570	37.05	1.00
H5	Sample 89	2	1	15	100470	37	1.00
H6	Sample 90	2	1	1	31860	36.96	1.01
H6	Sample 90	2	1	2	36770	36.96	1.02
H6	Sample 90	2	1	3	41670	36.96	0.99
H6	Sample 90	2	1	4	46570	36.96	0.98
H6	Sample 90	2	1	5	51470	36.96	0.98
H6	Sample 90	2	1	6	56370	37	0.98
H6	Sample 90	2	1	7	61270	37	0.98
H6	Sample 90	2	1	8	66170	36.96	0.97
H6	Sample 90	2	1	9	71090	37	0.97
H6	Sample 90	2	1	10	75970	37	0.97
H6	Sample 90	2	1	11	80870	36.96	0.97
H6	Sample 90	2	1	12	85770	36.96	0.98
H6	Sample 90	2	1	13	90670	37	0.97
H6	Sample 90	2	1	14	95570	37.05	0.97
H6	Sample 90	2	1	15	100470	37	0.97
H7	Sample 91	2	1	1	31860	36.96	1.02
H7	Sample 91	2	1	2	36770	36.96	1.02
H7	Sample 91	2	1	3	41670	36.96	1.00
H7	Sample 91	2	1	4	46570	36.96	1.00
H7	Sample 91	2	1	5	51470	36.96	0.99
H7	Sample 91	2	1	6	56370	37	0.99
H7	Sample 91	2	1	7	61270	37	0.99
H7	Sample 91	2	1	8	66170	36.96	0.99
H7	Sample 91	2	1	9	71090	37	0.98
H7	Sample 91	2	1	10	75970	37	0.98
H7	Sample 91	2	1	11	80870	36.96	0.99
H7	Sample 91	2	1	12	85770	36.96	0.99
H7	Sample 91	2	1	13	90670	37	0.99
H7	Sample 91	2	1	14	95570	37.05	0.98
H7	Sample 91	2	1	15	100470	37	0.98
H8	Sample 92	2	1	1	31860	36.96	0.97
H8	Sample 92	2	1	2	36770	36.96	0.96
H8	Sample 92	2	1	3	41670	36.96	0.95
H8	Sample 92	2	1	4	46570	36.96	0.94
H8	Sample 92	2	1	5	51470	36.96	0.95
H8	Sample 92	2	1	6	56370	37	0.94
H8	Sample 92	2	1	7	61270	37	0.93
H8	Sample 92	2	1	8	66170	36.96	0.93
H8	Sample 92	2	1	9	71090	37	0.93
H8	Sample 92	2	1	10	75970	37	0.93
H8	Sample 92	2	1	11	80870	36.96	0.93
H8	Sample 92	2	1	12	85770	36.96	0.93
H8	Sample 92	2	1	13	90670	37	0.93
H8	Sample 92	2	1	14	95570	37.05	0.93
H8	Sample 92	2	1	15	100470	37	0.93
H9	Sample 93	2	1	1	31860	36.96	0.92
H9	Sample 93	2	1	2	36770	36.96	0.92
H9	Sample 93	2	1	3	41670	36.96	0.91
H9	Sample 93	2	1	4	46570	36.96	0.91
H9	Sample 93	2	1	5	51470	36.96	0.91
H9	Sample 93	2	1	6	56370	37	0.89
H9	Sample 93	2	1	7	61270	37	0.90
H9	Sample 93	2	1	8	66170	36.96	0.89
H9	Sample 93	2	1	9	71090	37	0.88
H9	Sample 93	2	1	10	75970	37	0.89
H9	Sample 93	2	1	11	80870	36.96	0.90
H9	Sample 93	2	1	12	85770	36.96	0.90
H9	Sample 93	2	1	13	90670	37	0.89
H9	Sample 93	2	1	14	95570	37.05	0.89
H9	Sample 93	2	1	15	100470	37	0.89
H10	Sample 94	2	1	1	31860	36.96	0.86
H10	Sample 94	2	1	2	36770	36.96	0.87
H10	Sample 94	2	1	3	41670	36.96	0.85
H10	Sample 94	2	1	4	46570	36.96	0.85
H10	Sample 94	2	1	5	51470	36.96	0.85
H10	Sample 94	2	1	6	56370	37	0.85
H10	Sample 94	2	1	7	61270	37	0.85
H10	Sample 94	2	1	8	66170	36.96	0.85
H10	Sample 94	2	1	9	71090	37	0.85
H10	Sample 94	2	1	10	75970	37	0.86
H10	Sample 94	2	1	11	80870	36.96	0.86
H10	Sample 94	2	1	12	85770	36.96	0.86
H10	Sample 94	2	1	13	90670	37	0.85
H10	Sample 94	2	1	14	95570	37.05	0.85
H10	Sample 94	2	1	15	100470	37	0.86
H11	Sample 95	2	1	1	31860	36.96	0.86
H11	Sample 95	2	1	2	36770	36.96	0.87
H11	Sample 95	2	1	3	41670	36.96	0.86
H11	Sample 95	2	1	4	46570	36.96	0.84
H11	Sample 95	2	1	5	51470	36.96	0.85
H11	Sample 95	2	1	6	56370	37	0.84
H11	Sample 95	2	1	7	61270	37	0.84
H11	Sample 95	2	1	8	66170	36.96	0.85
H11	Sample 95	2	1	9	71090	37	0.84
H11	Sample 95	2	1	10	75970	37	0.84
H11	Sample 95	2	1	11	80870	36.96	0.84
H11	Sample 95	2	1	12	85770	36.96	0.84
H11	Sample 95	2	1	13	90670	37	0.84
H11	Sample 95	2	1	14	95570	37.05	0.84
H11	Sample 95	2	1	15	100470	37	0.84
H12	Sample 96	2	1	1	31860	36.96	0.85
H12	Sample 96	2	1	2	36770	36.96	0.86
H12	Sample 96	2	1	3	41670	36.96	0.84
H12	Sample 96	2	1	4	46570	36.96	0.84
H12	Sample 96	2	1	5	51470	36.96	0.84
H12	Sample 96	2	1	6	56370	37	0.83
H12	Sample 96	2	1	7	61270	37	0.83
H12	Sample 96	2	1	8	66170	36.96	0.83
H12	Sample 96	2	1	9	71090	37	0.83
H12	Sample 96	2	1	10	75970	37	0.83
H12	Sample 96	2	1	11	80870	36.96	0.83
H12	Sample 96	2	1	12	85770	36.96	0.83
H12	Sample 96	2	1	13	90670	37	0.83
H12	Sample 96	2	1	14	95570	37.05	0.83
H12	Sample 96	2	1	15	100470	37	0.82
