Raw Data 		Experiment - evIC50_2_plate4_08APRIL2026 (Run on LCS480 1.5.1.62)					
SamplePos	SampleName	Prog#	Seg#	Cycle#	Time	Temp	465-510
A1	Sample 1	2	1	1	32170	36.96	1.06
A1	Sample 1	2	1	2	37170	36.96	1.06
A1	Sample 1	2	1	3	42170	36.96	1.06
A1	Sample 1	2	1	4	47170	37	1.06
A1	Sample 1	2	1	5	52170	36.96	1.06
A1	Sample 1	2	1	6	57170	36.96	1.06
A1	Sample 1	2	1	7	62170	37	1.06
A1	Sample 1	2	1	8	67170	37	1.06
A1	Sample 1	2	1	9	72170	37	1.06
A1	Sample 1	2	1	10	77170	36.96	1.06
A1	Sample 1	2	1	11	82170	37	1.05
A1	Sample 1	2	1	12	87180	37	1.05
A1	Sample 1	2	1	13	92170	37	1.05
A1	Sample 1	2	1	14	97170	37	1.05
A1	Sample 1	2	1	15	102180	37	1.06
A2	Sample 2	2	1	1	32170	36.96	0.99
A2	Sample 2	2	1	2	37170	36.96	0.99
A2	Sample 2	2	1	3	42170	36.96	0.98
A2	Sample 2	2	1	4	47170	37	0.99
A2	Sample 2	2	1	5	52170	36.96	0.99
A2	Sample 2	2	1	6	57170	36.96	0.98
A2	Sample 2	2	1	7	62170	37	0.98
A2	Sample 2	2	1	8	67170	37	0.99
A2	Sample 2	2	1	9	72170	37	0.99
A2	Sample 2	2	1	10	77170	36.96	0.99
A2	Sample 2	2	1	11	82170	37	0.99
A2	Sample 2	2	1	12	87180	37	0.98
A2	Sample 2	2	1	13	92170	37	0.98
A2	Sample 2	2	1	14	97170	37	0.98
A2	Sample 2	2	1	15	102180	37	0.99
A3	Sample 3	2	1	1	32170	36.96	1.08
A3	Sample 3	2	1	2	37170	36.96	1.08
A3	Sample 3	2	1	3	42170	36.96	1.09
A3	Sample 3	2	1	4	47170	37	1.08
A3	Sample 3	2	1	5	52170	36.96	1.08
A3	Sample 3	2	1	6	57170	36.96	1.08
A3	Sample 3	2	1	7	62170	37	1.08
A3	Sample 3	2	1	8	67170	37	1.08
A3	Sample 3	2	1	9	72170	37	1.08
A3	Sample 3	2	1	10	77170	36.96	1.07
A3	Sample 3	2	1	11	82170	37	1.07
A3	Sample 3	2	1	12	87180	37	1.07
A3	Sample 3	2	1	13	92170	37	1.08
A3	Sample 3	2	1	14	97170	37	1.08
A3	Sample 3	2	1	15	102180	37	1.08
A4	Sample 4	2	1	1	32170	36.96	1.12
A4	Sample 4	2	1	2	37170	36.96	1.12
A4	Sample 4	2	1	3	42170	36.96	1.14
A4	Sample 4	2	1	4	47170	37	1.14
A4	Sample 4	2	1	5	52170	36.96	1.14
A4	Sample 4	2	1	6	57170	36.96	1.14
A4	Sample 4	2	1	7	62170	37	1.14
A4	Sample 4	2	1	8	67170	37	1.15
A4	Sample 4	2	1	9	72170	37	1.14
A4	Sample 4	2	1	10	77170	36.96	1.12
A4	Sample 4	2	1	11	82170	37	1.13
A4	Sample 4	2	1	12	87180	37	1.13
A4	Sample 4	2	1	13	92170	37	1.13
A4	Sample 4	2	1	14	97170	37	1.13
A4	Sample 4	2	1	15	102180	37	1.13
A5	Sample 5	2	1	1	32170	36.96	1.11
A5	Sample 5	2	1	2	37170	36.96	1.12
A5	Sample 5	2	1	3	42170	36.96	1.11
A5	Sample 5	2	1	4	47170	37	1.12
A5	Sample 5	2	1	5	52170	36.96	1.11
A5	Sample 5	2	1	6	57170	36.96	1.11
A5	Sample 5	2	1	7	62170	37	1.11
A5	Sample 5	2	1	8	67170	37	1.11
A5	Sample 5	2	1	9	72170	37	1.11
A5	Sample 5	2	1	10	77170	36.96	1.11
A5	Sample 5	2	1	11	82170	37	1.11
A5	Sample 5	2	1	12	87180	37	1.11
A5	Sample 5	2	1	13	92170	37	1.11
A5	Sample 5	2	1	14	97170	37	1.1
A5	Sample 5	2	1	15	102180	37	1.11
A6	Sample 6	2	1	1	32170	36.96	1.22
A6	Sample 6	2	1	2	37170	36.96	1.23
A6	Sample 6	2	1	3	42170	36.96	1.22
A6	Sample 6	2	1	4	47170	37	1.22
A6	Sample 6	2	1	5	52170	36.96	1.22
A6	Sample 6	2	1	6	57170	36.96	1.22
A6	Sample 6	2	1	7	62170	37	1.22
A6	Sample 6	2	1	8	67170	37	1.22
A6	Sample 6	2	1	9	72170	37	1.22
A6	Sample 6	2	1	10	77170	36.96	1.21
A6	Sample 6	2	1	11	82170	37	1.22
A6	Sample 6	2	1	12	87180	37	1.21
A6	Sample 6	2	1	13	92170	37	1.21
A6	Sample 6	2	1	14	97170	37	1.21
A6	Sample 6	2	1	15	102180	37	1.21
A7	Sample 7	2	1	1	32170	36.96	1.15
A7	Sample 7	2	1	2	37170	36.96	1.15
A7	Sample 7	2	1	3	42170	36.96	1.14
A7	Sample 7	2	1	4	47170	37	1.15
A7	Sample 7	2	1	5	52170	36.96	1.15
A7	Sample 7	2	1	6	57170	36.96	1.14
A7	Sample 7	2	1	7	62170	37	1.15
A7	Sample 7	2	1	8	67170	37	1.13
A7	Sample 7	2	1	9	72170	37	1.14
A7	Sample 7	2	1	10	77170	36.96	1.13
A7	Sample 7	2	1	11	82170	37	1.14
A7	Sample 7	2	1	12	87180	37	1.14
A7	Sample 7	2	1	13	92170	37	1.14
A7	Sample 7	2	1	14	97170	37	1.14
A7	Sample 7	2	1	15	102180	37	1.13
A8	Sample 8	2	1	1	32170	36.96	1.11
A8	Sample 8	2	1	2	37170	36.96	1.11
A8	Sample 8	2	1	3	42170	36.96	1.1
A8	Sample 8	2	1	4	47170	37	1.1
A8	Sample 8	2	1	5	52170	36.96	1.1
A8	Sample 8	2	1	6	57170	36.96	1.1
A8	Sample 8	2	1	7	62170	37	1.1
A8	Sample 8	2	1	8	67170	37	1.11
A8	Sample 8	2	1	9	72170	37	1.1
A8	Sample 8	2	1	10	77170	36.96	1.1
A8	Sample 8	2	1	11	82170	37	1.1
A8	Sample 8	2	1	12	87180	37	1.1
A8	Sample 8	2	1	13	92170	37	1.1
A8	Sample 8	2	1	14	97170	37	1.09
A8	Sample 8	2	1	15	102180	37	1.09
A9	Sample 9	2	1	1	32170	36.96	1.45
A9	Sample 9	2	1	2	37170	36.96	1.44
A9	Sample 9	2	1	3	42170	36.96	1.43
A9	Sample 9	2	1	4	47170	37	1.43
A9	Sample 9	2	1	5	52170	36.96	1.44
A9	Sample 9	2	1	6	57170	36.96	1.43
A9	Sample 9	2	1	7	62170	37	1.44
A9	Sample 9	2	1	8	67170	37	1.44
A9	Sample 9	2	1	9	72170	37	1.43
A9	Sample 9	2	1	10	77170	36.96	1.42
A9	Sample 9	2	1	11	82170	37	1.42
A9	Sample 9	2	1	12	87180	37	1.43
A9	Sample 9	2	1	13	92170	37	1.44
A9	Sample 9	2	1	14	97170	37	1.43
A9	Sample 9	2	1	15	102180	37	1.43
A10	Sample 10	2	1	1	32170	36.96	1.43
A10	Sample 10	2	1	2	37170	36.96	1.44
A10	Sample 10	2	1	3	42170	36.96	1.43
A10	Sample 10	2	1	4	47170	37	1.43
A10	Sample 10	2	1	5	52170	36.96	1.44
A10	Sample 10	2	1	6	57170	36.96	1.44
A10	Sample 10	2	1	7	62170	37	1.43
A10	Sample 10	2	1	8	67170	37	1.43
A10	Sample 10	2	1	9	72170	37	1.43
A10	Sample 10	2	1	10	77170	36.96	1.43
A10	Sample 10	2	1	11	82170	37	1.42
A10	Sample 10	2	1	12	87180	37	1.42
A10	Sample 10	2	1	13	92170	37	1.43
A10	Sample 10	2	1	14	97170	37	1.42
A10	Sample 10	2	1	15	102180	37	1.42
A11	Sample 11	2	1	1	32170	36.96	1.43
A11	Sample 11	2	1	2	37170	36.96	1.43
A11	Sample 11	2	1	3	42170	36.96	1.42
A11	Sample 11	2	1	4	47170	37	1.42
A11	Sample 11	2	1	5	52170	36.96	1.42
A11	Sample 11	2	1	6	57170	36.96	1.42
A11	Sample 11	2	1	7	62170	37	1.42
A11	Sample 11	2	1	8	67170	37	1.42
A11	Sample 11	2	1	9	72170	37	1.42
A11	Sample 11	2	1	10	77170	36.96	1.41
A11	Sample 11	2	1	11	82170	37	1.42
A11	Sample 11	2	1	12	87180	37	1.42
A11	Sample 11	2	1	13	92170	37	1.42
A11	Sample 11	2	1	14	97170	37	1.42
A11	Sample 11	2	1	15	102180	37	1.42
A12	Sample 12	2	1	1	32170	36.96	1.27
A12	Sample 12	2	1	2	37170	36.96	1.28
A12	Sample 12	2	1	3	42170	36.96	1.27
A12	Sample 12	2	1	4	47170	37	1.27
A12	Sample 12	2	1	5	52170	36.96	1.27
A12	Sample 12	2	1	6	57170	36.96	1.27
A12	Sample 12	2	1	7	62170	37	1.27
A12	Sample 12	2	1	8	67170	37	1.27
A12	Sample 12	2	1	9	72170	37	1.27
A12	Sample 12	2	1	10	77170	36.96	1.27
A12	Sample 12	2	1	11	82170	37	1.26
A12	Sample 12	2	1	12	87180	37	1.27
A12	Sample 12	2	1	13	92170	37	1.27
A12	Sample 12	2	1	14	97170	37	1.27
A12	Sample 12	2	1	15	102180	37	1.27
B1	Sample 13	2	1	1	32170	36.96	0.92
B1	Sample 13	2	1	2	37170	36.96	0.92
B1	Sample 13	2	1	3	42170	36.96	0.91
B1	Sample 13	2	1	4	47170	37	0.92
B1	Sample 13	2	1	5	52170	36.96	0.92
B1	Sample 13	2	1	6	57170	36.96	0.91
B1	Sample 13	2	1	7	62170	37	0.91
B1	Sample 13	2	1	8	67170	37	0.92
B1	Sample 13	2	1	9	72170	37	0.91
B1	Sample 13	2	1	10	77170	36.96	0.9
B1	Sample 13	2	1	11	82170	37	0.91
B1	Sample 13	2	1	12	87180	37	0.91
B1	Sample 13	2	1	13	92170	37	0.92
B1	Sample 13	2	1	14	97170	37	0.9
B1	Sample 13	2	1	15	102180	37	0.9
B2	Sample 14	2	1	1	32170	36.96	0.94
B2	Sample 14	2	1	2	37170	36.96	0.94
B2	Sample 14	2	1	3	42170	36.96	0.94
B2	Sample 14	2	1	4	47170	37	0.94
B2	Sample 14	2	1	5	52170	36.96	0.93
B2	Sample 14	2	1	6	57170	36.96	0.93
B2	Sample 14	2	1	7	62170	37	0.94
B2	Sample 14	2	1	8	67170	37	0.93
B2	Sample 14	2	1	9	72170	37	0.93
B2	Sample 14	2	1	10	77170	36.96	0.93
B2	Sample 14	2	1	11	82170	37	0.93
B2	Sample 14	2	1	12	87180	37	0.93
B2	Sample 14	2	1	13	92170	37	0.93
B2	Sample 14	2	1	14	97170	37	0.93
B2	Sample 14	2	1	15	102180	37	0.93
B3	Sample 15	2	1	1	32170	36.96	1.04
B3	Sample 15	2	1	2	37170	36.96	1.04
B3	Sample 15	2	1	3	42170	36.96	1.03
B3	Sample 15	2	1	4	47170	37	1.04
B3	Sample 15	2	1	5	52170	36.96	1.03
B3	Sample 15	2	1	6	57170	36.96	1.03
B3	Sample 15	2	1	7	62170	37	1.03
B3	Sample 15	2	1	8	67170	37	1.03
B3	Sample 15	2	1	9	72170	37	1.03
B3	Sample 15	2	1	10	77170	36.96	1.03
B3	Sample 15	2	1	11	82170	37	1.02
B3	Sample 15	2	1	12	87180	37	1.03
B3	Sample 15	2	1	13	92170	37	1.03
B3	Sample 15	2	1	14	97170	37	1.03
B3	Sample 15	2	1	15	102180	37	1.02
B4	Sample 16	2	1	1	32170	36.96	1.09
B4	Sample 16	2	1	2	37170	36.96	1.09
B4	Sample 16	2	1	3	42170	36.96	1.08
B4	Sample 16	2	1	4	47170	37	1.08
B4	Sample 16	2	1	5	52170	36.96	1.08
B4	Sample 16	2	1	6	57170	36.96	1.08
B4	Sample 16	2	1	7	62170	37	1.08
B4	Sample 16	2	1	8	67170	37	1.08
B4	Sample 16	2	1	9	72170	37	1.08
B4	Sample 16	2	1	10	77170	36.96	1.08
B4	Sample 16	2	1	11	82170	37	1.08
B4	Sample 16	2	1	12	87180	37	1.08
B4	Sample 16	2	1	13	92170	37	1.08
B4	Sample 16	2	1	14	97170	37	1.07
B4	Sample 16	2	1	15	102180	37	1.08
B5	Sample 17	2	1	1	32170	36.96	1.1
B5	Sample 17	2	1	2	37170	36.96	1.1
B5	Sample 17	2	1	3	42170	36.96	1.09
B5	Sample 17	2	1	4	47170	37	1.09
B5	Sample 17	2	1	5	52170	36.96	1.09
B5	Sample 17	2	1	6	57170	36.96	1.09
B5	Sample 17	2	1	7	62170	37	1.09
B5	Sample 17	2	1	8	67170	37	1.09
B5	Sample 17	2	1	9	72170	37	1.09
B5	Sample 17	2	1	10	77170	36.96	1.09
B5	Sample 17	2	1	11	82170	37	1.09
B5	Sample 17	2	1	12	87180	37	1.09
B5	Sample 17	2	1	13	92170	37	1.09
B5	Sample 17	2	1	14	97170	37	1.09
B5	Sample 17	2	1	15	102180	37	1.09
B6	Sample 18	2	1	1	32170	36.96	1.13
B6	Sample 18	2	1	2	37170	36.96	1.13
B6	Sample 18	2	1	3	42170	36.96	1.13
B6	Sample 18	2	1	4	47170	37	1.13
B6	Sample 18	2	1	5	52170	36.96	1.13
B6	Sample 18	2	1	6	57170	36.96	1.12
B6	Sample 18	2	1	7	62170	37	1.12
B6	Sample 18	2	1	8	67170	37	1.13
B6	Sample 18	2	1	9	72170	37	1.12
B6	Sample 18	2	1	10	77170	36.96	1.12
B6	Sample 18	2	1	11	82170	37	1.12
B6	Sample 18	2	1	12	87180	37	1.12
B6	Sample 18	2	1	13	92170	37	1.12
B6	Sample 18	2	1	14	97170	37	1.12
B6	Sample 18	2	1	15	102180	37	1.12
B7	Sample 19	2	1	1	32170	36.96	1.13
B7	Sample 19	2	1	2	37170	36.96	1.14
B7	Sample 19	2	1	3	42170	36.96	1.13
B7	Sample 19	2	1	4	47170	37	1.13
B7	Sample 19	2	1	5	52170	36.96	1.13
B7	Sample 19	2	1	6	57170	36.96	1.13
B7	Sample 19	2	1	7	62170	37	1.12
B7	Sample 19	2	1	8	67170	37	1.13
B7	Sample 19	2	1	9	72170	37	1.13
B7	Sample 19	2	1	10	77170	36.96	1.12
B7	Sample 19	2	1	11	82170	37	1.12
B7	Sample 19	2	1	12	87180	37	1.12
B7	Sample 19	2	1	13	92170	37	1.12
B7	Sample 19	2	1	14	97170	37	1.12
B7	Sample 19	2	1	15	102180	37	1.12
B8	Sample 20	2	1	1	32170	36.96	1.04
B8	Sample 20	2	1	2	37170	36.96	1.04
B8	Sample 20	2	1	3	42170	36.96	1.04
B8	Sample 20	2	1	4	47170	37	1.04
B8	Sample 20	2	1	5	52170	36.96	1.04
B8	Sample 20	2	1	6	57170	36.96	1.03
B8	Sample 20	2	1	7	62170	37	1.03
B8	Sample 20	2	1	8	67170	37	1.03
B8	Sample 20	2	1	9	72170	37	1.03
B8	Sample 20	2	1	10	77170	36.96	1.03
B8	Sample 20	2	1	11	82170	37	1.03
B8	Sample 20	2	1	12	87180	37	1.03
B8	Sample 20	2	1	13	92170	37	1.04
B8	Sample 20	2	1	14	97170	37	1.03
B8	Sample 20	2	1	15	102180	37	1.02
B9	Sample 21	2	1	1	32170	36.96	1.45
B9	Sample 21	2	1	2	37170	36.96	1.45
B9	Sample 21	2	1	3	42170	36.96	1.45
B9	Sample 21	2	1	4	47170	37	1.45
B9	Sample 21	2	1	5	52170	36.96	1.45
B9	Sample 21	2	1	6	57170	36.96	1.44
B9	Sample 21	2	1	7	62170	37	1.44
B9	Sample 21	2	1	8	67170	37	1.45
B9	Sample 21	2	1	9	72170	37	1.44
B9	Sample 21	2	1	10	77170	36.96	1.44
B9	Sample 21	2	1	11	82170	37	1.44
B9	Sample 21	2	1	12	87180	37	1.44
B9	Sample 21	2	1	13	92170	37	1.44
B9	Sample 21	2	1	14	97170	37	1.43
B9	Sample 21	2	1	15	102180	37	1.43
B10	Sample 22	2	1	1	32170	36.96	1.39
B10	Sample 22	2	1	2	37170	36.96	1.39
B10	Sample 22	2	1	3	42170	36.96	1.38
B10	Sample 22	2	1	4	47170	37	1.39
B10	Sample 22	2	1	5	52170	36.96	1.39
B10	Sample 22	2	1	6	57170	36.96	1.38
B10	Sample 22	2	1	7	62170	37	1.38
B10	Sample 22	2	1	8	67170	37	1.38
B10	Sample 22	2	1	9	72170	37	1.38
B10	Sample 22	2	1	10	77170	36.96	1.38
B10	Sample 22	2	1	11	82170	37	1.37
B10	Sample 22	2	1	12	87180	37	1.37
B10	Sample 22	2	1	13	92170	37	1.37
B10	Sample 22	2	1	14	97170	37	1.37
B10	Sample 22	2	1	15	102180	37	1.37
B11	Sample 23	2	1	1	32170	36.96	1.44
B11	Sample 23	2	1	2	37170	36.96	1.44
B11	Sample 23	2	1	3	42170	36.96	1.43
B11	Sample 23	2	1	4	47170	37	1.42
B11	Sample 23	2	1	5	52170	36.96	1.43
B11	Sample 23	2	1	6	57170	36.96	1.42
B11	Sample 23	2	1	7	62170	37	1.42
B11	Sample 23	2	1	8	67170	37	1.42
B11	Sample 23	2	1	9	72170	37	1.41
B11	Sample 23	2	1	10	77170	36.96	1.41
B11	Sample 23	2	1	11	82170	37	1.41
B11	Sample 23	2	1	12	87180	37	1.41
B11	Sample 23	2	1	13	92170	37	1.41
B11	Sample 23	2	1	14	97170	37	1.41
B11	Sample 23	2	1	15	102180	37	1.4
B12	Sample 24	2	1	1	32170	36.96	1.32
B12	Sample 24	2	1	2	37170	36.96	1.32
B12	Sample 24	2	1	3	42170	36.96	1.31
B12	Sample 24	2	1	4	47170	37	1.33
B12	Sample 24	2	1	5	52170	36.96	1.33
B12	Sample 24	2	1	6	57170	36.96	1.32
B12	Sample 24	2	1	7	62170	37	1.33
B12	Sample 24	2	1	8	67170	37	1.33
B12	Sample 24	2	1	9	72170	37	1.33
B12	Sample 24	2	1	10	77170	36.96	1.33
B12	Sample 24	2	1	11	82170	37	1.33
B12	Sample 24	2	1	12	87180	37	1.33
B12	Sample 24	2	1	13	92170	37	1.33
B12	Sample 24	2	1	14	97170	37	1.33
B12	Sample 24	2	1	15	102180	37	1.32
C1	Sample 25	2	1	1	32170	36.96	0.98
C1	Sample 25	2	1	2	37170	36.96	0.97
C1	Sample 25	2	1	3	42170	36.96	0.96
C1	Sample 25	2	1	4	47170	37	0.97
C1	Sample 25	2	1	5	52170	36.96	0.96
C1	Sample 25	2	1	6	57170	36.96	0.97
C1	Sample 25	2	1	7	62170	37	0.96
C1	Sample 25	2	1	8	67170	37	0.96
C1	Sample 25	2	1	9	72170	37	0.97
C1	Sample 25	2	1	10	77170	36.96	0.96
C1	Sample 25	2	1	11	82170	37	0.96
C1	Sample 25	2	1	12	87180	37	0.96
C1	Sample 25	2	1	13	92170	37	0.96
C1	Sample 25	2	1	14	97170	37	0.95
C1	Sample 25	2	1	15	102180	37	0.96
C2	Sample 26	2	1	1	32170	36.96	0.96
C2	Sample 26	2	1	2	37170	36.96	0.97
C2	Sample 26	2	1	3	42170	36.96	0.97
C2	Sample 26	2	1	4	47170	37	0.96
C2	Sample 26	2	1	5	52170	36.96	0.96
C2	Sample 26	2	1	6	57170	36.96	0.96
C2	Sample 26	2	1	7	62170	37	0.96
C2	Sample 26	2	1	8	67170	37	0.96
C2	Sample 26	2	1	9	72170	37	0.96
C2	Sample 26	2	1	10	77170	36.96	0.96
C2	Sample 26	2	1	11	82170	37	0.96
C2	Sample 26	2	1	12	87180	37	0.96
C2	Sample 26	2	1	13	92170	37	0.96
C2	Sample 26	2	1	14	97170	37	0.95
C2	Sample 26	2	1	15	102180	37	0.96
C3	Sample 27	2	1	1	32170	36.96	1.02
C3	Sample 27	2	1	2	37170	36.96	1.02
C3	Sample 27	2	1	3	42170	36.96	1.01
C3	Sample 27	2	1	4	47170	37	1.02
C3	Sample 27	2	1	5	52170	36.96	1.01
C3	Sample 27	2	1	6	57170	36.96	1.02
C3	Sample 27	2	1	7	62170	37	1.01
C3	Sample 27	2	1	8	67170	37	1.01
C3	Sample 27	2	1	9	72170	37	1.02
C3	Sample 27	2	1	10	77170	36.96	1.01
C3	Sample 27	2	1	11	82170	37	1.01
C3	Sample 27	2	1	12	87180	37	1
C3	Sample 27	2	1	13	92170	37	1.01
C3	Sample 27	2	1	14	97170	37	1.01
C3	Sample 27	2	1	15	102180	37	1.01
C4	Sample 28	2	1	1	32170	36.96	1.11
C4	Sample 28	2	1	2	37170	36.96	1.11
C4	Sample 28	2	1	3	42170	36.96	1.1
C4	Sample 28	2	1	4	47170	37	1.1
C4	Sample 28	2	1	5	52170	36.96	1.1
C4	Sample 28	2	1	6	57170	36.96	1.11
C4	Sample 28	2	1	7	62170	37	1.1
C4	Sample 28	2	1	8	67170	37	1.1
C4	Sample 28	2	1	9	72170	37	1.1
C4	Sample 28	2	1	10	77170	36.96	1.09
C4	Sample 28	2	1	11	82170	37	1.1
C4	Sample 28	2	1	12	87180	37	1.09
C4	Sample 28	2	1	13	92170	37	1.1
C4	Sample 28	2	1	14	97170	37	1.09
C4	Sample 28	2	1	15	102180	37	1.1
C5	Sample 29	2	1	1	32170	36.96	1.03
C5	Sample 29	2	1	2	37170	36.96	1.03
C5	Sample 29	2	1	3	42170	36.96	1.03
C5	Sample 29	2	1	4	47170	37	1.03
C5	Sample 29	2	1	5	52170	36.96	1.02
C5	Sample 29	2	1	6	57170	36.96	1.03
C5	Sample 29	2	1	7	62170	37	1.02
C5	Sample 29	2	1	8	67170	37	1.02
C5	Sample 29	2	1	9	72170	37	1.02
C5	Sample 29	2	1	10	77170	36.96	1.02
C5	Sample 29	2	1	11	82170	37	1.01
C5	Sample 29	2	1	12	87180	37	1.02
C5	Sample 29	2	1	13	92170	37	1.02
C5	Sample 29	2	1	14	97170	37	1.02
C5	Sample 29	2	1	15	102180	37	1.02
C6	Sample 30	2	1	1	32170	36.96	1.19
C6	Sample 30	2	1	2	37170	36.96	1.18
C6	Sample 30	2	1	3	42170	36.96	1.19
C6	Sample 30	2	1	4	47170	37	1.18
C6	Sample 30	2	1	5	52170	36.96	1.18
C6	Sample 30	2	1	6	57170	36.96	1.18
C6	Sample 30	2	1	7	62170	37	1.18
C6	Sample 30	2	1	8	67170	37	1.18
C6	Sample 30	2	1	9	72170	37	1.18
C6	Sample 30	2	1	10	77170	36.96	1.17
C6	Sample 30	2	1	11	82170	37	1.17
C6	Sample 30	2	1	12	87180	37	1.17
C6	Sample 30	2	1	13	92170	37	1.17
C6	Sample 30	2	1	14	97170	37	1.17
C6	Sample 30	2	1	15	102180	37	1.17
C7	Sample 31	2	1	1	32170	36.96	1.16
C7	Sample 31	2	1	2	37170	36.96	1.16
C7	Sample 31	2	1	3	42170	36.96	1.15
C7	Sample 31	2	1	4	47170	37	1.15
C7	Sample 31	2	1	5	52170	36.96	1.15
C7	Sample 31	2	1	6	57170	36.96	1.15
C7	Sample 31	2	1	7	62170	37	1.14
C7	Sample 31	2	1	8	67170	37	1.15
C7	Sample 31	2	1	9	72170	37	1.14
C7	Sample 31	2	1	10	77170	36.96	1.13
C7	Sample 31	2	1	11	82170	37	1.13
C7	Sample 31	2	1	12	87180	37	1.13
C7	Sample 31	2	1	13	92170	37	1.14
C7	Sample 31	2	1	14	97170	37	1.14
C7	Sample 31	2	1	15	102180	37	1.14
C8	Sample 32	2	1	1	32170	36.96	1.09
C8	Sample 32	2	1	2	37170	36.96	1.09
C8	Sample 32	2	1	3	42170	36.96	1.09
C8	Sample 32	2	1	4	47170	37	1.09
C8	Sample 32	2	1	5	52170	36.96	1.09
C8	Sample 32	2	1	6	57170	36.96	1.09
C8	Sample 32	2	1	7	62170	37	1.09
C8	Sample 32	2	1	8	67170	37	1.09
C8	Sample 32	2	1	9	72170	37	1.08
C8	Sample 32	2	1	10	77170	36.96	1.08
C8	Sample 32	2	1	11	82170	37	1.08
C8	Sample 32	2	1	12	87180	37	1.08
C8	Sample 32	2	1	13	92170	37	1.09
C8	Sample 32	2	1	14	97170	37	1.09
C8	Sample 32	2	1	15	102180	37	1.09
C9	Sample 33	2	1	1	32170	36.96	1.38
C9	Sample 33	2	1	2	37170	36.96	1.38
C9	Sample 33	2	1	3	42170	36.96	1.38
C9	Sample 33	2	1	4	47170	37	1.38
C9	Sample 33	2	1	5	52170	36.96	1.38
C9	Sample 33	2	1	6	57170	36.96	1.39
C9	Sample 33	2	1	7	62170	37	1.4
C9	Sample 33	2	1	8	67170	37	1.4
C9	Sample 33	2	1	9	72170	37	1.41
C9	Sample 33	2	1	10	77170	36.96	1.4
C9	Sample 33	2	1	11	82170	37	1.4
C9	Sample 33	2	1	12	87180	37	1.4
C9	Sample 33	2	1	13	92170	37	1.41
C9	Sample 33	2	1	14	97170	37	1.4
C9	Sample 33	2	1	15	102180	37	1.41
C10	Sample 34	2	1	1	32170	36.96	1.4
C10	Sample 34	2	1	2	37170	36.96	1.39
C10	Sample 34	2	1	3	42170	36.96	1.39
C10	Sample 34	2	1	4	47170	37	1.39
C10	Sample 34	2	1	5	52170	36.96	1.39
C10	Sample 34	2	1	6	57170	36.96	1.39
C10	Sample 34	2	1	7	62170	37	1.39
C10	Sample 34	2	1	8	67170	37	1.39
C10	Sample 34	2	1	9	72170	37	1.38
C10	Sample 34	2	1	10	77170	36.96	1.38
C10	Sample 34	2	1	11	82170	37	1.38
C10	Sample 34	2	1	12	87180	37	1.37
C10	Sample 34	2	1	13	92170	37	1.37
C10	Sample 34	2	1	14	97170	37	1.37
C10	Sample 34	2	1	15	102180	37	1.37
C11	Sample 35	2	1	1	32170	36.96	1.36
C11	Sample 35	2	1	2	37170	36.96	1.37
C11	Sample 35	2	1	3	42170	36.96	1.35
C11	Sample 35	2	1	4	47170	37	1.36
C11	Sample 35	2	1	5	52170	36.96	1.35
C11	Sample 35	2	1	6	57170	36.96	1.36
C11	Sample 35	2	1	7	62170	37	1.35
C11	Sample 35	2	1	8	67170	37	1.34
C11	Sample 35	2	1	9	72170	37	1.35
C11	Sample 35	2	1	10	77170	36.96	1.34
C11	Sample 35	2	1	11	82170	37	1.34
C11	Sample 35	2	1	12	87180	37	1.34
C11	Sample 35	2	1	13	92170	37	1.34
C11	Sample 35	2	1	14	97170	37	1.35
C11	Sample 35	2	1	15	102180	37	1.35
C12	Sample 36	2	1	1	32170	36.96	1.42
C12	Sample 36	2	1	2	37170	36.96	1.41
C12	Sample 36	2	1	3	42170	36.96	1.41
C12	Sample 36	2	1	4	47170	37	1.41
C12	Sample 36	2	1	5	52170	36.96	1.4
C12	Sample 36	2	1	6	57170	36.96	1.41
C12	Sample 36	2	1	7	62170	37	1.4
C12	Sample 36	2	1	8	67170	37	1.4
C12	Sample 36	2	1	9	72170	37	1.4
C12	Sample 36	2	1	10	77170	36.96	1.39
C12	Sample 36	2	1	11	82170	37	1.4
C12	Sample 36	2	1	12	87180	37	1.39
C12	Sample 36	2	1	13	92170	37	1.4
C12	Sample 36	2	1	14	97170	37	1.4
C12	Sample 36	2	1	15	102180	37	1.4
D1	Sample 37	2	1	1	32170	36.96	0.96
D1	Sample 37	2	1	2	37170	36.96	0.97
D1	Sample 37	2	1	3	42170	36.96	0.96
D1	Sample 37	2	1	4	47170	37	0.96
D1	Sample 37	2	1	5	52170	36.96	0.96
D1	Sample 37	2	1	6	57170	36.96	0.96
D1	Sample 37	2	1	7	62170	37	0.97
D1	Sample 37	2	1	8	67170	37	0.96
D1	Sample 37	2	1	9	72170	37	0.96
D1	Sample 37	2	1	10	77170	36.96	0.96
D1	Sample 37	2	1	11	82170	37	0.96
D1	Sample 37	2	1	12	87180	37	0.96
D1	Sample 37	2	1	13	92170	37	0.97
D1	Sample 37	2	1	14	97170	37	0.96
D1	Sample 37	2	1	15	102180	37	0.96
D2	Sample 38	2	1	1	32170	36.96	0.97
D2	Sample 38	2	1	2	37170	36.96	0.98
D2	Sample 38	2	1	3	42170	36.96	0.97
D2	Sample 38	2	1	4	47170	37	0.97
D2	Sample 38	2	1	5	52170	36.96	0.96
D2	Sample 38	2	1	6	57170	36.96	0.97
D2	Sample 38	2	1	7	62170	37	0.97
D2	Sample 38	2	1	8	67170	37	0.96
D2	Sample 38	2	1	9	72170	37	0.96
D2	Sample 38	2	1	10	77170	36.96	0.96
D2	Sample 38	2	1	11	82170	37	0.97
D2	Sample 38	2	1	12	87180	37	0.96
D2	Sample 38	2	1	13	92170	37	0.96
D2	Sample 38	2	1	14	97170	37	0.96
D2	Sample 38	2	1	15	102180	37	0.96
D3	Sample 39	2	1	1	32170	36.96	1.02
D3	Sample 39	2	1	2	37170	36.96	1.01
D3	Sample 39	2	1	3	42170	36.96	1.02
D3	Sample 39	2	1	4	47170	37	1.01
D3	Sample 39	2	1	5	52170	36.96	1.01
D3	Sample 39	2	1	6	57170	36.96	1.01
D3	Sample 39	2	1	7	62170	37	1.02
D3	Sample 39	2	1	8	67170	37	1.01
D3	Sample 39	2	1	9	72170	37	1
D3	Sample 39	2	1	10	77170	36.96	0.99
D3	Sample 39	2	1	11	82170	37	1
D3	Sample 39	2	1	12	87180	37	1
D3	Sample 39	2	1	13	92170	37	1.01
D3	Sample 39	2	1	14	97170	37	1
D3	Sample 39	2	1	15	102180	37	1
D4	Sample 40	2	1	1	32170	36.96	1.05
D4	Sample 40	2	1	2	37170	36.96	1.06
D4	Sample 40	2	1	3	42170	36.96	1.07
D4	Sample 40	2	1	4	47170	37	1.07
D4	Sample 40	2	1	5	52170	36.96	1.07
D4	Sample 40	2	1	6	57170	36.96	1.07
D4	Sample 40	2	1	7	62170	37	1.07
D4	Sample 40	2	1	8	67170	37	1.06
D4	Sample 40	2	1	9	72170	37	1.07
D4	Sample 40	2	1	10	77170	36.96	1.06
D4	Sample 40	2	1	11	82170	37	1.06
D4	Sample 40	2	1	12	87180	37	1.06
D4	Sample 40	2	1	13	92170	37	1.06
D4	Sample 40	2	1	14	97170	37	1.06
D4	Sample 40	2	1	15	102180	37	1.06
D5	Sample 41	2	1	1	32170	36.96	1.07
D5	Sample 41	2	1	2	37170	36.96	1.08
D5	Sample 41	2	1	3	42170	36.96	1.07
D5	Sample 41	2	1	4	47170	37	1.07
D5	Sample 41	2	1	5	52170	36.96	1.06
D5	Sample 41	2	1	6	57170	36.96	1.06
D5	Sample 41	2	1	7	62170	37	1.07
D5	Sample 41	2	1	8	67170	37	1.06
D5	Sample 41	2	1	9	72170	37	1.07
D5	Sample 41	2	1	10	77170	36.96	1.06
D5	Sample 41	2	1	11	82170	37	1.06
D5	Sample 41	2	1	12	87180	37	1.06
D5	Sample 41	2	1	13	92170	37	1.06
D5	Sample 41	2	1	14	97170	37	1.06
D5	Sample 41	2	1	15	102180	37	1.05
D6	Sample 42	2	1	1	32170	36.96	1.15
D6	Sample 42	2	1	2	37170	36.96	1.16
D6	Sample 42	2	1	3	42170	36.96	1.16
D6	Sample 42	2	1	4	47170	37	1.15
D6	Sample 42	2	1	5	52170	36.96	1.14
D6	Sample 42	2	1	6	57170	36.96	1.15
D6	Sample 42	2	1	7	62170	37	1.15
D6	Sample 42	2	1	8	67170	37	1.14
D6	Sample 42	2	1	9	72170	37	1.14
D6	Sample 42	2	1	10	77170	36.96	1.14
D6	Sample 42	2	1	11	82170	37	1.14
D6	Sample 42	2	1	12	87180	37	1.14
D6	Sample 42	2	1	13	92170	37	1.14
D6	Sample 42	2	1	14	97170	37	1.13
D6	Sample 42	2	1	15	102180	37	1.13
D7	Sample 43	2	1	1	32170	36.96	1.15
D7	Sample 43	2	1	2	37170	36.96	1.15
D7	Sample 43	2	1	3	42170	36.96	1.15
D7	Sample 43	2	1	4	47170	37	1.16
D7	Sample 43	2	1	5	52170	36.96	1.15
D7	Sample 43	2	1	6	57170	36.96	1.15
D7	Sample 43	2	1	7	62170	37	1.16
D7	Sample 43	2	1	8	67170	37	1.15
D7	Sample 43	2	1	9	72170	37	1.15
D7	Sample 43	2	1	10	77170	36.96	1.16
D7	Sample 43	2	1	11	82170	37	1.15
D7	Sample 43	2	1	12	87180	37	1.15
D7	Sample 43	2	1	13	92170	37	1.15
D7	Sample 43	2	1	14	97170	37	1.15
D7	Sample 43	2	1	15	102180	37	1.15
D8	Sample 44	2	1	1	32170	36.96	1.12
D8	Sample 44	2	1	2	37170	36.96	1.12
D8	Sample 44	2	1	3	42170	36.96	1.12
D8	Sample 44	2	1	4	47170	37	1.12
D8	Sample 44	2	1	5	52170	36.96	1.12
D8	Sample 44	2	1	6	57170	36.96	1.11
D8	Sample 44	2	1	7	62170	37	1.12
D8	Sample 44	2	1	8	67170	37	1.11
D8	Sample 44	2	1	9	72170	37	1.11
D8	Sample 44	2	1	10	77170	36.96	1.1
D8	Sample 44	2	1	11	82170	37	1.11
D8	Sample 44	2	1	12	87180	37	1.1
D8	Sample 44	2	1	13	92170	37	1.11
D8	Sample 44	2	1	14	97170	37	1.1
D8	Sample 44	2	1	15	102180	37	1.11
D9	Sample 45	2	1	1	32170	36.96	1.4
D9	Sample 45	2	1	2	37170	36.96	1.41
D9	Sample 45	2	1	3	42170	36.96	1.4
D9	Sample 45	2	1	4	47170	37	1.39
D9	Sample 45	2	1	5	52170	36.96	1.39
D9	Sample 45	2	1	6	57170	36.96	1.39
D9	Sample 45	2	1	7	62170	37	1.39
D9	Sample 45	2	1	8	67170	37	1.39
D9	Sample 45	2	1	9	72170	37	1.39
D9	Sample 45	2	1	10	77170	36.96	1.38
D9	Sample 45	2	1	11	82170	37	1.39
D9	Sample 45	2	1	12	87180	37	1.37
D9	Sample 45	2	1	13	92170	37	1.39
D9	Sample 45	2	1	14	97170	37	1.38
D9	Sample 45	2	1	15	102180	37	1.38
D10	Sample 46	2	1	1	32170	36.96	1.44
D10	Sample 46	2	1	2	37170	36.96	1.44
D10	Sample 46	2	1	3	42170	36.96	1.44
D10	Sample 46	2	1	4	47170	37	1.43
D10	Sample 46	2	1	5	52170	36.96	1.43
D10	Sample 46	2	1	6	57170	36.96	1.43
D10	Sample 46	2	1	7	62170	37	1.43
D10	Sample 46	2	1	8	67170	37	1.43
D10	Sample 46	2	1	9	72170	37	1.43
D10	Sample 46	2	1	10	77170	36.96	1.42
D10	Sample 46	2	1	11	82170	37	1.43
D10	Sample 46	2	1	12	87180	37	1.42
D10	Sample 46	2	1	13	92170	37	1.43
D10	Sample 46	2	1	14	97170	37	1.42
D10	Sample 46	2	1	15	102180	37	1.42
D11	Sample 47	2	1	1	32170	36.96	1.37
D11	Sample 47	2	1	2	37170	36.96	1.37
D11	Sample 47	2	1	3	42170	36.96	1.36
D11	Sample 47	2	1	4	47170	37	1.36
D11	Sample 47	2	1	5	52170	36.96	1.35
D11	Sample 47	2	1	6	57170	36.96	1.36
D11	Sample 47	2	1	7	62170	37	1.36
D11	Sample 47	2	1	8	67170	37	1.36
D11	Sample 47	2	1	9	72170	37	1.35
D11	Sample 47	2	1	10	77170	36.96	1.35
D11	Sample 47	2	1	11	82170	37	1.36
D11	Sample 47	2	1	12	87180	37	1.35
D11	Sample 47	2	1	13	92170	37	1.35
D11	Sample 47	2	1	14	97170	37	1.35
D11	Sample 47	2	1	15	102180	37	1.35
D12	Sample 48	2	1	1	32170	36.96	1.37
D12	Sample 48	2	1	2	37170	36.96	1.37
D12	Sample 48	2	1	3	42170	36.96	1.38
D12	Sample 48	2	1	4	47170	37	1.38
D12	Sample 48	2	1	5	52170	36.96	1.37
D12	Sample 48	2	1	6	57170	36.96	1.37
D12	Sample 48	2	1	7	62170	37	1.37
D12	Sample 48	2	1	8	67170	37	1.37
D12	Sample 48	2	1	9	72170	37	1.37
D12	Sample 48	2	1	10	77170	36.96	1.38
D12	Sample 48	2	1	11	82170	37	1.37
D12	Sample 48	2	1	12	87180	37	1.37
D12	Sample 48	2	1	13	92170	37	1.37
D12	Sample 48	2	1	14	97170	37	1.37
D12	Sample 48	2	1	15	102180	37	1.37
E1	Sample 49	2	1	1	32170	36.96	0.97
E1	Sample 49	2	1	2	37170	36.96	0.98
E1	Sample 49	2	1	3	42170	36.96	0.97
E1	Sample 49	2	1	4	47170	37	0.97
E1	Sample 49	2	1	5	52170	36.96	0.97
E1	Sample 49	2	1	6	57170	36.96	0.96
E1	Sample 49	2	1	7	62170	37	0.97
E1	Sample 49	2	1	8	67170	37	0.98
E1	Sample 49	2	1	9	72170	37	0.97
E1	Sample 49	2	1	10	77170	36.96	0.96
E1	Sample 49	2	1	11	82170	37	0.97
E1	Sample 49	2	1	12	87180	37	0.97
E1	Sample 49	2	1	13	92170	37	0.97
E1	Sample 49	2	1	14	97170	37	0.97
E1	Sample 49	2	1	15	102180	37	0.96
E2	Sample 50	2	1	1	32170	36.96	0.97
E2	Sample 50	2	1	2	37170	36.96	0.98
E2	Sample 50	2	1	3	42170	36.96	0.97
E2	Sample 50	2	1	4	47170	37	0.97
E2	Sample 50	2	1	5	52170	36.96	0.96
E2	Sample 50	2	1	6	57170	36.96	0.97
E2	Sample 50	2	1	7	62170	37	0.97
E2	Sample 50	2	1	8	67170	37	0.97
E2	Sample 50	2	1	9	72170	37	0.97
E2	Sample 50	2	1	10	77170	36.96	0.96
E2	Sample 50	2	1	11	82170	37	0.97
E2	Sample 50	2	1	12	87180	37	0.97
E2	Sample 50	2	1	13	92170	37	0.97
E2	Sample 50	2	1	14	97170	37	0.97
E2	Sample 50	2	1	15	102180	37	0.97
E3	Sample 51	2	1	1	32170	36.96	1.15
E3	Sample 51	2	1	2	37170	36.96	1.15
E3	Sample 51	2	1	3	42170	36.96	1.15
E3	Sample 51	2	1	4	47170	37	1.14
E3	Sample 51	2	1	5	52170	36.96	1.14
E3	Sample 51	2	1	6	57170	36.96	1.13
E3	Sample 51	2	1	7	62170	37	1.13
E3	Sample 51	2	1	8	67170	37	1.14
E3	Sample 51	2	1	9	72170	37	1.14
E3	Sample 51	2	1	10	77170	36.96	1.13
E3	Sample 51	2	1	11	82170	37	1.13
E3	Sample 51	2	1	12	87180	37	1.14
E3	Sample 51	2	1	13	92170	37	1.13
E3	Sample 51	2	1	14	97170	37	1.13
E3	Sample 51	2	1	15	102180	37	1.14
E4	Sample 52	2	1	1	32170	36.96	1.32
E4	Sample 52	2	1	2	37170	36.96	1.32
E4	Sample 52	2	1	3	42170	36.96	1.32
E4	Sample 52	2	1	4	47170	37	1.31
E4	Sample 52	2	1	5	52170	36.96	1.31
E4	Sample 52	2	1	6	57170	36.96	1.32
E4	Sample 52	2	1	7	62170	37	1.32
E4	Sample 52	2	1	8	67170	37	1.31
E4	Sample 52	2	1	9	72170	37	1.32
E4	Sample 52	2	1	10	77170	36.96	1.31
E4	Sample 52	2	1	11	82170	37	1.31
E4	Sample 52	2	1	12	87180	37	1.31
E4	Sample 52	2	1	13	92170	37	1.31
E4	Sample 52	2	1	14	97170	37	1.31
E4	Sample 52	2	1	15	102180	37	1.31
E5	Sample 53	2	1	1	32170	36.96	1.1
E5	Sample 53	2	1	2	37170	36.96	1.1
E5	Sample 53	2	1	3	42170	36.96	1.09
E5	Sample 53	2	1	4	47170	37	1.09
E5	Sample 53	2	1	5	52170	36.96	1.09
E5	Sample 53	2	1	6	57170	36.96	1.09
E5	Sample 53	2	1	7	62170	37	1.09
E5	Sample 53	2	1	8	67170	37	1.09
E5	Sample 53	2	1	9	72170	37	1.09
E5	Sample 53	2	1	10	77170	36.96	1.08
E5	Sample 53	2	1	11	82170	37	1.09
E5	Sample 53	2	1	12	87180	37	1.08
E5	Sample 53	2	1	13	92170	37	1.09
E5	Sample 53	2	1	14	97170	37	1.08
E5	Sample 53	2	1	15	102180	37	1.08
E6	Sample 54	2	1	1	32170	36.96	1.11
E6	Sample 54	2	1	2	37170	36.96	1.11
E6	Sample 54	2	1	3	42170	36.96	1.11
E6	Sample 54	2	1	4	47170	37	1.1
E6	Sample 54	2	1	5	52170	36.96	1.1
E6	Sample 54	2	1	6	57170	36.96	1.1
E6	Sample 54	2	1	7	62170	37	1.1
E6	Sample 54	2	1	8	67170	37	1.1
E6	Sample 54	2	1	9	72170	37	1.1
E6	Sample 54	2	1	10	77170	36.96	1.09
E6	Sample 54	2	1	11	82170	37	1.1
E6	Sample 54	2	1	12	87180	37	1.09
E6	Sample 54	2	1	13	92170	37	1.1
E6	Sample 54	2	1	14	97170	37	1.09
E6	Sample 54	2	1	15	102180	37	1.1
E7	Sample 55	2	1	1	32170	36.96	1.12
E7	Sample 55	2	1	2	37170	36.96	1.12
E7	Sample 55	2	1	3	42170	36.96	1.11
E7	Sample 55	2	1	4	47170	37	1.11
E7	Sample 55	2	1	5	52170	36.96	1.11
E7	Sample 55	2	1	6	57170	36.96	1.1
E7	Sample 55	2	1	7	62170	37	1.1
E7	Sample 55	2	1	8	67170	37	1.1
E7	Sample 55	2	1	9	72170	37	1.11
E7	Sample 55	2	1	10	77170	36.96	1.1
E7	Sample 55	2	1	11	82170	37	1.1
E7	Sample 55	2	1	12	87180	37	1.1
E7	Sample 55	2	1	13	92170	37	1.1
E7	Sample 55	2	1	14	97170	37	1.1
E7	Sample 55	2	1	15	102180	37	1.1
E8	Sample 56	2	1	1	32170	36.96	1.05
E8	Sample 56	2	1	2	37170	36.96	1.05
E8	Sample 56	2	1	3	42170	36.96	1.05
E8	Sample 56	2	1	4	47170	37	1.04
E8	Sample 56	2	1	5	52170	36.96	1.05
E8	Sample 56	2	1	6	57170	36.96	1.05
E8	Sample 56	2	1	7	62170	37	1.04
E8	Sample 56	2	1	8	67170	37	1.05
E8	Sample 56	2	1	9	72170	37	1.05
E8	Sample 56	2	1	10	77170	36.96	1.04
E8	Sample 56	2	1	11	82170	37	1.04
E8	Sample 56	2	1	12	87180	37	1.04
E8	Sample 56	2	1	13	92170	37	1.04
E8	Sample 56	2	1	14	97170	37	1.04
E8	Sample 56	2	1	15	102180	37	1.04
E9	Sample 57	2	1	1	32170	36.96	1.35
E9	Sample 57	2	1	2	37170	36.96	1.35
E9	Sample 57	2	1	3	42170	36.96	1.35
E9	Sample 57	2	1	4	47170	37	1.35
E9	Sample 57	2	1	5	52170	36.96	1.35
E9	Sample 57	2	1	6	57170	36.96	1.35
E9	Sample 57	2	1	7	62170	37	1.35
E9	Sample 57	2	1	8	67170	37	1.34
E9	Sample 57	2	1	9	72170	37	1.34
E9	Sample 57	2	1	10	77170	36.96	1.34
E9	Sample 57	2	1	11	82170	37	1.34
E9	Sample 57	2	1	12	87180	37	1.34
E9	Sample 57	2	1	13	92170	37	1.34
E9	Sample 57	2	1	14	97170	37	1.33
E9	Sample 57	2	1	15	102180	37	1.34
E10	Sample 58	2	1	1	32170	36.96	1.42
E10	Sample 58	2	1	2	37170	36.96	1.43
E10	Sample 58	2	1	3	42170	36.96	1.42
E10	Sample 58	2	1	4	47170	37	1.41
E10	Sample 58	2	1	5	52170	36.96	1.42
E10	Sample 58	2	1	6	57170	36.96	1.41
E10	Sample 58	2	1	7	62170	37	1.41
E10	Sample 58	2	1	8	67170	37	1.41
E10	Sample 58	2	1	9	72170	37	1.4
E10	Sample 58	2	1	10	77170	36.96	1.4
E10	Sample 58	2	1	11	82170	37	1.41
E10	Sample 58	2	1	12	87180	37	1.4
E10	Sample 58	2	1	13	92170	37	1.41
E10	Sample 58	2	1	14	97170	37	1.4
E10	Sample 58	2	1	15	102180	37	1.41
E11	Sample 59	2	1	1	32170	36.96	1.36
E11	Sample 59	2	1	2	37170	36.96	1.36
E11	Sample 59	2	1	3	42170	36.96	1.35
E11	Sample 59	2	1	4	47170	37	1.35
E11	Sample 59	2	1	5	52170	36.96	1.36
E11	Sample 59	2	1	6	57170	36.96	1.36
E11	Sample 59	2	1	7	62170	37	1.36
E11	Sample 59	2	1	8	67170	37	1.36
E11	Sample 59	2	1	9	72170	37	1.35
E11	Sample 59	2	1	10	77170	36.96	1.35
E11	Sample 59	2	1	11	82170	37	1.36
E11	Sample 59	2	1	12	87180	37	1.36
E11	Sample 59	2	1	13	92170	37	1.35
E11	Sample 59	2	1	14	97170	37	1.35
E11	Sample 59	2	1	15	102180	37	1.35
E12	Sample 60	2	1	1	32170	36.96	1.34
E12	Sample 60	2	1	2	37170	36.96	1.35
E12	Sample 60	2	1	3	42170	36.96	1.34
E12	Sample 60	2	1	4	47170	37	1.34
E12	Sample 60	2	1	5	52170	36.96	1.34
E12	Sample 60	2	1	6	57170	36.96	1.34
E12	Sample 60	2	1	7	62170	37	1.34
E12	Sample 60	2	1	8	67170	37	1.33
E12	Sample 60	2	1	9	72170	37	1.33
E12	Sample 60	2	1	10	77170	36.96	1.33
E12	Sample 60	2	1	11	82170	37	1.34
E12	Sample 60	2	1	12	87180	37	1.33
E12	Sample 60	2	1	13	92170	37	1.33
E12	Sample 60	2	1	14	97170	37	1.34
E12	Sample 60	2	1	15	102180	37	1.33
F1	Sample 61	2	1	1	32170	36.96	1.39
F1	Sample 61	2	1	2	37170	36.96	1.4
F1	Sample 61	2	1	3	42170	36.96	1.39
F1	Sample 61	2	1	4	47170	37	1.39
F1	Sample 61	2	1	5	52170	36.96	1.39
F1	Sample 61	2	1	6	57170	36.96	1.38
F1	Sample 61	2	1	7	62170	37	1.39
F1	Sample 61	2	1	8	67170	37	1.39
F1	Sample 61	2	1	9	72170	37	1.39
F1	Sample 61	2	1	10	77170	36.96	1.39
F1	Sample 61	2	1	11	82170	37	1.39
F1	Sample 61	2	1	12	87180	37	1.39
F1	Sample 61	2	1	13	92170	37	1.39
F1	Sample 61	2	1	14	97170	37	1.39
F1	Sample 61	2	1	15	102180	37	1.39
F2	Sample 62	2	1	1	32170	36.96	1.18
F2	Sample 62	2	1	2	37170	36.96	1.19
F2	Sample 62	2	1	3	42170	36.96	1.18
F2	Sample 62	2	1	4	47170	37	1.18
F2	Sample 62	2	1	5	52170	36.96	1.18
F2	Sample 62	2	1	6	57170	36.96	1.18
F2	Sample 62	2	1	7	62170	37	1.18
F2	Sample 62	2	1	8	67170	37	1.18
F2	Sample 62	2	1	9	72170	37	1.17
F2	Sample 62	2	1	10	77170	36.96	1.18
F2	Sample 62	2	1	11	82170	37	1.17
F2	Sample 62	2	1	12	87180	37	1.17
F2	Sample 62	2	1	13	92170	37	1.18
F2	Sample 62	2	1	14	97170	37	1.17
F2	Sample 62	2	1	15	102180	37	1.17
F3	Sample 63	2	1	1	32170	36.96	2.11
F3	Sample 63	2	1	2	37170	36.96	2.12
F3	Sample 63	2	1	3	42170	36.96	2.11
F3	Sample 63	2	1	4	47170	37	2.1
F3	Sample 63	2	1	5	52170	36.96	2.1
F3	Sample 63	2	1	6	57170	36.96	2.09
F3	Sample 63	2	1	7	62170	37	2.1
F3	Sample 63	2	1	8	67170	37	2.09
F3	Sample 63	2	1	9	72170	37	2.09
F3	Sample 63	2	1	10	77170	36.96	2.1
F3	Sample 63	2	1	11	82170	37	2.09
F3	Sample 63	2	1	12	87180	37	2.09
F3	Sample 63	2	1	13	92170	37	2.09
F3	Sample 63	2	1	14	97170	37	2.08
F3	Sample 63	2	1	15	102180	37	2.07
F4	Sample 64	2	1	1	32170	36.96	2.3
F4	Sample 64	2	1	2	37170	36.96	2.3
F4	Sample 64	2	1	3	42170	36.96	2.29
F4	Sample 64	2	1	4	47170	37	2.29
F4	Sample 64	2	1	5	52170	36.96	2.29
F4	Sample 64	2	1	6	57170	36.96	2.29
F4	Sample 64	2	1	7	62170	37	2.29
F4	Sample 64	2	1	8	67170	37	2.29
F4	Sample 64	2	1	9	72170	37	2.28
F4	Sample 64	2	1	10	77170	36.96	2.28
F4	Sample 64	2	1	11	82170	37	2.28
F4	Sample 64	2	1	12	87180	37	2.28
F4	Sample 64	2	1	13	92170	37	2.28
F4	Sample 64	2	1	14	97170	37	2.27
F4	Sample 64	2	1	15	102180	37	2.27
F5	Sample 65	2	1	1	32170	36.96	1.06
F5	Sample 65	2	1	2	37170	36.96	1.07
F5	Sample 65	2	1	3	42170	36.96	1.07
F5	Sample 65	2	1	4	47170	37	1.06
F5	Sample 65	2	1	5	52170	36.96	1.06
F5	Sample 65	2	1	6	57170	36.96	1.06
F5	Sample 65	2	1	7	62170	37	1.06
F5	Sample 65	2	1	8	67170	37	1.07
F5	Sample 65	2	1	9	72170	37	1.06
F5	Sample 65	2	1	10	77170	36.96	1.06
F5	Sample 65	2	1	11	82170	37	1.06
F5	Sample 65	2	1	12	87180	37	1.05
F5	Sample 65	2	1	13	92170	37	1.06
F5	Sample 65	2	1	14	97170	37	1.06
F5	Sample 65	2	1	15	102180	37	1.06
F6	Sample 66	2	1	1	32170	36.96	1.09
F6	Sample 66	2	1	2	37170	36.96	1.09
F6	Sample 66	2	1	3	42170	36.96	1.07
F6	Sample 66	2	1	4	47170	37	1.08
F6	Sample 66	2	1	5	52170	36.96	1.08
F6	Sample 66	2	1	6	57170	36.96	1.08
F6	Sample 66	2	1	7	62170	37	1.08
F6	Sample 66	2	1	8	67170	37	1.08
F6	Sample 66	2	1	9	72170	37	1.07
F6	Sample 66	2	1	10	77170	36.96	1.07
F6	Sample 66	2	1	11	82170	37	1.07
F6	Sample 66	2	1	12	87180	37	1.08
F6	Sample 66	2	1	13	92170	37	1.07
F6	Sample 66	2	1	14	97170	37	1.07
F6	Sample 66	2	1	15	102180	37	1.07
F7	Sample 67	2	1	1	32170	36.96	1.13
F7	Sample 67	2	1	2	37170	36.96	1.13
F7	Sample 67	2	1	3	42170	36.96	1.12
F7	Sample 67	2	1	4	47170	37	1.12
F7	Sample 67	2	1	5	52170	36.96	1.12
F7	Sample 67	2	1	6	57170	36.96	1.12
F7	Sample 67	2	1	7	62170	37	1.11
F7	Sample 67	2	1	8	67170	37	1.12
F7	Sample 67	2	1	9	72170	37	1.12
F7	Sample 67	2	1	10	77170	36.96	1.12
F7	Sample 67	2	1	11	82170	37	1.12
F7	Sample 67	2	1	12	87180	37	1.11
F7	Sample 67	2	1	13	92170	37	1.12
F7	Sample 67	2	1	14	97170	37	1.11
F7	Sample 67	2	1	15	102180	37	1.12
F8	Sample 68	2	1	1	32170	36.96	1.09
F8	Sample 68	2	1	2	37170	36.96	1.09
F8	Sample 68	2	1	3	42170	36.96	1.08
F8	Sample 68	2	1	4	47170	37	1.08
F8	Sample 68	2	1	5	52170	36.96	1.09
F8	Sample 68	2	1	6	57170	36.96	1.08
F8	Sample 68	2	1	7	62170	37	1.08
F8	Sample 68	2	1	8	67170	37	1.08
F8	Sample 68	2	1	9	72170	37	1.08
F8	Sample 68	2	1	10	77170	36.96	1.08
F8	Sample 68	2	1	11	82170	37	1.08
F8	Sample 68	2	1	12	87180	37	1.08
F8	Sample 68	2	1	13	92170	37	1.08
F8	Sample 68	2	1	14	97170	37	1.08
F8	Sample 68	2	1	15	102180	37	1.08
F9	Sample 69	2	1	1	32170	36.96	1.41
F9	Sample 69	2	1	2	37170	36.96	1.41
F9	Sample 69	2	1	3	42170	36.96	1.41
F9	Sample 69	2	1	4	47170	37	1.41
F9	Sample 69	2	1	5	52170	36.96	1.41
F9	Sample 69	2	1	6	57170	36.96	1.41
F9	Sample 69	2	1	7	62170	37	1.41
F9	Sample 69	2	1	8	67170	37	1.4
F9	Sample 69	2	1	9	72170	37	1.4
F9	Sample 69	2	1	10	77170	36.96	1.4
F9	Sample 69	2	1	11	82170	37	1.4
F9	Sample 69	2	1	12	87180	37	1.4
F9	Sample 69	2	1	13	92170	37	1.4
F9	Sample 69	2	1	14	97170	37	1.39
F9	Sample 69	2	1	15	102180	37	1.4
F10	Sample 70	2	1	1	32170	36.96	1.4
F10	Sample 70	2	1	2	37170	36.96	1.39
F10	Sample 70	2	1	3	42170	36.96	1.39
F10	Sample 70	2	1	4	47170	37	1.38
F10	Sample 70	2	1	5	52170	36.96	1.39
F10	Sample 70	2	1	6	57170	36.96	1.39
F10	Sample 70	2	1	7	62170	37	1.39
F10	Sample 70	2	1	8	67170	37	1.39
F10	Sample 70	2	1	9	72170	37	1.38
F10	Sample 70	2	1	10	77170	36.96	1.38
F10	Sample 70	2	1	11	82170	37	1.39
F10	Sample 70	2	1	12	87180	37	1.38
F10	Sample 70	2	1	13	92170	37	1.38
F10	Sample 70	2	1	14	97170	37	1.38
F10	Sample 70	2	1	15	102180	37	1.37
F11	Sample 71	2	1	1	32170	36.96	1.42
F11	Sample 71	2	1	2	37170	36.96	1.39
F11	Sample 71	2	1	3	42170	36.96	1.39
F11	Sample 71	2	1	4	47170	37	1.38
F11	Sample 71	2	1	5	52170	36.96	1.38
F11	Sample 71	2	1	6	57170	36.96	1.38
F11	Sample 71	2	1	7	62170	37	1.38
F11	Sample 71	2	1	8	67170	37	1.39
F11	Sample 71	2	1	9	72170	37	1.38
F11	Sample 71	2	1	10	77170	36.96	1.38
F11	Sample 71	2	1	11	82170	37	1.38
F11	Sample 71	2	1	12	87180	37	1.38
F11	Sample 71	2	1	13	92170	37	1.38
F11	Sample 71	2	1	14	97170	37	1.37
F11	Sample 71	2	1	15	102180	37	1.38
F12	Sample 72	2	1	1	32170	36.96	1.29
F12	Sample 72	2	1	2	37170	36.96	1.29
F12	Sample 72	2	1	3	42170	36.96	1.28
F12	Sample 72	2	1	4	47170	37	1.28
F12	Sample 72	2	1	5	52170	36.96	1.28
F12	Sample 72	2	1	6	57170	36.96	1.28
F12	Sample 72	2	1	7	62170	37	1.29
F12	Sample 72	2	1	8	67170	37	1.28
F12	Sample 72	2	1	9	72170	37	1.27
F12	Sample 72	2	1	10	77170	36.96	1.27
F12	Sample 72	2	1	11	82170	37	1.27
F12	Sample 72	2	1	12	87180	37	1.27
F12	Sample 72	2	1	13	92170	37	1.28
F12	Sample 72	2	1	14	97170	37	1.27
F12	Sample 72	2	1	15	102180	37	1.27
G1	Sample 73	2	1	1	32170	36.96	2.04
G1	Sample 73	2	1	2	37170	36.96	2.05
G1	Sample 73	2	1	3	42170	36.96	2.04
G1	Sample 73	2	1	4	47170	37	2.04
G1	Sample 73	2	1	5	52170	36.96	2.05
G1	Sample 73	2	1	6	57170	36.96	2.03
G1	Sample 73	2	1	7	62170	37	2.04
G1	Sample 73	2	1	8	67170	37	2.04
G1	Sample 73	2	1	9	72170	37	2.04
G1	Sample 73	2	1	10	77170	36.96	2.03
G1	Sample 73	2	1	11	82170	37	2.03
G1	Sample 73	2	1	12	87180	37	2.03
G1	Sample 73	2	1	13	92170	37	2.05
G1	Sample 73	2	1	14	97170	37	2.03
G1	Sample 73	2	1	15	102180	37	2.03
G2	Sample 74	2	1	1	32170	36.96	2.09
G2	Sample 74	2	1	2	37170	36.96	2.08
G2	Sample 74	2	1	3	42170	36.96	2.07
G2	Sample 74	2	1	4	47170	37	2.07
G2	Sample 74	2	1	5	52170	36.96	2.08
G2	Sample 74	2	1	6	57170	36.96	2.07
G2	Sample 74	2	1	7	62170	37	2.06
G2	Sample 74	2	1	8	67170	37	2.07
G2	Sample 74	2	1	9	72170	37	2.07
G2	Sample 74	2	1	10	77170	36.96	2.06
G2	Sample 74	2	1	11	82170	37	2.06
G2	Sample 74	2	1	12	87180	37	2.04
G2	Sample 74	2	1	13	92170	37	2.03
G2	Sample 74	2	1	14	97170	37	2.03
G2	Sample 74	2	1	15	102180	37	2.02
G3	Sample 75	2	1	1	32170	36.96	2.46
G3	Sample 75	2	1	2	37170	36.96	2.46
G3	Sample 75	2	1	3	42170	36.96	2.45
G3	Sample 75	2	1	4	47170	37	2.44
G3	Sample 75	2	1	5	52170	36.96	2.44
G3	Sample 75	2	1	6	57170	36.96	2.45
G3	Sample 75	2	1	7	62170	37	2.4
G3	Sample 75	2	1	8	67170	37	2.41
G3	Sample 75	2	1	9	72170	37	2.41
G3	Sample 75	2	1	10	77170	36.96	2.41
G3	Sample 75	2	1	11	82170	37	2.4
G3	Sample 75	2	1	12	87180	37	2.41
G3	Sample 75	2	1	13	92170	37	2.4
G3	Sample 75	2	1	14	97170	37	2.4
G3	Sample 75	2	1	15	102180	37	2.4
G4	Sample 76	2	1	1	32170	36.96	2.58
G4	Sample 76	2	1	2	37170	36.96	2.58
G4	Sample 76	2	1	3	42170	36.96	2.58
G4	Sample 76	2	1	4	47170	37	2.58
G4	Sample 76	2	1	5	52170	36.96	2.58
G4	Sample 76	2	1	6	57170	36.96	2.58
G4	Sample 76	2	1	7	62170	37	2.59
G4	Sample 76	2	1	8	67170	37	2.59
G4	Sample 76	2	1	9	72170	37	2.58
G4	Sample 76	2	1	10	77170	36.96	2.59
G4	Sample 76	2	1	11	82170	37	2.59
G4	Sample 76	2	1	12	87180	37	2.58
G4	Sample 76	2	1	13	92170	37	2.58
G4	Sample 76	2	1	14	97170	37	2.59
G4	Sample 76	2	1	15	102180	37	2.58
G5	Sample 77	2	1	1	32170	36.96	1.08
G5	Sample 77	2	1	2	37170	36.96	1.08
G5	Sample 77	2	1	3	42170	36.96	1.08
G5	Sample 77	2	1	4	47170	37	1.08
G5	Sample 77	2	1	5	52170	36.96	1.08
G5	Sample 77	2	1	6	57170	36.96	1.07
G5	Sample 77	2	1	7	62170	37	1.07
G5	Sample 77	2	1	8	67170	37	1.08
G5	Sample 77	2	1	9	72170	37	1.07
G5	Sample 77	2	1	10	77170	36.96	1.07
G5	Sample 77	2	1	11	82170	37	1.07
G5	Sample 77	2	1	12	87180	37	1.06
G5	Sample 77	2	1	13	92170	37	1.07
G5	Sample 77	2	1	14	97170	37	1.07
G5	Sample 77	2	1	15	102180	37	1.06
G6	Sample 78	2	1	1	32170	36.96	1.09
G6	Sample 78	2	1	2	37170	36.96	1.09
G6	Sample 78	2	1	3	42170	36.96	1.08
G6	Sample 78	2	1	4	47170	37	1.09
G6	Sample 78	2	1	5	52170	36.96	1.09
G6	Sample 78	2	1	6	57170	36.96	1.08
G6	Sample 78	2	1	7	62170	37	1.08
G6	Sample 78	2	1	8	67170	37	1.09
G6	Sample 78	2	1	9	72170	37	1.08
G6	Sample 78	2	1	10	77170	36.96	1.08
G6	Sample 78	2	1	11	82170	37	1.08
G6	Sample 78	2	1	12	87180	37	1.07
G6	Sample 78	2	1	13	92170	37	1.08
G6	Sample 78	2	1	14	97170	37	1.08
G6	Sample 78	2	1	15	102180	37	1.08
G7	Sample 79	2	1	1	32170	36.96	1.11
G7	Sample 79	2	1	2	37170	36.96	1.11
G7	Sample 79	2	1	3	42170	36.96	1.11
G7	Sample 79	2	1	4	47170	37	1.1
G7	Sample 79	2	1	5	52170	36.96	1.1
G7	Sample 79	2	1	6	57170	36.96	1.1
G7	Sample 79	2	1	7	62170	37	1.09
G7	Sample 79	2	1	8	67170	37	1.1
G7	Sample 79	2	1	9	72170	37	1.11
G7	Sample 79	2	1	10	77170	36.96	1.09
G7	Sample 79	2	1	11	82170	37	1.09
G7	Sample 79	2	1	12	87180	37	1.09
G7	Sample 79	2	1	13	92170	37	1.1
G7	Sample 79	2	1	14	97170	37	1.1
G7	Sample 79	2	1	15	102180	37	1.09
G8	Sample 80	2	1	1	32170	36.96	1.05
G8	Sample 80	2	1	2	37170	36.96	1.05
G8	Sample 80	2	1	3	42170	36.96	1.05
G8	Sample 80	2	1	4	47170	37	1.05
G8	Sample 80	2	1	5	52170	36.96	1.04
G8	Sample 80	2	1	6	57170	36.96	1.05
G8	Sample 80	2	1	7	62170	37	1.04
G8	Sample 80	2	1	8	67170	37	1.05
G8	Sample 80	2	1	9	72170	37	1.04
G8	Sample 80	2	1	10	77170	36.96	1.04
G8	Sample 80	2	1	11	82170	37	1.04
G8	Sample 80	2	1	12	87180	37	1.04
G8	Sample 80	2	1	13	92170	37	1.05
G8	Sample 80	2	1	14	97170	37	1.03
G8	Sample 80	2	1	15	102180	37	1.04
G9	Sample 81	2	1	1	32170	36.96	1.39
G9	Sample 81	2	1	2	37170	36.96	1.39
G9	Sample 81	2	1	3	42170	36.96	1.39
G9	Sample 81	2	1	4	47170	37	1.39
G9	Sample 81	2	1	5	52170	36.96	1.39
G9	Sample 81	2	1	6	57170	36.96	1.38
G9	Sample 81	2	1	7	62170	37	1.38
G9	Sample 81	2	1	8	67170	37	1.39
G9	Sample 81	2	1	9	72170	37	1.38
G9	Sample 81	2	1	10	77170	36.96	1.38
G9	Sample 81	2	1	11	82170	37	1.38
G9	Sample 81	2	1	12	87180	37	1.38
G9	Sample 81	2	1	13	92170	37	1.38
G9	Sample 81	2	1	14	97170	37	1.37
G9	Sample 81	2	1	15	102180	37	1.38
G10	Sample 82	2	1	1	32170	36.96	1.37
G10	Sample 82	2	1	2	37170	36.96	1.37
G10	Sample 82	2	1	3	42170	36.96	1.37
G10	Sample 82	2	1	4	47170	37	1.36
G10	Sample 82	2	1	5	52170	36.96	1.36
G10	Sample 82	2	1	6	57170	36.96	1.36
G10	Sample 82	2	1	7	62170	37	1.35
G10	Sample 82	2	1	8	67170	37	1.36
G10	Sample 82	2	1	9	72170	37	1.36
G10	Sample 82	2	1	10	77170	36.96	1.35
G10	Sample 82	2	1	11	82170	37	1.35
G10	Sample 82	2	1	12	87180	37	1.35
G10	Sample 82	2	1	13	92170	37	1.36
G10	Sample 82	2	1	14	97170	37	1.35
G10	Sample 82	2	1	15	102180	37	1.35
G11	Sample 83	2	1	1	32170	36.96	1.39
G11	Sample 83	2	1	2	37170	36.96	1.38
G11	Sample 83	2	1	3	42170	36.96	1.38
G11	Sample 83	2	1	4	47170	37	1.38
G11	Sample 83	2	1	5	52170	36.96	1.37
G11	Sample 83	2	1	6	57170	36.96	1.37
G11	Sample 83	2	1	7	62170	37	1.37
G11	Sample 83	2	1	8	67170	37	1.38
G11	Sample 83	2	1	9	72170	37	1.37
G11	Sample 83	2	1	10	77170	36.96	1.37
G11	Sample 83	2	1	11	82170	37	1.38
G11	Sample 83	2	1	12	87180	37	1.36
G11	Sample 83	2	1	13	92170	37	1.37
G11	Sample 83	2	1	14	97170	37	1.37
G11	Sample 83	2	1	15	102180	37	1.37
G12	Sample 84	2	1	1	32170	36.96	1.3
G12	Sample 84	2	1	2	37170	36.96	1.31
G12	Sample 84	2	1	3	42170	36.96	1.32
G12	Sample 84	2	1	4	47170	37	1.32
G12	Sample 84	2	1	5	52170	36.96	1.32
G12	Sample 84	2	1	6	57170	36.96	1.32
G12	Sample 84	2	1	7	62170	37	1.32
G12	Sample 84	2	1	8	67170	37	1.33
G12	Sample 84	2	1	9	72170	37	1.32
G12	Sample 84	2	1	10	77170	36.96	1.32
G12	Sample 84	2	1	11	82170	37	1.33
G12	Sample 84	2	1	12	87180	37	1.33
G12	Sample 84	2	1	13	92170	37	1.33
G12	Sample 84	2	1	14	97170	37	1.32
G12	Sample 84	2	1	15	102180	37	1.32
H1	Sample 85	2	1	1	32170	36.96	2.21
H1	Sample 85	2	1	2	37170	36.96	2.2
H1	Sample 85	2	1	3	42170	36.96	2.21
H1	Sample 85	2	1	4	47170	37	2.2
H1	Sample 85	2	1	5	52170	36.96	2.19
H1	Sample 85	2	1	6	57170	36.96	2.19
H1	Sample 85	2	1	7	62170	37	2.2
H1	Sample 85	2	1	8	67170	37	2.19
H1	Sample 85	2	1	9	72170	37	2.2
H1	Sample 85	2	1	10	77170	36.96	2.19
H1	Sample 85	2	1	11	82170	37	2.19
H1	Sample 85	2	1	12	87180	37	2.2
H1	Sample 85	2	1	13	92170	37	2.2
H1	Sample 85	2	1	14	97170	37	2.2
H1	Sample 85	2	1	15	102180	37	2.2
H2	Sample 86	2	1	1	32170	36.96	2.29
H2	Sample 86	2	1	2	37170	36.96	2.3
H2	Sample 86	2	1	3	42170	36.96	2.3
H2	Sample 86	2	1	4	47170	37	2.3
H2	Sample 86	2	1	5	52170	36.96	2.28
H2	Sample 86	2	1	6	57170	36.96	2.28
H2	Sample 86	2	1	7	62170	37	2.28
H2	Sample 86	2	1	8	67170	37	2.28
H2	Sample 86	2	1	9	72170	37	2.28
H2	Sample 86	2	1	10	77170	36.96	2.29
H2	Sample 86	2	1	11	82170	37	2.28
H2	Sample 86	2	1	12	87180	37	2.28
H2	Sample 86	2	1	13	92170	37	2.29
H2	Sample 86	2	1	14	97170	37	2.28
H2	Sample 86	2	1	15	102180	37	2.28
H3	Sample 87	2	1	1	32170	36.96	2.43
H3	Sample 87	2	1	2	37170	36.96	2.43
H3	Sample 87	2	1	3	42170	36.96	2.43
H3	Sample 87	2	1	4	47170	37	2.38
H3	Sample 87	2	1	5	52170	36.96	2.36
H3	Sample 87	2	1	6	57170	36.96	2.37
H3	Sample 87	2	1	7	62170	37	2.37
H3	Sample 87	2	1	8	67170	37	2.37
H3	Sample 87	2	1	9	72170	37	2.37
H3	Sample 87	2	1	10	77170	36.96	2.37
H3	Sample 87	2	1	11	82170	37	2.38
H3	Sample 87	2	1	12	87180	37	2.37
H3	Sample 87	2	1	13	92170	37	2.37
H3	Sample 87	2	1	14	97170	37	2.37
H3	Sample 87	2	1	15	102180	37	2.38
H4	Sample 88	2	1	1	32170	36.96	2.51
H4	Sample 88	2	1	2	37170	36.96	2.5
H4	Sample 88	2	1	3	42170	36.96	2.49
H4	Sample 88	2	1	4	47170	37	2.5
H4	Sample 88	2	1	5	52170	36.96	2.5
H4	Sample 88	2	1	6	57170	36.96	2.49
H4	Sample 88	2	1	7	62170	37	2.48
H4	Sample 88	2	1	8	67170	37	2.49
H4	Sample 88	2	1	9	72170	37	2.5
H4	Sample 88	2	1	10	77170	36.96	2.49
H4	Sample 88	2	1	11	82170	37	2.48
H4	Sample 88	2	1	12	87180	37	2.49
H4	Sample 88	2	1	13	92170	37	2.49
H4	Sample 88	2	1	14	97170	37	2.49
H4	Sample 88	2	1	15	102180	37	2.48
H5	Sample 89	2	1	1	32170	36.96	1.11
H5	Sample 89	2	1	2	37170	36.96	1.11
H5	Sample 89	2	1	3	42170	36.96	1.11
H5	Sample 89	2	1	4	47170	37	1.11
H5	Sample 89	2	1	5	52170	36.96	1.1
H5	Sample 89	2	1	6	57170	36.96	1.1
H5	Sample 89	2	1	7	62170	37	1.1
H5	Sample 89	2	1	8	67170	37	1.11
H5	Sample 89	2	1	9	72170	37	1.11
H5	Sample 89	2	1	10	77170	36.96	1.1
H5	Sample 89	2	1	11	82170	37	1.1
H5	Sample 89	2	1	12	87180	37	1.1
H5	Sample 89	2	1	13	92170	37	1.11
H5	Sample 89	2	1	14	97170	37	1.09
H5	Sample 89	2	1	15	102180	37	1.11
H6	Sample 90	2	1	1	32170	36.96	1.11
H6	Sample 90	2	1	2	37170	36.96	1.11
H6	Sample 90	2	1	3	42170	36.96	1.11
H6	Sample 90	2	1	4	47170	37	1.11
H6	Sample 90	2	1	5	52170	36.96	1.11
H6	Sample 90	2	1	6	57170	36.96	1.11
H6	Sample 90	2	1	7	62170	37	1.11
H6	Sample 90	2	1	8	67170	37	1.11
H6	Sample 90	2	1	9	72170	37	1.1
H6	Sample 90	2	1	10	77170	36.96	1.1
H6	Sample 90	2	1	11	82170	37	1.11
H6	Sample 90	2	1	12	87180	37	1.1
H6	Sample 90	2	1	13	92170	37	1.11
H6	Sample 90	2	1	14	97170	37	1.09
H6	Sample 90	2	1	15	102180	37	1.1
H7	Sample 91	2	1	1	32170	36.96	1.08
H7	Sample 91	2	1	2	37170	36.96	1.09
H7	Sample 91	2	1	3	42170	36.96	1.08
H7	Sample 91	2	1	4	47170	37	1.09
H7	Sample 91	2	1	5	52170	36.96	1.08
H7	Sample 91	2	1	6	57170	36.96	1.09
H7	Sample 91	2	1	7	62170	37	1.1
H7	Sample 91	2	1	8	67170	37	1.1
H7	Sample 91	2	1	9	72170	37	1.09
H7	Sample 91	2	1	10	77170	36.96	1.09
H7	Sample 91	2	1	11	82170	37	1.09
H7	Sample 91	2	1	12	87180	37	1.09
H7	Sample 91	2	1	13	92170	37	1.1
H7	Sample 91	2	1	14	97170	37	1.1
H7	Sample 91	2	1	15	102180	37	1.1
H8	Sample 92	2	1	1	32170	36.96	1.08
H8	Sample 92	2	1	2	37170	36.96	1.07
H8	Sample 92	2	1	3	42170	36.96	1.07
H8	Sample 92	2	1	4	47170	37	1.07
H8	Sample 92	2	1	5	52170	36.96	1.07
H8	Sample 92	2	1	6	57170	36.96	1.07
H8	Sample 92	2	1	7	62170	37	1.07
H8	Sample 92	2	1	8	67170	37	1.07
H8	Sample 92	2	1	9	72170	37	1.07
H8	Sample 92	2	1	10	77170	36.96	1.07
H8	Sample 92	2	1	11	82170	37	1.07
H8	Sample 92	2	1	12	87180	37	1.06
H8	Sample 92	2	1	13	92170	37	1.07
H8	Sample 92	2	1	14	97170	37	1.06
H8	Sample 92	2	1	15	102180	37	1.06
H9	Sample 93	2	1	1	32170	36.96	1.33
H9	Sample 93	2	1	2	37170	36.96	1.33
H9	Sample 93	2	1	3	42170	36.96	1.34
H9	Sample 93	2	1	4	47170	37	1.33
H9	Sample 93	2	1	5	52170	36.96	1.33
H9	Sample 93	2	1	6	57170	36.96	1.34
H9	Sample 93	2	1	7	62170	37	1.33
H9	Sample 93	2	1	8	67170	37	1.33
H9	Sample 93	2	1	9	72170	37	1.33
H9	Sample 93	2	1	10	77170	36.96	1.33
H9	Sample 93	2	1	11	82170	37	1.32
H9	Sample 93	2	1	12	87180	37	1.33
H9	Sample 93	2	1	13	92170	37	1.33
H9	Sample 93	2	1	14	97170	37	1.33
H9	Sample 93	2	1	15	102180	37	1.33
H10	Sample 94	2	1	1	32170	36.96	1.3
H10	Sample 94	2	1	2	37170	36.96	1.3
H10	Sample 94	2	1	3	42170	36.96	1.3
H10	Sample 94	2	1	4	47170	37	1.3
H10	Sample 94	2	1	5	52170	36.96	1.3
H10	Sample 94	2	1	6	57170	36.96	1.3
H10	Sample 94	2	1	7	62170	37	1.3
H10	Sample 94	2	1	8	67170	37	1.3
H10	Sample 94	2	1	9	72170	37	1.3
H10	Sample 94	2	1	10	77170	36.96	1.29
H10	Sample 94	2	1	11	82170	37	1.3
H10	Sample 94	2	1	12	87180	37	1.29
H10	Sample 94	2	1	13	92170	37	1.3
H10	Sample 94	2	1	14	97170	37	1.3
H10	Sample 94	2	1	15	102180	37	1.29
H11	Sample 95	2	1	1	32170	36.96	1.27
H11	Sample 95	2	1	2	37170	36.96	1.27
H11	Sample 95	2	1	3	42170	36.96	1.26
H11	Sample 95	2	1	4	47170	37	1.27
H11	Sample 95	2	1	5	52170	36.96	1.26
H11	Sample 95	2	1	6	57170	36.96	1.27
H11	Sample 95	2	1	7	62170	37	1.27
H11	Sample 95	2	1	8	67170	37	1.27
H11	Sample 95	2	1	9	72170	37	1.26
H11	Sample 95	2	1	10	77170	36.96	1.26
H11	Sample 95	2	1	11	82170	37	1.27
H11	Sample 95	2	1	12	87180	37	1.26
H11	Sample 95	2	1	13	92170	37	1.26
H11	Sample 95	2	1	14	97170	37	1.26
H11	Sample 95	2	1	15	102180	37	1.27
H12	Sample 96	2	1	1	32170	36.96	1.28
H12	Sample 96	2	1	2	37170	36.96	1.28
H12	Sample 96	2	1	3	42170	36.96	1.27
H12	Sample 96	2	1	4	47170	37	1.27
H12	Sample 96	2	1	5	52170	36.96	1.27
H12	Sample 96	2	1	6	57170	36.96	1.28
H12	Sample 96	2	1	7	62170	37	1.28
H12	Sample 96	2	1	8	67170	37	1.29
H12	Sample 96	2	1	9	72170	37	1.29
H12	Sample 96	2	1	10	77170	36.96	1.29
H12	Sample 96	2	1	11	82170	37	1.29
H12	Sample 96	2	1	12	87180	37	1.29
H12	Sample 96	2	1	13	92170	37	1.3
H12	Sample 96	2	1	14	97170	37	1.3
H12	Sample 96	2	1	15	102180	37	1.3