Raw Data 		Experiment - evIC50_11_plate2_24APRIL2026 (Run on LCS480 1.5.1.62)
SamplePos	SampleName	Prog#	Seg#	Cycle#	Time	Temp	465-510	
A1	Sample 1	2	1	1	32770	36.91	2.10
A1	Sample 1	2	1	2	37710	36.96	2.26
A1	Sample 1	2	1	3	42710	36.96	2.39
A1	Sample 1	2	1	4	47710	36.96	2.35
A1	Sample 1	2	1	5	52710	37	2.20
A1	Sample 1	2	1	6	57710	36.96	2.04
A1	Sample 1	2	1	7	62710	36.96	1.86
A1	Sample 1	2	1	8	67710	37	1.69
A1	Sample 1	2	1	9	72710	37	1.54
A1	Sample 1	2	1	10	77720	37	1.39
A1	Sample 1	2	1	11	82710	36.96	1.25
A1	Sample 1	2	1	12	87710	37	1.12
A1	Sample 1	2	1	13	92710	37	1.00
A1	Sample 1	2	1	14	97710	36.96	0.91
A1	Sample 1	2	1	15	102710	37	0.84
A2	Sample 2	2	1	1	32770	36.91	2.09
A2	Sample 2	2	1	2	37710	36.96	2.17
A2	Sample 2	2	1	3	42710	36.96	2.09
A2	Sample 2	2	1	4	47710	36.96	1.92
A2	Sample 2	2	1	5	52710	37	1.70
A2	Sample 2	2	1	6	57710	36.96	1.51
A2	Sample 2	2	1	7	62710	36.96	1.35
A2	Sample 2	2	1	8	67710	37	1.24
A2	Sample 2	2	1	9	72710	37	1.12
A2	Sample 2	2	1	10	77720	37	1.03
A2	Sample 2	2	1	11	82710	36.96	0.94
A2	Sample 2	2	1	12	87710	37	0.87
A2	Sample 2	2	1	13	92710	37	0.81
A2	Sample 2	2	1	14	97710	36.96	0.76
A2	Sample 2	2	1	15	102710	37	0.72
A3	Sample 3	2	1	1	32770	36.91	0.77
A3	Sample 3	2	1	2	37710	36.96	0.76
A3	Sample 3	2	1	3	42710	36.96	0.75
A3	Sample 3	2	1	4	47710	36.96	0.75
A3	Sample 3	2	1	5	52710	37	0.74
A3	Sample 3	2	1	6	57710	36.96	0.75
A3	Sample 3	2	1	7	62710	36.96	0.74
A3	Sample 3	2	1	8	67710	37	0.75
A3	Sample 3	2	1	9	72710	37	0.75
A3	Sample 3	2	1	10	77720	37	0.75
A3	Sample 3	2	1	11	82710	36.96	0.74
A3	Sample 3	2	1	12	87710	37	0.74
A3	Sample 3	2	1	13	92710	37	0.74
A3	Sample 3	2	1	14	97710	36.96	0.74
A3	Sample 3	2	1	15	102710	37	0.74
A4	Sample 4	2	1	1	32770	36.91	0.77
A4	Sample 4	2	1	2	37710	36.96	0.76
A4	Sample 4	2	1	3	42710	36.96	0.75
A4	Sample 4	2	1	4	47710	36.96	0.75
A4	Sample 4	2	1	5	52710	37	0.74
A4	Sample 4	2	1	6	57710	36.96	0.75
A4	Sample 4	2	1	7	62710	36.96	0.74
A4	Sample 4	2	1	8	67710	37	0.75
A4	Sample 4	2	1	9	72710	37	0.74
A4	Sample 4	2	1	10	77720	37	0.74
A4	Sample 4	2	1	11	82710	36.96	0.75
A4	Sample 4	2	1	12	87710	37	0.75
A4	Sample 4	2	1	13	92710	37	0.74
A4	Sample 4	2	1	14	97710	36.96	0.74
A4	Sample 4	2	1	15	102710	37	0.74
A5	Sample 5	2	1	1	32770	36.91	0.66
A5	Sample 5	2	1	2	37710	36.96	0.66
A5	Sample 5	2	1	3	42710	36.96	0.65
A5	Sample 5	2	1	4	47710	36.96	0.64
A5	Sample 5	2	1	5	52710	37	0.65
A5	Sample 5	2	1	6	57710	36.96	0.64
A5	Sample 5	2	1	7	62710	36.96	0.64
A5	Sample 5	2	1	8	67710	37	0.64
A5	Sample 5	2	1	9	72710	37	0.64
A5	Sample 5	2	1	10	77720	37	0.64
A5	Sample 5	2	1	11	82710	36.96	0.64
A5	Sample 5	2	1	12	87710	37	0.63
A5	Sample 5	2	1	13	92710	37	0.64
A5	Sample 5	2	1	14	97710	36.96	0.64
A5	Sample 5	2	1	15	102710	37	0.64
A6	Sample 6	2	1	1	32770	36.91	0.69
A6	Sample 6	2	1	2	37710	36.96	0.67
A6	Sample 6	2	1	3	42710	36.96	0.67
A6	Sample 6	2	1	4	47710	36.96	0.67
A6	Sample 6	2	1	5	52710	37	0.67
A6	Sample 6	2	1	6	57710	36.96	0.66
A6	Sample 6	2	1	7	62710	36.96	0.67
A6	Sample 6	2	1	8	67710	37	0.67
A6	Sample 6	2	1	9	72710	37	0.66
A6	Sample 6	2	1	10	77720	37	0.67
A6	Sample 6	2	1	11	82710	36.96	0.67
A6	Sample 6	2	1	12	87710	37	0.66
A6	Sample 6	2	1	13	92710	37	0.66
A6	Sample 6	2	1	14	97710	36.96	0.67
A6	Sample 6	2	1	15	102710	37	0.66
A7	Sample 7	2	1	1	32770	36.91	0.74
A7	Sample 7	2	1	2	37710	36.96	0.73
A7	Sample 7	2	1	3	42710	36.96	0.72
A7	Sample 7	2	1	4	47710	36.96	0.72
A7	Sample 7	2	1	5	52710	37	0.72
A7	Sample 7	2	1	6	57710	36.96	0.72
A7	Sample 7	2	1	7	62710	36.96	0.71
A7	Sample 7	2	1	8	67710	37	0.72
A7	Sample 7	2	1	9	72710	37	0.71
A7	Sample 7	2	1	10	77720	37	0.71
A7	Sample 7	2	1	11	82710	36.96	0.71
A7	Sample 7	2	1	12	87710	37	0.71
A7	Sample 7	2	1	13	92710	37	0.71
A7	Sample 7	2	1	14	97710	36.96	0.71
A7	Sample 7	2	1	15	102710	37	0.71
A8	Sample 8	2	1	1	32770	36.91	0.72
A8	Sample 8	2	1	2	37710	36.96	0.71
A8	Sample 8	2	1	3	42710	36.96	0.70
A8	Sample 8	2	1	4	47710	36.96	0.70
A8	Sample 8	2	1	5	52710	37	0.70
A8	Sample 8	2	1	6	57710	36.96	0.69
A8	Sample 8	2	1	7	62710	36.96	0.70
A8	Sample 8	2	1	8	67710	37	0.70
A8	Sample 8	2	1	9	72710	37	0.69
A8	Sample 8	2	1	10	77720	37	0.70
A8	Sample 8	2	1	11	82710	36.96	0.69
A8	Sample 8	2	1	12	87710	37	0.69
A8	Sample 8	2	1	13	92710	37	0.69
A8	Sample 8	2	1	14	97710	36.96	0.69
A8	Sample 8	2	1	15	102710	37	0.69
A9	Sample 9	2	1	1	32770	36.91	1.35
A9	Sample 9	2	1	2	37710	36.96	1.34
A9	Sample 9	2	1	3	42710	36.96	1.33
A9	Sample 9	2	1	4	47710	36.96	1.33
A9	Sample 9	2	1	5	52710	37	1.32
A9	Sample 9	2	1	6	57710	36.96	1.32
A9	Sample 9	2	1	7	62710	36.96	1.32
A9	Sample 9	2	1	8	67710	37	1.32
A9	Sample 9	2	1	9	72710	37	1.31
A9	Sample 9	2	1	10	77720	37	1.31
A9	Sample 9	2	1	11	82710	36.96	1.31
A9	Sample 9	2	1	12	87710	37	1.31
A9	Sample 9	2	1	13	92710	37	1.31
A9	Sample 9	2	1	14	97710	36.96	1.30
A9	Sample 9	2	1	15	102710	37	1.31
A10	Sample 10	2	1	1	32770	36.91	1.36
A10	Sample 10	2	1	2	37710	36.96	1.34
A10	Sample 10	2	1	3	42710	36.96	1.33
A10	Sample 10	2	1	4	47710	36.96	1.33
A10	Sample 10	2	1	5	52710	37	1.32
A10	Sample 10	2	1	6	57710	36.96	1.32
A10	Sample 10	2	1	7	62710	36.96	1.32
A10	Sample 10	2	1	8	67710	37	1.32
A10	Sample 10	2	1	9	72710	37	1.32
A10	Sample 10	2	1	10	77720	37	1.32
A10	Sample 10	2	1	11	82710	36.96	1.31
A10	Sample 10	2	1	12	87710	37	1.32
A10	Sample 10	2	1	13	92710	37	1.31
A10	Sample 10	2	1	14	97710	36.96	1.31
A10	Sample 10	2	1	15	102710	37	1.32
A11	Sample 11	2	1	1	32770	36.91	1.38
A11	Sample 11	2	1	2	37710	36.96	1.36
A11	Sample 11	2	1	3	42710	36.96	1.35
A11	Sample 11	2	1	4	47710	36.96	1.35
A11	Sample 11	2	1	5	52710	37	1.34
A11	Sample 11	2	1	6	57710	36.96	1.34
A11	Sample 11	2	1	7	62710	36.96	1.34
A11	Sample 11	2	1	8	67710	37	1.34
A11	Sample 11	2	1	9	72710	37	1.33
A11	Sample 11	2	1	10	77720	37	1.33
A11	Sample 11	2	1	11	82710	36.96	1.34
A11	Sample 11	2	1	12	87710	37	1.33
A11	Sample 11	2	1	13	92710	37	1.33
A11	Sample 11	2	1	14	97710	36.96	1.33
A11	Sample 11	2	1	15	102710	37	1.34
A12	Sample 12	2	1	1	32770	36.91	1.24
A12	Sample 12	2	1	2	37710	36.96	1.23
A12	Sample 12	2	1	3	42710	36.96	1.21
A12	Sample 12	2	1	4	47710	36.96	1.21
A12	Sample 12	2	1	5	52710	37	1.21
A12	Sample 12	2	1	6	57710	36.96	1.21
A12	Sample 12	2	1	7	62710	36.96	1.21
A12	Sample 12	2	1	8	67710	37	1.20
A12	Sample 12	2	1	9	72710	37	1.21
A12	Sample 12	2	1	10	77720	37	1.20
A12	Sample 12	2	1	11	82710	36.96	1.21
A12	Sample 12	2	1	12	87710	37	1.20
A12	Sample 12	2	1	13	92710	37	1.20
A12	Sample 12	2	1	14	97710	36.96	1.20
A12	Sample 12	2	1	15	102710	37	1.20
B1	Sample 13	2	1	1	32770	36.91	1.24
B1	Sample 13	2	1	2	37710	36.96	1.40
B1	Sample 13	2	1	3	42710	36.96	1.57
B1	Sample 13	2	1	4	47710	36.96	1.70
B1	Sample 13	2	1	5	52710	37	1.60
B1	Sample 13	2	1	6	57710	36.96	1.50
B1	Sample 13	2	1	7	62710	36.96	1.38
B1	Sample 13	2	1	8	67710	37	1.23
B1	Sample 13	2	1	9	72710	37	1.12
B1	Sample 13	2	1	10	77720	37	0.99
B1	Sample 13	2	1	11	82710	36.96	0.89
B1	Sample 13	2	1	12	87710	37	0.81
B1	Sample 13	2	1	13	92710	37	0.75
B1	Sample 13	2	1	14	97710	36.96	0.69
B1	Sample 13	2	1	15	102710	37	0.65
B2	Sample 14	2	1	1	32770	36.91	0.67
B2	Sample 14	2	1	2	37710	36.96	0.66
B2	Sample 14	2	1	3	42710	36.96	0.65
B2	Sample 14	2	1	4	47710	36.96	0.65
B2	Sample 14	2	1	5	52710	37	0.64
B2	Sample 14	2	1	6	57710	36.96	0.64
B2	Sample 14	2	1	7	62710	36.96	0.64
B2	Sample 14	2	1	8	67710	37	0.64
B2	Sample 14	2	1	9	72710	37	0.64
B2	Sample 14	2	1	10	77720	37	0.64
B2	Sample 14	2	1	11	82710	36.96	0.64
B2	Sample 14	2	1	12	87710	37	0.64
B2	Sample 14	2	1	13	92710	37	0.64
B2	Sample 14	2	1	14	97710	36.96	0.64
B2	Sample 14	2	1	15	102710	37	0.64
B3	Sample 15	2	1	1	32770	36.91	0.73
B3	Sample 15	2	1	2	37710	36.96	0.72
B3	Sample 15	2	1	3	42710	36.96	0.72
B3	Sample 15	2	1	4	47710	36.96	0.71
B3	Sample 15	2	1	5	52710	37	0.71
B3	Sample 15	2	1	6	57710	36.96	0.71
B3	Sample 15	2	1	7	62710	36.96	0.71
B3	Sample 15	2	1	8	67710	37	0.71
B3	Sample 15	2	1	9	72710	37	0.71
B3	Sample 15	2	1	10	77720	37	0.70
B3	Sample 15	2	1	11	82710	36.96	0.71
B3	Sample 15	2	1	12	87710	37	0.70
B3	Sample 15	2	1	13	92710	37	0.70
B3	Sample 15	2	1	14	97710	36.96	0.70
B3	Sample 15	2	1	15	102710	37	0.70
B4	Sample 16	2	1	1	32770	36.91	0.74
B4	Sample 16	2	1	2	37710	36.96	0.73
B4	Sample 16	2	1	3	42710	36.96	0.73
B4	Sample 16	2	1	4	47710	36.96	0.72
B4	Sample 16	2	1	5	52710	37	0.72
B4	Sample 16	2	1	6	57710	36.96	0.72
B4	Sample 16	2	1	7	62710	36.96	0.71
B4	Sample 16	2	1	8	67710	37	0.72
B4	Sample 16	2	1	9	72710	37	0.71
B4	Sample 16	2	1	10	77720	37	0.70
B4	Sample 16	2	1	11	82710	36.96	0.71
B4	Sample 16	2	1	12	87710	37	0.71
B4	Sample 16	2	1	13	92710	37	0.71
B4	Sample 16	2	1	14	97710	36.96	0.71
B4	Sample 16	2	1	15	102710	37	0.71
B5	Sample 17	2	1	1	32770	36.91	0.65
B5	Sample 17	2	1	2	37710	36.96	0.65
B5	Sample 17	2	1	3	42710	36.96	0.64
B5	Sample 17	2	1	4	47710	36.96	0.64
B5	Sample 17	2	1	5	52710	37	0.63
B5	Sample 17	2	1	6	57710	36.96	0.63
B5	Sample 17	2	1	7	62710	36.96	0.63
B5	Sample 17	2	1	8	67710	37	0.63
B5	Sample 17	2	1	9	72710	37	0.63
B5	Sample 17	2	1	10	77720	37	0.63
B5	Sample 17	2	1	11	82710	36.96	0.62
B5	Sample 17	2	1	12	87710	37	0.62
B5	Sample 17	2	1	13	92710	37	0.63
B5	Sample 17	2	1	14	97710	36.96	0.63
B5	Sample 17	2	1	15	102710	37	0.62
B6	Sample 18	2	1	1	32770	36.91	0.63
B6	Sample 18	2	1	2	37710	36.96	0.62
B6	Sample 18	2	1	3	42710	36.96	0.61
B6	Sample 18	2	1	4	47710	36.96	0.61
B6	Sample 18	2	1	5	52710	37	0.61
B6	Sample 18	2	1	6	57710	36.96	0.60
B6	Sample 18	2	1	7	62710	36.96	0.60
B6	Sample 18	2	1	8	67710	37	0.61
B6	Sample 18	2	1	9	72710	37	0.61
B6	Sample 18	2	1	10	77720	37	0.60
B6	Sample 18	2	1	11	82710	36.96	0.61
B6	Sample 18	2	1	12	87710	37	0.61
B6	Sample 18	2	1	13	92710	37	0.60
B6	Sample 18	2	1	14	97710	36.96	0.60
B6	Sample 18	2	1	15	102710	37	0.60
B7	Sample 19	2	1	1	32770	36.91	0.70
B7	Sample 19	2	1	2	37710	36.96	0.69
B7	Sample 19	2	1	3	42710	36.96	0.69
B7	Sample 19	2	1	4	47710	36.96	0.69
B7	Sample 19	2	1	5	52710	37	0.68
B7	Sample 19	2	1	6	57710	36.96	0.68
B7	Sample 19	2	1	7	62710	36.96	0.68
B7	Sample 19	2	1	8	67710	37	0.68
B7	Sample 19	2	1	9	72710	37	0.68
B7	Sample 19	2	1	10	77720	37	0.68
B7	Sample 19	2	1	11	82710	36.96	0.68
B7	Sample 19	2	1	12	87710	37	0.67
B7	Sample 19	2	1	13	92710	37	0.68
B7	Sample 19	2	1	14	97710	36.96	0.68
B7	Sample 19	2	1	15	102710	37	0.68
B8	Sample 20	2	1	1	32770	36.91	0.68
B8	Sample 20	2	1	2	37710	36.96	0.67
B8	Sample 20	2	1	3	42710	36.96	0.67
B8	Sample 20	2	1	4	47710	36.96	0.67
B8	Sample 20	2	1	5	52710	37	0.66
B8	Sample 20	2	1	6	57710	36.96	0.66
B8	Sample 20	2	1	7	62710	36.96	0.66
B8	Sample 20	2	1	8	67710	37	0.66
B8	Sample 20	2	1	9	72710	37	0.66
B8	Sample 20	2	1	10	77720	37	0.65
B8	Sample 20	2	1	11	82710	36.96	0.66
B8	Sample 20	2	1	12	87710	37	0.65
B8	Sample 20	2	1	13	92710	37	0.66
B8	Sample 20	2	1	14	97710	36.96	0.66
B8	Sample 20	2	1	15	102710	37	0.65
B9	Sample 21	2	1	1	32770	36.91	1.32
B9	Sample 21	2	1	2	37710	36.96	1.30
B9	Sample 21	2	1	3	42710	36.96	1.29
B9	Sample 21	2	1	4	47710	36.96	1.29
B9	Sample 21	2	1	5	52710	37	1.28
B9	Sample 21	2	1	6	57710	36.96	1.28
B9	Sample 21	2	1	7	62710	36.96	1.27
B9	Sample 21	2	1	8	67710	37	1.28
B9	Sample 21	2	1	9	72710	37	1.27
B9	Sample 21	2	1	10	77720	37	1.27
B9	Sample 21	2	1	11	82710	36.96	1.28
B9	Sample 21	2	1	12	87710	37	1.27
B9	Sample 21	2	1	13	92710	37	1.28
B9	Sample 21	2	1	14	97710	36.96	1.27
B9	Sample 21	2	1	15	102710	37	1.27
B10	Sample 22	2	1	1	32770	36.91	1.29
B10	Sample 22	2	1	2	37710	36.96	1.28
B10	Sample 22	2	1	3	42710	36.96	1.27
B10	Sample 22	2	1	4	47710	36.96	1.27
B10	Sample 22	2	1	5	52710	37	1.27
B10	Sample 22	2	1	6	57710	36.96	1.27
B10	Sample 22	2	1	7	62710	36.96	1.26
B10	Sample 22	2	1	8	67710	37	1.26
B10	Sample 22	2	1	9	72710	37	1.26
B10	Sample 22	2	1	10	77720	37	1.25
B10	Sample 22	2	1	11	82710	36.96	1.26
B10	Sample 22	2	1	12	87710	37	1.25
B10	Sample 22	2	1	13	92710	37	1.25
B10	Sample 22	2	1	14	97710	36.96	1.25
B10	Sample 22	2	1	15	102710	37	1.25
B11	Sample 23	2	1	1	32770	36.91	1.42
B11	Sample 23	2	1	2	37710	36.96	1.41
B11	Sample 23	2	1	3	42710	36.96	1.39
B11	Sample 23	2	1	4	47710	36.96	1.39
B11	Sample 23	2	1	5	52710	37	1.38
B11	Sample 23	2	1	6	57710	36.96	1.37
B11	Sample 23	2	1	7	62710	36.96	1.36
B11	Sample 23	2	1	8	67710	37	1.37
B11	Sample 23	2	1	9	72710	37	1.37
B11	Sample 23	2	1	10	77720	37	1.37
B11	Sample 23	2	1	11	82710	36.96	1.37
B11	Sample 23	2	1	12	87710	37	1.37
B11	Sample 23	2	1	13	92710	37	1.36
B11	Sample 23	2	1	14	97710	36.96	1.37
B11	Sample 23	2	1	15	102710	37	1.37
B12	Sample 24	2	1	1	32770	36.91	1.29
B12	Sample 24	2	1	2	37710	36.96	1.29
B12	Sample 24	2	1	3	42710	36.96	1.28
B12	Sample 24	2	1	4	47710	36.96	1.27
B12	Sample 24	2	1	5	52710	37	1.26
B12	Sample 24	2	1	6	57710	36.96	1.26
B12	Sample 24	2	1	7	62710	36.96	1.26
B12	Sample 24	2	1	8	67710	37	1.25
B12	Sample 24	2	1	9	72710	37	1.25
B12	Sample 24	2	1	10	77720	37	1.25
B12	Sample 24	2	1	11	82710	36.96	1.26
B12	Sample 24	2	1	12	87710	37	1.26
B12	Sample 24	2	1	13	92710	37	1.25
B12	Sample 24	2	1	14	97710	36.96	1.25
B12	Sample 24	2	1	15	102710	37	1.25
C1	Sample 25	2	1	1	32770	36.91	0.69
C1	Sample 25	2	1	2	37710	36.96	0.67
C1	Sample 25	2	1	3	42710	36.96	0.67
C1	Sample 25	2	1	4	47710	36.96	0.66
C1	Sample 25	2	1	5	52710	37	0.66
C1	Sample 25	2	1	6	57710	36.96	0.66
C1	Sample 25	2	1	7	62710	36.96	0.66
C1	Sample 25	2	1	8	67710	37	0.66
C1	Sample 25	2	1	9	72710	37	0.65
C1	Sample 25	2	1	10	77720	37	0.66
C1	Sample 25	2	1	11	82710	36.96	0.66
C1	Sample 25	2	1	12	87710	37	0.65
C1	Sample 25	2	1	13	92710	37	0.66
C1	Sample 25	2	1	14	97710	36.96	0.66
C1	Sample 25	2	1	15	102710	37	0.66
C2	Sample 26	2	1	1	32770	36.91	0.70
C2	Sample 26	2	1	2	37710	36.96	0.68
C2	Sample 26	2	1	3	42710	36.96	0.69
C2	Sample 26	2	1	4	47710	36.96	0.68
C2	Sample 26	2	1	5	52710	37	0.68
C2	Sample 26	2	1	6	57710	36.96	0.68
C2	Sample 26	2	1	7	62710	36.96	0.68
C2	Sample 26	2	1	8	67710	37	0.68
C2	Sample 26	2	1	9	72710	37	0.67
C2	Sample 26	2	1	10	77720	37	0.68
C2	Sample 26	2	1	11	82710	36.96	0.67
C2	Sample 26	2	1	12	87710	37	0.68
C2	Sample 26	2	1	13	92710	37	0.68
C2	Sample 26	2	1	14	97710	36.96	0.68
C2	Sample 26	2	1	15	102710	37	0.68
C3	Sample 27	2	1	1	32770	36.91	0.73
C3	Sample 27	2	1	2	37710	36.96	0.72
C3	Sample 27	2	1	3	42710	36.96	0.72
C3	Sample 27	2	1	4	47710	36.96	0.71
C3	Sample 27	2	1	5	52710	37	0.72
C3	Sample 27	2	1	6	57710	36.96	0.71
C3	Sample 27	2	1	7	62710	36.96	0.71
C3	Sample 27	2	1	8	67710	37	0.70
C3	Sample 27	2	1	9	72710	37	0.71
C3	Sample 27	2	1	10	77720	37	0.71
C3	Sample 27	2	1	11	82710	36.96	0.71
C3	Sample 27	2	1	12	87710	37	0.71
C3	Sample 27	2	1	13	92710	37	0.71
C3	Sample 27	2	1	14	97710	36.96	0.71
C3	Sample 27	2	1	15	102710	37	0.71
C4	Sample 28	2	1	1	32770	36.91	0.74
C4	Sample 28	2	1	2	37710	36.96	0.72
C4	Sample 28	2	1	3	42710	36.96	0.73
C4	Sample 28	2	1	4	47710	36.96	0.72
C4	Sample 28	2	1	5	52710	37	0.73
C4	Sample 28	2	1	6	57710	36.96	0.72
C4	Sample 28	2	1	7	62710	36.96	0.72
C4	Sample 28	2	1	8	67710	37	0.72
C4	Sample 28	2	1	9	72710	37	0.72
C4	Sample 28	2	1	10	77720	37	0.72
C4	Sample 28	2	1	11	82710	36.96	0.72
C4	Sample 28	2	1	12	87710	37	0.72
C4	Sample 28	2	1	13	92710	37	0.72
C4	Sample 28	2	1	14	97710	36.96	0.72
C4	Sample 28	2	1	15	102710	37	0.72
C5	Sample 29	2	1	1	32770	36.91	0.63
C5	Sample 29	2	1	2	37710	36.96	0.61
C5	Sample 29	2	1	3	42710	36.96	0.61
C5	Sample 29	2	1	4	47710	36.96	0.61
C5	Sample 29	2	1	5	52710	37	0.61
C5	Sample 29	2	1	6	57710	36.96	0.61
C5	Sample 29	2	1	7	62710	36.96	0.61
C5	Sample 29	2	1	8	67710	37	0.61
C5	Sample 29	2	1	9	72710	37	0.60
C5	Sample 29	2	1	10	77720	37	0.61
C5	Sample 29	2	1	11	82710	36.96	0.61
C5	Sample 29	2	1	12	87710	37	0.60
C5	Sample 29	2	1	13	92710	37	0.60
C5	Sample 29	2	1	14	97710	36.96	0.60
C5	Sample 29	2	1	15	102710	37	0.60
C6	Sample 30	2	1	1	32770	36.91	0.68
C6	Sample 30	2	1	2	37710	36.96	0.67
C6	Sample 30	2	1	3	42710	36.96	0.66
C6	Sample 30	2	1	4	47710	36.96	0.66
C6	Sample 30	2	1	5	52710	37	0.66
C6	Sample 30	2	1	6	57710	36.96	0.66
C6	Sample 30	2	1	7	62710	36.96	0.66
C6	Sample 30	2	1	8	67710	37	0.66
C6	Sample 30	2	1	9	72710	37	0.65
C6	Sample 30	2	1	10	77720	37	0.65
C6	Sample 30	2	1	11	82710	36.96	0.65
C6	Sample 30	2	1	12	87710	37	0.65
C6	Sample 30	2	1	13	92710	37	0.66
C6	Sample 30	2	1	14	97710	36.96	0.66
C6	Sample 30	2	1	15	102710	37	0.66
C7	Sample 31	2	1	1	32770	36.91	0.69
C7	Sample 31	2	1	2	37710	36.96	0.68
C7	Sample 31	2	1	3	42710	36.96	0.68
C7	Sample 31	2	1	4	47710	36.96	0.67
C7	Sample 31	2	1	5	52710	37	0.67
C7	Sample 31	2	1	6	57710	36.96	0.67
C7	Sample 31	2	1	7	62710	36.96	0.67
C7	Sample 31	2	1	8	67710	37	0.67
C7	Sample 31	2	1	9	72710	37	0.66
C7	Sample 31	2	1	10	77720	37	0.67
C7	Sample 31	2	1	11	82710	36.96	0.67
C7	Sample 31	2	1	12	87710	37	0.66
C7	Sample 31	2	1	13	92710	37	0.67
C7	Sample 31	2	1	14	97710	36.96	0.67
C7	Sample 31	2	1	15	102710	37	0.68
C8	Sample 32	2	1	1	32770	36.91	0.63
C8	Sample 32	2	1	2	37710	36.96	0.62
C8	Sample 32	2	1	3	42710	36.96	0.62
C8	Sample 32	2	1	4	47710	36.96	0.61
C8	Sample 32	2	1	5	52710	37	0.61
C8	Sample 32	2	1	6	57710	36.96	0.61
C8	Sample 32	2	1	7	62710	36.96	0.61
C8	Sample 32	2	1	8	67710	37	0.62
C8	Sample 32	2	1	9	72710	37	0.61
C8	Sample 32	2	1	10	77720	37	0.61
C8	Sample 32	2	1	11	82710	36.96	0.61
C8	Sample 32	2	1	12	87710	37	0.61
C8	Sample 32	2	1	13	92710	37	0.61
C8	Sample 32	2	1	14	97710	36.96	0.61
C8	Sample 32	2	1	15	102710	37	0.62
C9	Sample 33	2	1	1	32770	36.91	1.34
C9	Sample 33	2	1	2	37710	36.96	1.31
C9	Sample 33	2	1	3	42710	36.96	1.31
C9	Sample 33	2	1	4	47710	36.96	1.30
C9	Sample 33	2	1	5	52710	37	1.29
C9	Sample 33	2	1	6	57710	36.96	1.29
C9	Sample 33	2	1	7	62710	36.96	1.29
C9	Sample 33	2	1	8	67710	37	1.28
C9	Sample 33	2	1	9	72710	37	1.28
C9	Sample 33	2	1	10	77720	37	1.29
C9	Sample 33	2	1	11	82710	36.96	1.29
C9	Sample 33	2	1	12	87710	37	1.28
C9	Sample 33	2	1	13	92710	37	1.29
C9	Sample 33	2	1	14	97710	36.96	1.29
C9	Sample 33	2	1	15	102710	37	1.29
C10	Sample 34	2	1	1	32770	36.91	1.28
C10	Sample 34	2	1	2	37710	36.96	1.26
C10	Sample 34	2	1	3	42710	36.96	1.25
C10	Sample 34	2	1	4	47710	36.96	1.24
C10	Sample 34	2	1	5	52710	37	1.23
C10	Sample 34	2	1	6	57710	36.96	1.23
C10	Sample 34	2	1	7	62710	36.96	1.23
C10	Sample 34	2	1	8	67710	37	1.23
C10	Sample 34	2	1	9	72710	37	1.23
C10	Sample 34	2	1	10	77720	37	1.23
C10	Sample 34	2	1	11	82710	36.96	1.23
C10	Sample 34	2	1	12	87710	37	1.23
C10	Sample 34	2	1	13	92710	37	1.23
C10	Sample 34	2	1	14	97710	36.96	1.23
C10	Sample 34	2	1	15	102710	37	1.23
C11	Sample 35	2	1	1	32770	36.91	1.33
C11	Sample 35	2	1	2	37710	36.96	1.31
C11	Sample 35	2	1	3	42710	36.96	1.30
C11	Sample 35	2	1	4	47710	36.96	1.30
C11	Sample 35	2	1	5	52710	37	1.29
C11	Sample 35	2	1	6	57710	36.96	1.28
C11	Sample 35	2	1	7	62710	36.96	1.29
C11	Sample 35	2	1	8	67710	37	1.28
C11	Sample 35	2	1	9	72710	37	1.28
C11	Sample 35	2	1	10	77720	37	1.28
C11	Sample 35	2	1	11	82710	36.96	1.28
C11	Sample 35	2	1	12	87710	37	1.28
C11	Sample 35	2	1	13	92710	37	1.28
C11	Sample 35	2	1	14	97710	36.96	1.27
C11	Sample 35	2	1	15	102710	37	1.29
C12	Sample 36	2	1	1	32770	36.91	1.30
C12	Sample 36	2	1	2	37710	36.96	1.28
C12	Sample 36	2	1	3	42710	36.96	1.26
C12	Sample 36	2	1	4	47710	36.96	1.26
C12	Sample 36	2	1	5	52710	37	1.25
C12	Sample 36	2	1	6	57710	36.96	1.25
C12	Sample 36	2	1	7	62710	36.96	1.25
C12	Sample 36	2	1	8	67710	37	1.25
C12	Sample 36	2	1	9	72710	37	1.24
C12	Sample 36	2	1	10	77720	37	1.25
C12	Sample 36	2	1	11	82710	36.96	1.25
C12	Sample 36	2	1	12	87710	37	1.24
C12	Sample 36	2	1	13	92710	37	1.25
C12	Sample 36	2	1	14	97710	36.96	1.25
C12	Sample 36	2	1	15	102710	37	1.25
D1	Sample 37	2	1	1	32770	36.91	0.71
D1	Sample 37	2	1	2	37710	36.96	0.69
D1	Sample 37	2	1	3	42710	36.96	0.70
D1	Sample 37	2	1	4	47710	36.96	0.69
D1	Sample 37	2	1	5	52710	37	0.69
D1	Sample 37	2	1	6	57710	36.96	0.69
D1	Sample 37	2	1	7	62710	36.96	0.68
D1	Sample 37	2	1	8	67710	37	0.68
D1	Sample 37	2	1	9	72710	37	0.68
D1	Sample 37	2	1	10	77720	37	0.68
D1	Sample 37	2	1	11	82710	36.96	0.68
D1	Sample 37	2	1	12	87710	37	0.68
D1	Sample 37	2	1	13	92710	37	0.68
D1	Sample 37	2	1	14	97710	36.96	0.68
D1	Sample 37	2	1	15	102710	37	0.68
D2	Sample 38	2	1	1	32770	36.91	0.70
D2	Sample 38	2	1	2	37710	36.96	0.69
D2	Sample 38	2	1	3	42710	36.96	0.68
D2	Sample 38	2	1	4	47710	36.96	0.68
D2	Sample 38	2	1	5	52710	37	0.67
D2	Sample 38	2	1	6	57710	36.96	0.68
D2	Sample 38	2	1	7	62710	36.96	0.67
D2	Sample 38	2	1	8	67710	37	0.67
D2	Sample 38	2	1	9	72710	37	0.67
D2	Sample 38	2	1	10	77720	37	0.67
D2	Sample 38	2	1	11	82710	36.96	0.68
D2	Sample 38	2	1	12	87710	37	0.67
D2	Sample 38	2	1	13	92710	37	0.67
D2	Sample 38	2	1	14	97710	36.96	0.67
D2	Sample 38	2	1	15	102710	37	0.67
D3	Sample 39	2	1	1	32770	36.91	0.77
D3	Sample 39	2	1	2	37710	36.96	0.76
D3	Sample 39	2	1	3	42710	36.96	0.76
D3	Sample 39	2	1	4	47710	36.96	0.76
D3	Sample 39	2	1	5	52710	37	0.75
D3	Sample 39	2	1	6	57710	36.96	0.76
D3	Sample 39	2	1	7	62710	36.96	0.74
D3	Sample 39	2	1	8	67710	37	0.74
D3	Sample 39	2	1	9	72710	37	0.75
D3	Sample 39	2	1	10	77720	37	0.74
D3	Sample 39	2	1	11	82710	36.96	0.75
D3	Sample 39	2	1	12	87710	37	0.74
D3	Sample 39	2	1	13	92710	37	0.75
D3	Sample 39	2	1	14	97710	36.96	0.74
D3	Sample 39	2	1	15	102710	37	0.74
D4	Sample 40	2	1	1	32770	36.91	0.77
D4	Sample 40	2	1	2	37710	36.96	0.76
D4	Sample 40	2	1	3	42710	36.96	0.76
D4	Sample 40	2	1	4	47710	36.96	0.75
D4	Sample 40	2	1	5	52710	37	0.74
D4	Sample 40	2	1	6	57710	36.96	0.75
D4	Sample 40	2	1	7	62710	36.96	0.74
D4	Sample 40	2	1	8	67710	37	0.74
D4	Sample 40	2	1	9	72710	37	0.74
D4	Sample 40	2	1	10	77720	37	0.75
D4	Sample 40	2	1	11	82710	36.96	0.75
D4	Sample 40	2	1	12	87710	37	0.74
D4	Sample 40	2	1	13	92710	37	0.75
D4	Sample 40	2	1	14	97710	36.96	0.74
D4	Sample 40	2	1	15	102710	37	0.74
D5	Sample 41	2	1	1	32770	36.91	0.63
D5	Sample 41	2	1	2	37710	36.96	0.62
D5	Sample 41	2	1	3	42710	36.96	0.62
D5	Sample 41	2	1	4	47710	36.96	0.62
D5	Sample 41	2	1	5	52710	37	0.61
D5	Sample 41	2	1	6	57710	36.96	0.61
D5	Sample 41	2	1	7	62710	36.96	0.61
D5	Sample 41	2	1	8	67710	37	0.60
D5	Sample 41	2	1	9	72710	37	0.61
D5	Sample 41	2	1	10	77720	37	0.60
D5	Sample 41	2	1	11	82710	36.96	0.60
D5	Sample 41	2	1	12	87710	37	0.60
D5	Sample 41	2	1	13	92710	37	0.60
D5	Sample 41	2	1	14	97710	36.96	0.61
D5	Sample 41	2	1	15	102710	37	0.60
D6	Sample 42	2	1	1	32770	36.91	0.63
D6	Sample 42	2	1	2	37710	36.96	0.62
D6	Sample 42	2	1	3	42710	36.96	0.62
D6	Sample 42	2	1	4	47710	36.96	0.62
D6	Sample 42	2	1	5	52710	37	0.62
D6	Sample 42	2	1	6	57710	36.96	0.61
D6	Sample 42	2	1	7	62710	36.96	0.61
D6	Sample 42	2	1	8	67710	37	0.61
D6	Sample 42	2	1	9	72710	37	0.61
D6	Sample 42	2	1	10	77720	37	0.61
D6	Sample 42	2	1	11	82710	36.96	0.61
D6	Sample 42	2	1	12	87710	37	0.61
D6	Sample 42	2	1	13	92710	37	0.61
D6	Sample 42	2	1	14	97710	36.96	0.61
D6	Sample 42	2	1	15	102710	37	0.61
D7	Sample 43	2	1	1	32770	36.91	0.70
D7	Sample 43	2	1	2	37710	36.96	0.69
D7	Sample 43	2	1	3	42710	36.96	0.69
D7	Sample 43	2	1	4	47710	36.96	0.68
D7	Sample 43	2	1	5	52710	37	0.68
D7	Sample 43	2	1	6	57710	36.96	0.68
D7	Sample 43	2	1	7	62710	36.96	0.68
D7	Sample 43	2	1	8	67710	37	0.68
D7	Sample 43	2	1	9	72710	37	0.68
D7	Sample 43	2	1	10	77720	37	0.68
D7	Sample 43	2	1	11	82710	36.96	0.67
D7	Sample 43	2	1	12	87710	37	0.67
D7	Sample 43	2	1	13	92710	37	0.68
D7	Sample 43	2	1	14	97710	36.96	0.67
D7	Sample 43	2	1	15	102710	37	0.67
D8	Sample 44	2	1	1	32770	36.91	0.68
D8	Sample 44	2	1	2	37710	36.96	0.67
D8	Sample 44	2	1	3	42710	36.96	0.67
D8	Sample 44	2	1	4	47710	36.96	0.66
D8	Sample 44	2	1	5	52710	37	0.66
D8	Sample 44	2	1	6	57710	36.96	0.66
D8	Sample 44	2	1	7	62710	36.96	0.66
D8	Sample 44	2	1	8	67710	37	0.66
D8	Sample 44	2	1	9	72710	37	0.66
D8	Sample 44	2	1	10	77720	37	0.66
D8	Sample 44	2	1	11	82710	36.96	0.66
D8	Sample 44	2	1	12	87710	37	0.66
D8	Sample 44	2	1	13	92710	37	0.66
D8	Sample 44	2	1	14	97710	36.96	0.65
D8	Sample 44	2	1	15	102710	37	0.66
D9	Sample 45	2	1	1	32770	36.91	1.33
D9	Sample 45	2	1	2	37710	36.96	1.30
D9	Sample 45	2	1	3	42710	36.96	1.30
D9	Sample 45	2	1	4	47710	36.96	1.29
D9	Sample 45	2	1	5	52710	37	1.28
D9	Sample 45	2	1	6	57710	36.96	1.28
D9	Sample 45	2	1	7	62710	36.96	1.27
D9	Sample 45	2	1	8	67710	37	1.27
D9	Sample 45	2	1	9	72710	37	1.28
D9	Sample 45	2	1	10	77720	37	1.27
D9	Sample 45	2	1	11	82710	36.96	1.27
D9	Sample 45	2	1	12	87710	37	1.27
D9	Sample 45	2	1	13	92710	37	1.27
D9	Sample 45	2	1	14	97710	36.96	1.28
D9	Sample 45	2	1	15	102710	37	1.28
D10	Sample 46	2	1	1	32770	36.91	1.30
D10	Sample 46	2	1	2	37710	36.96	1.27
D10	Sample 46	2	1	3	42710	36.96	1.26
D10	Sample 46	2	1	4	47710	36.96	1.26
D10	Sample 46	2	1	5	52710	37	1.24
D10	Sample 46	2	1	6	57710	36.96	1.25
D10	Sample 46	2	1	7	62710	36.96	1.24
D10	Sample 46	2	1	8	67710	37	1.23
D10	Sample 46	2	1	9	72710	37	1.24
D10	Sample 46	2	1	10	77720	37	1.24
D10	Sample 46	2	1	11	82710	36.96	1.24
D10	Sample 46	2	1	12	87710	37	1.23
D10	Sample 46	2	1	13	92710	37	1.23
D10	Sample 46	2	1	14	97710	36.96	1.23
D10	Sample 46	2	1	15	102710	37	1.23
D11	Sample 47	2	1	1	32770	36.91	1.46
D11	Sample 47	2	1	2	37710	36.96	1.44
D11	Sample 47	2	1	3	42710	36.96	1.44
D11	Sample 47	2	1	4	47710	36.96	1.43
D11	Sample 47	2	1	5	52710	37	1.41
D11	Sample 47	2	1	6	57710	36.96	1.41
D11	Sample 47	2	1	7	62710	36.96	1.41
D11	Sample 47	2	1	8	67710	37	1.40
D11	Sample 47	2	1	9	72710	37	1.41
D11	Sample 47	2	1	10	77720	37	1.41
D11	Sample 47	2	1	11	82710	36.96	1.40
D11	Sample 47	2	1	12	87710	37	1.41
D11	Sample 47	2	1	13	92710	37	1.41
D11	Sample 47	2	1	14	97710	36.96	1.41
D11	Sample 47	2	1	15	102710	37	1.41
D12	Sample 48	2	1	1	32770	36.91	1.36
D12	Sample 48	2	1	2	37710	36.96	1.34
D12	Sample 48	2	1	3	42710	36.96	1.34
D12	Sample 48	2	1	4	47710	36.96	1.32
D12	Sample 48	2	1	5	52710	37	1.31
D12	Sample 48	2	1	6	57710	36.96	1.32
D12	Sample 48	2	1	7	62710	36.96	1.32
D12	Sample 48	2	1	8	67710	37	1.31
D12	Sample 48	2	1	9	72710	37	1.31
D12	Sample 48	2	1	10	77720	37	1.31
D12	Sample 48	2	1	11	82710	36.96	1.31
D12	Sample 48	2	1	12	87710	37	1.30
D12	Sample 48	2	1	13	92710	37	1.31
D12	Sample 48	2	1	14	97710	36.96	1.30
D12	Sample 48	2	1	15	102710	37	1.31
E1	Sample 49	2	1	1	32770	36.91	0.75
E1	Sample 49	2	1	2	37710	36.96	0.73
E1	Sample 49	2	1	3	42710	36.96	0.73
E1	Sample 49	2	1	4	47710	36.96	0.73
E1	Sample 49	2	1	5	52710	37	0.72
E1	Sample 49	2	1	6	57710	36.96	0.72
E1	Sample 49	2	1	7	62710	36.96	0.72
E1	Sample 49	2	1	8	67710	37	0.72
E1	Sample 49	2	1	9	72710	37	0.71
E1	Sample 49	2	1	10	77720	37	0.72
E1	Sample 49	2	1	11	82710	36.96	0.72
E1	Sample 49	2	1	12	87710	37	0.71
E1	Sample 49	2	1	13	92710	37	0.72
E1	Sample 49	2	1	14	97710	36.96	0.72
E1	Sample 49	2	1	15	102710	37	0.71
E2	Sample 50	2	1	1	32770	36.91	0.71
E2	Sample 50	2	1	2	37710	36.96	0.71
E2	Sample 50	2	1	3	42710	36.96	0.70
E2	Sample 50	2	1	4	47710	36.96	0.70
E2	Sample 50	2	1	5	52710	37	0.69
E2	Sample 50	2	1	6	57710	36.96	0.69
E2	Sample 50	2	1	7	62710	36.96	0.69
E2	Sample 50	2	1	8	67710	37	0.69
E2	Sample 50	2	1	9	72710	37	0.69
E2	Sample 50	2	1	10	77720	37	0.69
E2	Sample 50	2	1	11	82710	36.96	0.69
E2	Sample 50	2	1	12	87710	37	0.69
E2	Sample 50	2	1	13	92710	37	0.69
E2	Sample 50	2	1	14	97710	36.96	0.69
E2	Sample 50	2	1	15	102710	37	0.69
E3	Sample 51	2	1	1	32770	36.91	0.85
E3	Sample 51	2	1	2	37710	36.96	0.83
E3	Sample 51	2	1	3	42710	36.96	0.83
E3	Sample 51	2	1	4	47710	36.96	0.83
E3	Sample 51	2	1	5	52710	37	0.82
E3	Sample 51	2	1	6	57710	36.96	0.82
E3	Sample 51	2	1	7	62710	36.96	0.82
E3	Sample 51	2	1	8	67710	37	0.82
E3	Sample 51	2	1	9	72710	37	0.82
E3	Sample 51	2	1	10	77720	37	0.82
E3	Sample 51	2	1	11	82710	36.96	0.81
E3	Sample 51	2	1	12	87710	37	0.81
E3	Sample 51	2	1	13	92710	37	0.82
E3	Sample 51	2	1	14	97710	36.96	0.82
E3	Sample 51	2	1	15	102710	37	0.82
E4	Sample 52	2	1	1	32770	36.91	0.83
E4	Sample 52	2	1	2	37710	36.96	0.81
E4	Sample 52	2	1	3	42710	36.96	0.81
E4	Sample 52	2	1	4	47710	36.96	0.80
E4	Sample 52	2	1	5	52710	37	0.80
E4	Sample 52	2	1	6	57710	36.96	0.80
E4	Sample 52	2	1	7	62710	36.96	0.80
E4	Sample 52	2	1	8	67710	37	0.80
E4	Sample 52	2	1	9	72710	37	0.80
E4	Sample 52	2	1	10	77720	37	0.79
E4	Sample 52	2	1	11	82710	36.96	0.79
E4	Sample 52	2	1	12	87710	37	0.79
E4	Sample 52	2	1	13	92710	37	0.80
E4	Sample 52	2	1	14	97710	36.96	0.79
E4	Sample 52	2	1	15	102710	37	0.80
E5	Sample 53	2	1	1	32770	36.91	0.75
E5	Sample 53	2	1	2	37710	36.96	0.74
E5	Sample 53	2	1	3	42710	36.96	0.75
E5	Sample 53	2	1	4	47710	36.96	0.74
E5	Sample 53	2	1	5	52710	37	0.73
E5	Sample 53	2	1	6	57710	36.96	0.73
E5	Sample 53	2	1	7	62710	36.96	0.73
E5	Sample 53	2	1	8	67710	37	0.73
E5	Sample 53	2	1	9	72710	37	0.73
E5	Sample 53	2	1	10	77720	37	0.73
E5	Sample 53	2	1	11	82710	36.96	0.73
E5	Sample 53	2	1	12	87710	37	0.73
E5	Sample 53	2	1	13	92710	37	0.73
E5	Sample 53	2	1	14	97710	36.96	0.73
E5	Sample 53	2	1	15	102710	37	0.73
E6	Sample 54	2	1	1	32770	36.91	0.73
E6	Sample 54	2	1	2	37710	36.96	0.72
E6	Sample 54	2	1	3	42710	36.96	0.72
E6	Sample 54	2	1	4	47710	36.96	0.72
E6	Sample 54	2	1	5	52710	37	0.71
E6	Sample 54	2	1	6	57710	36.96	0.72
E6	Sample 54	2	1	7	62710	36.96	0.71
E6	Sample 54	2	1	8	67710	37	0.72
E6	Sample 54	2	1	9	72710	37	0.72
E6	Sample 54	2	1	10	77720	37	0.71
E6	Sample 54	2	1	11	82710	36.96	0.71
E6	Sample 54	2	1	12	87710	37	0.72
E6	Sample 54	2	1	13	92710	37	0.72
E6	Sample 54	2	1	14	97710	36.96	0.72
E6	Sample 54	2	1	15	102710	37	0.71
E7	Sample 55	2	1	1	32770	36.91	1.39
E7	Sample 55	2	1	2	37710	36.96	1.37
E7	Sample 55	2	1	3	42710	36.96	1.37
E7	Sample 55	2	1	4	47710	36.96	1.36
E7	Sample 55	2	1	5	52710	37	1.35
E7	Sample 55	2	1	6	57710	36.96	1.35
E7	Sample 55	2	1	7	62710	36.96	1.35
E7	Sample 55	2	1	8	67710	37	1.35
E7	Sample 55	2	1	9	72710	37	1.36
E7	Sample 55	2	1	10	77720	37	1.35
E7	Sample 55	2	1	11	82710	36.96	1.35
E7	Sample 55	2	1	12	87710	37	1.35
E7	Sample 55	2	1	13	92710	37	1.35
E7	Sample 55	2	1	14	97710	36.96	1.34
E7	Sample 55	2	1	15	102710	37	1.35
E8	Sample 56	2	1	1	32770	36.91	1.31
E8	Sample 56	2	1	2	37710	36.96	1.29
E8	Sample 56	2	1	3	42710	36.96	1.29
E8	Sample 56	2	1	4	47710	36.96	1.29
E8	Sample 56	2	1	5	52710	37	1.28
E8	Sample 56	2	1	6	57710	36.96	1.28
E8	Sample 56	2	1	7	62710	36.96	1.27
E8	Sample 56	2	1	8	67710	37	1.28
E8	Sample 56	2	1	9	72710	37	1.28
E8	Sample 56	2	1	10	77720	37	1.27
E8	Sample 56	2	1	11	82710	36.96	1.27
E8	Sample 56	2	1	12	87710	37	1.27
E8	Sample 56	2	1	13	92710	37	1.28
E8	Sample 56	2	1	14	97710	36.96	1.28
E8	Sample 56	2	1	15	102710	37	1.27
E9	Sample 57	2	1	1	32770	36.91	1.35
E9	Sample 57	2	1	2	37710	36.96	1.33
E9	Sample 57	2	1	3	42710	36.96	1.33
E9	Sample 57	2	1	4	47710	36.96	1.32
E9	Sample 57	2	1	5	52710	37	1.31
E9	Sample 57	2	1	6	57710	36.96	1.31
E9	Sample 57	2	1	7	62710	36.96	1.31
E9	Sample 57	2	1	8	67710	37	1.31
E9	Sample 57	2	1	9	72710	37	1.30
E9	Sample 57	2	1	10	77720	37	1.30
E9	Sample 57	2	1	11	82710	36.96	1.30
E9	Sample 57	2	1	12	87710	37	1.30
E9	Sample 57	2	1	13	92710	37	1.31
E9	Sample 57	2	1	14	97710	36.96	1.31
E9	Sample 57	2	1	15	102710	37	1.30
E10	Sample 58	2	1	1	32770	36.91	1.33
E10	Sample 58	2	1	2	37710	36.96	1.31
E10	Sample 58	2	1	3	42710	36.96	1.30
E10	Sample 58	2	1	4	47710	36.96	1.30
E10	Sample 58	2	1	5	52710	37	1.29
E10	Sample 58	2	1	6	57710	36.96	1.29
E10	Sample 58	2	1	7	62710	36.96	1.29
E10	Sample 58	2	1	8	67710	37	1.29
E10	Sample 58	2	1	9	72710	37	1.29
E10	Sample 58	2	1	10	77720	37	1.28
E10	Sample 58	2	1	11	82710	36.96	1.28
E10	Sample 58	2	1	12	87710	37	1.27
E10	Sample 58	2	1	13	92710	37	1.28
E10	Sample 58	2	1	14	97710	36.96	1.27
E10	Sample 58	2	1	15	102710	37	1.28
E11	Sample 59	2	1	1	32770	36.91	2.69
E11	Sample 59	2	1	2	37710	36.96	2.67
E11	Sample 59	2	1	3	42710	36.96	2.65
E11	Sample 59	2	1	4	47710	36.96	2.64
E11	Sample 59	2	1	5	52710	37	2.63
E11	Sample 59	2	1	6	57710	36.96	2.62
E11	Sample 59	2	1	7	62710	36.96	2.62
E11	Sample 59	2	1	8	67710	37	2.62
E11	Sample 59	2	1	9	72710	37	2.61
E11	Sample 59	2	1	10	77720	37	2.61
E11	Sample 59	2	1	11	82710	36.96	2.61
E11	Sample 59	2	1	12	87710	37	2.60
E11	Sample 59	2	1	13	92710	37	2.60
E11	Sample 59	2	1	14	97710	36.96	2.61
E11	Sample 59	2	1	15	102710	37	2.61
E12	Sample 60	2	1	1	32770	36.91	2.58
E12	Sample 60	2	1	2	37710	36.96	2.56
E12	Sample 60	2	1	3	42710	36.96	2.54
E12	Sample 60	2	1	4	47710	36.96	2.53
E12	Sample 60	2	1	5	52710	37	2.52
E12	Sample 60	2	1	6	57710	36.96	2.51
E12	Sample 60	2	1	7	62710	36.96	2.50
E12	Sample 60	2	1	8	67710	37	2.50
E12	Sample 60	2	1	9	72710	37	2.49
E12	Sample 60	2	1	10	77720	37	2.49
E12	Sample 60	2	1	11	82710	36.96	2.49
E12	Sample 60	2	1	12	87710	37	2.49
E12	Sample 60	2	1	13	92710	37	2.49
E12	Sample 60	2	1	14	97710	36.96	2.49
E12	Sample 60	2	1	15	102710	37	2.50
F1	Sample 61	2	1	1	32770	36.91	0.82
F1	Sample 61	2	1	2	37710	36.96	0.81
F1	Sample 61	2	1	3	42710	36.96	0.80
F1	Sample 61	2	1	4	47710	36.96	0.80
F1	Sample 61	2	1	5	52710	37	0.80
F1	Sample 61	2	1	6	57710	36.96	0.80
F1	Sample 61	2	1	7	62710	36.96	0.79
F1	Sample 61	2	1	8	67710	37	0.79
F1	Sample 61	2	1	9	72710	37	0.80
F1	Sample 61	2	1	10	77720	37	0.79
F1	Sample 61	2	1	11	82710	36.96	0.79
F1	Sample 61	2	1	12	87710	37	0.78
F1	Sample 61	2	1	13	92710	37	0.79
F1	Sample 61	2	1	14	97710	36.96	0.78
F1	Sample 61	2	1	15	102710	37	0.79
F2	Sample 62	2	1	1	32770	36.91	0.82
F2	Sample 62	2	1	2	37710	36.96	0.81
F2	Sample 62	2	1	3	42710	36.96	0.80
F2	Sample 62	2	1	4	47710	36.96	0.80
F2	Sample 62	2	1	5	52710	37	0.79
F2	Sample 62	2	1	6	57710	36.96	0.80
F2	Sample 62	2	1	7	62710	36.96	0.79
F2	Sample 62	2	1	8	67710	37	0.80
F2	Sample 62	2	1	9	72710	37	0.80
F2	Sample 62	2	1	10	77720	37	0.80
F2	Sample 62	2	1	11	82710	36.96	0.79
F2	Sample 62	2	1	12	87710	37	0.79
F2	Sample 62	2	1	13	92710	37	0.79
F2	Sample 62	2	1	14	97710	36.96	0.79
F2	Sample 62	2	1	15	102710	37	0.79
F3	Sample 63	2	1	1	32770	36.91	0.89
F3	Sample 63	2	1	2	37710	36.96	0.88
F3	Sample 63	2	1	3	42710	36.96	0.87
F3	Sample 63	2	1	4	47710	36.96	0.87
F3	Sample 63	2	1	5	52710	37	0.87
F3	Sample 63	2	1	6	57710	36.96	0.87
F3	Sample 63	2	1	7	62710	36.96	0.86
F3	Sample 63	2	1	8	67710	37	0.87
F3	Sample 63	2	1	9	72710	37	0.87
F3	Sample 63	2	1	10	77720	37	0.86
F3	Sample 63	2	1	11	82710	36.96	0.86
F3	Sample 63	2	1	12	87710	37	0.86
F3	Sample 63	2	1	13	92710	37	0.86
F3	Sample 63	2	1	14	97710	36.96	0.85
F3	Sample 63	2	1	15	102710	37	0.87
F4	Sample 64	2	1	1	32770	36.91	0.88
F4	Sample 64	2	1	2	37710	36.96	0.87
F4	Sample 64	2	1	3	42710	36.96	0.87
F4	Sample 64	2	1	4	47710	36.96	0.86
F4	Sample 64	2	1	5	52710	37	0.86
F4	Sample 64	2	1	6	57710	36.96	0.86
F4	Sample 64	2	1	7	62710	36.96	0.86
F4	Sample 64	2	1	8	67710	37	0.86
F4	Sample 64	2	1	9	72710	37	0.86
F4	Sample 64	2	1	10	77720	37	0.85
F4	Sample 64	2	1	11	82710	36.96	0.86
F4	Sample 64	2	1	12	87710	37	0.85
F4	Sample 64	2	1	13	92710	37	0.86
F4	Sample 64	2	1	14	97710	36.96	0.85
F4	Sample 64	2	1	15	102710	37	0.86
F5	Sample 65	2	1	1	32770	36.91	1.43
F5	Sample 65	2	1	2	37710	36.96	1.40
F5	Sample 65	2	1	3	42710	36.96	1.40
F5	Sample 65	2	1	4	47710	36.96	1.40
F5	Sample 65	2	1	5	52710	37	1.39
F5	Sample 65	2	1	6	57710	36.96	1.39
F5	Sample 65	2	1	7	62710	36.96	1.39
F5	Sample 65	2	1	8	67710	37	1.39
F5	Sample 65	2	1	9	72710	37	1.39
F5	Sample 65	2	1	10	77720	37	1.39
F5	Sample 65	2	1	11	82710	36.96	1.39
F5	Sample 65	2	1	12	87710	37	1.39
F5	Sample 65	2	1	13	92710	37	1.39
F5	Sample 65	2	1	14	97710	36.96	1.39
F5	Sample 65	2	1	15	102710	37	1.39
F6	Sample 66	2	1	1	32770	36.91	1.37
F6	Sample 66	2	1	2	37710	36.96	1.35
F6	Sample 66	2	1	3	42710	36.96	1.35
F6	Sample 66	2	1	4	47710	36.96	1.34
F6	Sample 66	2	1	5	52710	37	1.34
F6	Sample 66	2	1	6	57710	36.96	1.34
F6	Sample 66	2	1	7	62710	36.96	1.34
F6	Sample 66	2	1	8	67710	37	1.34
F6	Sample 66	2	1	9	72710	37	1.34
F6	Sample 66	2	1	10	77720	37	1.33
F6	Sample 66	2	1	11	82710	36.96	1.33
F6	Sample 66	2	1	12	87710	37	1.34
F6	Sample 66	2	1	13	92710	37	1.34
F6	Sample 66	2	1	14	97710	36.96	1.33
F6	Sample 66	2	1	15	102710	37	1.33
F7	Sample 67	2	1	1	32770	36.91	1.73
F7	Sample 67	2	1	2	37710	36.96	1.71
F7	Sample 67	2	1	3	42710	36.96	1.71
F7	Sample 67	2	1	4	47710	36.96	1.69
F7	Sample 67	2	1	5	52710	37	1.68
F7	Sample 67	2	1	6	57710	36.96	1.68
F7	Sample 67	2	1	7	62710	36.96	1.68
F7	Sample 67	2	1	8	67710	37	1.69
F7	Sample 67	2	1	9	72710	37	1.69
F7	Sample 67	2	1	10	77720	37	1.68
F7	Sample 67	2	1	11	82710	36.96	1.68
F7	Sample 67	2	1	12	87710	37	1.68
F7	Sample 67	2	1	13	92710	37	1.69
F7	Sample 67	2	1	14	97710	36.96	1.67
F7	Sample 67	2	1	15	102710	37	1.68
F8	Sample 68	2	1	1	32770	36.91	1.66
F8	Sample 68	2	1	2	37710	36.96	1.64
F8	Sample 68	2	1	3	42710	36.96	1.64
F8	Sample 68	2	1	4	47710	36.96	1.63
F8	Sample 68	2	1	5	52710	37	1.61
F8	Sample 68	2	1	6	57710	36.96	1.62
F8	Sample 68	2	1	7	62710	36.96	1.61
F8	Sample 68	2	1	8	67710	37	1.61
F8	Sample 68	2	1	9	72710	37	1.62
F8	Sample 68	2	1	10	77720	37	1.61
F8	Sample 68	2	1	11	82710	36.96	1.61
F8	Sample 68	2	1	12	87710	37	1.61
F8	Sample 68	2	1	13	92710	37	1.61
F8	Sample 68	2	1	14	97710	36.96	1.62
F8	Sample 68	2	1	15	102710	37	1.62
F9	Sample 69	2	1	1	32770	36.91	2.40
F9	Sample 69	2	1	2	37710	36.96	2.37
F9	Sample 69	2	1	3	42710	36.96	2.36
F9	Sample 69	2	1	4	47710	36.96	2.34
F9	Sample 69	2	1	5	52710	37	2.34
F9	Sample 69	2	1	6	57710	36.96	2.34
F9	Sample 69	2	1	7	62710	36.96	2.33
F9	Sample 69	2	1	8	67710	37	2.33
F9	Sample 69	2	1	9	72710	37	2.33
F9	Sample 69	2	1	10	77720	37	2.33
F9	Sample 69	2	1	11	82710	36.96	2.33
F9	Sample 69	2	1	12	87710	37	2.33
F9	Sample 69	2	1	13	92710	37	2.33
F9	Sample 69	2	1	14	97710	36.96	2.33
F9	Sample 69	2	1	15	102710	37	2.32
F10	Sample 70	2	1	1	32770	36.91	2.32
F10	Sample 70	2	1	2	37710	36.96	2.29
F10	Sample 70	2	1	3	42710	36.96	2.28
F10	Sample 70	2	1	4	47710	36.96	2.27
F10	Sample 70	2	1	5	52710	37	2.27
F10	Sample 70	2	1	6	57710	36.96	2.26
F10	Sample 70	2	1	7	62710	36.96	2.25
F10	Sample 70	2	1	8	67710	37	2.25
F10	Sample 70	2	1	9	72710	37	2.26
F10	Sample 70	2	1	10	77720	37	2.25
F10	Sample 70	2	1	11	82710	36.96	2.25
F10	Sample 70	2	1	12	87710	37	2.24
F10	Sample 70	2	1	13	92710	37	2.25
F10	Sample 70	2	1	14	97710	36.96	2.25
F10	Sample 70	2	1	15	102710	37	2.24
F11	Sample 71	2	1	1	32770	36.91	3.17
F11	Sample 71	2	1	2	37710	36.96	3.15
F11	Sample 71	2	1	3	42710	36.96	3.13
F11	Sample 71	2	1	4	47710	36.96	3.11
F11	Sample 71	2	1	5	52710	37	3.10
F11	Sample 71	2	1	6	57710	36.96	3.09
F11	Sample 71	2	1	7	62710	36.96	3.10
F11	Sample 71	2	1	8	67710	37	3.10
F11	Sample 71	2	1	9	72710	37	3.10
F11	Sample 71	2	1	10	77720	37	3.09
F11	Sample 71	2	1	11	82710	36.96	3.08
F11	Sample 71	2	1	12	87710	37	3.09
F11	Sample 71	2	1	13	92710	37	3.08
F11	Sample 71	2	1	14	97710	36.96	3.07
F11	Sample 71	2	1	15	102710	37	3.08
F12	Sample 72	2	1	1	32770	36.91	2.86
F12	Sample 72	2	1	2	37710	36.96	2.84
F12	Sample 72	2	1	3	42710	36.96	2.82
F12	Sample 72	2	1	4	47710	36.96	2.80
F12	Sample 72	2	1	5	52710	37	2.80
F12	Sample 72	2	1	6	57710	36.96	2.78
F12	Sample 72	2	1	7	62710	36.96	2.77
F12	Sample 72	2	1	8	67710	37	2.78
F12	Sample 72	2	1	9	72710	37	2.77
F12	Sample 72	2	1	10	77720	37	2.76
F12	Sample 72	2	1	11	82710	36.96	2.76
F12	Sample 72	2	1	12	87710	37	2.75
F12	Sample 72	2	1	13	92710	37	2.75
F12	Sample 72	2	1	14	97710	36.96	2.76
F12	Sample 72	2	1	15	102710	37	2.77
G1	Sample 73	2	1	1	32770	36.91	0.83
G1	Sample 73	2	1	2	37710	36.96	0.82
G1	Sample 73	2	1	3	42710	36.96	0.81
G1	Sample 73	2	1	4	47710	36.96	0.81
G1	Sample 73	2	1	5	52710	37	0.80
G1	Sample 73	2	1	6	57710	36.96	0.80
G1	Sample 73	2	1	7	62710	36.96	0.81
G1	Sample 73	2	1	8	67710	37	0.80
G1	Sample 73	2	1	9	72710	37	0.80
G1	Sample 73	2	1	10	77720	37	0.80
G1	Sample 73	2	1	11	82710	36.96	0.80
G1	Sample 73	2	1	12	87710	37	0.80
G1	Sample 73	2	1	13	92710	37	0.79
G1	Sample 73	2	1	14	97710	36.96	0.80
G1	Sample 73	2	1	15	102710	37	0.80
G2	Sample 74	2	1	1	32770	36.91	0.85
G2	Sample 74	2	1	2	37710	36.96	0.84
G2	Sample 74	2	1	3	42710	36.96	0.84
G2	Sample 74	2	1	4	47710	36.96	0.83
G2	Sample 74	2	1	5	52710	37	0.83
G2	Sample 74	2	1	6	57710	36.96	0.83
G2	Sample 74	2	1	7	62710	36.96	0.83
G2	Sample 74	2	1	8	67710	37	0.83
G2	Sample 74	2	1	9	72710	37	0.83
G2	Sample 74	2	1	10	77720	37	0.82
G2	Sample 74	2	1	11	82710	36.96	0.82
G2	Sample 74	2	1	12	87710	37	0.83
G2	Sample 74	2	1	13	92710	37	0.82
G2	Sample 74	2	1	14	97710	36.96	0.82
G2	Sample 74	2	1	15	102710	37	0.82
G3	Sample 75	2	1	1	32770	36.91	0.88
G3	Sample 75	2	1	2	37710	36.96	0.88
G3	Sample 75	2	1	3	42710	36.96	0.87
G3	Sample 75	2	1	4	47710	36.96	0.86
G3	Sample 75	2	1	5	52710	37	0.86
G3	Sample 75	2	1	6	57710	36.96	0.86
G3	Sample 75	2	1	7	62710	36.96	0.86
G3	Sample 75	2	1	8	67710	37	0.86
G3	Sample 75	2	1	9	72710	37	0.86
G3	Sample 75	2	1	10	77720	37	0.86
G3	Sample 75	2	1	11	82710	36.96	0.85
G3	Sample 75	2	1	12	87710	37	0.85
G3	Sample 75	2	1	13	92710	37	0.86
G3	Sample 75	2	1	14	97710	36.96	0.86
G3	Sample 75	2	1	15	102710	37	0.85
G4	Sample 76	2	1	1	32770	36.91	0.89
G4	Sample 76	2	1	2	37710	36.96	0.89
G4	Sample 76	2	1	3	42710	36.96	0.88
G4	Sample 76	2	1	4	47710	36.96	0.88
G4	Sample 76	2	1	5	52710	37	0.87
G4	Sample 76	2	1	6	57710	36.96	0.88
G4	Sample 76	2	1	7	62710	36.96	0.88
G4	Sample 76	2	1	8	67710	37	0.87
G4	Sample 76	2	1	9	72710	37	0.88
G4	Sample 76	2	1	10	77720	37	0.88
G4	Sample 76	2	1	11	82710	36.96	0.88
G4	Sample 76	2	1	12	87710	37	0.87
G4	Sample 76	2	1	13	92710	37	0.87
G4	Sample 76	2	1	14	97710	36.96	0.87
G4	Sample 76	2	1	15	102710	37	0.87
G5	Sample 77	2	1	1	32770	36.91	1.88
G5	Sample 77	2	1	2	37710	36.96	1.86
G5	Sample 77	2	1	3	42710	36.96	1.85
G5	Sample 77	2	1	4	47710	36.96	1.83
G5	Sample 77	2	1	5	52710	37	1.83
G5	Sample 77	2	1	6	57710	36.96	1.83
G5	Sample 77	2	1	7	62710	36.96	1.81
G5	Sample 77	2	1	8	67710	37	1.82
G5	Sample 77	2	1	9	72710	37	1.82
G5	Sample 77	2	1	10	77720	37	1.81
G5	Sample 77	2	1	11	82710	36.96	1.81
G5	Sample 77	2	1	12	87710	37	1.82
G5	Sample 77	2	1	13	92710	37	1.82
G5	Sample 77	2	1	14	97710	36.96	1.82
G5	Sample 77	2	1	15	102710	37	1.81
G6	Sample 78	2	1	1	32770	36.91	1.74
G6	Sample 78	2	1	2	37710	36.96	1.73
G6	Sample 78	2	1	3	42710	36.96	1.72
G6	Sample 78	2	1	4	47710	36.96	1.70
G6	Sample 78	2	1	5	52710	37	1.70
G6	Sample 78	2	1	6	57710	36.96	1.70
G6	Sample 78	2	1	7	62710	36.96	1.71
G6	Sample 78	2	1	8	67710	37	1.70
G6	Sample 78	2	1	9	72710	37	1.69
G6	Sample 78	2	1	10	77720	37	1.69
G6	Sample 78	2	1	11	82710	36.96	1.69
G6	Sample 78	2	1	12	87710	37	1.70
G6	Sample 78	2	1	13	92710	37	1.70
G6	Sample 78	2	1	14	97710	36.96	1.69
G6	Sample 78	2	1	15	102710	37	1.69
G7	Sample 79	2	1	1	32770	36.91	1.72
G7	Sample 79	2	1	2	37710	36.96	1.71
G7	Sample 79	2	1	3	42710	36.96	1.70
G7	Sample 79	2	1	4	47710	36.96	1.68
G7	Sample 79	2	1	5	52710	37	1.68
G7	Sample 79	2	1	6	57710	36.96	1.68
G7	Sample 79	2	1	7	62710	36.96	1.68
G7	Sample 79	2	1	8	67710	37	1.67
G7	Sample 79	2	1	9	72710	37	1.68
G7	Sample 79	2	1	10	77720	37	1.67
G7	Sample 79	2	1	11	82710	36.96	1.68
G7	Sample 79	2	1	12	87710	37	1.67
G7	Sample 79	2	1	13	92710	37	1.68
G7	Sample 79	2	1	14	97710	36.96	1.68
G7	Sample 79	2	1	15	102710	37	1.67
G8	Sample 80	2	1	1	32770	36.91	1.68
G8	Sample 80	2	1	2	37710	36.96	1.66
G8	Sample 80	2	1	3	42710	36.96	1.65
G8	Sample 80	2	1	4	47710	36.96	1.64
G8	Sample 80	2	1	5	52710	37	1.64
G8	Sample 80	2	1	6	57710	36.96	1.64
G8	Sample 80	2	1	7	62710	36.96	1.63
G8	Sample 80	2	1	8	67710	37	1.63
G8	Sample 80	2	1	9	72710	37	1.64
G8	Sample 80	2	1	10	77720	37	1.64
G8	Sample 80	2	1	11	82710	36.96	1.64
G8	Sample 80	2	1	12	87710	37	1.64
G8	Sample 80	2	1	13	92710	37	1.64
G8	Sample 80	2	1	14	97710	36.96	1.64
G8	Sample 80	2	1	15	102710	37	1.63
G9	Sample 81	2	1	1	32770	36.91	2.93
G9	Sample 81	2	1	2	37710	36.96	2.89
G9	Sample 81	2	1	3	42710	36.96	2.87
G9	Sample 81	2	1	4	47710	36.96	2.86
G9	Sample 81	2	1	5	52710	37	2.84
G9	Sample 81	2	1	6	57710	36.96	2.83
G9	Sample 81	2	1	7	62710	36.96	2.82
G9	Sample 81	2	1	8	67710	37	2.82
G9	Sample 81	2	1	9	72710	37	2.82
G9	Sample 81	2	1	10	77720	37	2.82
G9	Sample 81	2	1	11	82710	36.96	2.83
G9	Sample 81	2	1	12	87710	37	2.83
G9	Sample 81	2	1	13	92710	37	2.84
G9	Sample 81	2	1	14	97710	36.96	2.83
G9	Sample 81	2	1	15	102710	37	2.83
G10	Sample 82	2	1	1	32770	36.91	2.92
G10	Sample 82	2	1	2	37710	36.96	2.89
G10	Sample 82	2	1	3	42710	36.96	2.87
G10	Sample 82	2	1	4	47710	36.96	2.85
G10	Sample 82	2	1	5	52710	37	2.84
G10	Sample 82	2	1	6	57710	36.96	2.85
G10	Sample 82	2	1	7	62710	36.96	2.83
G10	Sample 82	2	1	8	67710	37	2.85
G10	Sample 82	2	1	9	72710	37	2.84
G10	Sample 82	2	1	10	77720	37	2.84
G10	Sample 82	2	1	11	82710	36.96	2.83
G10	Sample 82	2	1	12	87710	37	2.83
G10	Sample 82	2	1	13	92710	37	2.83
G10	Sample 82	2	1	14	97710	36.96	2.83
G10	Sample 82	2	1	15	102710	37	2.82
G11	Sample 83	2	1	1	32770	36.91	3.12
G11	Sample 83	2	1	2	37710	36.96	3.07
G11	Sample 83	2	1	3	42710	36.96	3.06
G11	Sample 83	2	1	4	47710	36.96	3.05
G11	Sample 83	2	1	5	52710	37	3.03
G11	Sample 83	2	1	6	57710	36.96	3.03
G11	Sample 83	2	1	7	62710	36.96	3.03
G11	Sample 83	2	1	8	67710	37	3.02
G11	Sample 83	2	1	9	72710	37	3.02
G11	Sample 83	2	1	10	77720	37	3.01
G11	Sample 83	2	1	11	82710	36.96	3.02
G11	Sample 83	2	1	12	87710	37	3.02
G11	Sample 83	2	1	13	92710	37	3.01
G11	Sample 83	2	1	14	97710	36.96	3.01
G11	Sample 83	2	1	15	102710	37	3.00
G12	Sample 84	2	1	1	32770	36.91	2.78
G12	Sample 84	2	1	2	37710	36.96	2.78
G12	Sample 84	2	1	3	42710	36.96	2.75
G12	Sample 84	2	1	4	47710	36.96	2.73
G12	Sample 84	2	1	5	52710	37	2.72
G12	Sample 84	2	1	6	57710	36.96	2.71
G12	Sample 84	2	1	7	62710	36.96	2.71
G12	Sample 84	2	1	8	67710	37	2.70
G12	Sample 84	2	1	9	72710	37	2.70
G12	Sample 84	2	1	10	77720	37	2.70
G12	Sample 84	2	1	11	82710	36.96	2.69
G12	Sample 84	2	1	12	87710	37	2.69
G12	Sample 84	2	1	13	92710	37	2.69
G12	Sample 84	2	1	14	97710	36.96	2.70
G12	Sample 84	2	1	15	102710	37	2.68
H1	Sample 85	2	1	1	32770	36.91	0.81
H1	Sample 85	2	1	2	37710	36.96	0.81
H1	Sample 85	2	1	3	42710	36.96	0.80
H1	Sample 85	2	1	4	47710	36.96	0.80
H1	Sample 85	2	1	5	52710	37	0.79
H1	Sample 85	2	1	6	57710	36.96	0.79
H1	Sample 85	2	1	7	62710	36.96	0.79
H1	Sample 85	2	1	8	67710	37	0.80
H1	Sample 85	2	1	9	72710	37	0.80
H1	Sample 85	2	1	10	77720	37	0.79
H1	Sample 85	2	1	11	82710	36.96	0.79
H1	Sample 85	2	1	12	87710	37	0.79
H1	Sample 85	2	1	13	92710	37	0.79
H1	Sample 85	2	1	14	97710	36.96	0.79
H1	Sample 85	2	1	15	102710	37	0.79
H2	Sample 86	2	1	1	32770	36.91	0.84
H2	Sample 86	2	1	2	37710	36.96	0.82
H2	Sample 86	2	1	3	42710	36.96	0.82
H2	Sample 86	2	1	4	47710	36.96	0.82
H2	Sample 86	2	1	5	52710	37	0.81
H2	Sample 86	2	1	6	57710	36.96	0.81
H2	Sample 86	2	1	7	62710	36.96	0.82
H2	Sample 86	2	1	8	67710	37	0.82
H2	Sample 86	2	1	9	72710	37	0.82
H2	Sample 86	2	1	10	77720	37	0.81
H2	Sample 86	2	1	11	82710	36.96	0.82
H2	Sample 86	2	1	12	87710	37	0.81
H2	Sample 86	2	1	13	92710	37	0.82
H2	Sample 86	2	1	14	97710	36.96	0.81
H2	Sample 86	2	1	15	102710	37	0.81
H3	Sample 87	2	1	1	32770	36.91	0.88
H3	Sample 87	2	1	2	37710	36.96	0.86
H3	Sample 87	2	1	3	42710	36.96	0.86
H3	Sample 87	2	1	4	47710	36.96	0.86
H3	Sample 87	2	1	5	52710	37	0.86
H3	Sample 87	2	1	6	57710	36.96	0.85
H3	Sample 87	2	1	7	62710	36.96	0.85
H3	Sample 87	2	1	8	67710	37	0.85
H3	Sample 87	2	1	9	72710	37	0.85
H3	Sample 87	2	1	10	77720	37	0.85
H3	Sample 87	2	1	11	82710	36.96	0.85
H3	Sample 87	2	1	12	87710	37	0.85
H3	Sample 87	2	1	13	92710	37	0.84
H3	Sample 87	2	1	14	97710	36.96	0.84
H3	Sample 87	2	1	15	102710	37	0.85
H4	Sample 88	2	1	1	32770	36.91	0.90
H4	Sample 88	2	1	2	37710	36.96	0.88
H4	Sample 88	2	1	3	42710	36.96	0.88
H4	Sample 88	2	1	4	47710	36.96	0.88
H4	Sample 88	2	1	5	52710	37	0.87
H4	Sample 88	2	1	6	57710	36.96	0.87
H4	Sample 88	2	1	7	62710	36.96	0.87
H4	Sample 88	2	1	8	67710	37	0.87
H4	Sample 88	2	1	9	72710	37	0.87
H4	Sample 88	2	1	10	77720	37	0.87
H4	Sample 88	2	1	11	82710	36.96	0.87
H4	Sample 88	2	1	12	87710	37	0.87
H4	Sample 88	2	1	13	92710	37	0.86
H4	Sample 88	2	1	14	97710	36.96	0.86
H4	Sample 88	2	1	15	102710	37	0.87
H5	Sample 89	2	1	1	32770	36.91	1.92
H5	Sample 89	2	1	2	37710	36.96	1.90
H5	Sample 89	2	1	3	42710	36.96	1.89
H5	Sample 89	2	1	4	47710	36.96	1.88
H5	Sample 89	2	1	5	52710	37	1.88
H5	Sample 89	2	1	6	57710	36.96	1.87
H5	Sample 89	2	1	7	62710	36.96	1.86
H5	Sample 89	2	1	8	67710	37	1.86
H5	Sample 89	2	1	9	72710	37	1.86
H5	Sample 89	2	1	10	77720	37	1.86
H5	Sample 89	2	1	11	82710	36.96	1.86
H5	Sample 89	2	1	12	87710	37	1.86
H5	Sample 89	2	1	13	92710	37	1.85
H5	Sample 89	2	1	14	97710	36.96	1.85
H5	Sample 89	2	1	15	102710	37	1.85
H6	Sample 90	2	1	1	32770	36.91	1.80
H6	Sample 90	2	1	2	37710	36.96	1.78
H6	Sample 90	2	1	3	42710	36.96	1.77
H6	Sample 90	2	1	4	47710	36.96	1.77
H6	Sample 90	2	1	5	52710	37	1.76
H6	Sample 90	2	1	6	57710	36.96	1.75
H6	Sample 90	2	1	7	62710	36.96	1.77
H6	Sample 90	2	1	8	67710	37	1.75
H6	Sample 90	2	1	9	72710	37	1.76
H6	Sample 90	2	1	10	77720	37	1.75
H6	Sample 90	2	1	11	82710	36.96	1.75
H6	Sample 90	2	1	12	87710	37	1.75
H6	Sample 90	2	1	13	92710	37	1.74
H6	Sample 90	2	1	14	97710	36.96	1.74
H6	Sample 90	2	1	15	102710	37	1.74
H7	Sample 91	2	1	1	32770	36.91	1.86
H7	Sample 91	2	1	2	37710	36.96	1.83
H7	Sample 91	2	1	3	42710	36.96	1.82
H7	Sample 91	2	1	4	47710	36.96	1.82
H7	Sample 91	2	1	5	52710	37	1.81
H7	Sample 91	2	1	6	57710	36.96	1.80
H7	Sample 91	2	1	7	62710	36.96	1.80
H7	Sample 91	2	1	8	67710	37	1.80
H7	Sample 91	2	1	9	72710	37	1.80
H7	Sample 91	2	1	10	77720	37	1.80
H7	Sample 91	2	1	11	82710	36.96	1.80
H7	Sample 91	2	1	12	87710	37	1.79
H7	Sample 91	2	1	13	92710	37	1.79
H7	Sample 91	2	1	14	97710	36.96	1.78
H7	Sample 91	2	1	15	102710	37	1.78
H8	Sample 92	2	1	1	32770	36.91	1.78
H8	Sample 92	2	1	2	37710	36.96	1.76
H8	Sample 92	2	1	3	42710	36.96	1.75
H8	Sample 92	2	1	4	47710	36.96	1.74
H8	Sample 92	2	1	5	52710	37	1.73
H8	Sample 92	2	1	6	57710	36.96	1.73
H8	Sample 92	2	1	7	62710	36.96	1.73
H8	Sample 92	2	1	8	67710	37	1.73
H8	Sample 92	2	1	9	72710	37	1.72
H8	Sample 92	2	1	10	77720	37	1.72
H8	Sample 92	2	1	11	82710	36.96	1.72
H8	Sample 92	2	1	12	87710	37	1.72
H8	Sample 92	2	1	13	92710	37	1.71
H8	Sample 92	2	1	14	97710	36.96	1.71
H8	Sample 92	2	1	15	102710	37	1.71
H9	Sample 93	2	1	1	32770	36.91	3.01
H9	Sample 93	2	1	2	37710	36.96	2.97
H9	Sample 93	2	1	3	42710	36.96	2.96
H9	Sample 93	2	1	4	47710	36.96	2.94
H9	Sample 93	2	1	5	52710	37	2.93
H9	Sample 93	2	1	6	57710	36.96	2.92
H9	Sample 93	2	1	7	62710	36.96	2.92
H9	Sample 93	2	1	8	67710	37	2.92
H9	Sample 93	2	1	9	72710	37	2.91
H9	Sample 93	2	1	10	77720	37	2.90
H9	Sample 93	2	1	11	82710	36.96	2.91
H9	Sample 93	2	1	12	87710	37	2.91
H9	Sample 93	2	1	13	92710	37	2.89
H9	Sample 93	2	1	14	97710	36.96	2.90
H9	Sample 93	2	1	15	102710	37	2.90
H10	Sample 94	2	1	1	32770	36.91	2.81
H10	Sample 94	2	1	2	37710	36.96	2.78
H10	Sample 94	2	1	3	42710	36.96	2.76
H10	Sample 94	2	1	4	47710	36.96	2.75
H10	Sample 94	2	1	5	52710	37	2.73
H10	Sample 94	2	1	6	57710	36.96	2.74
H10	Sample 94	2	1	7	62710	36.96	2.73
H10	Sample 94	2	1	8	67710	37	2.72
H10	Sample 94	2	1	9	72710	37	2.72
H10	Sample 94	2	1	10	77720	37	2.72
H10	Sample 94	2	1	11	82710	36.96	2.72
H10	Sample 94	2	1	12	87710	37	2.72
H10	Sample 94	2	1	13	92710	37	2.72
H10	Sample 94	2	1	14	97710	36.96	2.71
H10	Sample 94	2	1	15	102710	37	2.71
H11	Sample 95	2	1	1	32770	36.91	2.78
H11	Sample 95	2	1	2	37710	36.96	2.75
H11	Sample 95	2	1	3	42710	36.96	2.72
H11	Sample 95	2	1	4	47710	36.96	2.72
H11	Sample 95	2	1	5	52710	37	2.71
H11	Sample 95	2	1	6	57710	36.96	2.70
H11	Sample 95	2	1	7	62710	36.96	2.69
H11	Sample 95	2	1	8	67710	37	2.69
H11	Sample 95	2	1	9	72710	37	2.68
H11	Sample 95	2	1	10	77720	37	2.67
H11	Sample 95	2	1	11	82710	36.96	2.67
H11	Sample 95	2	1	12	87710	37	2.67
H11	Sample 95	2	1	13	92710	37	2.67
H11	Sample 95	2	1	14	97710	36.96	2.66
H11	Sample 95	2	1	15	102710	37	2.67
H12	Sample 96	2	1	1	32770	36.91	2.73
H12	Sample 96	2	1	2	37710	36.96	2.71
H12	Sample 96	2	1	3	42710	36.96	2.70
H12	Sample 96	2	1	4	47710	36.96	2.68
H12	Sample 96	2	1	5	52710	37	2.66
H12	Sample 96	2	1	6	57710	36.96	2.66
H12	Sample 96	2	1	7	62710	36.96	2.66
H12	Sample 96	2	1	8	67710	37	2.65
H12	Sample 96	2	1	9	72710	37	2.65
H12	Sample 96	2	1	10	77720	37	2.65
H12	Sample 96	2	1	11	82710	36.96	2.64
H12	Sample 96	2	1	12	87710	37	2.64
H12	Sample 96	2	1	13	92710	37	2.64
H12	Sample 96	2	1	14	97710	36.96	2.64
H12	Sample 96	2	1	15	102710	37	2.65
