Raw Data 		Experiment - evIC50_8_plate3_21APRIL2026 (Run on LCS480 1.5.1.62)
SamplePos	SampleName	Prog#	Seg#	Cycle#	Time	Temp	465-510	
A1	Sample 1	2	1	1	32360	36.96	0.95
A1	Sample 1	2	1	2	37400	37	0.95
A1	Sample 1	2	1	3	42390	37	0.95
A1	Sample 1	2	1	4	47400	36.96	0.95
A1	Sample 1	2	1	5	52400	36.96	0.94
A1	Sample 1	2	1	6	57400	37	0.94
A1	Sample 1	2	1	7	62400	37	0.94
A1	Sample 1	2	1	8	67400	36.96	0.94
A1	Sample 1	2	1	9	72390	36.96	0.93
A1	Sample 1	2	1	10	77400	36.96	0.93
A1	Sample 1	2	1	11	82400	36.96	0.93
A1	Sample 1	2	1	12	87400	37	0.93
A1	Sample 1	2	1	13	92400	37	0.93
A1	Sample 1	2	1	14	97400	36.96	0.93
A1	Sample 1	2	1	15	102410	37	0.93
A2	Sample 2	2	1	1	32360	36.96	0.89
A2	Sample 2	2	1	2	37400	37	0.88
A2	Sample 2	2	1	3	42390	37	0.88
A2	Sample 2	2	1	4	47400	36.96	0.87
A2	Sample 2	2	1	5	52400	36.96	0.87
A2	Sample 2	2	1	6	57400	37	0.87
A2	Sample 2	2	1	7	62400	37	0.86
A2	Sample 2	2	1	8	67400	36.96	0.86
A2	Sample 2	2	1	9	72390	36.96	0.87
A2	Sample 2	2	1	10	77400	36.96	0.86
A2	Sample 2	2	1	11	82400	36.96	0.87
A2	Sample 2	2	1	12	87400	37	0.86
A2	Sample 2	2	1	13	92400	37	0.87
A2	Sample 2	2	1	14	97400	36.96	0.86
A2	Sample 2	2	1	15	102410	37	0.86
A3	Sample 3	2	1	1	32360	36.96	1.02
A3	Sample 3	2	1	2	37400	37	1.01
A3	Sample 3	2	1	3	42390	37	1.01
A3	Sample 3	2	1	4	47400	36.96	1.00
A3	Sample 3	2	1	5	52400	36.96	1.00
A3	Sample 3	2	1	6	57400	37	1.00
A3	Sample 3	2	1	7	62400	37	0.99
A3	Sample 3	2	1	8	67400	36.96	1.00
A3	Sample 3	2	1	9	72390	36.96	0.99
A3	Sample 3	2	1	10	77400	36.96	0.99
A3	Sample 3	2	1	11	82400	36.96	0.99
A3	Sample 3	2	1	12	87400	37	0.99
A3	Sample 3	2	1	13	92400	37	0.99
A3	Sample 3	2	1	14	97400	36.96	0.98
A3	Sample 3	2	1	15	102410	37	0.98
A4	Sample 4	2	1	1	32360	36.96	0.98
A4	Sample 4	2	1	2	37400	37	0.98
A4	Sample 4	2	1	3	42390	37	0.97
A4	Sample 4	2	1	4	47400	36.96	0.96
A4	Sample 4	2	1	5	52400	36.96	0.95
A4	Sample 4	2	1	6	57400	37	0.96
A4	Sample 4	2	1	7	62400	37	0.95
A4	Sample 4	2	1	8	67400	36.96	0.95
A4	Sample 4	2	1	9	72390	36.96	0.95
A4	Sample 4	2	1	10	77400	36.96	0.95
A4	Sample 4	2	1	11	82400	36.96	0.95
A4	Sample 4	2	1	12	87400	37	0.95
A4	Sample 4	2	1	13	92400	37	0.95
A4	Sample 4	2	1	14	97400	36.96	0.95
A4	Sample 4	2	1	15	102410	37	0.94
A5	Sample 5	2	1	1	32360	36.96	1.28
A5	Sample 5	2	1	2	37400	37	1.28
A5	Sample 5	2	1	3	42390	37	1.27
A5	Sample 5	2	1	4	47400	36.96	1.26
A5	Sample 5	2	1	5	52400	36.96	1.25
A5	Sample 5	2	1	6	57400	37	1.25
A5	Sample 5	2	1	7	62400	37	1.25
A5	Sample 5	2	1	8	67400	36.96	1.25
A5	Sample 5	2	1	9	72390	36.96	1.24
A5	Sample 5	2	1	10	77400	36.96	1.24
A5	Sample 5	2	1	11	82400	36.96	1.24
A5	Sample 5	2	1	12	87400	37	1.23
A5	Sample 5	2	1	13	92400	37	1.25
A5	Sample 5	2	1	14	97400	36.96	1.23
A5	Sample 5	2	1	15	102410	37	1.24
A6	Sample 6	2	1	1	32360	36.96	1.26
A6	Sample 6	2	1	2	37400	37	1.25
A6	Sample 6	2	1	3	42390	37	1.25
A6	Sample 6	2	1	4	47400	36.96	1.24
A6	Sample 6	2	1	5	52400	36.96	1.23
A6	Sample 6	2	1	6	57400	37	1.23
A6	Sample 6	2	1	7	62400	37	1.22
A6	Sample 6	2	1	8	67400	36.96	1.23
A6	Sample 6	2	1	9	72390	36.96	1.22
A6	Sample 6	2	1	10	77400	36.96	1.22
A6	Sample 6	2	1	11	82400	36.96	1.22
A6	Sample 6	2	1	12	87400	37	1.22
A6	Sample 6	2	1	13	92400	37	1.23
A6	Sample 6	2	1	14	97400	36.96	1.22
A6	Sample 6	2	1	15	102410	37	1.21
A7	Sample 7	2	1	1	32360	36.96	1.31
A7	Sample 7	2	1	2	37400	37	1.30
A7	Sample 7	2	1	3	42390	37	1.29
A7	Sample 7	2	1	4	47400	36.96	1.28
A7	Sample 7	2	1	5	52400	36.96	1.28
A7	Sample 7	2	1	6	57400	37	1.28
A7	Sample 7	2	1	7	62400	37	1.27
A7	Sample 7	2	1	8	67400	36.96	1.27
A7	Sample 7	2	1	9	72390	36.96	1.27
A7	Sample 7	2	1	10	77400	36.96	1.27
A7	Sample 7	2	1	11	82400	36.96	1.27
A7	Sample 7	2	1	12	87400	37	1.26
A7	Sample 7	2	1	13	92400	37	1.27
A7	Sample 7	2	1	14	97400	36.96	1.27
A7	Sample 7	2	1	15	102410	37	1.27
A8	Sample 8	2	1	1	32360	36.96	1.25
A8	Sample 8	2	1	2	37400	37	1.24
A8	Sample 8	2	1	3	42390	37	1.24
A8	Sample 8	2	1	4	47400	36.96	1.23
A8	Sample 8	2	1	5	52400	36.96	1.21
A8	Sample 8	2	1	6	57400	37	1.22
A8	Sample 8	2	1	7	62400	37	1.21
A8	Sample 8	2	1	8	67400	36.96	1.21
A8	Sample 8	2	1	9	72390	36.96	1.21
A8	Sample 8	2	1	10	77400	36.96	1.20
A8	Sample 8	2	1	11	82400	36.96	1.21
A8	Sample 8	2	1	12	87400	37	1.20
A8	Sample 8	2	1	13	92400	37	1.21
A8	Sample 8	2	1	14	97400	36.96	1.21
A8	Sample 8	2	1	15	102410	37	1.20
A9	Sample 9	2	1	1	32360	36.96	0.51
A9	Sample 9	2	1	2	37400	37	0.51
A9	Sample 9	2	1	3	42390	37	0.51
A9	Sample 9	2	1	4	47400	36.96	0.51
A9	Sample 9	2	1	5	52400	36.96	0.50
A9	Sample 9	2	1	6	57400	37	0.50
A9	Sample 9	2	1	7	62400	37	0.50
A9	Sample 9	2	1	8	67400	36.96	0.50
A9	Sample 9	2	1	9	72390	36.96	0.50
A9	Sample 9	2	1	10	77400	36.96	0.50
A9	Sample 9	2	1	11	82400	36.96	0.50
A9	Sample 9	2	1	12	87400	37	0.50
A9	Sample 9	2	1	13	92400	37	0.50
A9	Sample 9	2	1	14	97400	36.96	0.50
A9	Sample 9	2	1	15	102410	37	0.50
A10	Sample 10	2	1	1	32360	36.96	0.50
A10	Sample 10	2	1	2	37400	37	0.50
A10	Sample 10	2	1	3	42390	37	0.50
A10	Sample 10	2	1	4	47400	36.96	0.49
A10	Sample 10	2	1	5	52400	36.96	0.49
A10	Sample 10	2	1	6	57400	37	0.49
A10	Sample 10	2	1	7	62400	37	0.48
A10	Sample 10	2	1	8	67400	36.96	0.49
A10	Sample 10	2	1	9	72390	36.96	0.48
A10	Sample 10	2	1	10	77400	36.96	0.48
A10	Sample 10	2	1	11	82400	36.96	0.48
A10	Sample 10	2	1	12	87400	37	0.48
A10	Sample 10	2	1	13	92400	37	0.48
A10	Sample 10	2	1	14	97400	36.96	0.48
A10	Sample 10	2	1	15	102410	37	0.48
A11	Sample 11	2	1	1	32360	36.96	0.51
A11	Sample 11	2	1	2	37400	37	0.50
A11	Sample 11	2	1	3	42390	37	0.51
A11	Sample 11	2	1	4	47400	36.96	0.50
A11	Sample 11	2	1	5	52400	36.96	0.50
A11	Sample 11	2	1	6	57400	37	0.50
A11	Sample 11	2	1	7	62400	37	0.50
A11	Sample 11	2	1	8	67400	36.96	0.50
A11	Sample 11	2	1	9	72390	36.96	0.50
A11	Sample 11	2	1	10	77400	36.96	0.49
A11	Sample 11	2	1	11	82400	36.96	0.50
A11	Sample 11	2	1	12	87400	37	0.49
A11	Sample 11	2	1	13	92400	37	0.50
A11	Sample 11	2	1	14	97400	36.96	0.50
A11	Sample 11	2	1	15	102410	37	0.49
A12	Sample 12	2	1	1	32360	36.96	0.46
A12	Sample 12	2	1	2	37400	37	0.46
A12	Sample 12	2	1	3	42390	37	0.47
A12	Sample 12	2	1	4	47400	36.96	0.46
A12	Sample 12	2	1	5	52400	36.96	0.45
A12	Sample 12	2	1	6	57400	37	0.45
A12	Sample 12	2	1	7	62400	37	0.45
A12	Sample 12	2	1	8	67400	36.96	0.45
A12	Sample 12	2	1	9	72390	36.96	0.45
A12	Sample 12	2	1	10	77400	36.96	0.45
A12	Sample 12	2	1	11	82400	36.96	0.45
A12	Sample 12	2	1	12	87400	37	0.45
A12	Sample 12	2	1	13	92400	37	0.45
A12	Sample 12	2	1	14	97400	36.96	0.45
A12	Sample 12	2	1	15	102410	37	0.45
B1	Sample 13	2	1	1	32360	36.96	0.86
B1	Sample 13	2	1	2	37400	37	0.86
B1	Sample 13	2	1	3	42390	37	0.85
B1	Sample 13	2	1	4	47400	36.96	0.84
B1	Sample 13	2	1	5	52400	36.96	0.84
B1	Sample 13	2	1	6	57400	37	0.84
B1	Sample 13	2	1	7	62400	37	0.84
B1	Sample 13	2	1	8	67400	36.96	0.84
B1	Sample 13	2	1	9	72390	36.96	0.84
B1	Sample 13	2	1	10	77400	36.96	0.83
B1	Sample 13	2	1	11	82400	36.96	0.83
B1	Sample 13	2	1	12	87400	37	0.83
B1	Sample 13	2	1	13	92400	37	0.83
B1	Sample 13	2	1	14	97400	36.96	0.83
B1	Sample 13	2	1	15	102410	37	0.83
B2	Sample 14	2	1	1	32360	36.96	0.85
B2	Sample 14	2	1	2	37400	37	0.84
B2	Sample 14	2	1	3	42390	37	0.84
B2	Sample 14	2	1	4	47400	36.96	0.83
B2	Sample 14	2	1	5	52400	36.96	0.82
B2	Sample 14	2	1	6	57400	37	0.83
B2	Sample 14	2	1	7	62400	37	0.82
B2	Sample 14	2	1	8	67400	36.96	0.83
B2	Sample 14	2	1	9	72390	36.96	0.82
B2	Sample 14	2	1	10	77400	36.96	0.82
B2	Sample 14	2	1	11	82400	36.96	0.82
B2	Sample 14	2	1	12	87400	37	0.83
B2	Sample 14	2	1	13	92400	37	0.82
B2	Sample 14	2	1	14	97400	36.96	0.83
B2	Sample 14	2	1	15	102410	37	0.82
B3	Sample 15	2	1	1	32360	36.96	0.93
B3	Sample 15	2	1	2	37400	37	0.92
B3	Sample 15	2	1	3	42390	37	0.92
B3	Sample 15	2	1	4	47400	36.96	0.91
B3	Sample 15	2	1	5	52400	36.96	0.91
B3	Sample 15	2	1	6	57400	37	0.91
B3	Sample 15	2	1	7	62400	37	0.91
B3	Sample 15	2	1	8	67400	36.96	0.90
B3	Sample 15	2	1	9	72390	36.96	0.91
B3	Sample 15	2	1	10	77400	36.96	0.90
B3	Sample 15	2	1	11	82400	36.96	0.90
B3	Sample 15	2	1	12	87400	37	0.90
B3	Sample 15	2	1	13	92400	37	0.90
B3	Sample 15	2	1	14	97400	36.96	0.90
B3	Sample 15	2	1	15	102410	37	0.90
B4	Sample 16	2	1	1	32360	36.96	0.91
B4	Sample 16	2	1	2	37400	37	0.91
B4	Sample 16	2	1	3	42390	37	0.90
B4	Sample 16	2	1	4	47400	36.96	0.89
B4	Sample 16	2	1	5	52400	36.96	0.89
B4	Sample 16	2	1	6	57400	37	0.89
B4	Sample 16	2	1	7	62400	37	0.88
B4	Sample 16	2	1	8	67400	36.96	0.89
B4	Sample 16	2	1	9	72390	36.96	0.89
B4	Sample 16	2	1	10	77400	36.96	0.88
B4	Sample 16	2	1	11	82400	36.96	0.88
B4	Sample 16	2	1	12	87400	37	0.88
B4	Sample 16	2	1	13	92400	37	0.88
B4	Sample 16	2	1	14	97400	36.96	0.87
B4	Sample 16	2	1	15	102410	37	0.88
B5	Sample 17	2	1	1	32360	36.96	1.22
B5	Sample 17	2	1	2	37400	37	1.21
B5	Sample 17	2	1	3	42390	37	1.20
B5	Sample 17	2	1	4	47400	36.96	1.19
B5	Sample 17	2	1	5	52400	36.96	1.18
B5	Sample 17	2	1	6	57400	37	1.18
B5	Sample 17	2	1	7	62400	37	1.18
B5	Sample 17	2	1	8	67400	36.96	1.18
B5	Sample 17	2	1	9	72390	36.96	1.18
B5	Sample 17	2	1	10	77400	36.96	1.18
B5	Sample 17	2	1	11	82400	36.96	1.18
B5	Sample 17	2	1	12	87400	37	1.19
B5	Sample 17	2	1	13	92400	37	1.18
B5	Sample 17	2	1	14	97400	36.96	1.18
B5	Sample 17	2	1	15	102410	37	1.18
B6	Sample 18	2	1	1	32360	36.96	1.22
B6	Sample 18	2	1	2	37400	37	1.19
B6	Sample 18	2	1	3	42390	37	1.20
B6	Sample 18	2	1	4	47400	36.96	1.18
B6	Sample 18	2	1	5	52400	36.96	1.17
B6	Sample 18	2	1	6	57400	37	1.17
B6	Sample 18	2	1	7	62400	37	1.17
B6	Sample 18	2	1	8	67400	36.96	1.17
B6	Sample 18	2	1	9	72390	36.96	1.17
B6	Sample 18	2	1	10	77400	36.96	1.17
B6	Sample 18	2	1	11	82400	36.96	1.17
B6	Sample 18	2	1	12	87400	37	1.17
B6	Sample 18	2	1	13	92400	37	1.16
B6	Sample 18	2	1	14	97400	36.96	1.16
B6	Sample 18	2	1	15	102410	37	1.16
B7	Sample 19	2	1	1	32360	36.96	1.21
B7	Sample 19	2	1	2	37400	37	1.21
B7	Sample 19	2	1	3	42390	37	1.21
B7	Sample 19	2	1	4	47400	36.96	1.19
B7	Sample 19	2	1	5	52400	36.96	1.19
B7	Sample 19	2	1	6	57400	37	1.18
B7	Sample 19	2	1	7	62400	37	1.18
B7	Sample 19	2	1	8	67400	36.96	1.18
B7	Sample 19	2	1	9	72390	36.96	1.18
B7	Sample 19	2	1	10	77400	36.96	1.18
B7	Sample 19	2	1	11	82400	36.96	1.17
B7	Sample 19	2	1	12	87400	37	1.18
B7	Sample 19	2	1	13	92400	37	1.18
B7	Sample 19	2	1	14	97400	36.96	1.18
B7	Sample 19	2	1	15	102410	37	1.17
B8	Sample 20	2	1	1	32360	36.96	1.17
B8	Sample 20	2	1	2	37400	37	1.16
B8	Sample 20	2	1	3	42390	37	1.16
B8	Sample 20	2	1	4	47400	36.96	1.14
B8	Sample 20	2	1	5	52400	36.96	1.14
B8	Sample 20	2	1	6	57400	37	1.14
B8	Sample 20	2	1	7	62400	37	1.13
B8	Sample 20	2	1	8	67400	36.96	1.14
B8	Sample 20	2	1	9	72390	36.96	1.14
B8	Sample 20	2	1	10	77400	36.96	1.14
B8	Sample 20	2	1	11	82400	36.96	1.13
B8	Sample 20	2	1	12	87400	37	1.14
B8	Sample 20	2	1	13	92400	37	1.13
B8	Sample 20	2	1	14	97400	36.96	1.13
B8	Sample 20	2	1	15	102410	37	1.13
B9	Sample 21	2	1	1	32360	36.96	0.47
B9	Sample 21	2	1	2	37400	37	0.46
B9	Sample 21	2	1	3	42390	37	0.47
B9	Sample 21	2	1	4	47400	36.96	0.46
B9	Sample 21	2	1	5	52400	36.96	0.45
B9	Sample 21	2	1	6	57400	37	0.46
B9	Sample 21	2	1	7	62400	37	0.45
B9	Sample 21	2	1	8	67400	36.96	0.46
B9	Sample 21	2	1	9	72390	36.96	0.46
B9	Sample 21	2	1	10	77400	36.96	0.45
B9	Sample 21	2	1	11	82400	36.96	0.45
B9	Sample 21	2	1	12	87400	37	0.45
B9	Sample 21	2	1	13	92400	37	0.45
B9	Sample 21	2	1	14	97400	36.96	0.45
B9	Sample 21	2	1	15	102410	37	0.45
B10	Sample 22	2	1	1	32360	36.96	0.47
B10	Sample 22	2	1	2	37400	37	0.46
B10	Sample 22	2	1	3	42390	37	0.46
B10	Sample 22	2	1	4	47400	36.96	0.45
B10	Sample 22	2	1	5	52400	36.96	0.45
B10	Sample 22	2	1	6	57400	37	0.46
B10	Sample 22	2	1	7	62400	37	0.45
B10	Sample 22	2	1	8	67400	36.96	0.45
B10	Sample 22	2	1	9	72390	36.96	0.45
B10	Sample 22	2	1	10	77400	36.96	0.45
B10	Sample 22	2	1	11	82400	36.96	0.45
B10	Sample 22	2	1	12	87400	37	0.45
B10	Sample 22	2	1	13	92400	37	0.45
B10	Sample 22	2	1	14	97400	36.96	0.45
B10	Sample 22	2	1	15	102410	37	0.45
B11	Sample 23	2	1	1	32360	36.96	0.52
B11	Sample 23	2	1	2	37400	37	0.52
B11	Sample 23	2	1	3	42390	37	0.51
B11	Sample 23	2	1	4	47400	36.96	0.51
B11	Sample 23	2	1	5	52400	36.96	0.51
B11	Sample 23	2	1	6	57400	37	0.50
B11	Sample 23	2	1	7	62400	37	0.51
B11	Sample 23	2	1	8	67400	36.96	0.51
B11	Sample 23	2	1	9	72390	36.96	0.51
B11	Sample 23	2	1	10	77400	36.96	0.51
B11	Sample 23	2	1	11	82400	36.96	0.50
B11	Sample 23	2	1	12	87400	37	0.51
B11	Sample 23	2	1	13	92400	37	0.50
B11	Sample 23	2	1	14	97400	36.96	0.51
B11	Sample 23	2	1	15	102410	37	0.51
B12	Sample 24	2	1	1	32360	36.96	0.46
B12	Sample 24	2	1	2	37400	37	0.46
B12	Sample 24	2	1	3	42390	37	0.47
B12	Sample 24	2	1	4	47400	36.96	0.45
B12	Sample 24	2	1	5	52400	36.96	0.46
B12	Sample 24	2	1	6	57400	37	0.46
B12	Sample 24	2	1	7	62400	37	0.46
B12	Sample 24	2	1	8	67400	36.96	0.45
B12	Sample 24	2	1	9	72390	36.96	0.46
B12	Sample 24	2	1	10	77400	36.96	0.45
B12	Sample 24	2	1	11	82400	36.96	0.45
B12	Sample 24	2	1	12	87400	37	0.45
B12	Sample 24	2	1	13	92400	37	0.45
B12	Sample 24	2	1	14	97400	36.96	0.45
B12	Sample 24	2	1	15	102410	37	0.45
C1	Sample 25	2	1	1	32360	36.96	0.87
C1	Sample 25	2	1	2	37400	37	0.87
C1	Sample 25	2	1	3	42390	37	0.86
C1	Sample 25	2	1	4	47400	36.96	0.86
C1	Sample 25	2	1	5	52400	36.96	0.85
C1	Sample 25	2	1	6	57400	37	0.84
C1	Sample 25	2	1	7	62400	37	0.84
C1	Sample 25	2	1	8	67400	36.96	0.84
C1	Sample 25	2	1	9	72390	36.96	0.84
C1	Sample 25	2	1	10	77400	36.96	0.84
C1	Sample 25	2	1	11	82400	36.96	0.84
C1	Sample 25	2	1	12	87400	37	0.84
C1	Sample 25	2	1	13	92400	37	0.84
C1	Sample 25	2	1	14	97400	36.96	0.84
C1	Sample 25	2	1	15	102410	37	0.84
C2	Sample 26	2	1	1	32360	36.96	0.88
C2	Sample 26	2	1	2	37400	37	0.87
C2	Sample 26	2	1	3	42390	37	0.87
C2	Sample 26	2	1	4	47400	36.96	0.86
C2	Sample 26	2	1	5	52400	36.96	0.85
C2	Sample 26	2	1	6	57400	37	0.85
C2	Sample 26	2	1	7	62400	37	0.85
C2	Sample 26	2	1	8	67400	36.96	0.85
C2	Sample 26	2	1	9	72390	36.96	0.85
C2	Sample 26	2	1	10	77400	36.96	0.85
C2	Sample 26	2	1	11	82400	36.96	0.86
C2	Sample 26	2	1	12	87400	37	0.85
C2	Sample 26	2	1	13	92400	37	0.85
C2	Sample 26	2	1	14	97400	36.96	0.84
C2	Sample 26	2	1	15	102410	37	0.85
C3	Sample 27	2	1	1	32360	36.96	0.95
C3	Sample 27	2	1	2	37400	37	0.95
C3	Sample 27	2	1	3	42390	37	0.94
C3	Sample 27	2	1	4	47400	36.96	0.93
C3	Sample 27	2	1	5	52400	36.96	0.93
C3	Sample 27	2	1	6	57400	37	0.92
C3	Sample 27	2	1	7	62400	37	0.93
C3	Sample 27	2	1	8	67400	36.96	0.93
C3	Sample 27	2	1	9	72390	36.96	0.92
C3	Sample 27	2	1	10	77400	36.96	0.93
C3	Sample 27	2	1	11	82400	36.96	0.93
C3	Sample 27	2	1	12	87400	37	0.93
C3	Sample 27	2	1	13	92400	37	0.93
C3	Sample 27	2	1	14	97400	36.96	0.92
C3	Sample 27	2	1	15	102410	37	0.93
C4	Sample 28	2	1	1	32360	36.96	0.95
C4	Sample 28	2	1	2	37400	37	0.94
C4	Sample 28	2	1	3	42390	37	0.94
C4	Sample 28	2	1	4	47400	36.96	0.93
C4	Sample 28	2	1	5	52400	36.96	0.92
C4	Sample 28	2	1	6	57400	37	0.91
C4	Sample 28	2	1	7	62400	37	0.91
C4	Sample 28	2	1	8	67400	36.96	0.92
C4	Sample 28	2	1	9	72390	36.96	0.91
C4	Sample 28	2	1	10	77400	36.96	0.92
C4	Sample 28	2	1	11	82400	36.96	0.91
C4	Sample 28	2	1	12	87400	37	0.91
C4	Sample 28	2	1	13	92400	37	0.91
C4	Sample 28	2	1	14	97400	36.96	0.91
C4	Sample 28	2	1	15	102410	37	0.91
C5	Sample 29	2	1	1	32360	36.96	1.17
C5	Sample 29	2	1	2	37400	37	1.15
C5	Sample 29	2	1	3	42390	37	1.14
C5	Sample 29	2	1	4	47400	36.96	1.14
C5	Sample 29	2	1	5	52400	36.96	1.14
C5	Sample 29	2	1	6	57400	37	1.13
C5	Sample 29	2	1	7	62400	37	1.13
C5	Sample 29	2	1	8	67400	36.96	1.13
C5	Sample 29	2	1	9	72390	36.96	1.13
C5	Sample 29	2	1	10	77400	36.96	1.13
C5	Sample 29	2	1	11	82400	36.96	1.13
C5	Sample 29	2	1	12	87400	37	1.12
C5	Sample 29	2	1	13	92400	37	1.12
C5	Sample 29	2	1	14	97400	36.96	1.12
C5	Sample 29	2	1	15	102410	37	1.13
C6	Sample 30	2	1	1	32360	36.96	1.22
C6	Sample 30	2	1	2	37400	37	1.22
C6	Sample 30	2	1	3	42390	37	1.21
C6	Sample 30	2	1	4	47400	36.96	1.20
C6	Sample 30	2	1	5	52400	36.96	1.20
C6	Sample 30	2	1	6	57400	37	1.19
C6	Sample 30	2	1	7	62400	37	1.19
C6	Sample 30	2	1	8	67400	36.96	1.19
C6	Sample 30	2	1	9	72390	36.96	1.19
C6	Sample 30	2	1	10	77400	36.96	1.18
C6	Sample 30	2	1	11	82400	36.96	1.19
C6	Sample 30	2	1	12	87400	37	1.19
C6	Sample 30	2	1	13	92400	37	1.18
C6	Sample 30	2	1	14	97400	36.96	1.18
C6	Sample 30	2	1	15	102410	37	1.18
C7	Sample 31	2	1	1	32360	36.96	1.28
C7	Sample 31	2	1	2	37400	37	1.27
C7	Sample 31	2	1	3	42390	37	1.26
C7	Sample 31	2	1	4	47400	36.96	1.26
C7	Sample 31	2	1	5	52400	36.96	1.25
C7	Sample 31	2	1	6	57400	37	1.25
C7	Sample 31	2	1	7	62400	37	1.25
C7	Sample 31	2	1	8	67400	36.96	1.24
C7	Sample 31	2	1	9	72390	36.96	1.24
C7	Sample 31	2	1	10	77400	36.96	1.25
C7	Sample 31	2	1	11	82400	36.96	1.25
C7	Sample 31	2	1	12	87400	37	1.25
C7	Sample 31	2	1	13	92400	37	1.24
C7	Sample 31	2	1	14	97400	36.96	1.24
C7	Sample 31	2	1	15	102410	37	1.24
C8	Sample 32	2	1	1	32360	36.96	1.24
C8	Sample 32	2	1	2	37400	37	1.22
C8	Sample 32	2	1	3	42390	37	1.21
C8	Sample 32	2	1	4	47400	36.96	1.21
C8	Sample 32	2	1	5	52400	36.96	1.20
C8	Sample 32	2	1	6	57400	37	1.20
C8	Sample 32	2	1	7	62400	37	1.19
C8	Sample 32	2	1	8	67400	36.96	1.20
C8	Sample 32	2	1	9	72390	36.96	1.20
C8	Sample 32	2	1	10	77400	36.96	1.19
C8	Sample 32	2	1	11	82400	36.96	1.20
C8	Sample 32	2	1	12	87400	37	1.19
C8	Sample 32	2	1	13	92400	37	1.19
C8	Sample 32	2	1	14	97400	36.96	1.19
C8	Sample 32	2	1	15	102410	37	1.20
C9	Sample 33	2	1	1	32360	36.96	0.49
C9	Sample 33	2	1	2	37400	37	0.49
C9	Sample 33	2	1	3	42390	37	0.49
C9	Sample 33	2	1	4	47400	36.96	0.48
C9	Sample 33	2	1	5	52400	36.96	0.48
C9	Sample 33	2	1	6	57400	37	0.47
C9	Sample 33	2	1	7	62400	37	0.47
C9	Sample 33	2	1	8	67400	36.96	0.48
C9	Sample 33	2	1	9	72390	36.96	0.47
C9	Sample 33	2	1	10	77400	36.96	0.48
C9	Sample 33	2	1	11	82400	36.96	0.47
C9	Sample 33	2	1	12	87400	37	0.47
C9	Sample 33	2	1	13	92400	37	0.47
C9	Sample 33	2	1	14	97400	36.96	0.47
C9	Sample 33	2	1	15	102410	37	0.47
C10	Sample 34	2	1	1	32360	36.96	0.46
C10	Sample 34	2	1	2	37400	37	0.46
C10	Sample 34	2	1	3	42390	37	0.46
C10	Sample 34	2	1	4	47400	36.96	0.45
C10	Sample 34	2	1	5	52400	36.96	0.45
C10	Sample 34	2	1	6	57400	37	0.45
C10	Sample 34	2	1	7	62400	37	0.45
C10	Sample 34	2	1	8	67400	36.96	0.45
C10	Sample 34	2	1	9	72390	36.96	0.45
C10	Sample 34	2	1	10	77400	36.96	0.45
C10	Sample 34	2	1	11	82400	36.96	0.45
C10	Sample 34	2	1	12	87400	37	0.45
C10	Sample 34	2	1	13	92400	37	0.44
C10	Sample 34	2	1	14	97400	36.96	0.44
C10	Sample 34	2	1	15	102410	37	0.44
C11	Sample 35	2	1	1	32360	36.96	0.48
C11	Sample 35	2	1	2	37400	37	0.47
C11	Sample 35	2	1	3	42390	37	0.48
C11	Sample 35	2	1	4	47400	36.96	0.47
C11	Sample 35	2	1	5	52400	36.96	0.46
C11	Sample 35	2	1	6	57400	37	0.47
C11	Sample 35	2	1	7	62400	37	0.47
C11	Sample 35	2	1	8	67400	36.96	0.47
C11	Sample 35	2	1	9	72390	36.96	0.47
C11	Sample 35	2	1	10	77400	36.96	0.46
C11	Sample 35	2	1	11	82400	36.96	0.47
C11	Sample 35	2	1	12	87400	37	0.47
C11	Sample 35	2	1	13	92400	37	0.46
C11	Sample 35	2	1	14	97400	36.96	0.46
C11	Sample 35	2	1	15	102410	37	0.47
C12	Sample 36	2	1	1	32360	36.96	0.47
C12	Sample 36	2	1	2	37400	37	0.46
C12	Sample 36	2	1	3	42390	37	0.46
C12	Sample 36	2	1	4	47400	36.96	0.46
C12	Sample 36	2	1	5	52400	36.96	0.46
C12	Sample 36	2	1	6	57400	37	0.46
C12	Sample 36	2	1	7	62400	37	0.45
C12	Sample 36	2	1	8	67400	36.96	0.46
C12	Sample 36	2	1	9	72390	36.96	0.45
C12	Sample 36	2	1	10	77400	36.96	0.45
C12	Sample 36	2	1	11	82400	36.96	0.45
C12	Sample 36	2	1	12	87400	37	0.45
C12	Sample 36	2	1	13	92400	37	0.45
C12	Sample 36	2	1	14	97400	36.96	0.45
C12	Sample 36	2	1	15	102410	37	0.45
D1	Sample 37	2	1	1	32360	36.96	0.93
D1	Sample 37	2	1	2	37400	37	0.92
D1	Sample 37	2	1	3	42390	37	0.92
D1	Sample 37	2	1	4	47400	36.96	0.92
D1	Sample 37	2	1	5	52400	36.96	0.91
D1	Sample 37	2	1	6	57400	37	0.90
D1	Sample 37	2	1	7	62400	37	0.90
D1	Sample 37	2	1	8	67400	36.96	0.90
D1	Sample 37	2	1	9	72390	36.96	0.90
D1	Sample 37	2	1	10	77400	36.96	0.90
D1	Sample 37	2	1	11	82400	36.96	0.90
D1	Sample 37	2	1	12	87400	37	0.90
D1	Sample 37	2	1	13	92400	37	0.89
D1	Sample 37	2	1	14	97400	36.96	0.90
D1	Sample 37	2	1	15	102410	37	0.89
D2	Sample 38	2	1	1	32360	36.96	0.87
D2	Sample 38	2	1	2	37400	37	0.87
D2	Sample 38	2	1	3	42390	37	0.87
D2	Sample 38	2	1	4	47400	36.96	0.86
D2	Sample 38	2	1	5	52400	36.96	0.85
D2	Sample 38	2	1	6	57400	37	0.85
D2	Sample 38	2	1	7	62400	37	0.85
D2	Sample 38	2	1	8	67400	36.96	0.86
D2	Sample 38	2	1	9	72390	36.96	0.85
D2	Sample 38	2	1	10	77400	36.96	0.85
D2	Sample 38	2	1	11	82400	36.96	0.85
D2	Sample 38	2	1	12	87400	37	0.85
D2	Sample 38	2	1	13	92400	37	0.84
D2	Sample 38	2	1	14	97400	36.96	0.85
D2	Sample 38	2	1	15	102410	37	0.86
D3	Sample 39	2	1	1	32360	36.96	0.92
D3	Sample 39	2	1	2	37400	37	0.92
D3	Sample 39	2	1	3	42390	37	0.92
D3	Sample 39	2	1	4	47400	36.96	0.91
D3	Sample 39	2	1	5	52400	36.96	0.91
D3	Sample 39	2	1	6	57400	37	0.90
D3	Sample 39	2	1	7	62400	37	0.90
D3	Sample 39	2	1	8	67400	36.96	0.91
D3	Sample 39	2	1	9	72390	36.96	0.90
D3	Sample 39	2	1	10	77400	36.96	0.90
D3	Sample 39	2	1	11	82400	36.96	0.90
D3	Sample 39	2	1	12	87400	37	0.90
D3	Sample 39	2	1	13	92400	37	0.90
D3	Sample 39	2	1	14	97400	36.96	0.90
D3	Sample 39	2	1	15	102410	37	0.91
D4	Sample 40	2	1	1	32360	36.96	0.93
D4	Sample 40	2	1	2	37400	37	0.93
D4	Sample 40	2	1	3	42390	37	0.93
D4	Sample 40	2	1	4	47400	36.96	0.92
D4	Sample 40	2	1	5	52400	36.96	0.91
D4	Sample 40	2	1	6	57400	37	0.91
D4	Sample 40	2	1	7	62400	37	0.91
D4	Sample 40	2	1	8	67400	36.96	0.92
D4	Sample 40	2	1	9	72390	36.96	0.91
D4	Sample 40	2	1	10	77400	36.96	0.92
D4	Sample 40	2	1	11	82400	36.96	0.91
D4	Sample 40	2	1	12	87400	37	0.91
D4	Sample 40	2	1	13	92400	37	0.90
D4	Sample 40	2	1	14	97400	36.96	0.90
D4	Sample 40	2	1	15	102410	37	0.91
D5	Sample 41	2	1	1	32360	36.96	1.18
D5	Sample 41	2	1	2	37400	37	1.17
D5	Sample 41	2	1	3	42390	37	1.17
D5	Sample 41	2	1	4	47400	36.96	1.16
D5	Sample 41	2	1	5	52400	36.96	1.14
D5	Sample 41	2	1	6	57400	37	1.15
D5	Sample 41	2	1	7	62400	37	1.14
D5	Sample 41	2	1	8	67400	36.96	1.14
D5	Sample 41	2	1	9	72390	36.96	1.14
D5	Sample 41	2	1	10	77400	36.96	1.14
D5	Sample 41	2	1	11	82400	36.96	1.14
D5	Sample 41	2	1	12	87400	37	1.15
D5	Sample 41	2	1	13	92400	37	1.14
D5	Sample 41	2	1	14	97400	36.96	1.14
D5	Sample 41	2	1	15	102410	37	1.14
D6	Sample 42	2	1	1	32360	36.96	1.20
D6	Sample 42	2	1	2	37400	37	1.19
D6	Sample 42	2	1	3	42390	37	1.20
D6	Sample 42	2	1	4	47400	36.96	1.18
D6	Sample 42	2	1	5	52400	36.96	1.18
D6	Sample 42	2	1	6	57400	37	1.17
D6	Sample 42	2	1	7	62400	37	1.17
D6	Sample 42	2	1	8	67400	36.96	1.17
D6	Sample 42	2	1	9	72390	36.96	1.17
D6	Sample 42	2	1	10	77400	36.96	1.17
D6	Sample 42	2	1	11	82400	36.96	1.17
D6	Sample 42	2	1	12	87400	37	1.17
D6	Sample 42	2	1	13	92400	37	1.17
D6	Sample 42	2	1	14	97400	36.96	1.17
D6	Sample 42	2	1	15	102410	37	1.17
D7	Sample 43	2	1	1	32360	36.96	1.31
D7	Sample 43	2	1	2	37400	37	1.30
D7	Sample 43	2	1	3	42390	37	1.30
D7	Sample 43	2	1	4	47400	36.96	1.29
D7	Sample 43	2	1	5	52400	36.96	1.28
D7	Sample 43	2	1	6	57400	37	1.28
D7	Sample 43	2	1	7	62400	37	1.28
D7	Sample 43	2	1	8	67400	36.96	1.28
D7	Sample 43	2	1	9	72390	36.96	1.28
D7	Sample 43	2	1	10	77400	36.96	1.28
D7	Sample 43	2	1	11	82400	36.96	1.27
D7	Sample 43	2	1	12	87400	37	1.27
D7	Sample 43	2	1	13	92400	37	1.27
D7	Sample 43	2	1	14	97400	36.96	1.27
D7	Sample 43	2	1	15	102410	37	1.27
D8	Sample 44	2	1	1	32360	36.96	1.25
D8	Sample 44	2	1	2	37400	37	1.25
D8	Sample 44	2	1	3	42390	37	1.25
D8	Sample 44	2	1	4	47400	36.96	1.23
D8	Sample 44	2	1	5	52400	36.96	1.22
D8	Sample 44	2	1	6	57400	37	1.23
D8	Sample 44	2	1	7	62400	37	1.22
D8	Sample 44	2	1	8	67400	36.96	1.22
D8	Sample 44	2	1	9	72390	36.96	1.22
D8	Sample 44	2	1	10	77400	36.96	1.23
D8	Sample 44	2	1	11	82400	36.96	1.22
D8	Sample 44	2	1	12	87400	37	1.21
D8	Sample 44	2	1	13	92400	37	1.22
D8	Sample 44	2	1	14	97400	36.96	1.21
D8	Sample 44	2	1	15	102410	37	1.22
D9	Sample 45	2	1	1	32360	36.96	0.48
D9	Sample 45	2	1	2	37400	37	0.49
D9	Sample 45	2	1	3	42390	37	0.48
D9	Sample 45	2	1	4	47400	36.96	0.49
D9	Sample 45	2	1	5	52400	36.96	0.47
D9	Sample 45	2	1	6	57400	37	0.48
D9	Sample 45	2	1	7	62400	37	0.47
D9	Sample 45	2	1	8	67400	36.96	0.48
D9	Sample 45	2	1	9	72390	36.96	0.47
D9	Sample 45	2	1	10	77400	36.96	0.47
D9	Sample 45	2	1	11	82400	36.96	0.47
D9	Sample 45	2	1	12	87400	37	0.47
D9	Sample 45	2	1	13	92400	37	0.47
D9	Sample 45	2	1	14	97400	36.96	0.47
D9	Sample 45	2	1	15	102410	37	0.48
D10	Sample 46	2	1	1	32360	36.96	0.47
D10	Sample 46	2	1	2	37400	37	0.47
D10	Sample 46	2	1	3	42390	37	0.47
D10	Sample 46	2	1	4	47400	36.96	0.46
D10	Sample 46	2	1	5	52400	36.96	0.46
D10	Sample 46	2	1	6	57400	37	0.46
D10	Sample 46	2	1	7	62400	37	0.46
D10	Sample 46	2	1	8	67400	36.96	0.46
D10	Sample 46	2	1	9	72390	36.96	0.45
D10	Sample 46	2	1	10	77400	36.96	0.46
D10	Sample 46	2	1	11	82400	36.96	0.45
D10	Sample 46	2	1	12	87400	37	0.45
D10	Sample 46	2	1	13	92400	37	0.45
D10	Sample 46	2	1	14	97400	36.96	0.45
D10	Sample 46	2	1	15	102410	37	0.46
D11	Sample 47	2	1	1	32360	36.96	0.50
D11	Sample 47	2	1	2	37400	37	0.50
D11	Sample 47	2	1	3	42390	37	0.50
D11	Sample 47	2	1	4	47400	36.96	0.49
D11	Sample 47	2	1	5	52400	36.96	0.49
D11	Sample 47	2	1	6	57400	37	0.49
D11	Sample 47	2	1	7	62400	37	0.49
D11	Sample 47	2	1	8	67400	36.96	0.49
D11	Sample 47	2	1	9	72390	36.96	0.49
D11	Sample 47	2	1	10	77400	36.96	0.49
D11	Sample 47	2	1	11	82400	36.96	0.49
D11	Sample 47	2	1	12	87400	37	0.49
D11	Sample 47	2	1	13	92400	37	0.48
D11	Sample 47	2	1	14	97400	36.96	0.48
D11	Sample 47	2	1	15	102410	37	0.49
D12	Sample 48	2	1	1	32360	36.96	0.47
D12	Sample 48	2	1	2	37400	37	0.47
D12	Sample 48	2	1	3	42390	37	0.47
D12	Sample 48	2	1	4	47400	36.96	0.46
D12	Sample 48	2	1	5	52400	36.96	0.46
D12	Sample 48	2	1	6	57400	37	0.46
D12	Sample 48	2	1	7	62400	37	0.45
D12	Sample 48	2	1	8	67400	36.96	0.46
D12	Sample 48	2	1	9	72390	36.96	0.45
D12	Sample 48	2	1	10	77400	36.96	0.46
D12	Sample 48	2	1	11	82400	36.96	0.46
D12	Sample 48	2	1	12	87400	37	0.46
D12	Sample 48	2	1	13	92400	37	0.45
D12	Sample 48	2	1	14	97400	36.96	0.46
D12	Sample 48	2	1	15	102410	37	0.46
E1	Sample 49	2	1	1	32360	36.96	0.92
E1	Sample 49	2	1	2	37400	37	0.92
E1	Sample 49	2	1	3	42390	37	0.91
E1	Sample 49	2	1	4	47400	36.96	0.91
E1	Sample 49	2	1	5	52400	36.96	0.91
E1	Sample 49	2	1	6	57400	37	0.90
E1	Sample 49	2	1	7	62400	37	0.90
E1	Sample 49	2	1	8	67400	36.96	0.90
E1	Sample 49	2	1	9	72390	36.96	0.90
E1	Sample 49	2	1	10	77400	36.96	0.90
E1	Sample 49	2	1	11	82400	36.96	0.90
E1	Sample 49	2	1	12	87400	37	0.90
E1	Sample 49	2	1	13	92400	37	0.90
E1	Sample 49	2	1	14	97400	36.96	0.89
E1	Sample 49	2	1	15	102410	37	0.89
E2	Sample 50	2	1	1	32360	36.96	0.88
E2	Sample 50	2	1	2	37400	37	0.88
E2	Sample 50	2	1	3	42390	37	0.87
E2	Sample 50	2	1	4	47400	36.96	0.86
E2	Sample 50	2	1	5	52400	36.96	0.86
E2	Sample 50	2	1	6	57400	37	0.86
E2	Sample 50	2	1	7	62400	37	0.86
E2	Sample 50	2	1	8	67400	36.96	0.86
E2	Sample 50	2	1	9	72390	36.96	0.86
E2	Sample 50	2	1	10	77400	36.96	0.86
E2	Sample 50	2	1	11	82400	36.96	0.86
E2	Sample 50	2	1	12	87400	37	0.86
E2	Sample 50	2	1	13	92400	37	0.85
E2	Sample 50	2	1	14	97400	36.96	0.85
E2	Sample 50	2	1	15	102410	37	0.85
E3	Sample 51	2	1	1	32360	36.96	0.94
E3	Sample 51	2	1	2	37400	37	0.94
E3	Sample 51	2	1	3	42390	37	0.93
E3	Sample 51	2	1	4	47400	36.96	0.93
E3	Sample 51	2	1	5	52400	36.96	0.93
E3	Sample 51	2	1	6	57400	37	0.92
E3	Sample 51	2	1	7	62400	37	0.92
E3	Sample 51	2	1	8	67400	36.96	0.92
E3	Sample 51	2	1	9	72390	36.96	0.91
E3	Sample 51	2	1	10	77400	36.96	0.91
E3	Sample 51	2	1	11	82400	36.96	0.91
E3	Sample 51	2	1	12	87400	37	0.92
E3	Sample 51	2	1	13	92400	37	0.91
E3	Sample 51	2	1	14	97400	36.96	0.91
E3	Sample 51	2	1	15	102410	37	0.92
E4	Sample 52	2	1	1	32360	36.96	0.94
E4	Sample 52	2	1	2	37400	37	0.94
E4	Sample 52	2	1	3	42390	37	0.93
E4	Sample 52	2	1	4	47400	36.96	0.93
E4	Sample 52	2	1	5	52400	36.96	0.92
E4	Sample 52	2	1	6	57400	37	0.92
E4	Sample 52	2	1	7	62400	37	0.92
E4	Sample 52	2	1	8	67400	36.96	0.92
E4	Sample 52	2	1	9	72390	36.96	0.92
E4	Sample 52	2	1	10	77400	36.96	0.92
E4	Sample 52	2	1	11	82400	36.96	0.91
E4	Sample 52	2	1	12	87400	37	0.91
E4	Sample 52	2	1	13	92400	37	0.91
E4	Sample 52	2	1	14	97400	36.96	0.91
E4	Sample 52	2	1	15	102410	37	0.92
E5	Sample 53	2	1	1	32360	36.96	1.29
E5	Sample 53	2	1	2	37400	37	1.29
E5	Sample 53	2	1	3	42390	37	1.27
E5	Sample 53	2	1	4	47400	36.96	1.27
E5	Sample 53	2	1	5	52400	36.96	1.26
E5	Sample 53	2	1	6	57400	37	1.26
E5	Sample 53	2	1	7	62400	37	1.25
E5	Sample 53	2	1	8	67400	36.96	1.25
E5	Sample 53	2	1	9	72390	36.96	1.25
E5	Sample 53	2	1	10	77400	36.96	1.26
E5	Sample 53	2	1	11	82400	36.96	1.26
E5	Sample 53	2	1	12	87400	37	1.26
E5	Sample 53	2	1	13	92400	37	1.26
E5	Sample 53	2	1	14	97400	36.96	1.25
E5	Sample 53	2	1	15	102410	37	1.25
E6	Sample 54	2	1	1	32360	36.96	1.25
E6	Sample 54	2	1	2	37400	37	1.25
E6	Sample 54	2	1	3	42390	37	1.24
E6	Sample 54	2	1	4	47400	36.96	1.24
E6	Sample 54	2	1	5	52400	36.96	1.23
E6	Sample 54	2	1	6	57400	37	1.22
E6	Sample 54	2	1	7	62400	37	1.22
E6	Sample 54	2	1	8	67400	36.96	1.22
E6	Sample 54	2	1	9	72390	36.96	1.22
E6	Sample 54	2	1	10	77400	36.96	1.22
E6	Sample 54	2	1	11	82400	36.96	1.22
E6	Sample 54	2	1	12	87400	37	1.23
E6	Sample 54	2	1	13	92400	37	1.22
E6	Sample 54	2	1	14	97400	36.96	1.21
E6	Sample 54	2	1	15	102410	37	1.22
E7	Sample 55	2	1	1	32360	36.96	1.47
E7	Sample 55	2	1	2	37400	37	1.46
E7	Sample 55	2	1	3	42390	37	1.45
E7	Sample 55	2	1	4	47400	36.96	1.45
E7	Sample 55	2	1	5	52400	36.96	1.43
E7	Sample 55	2	1	6	57400	37	1.44
E7	Sample 55	2	1	7	62400	37	1.44
E7	Sample 55	2	1	8	67400	36.96	1.43
E7	Sample 55	2	1	9	72390	36.96	1.44
E7	Sample 55	2	1	10	77400	36.96	1.43
E7	Sample 55	2	1	11	82400	36.96	1.44
E7	Sample 55	2	1	12	87400	37	1.44
E7	Sample 55	2	1	13	92400	37	1.43
E7	Sample 55	2	1	14	97400	36.96	1.44
E7	Sample 55	2	1	15	102410	37	1.45
E8	Sample 56	2	1	1	32360	36.96	1.38
E8	Sample 56	2	1	2	37400	37	1.37
E8	Sample 56	2	1	3	42390	37	1.35
E8	Sample 56	2	1	4	47400	36.96	1.34
E8	Sample 56	2	1	5	52400	36.96	1.34
E8	Sample 56	2	1	6	57400	37	1.34
E8	Sample 56	2	1	7	62400	37	1.33
E8	Sample 56	2	1	8	67400	36.96	1.34
E8	Sample 56	2	1	9	72390	36.96	1.33
E8	Sample 56	2	1	10	77400	36.96	1.33
E8	Sample 56	2	1	11	82400	36.96	1.33
E8	Sample 56	2	1	12	87400	37	1.33
E8	Sample 56	2	1	13	92400	37	1.33
E8	Sample 56	2	1	14	97400	36.96	1.33
E8	Sample 56	2	1	15	102410	37	1.33
E9	Sample 57	2	1	1	32360	36.96	0.55
E9	Sample 57	2	1	2	37400	37	0.54
E9	Sample 57	2	1	3	42390	37	0.54
E9	Sample 57	2	1	4	47400	36.96	0.54
E9	Sample 57	2	1	5	52400	36.96	0.54
E9	Sample 57	2	1	6	57400	37	0.53
E9	Sample 57	2	1	7	62400	37	0.53
E9	Sample 57	2	1	8	67400	36.96	0.53
E9	Sample 57	2	1	9	72390	36.96	0.53
E9	Sample 57	2	1	10	77400	36.96	0.53
E9	Sample 57	2	1	11	82400	36.96	0.53
E9	Sample 57	2	1	12	87400	37	0.53
E9	Sample 57	2	1	13	92400	37	0.53
E9	Sample 57	2	1	14	97400	36.96	0.53
E9	Sample 57	2	1	15	102410	37	0.53
E10	Sample 58	2	1	1	32360	36.96	0.56
E10	Sample 58	2	1	2	37400	37	0.55
E10	Sample 58	2	1	3	42390	37	0.55
E10	Sample 58	2	1	4	47400	36.96	0.54
E10	Sample 58	2	1	5	52400	36.96	0.54
E10	Sample 58	2	1	6	57400	37	0.54
E10	Sample 58	2	1	7	62400	37	0.54
E10	Sample 58	2	1	8	67400	36.96	0.55
E10	Sample 58	2	1	9	72390	36.96	0.54
E10	Sample 58	2	1	10	77400	36.96	0.54
E10	Sample 58	2	1	11	82400	36.96	0.54
E10	Sample 58	2	1	12	87400	37	0.54
E10	Sample 58	2	1	13	92400	37	0.54
E10	Sample 58	2	1	14	97400	36.96	0.53
E10	Sample 58	2	1	15	102410	37	0.54
E11	Sample 59	2	1	1	32360	36.96	0.70
E11	Sample 59	2	1	2	37400	37	0.69
E11	Sample 59	2	1	3	42390	37	0.70
E11	Sample 59	2	1	4	47400	36.96	0.69
E11	Sample 59	2	1	5	52400	36.96	0.68
E11	Sample 59	2	1	6	57400	37	0.69
E11	Sample 59	2	1	7	62400	37	0.67
E11	Sample 59	2	1	8	67400	36.96	0.68
E11	Sample 59	2	1	9	72390	36.96	0.68
E11	Sample 59	2	1	10	77400	36.96	0.68
E11	Sample 59	2	1	11	82400	36.96	0.68
E11	Sample 59	2	1	12	87400	37	0.68
E11	Sample 59	2	1	13	92400	37	0.68
E11	Sample 59	2	1	14	97400	36.96	0.68
E11	Sample 59	2	1	15	102410	37	0.68
E12	Sample 60	2	1	1	32360	36.96	0.64
E12	Sample 60	2	1	2	37400	37	0.64
E12	Sample 60	2	1	3	42390	37	0.64
E12	Sample 60	2	1	4	47400	36.96	0.64
E12	Sample 60	2	1	5	52400	36.96	0.63
E12	Sample 60	2	1	6	57400	37	0.63
E12	Sample 60	2	1	7	62400	37	0.62
E12	Sample 60	2	1	8	67400	36.96	0.62
E12	Sample 60	2	1	9	72390	36.96	0.62
E12	Sample 60	2	1	10	77400	36.96	0.62
E12	Sample 60	2	1	11	82400	36.96	0.62
E12	Sample 60	2	1	12	87400	37	0.62
E12	Sample 60	2	1	13	92400	37	0.62
E12	Sample 60	2	1	14	97400	36.96	0.62
E12	Sample 60	2	1	15	102410	37	0.62
F1	Sample 61	2	1	1	32360	36.96	0.89
F1	Sample 61	2	1	2	37400	37	0.89
F1	Sample 61	2	1	3	42390	37	0.88
F1	Sample 61	2	1	4	47400	36.96	0.87
F1	Sample 61	2	1	5	52400	36.96	0.87
F1	Sample 61	2	1	6	57400	37	0.87
F1	Sample 61	2	1	7	62400	37	0.86
F1	Sample 61	2	1	8	67400	36.96	0.86
F1	Sample 61	2	1	9	72390	36.96	0.86
F1	Sample 61	2	1	10	77400	36.96	0.86
F1	Sample 61	2	1	11	82400	36.96	0.86
F1	Sample 61	2	1	12	87400	37	0.86
F1	Sample 61	2	1	13	92400	37	0.86
F1	Sample 61	2	1	14	97400	36.96	0.85
F1	Sample 61	2	1	15	102410	37	0.85
F2	Sample 62	2	1	1	32360	36.96	0.89
F2	Sample 62	2	1	2	37400	37	0.89
F2	Sample 62	2	1	3	42390	37	0.89
F2	Sample 62	2	1	4	47400	36.96	0.88
F2	Sample 62	2	1	5	52400	36.96	0.88
F2	Sample 62	2	1	6	57400	37	0.87
F2	Sample 62	2	1	7	62400	37	0.87
F2	Sample 62	2	1	8	67400	36.96	0.88
F2	Sample 62	2	1	9	72390	36.96	0.87
F2	Sample 62	2	1	10	77400	36.96	0.87
F2	Sample 62	2	1	11	82400	36.96	0.86
F2	Sample 62	2	1	12	87400	37	0.87
F2	Sample 62	2	1	13	92400	37	0.87
F2	Sample 62	2	1	14	97400	36.96	0.86
F2	Sample 62	2	1	15	102410	37	0.87
F3	Sample 63	2	1	1	32360	36.96	0.98
F3	Sample 63	2	1	2	37400	37	0.97
F3	Sample 63	2	1	3	42390	37	0.96
F3	Sample 63	2	1	4	47400	36.96	0.95
F3	Sample 63	2	1	5	52400	36.96	0.95
F3	Sample 63	2	1	6	57400	37	0.95
F3	Sample 63	2	1	7	62400	37	0.94
F3	Sample 63	2	1	8	67400	36.96	0.95
F3	Sample 63	2	1	9	72390	36.96	0.95
F3	Sample 63	2	1	10	77400	36.96	0.95
F3	Sample 63	2	1	11	82400	36.96	0.94
F3	Sample 63	2	1	12	87400	37	0.95
F3	Sample 63	2	1	13	92400	37	0.95
F3	Sample 63	2	1	14	97400	36.96	0.95
F3	Sample 63	2	1	15	102410	37	0.94
F4	Sample 64	2	1	1	32360	36.96	0.98
F4	Sample 64	2	1	2	37400	37	0.97
F4	Sample 64	2	1	3	42390	37	0.97
F4	Sample 64	2	1	4	47400	36.96	0.95
F4	Sample 64	2	1	5	52400	36.96	0.96
F4	Sample 64	2	1	6	57400	37	0.95
F4	Sample 64	2	1	7	62400	37	0.95
F4	Sample 64	2	1	8	67400	36.96	0.96
F4	Sample 64	2	1	9	72390	36.96	0.94
F4	Sample 64	2	1	10	77400	36.96	0.95
F4	Sample 64	2	1	11	82400	36.96	0.94
F4	Sample 64	2	1	12	87400	37	0.95
F4	Sample 64	2	1	13	92400	37	0.95
F4	Sample 64	2	1	14	97400	36.96	0.94
F4	Sample 64	2	1	15	102410	37	0.94
F5	Sample 65	2	1	1	32360	36.96	1.32
F5	Sample 65	2	1	2	37400	37	1.32
F5	Sample 65	2	1	3	42390	37	1.31
F5	Sample 65	2	1	4	47400	36.96	1.30
F5	Sample 65	2	1	5	52400	36.96	1.30
F5	Sample 65	2	1	6	57400	37	1.29
F5	Sample 65	2	1	7	62400	37	1.29
F5	Sample 65	2	1	8	67400	36.96	1.29
F5	Sample 65	2	1	9	72390	36.96	1.30
F5	Sample 65	2	1	10	77400	36.96	1.28
F5	Sample 65	2	1	11	82400	36.96	1.28
F5	Sample 65	2	1	12	87400	37	1.29
F5	Sample 65	2	1	13	92400	37	1.29
F5	Sample 65	2	1	14	97400	36.96	1.28
F5	Sample 65	2	1	15	102410	37	1.28
F6	Sample 66	2	1	1	32360	36.96	1.32
F6	Sample 66	2	1	2	37400	37	1.31
F6	Sample 66	2	1	3	42390	37	1.32
F6	Sample 66	2	1	4	47400	36.96	1.30
F6	Sample 66	2	1	5	52400	36.96	1.30
F6	Sample 66	2	1	6	57400	37	1.29
F6	Sample 66	2	1	7	62400	37	1.29
F6	Sample 66	2	1	8	67400	36.96	1.30
F6	Sample 66	2	1	9	72390	36.96	1.29
F6	Sample 66	2	1	10	77400	36.96	1.29
F6	Sample 66	2	1	11	82400	36.96	1.29
F6	Sample 66	2	1	12	87400	37	1.29
F6	Sample 66	2	1	13	92400	37	1.29
F6	Sample 66	2	1	14	97400	36.96	1.29
F6	Sample 66	2	1	15	102410	37	1.29
F7	Sample 67	2	1	1	32360	36.96	1.45
F7	Sample 67	2	1	2	37400	37	1.44
F7	Sample 67	2	1	3	42390	37	1.45
F7	Sample 67	2	1	4	47400	36.96	1.43
F7	Sample 67	2	1	5	52400	36.96	1.43
F7	Sample 67	2	1	6	57400	37	1.42
F7	Sample 67	2	1	7	62400	37	1.42
F7	Sample 67	2	1	8	67400	36.96	1.42
F7	Sample 67	2	1	9	72390	36.96	1.41
F7	Sample 67	2	1	10	77400	36.96	1.42
F7	Sample 67	2	1	11	82400	36.96	1.41
F7	Sample 67	2	1	12	87400	37	1.42
F7	Sample 67	2	1	13	92400	37	1.41
F7	Sample 67	2	1	14	97400	36.96	1.41
F7	Sample 67	2	1	15	102410	37	1.41
F8	Sample 68	2	1	1	32360	36.96	1.42
F8	Sample 68	2	1	2	37400	37	1.42
F8	Sample 68	2	1	3	42390	37	1.40
F8	Sample 68	2	1	4	47400	36.96	1.39
F8	Sample 68	2	1	5	52400	36.96	1.40
F8	Sample 68	2	1	6	57400	37	1.39
F8	Sample 68	2	1	7	62400	37	1.39
F8	Sample 68	2	1	8	67400	36.96	1.39
F8	Sample 68	2	1	9	72390	36.96	1.38
F8	Sample 68	2	1	10	77400	36.96	1.38
F8	Sample 68	2	1	11	82400	36.96	1.39
F8	Sample 68	2	1	12	87400	37	1.40
F8	Sample 68	2	1	13	92400	37	1.39
F8	Sample 68	2	1	14	97400	36.96	1.39
F8	Sample 68	2	1	15	102410	37	1.39
F9	Sample 69	2	1	1	32360	36.96	0.72
F9	Sample 69	2	1	2	37400	37	0.72
F9	Sample 69	2	1	3	42390	37	0.72
F9	Sample 69	2	1	4	47400	36.96	0.70
F9	Sample 69	2	1	5	52400	36.96	0.71
F9	Sample 69	2	1	6	57400	37	0.70
F9	Sample 69	2	1	7	62400	37	0.71
F9	Sample 69	2	1	8	67400	36.96	0.70
F9	Sample 69	2	1	9	72390	36.96	0.71
F9	Sample 69	2	1	10	77400	36.96	0.70
F9	Sample 69	2	1	11	82400	36.96	0.70
F9	Sample 69	2	1	12	87400	37	0.70
F9	Sample 69	2	1	13	92400	37	0.71
F9	Sample 69	2	1	14	97400	36.96	0.70
F9	Sample 69	2	1	15	102410	37	0.69
F10	Sample 70	2	1	1	32360	36.96	0.69
F10	Sample 70	2	1	2	37400	37	0.69
F10	Sample 70	2	1	3	42390	37	0.69
F10	Sample 70	2	1	4	47400	36.96	0.69
F10	Sample 70	2	1	5	52400	36.96	0.69
F10	Sample 70	2	1	6	57400	37	0.68
F10	Sample 70	2	1	7	62400	37	0.68
F10	Sample 70	2	1	8	67400	36.96	0.68
F10	Sample 70	2	1	9	72390	36.96	0.68
F10	Sample 70	2	1	10	77400	36.96	0.68
F10	Sample 70	2	1	11	82400	36.96	0.68
F10	Sample 70	2	1	12	87400	37	0.68
F10	Sample 70	2	1	13	92400	37	0.68
F10	Sample 70	2	1	14	97400	36.96	0.67
F10	Sample 70	2	1	15	102410	37	0.68
F11	Sample 71	2	1	1	32360	36.96	0.71
F11	Sample 71	2	1	2	37400	37	0.71
F11	Sample 71	2	1	3	42390	37	0.71
F11	Sample 71	2	1	4	47400	36.96	0.70
F11	Sample 71	2	1	5	52400	36.96	0.70
F11	Sample 71	2	1	6	57400	37	0.70
F11	Sample 71	2	1	7	62400	37	0.70
F11	Sample 71	2	1	8	67400	36.96	0.70
F11	Sample 71	2	1	9	72390	36.96	0.70
F11	Sample 71	2	1	10	77400	36.96	0.70
F11	Sample 71	2	1	11	82400	36.96	0.70
F11	Sample 71	2	1	12	87400	37	0.70
F11	Sample 71	2	1	13	92400	37	0.70
F11	Sample 71	2	1	14	97400	36.96	0.69
F11	Sample 71	2	1	15	102410	37	0.69
F12	Sample 72	2	1	1	32360	36.96	0.66
F12	Sample 72	2	1	2	37400	37	0.66
F12	Sample 72	2	1	3	42390	37	0.66
F12	Sample 72	2	1	4	47400	36.96	0.65
F12	Sample 72	2	1	5	52400	36.96	0.65
F12	Sample 72	2	1	6	57400	37	0.65
F12	Sample 72	2	1	7	62400	37	0.65
F12	Sample 72	2	1	8	67400	36.96	0.65
F12	Sample 72	2	1	9	72390	36.96	0.65
F12	Sample 72	2	1	10	77400	36.96	0.65
F12	Sample 72	2	1	11	82400	36.96	0.65
F12	Sample 72	2	1	12	87400	37	0.65
F12	Sample 72	2	1	13	92400	37	0.65
F12	Sample 72	2	1	14	97400	36.96	0.64
F12	Sample 72	2	1	15	102410	37	0.65
G1	Sample 73	2	1	1	32360	36.96	0.91
G1	Sample 73	2	1	2	37400	37	0.90
G1	Sample 73	2	1	3	42390	37	0.91
G1	Sample 73	2	1	4	47400	36.96	0.90
G1	Sample 73	2	1	5	52400	36.96	0.90
G1	Sample 73	2	1	6	57400	37	0.89
G1	Sample 73	2	1	7	62400	37	0.89
G1	Sample 73	2	1	8	67400	36.96	0.89
G1	Sample 73	2	1	9	72390	36.96	0.89
G1	Sample 73	2	1	10	77400	36.96	0.89
G1	Sample 73	2	1	11	82400	36.96	0.89
G1	Sample 73	2	1	12	87400	37	0.89
G1	Sample 73	2	1	13	92400	37	0.88
G1	Sample 73	2	1	14	97400	36.96	0.89
G1	Sample 73	2	1	15	102410	37	0.89
G2	Sample 74	2	1	1	32360	36.96	0.91
G2	Sample 74	2	1	2	37400	37	0.90
G2	Sample 74	2	1	3	42390	37	0.90
G2	Sample 74	2	1	4	47400	36.96	0.89
G2	Sample 74	2	1	5	52400	36.96	0.88
G2	Sample 74	2	1	6	57400	37	0.89
G2	Sample 74	2	1	7	62400	37	0.88
G2	Sample 74	2	1	8	67400	36.96	0.88
G2	Sample 74	2	1	9	72390	36.96	0.87
G2	Sample 74	2	1	10	77400	36.96	0.88
G2	Sample 74	2	1	11	82400	36.96	0.88
G2	Sample 74	2	1	12	87400	37	0.88
G2	Sample 74	2	1	13	92400	37	0.87
G2	Sample 74	2	1	14	97400	36.96	0.88
G2	Sample 74	2	1	15	102410	37	0.88
G3	Sample 75	2	1	1	32360	36.96	0.95
G3	Sample 75	2	1	2	37400	37	0.94
G3	Sample 75	2	1	3	42390	37	0.94
G3	Sample 75	2	1	4	47400	36.96	0.93
G3	Sample 75	2	1	5	52400	36.96	0.92
G3	Sample 75	2	1	6	57400	37	0.93
G3	Sample 75	2	1	7	62400	37	0.91
G3	Sample 75	2	1	8	67400	36.96	0.93
G3	Sample 75	2	1	9	72390	36.96	0.92
G3	Sample 75	2	1	10	77400	36.96	0.91
G3	Sample 75	2	1	11	82400	36.96	0.91
G3	Sample 75	2	1	12	87400	37	0.92
G3	Sample 75	2	1	13	92400	37	0.92
G3	Sample 75	2	1	14	97400	36.96	0.92
G3	Sample 75	2	1	15	102410	37	0.92
G4	Sample 76	2	1	1	32360	36.96	0.95
G4	Sample 76	2	1	2	37400	37	0.94
G4	Sample 76	2	1	3	42390	37	0.95
G4	Sample 76	2	1	4	47400	36.96	0.94
G4	Sample 76	2	1	5	52400	36.96	0.93
G4	Sample 76	2	1	6	57400	37	0.94
G4	Sample 76	2	1	7	62400	37	0.93
G4	Sample 76	2	1	8	67400	36.96	0.93
G4	Sample 76	2	1	9	72390	36.96	0.92
G4	Sample 76	2	1	10	77400	36.96	0.93
G4	Sample 76	2	1	11	82400	36.96	0.92
G4	Sample 76	2	1	12	87400	37	0.93
G4	Sample 76	2	1	13	92400	37	0.93
G4	Sample 76	2	1	14	97400	36.96	0.92
G4	Sample 76	2	1	15	102410	37	0.92
G5	Sample 77	2	1	1	32360	36.96	1.46
G5	Sample 77	2	1	2	37400	37	1.45
G5	Sample 77	2	1	3	42390	37	1.45
G5	Sample 77	2	1	4	47400	36.96	1.43
G5	Sample 77	2	1	5	52400	36.96	1.43
G5	Sample 77	2	1	6	57400	37	1.43
G5	Sample 77	2	1	7	62400	37	1.42
G5	Sample 77	2	1	8	67400	36.96	1.44
G5	Sample 77	2	1	9	72390	36.96	1.43
G5	Sample 77	2	1	10	77400	36.96	1.43
G5	Sample 77	2	1	11	82400	36.96	1.43
G5	Sample 77	2	1	12	87400	37	1.43
G5	Sample 77	2	1	13	92400	37	1.43
G5	Sample 77	2	1	14	97400	36.96	1.42
G5	Sample 77	2	1	15	102410	37	1.42
G6	Sample 78	2	1	1	32360	36.96	1.43
G6	Sample 78	2	1	2	37400	37	1.42
G6	Sample 78	2	1	3	42390	37	1.41
G6	Sample 78	2	1	4	47400	36.96	1.40
G6	Sample 78	2	1	5	52400	36.96	1.40
G6	Sample 78	2	1	6	57400	37	1.40
G6	Sample 78	2	1	7	62400	37	1.40
G6	Sample 78	2	1	8	67400	36.96	1.40
G6	Sample 78	2	1	9	72390	36.96	1.40
G6	Sample 78	2	1	10	77400	36.96	1.40
G6	Sample 78	2	1	11	82400	36.96	1.40
G6	Sample 78	2	1	12	87400	37	1.40
G6	Sample 78	2	1	13	92400	37	1.39
G6	Sample 78	2	1	14	97400	36.96	1.39
G6	Sample 78	2	1	15	102410	37	1.39
G7	Sample 79	2	1	1	32360	36.96	1.43
G7	Sample 79	2	1	2	37400	37	1.41
G7	Sample 79	2	1	3	42390	37	1.41
G7	Sample 79	2	1	4	47400	36.96	1.40
G7	Sample 79	2	1	5	52400	36.96	1.40
G7	Sample 79	2	1	6	57400	37	1.40
G7	Sample 79	2	1	7	62400	37	1.40
G7	Sample 79	2	1	8	67400	36.96	1.40
G7	Sample 79	2	1	9	72390	36.96	1.40
G7	Sample 79	2	1	10	77400	36.96	1.39
G7	Sample 79	2	1	11	82400	36.96	1.39
G7	Sample 79	2	1	12	87400	37	1.40
G7	Sample 79	2	1	13	92400	37	1.39
G7	Sample 79	2	1	14	97400	36.96	1.39
G7	Sample 79	2	1	15	102410	37	1.39
G8	Sample 80	2	1	1	32360	36.96	1.39
G8	Sample 80	2	1	2	37400	37	1.38
G8	Sample 80	2	1	3	42390	37	1.38
G8	Sample 80	2	1	4	47400	36.96	1.37
G8	Sample 80	2	1	5	52400	36.96	1.35
G8	Sample 80	2	1	6	57400	37	1.36
G8	Sample 80	2	1	7	62400	37	1.36
G8	Sample 80	2	1	8	67400	36.96	1.36
G8	Sample 80	2	1	9	72390	36.96	1.35
G8	Sample 80	2	1	10	77400	36.96	1.35
G8	Sample 80	2	1	11	82400	36.96	1.35
G8	Sample 80	2	1	12	87400	37	1.35
G8	Sample 80	2	1	13	92400	37	1.35
G8	Sample 80	2	1	14	97400	36.96	1.35
G8	Sample 80	2	1	15	102410	37	1.35
G9	Sample 81	2	1	1	32360	36.96	0.71
G9	Sample 81	2	1	2	37400	37	0.71
G9	Sample 81	2	1	3	42390	37	0.71
G9	Sample 81	2	1	4	47400	36.96	0.71
G9	Sample 81	2	1	5	52400	36.96	0.69
G9	Sample 81	2	1	6	57400	37	0.70
G9	Sample 81	2	1	7	62400	37	0.69
G9	Sample 81	2	1	8	67400	36.96	0.70
G9	Sample 81	2	1	9	72390	36.96	0.70
G9	Sample 81	2	1	10	77400	36.96	0.70
G9	Sample 81	2	1	11	82400	36.96	0.69
G9	Sample 81	2	1	12	87400	37	0.69
G9	Sample 81	2	1	13	92400	37	0.69
G9	Sample 81	2	1	14	97400	36.96	0.70
G9	Sample 81	2	1	15	102410	37	0.70
G10	Sample 82	2	1	1	32360	36.96	0.71
G10	Sample 82	2	1	2	37400	37	0.71
G10	Sample 82	2	1	3	42390	37	0.70
G10	Sample 82	2	1	4	47400	36.96	0.70
G10	Sample 82	2	1	5	52400	36.96	0.69
G10	Sample 82	2	1	6	57400	37	0.70
G10	Sample 82	2	1	7	62400	37	0.69
G10	Sample 82	2	1	8	67400	36.96	0.70
G10	Sample 82	2	1	9	72390	36.96	0.70
G10	Sample 82	2	1	10	77400	36.96	0.69
G10	Sample 82	2	1	11	82400	36.96	0.69
G10	Sample 82	2	1	12	87400	37	0.69
G10	Sample 82	2	1	13	92400	37	0.69
G10	Sample 82	2	1	14	97400	36.96	0.69
G10	Sample 82	2	1	15	102410	37	0.69
G11	Sample 83	2	1	1	32360	36.96	0.71
G11	Sample 83	2	1	2	37400	37	0.70
G11	Sample 83	2	1	3	42390	37	0.71
G11	Sample 83	2	1	4	47400	36.96	0.70
G11	Sample 83	2	1	5	52400	36.96	0.70
G11	Sample 83	2	1	6	57400	37	0.70
G11	Sample 83	2	1	7	62400	37	0.69
G11	Sample 83	2	1	8	67400	36.96	0.70
G11	Sample 83	2	1	9	72390	36.96	0.70
G11	Sample 83	2	1	10	77400	36.96	0.70
G11	Sample 83	2	1	11	82400	36.96	0.70
G11	Sample 83	2	1	12	87400	37	0.70
G11	Sample 83	2	1	13	92400	37	0.69
G11	Sample 83	2	1	14	97400	36.96	0.69
G11	Sample 83	2	1	15	102410	37	0.69
G12	Sample 84	2	1	1	32360	36.96	0.66
G12	Sample 84	2	1	2	37400	37	0.65
G12	Sample 84	2	1	3	42390	37	0.66
G12	Sample 84	2	1	4	47400	36.96	0.65
G12	Sample 84	2	1	5	52400	36.96	0.65
G12	Sample 84	2	1	6	57400	37	0.64
G12	Sample 84	2	1	7	62400	37	0.64
G12	Sample 84	2	1	8	67400	36.96	0.64
G12	Sample 84	2	1	9	72390	36.96	0.64
G12	Sample 84	2	1	10	77400	36.96	0.64
G12	Sample 84	2	1	11	82400	36.96	0.64
G12	Sample 84	2	1	12	87400	37	0.64
G12	Sample 84	2	1	13	92400	37	0.63
G12	Sample 84	2	1	14	97400	36.96	0.64
G12	Sample 84	2	1	15	102410	37	0.64
H1	Sample 85	2	1	1	32360	36.96	0.87
H1	Sample 85	2	1	2	37400	37	0.86
H1	Sample 85	2	1	3	42390	37	0.86
H1	Sample 85	2	1	4	47400	36.96	0.85
H1	Sample 85	2	1	5	52400	36.96	0.85
H1	Sample 85	2	1	6	57400	37	0.85
H1	Sample 85	2	1	7	62400	37	0.85
H1	Sample 85	2	1	8	67400	36.96	0.85
H1	Sample 85	2	1	9	72390	36.96	0.85
H1	Sample 85	2	1	10	77400	36.96	0.85
H1	Sample 85	2	1	11	82400	36.96	0.85
H1	Sample 85	2	1	12	87400	37	0.84
H1	Sample 85	2	1	13	92400	37	0.85
H1	Sample 85	2	1	14	97400	36.96	0.85
H1	Sample 85	2	1	15	102410	37	0.85
H2	Sample 86	2	1	1	32360	36.96	0.89
H2	Sample 86	2	1	2	37400	37	0.88
H2	Sample 86	2	1	3	42390	37	0.88
H2	Sample 86	2	1	4	47400	36.96	0.86
H2	Sample 86	2	1	5	52400	36.96	0.86
H2	Sample 86	2	1	6	57400	37	0.86
H2	Sample 86	2	1	7	62400	37	0.85
H2	Sample 86	2	1	8	67400	36.96	0.86
H2	Sample 86	2	1	9	72390	36.96	0.85
H2	Sample 86	2	1	10	77400	36.96	0.86
H2	Sample 86	2	1	11	82400	36.96	0.86
H2	Sample 86	2	1	12	87400	37	0.86
H2	Sample 86	2	1	13	92400	37	0.86
H2	Sample 86	2	1	14	97400	36.96	0.85
H2	Sample 86	2	1	15	102410	37	0.85
H3	Sample 87	2	1	1	32360	36.96	0.92
H3	Sample 87	2	1	2	37400	37	0.92
H3	Sample 87	2	1	3	42390	37	0.91
H3	Sample 87	2	1	4	47400	36.96	0.91
H3	Sample 87	2	1	5	52400	36.96	0.90
H3	Sample 87	2	1	6	57400	37	0.91
H3	Sample 87	2	1	7	62400	37	0.90
H3	Sample 87	2	1	8	67400	36.96	0.91
H3	Sample 87	2	1	9	72390	36.96	0.90
H3	Sample 87	2	1	10	77400	36.96	0.91
H3	Sample 87	2	1	11	82400	36.96	0.91
H3	Sample 87	2	1	12	87400	37	0.89
H3	Sample 87	2	1	13	92400	37	0.90
H3	Sample 87	2	1	14	97400	36.96	0.89
H3	Sample 87	2	1	15	102410	37	0.90
H4	Sample 88	2	1	1	32360	36.96	0.93
H4	Sample 88	2	1	2	37400	37	0.93
H4	Sample 88	2	1	3	42390	37	0.92
H4	Sample 88	2	1	4	47400	36.96	0.91
H4	Sample 88	2	1	5	52400	36.96	0.91
H4	Sample 88	2	1	6	57400	37	0.91
H4	Sample 88	2	1	7	62400	37	0.91
H4	Sample 88	2	1	8	67400	36.96	0.91
H4	Sample 88	2	1	9	72390	36.96	0.91
H4	Sample 88	2	1	10	77400	36.96	0.91
H4	Sample 88	2	1	11	82400	36.96	0.91
H4	Sample 88	2	1	12	87400	37	0.91
H4	Sample 88	2	1	13	92400	37	0.90
H4	Sample 88	2	1	14	97400	36.96	0.91
H4	Sample 88	2	1	15	102410	37	0.90
H5	Sample 89	2	1	1	32360	36.96	1.53
H5	Sample 89	2	1	2	37400	37	1.52
H5	Sample 89	2	1	3	42390	37	1.51
H5	Sample 89	2	1	4	47400	36.96	1.50
H5	Sample 89	2	1	5	52400	36.96	1.50
H5	Sample 89	2	1	6	57400	37	1.49
H5	Sample 89	2	1	7	62400	37	1.50
H5	Sample 89	2	1	8	67400	36.96	1.49
H5	Sample 89	2	1	9	72390	36.96	1.50
H5	Sample 89	2	1	10	77400	36.96	1.49
H5	Sample 89	2	1	11	82400	36.96	1.49
H5	Sample 89	2	1	12	87400	37	1.48
H5	Sample 89	2	1	13	92400	37	1.49
H5	Sample 89	2	1	14	97400	36.96	1.49
H5	Sample 89	2	1	15	102410	37	1.48
H6	Sample 90	2	1	1	32360	36.96	1.49
H6	Sample 90	2	1	2	37400	37	1.48
H6	Sample 90	2	1	3	42390	37	1.47
H6	Sample 90	2	1	4	47400	36.96	1.46
H6	Sample 90	2	1	5	52400	36.96	1.45
H6	Sample 90	2	1	6	57400	37	1.46
H6	Sample 90	2	1	7	62400	37	1.44
H6	Sample 90	2	1	8	67400	36.96	1.45
H6	Sample 90	2	1	9	72390	36.96	1.45
H6	Sample 90	2	1	10	77400	36.96	1.45
H6	Sample 90	2	1	11	82400	36.96	1.45
H6	Sample 90	2	1	12	87400	37	1.44
H6	Sample 90	2	1	13	92400	37	1.44
H6	Sample 90	2	1	14	97400	36.96	1.43
H6	Sample 90	2	1	15	102410	37	1.43
H7	Sample 91	2	1	1	32360	36.96	1.48
H7	Sample 91	2	1	2	37400	37	1.47
H7	Sample 91	2	1	3	42390	37	1.46
H7	Sample 91	2	1	4	47400	36.96	1.45
H7	Sample 91	2	1	5	52400	36.96	1.45
H7	Sample 91	2	1	6	57400	37	1.44
H7	Sample 91	2	1	7	62400	37	1.44
H7	Sample 91	2	1	8	67400	36.96	1.44
H7	Sample 91	2	1	9	72390	36.96	1.44
H7	Sample 91	2	1	10	77400	36.96	1.43
H7	Sample 91	2	1	11	82400	36.96	1.44
H7	Sample 91	2	1	12	87400	37	1.43
H7	Sample 91	2	1	13	92400	37	1.43
H7	Sample 91	2	1	14	97400	36.96	1.44
H7	Sample 91	2	1	15	102410	37	1.44
H8	Sample 92	2	1	1	32360	36.96	1.40
H8	Sample 92	2	1	2	37400	37	1.39
H8	Sample 92	2	1	3	42390	37	1.39
H8	Sample 92	2	1	4	47400	36.96	1.37
H8	Sample 92	2	1	5	52400	36.96	1.37
H8	Sample 92	2	1	6	57400	37	1.36
H8	Sample 92	2	1	7	62400	37	1.36
H8	Sample 92	2	1	8	67400	36.96	1.36
H8	Sample 92	2	1	9	72390	36.96	1.36
H8	Sample 92	2	1	10	77400	36.96	1.35
H8	Sample 92	2	1	11	82400	36.96	1.35
H8	Sample 92	2	1	12	87400	37	1.35
H8	Sample 92	2	1	13	92400	37	1.35
H8	Sample 92	2	1	14	97400	36.96	1.35
H8	Sample 92	2	1	15	102410	37	1.35
H9	Sample 93	2	1	1	32360	36.96	0.70
H9	Sample 93	2	1	2	37400	37	0.70
H9	Sample 93	2	1	3	42390	37	0.69
H9	Sample 93	2	1	4	47400	36.96	0.69
H9	Sample 93	2	1	5	52400	36.96	0.69
H9	Sample 93	2	1	6	57400	37	0.69
H9	Sample 93	2	1	7	62400	37	0.69
H9	Sample 93	2	1	8	67400	36.96	0.69
H9	Sample 93	2	1	9	72390	36.96	0.69
H9	Sample 93	2	1	10	77400	36.96	0.69
H9	Sample 93	2	1	11	82400	36.96	0.69
H9	Sample 93	2	1	12	87400	37	0.69
H9	Sample 93	2	1	13	92400	37	0.68
H9	Sample 93	2	1	14	97400	36.96	0.68
H9	Sample 93	2	1	15	102410	37	0.69
H10	Sample 94	2	1	1	32360	36.96	0.67
H10	Sample 94	2	1	2	37400	37	0.67
H10	Sample 94	2	1	3	42390	37	0.67
H10	Sample 94	2	1	4	47400	36.96	0.66
H10	Sample 94	2	1	5	52400	36.96	0.66
H10	Sample 94	2	1	6	57400	37	0.66
H10	Sample 94	2	1	7	62400	37	0.66
H10	Sample 94	2	1	8	67400	36.96	0.66
H10	Sample 94	2	1	9	72390	36.96	0.65
H10	Sample 94	2	1	10	77400	36.96	0.67
H10	Sample 94	2	1	11	82400	36.96	0.66
H10	Sample 94	2	1	12	87400	37	0.65
H10	Sample 94	2	1	13	92400	37	0.65
H10	Sample 94	2	1	14	97400	36.96	0.65
H10	Sample 94	2	1	15	102410	37	0.65
H11	Sample 95	2	1	1	32360	36.96	0.66
H11	Sample 95	2	1	2	37400	37	0.66
H11	Sample 95	2	1	3	42390	37	0.65
H11	Sample 95	2	1	4	47400	36.96	0.64
H11	Sample 95	2	1	5	52400	36.96	0.64
H11	Sample 95	2	1	6	57400	37	0.64
H11	Sample 95	2	1	7	62400	37	0.64
H11	Sample 95	2	1	8	67400	36.96	0.64
H11	Sample 95	2	1	9	72390	36.96	0.64
H11	Sample 95	2	1	10	77400	36.96	0.64
H11	Sample 95	2	1	11	82400	36.96	0.64
H11	Sample 95	2	1	12	87400	37	0.64
H11	Sample 95	2	1	13	92400	37	0.64
H11	Sample 95	2	1	14	97400	36.96	0.64
H11	Sample 95	2	1	15	102410	37	0.64
H12	Sample 96	2	1	1	32360	36.96	0.65
H12	Sample 96	2	1	2	37400	37	0.65
H12	Sample 96	2	1	3	42390	37	0.64
H12	Sample 96	2	1	4	47400	36.96	0.63
H12	Sample 96	2	1	5	52400	36.96	0.64
H12	Sample 96	2	1	6	57400	37	0.63
H12	Sample 96	2	1	7	62400	37	0.64
H12	Sample 96	2	1	8	67400	36.96	0.64
H12	Sample 96	2	1	9	72390	36.96	0.63
H12	Sample 96	2	1	10	77400	36.96	0.63
H12	Sample 96	2	1	11	82400	36.96	0.63
H12	Sample 96	2	1	12	87400	37	0.63
H12	Sample 96	2	1	13	92400	37	0.64
H12	Sample 96	2	1	14	97400	36.96	0.63
H12	Sample 96	2	1	15	102410	37	0.63
