Raw Data 		Experiment - evIC50_10_plate6_23APRIL2026 (Run on LCS480 1.5.1.62)
SamplePos	SampleName	Prog#	Seg#	Cycle#	Time	Temp	465-510	
A1	Sample 1	2	1	1	28720	36.96	0.59
A1	Sample 1	2	1	2	32980	36.96	0.61
A1	Sample 1	2	1	3	37290	36.96	0.57
A1	Sample 1	2	1	4	41590	36.96	0.61
A1	Sample 1	2	1	5	45900	37	0.59
A1	Sample 1	2	1	6	50190	36.96	0.59
A1	Sample 1	2	1	7	54490	36.96	0.57
A1	Sample 1	2	1	8	58780	37	0.57
A1	Sample 1	2	1	9	63080	37	0.59
A1	Sample 1	2	1	10	67400	37	0.61
A1	Sample 1	2	1	11	71680	37	0.59
A1	Sample 1	2	1	12	75990	36.96	0.59
A1	Sample 1	2	1	13	80290	36.96	0.57
A1	Sample 1	2	1	14	84590	36.96	0.61
A1	Sample 1	2	1	15	88890	37	0.59
A2	Sample 2	2	1	1	28720	36.96	0.57
A2	Sample 2	2	1	2	32980	36.96	0.55
A2	Sample 2	2	1	3	37290	36.96	0.54
A2	Sample 2	2	1	4	41590	36.96	0.57
A2	Sample 2	2	1	5	45900	37	0.57
A2	Sample 2	2	1	6	50190	36.96	0.59
A2	Sample 2	2	1	7	54490	36.96	0.59
A2	Sample 2	2	1	8	58780	37	0.59
A2	Sample 2	2	1	9	63080	37	0.60
A2	Sample 2	2	1	10	67400	37	0.60
A2	Sample 2	2	1	11	71680	37	0.60
A2	Sample 2	2	1	12	75990	36.96	0.59
A2	Sample 2	2	1	13	80290	36.96	0.59
A2	Sample 2	2	1	14	84590	36.96	0.60
A2	Sample 2	2	1	15	88890	37	0.59
A3	Sample 3	2	1	1	28720	36.96	0.63
A3	Sample 3	2	1	2	32980	36.96	0.63
A3	Sample 3	2	1	3	37290	36.96	0.62
A3	Sample 3	2	1	4	41590	36.96	0.65
A3	Sample 3	2	1	5	45900	37	0.63
A3	Sample 3	2	1	6	50190	36.96	0.65
A3	Sample 3	2	1	7	54490	36.96	0.65
A3	Sample 3	2	1	8	58780	37	0.67
A3	Sample 3	2	1	9	63080	37	0.67
A3	Sample 3	2	1	10	67400	37	0.70
A3	Sample 3	2	1	11	71680	37	0.67
A3	Sample 3	2	1	12	75990	36.96	0.67
A3	Sample 3	2	1	13	80290	36.96	0.67
A3	Sample 3	2	1	14	84590	36.96	0.68
A3	Sample 3	2	1	15	88890	37	0.67
A4	Sample 4	2	1	1	28720	36.96	0.70
A4	Sample 4	2	1	2	32980	36.96	0.70
A4	Sample 4	2	1	3	37290	36.96	0.66
A4	Sample 4	2	1	4	41590	36.96	0.68
A4	Sample 4	2	1	5	45900	37	0.68
A4	Sample 4	2	1	6	50190	36.96	0.68
A4	Sample 4	2	1	7	54490	36.96	0.68
A4	Sample 4	2	1	8	58780	37	0.66
A4	Sample 4	2	1	9	63080	37	0.68
A4	Sample 4	2	1	10	67400	37	0.68
A4	Sample 4	2	1	11	71680	37	0.68
A4	Sample 4	2	1	12	75990	36.96	0.66
A4	Sample 4	2	1	13	80290	36.96	0.66
A4	Sample 4	2	1	14	84590	36.96	0.66
A4	Sample 4	2	1	15	88890	37	0.66
A5	Sample 5	2	1	1	28720	36.96	7.85
A5	Sample 5	2	1	2	32980	36.96	7.81
A5	Sample 5	2	1	3	37290	36.96	7.77
A5	Sample 5	2	1	4	41590	36.96	7.77
A5	Sample 5	2	1	5	45900	37	7.69
A5	Sample 5	2	1	6	50190	36.96	7.69
A5	Sample 5	2	1	7	54490	36.96	7.67
A5	Sample 5	2	1	8	58780	37	7.64
A5	Sample 5	2	1	9	63080	37	7.63
A5	Sample 5	2	1	10	67400	37	7.64
A5	Sample 5	2	1	11	71680	37	7.59
A5	Sample 5	2	1	12	75990	36.96	7.58
A5	Sample 5	2	1	13	80290	36.96	7.53
A5	Sample 5	2	1	14	84590	36.96	7.54
A5	Sample 5	2	1	15	88890	37	7.50
A6	Sample 6	2	1	1	28720	36.96	9.57
A6	Sample 6	2	1	2	32980	36.96	9.55
A6	Sample 6	2	1	3	37290	36.96	9.47
A6	Sample 6	2	1	4	41590	36.96	9.47
A6	Sample 6	2	1	5	45900	37	9.44
A6	Sample 6	2	1	6	50190	36.96	9.39
A6	Sample 6	2	1	7	54490	36.96	9.35
A6	Sample 6	2	1	8	58780	37	9.30
A6	Sample 6	2	1	9	63080	37	9.30
A6	Sample 6	2	1	10	67400	37	9.27
A6	Sample 6	2	1	11	71680	37	9.26
A6	Sample 6	2	1	12	75990	36.96	9.24
A6	Sample 6	2	1	13	80290	36.96	9.19
A6	Sample 6	2	1	14	84590	36.96	9.19
A6	Sample 6	2	1	15	88890	37	9.16
A7	Sample 7	2	1	1	28720	36.96	8.85
A7	Sample 7	2	1	2	32980	36.96	8.81
A7	Sample 7	2	1	3	37290	36.96	8.77
A7	Sample 7	2	1	4	41590	36.96	8.74
A7	Sample 7	2	1	5	45900	37	8.71
A7	Sample 7	2	1	6	50190	36.96	8.67
A7	Sample 7	2	1	7	54490	36.96	8.67
A7	Sample 7	2	1	8	58780	37	8.61
A7	Sample 7	2	1	9	63080	37	8.59
A7	Sample 7	2	1	10	67400	37	8.59
A7	Sample 7	2	1	11	71680	37	8.54
A7	Sample 7	2	1	12	75990	36.96	8.53
A7	Sample 7	2	1	13	80290	36.96	8.53
A7	Sample 7	2	1	14	84590	36.96	8.51
A7	Sample 7	2	1	15	88890	37	8.46
A8	Sample 8	2	1	1	28720	36.96	7.55
A8	Sample 8	2	1	2	32980	36.96	7.49
A8	Sample 8	2	1	3	37290	36.96	7.46
A8	Sample 8	2	1	4	41590	36.96	7.44
A8	Sample 8	2	1	5	45900	37	7.42
A8	Sample 8	2	1	6	50190	36.96	7.41
A8	Sample 8	2	1	7	54490	36.96	7.37
A8	Sample 8	2	1	8	58780	37	7.34
A8	Sample 8	2	1	9	63080	37	7.32
A8	Sample 8	2	1	10	67400	37	7.33
A8	Sample 8	2	1	11	71680	37	7.33
A8	Sample 8	2	1	12	75990	36.96	7.26
A8	Sample 8	2	1	13	80290	36.96	7.26
A8	Sample 8	2	1	14	84590	36.96	7.26
A8	Sample 8	2	1	15	88890	37	7.24
A9	Sample 9	2	1	1	28720	36.96	8.17
A9	Sample 9	2	1	2	32980	36.96	8.15
A9	Sample 9	2	1	3	37290	36.96	8.12
A9	Sample 9	2	1	4	41590	36.96	8.10
A9	Sample 9	2	1	5	45900	37	8.07
A9	Sample 9	2	1	6	50190	36.96	8.04
A9	Sample 9	2	1	7	54490	36.96	8.00
A9	Sample 9	2	1	8	58780	37	7.99
A9	Sample 9	2	1	9	63080	37	7.95
A9	Sample 9	2	1	10	67400	37	7.97
A9	Sample 9	2	1	11	71680	37	7.92
A9	Sample 9	2	1	12	75990	36.96	7.89
A9	Sample 9	2	1	13	80290	36.96	7.86
A9	Sample 9	2	1	14	84590	36.96	7.86
A9	Sample 9	2	1	15	88890	37	7.86
A10	Sample 10	2	1	1	28720	36.96	8.39
A10	Sample 10	2	1	2	32980	36.96	8.34
A10	Sample 10	2	1	3	37290	36.96	8.31
A10	Sample 10	2	1	4	41590	36.96	8.28
A10	Sample 10	2	1	5	45900	37	8.23
A10	Sample 10	2	1	6	50190	36.96	8.19
A10	Sample 10	2	1	7	54490	36.96	8.19
A10	Sample 10	2	1	8	58780	37	8.19
A10	Sample 10	2	1	9	63080	37	8.18
A10	Sample 10	2	1	10	67400	37	8.16
A10	Sample 10	2	1	11	71680	37	8.11
A10	Sample 10	2	1	12	75990	36.96	8.11
A10	Sample 10	2	1	13	80290	36.96	8.06
A10	Sample 10	2	1	14	84590	36.96	8.06
A10	Sample 10	2	1	15	88890	37	8.05
A11	Sample 11	2	1	1	28720	36.96	8.79
A11	Sample 11	2	1	2	32980	36.96	8.78
A11	Sample 11	2	1	3	37290	36.96	8.73
A11	Sample 11	2	1	4	41590	36.96	8.75
A11	Sample 11	2	1	5	45900	37	8.70
A11	Sample 11	2	1	6	50190	36.96	8.68
A11	Sample 11	2	1	7	54490	36.96	8.63
A11	Sample 11	2	1	8	58780	37	8.61
A11	Sample 11	2	1	9	63080	37	8.60
A11	Sample 11	2	1	10	67400	37	8.56
A11	Sample 11	2	1	11	71680	37	8.57
A11	Sample 11	2	1	12	75990	36.96	8.53
A11	Sample 11	2	1	13	80290	36.96	8.46
A11	Sample 11	2	1	14	84590	36.96	8.46
A11	Sample 11	2	1	15	88890	37	8.50
A12	Sample 12	2	1	1	28720	36.96	7.63
A12	Sample 12	2	1	2	32980	36.96	7.61
A12	Sample 12	2	1	3	37290	36.96	7.55
A12	Sample 12	2	1	4	41590	36.96	7.55
A12	Sample 12	2	1	5	45900	37	7.55
A12	Sample 12	2	1	6	50190	36.96	7.52
A12	Sample 12	2	1	7	54490	36.96	7.48
A12	Sample 12	2	1	8	58780	37	7.45
A12	Sample 12	2	1	9	63080	37	7.46
A12	Sample 12	2	1	10	67400	37	7.48
A12	Sample 12	2	1	11	71680	37	7.42
A12	Sample 12	2	1	12	75990	36.96	7.42
A12	Sample 12	2	1	13	80290	36.96	7.37
A12	Sample 12	2	1	14	84590	36.96	7.38
A12	Sample 12	2	1	15	88890	37	7.37
B1	Sample 13	2	1	1	28720	36.96	0.50
B1	Sample 13	2	1	2	32980	36.96	0.49
B1	Sample 13	2	1	3	37290	36.96	0.50
B1	Sample 13	2	1	4	41590	36.96	0.52
B1	Sample 13	2	1	5	45900	37	0.52
B1	Sample 13	2	1	6	50190	36.96	0.52
B1	Sample 13	2	1	7	54490	36.96	0.52
B1	Sample 13	2	1	8	58780	37	0.54
B1	Sample 13	2	1	9	63080	37	0.52
B1	Sample 13	2	1	10	67400	37	0.54
B1	Sample 13	2	1	11	71680	37	0.57
B1	Sample 13	2	1	12	75990	36.96	0.54
B1	Sample 13	2	1	13	80290	36.96	0.54
B1	Sample 13	2	1	14	84590	36.96	0.54
B1	Sample 13	2	1	15	88890	37	0.54
B2	Sample 14	2	1	1	28720	36.96	0.59
B2	Sample 14	2	1	2	32980	36.96	0.59
B2	Sample 14	2	1	3	37290	36.96	0.59
B2	Sample 14	2	1	4	41590	36.96	0.59
B2	Sample 14	2	1	5	45900	37	0.59
B2	Sample 14	2	1	6	50190	36.96	0.57
B2	Sample 14	2	1	7	54490	36.96	0.57
B2	Sample 14	2	1	8	58780	37	0.57
B2	Sample 14	2	1	9	63080	37	0.57
B2	Sample 14	2	1	10	67400	37	0.57
B2	Sample 14	2	1	11	71680	37	0.60
B2	Sample 14	2	1	12	75990	36.96	0.55
B2	Sample 14	2	1	13	80290	36.96	0.55
B2	Sample 14	2	1	14	84590	36.96	0.57
B2	Sample 14	2	1	15	88890	37	0.57
B3	Sample 15	2	1	1	28720	36.96	0.63
B3	Sample 15	2	1	2	32980	36.96	0.60
B3	Sample 15	2	1	3	37290	36.96	0.62
B3	Sample 15	2	1	4	41590	36.96	0.63
B3	Sample 15	2	1	5	45900	37	0.65
B3	Sample 15	2	1	6	50190	36.96	0.63
B3	Sample 15	2	1	7	54490	36.96	0.63
B3	Sample 15	2	1	8	58780	37	0.63
B3	Sample 15	2	1	9	63080	37	0.63
B3	Sample 15	2	1	10	67400	37	0.65
B3	Sample 15	2	1	11	71680	37	0.67
B3	Sample 15	2	1	12	75990	36.96	0.63
B3	Sample 15	2	1	13	80290	36.96	0.62
B3	Sample 15	2	1	14	84590	36.96	0.63
B3	Sample 15	2	1	15	88890	37	0.63
B4	Sample 16	2	1	1	28720	36.96	0.70
B4	Sample 16	2	1	2	32980	36.96	0.66
B4	Sample 16	2	1	3	37290	36.96	0.66
B4	Sample 16	2	1	4	41590	36.96	0.68
B4	Sample 16	2	1	5	45900	37	0.66
B4	Sample 16	2	1	6	50190	36.96	0.66
B4	Sample 16	2	1	7	54490	36.96	0.66
B4	Sample 16	2	1	8	58780	37	0.66
B4	Sample 16	2	1	9	63080	37	0.66
B4	Sample 16	2	1	10	67400	37	0.68
B4	Sample 16	2	1	11	71680	37	0.68
B4	Sample 16	2	1	12	75990	36.96	0.65
B4	Sample 16	2	1	13	80290	36.96	0.65
B4	Sample 16	2	1	14	84590	36.96	0.68
B4	Sample 16	2	1	15	88890	37	0.68
B5	Sample 17	2	1	1	28720	36.96	9.44
B5	Sample 17	2	1	2	32980	36.96	9.38
B5	Sample 17	2	1	3	37290	36.96	9.34
B5	Sample 17	2	1	4	41590	36.96	9.34
B5	Sample 17	2	1	5	45900	37	9.31
B5	Sample 17	2	1	6	50190	36.96	9.26
B5	Sample 17	2	1	7	54490	36.96	9.23
B5	Sample 17	2	1	8	58780	37	9.20
B5	Sample 17	2	1	9	63080	37	9.20
B5	Sample 17	2	1	10	67400	37	9.12
B5	Sample 17	2	1	11	71680	37	9.12
B5	Sample 17	2	1	12	75990	36.96	9.10
B5	Sample 17	2	1	13	80290	36.96	9.07
B5	Sample 17	2	1	14	84590	36.96	9.05
B5	Sample 17	2	1	15	88890	37	9.04
B6	Sample 18	2	1	1	28720	36.96	8.71
B6	Sample 18	2	1	2	32980	36.96	8.65
B6	Sample 18	2	1	3	37290	36.96	8.63
B6	Sample 18	2	1	4	41590	36.96	8.60
B6	Sample 18	2	1	5	45900	37	8.58
B6	Sample 18	2	1	6	50190	36.96	8.52
B6	Sample 18	2	1	7	54490	36.96	8.50
B6	Sample 18	2	1	8	58780	37	8.47
B6	Sample 18	2	1	9	63080	37	8.45
B6	Sample 18	2	1	10	67400	37	8.42
B6	Sample 18	2	1	11	71680	37	8.44
B6	Sample 18	2	1	12	75990	36.96	8.37
B6	Sample 18	2	1	13	80290	36.96	8.34
B6	Sample 18	2	1	14	84590	36.96	8.32
B6	Sample 18	2	1	15	88890	37	8.33
B7	Sample 19	2	1	1	28720	36.96	9.91
B7	Sample 19	2	1	2	32980	36.96	9.85
B7	Sample 19	2	1	3	37290	36.96	9.80
B7	Sample 19	2	1	4	41590	36.96	9.78
B7	Sample 19	2	1	5	45900	37	9.77
B7	Sample 19	2	1	6	50190	36.96	9.69
B7	Sample 19	2	1	7	54490	36.96	9.69
B7	Sample 19	2	1	8	58780	37	9.62
B7	Sample 19	2	1	9	63080	37	9.57
B7	Sample 19	2	1	10	67400	37	9.59
B7	Sample 19	2	1	11	71680	37	9.54
B7	Sample 19	2	1	12	75990	36.96	9.51
B7	Sample 19	2	1	13	80290	36.96	9.49
B7	Sample 19	2	1	14	84590	36.96	9.47
B7	Sample 19	2	1	15	88890	37	9.46
B8	Sample 20	2	1	1	28720	36.96	9.08
B8	Sample 20	2	1	2	32980	36.96	9.03
B8	Sample 20	2	1	3	37290	36.96	9.00
B8	Sample 20	2	1	4	41590	36.96	8.95
B8	Sample 20	2	1	5	45900	37	8.93
B8	Sample 20	2	1	6	50190	36.96	8.88
B8	Sample 20	2	1	7	54490	36.96	8.83
B8	Sample 20	2	1	8	58780	37	8.85
B8	Sample 20	2	1	9	63080	37	8.80
B8	Sample 20	2	1	10	67400	37	8.77
B8	Sample 20	2	1	11	71680	37	8.77
B8	Sample 20	2	1	12	75990	36.96	8.70
B8	Sample 20	2	1	13	80290	36.96	8.67
B8	Sample 20	2	1	14	84590	36.96	8.69
B8	Sample 20	2	1	15	88890	37	8.69
B9	Sample 21	2	1	1	28720	36.96	9.20
B9	Sample 21	2	1	2	32980	36.96	9.16
B9	Sample 21	2	1	3	37290	36.96	9.12
B9	Sample 21	2	1	4	41590	36.96	9.09
B9	Sample 21	2	1	5	45900	37	9.03
B9	Sample 21	2	1	6	50190	36.96	9.03
B9	Sample 21	2	1	7	54490	36.96	8.99
B9	Sample 21	2	1	8	58780	37	8.96
B9	Sample 21	2	1	9	63080	37	8.93
B9	Sample 21	2	1	10	67400	37	8.95
B9	Sample 21	2	1	11	71680	37	8.95
B9	Sample 21	2	1	12	75990	36.96	8.86
B9	Sample 21	2	1	13	80290	36.96	8.83
B9	Sample 21	2	1	14	84590	36.96	8.81
B9	Sample 21	2	1	15	88890	37	8.80
B10	Sample 22	2	1	1	28720	36.96	7.89
B10	Sample 22	2	1	2	32980	36.96	7.85
B10	Sample 22	2	1	3	37290	36.96	7.82
B10	Sample 22	2	1	4	41590	36.96	7.82
B10	Sample 22	2	1	5	45900	37	7.81
B10	Sample 22	2	1	6	50190	36.96	7.77
B10	Sample 22	2	1	7	54490	36.96	7.77
B10	Sample 22	2	1	8	58780	37	7.74
B10	Sample 22	2	1	9	63080	37	7.71
B10	Sample 22	2	1	10	67400	37	7.69
B10	Sample 22	2	1	11	71680	37	7.71
B10	Sample 22	2	1	12	75990	36.96	7.66
B10	Sample 22	2	1	13	80290	36.96	7.66
B10	Sample 22	2	1	14	84590	36.96	7.61
B10	Sample 22	2	1	15	88890	37	7.61
B11	Sample 23	2	1	1	28720	36.96	10.08
B11	Sample 23	2	1	2	32980	36.96	10.01
B11	Sample 23	2	1	3	37290	36.96	9.98
B11	Sample 23	2	1	4	41590	36.96	10.00
B11	Sample 23	2	1	5	45900	37	9.93
B11	Sample 23	2	1	6	50190	36.96	9.91
B11	Sample 23	2	1	7	54490	36.96	9.86
B11	Sample 23	2	1	8	58780	37	9.83
B11	Sample 23	2	1	9	63080	37	9.80
B11	Sample 23	2	1	10	67400	37	9.82
B11	Sample 23	2	1	11	71680	37	9.82
B11	Sample 23	2	1	12	75990	36.96	9.73
B11	Sample 23	2	1	13	80290	36.96	9.70
B11	Sample 23	2	1	14	84590	36.96	9.68
B11	Sample 23	2	1	15	88890	37	9.67
B12	Sample 24	2	1	1	28720	36.96	7.97
B12	Sample 24	2	1	2	32980	36.96	7.92
B12	Sample 24	2	1	3	37290	36.96	7.89
B12	Sample 24	2	1	4	41590	36.96	7.85
B12	Sample 24	2	1	5	45900	37	7.85
B12	Sample 24	2	1	6	50190	36.96	7.81
B12	Sample 24	2	1	7	54490	36.96	7.79
B12	Sample 24	2	1	8	58780	37	7.77
B12	Sample 24	2	1	9	63080	37	7.74
B12	Sample 24	2	1	10	67400	37	7.76
B12	Sample 24	2	1	11	71680	37	7.76
B12	Sample 24	2	1	12	75990	36.96	7.72
B12	Sample 24	2	1	13	80290	36.96	7.67
B12	Sample 24	2	1	14	84590	36.96	7.67
B12	Sample 24	2	1	15	88890	37	7.64
C1	Sample 25	2	1	1	28720	36.96	0.52
C1	Sample 25	2	1	2	32980	36.96	0.51
C1	Sample 25	2	1	3	37290	36.96	0.51
C1	Sample 25	2	1	4	41590	36.96	0.56
C1	Sample 25	2	1	5	45900	37	0.54
C1	Sample 25	2	1	6	50190	36.96	0.56
C1	Sample 25	2	1	7	54490	36.96	0.54
C1	Sample 25	2	1	8	58780	37	0.56
C1	Sample 25	2	1	9	63080	37	0.56
C1	Sample 25	2	1	10	67400	37	0.57
C1	Sample 25	2	1	11	71680	37	0.57
C1	Sample 25	2	1	12	75990	36.96	0.54
C1	Sample 25	2	1	13	80290	36.96	0.54
C1	Sample 25	2	1	14	84590	36.96	0.56
C1	Sample 25	2	1	15	88890	37	0.56
C2	Sample 26	2	1	1	28720	36.96	0.55
C2	Sample 26	2	1	2	32980	36.96	0.54
C2	Sample 26	2	1	3	37290	36.96	0.55
C2	Sample 26	2	1	4	41590	36.96	0.55
C2	Sample 26	2	1	5	45900	37	0.57
C2	Sample 26	2	1	6	50190	36.96	0.59
C2	Sample 26	2	1	7	54490	36.96	0.55
C2	Sample 26	2	1	8	58780	37	0.59
C2	Sample 26	2	1	9	63080	37	0.59
C2	Sample 26	2	1	10	67400	37	0.62
C2	Sample 26	2	1	11	71680	37	0.60
C2	Sample 26	2	1	12	75990	36.96	0.59
C2	Sample 26	2	1	13	80290	36.96	0.59
C2	Sample 26	2	1	14	84590	36.96	0.59
C2	Sample 26	2	1	15	88890	37	0.59
C3	Sample 27	2	1	1	28720	36.96	0.63
C3	Sample 27	2	1	2	32980	36.96	0.62
C3	Sample 27	2	1	3	37290	36.96	0.62
C3	Sample 27	2	1	4	41590	36.96	0.62
C3	Sample 27	2	1	5	45900	37	0.62
C3	Sample 27	2	1	6	50190	36.96	0.60
C3	Sample 27	2	1	7	54490	36.96	0.60
C3	Sample 27	2	1	8	58780	37	0.60
C3	Sample 27	2	1	9	63080	37	0.62
C3	Sample 27	2	1	10	67400	37	0.63
C3	Sample 27	2	1	11	71680	37	0.63
C3	Sample 27	2	1	12	75990	36.96	0.60
C3	Sample 27	2	1	13	80290	36.96	0.60
C3	Sample 27	2	1	14	84590	36.96	0.62
C3	Sample 27	2	1	15	88890	37	0.60
C4	Sample 28	2	1	1	28720	36.96	0.66
C4	Sample 28	2	1	2	32980	36.96	0.66
C4	Sample 28	2	1	3	37290	36.96	0.65
C4	Sample 28	2	1	4	41590	36.96	0.66
C4	Sample 28	2	1	5	45900	37	0.65
C4	Sample 28	2	1	6	50190	36.96	0.65
C4	Sample 28	2	1	7	54490	36.96	0.63
C4	Sample 28	2	1	8	58780	37	0.65
C4	Sample 28	2	1	9	63080	37	0.65
C4	Sample 28	2	1	10	67400	37	0.66
C4	Sample 28	2	1	11	71680	37	0.65
C4	Sample 28	2	1	12	75990	36.96	0.63
C4	Sample 28	2	1	13	80290	36.96	0.63
C4	Sample 28	2	1	14	84590	36.96	0.63
C4	Sample 28	2	1	15	88890	37	0.63
C5	Sample 29	2	1	1	28720	36.96	9.23
C5	Sample 29	2	1	2	32980	36.96	9.21
C5	Sample 29	2	1	3	37290	36.96	9.13
C5	Sample 29	2	1	4	41590	36.96	9.15
C5	Sample 29	2	1	5	45900	37	9.07
C5	Sample 29	2	1	6	50190	36.96	9.03
C5	Sample 29	2	1	7	54490	36.96	9.00
C5	Sample 29	2	1	8	58780	37	8.98
C5	Sample 29	2	1	9	63080	37	8.95
C5	Sample 29	2	1	10	67400	37	8.94
C5	Sample 29	2	1	11	71680	37	8.94
C5	Sample 29	2	1	12	75990	36.96	8.87
C5	Sample 29	2	1	13	80290	36.96	8.84
C5	Sample 29	2	1	14	84590	36.96	8.80
C5	Sample 29	2	1	15	88890	37	8.79
C6	Sample 30	2	1	1	28720	36.96	9.17
C6	Sample 30	2	1	2	32980	36.96	9.14
C6	Sample 30	2	1	3	37290	36.96	9.09
C6	Sample 30	2	1	4	41590	36.96	9.06
C6	Sample 30	2	1	5	45900	37	9.03
C6	Sample 30	2	1	6	50190	36.96	8.96
C6	Sample 30	2	1	7	54490	36.96	8.95
C6	Sample 30	2	1	8	58780	37	8.90
C6	Sample 30	2	1	9	63080	37	8.87
C6	Sample 30	2	1	10	67400	37	8.88
C6	Sample 30	2	1	11	71680	37	8.85
C6	Sample 30	2	1	12	75990	36.96	8.82
C6	Sample 30	2	1	13	80290	36.96	8.82
C6	Sample 30	2	1	14	84590	36.96	8.75
C6	Sample 30	2	1	15	88890	37	8.74
C7	Sample 31	2	1	1	28720	36.96	9.71
C7	Sample 31	2	1	2	32980	36.96	9.66
C7	Sample 31	2	1	3	37290	36.96	9.61
C7	Sample 31	2	1	4	41590	36.96	9.60
C7	Sample 31	2	1	5	45900	37	9.54
C7	Sample 31	2	1	6	50190	36.96	9.51
C7	Sample 31	2	1	7	54490	36.96	9.43
C7	Sample 31	2	1	8	58780	37	9.45
C7	Sample 31	2	1	9	63080	37	9.37
C7	Sample 31	2	1	10	67400	37	9.40
C7	Sample 31	2	1	11	71680	37	9.38
C7	Sample 31	2	1	12	75990	36.96	9.32
C7	Sample 31	2	1	13	80290	36.96	9.27
C7	Sample 31	2	1	14	84590	36.96	9.27
C7	Sample 31	2	1	15	88890	37	9.27
C8	Sample 32	2	1	1	28720	36.96	9.76
C8	Sample 32	2	1	2	32980	36.96	9.67
C8	Sample 32	2	1	3	37290	36.96	9.63
C8	Sample 32	2	1	4	41590	36.96	9.56
C8	Sample 32	2	1	5	45900	37	9.56
C8	Sample 32	2	1	6	50190	36.96	9.51
C8	Sample 32	2	1	7	54490	36.96	9.50
C8	Sample 32	2	1	8	58780	37	9.43
C8	Sample 32	2	1	9	63080	37	9.41
C8	Sample 32	2	1	10	67400	37	9.43
C8	Sample 32	2	1	11	71680	37	9.40
C8	Sample 32	2	1	12	75990	36.96	9.37
C8	Sample 32	2	1	13	80290	36.96	9.32
C8	Sample 32	2	1	14	84590	36.96	9.30
C8	Sample 32	2	1	15	88890	37	9.29
C9	Sample 33	2	1	1	28720	36.96	9.01
C9	Sample 33	2	1	2	32980	36.96	8.99
C9	Sample 33	2	1	3	37290	36.96	8.94
C9	Sample 33	2	1	4	41590	36.96	8.91
C9	Sample 33	2	1	5	45900	37	8.86
C9	Sample 33	2	1	6	50190	36.96	8.86
C9	Sample 33	2	1	7	54490	36.96	8.81
C9	Sample 33	2	1	8	58780	37	8.80
C9	Sample 33	2	1	9	63080	37	8.75
C9	Sample 33	2	1	10	67400	37	8.75
C9	Sample 33	2	1	11	71680	37	8.71
C9	Sample 33	2	1	12	75990	36.96	8.71
C9	Sample 33	2	1	13	80290	36.96	8.67
C9	Sample 33	2	1	14	84590	36.96	8.63
C9	Sample 33	2	1	15	88890	37	8.65
C10	Sample 34	2	1	1	28720	36.96	10.16
C10	Sample 34	2	1	2	32980	36.96	10.13
C10	Sample 34	2	1	3	37290	36.96	10.07
C10	Sample 34	2	1	4	41590	36.96	10.07
C10	Sample 34	2	1	5	45900	37	9.98
C10	Sample 34	2	1	6	50190	36.96	9.97
C10	Sample 34	2	1	7	54490	36.96	9.94
C10	Sample 34	2	1	8	58780	37	9.92
C10	Sample 34	2	1	9	63080	37	9.89
C10	Sample 34	2	1	10	67400	37	9.89
C10	Sample 34	2	1	11	71680	37	9.87
C10	Sample 34	2	1	12	75990	36.96	9.82
C10	Sample 34	2	1	13	80290	36.96	9.77
C10	Sample 34	2	1	14	84590	36.96	9.74
C10	Sample 34	2	1	15	88890	37	9.73
C11	Sample 35	2	1	1	28720	36.96	8.11
C11	Sample 35	2	1	2	32980	36.96	8.07
C11	Sample 35	2	1	3	37290	36.96	8.03
C11	Sample 35	2	1	4	41590	36.96	8.03
C11	Sample 35	2	1	5	45900	37	8.01
C11	Sample 35	2	1	6	50190	36.96	7.99
C11	Sample 35	2	1	7	54490	36.96	7.93
C11	Sample 35	2	1	8	58780	37	7.93
C11	Sample 35	2	1	9	63080	37	7.91
C11	Sample 35	2	1	10	67400	37	7.90
C11	Sample 35	2	1	11	71680	37	7.90
C11	Sample 35	2	1	12	75990	36.96	7.85
C11	Sample 35	2	1	13	80290	36.96	7.81
C11	Sample 35	2	1	14	84590	36.96	7.80
C11	Sample 35	2	1	15	88890	37	7.82
C12	Sample 36	2	1	1	28720	36.96	9.27
C12	Sample 36	2	1	2	32980	36.96	9.22
C12	Sample 36	2	1	3	37290	36.96	9.21
C12	Sample 36	2	1	4	41590	36.96	9.17
C12	Sample 36	2	1	5	45900	37	9.14
C12	Sample 36	2	1	6	50190	36.96	9.13
C12	Sample 36	2	1	7	54490	36.96	9.06
C12	Sample 36	2	1	8	58780	37	9.08
C12	Sample 36	2	1	9	63080	37	9.03
C12	Sample 36	2	1	10	67400	37	9.03
C12	Sample 36	2	1	11	71680	37	9.03
C12	Sample 36	2	1	12	75990	36.96	8.99
C12	Sample 36	2	1	13	80290	36.96	8.96
C12	Sample 36	2	1	14	84590	36.96	8.93
C12	Sample 36	2	1	15	88890	37	8.91
D1	Sample 37	2	1	1	28720	36.96	0.54
D1	Sample 37	2	1	2	32980	36.96	0.54
D1	Sample 37	2	1	3	37290	36.96	0.54
D1	Sample 37	2	1	4	41590	36.96	0.56
D1	Sample 37	2	1	5	45900	37	0.58
D1	Sample 37	2	1	6	50190	36.96	0.58
D1	Sample 37	2	1	7	54490	36.96	0.58
D1	Sample 37	2	1	8	58780	37	0.58
D1	Sample 37	2	1	9	63080	37	0.58
D1	Sample 37	2	1	10	67400	37	0.59
D1	Sample 37	2	1	11	71680	37	0.56
D1	Sample 37	2	1	12	75990	36.96	0.58
D1	Sample 37	2	1	13	80290	36.96	0.56
D1	Sample 37	2	1	14	84590	36.96	0.58
D1	Sample 37	2	1	15	88890	37	0.56
D2	Sample 38	2	1	1	28720	36.96	0.61
D2	Sample 38	2	1	2	32980	36.96	0.61
D2	Sample 38	2	1	3	37290	36.96	0.59
D2	Sample 38	2	1	4	41590	36.96	0.61
D2	Sample 38	2	1	5	45900	37	0.61
D2	Sample 38	2	1	6	50190	36.96	0.59
D2	Sample 38	2	1	7	54490	36.96	0.61
D2	Sample 38	2	1	8	58780	37	0.59
D2	Sample 38	2	1	9	63080	37	0.61
D2	Sample 38	2	1	10	67400	37	0.61
D2	Sample 38	2	1	11	71680	37	0.59
D2	Sample 38	2	1	12	75990	36.96	0.59
D2	Sample 38	2	1	13	80290	36.96	0.59
D2	Sample 38	2	1	14	84590	36.96	0.59
D2	Sample 38	2	1	15	88890	37	0.59
D3	Sample 39	2	1	1	28720	36.96	0.62
D3	Sample 39	2	1	2	32980	36.96	0.62
D3	Sample 39	2	1	3	37290	36.96	0.60
D3	Sample 39	2	1	4	41590	36.96	0.60
D3	Sample 39	2	1	5	45900	37	0.60
D3	Sample 39	2	1	6	50190	36.96	0.60
D3	Sample 39	2	1	7	54490	36.96	0.60
D3	Sample 39	2	1	8	58780	37	0.60
D3	Sample 39	2	1	9	63080	37	0.59
D3	Sample 39	2	1	10	67400	37	0.62
D3	Sample 39	2	1	11	71680	37	0.60
D3	Sample 39	2	1	12	75990	36.96	0.60
D3	Sample 39	2	1	13	80290	36.96	0.60
D3	Sample 39	2	1	14	84590	36.96	0.60
D3	Sample 39	2	1	15	88890	37	0.59
D4	Sample 40	2	1	1	28720	36.96	0.65
D4	Sample 40	2	1	2	32980	36.96	0.65
D4	Sample 40	2	1	3	37290	36.96	0.63
D4	Sample 40	2	1	4	41590	36.96	0.63
D4	Sample 40	2	1	5	45900	37	0.67
D4	Sample 40	2	1	6	50190	36.96	0.63
D4	Sample 40	2	1	7	54490	36.96	0.63
D4	Sample 40	2	1	8	58780	37	0.63
D4	Sample 40	2	1	9	63080	37	0.63
D4	Sample 40	2	1	10	67400	37	0.65
D4	Sample 40	2	1	11	71680	37	0.65
D4	Sample 40	2	1	12	75990	36.96	0.63
D4	Sample 40	2	1	13	80290	36.96	0.63
D4	Sample 40	2	1	14	84590	36.96	0.62
D4	Sample 40	2	1	15	88890	37	0.63
D5	Sample 41	2	1	1	28720	36.96	8.91
D5	Sample 41	2	1	2	32980	36.96	8.86
D5	Sample 41	2	1	3	37290	36.96	8.82
D5	Sample 41	2	1	4	41590	36.96	8.78
D5	Sample 41	2	1	5	45900	37	8.76
D5	Sample 41	2	1	6	50190	36.96	8.73
D5	Sample 41	2	1	7	54490	36.96	8.68
D5	Sample 41	2	1	8	58780	37	8.64
D5	Sample 41	2	1	9	63080	37	8.61
D5	Sample 41	2	1	10	67400	37	8.61
D5	Sample 41	2	1	11	71680	37	8.51
D5	Sample 41	2	1	12	75990	36.96	8.56
D5	Sample 41	2	1	13	80290	36.96	8.50
D5	Sample 41	2	1	14	84590	36.96	8.50
D5	Sample 41	2	1	15	88890	37	8.45
D6	Sample 42	2	1	1	28720	36.96	8.66
D6	Sample 42	2	1	2	32980	36.96	8.63
D6	Sample 42	2	1	3	37290	36.96	8.60
D6	Sample 42	2	1	4	41590	36.96	8.54
D6	Sample 42	2	1	5	45900	37	8.50
D6	Sample 42	2	1	6	50190	36.96	8.47
D6	Sample 42	2	1	7	54490	36.96	8.45
D6	Sample 42	2	1	8	58780	37	8.45
D6	Sample 42	2	1	9	63080	37	8.40
D6	Sample 42	2	1	10	67400	37	8.41
D6	Sample 42	2	1	11	71680	37	8.31
D6	Sample 42	2	1	12	75990	36.96	8.34
D6	Sample 42	2	1	13	80290	36.96	8.32
D6	Sample 42	2	1	14	84590	36.96	8.29
D6	Sample 42	2	1	15	88890	37	8.28
D7	Sample 43	2	1	1	28720	36.96	9.69
D7	Sample 43	2	1	2	32980	36.96	9.63
D7	Sample 43	2	1	3	37290	36.96	9.59
D7	Sample 43	2	1	4	41590	36.96	9.56
D7	Sample 43	2	1	5	45900	37	9.53
D7	Sample 43	2	1	6	50190	36.96	9.48
D7	Sample 43	2	1	7	54490	36.96	9.46
D7	Sample 43	2	1	8	58780	37	9.41
D7	Sample 43	2	1	9	63080	37	9.40
D7	Sample 43	2	1	10	67400	37	9.36
D7	Sample 43	2	1	11	71680	37	9.35
D7	Sample 43	2	1	12	75990	36.96	9.32
D7	Sample 43	2	1	13	80290	36.96	9.30
D7	Sample 43	2	1	14	84590	36.96	9.25
D7	Sample 43	2	1	15	88890	37	9.24
D8	Sample 44	2	1	1	28720	36.96	9.80
D8	Sample 44	2	1	2	32980	36.96	9.75
D8	Sample 44	2	1	3	37290	36.96	9.73
D8	Sample 44	2	1	4	41590	36.96	9.67
D8	Sample 44	2	1	5	45900	37	9.65
D8	Sample 44	2	1	6	50190	36.96	9.59
D8	Sample 44	2	1	7	54490	36.96	9.60
D8	Sample 44	2	1	8	58780	37	9.55
D8	Sample 44	2	1	9	63080	37	9.49
D8	Sample 44	2	1	10	67400	37	9.49
D8	Sample 44	2	1	11	71680	37	9.44
D8	Sample 44	2	1	12	75990	36.96	9.46
D8	Sample 44	2	1	13	80290	36.96	9.41
D8	Sample 44	2	1	14	84590	36.96	9.41
D8	Sample 44	2	1	15	88890	37	9.36
D9	Sample 45	2	1	1	28720	36.96	8.96
D9	Sample 45	2	1	2	32980	36.96	8.95
D9	Sample 45	2	1	3	37290	36.96	8.88
D9	Sample 45	2	1	4	41590	36.96	8.88
D9	Sample 45	2	1	5	45900	37	8.83
D9	Sample 45	2	1	6	50190	36.96	8.78
D9	Sample 45	2	1	7	54490	36.96	8.78
D9	Sample 45	2	1	8	58780	37	8.77
D9	Sample 45	2	1	9	63080	37	8.70
D9	Sample 45	2	1	10	67400	37	8.70
D9	Sample 45	2	1	11	71680	37	8.67
D9	Sample 45	2	1	12	75990	36.96	8.67
D9	Sample 45	2	1	13	80290	36.96	8.62
D9	Sample 45	2	1	14	84590	36.96	8.62
D9	Sample 45	2	1	15	88890	37	8.60
D10	Sample 46	2	1	1	28720	36.96	9.07
D10	Sample 46	2	1	2	32980	36.96	9.07
D10	Sample 46	2	1	3	37290	36.96	9.02
D10	Sample 46	2	1	4	41590	36.96	9.01
D10	Sample 46	2	1	5	45900	37	8.96
D10	Sample 46	2	1	6	50190	36.96	8.93
D10	Sample 46	2	1	7	54490	36.96	8.89
D10	Sample 46	2	1	8	58780	37	8.86
D10	Sample 46	2	1	9	63080	37	8.86
D10	Sample 46	2	1	10	67400	37	8.85
D10	Sample 46	2	1	11	71680	37	8.80
D10	Sample 46	2	1	12	75990	36.96	8.80
D10	Sample 46	2	1	13	80290	36.96	8.78
D10	Sample 46	2	1	14	84590	36.96	8.75
D10	Sample 46	2	1	15	88890	37	8.70
D11	Sample 47	2	1	1	28720	36.96	9.31
D11	Sample 47	2	1	2	32980	36.96	9.26
D11	Sample 47	2	1	3	37290	36.96	9.23
D11	Sample 47	2	1	4	41590	36.96	9.21
D11	Sample 47	2	1	5	45900	37	9.15
D11	Sample 47	2	1	6	50190	36.96	9.13
D11	Sample 47	2	1	7	54490	36.96	9.10
D11	Sample 47	2	1	8	58780	37	9.10
D11	Sample 47	2	1	9	63080	37	9.03
D11	Sample 47	2	1	10	67400	37	9.03
D11	Sample 47	2	1	11	71680	37	9.00
D11	Sample 47	2	1	12	75990	36.96	9.00
D11	Sample 47	2	1	13	80290	36.96	8.97
D11	Sample 47	2	1	14	84590	36.96	8.95
D11	Sample 47	2	1	15	88890	37	8.92
D12	Sample 48	2	1	1	28720	36.96	8.01
D12	Sample 48	2	1	2	32980	36.96	7.98
D12	Sample 48	2	1	3	37290	36.96	7.97
D12	Sample 48	2	1	4	41590	36.96	7.97
D12	Sample 48	2	1	5	45900	37	7.93
D12	Sample 48	2	1	6	50190	36.96	7.88
D12	Sample 48	2	1	7	54490	36.96	7.87
D12	Sample 48	2	1	8	58780	37	7.85
D12	Sample 48	2	1	9	63080	37	7.83
D12	Sample 48	2	1	10	67400	37	7.85
D12	Sample 48	2	1	11	71680	37	7.79
D12	Sample 48	2	1	12	75990	36.96	7.77
D12	Sample 48	2	1	13	80290	36.96	7.75
D12	Sample 48	2	1	14	84590	36.96	7.74
D12	Sample 48	2	1	15	88890	37	7.72
E1	Sample 49	2	1	1	28720	36.96	0.70
E1	Sample 49	2	1	2	32980	36.96	0.68
E1	Sample 49	2	1	3	37290	36.96	0.67
E1	Sample 49	2	1	4	41590	36.96	0.67
E1	Sample 49	2	1	5	45900	37	0.67
E1	Sample 49	2	1	6	50190	36.96	0.68
E1	Sample 49	2	1	7	54490	36.96	0.67
E1	Sample 49	2	1	8	58780	37	0.67
E1	Sample 49	2	1	9	63080	37	0.67
E1	Sample 49	2	1	10	67400	37	0.67
E1	Sample 49	2	1	11	71680	37	0.67
E1	Sample 49	2	1	12	75990	36.96	0.65
E1	Sample 49	2	1	13	80290	36.96	0.65
E1	Sample 49	2	1	14	84590	36.96	0.67
E1	Sample 49	2	1	15	88890	37	0.65
E2	Sample 50	2	1	1	28720	36.96	0.68
E2	Sample 50	2	1	2	32980	36.96	0.68
E2	Sample 50	2	1	3	37290	36.96	0.66
E2	Sample 50	2	1	4	41590	36.96	0.64
E2	Sample 50	2	1	5	45900	37	0.64
E2	Sample 50	2	1	6	50190	36.96	0.66
E2	Sample 50	2	1	7	54490	36.96	0.66
E2	Sample 50	2	1	8	58780	37	0.64
E2	Sample 50	2	1	9	63080	37	0.64
E2	Sample 50	2	1	10	67400	37	0.66
E2	Sample 50	2	1	11	71680	37	0.64
E2	Sample 50	2	1	12	75990	36.96	0.66
E2	Sample 50	2	1	13	80290	36.96	0.66
E2	Sample 50	2	1	14	84590	36.96	0.64
E2	Sample 50	2	1	15	88890	37	0.64
E3	Sample 51	2	1	1	28720	36.96	0.86
E3	Sample 51	2	1	2	32980	36.96	0.84
E3	Sample 51	2	1	3	37290	36.96	0.82
E3	Sample 51	2	1	4	41590	36.96	0.84
E3	Sample 51	2	1	5	45900	37	0.82
E3	Sample 51	2	1	6	50190	36.96	0.83
E3	Sample 51	2	1	7	54490	36.96	0.83
E3	Sample 51	2	1	8	58780	37	0.83
E3	Sample 51	2	1	9	63080	37	0.81
E3	Sample 51	2	1	10	67400	37	0.84
E3	Sample 51	2	1	11	71680	37	0.83
E3	Sample 51	2	1	12	75990	36.96	0.83
E3	Sample 51	2	1	13	80290	36.96	0.83
E3	Sample 51	2	1	14	84590	36.96	0.83
E3	Sample 51	2	1	15	88890	37	0.81
E4	Sample 52	2	1	1	28720	36.96	0.97
E4	Sample 52	2	1	2	32980	36.96	0.95
E4	Sample 52	2	1	3	37290	36.96	0.94
E4	Sample 52	2	1	4	41590	36.96	0.92
E4	Sample 52	2	1	5	45900	37	0.92
E4	Sample 52	2	1	6	50190	36.96	0.94
E4	Sample 52	2	1	7	54490	36.96	0.94
E4	Sample 52	2	1	8	58780	37	0.92
E4	Sample 52	2	1	9	63080	37	0.92
E4	Sample 52	2	1	10	67400	37	0.94
E4	Sample 52	2	1	11	71680	37	0.94
E4	Sample 52	2	1	12	75990	36.96	0.94
E4	Sample 52	2	1	13	80290	36.96	0.90
E4	Sample 52	2	1	14	84590	36.96	0.94
E4	Sample 52	2	1	15	88890	37	0.94
E5	Sample 53	2	1	1	28720	36.96	8.98
E5	Sample 53	2	1	2	32980	36.96	8.94
E5	Sample 53	2	1	3	37290	36.96	8.85
E5	Sample 53	2	1	4	41590	36.96	8.84
E5	Sample 53	2	1	5	45900	37	8.82
E5	Sample 53	2	1	6	50190	36.96	8.80
E5	Sample 53	2	1	7	54490	36.96	8.77
E5	Sample 53	2	1	8	58780	37	8.72
E5	Sample 53	2	1	9	63080	37	8.69
E5	Sample 53	2	1	10	67400	37	8.67
E5	Sample 53	2	1	11	71680	37	8.66
E5	Sample 53	2	1	12	75990	36.96	8.66
E5	Sample 53	2	1	13	80290	36.96	8.59
E5	Sample 53	2	1	14	84590	36.96	8.61
E5	Sample 53	2	1	15	88890	37	8.59
E6	Sample 54	2	1	1	28720	36.96	8.69
E6	Sample 54	2	1	2	32980	36.96	8.62
E6	Sample 54	2	1	3	37290	36.96	8.57
E6	Sample 54	2	1	4	41590	36.96	8.57
E6	Sample 54	2	1	5	45900	37	8.52
E6	Sample 54	2	1	6	50190	36.96	8.51
E6	Sample 54	2	1	7	54490	36.96	8.48
E6	Sample 54	2	1	8	58780	37	8.44
E6	Sample 54	2	1	9	63080	37	8.41
E6	Sample 54	2	1	10	67400	37	8.41
E6	Sample 54	2	1	11	71680	37	8.38
E6	Sample 54	2	1	12	75990	36.96	8.38
E6	Sample 54	2	1	13	80290	36.96	8.31
E6	Sample 54	2	1	14	84590	36.96	8.34
E6	Sample 54	2	1	15	88890	37	8.28
E7	Sample 55	2	1	1	28720	36.96	9.25
E7	Sample 55	2	1	2	32980	36.96	9.15
E7	Sample 55	2	1	3	37290	36.96	9.17
E7	Sample 55	2	1	4	41590	36.96	9.12
E7	Sample 55	2	1	5	45900	37	9.07
E7	Sample 55	2	1	6	50190	36.96	9.02
E7	Sample 55	2	1	7	54490	36.96	9.00
E7	Sample 55	2	1	8	58780	37	9.00
E7	Sample 55	2	1	9	63080	37	8.97
E7	Sample 55	2	1	10	67400	37	8.94
E7	Sample 55	2	1	11	71680	37	8.92
E7	Sample 55	2	1	12	75990	36.96	8.89
E7	Sample 55	2	1	13	80290	36.96	8.82
E7	Sample 55	2	1	14	84590	36.96	8.84
E7	Sample 55	2	1	15	88890	37	8.81
E8	Sample 56	2	1	1	28720	36.96	8.36
E8	Sample 56	2	1	2	32980	36.96	8.39
E8	Sample 56	2	1	3	37290	36.96	8.33
E8	Sample 56	2	1	4	41590	36.96	8.31
E8	Sample 56	2	1	5	45900	37	8.26
E8	Sample 56	2	1	6	50190	36.96	8.26
E8	Sample 56	2	1	7	54490	36.96	8.23
E8	Sample 56	2	1	8	58780	37	8.23
E8	Sample 56	2	1	9	63080	37	8.18
E8	Sample 56	2	1	10	67400	37	8.18
E8	Sample 56	2	1	11	71680	37	8.15
E8	Sample 56	2	1	12	75990	36.96	8.10
E8	Sample 56	2	1	13	80290	36.96	8.07
E8	Sample 56	2	1	14	84590	36.96	8.10
E8	Sample 56	2	1	15	88890	37	8.05
E9	Sample 57	2	1	1	28720	36.96	11.32
E9	Sample 57	2	1	2	32980	36.96	11.27
E9	Sample 57	2	1	3	37290	36.96	11.21
E9	Sample 57	2	1	4	41590	36.96	11.19
E9	Sample 57	2	1	5	45900	37	11.12
E9	Sample 57	2	1	6	50190	36.96	11.08
E9	Sample 57	2	1	7	54490	36.96	11.06
E9	Sample 57	2	1	8	58780	37	11.03
E9	Sample 57	2	1	9	63080	37	10.98
E9	Sample 57	2	1	10	67400	37	10.94
E9	Sample 57	2	1	11	71680	37	10.88
E9	Sample 57	2	1	12	75990	36.96	10.91
E9	Sample 57	2	1	13	80290	36.96	10.86
E9	Sample 57	2	1	14	84590	36.96	10.85
E9	Sample 57	2	1	15	88890	37	10.85
E10	Sample 58	2	1	1	28720	36.96	9.62
E10	Sample 58	2	1	2	32980	36.96	9.59
E10	Sample 58	2	1	3	37290	36.96	9.53
E10	Sample 58	2	1	4	41590	36.96	9.49
E10	Sample 58	2	1	5	45900	37	9.46
E10	Sample 58	2	1	6	50190	36.96	9.43
E10	Sample 58	2	1	7	54490	36.96	9.41
E10	Sample 58	2	1	8	58780	37	9.38
E10	Sample 58	2	1	9	63080	37	9.36
E10	Sample 58	2	1	10	67400	37	9.33
E10	Sample 58	2	1	11	71680	37	9.31
E10	Sample 58	2	1	12	75990	36.96	9.30
E10	Sample 58	2	1	13	80290	36.96	9.23
E10	Sample 58	2	1	14	84590	36.96	9.21
E10	Sample 58	2	1	15	88890	37	9.18
E11	Sample 59	2	1	1	28720	36.96	11.17
E11	Sample 59	2	1	2	32980	36.96	11.12
E11	Sample 59	2	1	3	37290	36.96	11.05
E11	Sample 59	2	1	4	41590	36.96	11.01
E11	Sample 59	2	1	5	45900	37	10.99
E11	Sample 59	2	1	6	50190	36.96	10.99
E11	Sample 59	2	1	7	54490	36.96	10.92
E11	Sample 59	2	1	8	58780	37	10.87
E11	Sample 59	2	1	9	63080	37	10.87
E11	Sample 59	2	1	10	67400	37	10.84
E11	Sample 59	2	1	11	71680	37	10.78
E11	Sample 59	2	1	12	75990	36.96	10.81
E11	Sample 59	2	1	13	80290	36.96	10.73
E11	Sample 59	2	1	14	84590	36.96	10.69
E11	Sample 59	2	1	15	88890	37	10.70
E12	Sample 60	2	1	1	28720	36.96	8.89
E12	Sample 60	2	1	2	32980	36.96	8.84
E12	Sample 60	2	1	3	37290	36.96	8.79
E12	Sample 60	2	1	4	41590	36.96	8.77
E12	Sample 60	2	1	5	45900	37	8.74
E12	Sample 60	2	1	6	50190	36.96	8.73
E12	Sample 60	2	1	7	54490	36.96	8.71
E12	Sample 60	2	1	8	58780	37	8.69
E12	Sample 60	2	1	9	63080	37	8.66
E12	Sample 60	2	1	10	67400	37	8.64
E12	Sample 60	2	1	11	71680	37	8.61
E12	Sample 60	2	1	12	75990	36.96	8.63
E12	Sample 60	2	1	13	80290	36.96	8.56
E12	Sample 60	2	1	14	84590	36.96	8.56
E12	Sample 60	2	1	15	88890	37	8.53
F1	Sample 61	2	1	1	28720	36.96	1.00
F1	Sample 61	2	1	2	32980	36.96	1.00
F1	Sample 61	2	1	3	37290	36.96	0.98
F1	Sample 61	2	1	4	41590	36.96	0.98
F1	Sample 61	2	1	5	45900	37	1.00
F1	Sample 61	2	1	6	50190	36.96	0.95
F1	Sample 61	2	1	7	54490	36.96	0.97
F1	Sample 61	2	1	8	58780	37	0.98
F1	Sample 61	2	1	9	63080	37	1.00
F1	Sample 61	2	1	10	67400	37	0.98
F1	Sample 61	2	1	11	71680	37	0.98
F1	Sample 61	2	1	12	75990	36.96	0.98
F1	Sample 61	2	1	13	80290	36.96	0.97
F1	Sample 61	2	1	14	84590	36.96	0.97
F1	Sample 61	2	1	15	88890	37	0.97
F2	Sample 62	2	1	1	28720	36.96	1.03
F2	Sample 62	2	1	2	32980	36.96	1.03
F2	Sample 62	2	1	3	37290	36.96	0.99
F2	Sample 62	2	1	4	41590	36.96	1.01
F2	Sample 62	2	1	5	45900	37	1.03
F2	Sample 62	2	1	6	50190	36.96	0.99
F2	Sample 62	2	1	7	54490	36.96	0.99
F2	Sample 62	2	1	8	58780	37	0.99
F2	Sample 62	2	1	9	63080	37	1.01
F2	Sample 62	2	1	10	67400	37	0.99
F2	Sample 62	2	1	11	71680	37	0.99
F2	Sample 62	2	1	12	75990	36.96	0.97
F2	Sample 62	2	1	13	80290	36.96	0.97
F2	Sample 62	2	1	14	84590	36.96	0.97
F2	Sample 62	2	1	15	88890	37	0.98
F3	Sample 63	2	1	1	28720	36.96	1.15
F3	Sample 63	2	1	2	32980	36.96	1.14
F3	Sample 63	2	1	3	37290	36.96	1.12
F3	Sample 63	2	1	4	41590	36.96	1.12
F3	Sample 63	2	1	5	45900	37	1.15
F3	Sample 63	2	1	6	50190	36.96	1.10
F3	Sample 63	2	1	7	54490	36.96	1.10
F3	Sample 63	2	1	8	58780	37	1.10
F3	Sample 63	2	1	9	63080	37	1.12
F3	Sample 63	2	1	10	67400	37	1.12
F3	Sample 63	2	1	11	71680	37	1.10
F3	Sample 63	2	1	12	75990	36.96	1.09
F3	Sample 63	2	1	13	80290	36.96	1.09
F3	Sample 63	2	1	14	84590	36.96	1.10
F3	Sample 63	2	1	15	88890	37	1.10
F4	Sample 64	2	1	1	28720	36.96	1.27
F4	Sample 64	2	1	2	32980	36.96	1.25
F4	Sample 64	2	1	3	37290	36.96	1.23
F4	Sample 64	2	1	4	41590	36.96	1.23
F4	Sample 64	2	1	5	45900	37	1.25
F4	Sample 64	2	1	6	50190	36.96	1.22
F4	Sample 64	2	1	7	54490	36.96	1.20
F4	Sample 64	2	1	8	58780	37	1.22
F4	Sample 64	2	1	9	63080	37	1.23
F4	Sample 64	2	1	10	67400	37	1.23
F4	Sample 64	2	1	11	71680	37	1.22
F4	Sample 64	2	1	12	75990	36.96	1.20
F4	Sample 64	2	1	13	80290	36.96	1.22
F4	Sample 64	2	1	14	84590	36.96	1.22
F4	Sample 64	2	1	15	88890	37	1.20
F5	Sample 65	2	1	1	28720	36.96	8.43
F5	Sample 65	2	1	2	32980	36.96	8.41
F5	Sample 65	2	1	3	37290	36.96	8.35
F5	Sample 65	2	1	4	41590	36.96	8.33
F5	Sample 65	2	1	5	45900	37	8.33
F5	Sample 65	2	1	6	50190	36.96	8.25
F5	Sample 65	2	1	7	54490	36.96	8.23
F5	Sample 65	2	1	8	58780	37	8.23
F5	Sample 65	2	1	9	63080	37	8.21
F5	Sample 65	2	1	10	67400	37	8.18
F5	Sample 65	2	1	11	71680	37	8.15
F5	Sample 65	2	1	12	75990	36.96	8.08
F5	Sample 65	2	1	13	80290	36.96	8.10
F5	Sample 65	2	1	14	84590	36.96	8.10
F5	Sample 65	2	1	15	88890	37	8.07
F6	Sample 66	2	1	1	28720	36.96	8.03
F6	Sample 66	2	1	2	32980	36.96	8.00
F6	Sample 66	2	1	3	37290	36.96	7.95
F6	Sample 66	2	1	4	41590	36.96	7.91
F6	Sample 66	2	1	5	45900	37	7.91
F6	Sample 66	2	1	6	50190	36.96	7.83
F6	Sample 66	2	1	7	54490	36.96	7.81
F6	Sample 66	2	1	8	58780	37	7.85
F6	Sample 66	2	1	9	63080	37	7.80
F6	Sample 66	2	1	10	67400	37	7.78
F6	Sample 66	2	1	11	71680	37	7.75
F6	Sample 66	2	1	12	75990	36.96	7.73
F6	Sample 66	2	1	13	80290	36.96	7.72
F6	Sample 66	2	1	14	84590	36.96	7.68
F6	Sample 66	2	1	15	88890	37	7.70
F7	Sample 67	2	1	1	28720	36.96	9.61
F7	Sample 67	2	1	2	32980	36.96	9.57
F7	Sample 67	2	1	3	37290	36.96	9.54
F7	Sample 67	2	1	4	41590	36.96	9.49
F7	Sample 67	2	1	5	45900	37	9.47
F7	Sample 67	2	1	6	50190	36.96	9.41
F7	Sample 67	2	1	7	54490	36.96	9.38
F7	Sample 67	2	1	8	58780	37	9.36
F7	Sample 67	2	1	9	63080	37	9.33
F7	Sample 67	2	1	10	67400	37	9.31
F7	Sample 67	2	1	11	71680	37	9.29
F7	Sample 67	2	1	12	75990	36.96	9.24
F7	Sample 67	2	1	13	80290	36.96	9.24
F7	Sample 67	2	1	14	84590	36.96	9.23
F7	Sample 67	2	1	15	88890	37	9.20
F8	Sample 68	2	1	1	28720	36.96	9.35
F8	Sample 68	2	1	2	32980	36.96	9.31
F8	Sample 68	2	1	3	37290	36.96	9.29
F8	Sample 68	2	1	4	41590	36.96	9.24
F8	Sample 68	2	1	5	45900	37	9.21
F8	Sample 68	2	1	6	50190	36.96	9.18
F8	Sample 68	2	1	7	54490	36.96	9.16
F8	Sample 68	2	1	8	58780	37	9.13
F8	Sample 68	2	1	9	63080	37	9.13
F8	Sample 68	2	1	10	67400	37	9.08
F8	Sample 68	2	1	11	71680	37	9.06
F8	Sample 68	2	1	12	75990	36.96	9.04
F8	Sample 68	2	1	13	80290	36.96	9.01
F8	Sample 68	2	1	14	84590	36.96	8.98
F8	Sample 68	2	1	15	88890	37	8.96
F9	Sample 69	2	1	1	28720	36.96	10.06
F9	Sample 69	2	1	2	32980	36.96	10.02
F9	Sample 69	2	1	3	37290	36.96	9.97
F9	Sample 69	2	1	4	41590	36.96	9.93
F9	Sample 69	2	1	5	45900	37	9.93
F9	Sample 69	2	1	6	50190	36.96	9.87
F9	Sample 69	2	1	7	54490	36.96	9.83
F9	Sample 69	2	1	8	58780	37	9.80
F9	Sample 69	2	1	9	63080	37	9.83
F9	Sample 69	2	1	10	67400	37	9.79
F9	Sample 69	2	1	11	71680	37	9.74
F9	Sample 69	2	1	12	75990	36.96	9.70
F9	Sample 69	2	1	13	80290	36.96	9.65
F9	Sample 69	2	1	14	84590	36.96	9.67
F9	Sample 69	2	1	15	88890	37	9.66
F10	Sample 70	2	1	1	28720	36.96	11.48
F10	Sample 70	2	1	2	32980	36.96	11.42
F10	Sample 70	2	1	3	37290	36.96	11.38
F10	Sample 70	2	1	4	41590	36.96	11.35
F10	Sample 70	2	1	5	45900	37	11.32
F10	Sample 70	2	1	6	50190	36.96	11.25
F10	Sample 70	2	1	7	54490	36.96	11.24
F10	Sample 70	2	1	8	58780	37	11.20
F10	Sample 70	2	1	9	63080	37	11.20
F10	Sample 70	2	1	10	67400	37	11.15
F10	Sample 70	2	1	11	71680	37	11.11
F10	Sample 70	2	1	12	75990	36.96	11.06
F10	Sample 70	2	1	13	80290	36.96	11.06
F10	Sample 70	2	1	14	84590	36.96	11.02
F10	Sample 70	2	1	15	88890	37	10.98
F11	Sample 71	2	1	1	28720	36.96	11.16
F11	Sample 71	2	1	2	32980	36.96	11.13
F11	Sample 71	2	1	3	37290	36.96	11.07
F11	Sample 71	2	1	4	41590	36.96	11.02
F11	Sample 71	2	1	5	45900	37	11.00
F11	Sample 71	2	1	6	50190	36.96	10.92
F11	Sample 71	2	1	7	54490	36.96	10.89
F11	Sample 71	2	1	8	58780	37	10.89
F11	Sample 71	2	1	9	63080	37	10.85
F11	Sample 71	2	1	10	67400	37	10.84
F11	Sample 71	2	1	11	71680	37	10.79
F11	Sample 71	2	1	12	75990	36.96	10.75
F11	Sample 71	2	1	13	80290	36.96	10.74
F11	Sample 71	2	1	14	84590	36.96	10.74
F11	Sample 71	2	1	15	88890	37	10.67
F12	Sample 72	2	1	1	28720	36.96	10.36
F12	Sample 72	2	1	2	32980	36.96	10.32
F12	Sample 72	2	1	3	37290	36.96	10.27
F12	Sample 72	2	1	4	41590	36.96	10.28
F12	Sample 72	2	1	5	45900	37	10.24
F12	Sample 72	2	1	6	50190	36.96	10.19
F12	Sample 72	2	1	7	54490	36.96	10.14
F12	Sample 72	2	1	8	58780	37	10.16
F12	Sample 72	2	1	9	63080	37	10.18
F12	Sample 72	2	1	10	67400	37	10.11
F12	Sample 72	2	1	11	71680	37	10.10
F12	Sample 72	2	1	12	75990	36.96	10.03
F12	Sample 72	2	1	13	80290	36.96	10.05
F12	Sample 72	2	1	14	84590	36.96	9.99
F12	Sample 72	2	1	15	88890	37	10.01
G1	Sample 73	2	1	1	28720	36.96	1.10
G1	Sample 73	2	1	2	32980	36.96	1.08
G1	Sample 73	2	1	3	37290	36.96	1.10
G1	Sample 73	2	1	4	41590	36.96	1.08
G1	Sample 73	2	1	5	45900	37	1.08
G1	Sample 73	2	1	6	50190	36.96	1.06
G1	Sample 73	2	1	7	54490	36.96	1.06
G1	Sample 73	2	1	8	58780	37	1.05
G1	Sample 73	2	1	9	63080	37	1.08
G1	Sample 73	2	1	10	67400	37	1.05
G1	Sample 73	2	1	11	71680	37	1.06
G1	Sample 73	2	1	12	75990	36.96	1.06
G1	Sample 73	2	1	13	80290	36.96	1.03
G1	Sample 73	2	1	14	84590	36.96	1.05
G1	Sample 73	2	1	15	88890	37	1.05
G2	Sample 74	2	1	1	28720	36.96	1.21
G2	Sample 74	2	1	2	32980	36.96	1.18
G2	Sample 74	2	1	3	37290	36.96	1.18
G2	Sample 74	2	1	4	41590	36.96	1.16
G2	Sample 74	2	1	5	45900	37	1.18
G2	Sample 74	2	1	6	50190	36.96	1.14
G2	Sample 74	2	1	7	54490	36.96	1.14
G2	Sample 74	2	1	8	58780	37	1.14
G2	Sample 74	2	1	9	63080	37	1.16
G2	Sample 74	2	1	10	67400	37	1.14
G2	Sample 74	2	1	11	71680	37	1.16
G2	Sample 74	2	1	12	75990	36.96	1.14
G2	Sample 74	2	1	13	80290	36.96	1.14
G2	Sample 74	2	1	14	84590	36.96	1.12
G2	Sample 74	2	1	15	88890	37	1.12
G3	Sample 75	2	1	1	28720	36.96	1.24
G3	Sample 75	2	1	2	32980	36.96	1.22
G3	Sample 75	2	1	3	37290	36.96	1.24
G3	Sample 75	2	1	4	41590	36.96	1.22
G3	Sample 75	2	1	5	45900	37	1.22
G3	Sample 75	2	1	6	50190	36.96	1.18
G3	Sample 75	2	1	7	54490	36.96	1.18
G3	Sample 75	2	1	8	58780	37	1.18
G3	Sample 75	2	1	9	63080	37	1.18
G3	Sample 75	2	1	10	67400	37	1.20
G3	Sample 75	2	1	11	71680	37	1.18
G3	Sample 75	2	1	12	75990	36.96	1.18
G3	Sample 75	2	1	13	80290	36.96	1.17
G3	Sample 75	2	1	14	84590	36.96	1.18
G3	Sample 75	2	1	15	88890	37	1.18
G4	Sample 76	2	1	1	28720	36.96	1.31
G4	Sample 76	2	1	2	32980	36.96	1.28
G4	Sample 76	2	1	3	37290	36.96	1.28
G4	Sample 76	2	1	4	41590	36.96	1.26
G4	Sample 76	2	1	5	45900	37	1.26
G4	Sample 76	2	1	6	50190	36.96	1.24
G4	Sample 76	2	1	7	54490	36.96	1.24
G4	Sample 76	2	1	8	58780	37	1.23
G4	Sample 76	2	1	9	63080	37	1.24
G4	Sample 76	2	1	10	67400	37	1.23
G4	Sample 76	2	1	11	71680	37	1.26
G4	Sample 76	2	1	12	75990	36.96	1.25
G4	Sample 76	2	1	13	80290	36.96	1.23
G4	Sample 76	2	1	14	84590	36.96	1.25
G4	Sample 76	2	1	15	88890	37	1.23
G5	Sample 77	2	1	1	28720	36.96	8.39
G5	Sample 77	2	1	2	32980	36.96	8.36
G5	Sample 77	2	1	3	37290	36.96	8.33
G5	Sample 77	2	1	4	41590	36.96	8.29
G5	Sample 77	2	1	5	45900	37	8.26
G5	Sample 77	2	1	6	50190	36.96	8.23
G5	Sample 77	2	1	7	54490	36.96	8.21
G5	Sample 77	2	1	8	58780	37	8.17
G5	Sample 77	2	1	9	63080	37	8.17
G5	Sample 77	2	1	10	67400	37	8.14
G5	Sample 77	2	1	11	71680	37	8.13
G5	Sample 77	2	1	12	75990	36.96	8.11
G5	Sample 77	2	1	13	80290	36.96	8.11
G5	Sample 77	2	1	14	84590	36.96	8.07
G5	Sample 77	2	1	15	88890	37	8.06
G6	Sample 78	2	1	1	28720	36.96	7.65
G6	Sample 78	2	1	2	32980	36.96	7.63
G6	Sample 78	2	1	3	37290	36.96	7.60
G6	Sample 78	2	1	4	41590	36.96	7.55
G6	Sample 78	2	1	5	45900	37	7.55
G6	Sample 78	2	1	6	50190	36.96	7.50
G6	Sample 78	2	1	7	54490	36.96	7.46
G6	Sample 78	2	1	8	58780	37	7.46
G6	Sample 78	2	1	9	63080	37	7.46
G6	Sample 78	2	1	10	67400	37	7.41
G6	Sample 78	2	1	11	71680	37	7.43
G6	Sample 78	2	1	12	75990	36.96	7.38
G6	Sample 78	2	1	13	80290	36.96	7.35
G6	Sample 78	2	1	14	84590	36.96	7.31
G6	Sample 78	2	1	15	88890	37	7.33
G7	Sample 79	2	1	1	28720	36.96	7.74
G7	Sample 79	2	1	2	32980	36.96	7.71
G7	Sample 79	2	1	3	37290	36.96	7.64
G7	Sample 79	2	1	4	41590	36.96	7.64
G7	Sample 79	2	1	5	45900	37	7.60
G7	Sample 79	2	1	6	50190	36.96	7.56
G7	Sample 79	2	1	7	54490	36.96	7.56
G7	Sample 79	2	1	8	58780	37	7.52
G7	Sample 79	2	1	9	63080	37	7.52
G7	Sample 79	2	1	10	67400	37	7.51
G7	Sample 79	2	1	11	71680	37	7.51
G7	Sample 79	2	1	12	75990	36.96	7.47
G7	Sample 79	2	1	13	80290	36.96	7.42
G7	Sample 79	2	1	14	84590	36.96	7.42
G7	Sample 79	2	1	15	88890	37	7.41
G8	Sample 80	2	1	1	28720	36.96	8.09
G8	Sample 80	2	1	2	32980	36.96	8.02
G8	Sample 80	2	1	3	37290	36.96	8.02
G8	Sample 80	2	1	4	41590	36.96	7.99
G8	Sample 80	2	1	5	45900	37	7.99
G8	Sample 80	2	1	6	50190	36.96	7.92
G8	Sample 80	2	1	7	54490	36.96	7.89
G8	Sample 80	2	1	8	58780	37	7.89
G8	Sample 80	2	1	9	63080	37	7.82
G8	Sample 80	2	1	10	67400	37	7.82
G8	Sample 80	2	1	11	71680	37	7.83
G8	Sample 80	2	1	12	75990	36.96	7.81
G8	Sample 80	2	1	13	80290	36.96	7.76
G8	Sample 80	2	1	14	84590	36.96	7.74
G8	Sample 80	2	1	15	88890	37	7.74
G9	Sample 81	2	1	1	28720	36.96	8.85
G9	Sample 81	2	1	2	32980	36.96	8.82
G9	Sample 81	2	1	3	37290	36.96	8.77
G9	Sample 81	2	1	4	41590	36.96	8.78
G9	Sample 81	2	1	5	45900	37	8.73
G9	Sample 81	2	1	6	50190	36.96	8.70
G9	Sample 81	2	1	7	54490	36.96	8.63
G9	Sample 81	2	1	8	58780	37	8.62
G9	Sample 81	2	1	9	63080	37	8.62
G9	Sample 81	2	1	10	67400	37	8.59
G9	Sample 81	2	1	11	71680	37	8.60
G9	Sample 81	2	1	12	75990	36.96	8.55
G9	Sample 81	2	1	13	80290	36.96	8.54
G9	Sample 81	2	1	14	84590	36.96	8.52
G9	Sample 81	2	1	15	88890	37	8.54
G10	Sample 82	2	1	1	28720	36.96	9.47
G10	Sample 82	2	1	2	32980	36.96	9.44
G10	Sample 82	2	1	3	37290	36.96	9.37
G10	Sample 82	2	1	4	41590	36.96	9.35
G10	Sample 82	2	1	5	45900	37	9.35
G10	Sample 82	2	1	6	50190	36.96	9.29
G10	Sample 82	2	1	7	54490	36.96	9.25
G10	Sample 82	2	1	8	58780	37	9.24
G10	Sample 82	2	1	9	63080	37	9.24
G10	Sample 82	2	1	10	67400	37	9.20
G10	Sample 82	2	1	11	71680	37	9.19
G10	Sample 82	2	1	12	75990	36.96	9.17
G10	Sample 82	2	1	13	80290	36.96	9.12
G10	Sample 82	2	1	14	84590	36.96	9.10
G10	Sample 82	2	1	15	88890	37	9.09
G11	Sample 83	2	1	1	28720	36.96	10.36
G11	Sample 83	2	1	2	32980	36.96	10.32
G11	Sample 83	2	1	3	37290	36.96	10.30
G11	Sample 83	2	1	4	41590	36.96	10.28
G11	Sample 83	2	1	5	45900	37	10.26
G11	Sample 83	2	1	6	50190	36.96	10.18
G11	Sample 83	2	1	7	54490	36.96	10.20
G11	Sample 83	2	1	8	58780	37	10.17
G11	Sample 83	2	1	9	63080	37	10.17
G11	Sample 83	2	1	10	67400	37	10.10
G11	Sample 83	2	1	11	71680	37	10.08
G11	Sample 83	2	1	12	75990	36.96	10.08
G11	Sample 83	2	1	13	80290	36.96	10.03
G11	Sample 83	2	1	14	84590	36.96	10.00
G11	Sample 83	2	1	15	88890	37	9.97
G12	Sample 84	2	1	1	28720	36.96	8.27
G12	Sample 84	2	1	2	32980	36.96	8.22
G12	Sample 84	2	1	3	37290	36.96	8.20
G12	Sample 84	2	1	4	41590	36.96	8.17
G12	Sample 84	2	1	5	45900	37	8.17
G12	Sample 84	2	1	6	50190	36.96	8.10
G12	Sample 84	2	1	7	54490	36.96	8.10
G12	Sample 84	2	1	8	58780	37	8.07
G12	Sample 84	2	1	9	63080	37	8.08
G12	Sample 84	2	1	10	67400	37	8.05
G12	Sample 84	2	1	11	71680	37	8.07
G12	Sample 84	2	1	12	75990	36.96	8.05
G12	Sample 84	2	1	13	80290	36.96	8.04
G12	Sample 84	2	1	14	84590	36.96	7.97
G12	Sample 84	2	1	15	88890	37	7.99
H1	Sample 85	2	1	1	28720	36.96	1.50
H1	Sample 85	2	1	2	32980	36.96	1.66
H1	Sample 85	2	1	3	37290	36.96	1.78
H1	Sample 85	2	1	4	41590	36.96	2.19
H1	Sample 85	2	1	5	45900	37	2.23
H1	Sample 85	2	1	6	50190	36.96	2.62
H1	Sample 85	2	1	7	54490	36.96	2.88
H1	Sample 85	2	1	8	58780	37	2.97
H1	Sample 85	2	1	9	63080	37	2.97
H1	Sample 85	2	1	10	67400	37	2.58
H1	Sample 85	2	1	11	71680	37	2.21
H1	Sample 85	2	1	12	75990	36.96	1.93
H1	Sample 85	2	1	13	80290	36.96	1.71
H1	Sample 85	2	1	14	84590	36.96	1.54
H1	Sample 85	2	1	15	88890	37	1.40
H2	Sample 86	2	1	1	28720	36.96	1.21
H2	Sample 86	2	1	2	32980	36.96	1.21
H2	Sample 86	2	1	3	37290	36.96	1.19
H2	Sample 86	2	1	4	41590	36.96	1.19
H2	Sample 86	2	1	5	45900	37	1.17
H2	Sample 86	2	1	6	50190	36.96	1.19
H2	Sample 86	2	1	7	54490	36.96	1.16
H2	Sample 86	2	1	8	58780	37	1.17
H2	Sample 86	2	1	9	63080	37	1.17
H2	Sample 86	2	1	10	67400	37	1.16
H2	Sample 86	2	1	11	71680	37	1.16
H2	Sample 86	2	1	12	75990	36.96	1.16
H2	Sample 86	2	1	13	80290	36.96	1.16
H2	Sample 86	2	1	14	84590	36.96	1.14
H2	Sample 86	2	1	15	88890	37	1.14
H3	Sample 87	2	1	1	28720	36.96	1.23
H3	Sample 87	2	1	2	32980	36.96	1.22
H3	Sample 87	2	1	3	37290	36.96	1.22
H3	Sample 87	2	1	4	41590	36.96	1.22
H3	Sample 87	2	1	5	45900	37	1.22
H3	Sample 87	2	1	6	50190	36.96	1.22
H3	Sample 87	2	1	7	54490	36.96	1.22
H3	Sample 87	2	1	8	58780	37	1.22
H3	Sample 87	2	1	9	63080	37	1.20
H3	Sample 87	2	1	10	67400	37	1.20
H3	Sample 87	2	1	11	71680	37	1.23
H3	Sample 87	2	1	12	75990	36.96	1.18
H3	Sample 87	2	1	13	80290	36.96	1.20
H3	Sample 87	2	1	14	84590	36.96	1.20
H3	Sample 87	2	1	15	88890	37	1.18
H4	Sample 88	2	1	1	28720	36.96	1.28
H4	Sample 88	2	1	2	32980	36.96	1.28
H4	Sample 88	2	1	3	37290	36.96	1.28
H4	Sample 88	2	1	4	41590	36.96	1.26
H4	Sample 88	2	1	5	45900	37	1.26
H4	Sample 88	2	1	6	50190	36.96	1.24
H4	Sample 88	2	1	7	54490	36.96	1.23
H4	Sample 88	2	1	8	58780	37	1.24
H4	Sample 88	2	1	9	63080	37	1.24
H4	Sample 88	2	1	10	67400	37	1.23
H4	Sample 88	2	1	11	71680	37	1.23
H4	Sample 88	2	1	12	75990	36.96	1.23
H4	Sample 88	2	1	13	80290	36.96	1.21
H4	Sample 88	2	1	14	84590	36.96	1.23
H4	Sample 88	2	1	15	88890	37	1.21
H5	Sample 89	2	1	1	28720	36.96	6.93
H5	Sample 89	2	1	2	32980	36.96	6.90
H5	Sample 89	2	1	3	37290	36.96	6.90
H5	Sample 89	2	1	4	41590	36.96	6.86
H5	Sample 89	2	1	5	45900	37	6.81
H5	Sample 89	2	1	6	50190	36.96	6.83
H5	Sample 89	2	1	7	54490	36.96	6.78
H5	Sample 89	2	1	8	58780	37	6.78
H5	Sample 89	2	1	9	63080	37	6.78
H5	Sample 89	2	1	10	67400	37	6.71
H5	Sample 89	2	1	11	71680	37	6.75
H5	Sample 89	2	1	12	75990	36.96	6.68
H5	Sample 89	2	1	13	80290	36.96	6.69
H5	Sample 89	2	1	14	84590	36.96	6.66
H5	Sample 89	2	1	15	88890	37	6.68
H6	Sample 90	2	1	1	28720	36.96	7.87
H6	Sample 90	2	1	2	32980	36.96	7.82
H6	Sample 90	2	1	3	37290	36.96	7.77
H6	Sample 90	2	1	4	41590	36.96	7.77
H6	Sample 90	2	1	5	45900	37	7.75
H6	Sample 90	2	1	6	50190	36.96	7.72
H6	Sample 90	2	1	7	54490	36.96	7.67
H6	Sample 90	2	1	8	58780	37	7.67
H6	Sample 90	2	1	9	63080	37	7.68
H6	Sample 90	2	1	10	67400	37	7.63
H6	Sample 90	2	1	11	71680	37	7.64
H6	Sample 90	2	1	12	75990	36.96	7.62
H6	Sample 90	2	1	13	80290	36.96	7.58
H6	Sample 90	2	1	14	84590	36.96	7.57
H6	Sample 90	2	1	15	88890	37	7.53
H7	Sample 91	2	1	1	28720	36.96	8.42
H7	Sample 91	2	1	2	32980	36.96	8.35
H7	Sample 91	2	1	3	37290	36.96	8.32
H7	Sample 91	2	1	4	41590	36.96	8.27
H7	Sample 91	2	1	5	45900	37	8.23
H7	Sample 91	2	1	6	50190	36.96	8.25
H7	Sample 91	2	1	7	54490	36.96	8.22
H7	Sample 91	2	1	8	58780	37	8.20
H7	Sample 91	2	1	9	63080	37	8.17
H7	Sample 91	2	1	10	67400	37	8.15
H7	Sample 91	2	1	11	71680	37	8.13
H7	Sample 91	2	1	12	75990	36.96	8.12
H7	Sample 91	2	1	13	80290	36.96	8.08
H7	Sample 91	2	1	14	84590	36.96	8.06
H7	Sample 91	2	1	15	88890	37	8.05
H8	Sample 92	2	1	1	28720	36.96	7.58
H8	Sample 92	2	1	2	32980	36.96	7.55
H8	Sample 92	2	1	3	37290	36.96	7.55
H8	Sample 92	2	1	4	41590	36.96	7.51
H8	Sample 92	2	1	5	45900	37	7.48
H8	Sample 92	2	1	6	50190	36.96	7.46
H8	Sample 92	2	1	7	54490	36.96	7.45
H8	Sample 92	2	1	8	58780	37	7.41
H8	Sample 92	2	1	9	63080	37	7.43
H8	Sample 92	2	1	10	67400	37	7.38
H8	Sample 92	2	1	11	71680	37	7.38
H8	Sample 92	2	1	12	75990	36.96	7.31
H8	Sample 92	2	1	13	80290	36.96	7.33
H8	Sample 92	2	1	14	84590	36.96	7.31
H8	Sample 92	2	1	15	88890	37	7.28
H9	Sample 93	2	1	1	28720	36.96	8.11
H9	Sample 93	2	1	2	32980	36.96	8.06
H9	Sample 93	2	1	3	37290	36.96	8.04
H9	Sample 93	2	1	4	41590	36.96	7.99
H9	Sample 93	2	1	5	45900	37	7.99
H9	Sample 93	2	1	6	50190	36.96	7.94
H9	Sample 93	2	1	7	54490	36.96	7.94
H9	Sample 93	2	1	8	58780	37	7.91
H9	Sample 93	2	1	9	63080	37	7.89
H9	Sample 93	2	1	10	67400	37	7.89
H9	Sample 93	2	1	11	71680	37	7.86
H9	Sample 93	2	1	12	75990	36.96	7.84
H9	Sample 93	2	1	13	80290	36.96	7.84
H9	Sample 93	2	1	14	84590	36.96	7.82
H9	Sample 93	2	1	15	88890	37	7.76
H10	Sample 94	2	1	1	28720	36.96	8.44
H10	Sample 94	2	1	2	32980	36.96	8.34
H10	Sample 94	2	1	3	37290	36.96	8.36
H10	Sample 94	2	1	4	41590	36.96	8.32
H10	Sample 94	2	1	5	45900	37	8.29
H10	Sample 94	2	1	6	50190	36.96	8.27
H10	Sample 94	2	1	7	54490	36.96	8.24
H10	Sample 94	2	1	8	58780	37	8.24
H10	Sample 94	2	1	9	63080	37	8.21
H10	Sample 94	2	1	10	67400	37	8.21
H10	Sample 94	2	1	11	71680	37	8.17
H10	Sample 94	2	1	12	75990	36.96	8.17
H10	Sample 94	2	1	13	80290	36.96	8.14
H10	Sample 94	2	1	14	84590	36.96	8.12
H10	Sample 94	2	1	15	88890	37	8.11
H11	Sample 95	2	1	1	28720	36.96	8.20
H11	Sample 95	2	1	2	32980	36.96	8.19
H11	Sample 95	2	1	3	37290	36.96	8.15
H11	Sample 95	2	1	4	41590	36.96	8.14
H11	Sample 95	2	1	5	45900	37	8.14
H11	Sample 95	2	1	6	50190	36.96	8.11
H11	Sample 95	2	1	7	54490	36.96	8.07
H11	Sample 95	2	1	8	58780	37	8.07
H11	Sample 95	2	1	9	63080	37	8.04
H11	Sample 95	2	1	10	67400	37	8.02
H11	Sample 95	2	1	11	71680	37	8.01
H11	Sample 95	2	1	12	75990	36.96	7.99
H11	Sample 95	2	1	13	80290	36.96	7.97
H11	Sample 95	2	1	14	84590	36.96	7.96
H11	Sample 95	2	1	15	88890	37	7.94
H12	Sample 96	2	1	1	28720	36.96	9.38
H12	Sample 96	2	1	2	32980	36.96	9.35
H12	Sample 96	2	1	3	37290	36.96	9.35
H12	Sample 96	2	1	4	41590	36.96	9.30
H12	Sample 96	2	1	5	45900	37	9.28
H12	Sample 96	2	1	6	50190	36.96	9.25
H12	Sample 96	2	1	7	54490	36.96	9.25
H12	Sample 96	2	1	8	58780	37	9.22
H12	Sample 96	2	1	9	63080	37	9.17
H12	Sample 96	2	1	10	67400	37	9.15
H12	Sample 96	2	1	11	71680	37	9.15
H12	Sample 96	2	1	12	75990	36.96	9.14
H12	Sample 96	2	1	13	80290	36.96	9.10
H12	Sample 96	2	1	14	84590	36.96	9.07
H12	Sample 96	2	1	15	88890	37	9.09
