Raw Data 		Experiment - evIC50_plate2_07APRIL2026 (Run on LCS480 1.5.1.62)					
SamplePos	SampleName	Prog#	Seg#	Cycle#	Time	Temp	465-510
A1	Sample 1	2	1	1	39350	36.96	0.54
A1	Sample 1	2	1	2	52350	37	0.55
A1	Sample 1	2	1	3	65340	36.96	0.55
A1	Sample 1	2	1	4	78340	36.96	0.56
A1	Sample 1	2	1	5	91340	36.96	0.55
A1	Sample 1	2	1	6	104340	37	0.54
A1	Sample 1	2	1	7	117340	37	0.55
A1	Sample 1	2	1	8	130350	37	0.56
A1	Sample 1	2	1	9	143340	37	0.55
A1	Sample 1	2	1	10	156350	36.96	0.55
A1	Sample 1	2	1	11	169340	36.91	0.55
A1	Sample 1	2	1	12	182340	37	0.55
A1	Sample 1	2	1	13	195340	37	0.55
A1	Sample 1	2	1	14	208340	36.96	0.55
A1	Sample 1	2	1	15	221360	36.96	0.55
A2	Sample 2	2	1	1	39350	36.96	0.67
A2	Sample 2	2	1	2	52350	37	0.67
A2	Sample 2	2	1	3	65340	36.96	0.68
A2	Sample 2	2	1	4	78340	36.96	0.68
A2	Sample 2	2	1	5	91340	36.96	0.68
A2	Sample 2	2	1	6	104340	37	0.67
A2	Sample 2	2	1	7	117340	37	0.68
A2	Sample 2	2	1	8	130350	37	0.68
A2	Sample 2	2	1	9	143340	37	0.68
A2	Sample 2	2	1	10	156350	36.96	0.68
A2	Sample 2	2	1	11	169340	36.91	0.68
A2	Sample 2	2	1	12	182340	37	0.68
A2	Sample 2	2	1	13	195340	37	0.68
A2	Sample 2	2	1	14	208340	36.96	0.68
A2	Sample 2	2	1	15	221360	36.96	0.68
A3	Sample 3	2	1	1	39350	36.96	0.68
A3	Sample 3	2	1	2	52350	37	0.68
A3	Sample 3	2	1	3	65340	36.96	0.68
A3	Sample 3	2	1	4	78340	36.96	0.68
A3	Sample 3	2	1	5	91340	36.96	0.68
A3	Sample 3	2	1	6	104340	37	0.68
A3	Sample 3	2	1	7	117340	37	0.67
A3	Sample 3	2	1	8	130350	37	0.68
A3	Sample 3	2	1	9	143340	37	0.68
A3	Sample 3	2	1	10	156350	36.96	0.68
A3	Sample 3	2	1	11	169340	36.91	0.68
A3	Sample 3	2	1	12	182340	37	0.67
A3	Sample 3	2	1	13	195340	37	0.68
A3	Sample 3	2	1	14	208340	36.96	0.68
A3	Sample 3	2	1	15	221360	36.96	0.68
A4	Sample 4	2	1	1	39350	36.96	0.61
A4	Sample 4	2	1	2	52350	37	0.62
A4	Sample 4	2	1	3	65340	36.96	0.62
A4	Sample 4	2	1	4	78340	36.96	0.62
A4	Sample 4	2	1	5	91340	36.96	0.61
A4	Sample 4	2	1	6	104340	37	0.62
A4	Sample 4	2	1	7	117340	37	0.61
A4	Sample 4	2	1	8	130350	37	0.62
A4	Sample 4	2	1	9	143340	37	0.62
A4	Sample 4	2	1	10	156350	36.96	0.62
A4	Sample 4	2	1	11	169340	36.91	0.62
A4	Sample 4	2	1	12	182340	37	0.61
A4	Sample 4	2	1	13	195340	37	0.61
A4	Sample 4	2	1	14	208340	36.96	0.62
A4	Sample 4	2	1	15	221360	36.96	0.61
A5	Sample 5	2	1	1	39350	36.96	0.72
A5	Sample 5	2	1	2	52350	37	0.72
A5	Sample 5	2	1	3	65340	36.96	0.72
A5	Sample 5	2	1	4	78340	36.96	0.73
A5	Sample 5	2	1	5	91340	36.96	0.72
A5	Sample 5	2	1	6	104340	37	0.72
A5	Sample 5	2	1	7	117340	37	0.72
A5	Sample 5	2	1	8	130350	37	0.72
A5	Sample 5	2	1	9	143340	37	0.73
A5	Sample 5	2	1	10	156350	36.96	0.72
A5	Sample 5	2	1	11	169340	36.91	0.72
A5	Sample 5	2	1	12	182340	37	0.72
A5	Sample 5	2	1	13	195340	37	0.72
A5	Sample 5	2	1	14	208340	36.96	0.72
A5	Sample 5	2	1	15	221360	36.96	0.72
A6	Sample 6	2	1	1	39350	36.96	0.7
A6	Sample 6	2	1	2	52350	37	0.7
A6	Sample 6	2	1	3	65340	36.96	0.7
A6	Sample 6	2	1	4	78340	36.96	0.7
A6	Sample 6	2	1	5	91340	36.96	0.7
A6	Sample 6	2	1	6	104340	37	0.7
A6	Sample 6	2	1	7	117340	37	0.7
A6	Sample 6	2	1	8	130350	37	0.71
A6	Sample 6	2	1	9	143340	37	0.7
A6	Sample 6	2	1	10	156350	36.96	0.7
A6	Sample 6	2	1	11	169340	36.91	0.7
A6	Sample 6	2	1	12	182340	37	0.7
A6	Sample 6	2	1	13	195340	37	0.7
A6	Sample 6	2	1	14	208340	36.96	0.7
A6	Sample 6	2	1	15	221360	36.96	0.7
A7	Sample 7	2	1	1	39350	36.96	0.72
A7	Sample 7	2	1	2	52350	37	0.72
A7	Sample 7	2	1	3	65340	36.96	0.72
A7	Sample 7	2	1	4	78340	36.96	0.72
A7	Sample 7	2	1	5	91340	36.96	0.72
A7	Sample 7	2	1	6	104340	37	0.72
A7	Sample 7	2	1	7	117340	37	0.72
A7	Sample 7	2	1	8	130350	37	0.72
A7	Sample 7	2	1	9	143340	37	0.73
A7	Sample 7	2	1	10	156350	36.96	0.72
A7	Sample 7	2	1	11	169340	36.91	0.72
A7	Sample 7	2	1	12	182340	37	0.72
A7	Sample 7	2	1	13	195340	37	0.72
A7	Sample 7	2	1	14	208340	36.96	0.72
A7	Sample 7	2	1	15	221360	36.96	0.72
A8	Sample 8	2	1	1	39350	36.96	0.7
A8	Sample 8	2	1	2	52350	37	0.7
A8	Sample 8	2	1	3	65340	36.96	0.7
A8	Sample 8	2	1	4	78340	36.96	0.7
A8	Sample 8	2	1	5	91340	36.96	0.7
A8	Sample 8	2	1	6	104340	37	0.69
A8	Sample 8	2	1	7	117340	37	0.69
A8	Sample 8	2	1	8	130350	37	0.7
A8	Sample 8	2	1	9	143340	37	0.7
A8	Sample 8	2	1	10	156350	36.96	0.69
A8	Sample 8	2	1	11	169340	36.91	0.69
A8	Sample 8	2	1	12	182340	37	0.7
A8	Sample 8	2	1	13	195340	37	0.7
A8	Sample 8	2	1	14	208340	36.96	0.7
A8	Sample 8	2	1	15	221360	36.96	0.7
A9	Sample 9	2	1	1	39350	36.96	0.65
A9	Sample 9	2	1	2	52350	37	0.65
A9	Sample 9	2	1	3	65340	36.96	0.65
A9	Sample 9	2	1	4	78340	36.96	0.65
A9	Sample 9	2	1	5	91340	36.96	0.65
A9	Sample 9	2	1	6	104340	37	0.64
A9	Sample 9	2	1	7	117340	37	0.65
A9	Sample 9	2	1	8	130350	37	0.65
A9	Sample 9	2	1	9	143340	37	0.66
A9	Sample 9	2	1	10	156350	36.96	0.65
A9	Sample 9	2	1	11	169340	36.91	0.65
A9	Sample 9	2	1	12	182340	37	0.65
A9	Sample 9	2	1	13	195340	37	0.65
A9	Sample 9	2	1	14	208340	36.96	0.66
A9	Sample 9	2	1	15	221360	36.96	0.66
A10	Sample 10	2	1	1	39350	36.96	0.69
A10	Sample 10	2	1	2	52350	37	0.69
A10	Sample 10	2	1	3	65340	36.96	0.69
A10	Sample 10	2	1	4	78340	36.96	0.68
A10	Sample 10	2	1	5	91340	36.96	0.68
A10	Sample 10	2	1	6	104340	37	0.68
A10	Sample 10	2	1	7	117340	37	0.68
A10	Sample 10	2	1	8	130350	37	0.69
A10	Sample 10	2	1	9	143340	37	0.69
A10	Sample 10	2	1	10	156350	36.96	0.68
A10	Sample 10	2	1	11	169340	36.91	0.69
A10	Sample 10	2	1	12	182340	37	0.69
A10	Sample 10	2	1	13	195340	37	0.69
A10	Sample 10	2	1	14	208340	36.96	0.69
A10	Sample 10	2	1	15	221360	36.96	0.69
A11	Sample 11	2	1	1	39350	36.96	0.68
A11	Sample 11	2	1	2	52350	37	0.67
A11	Sample 11	2	1	3	65340	36.96	0.68
A11	Sample 11	2	1	4	78340	36.96	0.68
A11	Sample 11	2	1	5	91340	36.96	0.68
A11	Sample 11	2	1	6	104340	37	0.68
A11	Sample 11	2	1	7	117340	37	0.68
A11	Sample 11	2	1	8	130350	37	0.68
A11	Sample 11	2	1	9	143340	37	0.69
A11	Sample 11	2	1	10	156350	36.96	0.69
A11	Sample 11	2	1	11	169340	36.91	0.69
A11	Sample 11	2	1	12	182340	37	0.68
A11	Sample 11	2	1	13	195340	37	0.68
A11	Sample 11	2	1	14	208340	36.96	0.69
A11	Sample 11	2	1	15	221360	36.96	0.68
A12	Sample 12	2	1	1	39350	36.96	0.56
A12	Sample 12	2	1	2	52350	37	0.56
A12	Sample 12	2	1	3	65340	36.96	0.56
A12	Sample 12	2	1	4	78340	36.96	0.56
A12	Sample 12	2	1	5	91340	36.96	0.56
A12	Sample 12	2	1	6	104340	37	0.55
A12	Sample 12	2	1	7	117340	37	0.56
A12	Sample 12	2	1	8	130350	37	0.57
A12	Sample 12	2	1	9	143340	37	0.56
A12	Sample 12	2	1	10	156350	36.96	0.56
A12	Sample 12	2	1	11	169340	36.91	0.56
A12	Sample 12	2	1	12	182340	37	0.56
A12	Sample 12	2	1	13	195340	37	0.56
A12	Sample 12	2	1	14	208340	36.96	0.57
A12	Sample 12	2	1	15	221360	36.96	0.56
B1	Sample 13	2	1	1	39350	36.96	0.53
B1	Sample 13	2	1	2	52350	37	0.53
B1	Sample 13	2	1	3	65340	36.96	0.53
B1	Sample 13	2	1	4	78340	36.96	0.54
B1	Sample 13	2	1	5	91340	36.96	0.54
B1	Sample 13	2	1	6	104340	37	0.54
B1	Sample 13	2	1	7	117340	37	0.54
B1	Sample 13	2	1	8	130350	37	0.54
B1	Sample 13	2	1	9	143340	37	0.54
B1	Sample 13	2	1	10	156350	36.96	0.53
B1	Sample 13	2	1	11	169340	36.91	0.53
B1	Sample 13	2	1	12	182340	37	0.54
B1	Sample 13	2	1	13	195340	37	0.53
B1	Sample 13	2	1	14	208340	36.96	0.54
B1	Sample 13	2	1	15	221360	36.96	0.53
B2	Sample 14	2	1	1	39350	36.96	0.55
B2	Sample 14	2	1	2	52350	37	0.54
B2	Sample 14	2	1	3	65340	36.96	0.55
B2	Sample 14	2	1	4	78340	36.96	0.54
B2	Sample 14	2	1	5	91340	36.96	0.54
B2	Sample 14	2	1	6	104340	37	0.54
B2	Sample 14	2	1	7	117340	37	0.54
B2	Sample 14	2	1	8	130350	37	0.55
B2	Sample 14	2	1	9	143340	37	0.54
B2	Sample 14	2	1	10	156350	36.96	0.54
B2	Sample 14	2	1	11	169340	36.91	0.54
B2	Sample 14	2	1	12	182340	37	0.54
B2	Sample 14	2	1	13	195340	37	0.54
B2	Sample 14	2	1	14	208340	36.96	0.55
B2	Sample 14	2	1	15	221360	36.96	0.54
B3	Sample 15	2	1	1	39350	36.96	0.59
B3	Sample 15	2	1	2	52350	37	0.58
B3	Sample 15	2	1	3	65340	36.96	0.59
B3	Sample 15	2	1	4	78340	36.96	0.59
B3	Sample 15	2	1	5	91340	36.96	0.58
B3	Sample 15	2	1	6	104340	37	0.58
B3	Sample 15	2	1	7	117340	37	0.59
B3	Sample 15	2	1	8	130350	37	0.59
B3	Sample 15	2	1	9	143340	37	0.58
B3	Sample 15	2	1	10	156350	36.96	0.58
B3	Sample 15	2	1	11	169340	36.91	0.58
B3	Sample 15	2	1	12	182340	37	0.58
B3	Sample 15	2	1	13	195340	37	0.58
B3	Sample 15	2	1	14	208340	36.96	0.59
B3	Sample 15	2	1	15	221360	36.96	0.58
B4	Sample 16	2	1	1	39350	36.96	0.58
B4	Sample 16	2	1	2	52350	37	0.58
B4	Sample 16	2	1	3	65340	36.96	0.58
B4	Sample 16	2	1	4	78340	36.96	0.58
B4	Sample 16	2	1	5	91340	36.96	0.58
B4	Sample 16	2	1	6	104340	37	0.58
B4	Sample 16	2	1	7	117340	37	0.59
B4	Sample 16	2	1	8	130350	37	0.59
B4	Sample 16	2	1	9	143340	37	0.58
B4	Sample 16	2	1	10	156350	36.96	0.58
B4	Sample 16	2	1	11	169340	36.91	0.59
B4	Sample 16	2	1	12	182340	37	0.58
B4	Sample 16	2	1	13	195340	37	0.58
B4	Sample 16	2	1	14	208340	36.96	0.59
B4	Sample 16	2	1	15	221360	36.96	0.58
B5	Sample 17	2	1	1	39350	36.96	0.62
B5	Sample 17	2	1	2	52350	37	0.62
B5	Sample 17	2	1	3	65340	36.96	0.62
B5	Sample 17	2	1	4	78340	36.96	0.62
B5	Sample 17	2	1	5	91340	36.96	0.62
B5	Sample 17	2	1	6	104340	37	0.62
B5	Sample 17	2	1	7	117340	37	0.63
B5	Sample 17	2	1	8	130350	37	0.63
B5	Sample 17	2	1	9	143340	37	0.62
B5	Sample 17	2	1	10	156350	36.96	0.63
B5	Sample 17	2	1	11	169340	36.91	0.62
B5	Sample 17	2	1	12	182340	37	0.62
B5	Sample 17	2	1	13	195340	37	0.62
B5	Sample 17	2	1	14	208340	36.96	0.63
B5	Sample 17	2	1	15	221360	36.96	0.63
B6	Sample 18	2	1	1	39350	36.96	0.71
B6	Sample 18	2	1	2	52350	37	0.71
B6	Sample 18	2	1	3	65340	36.96	0.71
B6	Sample 18	2	1	4	78340	36.96	0.71
B6	Sample 18	2	1	5	91340	36.96	0.71
B6	Sample 18	2	1	6	104340	37	0.71
B6	Sample 18	2	1	7	117340	37	0.71
B6	Sample 18	2	1	8	130350	37	0.71
B6	Sample 18	2	1	9	143340	37	0.71
B6	Sample 18	2	1	10	156350	36.96	0.71
B6	Sample 18	2	1	11	169340	36.91	0.71
B6	Sample 18	2	1	12	182340	37	0.71
B6	Sample 18	2	1	13	195340	37	0.71
B6	Sample 18	2	1	14	208340	36.96	0.71
B6	Sample 18	2	1	15	221360	36.96	0.7
B7	Sample 19	2	1	1	39350	36.96	0.71
B7	Sample 19	2	1	2	52350	37	0.71
B7	Sample 19	2	1	3	65340	36.96	0.71
B7	Sample 19	2	1	4	78340	36.96	0.71
B7	Sample 19	2	1	5	91340	36.96	0.71
B7	Sample 19	2	1	6	104340	37	0.71
B7	Sample 19	2	1	7	117340	37	0.71
B7	Sample 19	2	1	8	130350	37	0.71
B7	Sample 19	2	1	9	143340	37	0.7
B7	Sample 19	2	1	10	156350	36.96	0.71
B7	Sample 19	2	1	11	169340	36.91	0.71
B7	Sample 19	2	1	12	182340	37	0.7
B7	Sample 19	2	1	13	195340	37	0.7
B7	Sample 19	2	1	14	208340	36.96	0.7
B7	Sample 19	2	1	15	221360	36.96	0.7
B8	Sample 20	2	1	1	39350	36.96	0.65
B8	Sample 20	2	1	2	52350	37	0.66
B8	Sample 20	2	1	3	65340	36.96	0.66
B8	Sample 20	2	1	4	78340	36.96	0.65
B8	Sample 20	2	1	5	91340	36.96	0.64
B8	Sample 20	2	1	6	104340	37	0.65
B8	Sample 20	2	1	7	117340	37	0.65
B8	Sample 20	2	1	8	130350	37	0.65
B8	Sample 20	2	1	9	143340	37	0.65
B8	Sample 20	2	1	10	156350	36.96	0.65
B8	Sample 20	2	1	11	169340	36.91	0.65
B8	Sample 20	2	1	12	182340	37	0.65
B8	Sample 20	2	1	13	195340	37	0.65
B8	Sample 20	2	1	14	208340	36.96	0.65
B8	Sample 20	2	1	15	221360	36.96	0.65
B9	Sample 21	2	1	1	39350	36.96	0.65
B9	Sample 21	2	1	2	52350	37	0.65
B9	Sample 21	2	1	3	65340	36.96	0.65
B9	Sample 21	2	1	4	78340	36.96	0.64
B9	Sample 21	2	1	5	91340	36.96	0.64
B9	Sample 21	2	1	6	104340	37	0.65
B9	Sample 21	2	1	7	117340	37	0.65
B9	Sample 21	2	1	8	130350	37	0.65
B9	Sample 21	2	1	9	143340	37	0.65
B9	Sample 21	2	1	10	156350	36.96	0.64
B9	Sample 21	2	1	11	169340	36.91	0.64
B9	Sample 21	2	1	12	182340	37	0.64
B9	Sample 21	2	1	13	195340	37	0.64
B9	Sample 21	2	1	14	208340	36.96	0.65
B9	Sample 21	2	1	15	221360	36.96	0.64
B10	Sample 22	2	1	1	39350	36.96	0.63
B10	Sample 22	2	1	2	52350	37	0.62
B10	Sample 22	2	1	3	65340	36.96	0.63
B10	Sample 22	2	1	4	78340	36.96	0.62
B10	Sample 22	2	1	5	91340	36.96	0.62
B10	Sample 22	2	1	6	104340	37	0.62
B10	Sample 22	2	1	7	117340	37	0.62
B10	Sample 22	2	1	8	130350	37	0.62
B10	Sample 22	2	1	9	143340	37	0.62
B10	Sample 22	2	1	10	156350	36.96	0.62
B10	Sample 22	2	1	11	169340	36.91	0.62
B10	Sample 22	2	1	12	182340	37	0.62
B10	Sample 22	2	1	13	195340	37	0.62
B10	Sample 22	2	1	14	208340	36.96	0.62
B10	Sample 22	2	1	15	221360	36.96	0.62
B11	Sample 23	2	1	1	39350	36.96	0.68
B11	Sample 23	2	1	2	52350	37	0.68
B11	Sample 23	2	1	3	65340	36.96	0.68
B11	Sample 23	2	1	4	78340	36.96	0.67
B11	Sample 23	2	1	5	91340	36.96	0.67
B11	Sample 23	2	1	6	104340	37	0.67
B11	Sample 23	2	1	7	117340	37	0.69
B11	Sample 23	2	1	8	130350	37	0.68
B11	Sample 23	2	1	9	143340	37	0.67
B11	Sample 23	2	1	10	156350	36.96	0.67
B11	Sample 23	2	1	11	169340	36.91	0.67
B11	Sample 23	2	1	12	182340	37	0.67
B11	Sample 23	2	1	13	195340	37	0.67
B11	Sample 23	2	1	14	208340	36.96	0.68
B11	Sample 23	2	1	15	221360	36.96	0.67
B12	Sample 24	2	1	1	39350	36.96	0.5
B12	Sample 24	2	1	2	52350	37	0.5
B12	Sample 24	2	1	3	65340	36.96	0.5
B12	Sample 24	2	1	4	78340	36.96	0.5
B12	Sample 24	2	1	5	91340	36.96	0.5
B12	Sample 24	2	1	6	104340	37	0.5
B12	Sample 24	2	1	7	117340	37	0.51
B12	Sample 24	2	1	8	130350	37	0.51
B12	Sample 24	2	1	9	143340	37	0.51
B12	Sample 24	2	1	10	156350	36.96	0.51
B12	Sample 24	2	1	11	169340	36.91	0.51
B12	Sample 24	2	1	12	182340	37	0.5
B12	Sample 24	2	1	13	195340	37	0.51
B12	Sample 24	2	1	14	208340	36.96	0.51
B12	Sample 24	2	1	15	221360	36.96	0.5
C1	Sample 25	2	1	1	39350	36.96	0.54
C1	Sample 25	2	1	2	52350	37	0.54
C1	Sample 25	2	1	3	65340	36.96	0.54
C1	Sample 25	2	1	4	78340	36.96	0.53
C1	Sample 25	2	1	5	91340	36.96	0.53
C1	Sample 25	2	1	6	104340	37	0.54
C1	Sample 25	2	1	7	117340	37	0.53
C1	Sample 25	2	1	8	130350	37	0.53
C1	Sample 25	2	1	9	143340	37	0.53
C1	Sample 25	2	1	10	156350	36.96	0.53
C1	Sample 25	2	1	11	169340	36.91	0.53
C1	Sample 25	2	1	12	182340	37	0.53
C1	Sample 25	2	1	13	195340	37	0.53
C1	Sample 25	2	1	14	208340	36.96	0.53
C1	Sample 25	2	1	15	221360	36.96	0.53
C2	Sample 26	2	1	1	39350	36.96	0.57
C2	Sample 26	2	1	2	52350	37	0.57
C2	Sample 26	2	1	3	65340	36.96	0.57
C2	Sample 26	2	1	4	78340	36.96	0.56
C2	Sample 26	2	1	5	91340	36.96	0.57
C2	Sample 26	2	1	6	104340	37	0.56
C2	Sample 26	2	1	7	117340	37	0.56
C2	Sample 26	2	1	8	130350	37	0.56
C2	Sample 26	2	1	9	143340	37	0.57
C2	Sample 26	2	1	10	156350	36.96	0.56
C2	Sample 26	2	1	11	169340	36.91	0.57
C2	Sample 26	2	1	12	182340	37	0.56
C2	Sample 26	2	1	13	195340	37	0.56
C2	Sample 26	2	1	14	208340	36.96	0.56
C2	Sample 26	2	1	15	221360	36.96	0.56
C3	Sample 27	2	1	1	39350	36.96	0.57
C3	Sample 27	2	1	2	52350	37	0.57
C3	Sample 27	2	1	3	65340	36.96	0.57
C3	Sample 27	2	1	4	78340	36.96	0.56
C3	Sample 27	2	1	5	91340	36.96	0.56
C3	Sample 27	2	1	6	104340	37	0.57
C3	Sample 27	2	1	7	117340	37	0.57
C3	Sample 27	2	1	8	130350	37	0.57
C3	Sample 27	2	1	9	143340	37	0.57
C3	Sample 27	2	1	10	156350	36.96	0.56
C3	Sample 27	2	1	11	169340	36.91	0.57
C3	Sample 27	2	1	12	182340	37	0.57
C3	Sample 27	2	1	13	195340	37	0.56
C3	Sample 27	2	1	14	208340	36.96	0.57
C3	Sample 27	2	1	15	221360	36.96	0.56
C4	Sample 28	2	1	1	39350	36.96	0.59
C4	Sample 28	2	1	2	52350	37	0.6
C4	Sample 28	2	1	3	65340	36.96	0.6
C4	Sample 28	2	1	4	78340	36.96	0.6
C4	Sample 28	2	1	5	91340	36.96	0.59
C4	Sample 28	2	1	6	104340	37	0.6
C4	Sample 28	2	1	7	117340	37	0.59
C4	Sample 28	2	1	8	130350	37	0.6
C4	Sample 28	2	1	9	143340	37	0.59
C4	Sample 28	2	1	10	156350	36.96	0.59
C4	Sample 28	2	1	11	169340	36.91	0.6
C4	Sample 28	2	1	12	182340	37	0.59
C4	Sample 28	2	1	13	195340	37	0.58
C4	Sample 28	2	1	14	208340	36.96	0.6
C4	Sample 28	2	1	15	221360	36.96	0.59
C5	Sample 29	2	1	1	39350	36.96	0.64
C5	Sample 29	2	1	2	52350	37	0.64
C5	Sample 29	2	1	3	65340	36.96	0.65
C5	Sample 29	2	1	4	78340	36.96	0.64
C5	Sample 29	2	1	5	91340	36.96	0.64
C5	Sample 29	2	1	6	104340	37	0.64
C5	Sample 29	2	1	7	117340	37	0.64
C5	Sample 29	2	1	8	130350	37	0.64
C5	Sample 29	2	1	9	143340	37	0.64
C5	Sample 29	2	1	10	156350	36.96	0.64
C5	Sample 29	2	1	11	169340	36.91	0.64
C5	Sample 29	2	1	12	182340	37	0.64
C5	Sample 29	2	1	13	195340	37	0.63
C5	Sample 29	2	1	14	208340	36.96	0.64
C5	Sample 29	2	1	15	221360	36.96	0.64
C6	Sample 30	2	1	1	39350	36.96	0.69
C6	Sample 30	2	1	2	52350	37	0.69
C6	Sample 30	2	1	3	65340	36.96	0.69
C6	Sample 30	2	1	4	78340	36.96	0.69
C6	Sample 30	2	1	5	91340	36.96	0.69
C6	Sample 30	2	1	6	104340	37	0.68
C6	Sample 30	2	1	7	117340	37	0.69
C6	Sample 30	2	1	8	130350	37	0.69
C6	Sample 30	2	1	9	143340	37	0.69
C6	Sample 30	2	1	10	156350	36.96	0.69
C6	Sample 30	2	1	11	169340	36.91	0.69
C6	Sample 30	2	1	12	182340	37	0.69
C6	Sample 30	2	1	13	195340	37	0.68
C6	Sample 30	2	1	14	208340	36.96	0.69
C6	Sample 30	2	1	15	221360	36.96	0.69
C7	Sample 31	2	1	1	39350	36.96	0.78
C7	Sample 31	2	1	2	52350	37	0.78
C7	Sample 31	2	1	3	65340	36.96	0.78
C7	Sample 31	2	1	4	78340	36.96	0.78
C7	Sample 31	2	1	5	91340	36.96	0.77
C7	Sample 31	2	1	6	104340	37	0.77
C7	Sample 31	2	1	7	117340	37	0.77
C7	Sample 31	2	1	8	130350	37	0.77
C7	Sample 31	2	1	9	143340	37	0.76
C7	Sample 31	2	1	10	156350	36.96	0.77
C7	Sample 31	2	1	11	169340	36.91	0.76
C7	Sample 31	2	1	12	182340	37	0.76
C7	Sample 31	2	1	13	195340	37	0.76
C7	Sample 31	2	1	14	208340	36.96	0.77
C7	Sample 31	2	1	15	221360	36.96	0.76
C8	Sample 32	2	1	1	39350	36.96	0.63
C8	Sample 32	2	1	2	52350	37	0.63
C8	Sample 32	2	1	3	65340	36.96	0.64
C8	Sample 32	2	1	4	78340	36.96	0.63
C8	Sample 32	2	1	5	91340	36.96	0.63
C8	Sample 32	2	1	6	104340	37	0.63
C8	Sample 32	2	1	7	117340	37	0.63
C8	Sample 32	2	1	8	130350	37	0.63
C8	Sample 32	2	1	9	143340	37	0.63
C8	Sample 32	2	1	10	156350	36.96	0.63
C8	Sample 32	2	1	11	169340	36.91	0.63
C8	Sample 32	2	1	12	182340	37	0.63
C8	Sample 32	2	1	13	195340	37	0.63
C8	Sample 32	2	1	14	208340	36.96	0.63
C8	Sample 32	2	1	15	221360	36.96	0.63
C9	Sample 33	2	1	1	39350	36.96	0.66
C9	Sample 33	2	1	2	52350	37	0.67
C9	Sample 33	2	1	3	65340	36.96	0.67
C9	Sample 33	2	1	4	78340	36.96	0.66
C9	Sample 33	2	1	5	91340	36.96	0.66
C9	Sample 33	2	1	6	104340	37	0.67
C9	Sample 33	2	1	7	117340	37	0.67
C9	Sample 33	2	1	8	130350	37	0.67
C9	Sample 33	2	1	9	143340	37	0.67
C9	Sample 33	2	1	10	156350	36.96	0.66
C9	Sample 33	2	1	11	169340	36.91	0.66
C9	Sample 33	2	1	12	182340	37	0.66
C9	Sample 33	2	1	13	195340	37	0.66
C9	Sample 33	2	1	14	208340	36.96	0.67
C9	Sample 33	2	1	15	221360	36.96	0.66
C10	Sample 34	2	1	1	39350	36.96	0.63
C10	Sample 34	2	1	2	52350	37	0.63
C10	Sample 34	2	1	3	65340	36.96	0.63
C10	Sample 34	2	1	4	78340	36.96	0.63
C10	Sample 34	2	1	5	91340	36.96	0.63
C10	Sample 34	2	1	6	104340	37	0.63
C10	Sample 34	2	1	7	117340	37	0.63
C10	Sample 34	2	1	8	130350	37	0.63
C10	Sample 34	2	1	9	143340	37	0.63
C10	Sample 34	2	1	10	156350	36.96	0.63
C10	Sample 34	2	1	11	169340	36.91	0.63
C10	Sample 34	2	1	12	182340	37	0.63
C10	Sample 34	2	1	13	195340	37	0.62
C10	Sample 34	2	1	14	208340	36.96	0.63
C10	Sample 34	2	1	15	221360	36.96	0.63
C11	Sample 35	2	1	1	39350	36.96	0.62
C11	Sample 35	2	1	2	52350	37	0.62
C11	Sample 35	2	1	3	65340	36.96	0.62
C11	Sample 35	2	1	4	78340	36.96	0.61
C11	Sample 35	2	1	5	91340	36.96	0.62
C11	Sample 35	2	1	6	104340	37	0.61
C11	Sample 35	2	1	7	117340	37	0.61
C11	Sample 35	2	1	8	130350	37	0.61
C11	Sample 35	2	1	9	143340	37	0.61
C11	Sample 35	2	1	10	156350	36.96	0.61
C11	Sample 35	2	1	11	169340	36.91	0.61
C11	Sample 35	2	1	12	182340	37	0.61
C11	Sample 35	2	1	13	195340	37	0.61
C11	Sample 35	2	1	14	208340	36.96	0.61
C11	Sample 35	2	1	15	221360	36.96	0.61
C12	Sample 36	2	1	1	39350	36.96	0.51
C12	Sample 36	2	1	2	52350	37	0.51
C12	Sample 36	2	1	3	65340	36.96	0.51
C12	Sample 36	2	1	4	78340	36.96	0.5
C12	Sample 36	2	1	5	91340	36.96	0.5
C12	Sample 36	2	1	6	104340	37	0.5
C12	Sample 36	2	1	7	117340	37	0.51
C12	Sample 36	2	1	8	130350	37	0.51
C12	Sample 36	2	1	9	143340	37	0.5
C12	Sample 36	2	1	10	156350	36.96	0.5
C12	Sample 36	2	1	11	169340	36.91	0.51
C12	Sample 36	2	1	12	182340	37	0.5
C12	Sample 36	2	1	13	195340	37	0.5
C12	Sample 36	2	1	14	208340	36.96	0.5
C12	Sample 36	2	1	15	221360	36.96	0.5
D1	Sample 37	2	1	1	39350	36.96	0.55
D1	Sample 37	2	1	2	52350	37	0.55
D1	Sample 37	2	1	3	65340	36.96	0.55
D1	Sample 37	2	1	4	78340	36.96	0.55
D1	Sample 37	2	1	5	91340	36.96	0.55
D1	Sample 37	2	1	6	104340	37	0.54
D1	Sample 37	2	1	7	117340	37	0.55
D1	Sample 37	2	1	8	130350	37	0.55
D1	Sample 37	2	1	9	143340	37	0.55
D1	Sample 37	2	1	10	156350	36.96	0.55
D1	Sample 37	2	1	11	169340	36.91	0.55
D1	Sample 37	2	1	12	182340	37	0.55
D1	Sample 37	2	1	13	195340	37	0.55
D1	Sample 37	2	1	14	208340	36.96	0.55
D1	Sample 37	2	1	15	221360	36.96	0.55
D2	Sample 38	2	1	1	39350	36.96	0.56
D2	Sample 38	2	1	2	52350	37	0.57
D2	Sample 38	2	1	3	65340	36.96	0.57
D2	Sample 38	2	1	4	78340	36.96	0.57
D2	Sample 38	2	1	5	91340	36.96	0.56
D2	Sample 38	2	1	6	104340	37	0.56
D2	Sample 38	2	1	7	117340	37	0.57
D2	Sample 38	2	1	8	130350	37	0.57
D2	Sample 38	2	1	9	143340	37	0.57
D2	Sample 38	2	1	10	156350	36.96	0.57
D2	Sample 38	2	1	11	169340	36.91	0.57
D2	Sample 38	2	1	12	182340	37	0.57
D2	Sample 38	2	1	13	195340	37	0.56
D2	Sample 38	2	1	14	208340	36.96	0.57
D2	Sample 38	2	1	15	221360	36.96	0.57
D3	Sample 39	2	1	1	39350	36.96	0.61
D3	Sample 39	2	1	2	52350	37	0.61
D3	Sample 39	2	1	3	65340	36.96	0.61
D3	Sample 39	2	1	4	78340	36.96	0.61
D3	Sample 39	2	1	5	91340	36.96	0.61
D3	Sample 39	2	1	6	104340	37	0.6
D3	Sample 39	2	1	7	117340	37	0.61
D3	Sample 39	2	1	8	130350	37	0.61
D3	Sample 39	2	1	9	143340	37	0.61
D3	Sample 39	2	1	10	156350	36.96	0.6
D3	Sample 39	2	1	11	169340	36.91	0.61
D3	Sample 39	2	1	12	182340	37	0.61
D3	Sample 39	2	1	13	195340	37	0.61
D3	Sample 39	2	1	14	208340	36.96	0.61
D3	Sample 39	2	1	15	221360	36.96	0.61
D4	Sample 40	2	1	1	39350	36.96	0.57
D4	Sample 40	2	1	2	52350	37	0.58
D4	Sample 40	2	1	3	65340	36.96	0.57
D4	Sample 40	2	1	4	78340	36.96	0.57
D4	Sample 40	2	1	5	91340	36.96	0.56
D4	Sample 40	2	1	6	104340	37	0.57
D4	Sample 40	2	1	7	117340	37	0.57
D4	Sample 40	2	1	8	130350	37	0.57
D4	Sample 40	2	1	9	143340	37	0.57
D4	Sample 40	2	1	10	156350	36.96	0.57
D4	Sample 40	2	1	11	169340	36.91	0.56
D4	Sample 40	2	1	12	182340	37	0.56
D4	Sample 40	2	1	13	195340	37	0.56
D4	Sample 40	2	1	14	208340	36.96	0.56
D4	Sample 40	2	1	15	221360	36.96	0.57
D5	Sample 41	2	1	1	39350	36.96	0.68
D5	Sample 41	2	1	2	52350	37	0.68
D5	Sample 41	2	1	3	65340	36.96	0.68
D5	Sample 41	2	1	4	78340	36.96	0.68
D5	Sample 41	2	1	5	91340	36.96	0.68
D5	Sample 41	2	1	6	104340	37	0.68
D5	Sample 41	2	1	7	117340	37	0.68
D5	Sample 41	2	1	8	130350	37	0.68
D5	Sample 41	2	1	9	143340	37	0.68
D5	Sample 41	2	1	10	156350	36.96	0.68
D5	Sample 41	2	1	11	169340	36.91	0.68
D5	Sample 41	2	1	12	182340	37	0.68
D5	Sample 41	2	1	13	195340	37	0.67
D5	Sample 41	2	1	14	208340	36.96	0.67
D5	Sample 41	2	1	15	221360	36.96	0.67
D6	Sample 42	2	1	1	39350	36.96	0.71
D6	Sample 42	2	1	2	52350	37	0.72
D6	Sample 42	2	1	3	65340	36.96	0.72
D6	Sample 42	2	1	4	78340	36.96	0.72
D6	Sample 42	2	1	5	91340	36.96	0.72
D6	Sample 42	2	1	6	104340	37	0.71
D6	Sample 42	2	1	7	117340	37	0.72
D6	Sample 42	2	1	8	130350	37	0.71
D6	Sample 42	2	1	9	143340	37	0.72
D6	Sample 42	2	1	10	156350	36.96	0.71
D6	Sample 42	2	1	11	169340	36.91	0.72
D6	Sample 42	2	1	12	182340	37	0.71
D6	Sample 42	2	1	13	195340	37	0.71
D6	Sample 42	2	1	14	208340	36.96	0.71
D6	Sample 42	2	1	15	221360	36.96	0.71
D7	Sample 43	2	1	1	39350	36.96	0.79
D7	Sample 43	2	1	2	52350	37	0.8
D7	Sample 43	2	1	3	65340	36.96	0.79
D7	Sample 43	2	1	4	78340	36.96	0.79
D7	Sample 43	2	1	5	91340	36.96	0.79
D7	Sample 43	2	1	6	104340	37	0.78
D7	Sample 43	2	1	7	117340	37	0.79
D7	Sample 43	2	1	8	130350	37	0.78
D7	Sample 43	2	1	9	143340	37	0.78
D7	Sample 43	2	1	10	156350	36.96	0.78
D7	Sample 43	2	1	11	169340	36.91	0.78
D7	Sample 43	2	1	12	182340	37	0.78
D7	Sample 43	2	1	13	195340	37	0.78
D7	Sample 43	2	1	14	208340	36.96	0.78
D7	Sample 43	2	1	15	221360	36.96	0.79
D8	Sample 44	2	1	1	39350	36.96	0.68
D8	Sample 44	2	1	2	52350	37	0.69
D8	Sample 44	2	1	3	65340	36.96	0.68
D8	Sample 44	2	1	4	78340	36.96	0.69
D8	Sample 44	2	1	5	91340	36.96	0.68
D8	Sample 44	2	1	6	104340	37	0.68
D8	Sample 44	2	1	7	117340	37	0.68
D8	Sample 44	2	1	8	130350	37	0.69
D8	Sample 44	2	1	9	143340	37	0.68
D8	Sample 44	2	1	10	156350	36.96	0.68
D8	Sample 44	2	1	11	169340	36.91	0.68
D8	Sample 44	2	1	12	182340	37	0.68
D8	Sample 44	2	1	13	195340	37	0.68
D8	Sample 44	2	1	14	208340	36.96	0.68
D8	Sample 44	2	1	15	221360	36.96	0.68
D9	Sample 45	2	1	1	39350	36.96	0.67
D9	Sample 45	2	1	2	52350	37	0.67
D9	Sample 45	2	1	3	65340	36.96	0.67
D9	Sample 45	2	1	4	78340	36.96	0.67
D9	Sample 45	2	1	5	91340	36.96	0.67
D9	Sample 45	2	1	6	104340	37	0.67
D9	Sample 45	2	1	7	117340	37	0.67
D9	Sample 45	2	1	8	130350	37	0.67
D9	Sample 45	2	1	9	143340	37	0.67
D9	Sample 45	2	1	10	156350	36.96	0.66
D9	Sample 45	2	1	11	169340	36.91	0.67
D9	Sample 45	2	1	12	182340	37	0.67
D9	Sample 45	2	1	13	195340	37	0.67
D9	Sample 45	2	1	14	208340	36.96	0.67
D9	Sample 45	2	1	15	221360	36.96	0.67
D10	Sample 46	2	1	1	39350	36.96	0.62
D10	Sample 46	2	1	2	52350	37	0.63
D10	Sample 46	2	1	3	65340	36.96	0.63
D10	Sample 46	2	1	4	78340	36.96	0.63
D10	Sample 46	2	1	5	91340	36.96	0.62
D10	Sample 46	2	1	6	104340	37	0.62
D10	Sample 46	2	1	7	117340	37	0.63
D10	Sample 46	2	1	8	130350	37	0.62
D10	Sample 46	2	1	9	143340	37	0.63
D10	Sample 46	2	1	10	156350	36.96	0.62
D10	Sample 46	2	1	11	169340	36.91	0.63
D10	Sample 46	2	1	12	182340	37	0.63
D10	Sample 46	2	1	13	195340	37	0.63
D10	Sample 46	2	1	14	208340	36.96	0.62
D10	Sample 46	2	1	15	221360	36.96	0.63
D11	Sample 47	2	1	1	39350	36.96	0.64
D11	Sample 47	2	1	2	52350	37	0.64
D11	Sample 47	2	1	3	65340	36.96	0.64
D11	Sample 47	2	1	4	78340	36.96	0.65
D11	Sample 47	2	1	5	91340	36.96	0.63
D11	Sample 47	2	1	6	104340	37	0.63
D11	Sample 47	2	1	7	117340	37	0.64
D11	Sample 47	2	1	8	130350	37	0.64
D11	Sample 47	2	1	9	143340	37	0.64
D11	Sample 47	2	1	10	156350	36.96	0.64
D11	Sample 47	2	1	11	169340	36.91	0.64
D11	Sample 47	2	1	12	182340	37	0.64
D11	Sample 47	2	1	13	195340	37	0.64
D11	Sample 47	2	1	14	208340	36.96	0.64
D11	Sample 47	2	1	15	221360	36.96	0.64
D12	Sample 48	2	1	1	39350	36.96	0.5
D12	Sample 48	2	1	2	52350	37	0.5
D12	Sample 48	2	1	3	65340	36.96	0.5
D12	Sample 48	2	1	4	78340	36.96	0.5
D12	Sample 48	2	1	5	91340	36.96	0.49
D12	Sample 48	2	1	6	104340	37	0.49
D12	Sample 48	2	1	7	117340	37	0.5
D12	Sample 48	2	1	8	130350	37	0.5
D12	Sample 48	2	1	9	143340	37	0.5
D12	Sample 48	2	1	10	156350	36.96	0.5
D12	Sample 48	2	1	11	169340	36.91	0.5
D12	Sample 48	2	1	12	182340	37	0.5
D12	Sample 48	2	1	13	195340	37	0.5
D12	Sample 48	2	1	14	208340	36.96	0.5
D12	Sample 48	2	1	15	221360	36.96	0.5
E1	Sample 49	2	1	1	39350	36.96	0.52
E1	Sample 49	2	1	2	52350	37	0.53
E1	Sample 49	2	1	3	65340	36.96	0.52
E1	Sample 49	2	1	4	78340	36.96	0.52
E1	Sample 49	2	1	5	91340	36.96	0.52
E1	Sample 49	2	1	6	104340	37	0.52
E1	Sample 49	2	1	7	117340	37	0.52
E1	Sample 49	2	1	8	130350	37	0.52
E1	Sample 49	2	1	9	143340	37	0.52
E1	Sample 49	2	1	10	156350	36.96	0.52
E1	Sample 49	2	1	11	169340	36.91	0.53
E1	Sample 49	2	1	12	182340	37	0.52
E1	Sample 49	2	1	13	195340	37	0.52
E1	Sample 49	2	1	14	208340	36.96	0.53
E1	Sample 49	2	1	15	221360	36.96	0.52
E2	Sample 50	2	1	1	39350	36.96	0.56
E2	Sample 50	2	1	2	52350	37	0.56
E2	Sample 50	2	1	3	65340	36.96	0.57
E2	Sample 50	2	1	4	78340	36.96	0.57
E2	Sample 50	2	1	5	91340	36.96	0.56
E2	Sample 50	2	1	6	104340	37	0.56
E2	Sample 50	2	1	7	117340	37	0.56
E2	Sample 50	2	1	8	130350	37	0.56
E2	Sample 50	2	1	9	143340	37	0.56
E2	Sample 50	2	1	10	156350	36.96	0.56
E2	Sample 50	2	1	11	169340	36.91	0.57
E2	Sample 50	2	1	12	182340	37	0.56
E2	Sample 50	2	1	13	195340	37	0.56
E2	Sample 50	2	1	14	208340	36.96	0.56
E2	Sample 50	2	1	15	221360	36.96	0.56
E3	Sample 51	2	1	1	39350	36.96	0.6
E3	Sample 51	2	1	2	52350	37	0.6
E3	Sample 51	2	1	3	65340	36.96	0.6
E3	Sample 51	2	1	4	78340	36.96	0.6
E3	Sample 51	2	1	5	91340	36.96	0.59
E3	Sample 51	2	1	6	104340	37	0.6
E3	Sample 51	2	1	7	117340	37	0.6
E3	Sample 51	2	1	8	130350	37	0.6
E3	Sample 51	2	1	9	143340	37	0.6
E3	Sample 51	2	1	10	156350	36.96	0.6
E3	Sample 51	2	1	11	169340	36.91	0.6
E3	Sample 51	2	1	12	182340	37	0.59
E3	Sample 51	2	1	13	195340	37	0.6
E3	Sample 51	2	1	14	208340	36.96	0.6
E3	Sample 51	2	1	15	221360	36.96	0.59
E4	Sample 52	2	1	1	39350	36.96	0.62
E4	Sample 52	2	1	2	52350	37	0.62
E4	Sample 52	2	1	3	65340	36.96	0.62
E4	Sample 52	2	1	4	78340	36.96	0.61
E4	Sample 52	2	1	5	91340	36.96	0.62
E4	Sample 52	2	1	6	104340	37	0.62
E4	Sample 52	2	1	7	117340	37	0.62
E4	Sample 52	2	1	8	130350	37	0.62
E4	Sample 52	2	1	9	143340	37	0.61
E4	Sample 52	2	1	10	156350	36.96	0.62
E4	Sample 52	2	1	11	169340	36.91	0.62
E4	Sample 52	2	1	12	182340	37	0.61
E4	Sample 52	2	1	13	195340	37	0.61
E4	Sample 52	2	1	14	208340	36.96	0.61
E4	Sample 52	2	1	15	221360	36.96	0.61
E5	Sample 53	2	1	1	39350	36.96	0.72
E5	Sample 53	2	1	2	52350	37	0.72
E5	Sample 53	2	1	3	65340	36.96	0.72
E5	Sample 53	2	1	4	78340	36.96	0.72
E5	Sample 53	2	1	5	91340	36.96	0.72
E5	Sample 53	2	1	6	104340	37	0.72
E5	Sample 53	2	1	7	117340	37	0.71
E5	Sample 53	2	1	8	130350	37	0.72
E5	Sample 53	2	1	9	143340	37	0.71
E5	Sample 53	2	1	10	156350	36.96	0.72
E5	Sample 53	2	1	11	169340	36.91	0.72
E5	Sample 53	2	1	12	182340	37	0.71
E5	Sample 53	2	1	13	195340	37	0.72
E5	Sample 53	2	1	14	208340	36.96	0.72
E5	Sample 53	2	1	15	221360	36.96	0.71
E6	Sample 54	2	1	1	39350	36.96	0.7
E6	Sample 54	2	1	2	52350	37	0.7
E6	Sample 54	2	1	3	65340	36.96	0.69
E6	Sample 54	2	1	4	78340	36.96	0.7
E6	Sample 54	2	1	5	91340	36.96	0.7
E6	Sample 54	2	1	6	104340	37	0.7
E6	Sample 54	2	1	7	117340	37	0.7
E6	Sample 54	2	1	8	130350	37	0.69
E6	Sample 54	2	1	9	143340	37	0.69
E6	Sample 54	2	1	10	156350	36.96	0.69
E6	Sample 54	2	1	11	169340	36.91	0.7
E6	Sample 54	2	1	12	182340	37	0.69
E6	Sample 54	2	1	13	195340	37	0.69
E6	Sample 54	2	1	14	208340	36.96	0.69
E6	Sample 54	2	1	15	221360	36.96	0.69
E7	Sample 55	2	1	1	39350	36.96	0.73
E7	Sample 55	2	1	2	52350	37	0.74
E7	Sample 55	2	1	3	65340	36.96	0.73
E7	Sample 55	2	1	4	78340	36.96	0.73
E7	Sample 55	2	1	5	91340	36.96	0.74
E7	Sample 55	2	1	6	104340	37	0.73
E7	Sample 55	2	1	7	117340	37	0.73
E7	Sample 55	2	1	8	130350	37	0.74
E7	Sample 55	2	1	9	143340	37	0.73
E7	Sample 55	2	1	10	156350	36.96	0.73
E7	Sample 55	2	1	11	169340	36.91	0.73
E7	Sample 55	2	1	12	182340	37	0.73
E7	Sample 55	2	1	13	195340	37	0.73
E7	Sample 55	2	1	14	208340	36.96	0.73
E7	Sample 55	2	1	15	221360	36.96	0.73
E8	Sample 56	2	1	1	39350	36.96	0.68
E8	Sample 56	2	1	2	52350	37	0.68
E8	Sample 56	2	1	3	65340	36.96	0.67
E8	Sample 56	2	1	4	78340	36.96	0.68
E8	Sample 56	2	1	5	91340	36.96	0.67
E8	Sample 56	2	1	6	104340	37	0.68
E8	Sample 56	2	1	7	117340	37	0.67
E8	Sample 56	2	1	8	130350	37	0.67
E8	Sample 56	2	1	9	143340	37	0.67
E8	Sample 56	2	1	10	156350	36.96	0.67
E8	Sample 56	2	1	11	169340	36.91	0.67
E8	Sample 56	2	1	12	182340	37	0.67
E8	Sample 56	2	1	13	195340	37	0.66
E8	Sample 56	2	1	14	208340	36.96	0.66
E8	Sample 56	2	1	15	221360	36.96	0.67
E9	Sample 57	2	1	1	39350	36.96	0.65
E9	Sample 57	2	1	2	52350	37	0.65
E9	Sample 57	2	1	3	65340	36.96	0.65
E9	Sample 57	2	1	4	78340	36.96	0.65
E9	Sample 57	2	1	5	91340	36.96	0.65
E9	Sample 57	2	1	6	104340	37	0.65
E9	Sample 57	2	1	7	117340	37	0.65
E9	Sample 57	2	1	8	130350	37	0.65
E9	Sample 57	2	1	9	143340	37	0.65
E9	Sample 57	2	1	10	156350	36.96	0.65
E9	Sample 57	2	1	11	169340	36.91	0.65
E9	Sample 57	2	1	12	182340	37	0.65
E9	Sample 57	2	1	13	195340	37	0.65
E9	Sample 57	2	1	14	208340	36.96	0.65
E9	Sample 57	2	1	15	221360	36.96	0.65
E10	Sample 58	2	1	1	39350	36.96	0.62
E10	Sample 58	2	1	2	52350	37	0.62
E10	Sample 58	2	1	3	65340	36.96	0.62
E10	Sample 58	2	1	4	78340	36.96	0.62
E10	Sample 58	2	1	5	91340	36.96	0.61
E10	Sample 58	2	1	6	104340	37	0.62
E10	Sample 58	2	1	7	117340	37	0.61
E10	Sample 58	2	1	8	130350	37	0.61
E10	Sample 58	2	1	9	143340	37	0.62
E10	Sample 58	2	1	10	156350	36.96	0.62
E10	Sample 58	2	1	11	169340	36.91	0.61
E10	Sample 58	2	1	12	182340	37	0.61
E10	Sample 58	2	1	13	195340	37	0.61
E10	Sample 58	2	1	14	208340	36.96	0.61
E10	Sample 58	2	1	15	221360	36.96	0.61
E11	Sample 59	2	1	1	39350	36.96	0.63
E11	Sample 59	2	1	2	52350	37	0.63
E11	Sample 59	2	1	3	65340	36.96	0.63
E11	Sample 59	2	1	4	78340	36.96	0.63
E11	Sample 59	2	1	5	91340	36.96	0.63
E11	Sample 59	2	1	6	104340	37	0.63
E11	Sample 59	2	1	7	117340	37	0.62
E11	Sample 59	2	1	8	130350	37	0.62
E11	Sample 59	2	1	9	143340	37	0.62
E11	Sample 59	2	1	10	156350	36.96	0.62
E11	Sample 59	2	1	11	169340	36.91	0.62
E11	Sample 59	2	1	12	182340	37	0.62
E11	Sample 59	2	1	13	195340	37	0.62
E11	Sample 59	2	1	14	208340	36.96	0.63
E11	Sample 59	2	1	15	221360	36.96	0.62
E12	Sample 60	2	1	1	39350	36.96	0.49
E12	Sample 60	2	1	2	52350	37	0.49
E12	Sample 60	2	1	3	65340	36.96	0.5
E12	Sample 60	2	1	4	78340	36.96	0.5
E12	Sample 60	2	1	5	91340	36.96	0.49
E12	Sample 60	2	1	6	104340	37	0.5
E12	Sample 60	2	1	7	117340	37	0.49
E12	Sample 60	2	1	8	130350	37	0.49
E12	Sample 60	2	1	9	143340	37	0.49
E12	Sample 60	2	1	10	156350	36.96	0.49
E12	Sample 60	2	1	11	169340	36.91	0.5
E12	Sample 60	2	1	12	182340	37	0.49
E12	Sample 60	2	1	13	195340	37	0.49
E12	Sample 60	2	1	14	208340	36.96	0.5
E12	Sample 60	2	1	15	221360	36.96	0.49
F1	Sample 61	2	1	1	39350	36.96	0.53
F1	Sample 61	2	1	2	52350	37	0.54
F1	Sample 61	2	1	3	65340	36.96	0.54
F1	Sample 61	2	1	4	78340	36.96	0.53
F1	Sample 61	2	1	5	91340	36.96	0.53
F1	Sample 61	2	1	6	104340	37	0.54
F1	Sample 61	2	1	7	117340	37	0.54
F1	Sample 61	2	1	8	130350	37	0.53
F1	Sample 61	2	1	9	143340	37	0.54
F1	Sample 61	2	1	10	156350	36.96	0.54
F1	Sample 61	2	1	11	169340	36.91	0.54
F1	Sample 61	2	1	12	182340	37	0.54
F1	Sample 61	2	1	13	195340	37	0.54
F1	Sample 61	2	1	14	208340	36.96	0.54
F1	Sample 61	2	1	15	221360	36.96	0.53
F2	Sample 62	2	1	1	39350	36.96	0.56
F2	Sample 62	2	1	2	52350	37	0.56
F2	Sample 62	2	1	3	65340	36.96	0.56
F2	Sample 62	2	1	4	78340	36.96	0.55
F2	Sample 62	2	1	5	91340	36.96	0.55
F2	Sample 62	2	1	6	104340	37	0.55
F2	Sample 62	2	1	7	117340	37	0.56
F2	Sample 62	2	1	8	130350	37	0.56
F2	Sample 62	2	1	9	143340	37	0.55
F2	Sample 62	2	1	10	156350	36.96	0.55
F2	Sample 62	2	1	11	169340	36.91	0.56
F2	Sample 62	2	1	12	182340	37	0.56
F2	Sample 62	2	1	13	195340	37	0.56
F2	Sample 62	2	1	14	208340	36.96	0.56
F2	Sample 62	2	1	15	221360	36.96	0.55
F3	Sample 63	2	1	1	39350	36.96	0.67
F3	Sample 63	2	1	2	52350	37	0.67
F3	Sample 63	2	1	3	65340	36.96	0.67
F3	Sample 63	2	1	4	78340	36.96	0.67
F3	Sample 63	2	1	5	91340	36.96	0.67
F3	Sample 63	2	1	6	104340	37	0.67
F3	Sample 63	2	1	7	117340	37	0.68
F3	Sample 63	2	1	8	130350	37	0.67
F3	Sample 63	2	1	9	143340	37	0.67
F3	Sample 63	2	1	10	156350	36.96	0.67
F3	Sample 63	2	1	11	169340	36.91	0.67
F3	Sample 63	2	1	12	182340	37	0.67
F3	Sample 63	2	1	13	195340	37	0.67
F3	Sample 63	2	1	14	208340	36.96	0.67
F3	Sample 63	2	1	15	221360	36.96	0.67
F4	Sample 64	2	1	1	39350	36.96	0.62
F4	Sample 64	2	1	2	52350	37	0.63
F4	Sample 64	2	1	3	65340	36.96	0.62
F4	Sample 64	2	1	4	78340	36.96	0.62
F4	Sample 64	2	1	5	91340	36.96	0.62
F4	Sample 64	2	1	6	104340	37	0.62
F4	Sample 64	2	1	7	117340	37	0.62
F4	Sample 64	2	1	8	130350	37	0.62
F4	Sample 64	2	1	9	143340	37	0.62
F4	Sample 64	2	1	10	156350	36.96	0.62
F4	Sample 64	2	1	11	169340	36.91	0.62
F4	Sample 64	2	1	12	182340	37	0.62
F4	Sample 64	2	1	13	195340	37	0.62
F4	Sample 64	2	1	14	208340	36.96	0.62
F4	Sample 64	2	1	15	221360	36.96	0.62
F5	Sample 65	2	1	1	39350	36.96	0.81
F5	Sample 65	2	1	2	52350	37	0.81
F5	Sample 65	2	1	3	65340	36.96	0.8
F5	Sample 65	2	1	4	78340	36.96	0.8
F5	Sample 65	2	1	5	91340	36.96	0.8
F5	Sample 65	2	1	6	104340	37	0.8
F5	Sample 65	2	1	7	117340	37	0.81
F5	Sample 65	2	1	8	130350	37	0.8
F5	Sample 65	2	1	9	143340	37	0.81
F5	Sample 65	2	1	10	156350	36.96	0.8
F5	Sample 65	2	1	11	169340	36.91	0.81
F5	Sample 65	2	1	12	182340	37	0.8
F5	Sample 65	2	1	13	195340	37	0.81
F5	Sample 65	2	1	14	208340	36.96	0.81
F5	Sample 65	2	1	15	221360	36.96	0.8
F6	Sample 66	2	1	1	39350	36.96	0.72
F6	Sample 66	2	1	2	52350	37	0.72
F6	Sample 66	2	1	3	65340	36.96	0.72
F6	Sample 66	2	1	4	78340	36.96	0.71
F6	Sample 66	2	1	5	91340	36.96	0.72
F6	Sample 66	2	1	6	104340	37	0.72
F6	Sample 66	2	1	7	117340	37	0.72
F6	Sample 66	2	1	8	130350	37	0.71
F6	Sample 66	2	1	9	143340	37	0.71
F6	Sample 66	2	1	10	156350	36.96	0.72
F6	Sample 66	2	1	11	169340	36.91	0.72
F6	Sample 66	2	1	12	182340	37	0.72
F6	Sample 66	2	1	13	195340	37	0.71
F6	Sample 66	2	1	14	208340	36.96	0.72
F6	Sample 66	2	1	15	221360	36.96	0.71
F7	Sample 67	2	1	1	39350	36.96	1.04
F7	Sample 67	2	1	2	52350	37	1.04
F7	Sample 67	2	1	3	65340	36.96	1.04
F7	Sample 67	2	1	4	78340	36.96	1.03
F7	Sample 67	2	1	5	91340	36.96	1.03
F7	Sample 67	2	1	6	104340	37	1.03
F7	Sample 67	2	1	7	117340	37	1.03
F7	Sample 67	2	1	8	130350	37	1.03
F7	Sample 67	2	1	9	143340	37	1.03
F7	Sample 67	2	1	10	156350	36.96	1.03
F7	Sample 67	2	1	11	169340	36.91	1.03
F7	Sample 67	2	1	12	182340	37	1.02
F7	Sample 67	2	1	13	195340	37	1.03
F7	Sample 67	2	1	14	208340	36.96	1.02
F7	Sample 67	2	1	15	221360	36.96	1.02
F8	Sample 68	2	1	1	39350	36.96	0.83
F8	Sample 68	2	1	2	52350	37	0.84
F8	Sample 68	2	1	3	65340	36.96	0.84
F8	Sample 68	2	1	4	78340	36.96	0.83
F8	Sample 68	2	1	5	91340	36.96	0.83
F8	Sample 68	2	1	6	104340	37	0.83
F8	Sample 68	2	1	7	117340	37	0.84
F8	Sample 68	2	1	8	130350	37	0.83
F8	Sample 68	2	1	9	143340	37	0.83
F8	Sample 68	2	1	10	156350	36.96	0.83
F8	Sample 68	2	1	11	169340	36.91	0.84
F8	Sample 68	2	1	12	182340	37	0.84
F8	Sample 68	2	1	13	195340	37	0.83
F8	Sample 68	2	1	14	208340	36.96	0.83
F8	Sample 68	2	1	15	221360	36.96	0.83
F9	Sample 69	2	1	1	39350	36.96	0.67
F9	Sample 69	2	1	2	52350	37	0.68
F9	Sample 69	2	1	3	65340	36.96	0.67
F9	Sample 69	2	1	4	78340	36.96	0.67
F9	Sample 69	2	1	5	91340	36.96	0.67
F9	Sample 69	2	1	6	104340	37	0.67
F9	Sample 69	2	1	7	117340	37	0.67
F9	Sample 69	2	1	8	130350	37	0.67
F9	Sample 69	2	1	9	143340	37	0.66
F9	Sample 69	2	1	10	156350	36.96	0.67
F9	Sample 69	2	1	11	169340	36.91	0.67
F9	Sample 69	2	1	12	182340	37	0.67
F9	Sample 69	2	1	13	195340	37	0.66
F9	Sample 69	2	1	14	208340	36.96	0.67
F9	Sample 69	2	1	15	221360	36.96	0.67
F10	Sample 70	2	1	1	39350	36.96	0.62
F10	Sample 70	2	1	2	52350	37	0.62
F10	Sample 70	2	1	3	65340	36.96	0.61
F10	Sample 70	2	1	4	78340	36.96	0.62
F10	Sample 70	2	1	5	91340	36.96	0.61
F10	Sample 70	2	1	6	104340	37	0.61
F10	Sample 70	2	1	7	117340	37	0.61
F10	Sample 70	2	1	8	130350	37	0.61
F10	Sample 70	2	1	9	143340	37	0.61
F10	Sample 70	2	1	10	156350	36.96	0.61
F10	Sample 70	2	1	11	169340	36.91	0.62
F10	Sample 70	2	1	12	182340	37	0.61
F10	Sample 70	2	1	13	195340	37	0.61
F10	Sample 70	2	1	14	208340	36.96	0.62
F10	Sample 70	2	1	15	221360	36.96	0.61
F11	Sample 71	2	1	1	39350	36.96	0.64
F11	Sample 71	2	1	2	52350	37	0.65
F11	Sample 71	2	1	3	65340	36.96	0.65
F11	Sample 71	2	1	4	78340	36.96	0.65
F11	Sample 71	2	1	5	91340	36.96	0.64
F11	Sample 71	2	1	6	104340	37	0.65
F11	Sample 71	2	1	7	117340	37	0.65
F11	Sample 71	2	1	8	130350	37	0.65
F11	Sample 71	2	1	9	143340	37	0.64
F11	Sample 71	2	1	10	156350	36.96	0.65
F11	Sample 71	2	1	11	169340	36.91	0.65
F11	Sample 71	2	1	12	182340	37	0.65
F11	Sample 71	2	1	13	195340	37	0.65
F11	Sample 71	2	1	14	208340	36.96	0.65
F11	Sample 71	2	1	15	221360	36.96	0.64
F12	Sample 72	2	1	1	39350	36.96	0.53
F12	Sample 72	2	1	2	52350	37	0.53
F12	Sample 72	2	1	3	65340	36.96	0.53
F12	Sample 72	2	1	4	78340	36.96	0.52
F12	Sample 72	2	1	5	91340	36.96	0.53
F12	Sample 72	2	1	6	104340	37	0.53
F12	Sample 72	2	1	7	117340	37	0.52
F12	Sample 72	2	1	8	130350	37	0.52
F12	Sample 72	2	1	9	143340	37	0.52
F12	Sample 72	2	1	10	156350	36.96	0.52
F12	Sample 72	2	1	11	169340	36.91	0.53
F12	Sample 72	2	1	12	182340	37	0.53
F12	Sample 72	2	1	13	195340	37	0.52
F12	Sample 72	2	1	14	208340	36.96	0.52
F12	Sample 72	2	1	15	221360	36.96	0.52
G1	Sample 73	2	1	1	39350	36.96	0.58
G1	Sample 73	2	1	2	52350	37	0.58
G1	Sample 73	2	1	3	65340	36.96	0.58
G1	Sample 73	2	1	4	78340	36.96	0.58
G1	Sample 73	2	1	5	91340	36.96	0.58
G1	Sample 73	2	1	6	104340	37	0.58
G1	Sample 73	2	1	7	117340	37	0.58
G1	Sample 73	2	1	8	130350	37	0.58
G1	Sample 73	2	1	9	143340	37	0.57
G1	Sample 73	2	1	10	156350	36.96	0.57
G1	Sample 73	2	1	11	169340	36.91	0.58
G1	Sample 73	2	1	12	182340	37	0.58
G1	Sample 73	2	1	13	195340	37	0.58
G1	Sample 73	2	1	14	208340	36.96	0.58
G1	Sample 73	2	1	15	221360	36.96	0.58
G2	Sample 74	2	1	1	39350	36.96	0.62
G2	Sample 74	2	1	2	52350	37	0.61
G2	Sample 74	2	1	3	65340	36.96	0.61
G2	Sample 74	2	1	4	78340	36.96	0.61
G2	Sample 74	2	1	5	91340	36.96	0.61
G2	Sample 74	2	1	6	104340	37	0.61
G2	Sample 74	2	1	7	117340	37	0.61
G2	Sample 74	2	1	8	130350	37	0.61
G2	Sample 74	2	1	9	143340	37	0.61
G2	Sample 74	2	1	10	156350	36.96	0.61
G2	Sample 74	2	1	11	169340	36.91	0.62
G2	Sample 74	2	1	12	182340	37	0.61
G2	Sample 74	2	1	13	195340	37	0.61
G2	Sample 74	2	1	14	208340	36.96	0.62
G2	Sample 74	2	1	15	221360	36.96	0.61
G3	Sample 75	2	1	1	39350	36.96	0.7
G3	Sample 75	2	1	2	52350	37	0.7
G3	Sample 75	2	1	3	65340	36.96	0.7
G3	Sample 75	2	1	4	78340	36.96	0.7
G3	Sample 75	2	1	5	91340	36.96	0.7
G3	Sample 75	2	1	6	104340	37	0.69
G3	Sample 75	2	1	7	117340	37	0.7
G3	Sample 75	2	1	8	130350	37	0.7
G3	Sample 75	2	1	9	143340	37	0.69
G3	Sample 75	2	1	10	156350	36.96	0.69
G3	Sample 75	2	1	11	169340	36.91	0.7
G3	Sample 75	2	1	12	182340	37	0.69
G3	Sample 75	2	1	13	195340	37	0.69
G3	Sample 75	2	1	14	208340	36.96	0.7
G3	Sample 75	2	1	15	221360	36.96	0.69
G4	Sample 76	2	1	1	39350	36.96	0.66
G4	Sample 76	2	1	2	52350	37	0.66
G4	Sample 76	2	1	3	65340	36.96	0.66
G4	Sample 76	2	1	4	78340	36.96	0.66
G4	Sample 76	2	1	5	91340	36.96	0.66
G4	Sample 76	2	1	6	104340	37	0.66
G4	Sample 76	2	1	7	117340	37	0.66
G4	Sample 76	2	1	8	130350	37	0.66
G4	Sample 76	2	1	9	143340	37	0.65
G4	Sample 76	2	1	10	156350	36.96	0.66
G4	Sample 76	2	1	11	169340	36.91	0.65
G4	Sample 76	2	1	12	182340	37	0.65
G4	Sample 76	2	1	13	195340	37	0.66
G4	Sample 76	2	1	14	208340	36.96	0.66
G4	Sample 76	2	1	15	221360	36.96	0.65
G5	Sample 77	2	1	1	39350	36.96	1.18
G5	Sample 77	2	1	2	52350	37	1.18
G5	Sample 77	2	1	3	65340	36.96	1.19
G5	Sample 77	2	1	4	78340	36.96	1.18
G5	Sample 77	2	1	5	91340	36.96	1.19
G5	Sample 77	2	1	6	104340	37	1.18
G5	Sample 77	2	1	7	117340	37	1.18
G5	Sample 77	2	1	8	130350	37	1.18
G5	Sample 77	2	1	9	143340	37	1.18
G5	Sample 77	2	1	10	156350	36.96	1.17
G5	Sample 77	2	1	11	169340	36.91	1.17
G5	Sample 77	2	1	12	182340	37	1.16
G5	Sample 77	2	1	13	195340	37	1.17
G5	Sample 77	2	1	14	208340	36.96	1.18
G5	Sample 77	2	1	15	221360	36.96	1.16
G6	Sample 78	2	1	1	39350	36.96	1.16
G6	Sample 78	2	1	2	52350	37	1.16
G6	Sample 78	2	1	3	65340	36.96	1.16
G6	Sample 78	2	1	4	78340	36.96	1.15
G6	Sample 78	2	1	5	91340	36.96	1.15
G6	Sample 78	2	1	6	104340	37	1.16
G6	Sample 78	2	1	7	117340	37	1.15
G6	Sample 78	2	1	8	130350	37	1.16
G6	Sample 78	2	1	9	143340	37	1.15
G6	Sample 78	2	1	10	156350	36.96	1.15
G6	Sample 78	2	1	11	169340	36.91	1.15
G6	Sample 78	2	1	12	182340	37	1.15
G6	Sample 78	2	1	13	195340	37	1.15
G6	Sample 78	2	1	14	208340	36.96	1.16
G6	Sample 78	2	1	15	221360	36.96	1.15
G7	Sample 79	2	1	1	39350	36.96	1.3
G7	Sample 79	2	1	2	52350	37	1.3
G7	Sample 79	2	1	3	65340	36.96	1.3
G7	Sample 79	2	1	4	78340	36.96	1.3
G7	Sample 79	2	1	5	91340	36.96	1.3
G7	Sample 79	2	1	6	104340	37	1.29
G7	Sample 79	2	1	7	117340	37	1.29
G7	Sample 79	2	1	8	130350	37	1.29
G7	Sample 79	2	1	9	143340	37	1.29
G7	Sample 79	2	1	10	156350	36.96	1.29
G7	Sample 79	2	1	11	169340	36.91	1.28
G7	Sample 79	2	1	12	182340	37	1.28
G7	Sample 79	2	1	13	195340	37	1.29
G7	Sample 79	2	1	14	208340	36.96	1.29
G7	Sample 79	2	1	15	221360	36.96	1.28
G8	Sample 80	2	1	1	39350	36.96	1.27
G8	Sample 80	2	1	2	52350	37	1.27
G8	Sample 80	2	1	3	65340	36.96	1.27
G8	Sample 80	2	1	4	78340	36.96	1.27
G8	Sample 80	2	1	5	91340	36.96	1.27
G8	Sample 80	2	1	6	104340	37	1.26
G8	Sample 80	2	1	7	117340	37	1.26
G8	Sample 80	2	1	8	130350	37	1.26
G8	Sample 80	2	1	9	143340	37	1.26
G8	Sample 80	2	1	10	156350	36.96	1.25
G8	Sample 80	2	1	11	169340	36.91	1.25
G8	Sample 80	2	1	12	182340	37	1.26
G8	Sample 80	2	1	13	195340	37	1.26
G8	Sample 80	2	1	14	208340	36.96	1.26
G8	Sample 80	2	1	15	221360	36.96	1.26
G9	Sample 81	2	1	1	39350	36.96	0.65
G9	Sample 81	2	1	2	52350	37	0.64
G9	Sample 81	2	1	3	65340	36.96	0.65
G9	Sample 81	2	1	4	78340	36.96	0.65
G9	Sample 81	2	1	5	91340	36.96	0.64
G9	Sample 81	2	1	6	104340	37	0.64
G9	Sample 81	2	1	7	117340	37	0.64
G9	Sample 81	2	1	8	130350	37	0.64
G9	Sample 81	2	1	9	143340	37	0.64
G9	Sample 81	2	1	10	156350	36.96	0.64
G9	Sample 81	2	1	11	169340	36.91	0.64
G9	Sample 81	2	1	12	182340	37	0.64
G9	Sample 81	2	1	13	195340	37	0.64
G9	Sample 81	2	1	14	208340	36.96	0.64
G9	Sample 81	2	1	15	221360	36.96	0.63
G10	Sample 82	2	1	1	39350	36.96	0.63
G10	Sample 82	2	1	2	52350	37	0.63
G10	Sample 82	2	1	3	65340	36.96	0.63
G10	Sample 82	2	1	4	78340	36.96	0.63
G10	Sample 82	2	1	5	91340	36.96	0.63
G10	Sample 82	2	1	6	104340	37	0.63
G10	Sample 82	2	1	7	117340	37	0.63
G10	Sample 82	2	1	8	130350	37	0.63
G10	Sample 82	2	1	9	143340	37	0.63
G10	Sample 82	2	1	10	156350	36.96	0.62
G10	Sample 82	2	1	11	169340	36.91	0.63
G10	Sample 82	2	1	12	182340	37	0.62
G10	Sample 82	2	1	13	195340	37	0.63
G10	Sample 82	2	1	14	208340	36.96	0.62
G10	Sample 82	2	1	15	221360	36.96	0.62
G11	Sample 83	2	1	1	39350	36.96	0.65
G11	Sample 83	2	1	2	52350	37	0.65
G11	Sample 83	2	1	3	65340	36.96	0.66
G11	Sample 83	2	1	4	78340	36.96	0.66
G11	Sample 83	2	1	5	91340	36.96	0.66
G11	Sample 83	2	1	6	104340	37	0.65
G11	Sample 83	2	1	7	117340	37	0.65
G11	Sample 83	2	1	8	130350	37	0.65
G11	Sample 83	2	1	9	143340	37	0.65
G11	Sample 83	2	1	10	156350	36.96	0.65
G11	Sample 83	2	1	11	169340	36.91	0.65
G11	Sample 83	2	1	12	182340	37	0.64
G11	Sample 83	2	1	13	195340	37	0.64
G11	Sample 83	2	1	14	208340	36.96	0.65
G11	Sample 83	2	1	15	221360	36.96	0.65
G12	Sample 84	2	1	1	39350	36.96	0.52
G12	Sample 84	2	1	2	52350	37	0.51
G12	Sample 84	2	1	3	65340	36.96	0.52
G12	Sample 84	2	1	4	78340	36.96	0.52
G12	Sample 84	2	1	5	91340	36.96	0.52
G12	Sample 84	2	1	6	104340	37	0.51
G12	Sample 84	2	1	7	117340	37	0.52
G12	Sample 84	2	1	8	130350	37	0.52
G12	Sample 84	2	1	9	143340	37	0.51
G12	Sample 84	2	1	10	156350	36.96	0.51
G12	Sample 84	2	1	11	169340	36.91	0.52
G12	Sample 84	2	1	12	182340	37	0.51
G12	Sample 84	2	1	13	195340	37	0.52
G12	Sample 84	2	1	14	208340	36.96	0.52
G12	Sample 84	2	1	15	221360	36.96	0.52
H1	Sample 85	2	1	1	39350	36.96	0.57
H1	Sample 85	2	1	2	52350	37	0.57
H1	Sample 85	2	1	3	65340	36.96	0.57
H1	Sample 85	2	1	4	78340	36.96	0.57
H1	Sample 85	2	1	5	91340	36.96	0.57
H1	Sample 85	2	1	6	104340	37	0.57
H1	Sample 85	2	1	7	117340	37	0.57
H1	Sample 85	2	1	8	130350	37	0.57
H1	Sample 85	2	1	9	143340	37	0.57
H1	Sample 85	2	1	10	156350	36.96	0.56
H1	Sample 85	2	1	11	169340	36.91	0.58
H1	Sample 85	2	1	12	182340	37	0.57
H1	Sample 85	2	1	13	195340	37	0.56
H1	Sample 85	2	1	14	208340	36.96	0.57
H1	Sample 85	2	1	15	221360	36.96	0.57
H2	Sample 86	2	1	1	39350	36.96	0.61
H2	Sample 86	2	1	2	52350	37	0.61
H2	Sample 86	2	1	3	65340	36.96	0.61
H2	Sample 86	2	1	4	78340	36.96	0.61
H2	Sample 86	2	1	5	91340	36.96	0.61
H2	Sample 86	2	1	6	104340	37	0.62
H2	Sample 86	2	1	7	117340	37	0.61
H2	Sample 86	2	1	8	130350	37	0.61
H2	Sample 86	2	1	9	143340	37	0.61
H2	Sample 86	2	1	10	156350	36.96	0.61
H2	Sample 86	2	1	11	169340	36.91	0.61
H2	Sample 86	2	1	12	182340	37	0.6
H2	Sample 86	2	1	13	195340	37	0.6
H2	Sample 86	2	1	14	208340	36.96	0.61
H2	Sample 86	2	1	15	221360	36.96	0.61
H3	Sample 87	2	1	1	39350	36.96	0.66
H3	Sample 87	2	1	2	52350	37	0.66
H3	Sample 87	2	1	3	65340	36.96	0.65
H3	Sample 87	2	1	4	78340	36.96	0.66
H3	Sample 87	2	1	5	91340	36.96	0.64
H3	Sample 87	2	1	6	104340	37	0.65
H3	Sample 87	2	1	7	117340	37	0.65
H3	Sample 87	2	1	8	130350	37	0.65
H3	Sample 87	2	1	9	143340	37	0.66
H3	Sample 87	2	1	10	156350	36.96	0.66
H3	Sample 87	2	1	11	169340	36.91	0.65
H3	Sample 87	2	1	12	182340	37	0.65
H3	Sample 87	2	1	13	195340	37	0.65
H3	Sample 87	2	1	14	208340	36.96	0.66
H3	Sample 87	2	1	15	221360	36.96	0.65
H4	Sample 88	2	1	1	39350	36.96	0.62
H4	Sample 88	2	1	2	52350	37	0.62
H4	Sample 88	2	1	3	65340	36.96	0.61
H4	Sample 88	2	1	4	78340	36.96	0.62
H4	Sample 88	2	1	5	91340	36.96	0.61
H4	Sample 88	2	1	6	104340	37	0.62
H4	Sample 88	2	1	7	117340	37	0.62
H4	Sample 88	2	1	8	130350	37	0.62
H4	Sample 88	2	1	9	143340	37	0.62
H4	Sample 88	2	1	10	156350	36.96	0.62
H4	Sample 88	2	1	11	169340	36.91	0.62
H4	Sample 88	2	1	12	182340	37	0.61
H4	Sample 88	2	1	13	195340	37	0.61
H4	Sample 88	2	1	14	208340	36.96	0.62
H4	Sample 88	2	1	15	221360	36.96	0.62
H5	Sample 89	2	1	1	39350	36.96	1.36
H5	Sample 89	2	1	2	52350	37	1.37
H5	Sample 89	2	1	3	65340	36.96	1.36
H5	Sample 89	2	1	4	78340	36.96	1.37
H5	Sample 89	2	1	5	91340	36.96	1.37
H5	Sample 89	2	1	6	104340	37	1.38
H5	Sample 89	2	1	7	117340	37	1.36
H5	Sample 89	2	1	8	130350	37	1.37
H5	Sample 89	2	1	9	143340	37	1.37
H5	Sample 89	2	1	10	156350	36.96	1.37
H5	Sample 89	2	1	11	169340	36.91	1.37
H5	Sample 89	2	1	12	182340	37	1.37
H5	Sample 89	2	1	13	195340	37	1.36
H5	Sample 89	2	1	14	208340	36.96	1.38
H5	Sample 89	2	1	15	221360	36.96	1.37
H6	Sample 90	2	1	1	39350	36.96	1.3
H6	Sample 90	2	1	2	52350	37	1.31
H6	Sample 90	2	1	3	65340	36.96	1.31
H6	Sample 90	2	1	4	78340	36.96	1.31
H6	Sample 90	2	1	5	91340	36.96	1.32
H6	Sample 90	2	1	6	104340	37	1.32
H6	Sample 90	2	1	7	117340	37	1.31
H6	Sample 90	2	1	8	130350	37	1.32
H6	Sample 90	2	1	9	143340	37	1.31
H6	Sample 90	2	1	10	156350	36.96	1.31
H6	Sample 90	2	1	11	169340	36.91	1.32
H6	Sample 90	2	1	12	182340	37	1.31
H6	Sample 90	2	1	13	195340	37	1.31
H6	Sample 90	2	1	14	208340	36.96	1.32
H6	Sample 90	2	1	15	221360	36.96	1.31
H7	Sample 91	2	1	1	39350	36.96	1.38
H7	Sample 91	2	1	2	52350	37	1.39
H7	Sample 91	2	1	3	65340	36.96	1.38
H7	Sample 91	2	1	4	78340	36.96	1.39
H7	Sample 91	2	1	5	91340	36.96	1.38
H7	Sample 91	2	1	6	104340	37	1.4
H7	Sample 91	2	1	7	117340	37	1.39
H7	Sample 91	2	1	8	130350	37	1.39
H7	Sample 91	2	1	9	143340	37	1.39
H7	Sample 91	2	1	10	156350	36.96	1.39
H7	Sample 91	2	1	11	169340	36.91	1.38
H7	Sample 91	2	1	12	182340	37	1.38
H7	Sample 91	2	1	13	195340	37	1.38
H7	Sample 91	2	1	14	208340	36.96	1.39
H7	Sample 91	2	1	15	221360	36.96	1.39
H8	Sample 92	2	1	1	39350	36.96	1.33
H8	Sample 92	2	1	2	52350	37	1.33
H8	Sample 92	2	1	3	65340	36.96	1.33
H8	Sample 92	2	1	4	78340	36.96	1.33
H8	Sample 92	2	1	5	91340	36.96	1.34
H8	Sample 92	2	1	6	104340	37	1.33
H8	Sample 92	2	1	7	117340	37	1.32
H8	Sample 92	2	1	8	130350	37	1.33
H8	Sample 92	2	1	9	143340	37	1.33
H8	Sample 92	2	1	10	156350	36.96	1.33
H8	Sample 92	2	1	11	169340	36.91	1.33
H8	Sample 92	2	1	12	182340	37	1.33
H8	Sample 92	2	1	13	195340	37	1.33
H8	Sample 92	2	1	14	208340	36.96	1.33
H8	Sample 92	2	1	15	221360	36.96	1.33
H9	Sample 93	2	1	1	39350	36.96	0.68
H9	Sample 93	2	1	2	52350	37	0.68
H9	Sample 93	2	1	3	65340	36.96	0.68
H9	Sample 93	2	1	4	78340	36.96	0.68
H9	Sample 93	2	1	5	91340	36.96	0.67
H9	Sample 93	2	1	6	104340	37	0.68
H9	Sample 93	2	1	7	117340	37	0.68
H9	Sample 93	2	1	8	130350	37	0.68
H9	Sample 93	2	1	9	143340	37	0.68
H9	Sample 93	2	1	10	156350	36.96	0.67
H9	Sample 93	2	1	11	169340	36.91	0.67
H9	Sample 93	2	1	12	182340	37	0.67
H9	Sample 93	2	1	13	195340	37	0.67
H9	Sample 93	2	1	14	208340	36.96	0.68
H9	Sample 93	2	1	15	221360	36.96	0.68
H10	Sample 94	2	1	1	39350	36.96	0.62
H10	Sample 94	2	1	2	52350	37	0.62
H10	Sample 94	2	1	3	65340	36.96	0.62
H10	Sample 94	2	1	4	78340	36.96	0.62
H10	Sample 94	2	1	5	91340	36.96	0.62
H10	Sample 94	2	1	6	104340	37	0.62
H10	Sample 94	2	1	7	117340	37	0.62
H10	Sample 94	2	1	8	130350	37	0.62
H10	Sample 94	2	1	9	143340	37	0.62
H10	Sample 94	2	1	10	156350	36.96	0.62
H10	Sample 94	2	1	11	169340	36.91	0.62
H10	Sample 94	2	1	12	182340	37	0.62
H10	Sample 94	2	1	13	195340	37	0.62
H10	Sample 94	2	1	14	208340	36.96	0.62
H10	Sample 94	2	1	15	221360	36.96	0.62
H11	Sample 95	2	1	1	39350	36.96	0.61
H11	Sample 95	2	1	2	52350	37	0.61
H11	Sample 95	2	1	3	65340	36.96	0.61
H11	Sample 95	2	1	4	78340	36.96	0.62
H11	Sample 95	2	1	5	91340	36.96	0.61
H11	Sample 95	2	1	6	104340	37	0.62
H11	Sample 95	2	1	7	117340	37	0.62
H11	Sample 95	2	1	8	130350	37	0.62
H11	Sample 95	2	1	9	143340	37	0.62
H11	Sample 95	2	1	10	156350	36.96	0.62
H11	Sample 95	2	1	11	169340	36.91	0.62
H11	Sample 95	2	1	12	182340	37	0.62
H11	Sample 95	2	1	13	195340	37	0.62
H11	Sample 95	2	1	14	208340	36.96	0.63
H11	Sample 95	2	1	15	221360	36.96	0.63
H12	Sample 96	2	1	1	39350	36.96	0.52
H12	Sample 96	2	1	2	52350	37	0.52
H12	Sample 96	2	1	3	65340	36.96	0.51
H12	Sample 96	2	1	4	78340	36.96	0.52
H12	Sample 96	2	1	5	91340	36.96	0.52
H12	Sample 96	2	1	6	104340	37	0.53
H12	Sample 96	2	1	7	117340	37	0.53
H12	Sample 96	2	1	8	130350	37	0.53
H12	Sample 96	2	1	9	143340	37	0.53
H12	Sample 96	2	1	10	156350	36.96	0.53
H12	Sample 96	2	1	11	169340	36.91	0.53
H12	Sample 96	2	1	12	182340	37	0.53
H12	Sample 96	2	1	13	195340	37	0.52
H12	Sample 96	2	1	14	208340	36.96	0.54
H12	Sample 96	2	1	15	221360	36.96	0.54