Raw Data 		Experiment - evIC50_7_plate6_19APRIL2026 (Run on LCS480 1.5.1.62)
SamplePos	SampleName	Prog#	Seg#	Cycle#	Time	Temp	465-510	
A1	Sample 1	2	1	1	27870	36.96	1.16
A1	Sample 1	2	1	2	32140	36.96	1.14
A1	Sample 1	2	1	3	36460	36.96	1.14
A1	Sample 1	2	1	4	40750	36.96	1.14
A1	Sample 1	2	1	5	45050	37	1.12
A1	Sample 1	2	1	6	49350	37	1.14
A1	Sample 1	2	1	7	53650	37	1.14
A1	Sample 1	2	1	8	57930	37	1.14
A1	Sample 1	2	1	9	62150	37	1.12
A1	Sample 1	2	1	10	66430	37	1.12
A1	Sample 1	2	1	11	70660	37	1.12
A1	Sample 1	2	1	12	74950	37	1.09
A1	Sample 1	2	1	13	79240	36.96	1.09
A1	Sample 1	2	1	14	83540	36.96	1.09
A1	Sample 1	2	1	15	87840	36.96	1.09
A2	Sample 2	2	1	1	27870	36.96	1.12
A2	Sample 2	2	1	2	32140	36.96	1.12
A2	Sample 2	2	1	3	36460	36.96	1.12
A2	Sample 2	2	1	4	40750	36.96	1.10
A2	Sample 2	2	1	5	45050	37	1.12
A2	Sample 2	2	1	6	49350	37	1.12
A2	Sample 2	2	1	7	53650	37	1.10
A2	Sample 2	2	1	8	57930	37	1.06
A2	Sample 2	2	1	9	62150	37	1.10
A2	Sample 2	2	1	10	66430	37	1.10
A2	Sample 2	2	1	11	70660	37	1.08
A2	Sample 2	2	1	12	74950	37	1.06
A2	Sample 2	2	1	13	79240	36.96	1.06
A2	Sample 2	2	1	14	83540	36.96	1.06
A2	Sample 2	2	1	15	87840	36.96	1.08
A3	Sample 3	2	1	1	27870	36.96	1.26
A3	Sample 3	2	1	2	32140	36.96	1.26
A3	Sample 3	2	1	3	36460	36.96	1.26
A3	Sample 3	2	1	4	40750	36.96	1.24
A3	Sample 3	2	1	5	45050	37	1.26
A3	Sample 3	2	1	6	49350	37	1.24
A3	Sample 3	2	1	7	53650	37	1.22
A3	Sample 3	2	1	8	57930	37	1.20
A3	Sample 3	2	1	9	62150	37	1.24
A3	Sample 3	2	1	10	66430	37	1.22
A3	Sample 3	2	1	11	70660	37	1.22
A3	Sample 3	2	1	12	74950	37	1.22
A3	Sample 3	2	1	13	79240	36.96	1.20
A3	Sample 3	2	1	14	83540	36.96	1.18
A3	Sample 3	2	1	15	87840	36.96	1.20
A4	Sample 4	2	1	1	27870	36.96	1.27
A4	Sample 4	2	1	2	32140	36.96	1.25
A4	Sample 4	2	1	3	36460	36.96	1.25
A4	Sample 4	2	1	4	40750	36.96	1.25
A4	Sample 4	2	1	5	45050	37	1.24
A4	Sample 4	2	1	6	49350	37	1.24
A4	Sample 4	2	1	7	53650	37	1.24
A4	Sample 4	2	1	8	57930	37	1.22
A4	Sample 4	2	1	9	62150	37	1.25
A4	Sample 4	2	1	10	66430	37	1.22
A4	Sample 4	2	1	11	70660	37	1.22
A4	Sample 4	2	1	12	74950	37	1.22
A4	Sample 4	2	1	13	79240	36.96	1.20
A4	Sample 4	2	1	14	83540	36.96	1.22
A4	Sample 4	2	1	15	87840	36.96	1.22
A5	Sample 5	2	1	1	27870	36.96	10.92
A5	Sample 5	2	1	2	32140	36.96	10.94
A5	Sample 5	2	1	3	36460	36.96	10.88
A5	Sample 5	2	1	4	40750	36.96	10.90
A5	Sample 5	2	1	5	45050	37	10.85
A5	Sample 5	2	1	6	49350	37	10.85
A5	Sample 5	2	1	7	53650	37	10.79
A5	Sample 5	2	1	8	57930	37	10.81
A5	Sample 5	2	1	9	62150	37	10.79
A5	Sample 5	2	1	10	66430	37	10.77
A5	Sample 5	2	1	11	70660	37	10.73
A5	Sample 5	2	1	12	74950	37	10.73
A5	Sample 5	2	1	13	79240	36.96	10.72
A5	Sample 5	2	1	14	83540	36.96	10.68
A5	Sample 5	2	1	15	87840	36.96	10.68
A6	Sample 6	2	1	1	27870	36.96	11.74
A6	Sample 6	2	1	2	32140	36.96	11.71
A6	Sample 6	2	1	3	36460	36.96	11.71
A6	Sample 6	2	1	4	40750	36.96	11.71
A6	Sample 6	2	1	5	45050	37	11.64
A6	Sample 6	2	1	6	49350	37	11.64
A6	Sample 6	2	1	7	53650	37	11.58
A6	Sample 6	2	1	8	57930	37	11.62
A6	Sample 6	2	1	9	62150	37	11.58
A6	Sample 6	2	1	10	66430	37	11.60
A6	Sample 6	2	1	11	70660	37	11.54
A6	Sample 6	2	1	12	74950	37	11.52
A6	Sample 6	2	1	13	79240	36.96	11.52
A6	Sample 6	2	1	14	83540	36.96	11.50
A6	Sample 6	2	1	15	87840	36.96	11.49
A7	Sample 7	2	1	1	27870	36.96	11.23
A7	Sample 7	2	1	2	32140	36.96	11.23
A7	Sample 7	2	1	3	36460	36.96	11.23
A7	Sample 7	2	1	4	40750	36.96	11.21
A7	Sample 7	2	1	5	45050	37	11.17
A7	Sample 7	2	1	6	49350	37	11.15
A7	Sample 7	2	1	7	53650	37	11.10
A7	Sample 7	2	1	8	57930	37	11.14
A7	Sample 7	2	1	9	62150	37	11.11
A7	Sample 7	2	1	10	66430	37	11.10
A7	Sample 7	2	1	11	70660	37	11.13
A7	Sample 7	2	1	12	74950	37	11.02
A7	Sample 7	2	1	13	79240	36.96	11.04
A7	Sample 7	2	1	14	83540	36.96	11.00
A7	Sample 7	2	1	15	87840	36.96	11.02
A8	Sample 8	2	1	1	27870	36.96	10.56
A8	Sample 8	2	1	2	32140	36.96	10.52
A8	Sample 8	2	1	3	36460	36.96	10.52
A8	Sample 8	2	1	4	40750	36.96	10.50
A8	Sample 8	2	1	5	45050	37	10.49
A8	Sample 8	2	1	6	49350	37	10.49
A8	Sample 8	2	1	7	53650	37	10.43
A8	Sample 8	2	1	8	57930	37	10.41
A8	Sample 8	2	1	9	62150	37	10.41
A8	Sample 8	2	1	10	66430	37	10.41
A8	Sample 8	2	1	11	70660	37	10.39
A8	Sample 8	2	1	12	74950	37	10.37
A8	Sample 8	2	1	13	79240	36.96	10.36
A8	Sample 8	2	1	14	83540	36.96	10.33
A8	Sample 8	2	1	15	87840	36.96	10.34
A9	Sample 9	2	1	1	27870	36.96	11.15
A9	Sample 9	2	1	2	32140	36.96	11.12
A9	Sample 9	2	1	3	36460	36.96	11.14
A9	Sample 9	2	1	4	40750	36.96	11.10
A9	Sample 9	2	1	5	45050	37	11.10
A9	Sample 9	2	1	6	49350	37	11.06
A9	Sample 9	2	1	7	53650	37	11.03
A9	Sample 9	2	1	8	57930	37	10.99
A9	Sample 9	2	1	9	62150	37	11.00
A9	Sample 9	2	1	10	66430	37	11.00
A9	Sample 9	2	1	11	70660	37	11.00
A9	Sample 9	2	1	12	74950	37	10.93
A9	Sample 9	2	1	13	79240	36.96	10.95
A9	Sample 9	2	1	14	83540	36.96	10.91
A9	Sample 9	2	1	15	87840	36.96	10.91
A10	Sample 10	2	1	1	27870	36.96	11.19
A10	Sample 10	2	1	2	32140	36.96	11.13
A10	Sample 10	2	1	3	36460	36.96	11.15
A10	Sample 10	2	1	4	40750	36.96	11.11
A10	Sample 10	2	1	5	45050	37	11.10
A10	Sample 10	2	1	6	49350	37	11.11
A10	Sample 10	2	1	7	53650	37	11.04
A10	Sample 10	2	1	8	57930	37	11.10
A10	Sample 10	2	1	9	62150	37	11.07
A10	Sample 10	2	1	10	66430	37	11.04
A10	Sample 10	2	1	11	70660	37	11.02
A10	Sample 10	2	1	12	74950	37	11.00
A10	Sample 10	2	1	13	79240	36.96	11.04
A10	Sample 10	2	1	14	83540	36.96	10.98
A10	Sample 10	2	1	15	87840	36.96	10.96
A11	Sample 11	2	1	1	27870	36.96	11.05
A11	Sample 11	2	1	2	32140	36.96	11.07
A11	Sample 11	2	1	3	36460	36.96	11.04
A11	Sample 11	2	1	4	40750	36.96	11.01
A11	Sample 11	2	1	5	45050	37	11.00
A11	Sample 11	2	1	6	49350	37	10.96
A11	Sample 11	2	1	7	53650	37	10.96
A11	Sample 11	2	1	8	57930	37	10.96
A11	Sample 11	2	1	9	62150	37	10.99
A11	Sample 11	2	1	10	66430	37	10.92
A11	Sample 11	2	1	11	70660	37	10.92
A11	Sample 11	2	1	12	74950	37	10.87
A11	Sample 11	2	1	13	79240	36.96	10.90
A11	Sample 11	2	1	14	83540	36.96	10.88
A11	Sample 11	2	1	15	87840	36.96	10.85
A12	Sample 12	2	1	1	27870	36.96	9.55
A12	Sample 12	2	1	2	32140	36.96	9.50
A12	Sample 12	2	1	3	36460	36.96	9.52
A12	Sample 12	2	1	4	40750	36.96	9.51
A12	Sample 12	2	1	5	45050	37	9.53
A12	Sample 12	2	1	6	49350	37	9.46
A12	Sample 12	2	1	7	53650	37	9.50
A12	Sample 12	2	1	8	57930	37	9.50
A12	Sample 12	2	1	9	62150	37	9.47
A12	Sample 12	2	1	10	66430	37	9.48
A12	Sample 12	2	1	11	70660	37	9.46
A12	Sample 12	2	1	12	74950	37	9.40
A12	Sample 12	2	1	13	79240	36.96	9.40
A12	Sample 12	2	1	14	83540	36.96	9.40
A12	Sample 12	2	1	15	87840	36.96	9.40
B1	Sample 13	2	1	1	27870	36.96	1.03
B1	Sample 13	2	1	2	32140	36.96	1.03
B1	Sample 13	2	1	3	36460	36.96	1.02
B1	Sample 13	2	1	4	40750	36.96	1.03
B1	Sample 13	2	1	5	45050	37	1.03
B1	Sample 13	2	1	6	49350	37	1.02
B1	Sample 13	2	1	7	53650	37	1.00
B1	Sample 13	2	1	8	57930	37	1.00
B1	Sample 13	2	1	9	62150	37	0.98
B1	Sample 13	2	1	10	66430	37	1.02
B1	Sample 13	2	1	11	70660	37	0.98
B1	Sample 13	2	1	12	74950	37	0.96
B1	Sample 13	2	1	13	79240	36.96	1.00
B1	Sample 13	2	1	14	83540	36.96	1.00
B1	Sample 13	2	1	15	87840	36.96	0.96
B2	Sample 14	2	1	1	27870	36.96	1.06
B2	Sample 14	2	1	2	32140	36.96	1.05
B2	Sample 14	2	1	3	36460	36.96	1.05
B2	Sample 14	2	1	4	40750	36.96	1.03
B2	Sample 14	2	1	5	45050	37	1.03
B2	Sample 14	2	1	6	49350	37	0.99
B2	Sample 14	2	1	7	53650	37	1.01
B2	Sample 14	2	1	8	57930	37	1.03
B2	Sample 14	2	1	9	62150	37	0.99
B2	Sample 14	2	1	10	66430	37	1.03
B2	Sample 14	2	1	11	70660	37	0.99
B2	Sample 14	2	1	12	74950	37	0.99
B2	Sample 14	2	1	13	79240	36.96	1.01
B2	Sample 14	2	1	14	83540	36.96	0.99
B2	Sample 14	2	1	15	87840	36.96	0.99
B3	Sample 15	2	1	1	27870	36.96	1.18
B3	Sample 15	2	1	2	32140	36.96	1.15
B3	Sample 15	2	1	3	36460	36.96	1.13
B3	Sample 15	2	1	4	40750	36.96	1.17
B3	Sample 15	2	1	5	45050	37	1.15
B3	Sample 15	2	1	6	49350	37	1.13
B3	Sample 15	2	1	7	53650	37	1.13
B3	Sample 15	2	1	8	57930	37	1.11
B3	Sample 15	2	1	9	62150	37	1.11
B3	Sample 15	2	1	10	66430	37	1.13
B3	Sample 15	2	1	11	70660	37	1.11
B3	Sample 15	2	1	12	74950	37	1.11
B3	Sample 15	2	1	13	79240	36.96	1.11
B3	Sample 15	2	1	14	83540	36.96	1.11
B3	Sample 15	2	1	15	87840	36.96	1.09
B4	Sample 16	2	1	1	27870	36.96	1.20
B4	Sample 16	2	1	2	32140	36.96	1.18
B4	Sample 16	2	1	3	36460	36.96	1.16
B4	Sample 16	2	1	4	40750	36.96	1.16
B4	Sample 16	2	1	5	45050	37	1.16
B4	Sample 16	2	1	6	49350	37	1.13
B4	Sample 16	2	1	7	53650	37	1.14
B4	Sample 16	2	1	8	57930	37	1.14
B4	Sample 16	2	1	9	62150	37	1.13
B4	Sample 16	2	1	10	66430	37	1.14
B4	Sample 16	2	1	11	70660	37	1.13
B4	Sample 16	2	1	12	74950	37	1.11
B4	Sample 16	2	1	13	79240	36.96	1.11
B4	Sample 16	2	1	14	83540	36.96	1.11
B4	Sample 16	2	1	15	87840	36.96	1.09
B5	Sample 17	2	1	1	27870	36.96	11.77
B5	Sample 17	2	1	2	32140	36.96	11.72
B5	Sample 17	2	1	3	36460	36.96	11.70
B5	Sample 17	2	1	4	40750	36.96	11.68
B5	Sample 17	2	1	5	45050	37	11.68
B5	Sample 17	2	1	6	49350	37	11.64
B5	Sample 17	2	1	7	53650	37	11.63
B5	Sample 17	2	1	8	57930	37	11.57
B5	Sample 17	2	1	9	62150	37	11.59
B5	Sample 17	2	1	10	66430	37	11.59
B5	Sample 17	2	1	11	70660	37	11.55
B5	Sample 17	2	1	12	74950	37	11.48
B5	Sample 17	2	1	13	79240	36.96	11.48
B5	Sample 17	2	1	14	83540	36.96	11.49
B5	Sample 17	2	1	15	87840	36.96	11.42
B6	Sample 18	2	1	1	27870	36.96	11.78
B6	Sample 18	2	1	2	32140	36.96	11.79
B6	Sample 18	2	1	3	36460	36.96	11.71
B6	Sample 18	2	1	4	40750	36.96	11.75
B6	Sample 18	2	1	5	45050	37	11.71
B6	Sample 18	2	1	6	49350	37	11.68
B6	Sample 18	2	1	7	53650	37	11.62
B6	Sample 18	2	1	8	57930	37	11.64
B6	Sample 18	2	1	9	62150	37	11.64
B6	Sample 18	2	1	10	66430	37	11.62
B6	Sample 18	2	1	11	70660	37	11.55
B6	Sample 18	2	1	12	74950	37	11.60
B6	Sample 18	2	1	13	79240	36.96	11.55
B6	Sample 18	2	1	14	83540	36.96	11.53
B6	Sample 18	2	1	15	87840	36.96	11.49
B7	Sample 19	2	1	1	27870	36.96	12.01
B7	Sample 19	2	1	2	32140	36.96	11.94
B7	Sample 19	2	1	3	36460	36.96	11.92
B7	Sample 19	2	1	4	40750	36.96	11.93
B7	Sample 19	2	1	5	45050	37	11.90
B7	Sample 19	2	1	6	49350	37	11.90
B7	Sample 19	2	1	7	53650	37	11.85
B7	Sample 19	2	1	8	57930	37	11.83
B7	Sample 19	2	1	9	62150	37	11.81
B7	Sample 19	2	1	10	66430	37	11.77
B7	Sample 19	2	1	11	70660	37	11.77
B7	Sample 19	2	1	12	74950	37	11.73
B7	Sample 19	2	1	13	79240	36.96	11.75
B7	Sample 19	2	1	14	83540	36.96	11.70
B7	Sample 19	2	1	15	87840	36.96	11.70
B8	Sample 20	2	1	1	27870	36.96	11.51
B8	Sample 20	2	1	2	32140	36.96	11.53
B8	Sample 20	2	1	3	36460	36.96	11.52
B8	Sample 20	2	1	4	40750	36.96	11.48
B8	Sample 20	2	1	5	45050	37	11.46
B8	Sample 20	2	1	6	49350	37	11.42
B8	Sample 20	2	1	7	53650	37	11.39
B8	Sample 20	2	1	8	57930	37	11.37
B8	Sample 20	2	1	9	62150	37	11.38
B8	Sample 20	2	1	10	66430	37	11.37
B8	Sample 20	2	1	11	70660	37	11.33
B8	Sample 20	2	1	12	74950	37	11.31
B8	Sample 20	2	1	13	79240	36.96	11.31
B8	Sample 20	2	1	14	83540	36.96	11.27
B8	Sample 20	2	1	15	87840	36.96	11.24
B9	Sample 21	2	1	1	27870	36.96	11.76
B9	Sample 21	2	1	2	32140	36.96	11.75
B9	Sample 21	2	1	3	36460	36.96	11.69
B9	Sample 21	2	1	4	40750	36.96	11.71
B9	Sample 21	2	1	5	45050	37	11.69
B9	Sample 21	2	1	6	49350	37	11.67
B9	Sample 21	2	1	7	53650	37	11.60
B9	Sample 21	2	1	8	57930	37	11.64
B9	Sample 21	2	1	9	62150	37	11.60
B9	Sample 21	2	1	10	66430	37	11.58
B9	Sample 21	2	1	11	70660	37	11.60
B9	Sample 21	2	1	12	74950	37	11.54
B9	Sample 21	2	1	13	79240	36.96	11.54
B9	Sample 21	2	1	14	83540	36.96	11.50
B9	Sample 21	2	1	15	87840	36.96	11.49
B10	Sample 22	2	1	1	27870	36.96	11.24
B10	Sample 22	2	1	2	32140	36.96	11.21
B10	Sample 22	2	1	3	36460	36.96	11.19
B10	Sample 22	2	1	4	40750	36.96	11.20
B10	Sample 22	2	1	5	45050	37	11.15
B10	Sample 22	2	1	6	49350	37	11.11
B10	Sample 22	2	1	7	53650	37	11.11
B10	Sample 22	2	1	8	57930	37	11.08
B10	Sample 22	2	1	9	62150	37	11.07
B10	Sample 22	2	1	10	66430	37	11.09
B10	Sample 22	2	1	11	70660	37	11.07
B10	Sample 22	2	1	12	74950	37	11.04
B10	Sample 22	2	1	13	79240	36.96	11.05
B10	Sample 22	2	1	14	83540	36.96	11.00
B10	Sample 22	2	1	15	87840	36.96	11.04
B11	Sample 23	2	1	1	27870	36.96	12.34
B11	Sample 23	2	1	2	32140	36.96	12.34
B11	Sample 23	2	1	3	36460	36.96	12.30
B11	Sample 23	2	1	4	40750	36.96	12.30
B11	Sample 23	2	1	5	45050	37	12.28
B11	Sample 23	2	1	6	49350	37	12.27
B11	Sample 23	2	1	7	53650	37	12.25
B11	Sample 23	2	1	8	57930	37	12.25
B11	Sample 23	2	1	9	62150	37	12.19
B11	Sample 23	2	1	10	66430	37	12.21
B11	Sample 23	2	1	11	70660	37	12.15
B11	Sample 23	2	1	12	74950	37	12.12
B11	Sample 23	2	1	13	79240	36.96	12.12
B11	Sample 23	2	1	14	83540	36.96	12.13
B11	Sample 23	2	1	15	87840	36.96	12.11
B12	Sample 24	2	1	1	27870	36.96	10.81
B12	Sample 24	2	1	2	32140	36.96	10.78
B12	Sample 24	2	1	3	36460	36.96	10.81
B12	Sample 24	2	1	4	40750	36.96	10.75
B12	Sample 24	2	1	5	45050	37	10.74
B12	Sample 24	2	1	6	49350	37	10.72
B12	Sample 24	2	1	7	53650	37	10.72
B12	Sample 24	2	1	8	57930	37	10.70
B12	Sample 24	2	1	9	62150	37	10.68
B12	Sample 24	2	1	10	66430	37	10.68
B12	Sample 24	2	1	11	70660	37	10.68
B12	Sample 24	2	1	12	74950	37	10.64
B12	Sample 24	2	1	13	79240	36.96	10.68
B12	Sample 24	2	1	14	83540	36.96	10.60
B12	Sample 24	2	1	15	87840	36.96	10.62
C1	Sample 25	2	1	1	27870	36.96	1.07
C1	Sample 25	2	1	2	32140	36.96	1.07
C1	Sample 25	2	1	3	36460	36.96	1.09
C1	Sample 25	2	1	4	40750	36.96	1.07
C1	Sample 25	2	1	5	45050	37	1.06
C1	Sample 25	2	1	6	49350	37	1.04
C1	Sample 25	2	1	7	53650	37	1.04
C1	Sample 25	2	1	8	57930	37	1.04
C1	Sample 25	2	1	9	62150	37	1.04
C1	Sample 25	2	1	10	66430	37	1.05
C1	Sample 25	2	1	11	70660	37	1.05
C1	Sample 25	2	1	12	74950	37	1.02
C1	Sample 25	2	1	13	79240	36.96	1.02
C1	Sample 25	2	1	14	83540	36.96	1.04
C1	Sample 25	2	1	15	87840	36.96	1.02
C2	Sample 26	2	1	1	27870	36.96	1.12
C2	Sample 26	2	1	2	32140	36.96	1.08
C2	Sample 26	2	1	3	36460	36.96	1.10
C2	Sample 26	2	1	4	40750	36.96	1.07
C2	Sample 26	2	1	5	45050	37	1.07
C2	Sample 26	2	1	6	49350	37	1.07
C2	Sample 26	2	1	7	53650	37	1.08
C2	Sample 26	2	1	8	57930	37	1.05
C2	Sample 26	2	1	9	62150	37	1.07
C2	Sample 26	2	1	10	66430	37	1.07
C2	Sample 26	2	1	11	70660	37	1.05
C2	Sample 26	2	1	12	74950	37	1.03
C2	Sample 26	2	1	13	79240	36.96	1.05
C2	Sample 26	2	1	14	83540	36.96	1.07
C2	Sample 26	2	1	15	87840	36.96	1.05
C3	Sample 27	2	1	1	27870	36.96	1.13
C3	Sample 27	2	1	2	32140	36.96	1.13
C3	Sample 27	2	1	3	36460	36.96	1.13
C3	Sample 27	2	1	4	40750	36.96	1.11
C3	Sample 27	2	1	5	45050	37	1.10
C3	Sample 27	2	1	6	49350	37	1.10
C3	Sample 27	2	1	7	53650	37	1.10
C3	Sample 27	2	1	8	57930	37	1.10
C3	Sample 27	2	1	9	62150	37	1.10
C3	Sample 27	2	1	10	66430	37	1.10
C3	Sample 27	2	1	11	70660	37	1.10
C3	Sample 27	2	1	12	74950	37	1.06
C3	Sample 27	2	1	13	79240	36.96	1.08
C3	Sample 27	2	1	14	83540	36.96	1.08
C3	Sample 27	2	1	15	87840	36.96	1.08
C4	Sample 28	2	1	1	27870	36.96	1.18
C4	Sample 28	2	1	2	32140	36.96	1.18
C4	Sample 28	2	1	3	36460	36.96	1.18
C4	Sample 28	2	1	4	40750	36.96	1.16
C4	Sample 28	2	1	5	45050	37	1.16
C4	Sample 28	2	1	6	49350	37	1.15
C4	Sample 28	2	1	7	53650	37	1.13
C4	Sample 28	2	1	8	57930	37	1.13
C4	Sample 28	2	1	9	62150	37	1.13
C4	Sample 28	2	1	10	66430	37	1.15
C4	Sample 28	2	1	11	70660	37	1.13
C4	Sample 28	2	1	12	74950	37	1.11
C4	Sample 28	2	1	13	79240	36.96	1.13
C4	Sample 28	2	1	14	83540	36.96	1.14
C4	Sample 28	2	1	15	87840	36.96	1.13
C5	Sample 29	2	1	1	27870	36.96	11.59
C5	Sample 29	2	1	2	32140	36.96	11.60
C5	Sample 29	2	1	3	36460	36.96	11.52
C5	Sample 29	2	1	4	40750	36.96	11.52
C5	Sample 29	2	1	5	45050	37	11.50
C5	Sample 29	2	1	6	49350	37	11.47
C5	Sample 29	2	1	7	53650	37	11.45
C5	Sample 29	2	1	8	57930	37	11.43
C5	Sample 29	2	1	9	62150	37	11.43
C5	Sample 29	2	1	10	66430	37	11.43
C5	Sample 29	2	1	11	70660	37	11.38
C5	Sample 29	2	1	12	74950	37	11.36
C5	Sample 29	2	1	13	79240	36.96	11.32
C5	Sample 29	2	1	14	83540	36.96	11.37
C5	Sample 29	2	1	15	87840	36.96	11.30
C6	Sample 30	2	1	1	27870	36.96	11.57
C6	Sample 30	2	1	2	32140	36.96	11.52
C6	Sample 30	2	1	3	36460	36.96	11.52
C6	Sample 30	2	1	4	40750	36.96	11.49
C6	Sample 30	2	1	5	45050	37	11.50
C6	Sample 30	2	1	6	49350	37	11.42
C6	Sample 30	2	1	7	53650	37	11.41
C6	Sample 30	2	1	8	57930	37	11.39
C6	Sample 30	2	1	9	62150	37	11.37
C6	Sample 30	2	1	10	66430	37	11.40
C6	Sample 30	2	1	11	70660	37	11.37
C6	Sample 30	2	1	12	74950	37	11.33
C6	Sample 30	2	1	13	79240	36.96	11.31
C6	Sample 30	2	1	14	83540	36.96	11.33
C6	Sample 30	2	1	15	87840	36.96	11.28
C7	Sample 31	2	1	1	27870	36.96	11.93
C7	Sample 31	2	1	2	32140	36.96	11.91
C7	Sample 31	2	1	3	36460	36.96	11.86
C7	Sample 31	2	1	4	40750	36.96	11.85
C7	Sample 31	2	1	5	45050	37	11.85
C7	Sample 31	2	1	6	49350	37	11.80
C7	Sample 31	2	1	7	53650	37	11.82
C7	Sample 31	2	1	8	57930	37	11.75
C7	Sample 31	2	1	9	62150	37	11.73
C7	Sample 31	2	1	10	66430	37	11.76
C7	Sample 31	2	1	11	70660	37	11.71
C7	Sample 31	2	1	12	74950	37	11.64
C7	Sample 31	2	1	13	79240	36.96	11.67
C7	Sample 31	2	1	14	83540	36.96	11.65
C7	Sample 31	2	1	15	87840	36.96	11.62
C8	Sample 32	2	1	1	27870	36.96	12.01
C8	Sample 32	2	1	2	32140	36.96	12.00
C8	Sample 32	2	1	3	36460	36.96	11.98
C8	Sample 32	2	1	4	40750	36.96	11.98
C8	Sample 32	2	1	5	45050	37	11.91
C8	Sample 32	2	1	6	49350	37	11.91
C8	Sample 32	2	1	7	53650	37	11.87
C8	Sample 32	2	1	8	57930	37	11.87
C8	Sample 32	2	1	9	62150	37	11.87
C8	Sample 32	2	1	10	66430	37	11.83
C8	Sample 32	2	1	11	70660	37	11.83
C8	Sample 32	2	1	12	74950	37	11.79
C8	Sample 32	2	1	13	79240	36.96	11.72
C8	Sample 32	2	1	14	83540	36.96	11.76
C8	Sample 32	2	1	15	87840	36.96	11.76
C9	Sample 33	2	1	1	27870	36.96	11.83
C9	Sample 33	2	1	2	32140	36.96	11.83
C9	Sample 33	2	1	3	36460	36.96	11.81
C9	Sample 33	2	1	4	40750	36.96	11.76
C9	Sample 33	2	1	5	45050	37	11.76
C9	Sample 33	2	1	6	49350	37	11.72
C9	Sample 33	2	1	7	53650	37	11.74
C9	Sample 33	2	1	8	57930	37	11.70
C9	Sample 33	2	1	9	62150	37	11.70
C9	Sample 33	2	1	10	66430	37	11.68
C9	Sample 33	2	1	11	70660	37	11.70
C9	Sample 33	2	1	12	74950	37	11.61
C9	Sample 33	2	1	13	79240	36.96	11.59
C9	Sample 33	2	1	14	83540	36.96	11.61
C9	Sample 33	2	1	15	87840	36.96	11.59
C10	Sample 34	2	1	1	27870	36.96	12.39
C10	Sample 34	2	1	2	32140	36.96	12.35
C10	Sample 34	2	1	3	36460	36.96	12.37
C10	Sample 34	2	1	4	40750	36.96	12.33
C10	Sample 34	2	1	5	45050	37	12.28
C10	Sample 34	2	1	6	49350	37	12.28
C10	Sample 34	2	1	7	53650	37	12.28
C10	Sample 34	2	1	8	57930	37	12.28
C10	Sample 34	2	1	9	62150	37	12.22
C10	Sample 34	2	1	10	66430	37	12.24
C10	Sample 34	2	1	11	70660	37	12.19
C10	Sample 34	2	1	12	74950	37	12.18
C10	Sample 34	2	1	13	79240	36.96	12.15
C10	Sample 34	2	1	14	83540	36.96	12.15
C10	Sample 34	2	1	15	87840	36.96	12.13
C11	Sample 35	2	1	1	27870	36.96	11.41
C11	Sample 35	2	1	2	32140	36.96	11.41
C11	Sample 35	2	1	3	36460	36.96	11.39
C11	Sample 35	2	1	4	40750	36.96	11.35
C11	Sample 35	2	1	5	45050	37	11.35
C11	Sample 35	2	1	6	49350	37	11.33
C11	Sample 35	2	1	7	53650	37	11.32
C11	Sample 35	2	1	8	57930	37	11.30
C11	Sample 35	2	1	9	62150	37	11.28
C11	Sample 35	2	1	10	66430	37	11.30
C11	Sample 35	2	1	11	70660	37	11.28
C11	Sample 35	2	1	12	74950	37	11.22
C11	Sample 35	2	1	13	79240	36.96	11.19
C11	Sample 35	2	1	14	83540	36.96	11.24
C11	Sample 35	2	1	15	87840	36.96	11.18
C12	Sample 36	2	1	1	27870	36.96	11.74
C12	Sample 36	2	1	2	32140	36.96	11.76
C12	Sample 36	2	1	3	36460	36.96	11.72
C12	Sample 36	2	1	4	40750	36.96	11.74
C12	Sample 36	2	1	5	45050	37	11.67
C12	Sample 36	2	1	6	49350	37	11.67
C12	Sample 36	2	1	7	53650	37	11.67
C12	Sample 36	2	1	8	57930	37	11.63
C12	Sample 36	2	1	9	62150	37	11.63
C12	Sample 36	2	1	10	66430	37	11.59
C12	Sample 36	2	1	11	70660	37	11.59
C12	Sample 36	2	1	12	74950	37	11.57
C12	Sample 36	2	1	13	79240	36.96	11.57
C12	Sample 36	2	1	14	83540	36.96	11.55
C12	Sample 36	2	1	15	87840	36.96	11.55
D1	Sample 37	2	1	1	27870	36.96	1.10
D1	Sample 37	2	1	2	32140	36.96	1.08
D1	Sample 37	2	1	3	36460	36.96	1.08
D1	Sample 37	2	1	4	40750	36.96	1.08
D1	Sample 37	2	1	5	45050	37	1.06
D1	Sample 37	2	1	6	49350	37	1.04
D1	Sample 37	2	1	7	53650	37	1.06
D1	Sample 37	2	1	8	57930	37	1.04
D1	Sample 37	2	1	9	62150	37	1.02
D1	Sample 37	2	1	10	66430	37	1.04
D1	Sample 37	2	1	11	70660	37	1.04
D1	Sample 37	2	1	12	74950	37	1.02
D1	Sample 37	2	1	13	79240	36.96	1.04
D1	Sample 37	2	1	14	83540	36.96	1.04
D1	Sample 37	2	1	15	87840	36.96	1.04
D2	Sample 38	2	1	1	27870	36.96	1.11
D2	Sample 38	2	1	2	32140	36.96	1.09
D2	Sample 38	2	1	3	36460	36.96	1.07
D2	Sample 38	2	1	4	40750	36.96	1.09
D2	Sample 38	2	1	5	45050	37	1.07
D2	Sample 38	2	1	6	49350	37	1.05
D2	Sample 38	2	1	7	53650	37	1.05
D2	Sample 38	2	1	8	57930	37	1.05
D2	Sample 38	2	1	9	62150	37	1.07
D2	Sample 38	2	1	10	66430	37	1.07
D2	Sample 38	2	1	11	70660	37	1.03
D2	Sample 38	2	1	12	74950	37	1.03
D2	Sample 38	2	1	13	79240	36.96	1.05
D2	Sample 38	2	1	14	83540	36.96	1.05
D2	Sample 38	2	1	15	87840	36.96	1.03
D3	Sample 39	2	1	1	27870	36.96	1.14
D3	Sample 39	2	1	2	32140	36.96	1.14
D3	Sample 39	2	1	3	36460	36.96	1.14
D3	Sample 39	2	1	4	40750	36.96	1.12
D3	Sample 39	2	1	5	45050	37	1.12
D3	Sample 39	2	1	6	49350	37	1.08
D3	Sample 39	2	1	7	53650	37	1.08
D3	Sample 39	2	1	8	57930	37	1.08
D3	Sample 39	2	1	9	62150	37	1.08
D3	Sample 39	2	1	10	66430	37	1.08
D3	Sample 39	2	1	11	70660	37	1.08
D3	Sample 39	2	1	12	74950	37	1.06
D3	Sample 39	2	1	13	79240	36.96	1.08
D3	Sample 39	2	1	14	83540	36.96	1.08
D3	Sample 39	2	1	15	87840	36.96	1.06
D4	Sample 40	2	1	1	27870	36.96	1.15
D4	Sample 40	2	1	2	32140	36.96	1.15
D4	Sample 40	2	1	3	36460	36.96	1.17
D4	Sample 40	2	1	4	40750	36.96	1.15
D4	Sample 40	2	1	5	45050	37	1.11
D4	Sample 40	2	1	6	49350	37	1.11
D4	Sample 40	2	1	7	53650	37	1.11
D4	Sample 40	2	1	8	57930	37	1.10
D4	Sample 40	2	1	9	62150	37	1.09
D4	Sample 40	2	1	10	66430	37	1.11
D4	Sample 40	2	1	11	70660	37	1.09
D4	Sample 40	2	1	12	74950	37	1.09
D4	Sample 40	2	1	13	79240	36.96	1.09
D4	Sample 40	2	1	14	83540	36.96	1.11
D4	Sample 40	2	1	15	87840	36.96	1.09
D5	Sample 41	2	1	1	27870	36.96	11.71
D5	Sample 41	2	1	2	32140	36.96	11.66
D5	Sample 41	2	1	3	36460	36.96	11.70
D5	Sample 41	2	1	4	40750	36.96	11.62
D5	Sample 41	2	1	5	45050	37	11.55
D5	Sample 41	2	1	6	49350	37	11.53
D5	Sample 41	2	1	7	53650	37	11.53
D5	Sample 41	2	1	8	57930	37	11.55
D5	Sample 41	2	1	9	62150	37	11.48
D5	Sample 41	2	1	10	66430	37	11.50
D5	Sample 41	2	1	11	70660	37	11.42
D5	Sample 41	2	1	12	74950	37	11.46
D5	Sample 41	2	1	13	79240	36.96	11.42
D5	Sample 41	2	1	14	83540	36.96	11.42
D5	Sample 41	2	1	15	87840	36.96	11.40
D6	Sample 42	2	1	1	27870	36.96	9.65
D6	Sample 42	2	1	2	32140	36.96	9.61
D6	Sample 42	2	1	3	36460	36.96	9.60
D6	Sample 42	2	1	4	40750	36.96	9.61
D6	Sample 42	2	1	5	45050	37	9.54
D6	Sample 42	2	1	6	49350	37	9.52
D6	Sample 42	2	1	7	53650	37	9.54
D6	Sample 42	2	1	8	57930	37	9.52
D6	Sample 42	2	1	9	62150	37	9.50
D6	Sample 42	2	1	10	66430	37	9.48
D6	Sample 42	2	1	11	70660	37	9.47
D6	Sample 42	2	1	12	74950	37	9.46
D6	Sample 42	2	1	13	79240	36.96	9.45
D6	Sample 42	2	1	14	83540	36.96	9.44
D6	Sample 42	2	1	15	87840	36.96	9.43
D7	Sample 43	2	1	1	27870	36.96	12.25
D7	Sample 43	2	1	2	32140	36.96	12.21
D7	Sample 43	2	1	3	36460	36.96	12.21
D7	Sample 43	2	1	4	40750	36.96	12.17
D7	Sample 43	2	1	5	45050	37	12.18
D7	Sample 43	2	1	6	49350	37	12.09
D7	Sample 43	2	1	7	53650	37	12.12
D7	Sample 43	2	1	8	57930	37	12.07
D7	Sample 43	2	1	9	62150	37	12.06
D7	Sample 43	2	1	10	66430	37	12.07
D7	Sample 43	2	1	11	70660	37	12.01
D7	Sample 43	2	1	12	74950	37	11.99
D7	Sample 43	2	1	13	79240	36.96	12.03
D7	Sample 43	2	1	14	83540	36.96	11.99
D7	Sample 43	2	1	15	87840	36.96	11.94
D8	Sample 44	2	1	1	27870	36.96	12.45
D8	Sample 44	2	1	2	32140	36.96	12.38
D8	Sample 44	2	1	3	36460	36.96	12.38
D8	Sample 44	2	1	4	40750	36.96	12.40
D8	Sample 44	2	1	5	45050	37	12.33
D8	Sample 44	2	1	6	49350	37	12.29
D8	Sample 44	2	1	7	53650	37	12.29
D8	Sample 44	2	1	8	57930	37	12.27
D8	Sample 44	2	1	9	62150	37	12.23
D8	Sample 44	2	1	10	66430	37	12.25
D8	Sample 44	2	1	11	70660	37	12.22
D8	Sample 44	2	1	12	74950	37	12.16
D8	Sample 44	2	1	13	79240	36.96	12.16
D8	Sample 44	2	1	14	83540	36.96	12.18
D8	Sample 44	2	1	15	87840	36.96	12.12
D9	Sample 45	2	1	1	27870	36.96	12.49
D9	Sample 45	2	1	2	32140	36.96	12.48
D9	Sample 45	2	1	3	36460	36.96	12.46
D9	Sample 45	2	1	4	40750	36.96	12.44
D9	Sample 45	2	1	5	45050	37	12.40
D9	Sample 45	2	1	6	49350	37	12.37
D9	Sample 45	2	1	7	53650	37	12.33
D9	Sample 45	2	1	8	57930	37	12.31
D9	Sample 45	2	1	9	62150	37	12.31
D9	Sample 45	2	1	10	66430	37	12.29
D9	Sample 45	2	1	11	70660	37	12.27
D9	Sample 45	2	1	12	74950	37	12.24
D9	Sample 45	2	1	13	79240	36.96	12.25
D9	Sample 45	2	1	14	83540	36.96	12.22
D9	Sample 45	2	1	15	87840	36.96	12.16
D10	Sample 46	2	1	1	27870	36.96	12.58
D10	Sample 46	2	1	2	32140	36.96	12.57
D10	Sample 46	2	1	3	36460	36.96	12.55
D10	Sample 46	2	1	4	40750	36.96	12.51
D10	Sample 46	2	1	5	45050	37	12.51
D10	Sample 46	2	1	6	49350	37	12.46
D10	Sample 46	2	1	7	53650	37	12.46
D10	Sample 46	2	1	8	57930	37	12.46
D10	Sample 46	2	1	9	62150	37	12.38
D10	Sample 46	2	1	10	66430	37	12.38
D10	Sample 46	2	1	11	70660	37	12.35
D10	Sample 46	2	1	12	74950	37	12.33
D10	Sample 46	2	1	13	79240	36.96	12.36
D10	Sample 46	2	1	14	83540	36.96	12.34
D10	Sample 46	2	1	15	87840	36.96	12.31
D11	Sample 47	2	1	1	27870	36.96	12.35
D11	Sample 47	2	1	2	32140	36.96	12.29
D11	Sample 47	2	1	3	36460	36.96	12.24
D11	Sample 47	2	1	4	40750	36.96	12.25
D11	Sample 47	2	1	5	45050	37	12.22
D11	Sample 47	2	1	6	49350	37	12.18
D11	Sample 47	2	1	7	53650	37	12.20
D11	Sample 47	2	1	8	57930	37	12.18
D11	Sample 47	2	1	9	62150	37	12.13
D11	Sample 47	2	1	10	66430	37	12.13
D11	Sample 47	2	1	11	70660	37	12.11
D11	Sample 47	2	1	12	74950	37	12.09
D11	Sample 47	2	1	13	79240	36.96	12.09
D11	Sample 47	2	1	14	83540	36.96	12.10
D11	Sample 47	2	1	15	87840	36.96	12.05
D12	Sample 48	2	1	1	27870	36.96	11.12
D12	Sample 48	2	1	2	32140	36.96	11.08
D12	Sample 48	2	1	3	36460	36.96	11.10
D12	Sample 48	2	1	4	40750	36.96	11.06
D12	Sample 48	2	1	5	45050	37	11.03
D12	Sample 48	2	1	6	49350	37	11.01
D12	Sample 48	2	1	7	53650	37	11.03
D12	Sample 48	2	1	8	57930	37	10.97
D12	Sample 48	2	1	9	62150	37	10.99
D12	Sample 48	2	1	10	66430	37	10.97
D12	Sample 48	2	1	11	70660	37	10.97
D12	Sample 48	2	1	12	74950	37	10.93
D12	Sample 48	2	1	13	79240	36.96	10.93
D12	Sample 48	2	1	14	83540	36.96	10.91
D12	Sample 48	2	1	15	87840	36.96	10.89
E1	Sample 49	2	1	1	27870	36.96	1.10
E1	Sample 49	2	1	2	32140	36.96	1.09
E1	Sample 49	2	1	3	36460	36.96	1.07
E1	Sample 49	2	1	4	40750	36.96	1.07
E1	Sample 49	2	1	5	45050	37	1.05
E1	Sample 49	2	1	6	49350	37	1.05
E1	Sample 49	2	1	7	53650	37	1.05
E1	Sample 49	2	1	8	57930	37	1.05
E1	Sample 49	2	1	9	62150	37	1.05
E1	Sample 49	2	1	10	66430	37	1.05
E1	Sample 49	2	1	11	70660	37	1.03
E1	Sample 49	2	1	12	74950	37	1.03
E1	Sample 49	2	1	13	79240	36.96	1.05
E1	Sample 49	2	1	14	83540	36.96	1.05
E1	Sample 49	2	1	15	87840	36.96	1.01
E2	Sample 50	2	1	1	27870	36.96	1.13
E2	Sample 50	2	1	2	32140	36.96	1.10
E2	Sample 50	2	1	3	36460	36.96	1.10
E2	Sample 50	2	1	4	40750	36.96	1.10
E2	Sample 50	2	1	5	45050	37	1.08
E2	Sample 50	2	1	6	49350	37	1.08
E2	Sample 50	2	1	7	53650	37	1.08
E2	Sample 50	2	1	8	57930	37	1.08
E2	Sample 50	2	1	9	62150	37	1.08
E2	Sample 50	2	1	10	66430	37	1.06
E2	Sample 50	2	1	11	70660	37	1.06
E2	Sample 50	2	1	12	74950	37	1.06
E2	Sample 50	2	1	13	79240	36.96	1.06
E2	Sample 50	2	1	14	83540	36.96	1.06
E2	Sample 50	2	1	15	87840	36.96	1.04
E3	Sample 51	2	1	1	27870	36.96	1.14
E3	Sample 51	2	1	2	32140	36.96	1.13
E3	Sample 51	2	1	3	36460	36.96	1.13
E3	Sample 51	2	1	4	40750	36.96	1.13
E3	Sample 51	2	1	5	45050	37	1.13
E3	Sample 51	2	1	6	49350	37	1.11
E3	Sample 51	2	1	7	53650	37	1.11
E3	Sample 51	2	1	8	57930	37	1.11
E3	Sample 51	2	1	9	62150	37	1.09
E3	Sample 51	2	1	10	66430	37	1.11
E3	Sample 51	2	1	11	70660	37	1.09
E3	Sample 51	2	1	12	74950	37	1.07
E3	Sample 51	2	1	13	79240	36.96	1.09
E3	Sample 51	2	1	14	83540	36.96	1.11
E3	Sample 51	2	1	15	87840	36.96	1.05
E4	Sample 52	2	1	1	27870	36.96	1.23
E4	Sample 52	2	1	2	32140	36.96	1.19
E4	Sample 52	2	1	3	36460	36.96	1.21
E4	Sample 52	2	1	4	40750	36.96	1.19
E4	Sample 52	2	1	5	45050	37	1.19
E4	Sample 52	2	1	6	49350	37	1.17
E4	Sample 52	2	1	7	53650	37	1.16
E4	Sample 52	2	1	8	57930	37	1.16
E4	Sample 52	2	1	9	62150	37	1.16
E4	Sample 52	2	1	10	66430	37	1.16
E4	Sample 52	2	1	11	70660	37	1.17
E4	Sample 52	2	1	12	74950	37	1.14
E4	Sample 52	2	1	13	79240	36.96	1.15
E4	Sample 52	2	1	14	83540	36.96	1.15
E4	Sample 52	2	1	15	87840	36.96	1.14
E5	Sample 53	2	1	1	27870	36.96	12.17
E5	Sample 53	2	1	2	32140	36.96	12.13
E5	Sample 53	2	1	3	36460	36.96	12.13
E5	Sample 53	2	1	4	40750	36.96	12.09
E5	Sample 53	2	1	5	45050	37	12.08
E5	Sample 53	2	1	6	49350	37	12.08
E5	Sample 53	2	1	7	53650	37	12.02
E5	Sample 53	2	1	8	57930	37	12.02
E5	Sample 53	2	1	9	62150	37	12.00
E5	Sample 53	2	1	10	66430	37	12.02
E5	Sample 53	2	1	11	70660	37	11.93
E5	Sample 53	2	1	12	74950	37	11.93
E5	Sample 53	2	1	13	79240	36.96	11.89
E5	Sample 53	2	1	14	83540	36.96	11.89
E5	Sample 53	2	1	15	87840	36.96	11.86
E6	Sample 54	2	1	1	27870	36.96	11.63
E6	Sample 54	2	1	2	32140	36.96	11.61
E6	Sample 54	2	1	3	36460	36.96	11.65
E6	Sample 54	2	1	4	40750	36.96	11.61
E6	Sample 54	2	1	5	45050	37	11.55
E6	Sample 54	2	1	6	49350	37	11.55
E6	Sample 54	2	1	7	53650	37	11.52
E6	Sample 54	2	1	8	57930	37	11.52
E6	Sample 54	2	1	9	62150	37	11.48
E6	Sample 54	2	1	10	66430	37	11.50
E6	Sample 54	2	1	11	70660	37	11.44
E6	Sample 54	2	1	12	74950	37	11.44
E6	Sample 54	2	1	13	79240	36.96	11.39
E6	Sample 54	2	1	14	83540	36.96	11.38
E6	Sample 54	2	1	15	87840	36.96	11.35
E7	Sample 55	2	1	1	27870	36.96	11.53
E7	Sample 55	2	1	2	32140	36.96	11.46
E7	Sample 55	2	1	3	36460	36.96	11.48
E7	Sample 55	2	1	4	40750	36.96	11.42
E7	Sample 55	2	1	5	45050	37	11.44
E7	Sample 55	2	1	6	49350	37	11.37
E7	Sample 55	2	1	7	53650	37	11.37
E7	Sample 55	2	1	8	57930	37	11.35
E7	Sample 55	2	1	9	62150	37	11.33
E7	Sample 55	2	1	10	66430	37	11.33
E7	Sample 55	2	1	11	70660	37	11.31
E7	Sample 55	2	1	12	74950	37	11.27
E7	Sample 55	2	1	13	79240	36.96	11.29
E7	Sample 55	2	1	14	83540	36.96	11.25
E7	Sample 55	2	1	15	87840	36.96	11.23
E8	Sample 56	2	1	1	27870	36.96	11.48
E8	Sample 56	2	1	2	32140	36.96	11.41
E8	Sample 56	2	1	3	36460	36.96	11.41
E8	Sample 56	2	1	4	40750	36.96	11.40
E8	Sample 56	2	1	5	45050	37	11.37
E8	Sample 56	2	1	6	49350	37	11.35
E8	Sample 56	2	1	7	53650	37	11.32
E8	Sample 56	2	1	8	57930	37	11.30
E8	Sample 56	2	1	9	62150	37	11.31
E8	Sample 56	2	1	10	66430	37	11.26
E8	Sample 56	2	1	11	70660	37	11.26
E8	Sample 56	2	1	12	74950	37	11.24
E8	Sample 56	2	1	13	79240	36.96	11.20
E8	Sample 56	2	1	14	83540	36.96	11.18
E8	Sample 56	2	1	15	87840	36.96	11.15
E9	Sample 57	2	1	1	27870	36.96	12.30
E9	Sample 57	2	1	2	32140	36.96	12.30
E9	Sample 57	2	1	3	36460	36.96	12.28
E9	Sample 57	2	1	4	40750	36.96	12.26
E9	Sample 57	2	1	5	45050	37	12.24
E9	Sample 57	2	1	6	49350	37	12.24
E9	Sample 57	2	1	7	53650	37	12.22
E9	Sample 57	2	1	8	57930	37	12.19
E9	Sample 57	2	1	9	62150	37	12.17
E9	Sample 57	2	1	10	66430	37	12.13
E9	Sample 57	2	1	11	70660	37	12.13
E9	Sample 57	2	1	12	74950	37	12.08
E9	Sample 57	2	1	13	79240	36.96	12.09
E9	Sample 57	2	1	14	83540	36.96	12.04
E9	Sample 57	2	1	15	87840	36.96	12.04
E10	Sample 58	2	1	1	27870	36.96	11.97
E10	Sample 58	2	1	2	32140	36.96	11.97
E10	Sample 58	2	1	3	36460	36.96	11.99
E10	Sample 58	2	1	4	40750	36.96	11.93
E10	Sample 58	2	1	5	45050	37	11.91
E10	Sample 58	2	1	6	49350	37	11.88
E10	Sample 58	2	1	7	53650	37	11.88
E10	Sample 58	2	1	8	57930	37	11.86
E10	Sample 58	2	1	9	62150	37	11.82
E10	Sample 58	2	1	10	66430	37	11.79
E10	Sample 58	2	1	11	70660	37	11.80
E10	Sample 58	2	1	12	74950	37	11.78
E10	Sample 58	2	1	13	79240	36.96	11.75
E10	Sample 58	2	1	14	83540	36.96	11.71
E10	Sample 58	2	1	15	87840	36.96	11.69
E11	Sample 59	2	1	1	27870	36.96	12.46
E11	Sample 59	2	1	2	32140	36.96	12.42
E11	Sample 59	2	1	3	36460	36.96	12.44
E11	Sample 59	2	1	4	40750	36.96	12.40
E11	Sample 59	2	1	5	45050	37	12.35
E11	Sample 59	2	1	6	49350	37	12.33
E11	Sample 59	2	1	7	53650	37	12.33
E11	Sample 59	2	1	8	57930	37	12.33
E11	Sample 59	2	1	9	62150	37	12.27
E11	Sample 59	2	1	10	66430	37	12.26
E11	Sample 59	2	1	11	70660	37	12.24
E11	Sample 59	2	1	12	74950	37	12.23
E11	Sample 59	2	1	13	79240	36.96	12.23
E11	Sample 59	2	1	14	83540	36.96	12.20
E11	Sample 59	2	1	15	87840	36.96	12.14
E12	Sample 60	2	1	1	27870	36.96	11.42
E12	Sample 60	2	1	2	32140	36.96	11.38
E12	Sample 60	2	1	3	36460	36.96	11.38
E12	Sample 60	2	1	4	40750	36.96	11.36
E12	Sample 60	2	1	5	45050	37	11.31
E12	Sample 60	2	1	6	49350	37	11.33
E12	Sample 60	2	1	7	53650	37	11.31
E12	Sample 60	2	1	8	57930	37	11.27
E12	Sample 60	2	1	9	62150	37	11.25
E12	Sample 60	2	1	10	66430	37	11.27
E12	Sample 60	2	1	11	70660	37	11.29
E12	Sample 60	2	1	12	74950	37	11.21
E12	Sample 60	2	1	13	79240	36.96	11.21
E12	Sample 60	2	1	14	83540	36.96	11.17
E12	Sample 60	2	1	15	87840	36.96	11.16
F1	Sample 61	2	1	1	27870	36.96	1.11
F1	Sample 61	2	1	2	32140	36.96	1.10
F1	Sample 61	2	1	3	36460	36.96	1.08
F1	Sample 61	2	1	4	40750	36.96	1.08
F1	Sample 61	2	1	5	45050	37	1.08
F1	Sample 61	2	1	6	49350	37	1.06
F1	Sample 61	2	1	7	53650	37	1.04
F1	Sample 61	2	1	8	57930	37	1.06
F1	Sample 61	2	1	9	62150	37	1.06
F1	Sample 61	2	1	10	66430	37	1.06
F1	Sample 61	2	1	11	70660	37	1.06
F1	Sample 61	2	1	12	74950	37	1.04
F1	Sample 61	2	1	13	79240	36.96	1.06
F1	Sample 61	2	1	14	83540	36.96	1.04
F1	Sample 61	2	1	15	87840	36.96	1.06
F2	Sample 62	2	1	1	27870	36.96	1.11
F2	Sample 62	2	1	2	32140	36.96	1.11
F2	Sample 62	2	1	3	36460	36.96	1.09
F2	Sample 62	2	1	4	40750	36.96	1.11
F2	Sample 62	2	1	5	45050	37	1.09
F2	Sample 62	2	1	6	49350	37	1.09
F2	Sample 62	2	1	7	53650	37	1.07
F2	Sample 62	2	1	8	57930	37	1.09
F2	Sample 62	2	1	9	62150	37	1.07
F2	Sample 62	2	1	10	66430	37	1.07
F2	Sample 62	2	1	11	70660	37	1.05
F2	Sample 62	2	1	12	74950	37	1.05
F2	Sample 62	2	1	13	79240	36.96	1.03
F2	Sample 62	2	1	14	83540	36.96	1.07
F2	Sample 62	2	1	15	87840	36.96	1.05
F3	Sample 63	2	1	1	27870	36.96	1.17
F3	Sample 63	2	1	2	32140	36.96	1.17
F3	Sample 63	2	1	3	36460	36.96	1.15
F3	Sample 63	2	1	4	40750	36.96	1.15
F3	Sample 63	2	1	5	45050	37	1.15
F3	Sample 63	2	1	6	49350	37	1.13
F3	Sample 63	2	1	7	53650	37	1.15
F3	Sample 63	2	1	8	57930	37	1.13
F3	Sample 63	2	1	9	62150	37	1.13
F3	Sample 63	2	1	10	66430	37	1.13
F3	Sample 63	2	1	11	70660	37	1.12
F3	Sample 63	2	1	12	74950	37	1.12
F3	Sample 63	2	1	13	79240	36.96	1.10
F3	Sample 63	2	1	14	83540	36.96	1.12
F3	Sample 63	2	1	15	87840	36.96	1.12
F4	Sample 64	2	1	1	27870	36.96	1.20
F4	Sample 64	2	1	2	32140	36.96	1.18
F4	Sample 64	2	1	3	36460	36.96	1.20
F4	Sample 64	2	1	4	40750	36.96	1.18
F4	Sample 64	2	1	5	45050	37	1.18
F4	Sample 64	2	1	6	49350	37	1.18
F4	Sample 64	2	1	7	53650	37	1.16
F4	Sample 64	2	1	8	57930	37	1.18
F4	Sample 64	2	1	9	62150	37	1.16
F4	Sample 64	2	1	10	66430	37	1.16
F4	Sample 64	2	1	11	70660	37	1.16
F4	Sample 64	2	1	12	74950	37	1.15
F4	Sample 64	2	1	13	79240	36.96	1.15
F4	Sample 64	2	1	14	83540	36.96	1.16
F4	Sample 64	2	1	15	87840	36.96	1.16
F5	Sample 65	2	1	1	27870	36.96	11.32
F5	Sample 65	2	1	2	32140	36.96	11.30
F5	Sample 65	2	1	3	36460	36.96	11.26
F5	Sample 65	2	1	4	40750	36.96	11.26
F5	Sample 65	2	1	5	45050	37	11.23
F5	Sample 65	2	1	6	49350	37	11.23
F5	Sample 65	2	1	7	53650	37	11.19
F5	Sample 65	2	1	8	57930	37	11.17
F5	Sample 65	2	1	9	62150	37	11.13
F5	Sample 65	2	1	10	66430	37	11.13
F5	Sample 65	2	1	11	70660	37	11.11
F5	Sample 65	2	1	12	74950	37	11.09
F5	Sample 65	2	1	13	79240	36.96	11.06
F5	Sample 65	2	1	14	83540	36.96	11.06
F5	Sample 65	2	1	15	87840	36.96	11.00
F6	Sample 66	2	1	1	27870	36.96	10.66
F6	Sample 66	2	1	2	32140	36.96	10.61
F6	Sample 66	2	1	3	36460	36.96	10.59
F6	Sample 66	2	1	4	40750	36.96	10.60
F6	Sample 66	2	1	5	45050	37	10.57
F6	Sample 66	2	1	6	49350	37	10.55
F6	Sample 66	2	1	7	53650	37	10.51
F6	Sample 66	2	1	8	57930	37	10.50
F6	Sample 66	2	1	9	62150	37	10.47
F6	Sample 66	2	1	10	66430	37	10.49
F6	Sample 66	2	1	11	70660	37	10.44
F6	Sample 66	2	1	12	74950	37	10.46
F6	Sample 66	2	1	13	79240	36.96	10.40
F6	Sample 66	2	1	14	83540	36.96	10.40
F6	Sample 66	2	1	15	87840	36.96	10.38
F7	Sample 67	2	1	1	27870	36.96	11.76
F7	Sample 67	2	1	2	32140	36.96	11.73
F7	Sample 67	2	1	3	36460	36.96	11.75
F7	Sample 67	2	1	4	40750	36.96	11.67
F7	Sample 67	2	1	5	45050	37	11.65
F7	Sample 67	2	1	6	49350	37	11.67
F7	Sample 67	2	1	7	53650	37	11.62
F7	Sample 67	2	1	8	57930	37	11.64
F7	Sample 67	2	1	9	62150	37	11.58
F7	Sample 67	2	1	10	66430	37	11.56
F7	Sample 67	2	1	11	70660	37	11.51
F7	Sample 67	2	1	12	74950	37	11.54
F7	Sample 67	2	1	13	79240	36.96	11.47
F7	Sample 67	2	1	14	83540	36.96	11.48
F7	Sample 67	2	1	15	87840	36.96	11.47
F8	Sample 68	2	1	1	27870	36.96	11.90
F8	Sample 68	2	1	2	32140	36.96	11.87
F8	Sample 68	2	1	3	36460	36.96	11.87
F8	Sample 68	2	1	4	40750	36.96	11.85
F8	Sample 68	2	1	5	45050	37	11.81
F8	Sample 68	2	1	6	49350	37	11.78
F8	Sample 68	2	1	7	53650	37	11.79
F8	Sample 68	2	1	8	57930	37	11.74
F8	Sample 68	2	1	9	62150	37	11.75
F8	Sample 68	2	1	10	66430	37	11.72
F8	Sample 68	2	1	11	70660	37	11.66
F8	Sample 68	2	1	12	74950	37	11.64
F8	Sample 68	2	1	13	79240	36.96	11.66
F8	Sample 68	2	1	14	83540	36.96	11.64
F8	Sample 68	2	1	15	87840	36.96	11.61
F9	Sample 69	2	1	1	27870	36.96	12.09
F9	Sample 69	2	1	2	32140	36.96	12.02
F9	Sample 69	2	1	3	36460	36.96	12.06
F9	Sample 69	2	1	4	40750	36.96	12.02
F9	Sample 69	2	1	5	45050	37	12.00
F9	Sample 69	2	1	6	49350	37	11.96
F9	Sample 69	2	1	7	53650	37	11.96
F9	Sample 69	2	1	8	57930	37	11.93
F9	Sample 69	2	1	9	62150	37	11.94
F9	Sample 69	2	1	10	66430	37	11.91
F9	Sample 69	2	1	11	70660	37	11.91
F9	Sample 69	2	1	12	74950	37	11.82
F9	Sample 69	2	1	13	79240	36.96	11.85
F9	Sample 69	2	1	14	83540	36.96	11.85
F9	Sample 69	2	1	15	87840	36.96	11.81
F10	Sample 70	2	1	1	27870	36.96	12.71
F10	Sample 70	2	1	2	32140	36.96	12.67
F10	Sample 70	2	1	3	36460	36.96	12.65
F10	Sample 70	2	1	4	40750	36.96	12.65
F10	Sample 70	2	1	5	45050	37	12.61
F10	Sample 70	2	1	6	49350	37	12.60
F10	Sample 70	2	1	7	53650	37	12.54
F10	Sample 70	2	1	8	57930	37	12.56
F10	Sample 70	2	1	9	62150	37	12.56
F10	Sample 70	2	1	10	66430	37	12.49
F10	Sample 70	2	1	11	70660	37	12.48
F10	Sample 70	2	1	12	74950	37	12.46
F10	Sample 70	2	1	13	79240	36.96	12.41
F10	Sample 70	2	1	14	83540	36.96	12.41
F10	Sample 70	2	1	15	87840	36.96	12.41
F11	Sample 71	2	1	1	27870	36.96	12.00
F11	Sample 71	2	1	2	32140	36.96	11.99
F11	Sample 71	2	1	3	36460	36.96	11.93
F11	Sample 71	2	1	4	40750	36.96	11.95
F11	Sample 71	2	1	5	45050	37	11.91
F11	Sample 71	2	1	6	49350	37	11.89
F11	Sample 71	2	1	7	53650	37	11.89
F11	Sample 71	2	1	8	57930	37	11.86
F11	Sample 71	2	1	9	62150	37	11.84
F11	Sample 71	2	1	10	66430	37	11.86
F11	Sample 71	2	1	11	70660	37	11.80
F11	Sample 71	2	1	12	74950	37	11.78
F11	Sample 71	2	1	13	79240	36.96	11.75
F11	Sample 71	2	1	14	83540	36.96	11.76
F11	Sample 71	2	1	15	87840	36.96	11.74
F12	Sample 72	2	1	1	27870	36.96	11.22
F12	Sample 72	2	1	2	32140	36.96	11.21
F12	Sample 72	2	1	3	36460	36.96	11.22
F12	Sample 72	2	1	4	40750	36.96	11.20
F12	Sample 72	2	1	5	45050	37	11.20
F12	Sample 72	2	1	6	49350	37	11.17
F12	Sample 72	2	1	7	53650	37	11.13
F12	Sample 72	2	1	8	57930	37	11.15
F12	Sample 72	2	1	9	62150	37	11.15
F12	Sample 72	2	1	10	66430	37	11.11
F12	Sample 72	2	1	11	70660	37	11.11
F12	Sample 72	2	1	12	74950	37	11.09
F12	Sample 72	2	1	13	79240	36.96	11.05
F12	Sample 72	2	1	14	83540	36.96	11.07
F12	Sample 72	2	1	15	87840	36.96	11.02
G1	Sample 73	2	1	1	27870	36.96	1.07
G1	Sample 73	2	1	2	32140	36.96	1.07
G1	Sample 73	2	1	3	36460	36.96	1.03
G1	Sample 73	2	1	4	40750	36.96	1.01
G1	Sample 73	2	1	5	45050	37	1.05
G1	Sample 73	2	1	6	49350	37	1.01
G1	Sample 73	2	1	7	53650	37	1.05
G1	Sample 73	2	1	8	57930	37	1.01
G1	Sample 73	2	1	9	62150	37	1.03
G1	Sample 73	2	1	10	66430	37	1.03
G1	Sample 73	2	1	11	70660	37	1.01
G1	Sample 73	2	1	12	74950	37	1.01
G1	Sample 73	2	1	13	79240	36.96	1.03
G1	Sample 73	2	1	14	83540	36.96	1.03
G1	Sample 73	2	1	15	87840	36.96	1.01
G2	Sample 74	2	1	1	27870	36.96	1.14
G2	Sample 74	2	1	2	32140	36.96	1.12
G2	Sample 74	2	1	3	36460	36.96	1.10
G2	Sample 74	2	1	4	40750	36.96	1.10
G2	Sample 74	2	1	5	45050	37	1.10
G2	Sample 74	2	1	6	49350	37	1.08
G2	Sample 74	2	1	7	53650	37	1.10
G2	Sample 74	2	1	8	57930	37	1.06
G2	Sample 74	2	1	9	62150	37	1.08
G2	Sample 74	2	1	10	66430	37	1.10
G2	Sample 74	2	1	11	70660	37	1.10
G2	Sample 74	2	1	12	74950	37	1.06
G2	Sample 74	2	1	13	79240	36.96	1.08
G2	Sample 74	2	1	14	83540	36.96	1.08
G2	Sample 74	2	1	15	87840	36.96	1.06
G3	Sample 75	2	1	1	27870	36.96	1.18
G3	Sample 75	2	1	2	32140	36.96	1.18
G3	Sample 75	2	1	3	36460	36.96	1.17
G3	Sample 75	2	1	4	40750	36.96	1.15
G3	Sample 75	2	1	5	45050	37	1.17
G3	Sample 75	2	1	6	49350	37	1.13
G3	Sample 75	2	1	7	53650	37	1.15
G3	Sample 75	2	1	8	57930	37	1.13
G3	Sample 75	2	1	9	62150	37	1.13
G3	Sample 75	2	1	10	66430	37	1.11
G3	Sample 75	2	1	11	70660	37	1.13
G3	Sample 75	2	1	12	74950	37	1.11
G3	Sample 75	2	1	13	79240	36.96	1.15
G3	Sample 75	2	1	14	83540	36.96	1.13
G3	Sample 75	2	1	15	87840	36.96	1.13
G4	Sample 76	2	1	1	27870	36.96	1.19
G4	Sample 76	2	1	2	32140	36.96	1.16
G4	Sample 76	2	1	3	36460	36.96	1.14
G4	Sample 76	2	1	4	40750	36.96	1.14
G4	Sample 76	2	1	5	45050	37	1.16
G4	Sample 76	2	1	6	49350	37	1.10
G4	Sample 76	2	1	7	53650	37	1.14
G4	Sample 76	2	1	8	57930	37	1.10
G4	Sample 76	2	1	9	62150	37	1.10
G4	Sample 76	2	1	10	66430	37	1.12
G4	Sample 76	2	1	11	70660	37	1.14
G4	Sample 76	2	1	12	74950	37	1.10
G4	Sample 76	2	1	13	79240	36.96	1.12
G4	Sample 76	2	1	14	83540	36.96	1.14
G4	Sample 76	2	1	15	87840	36.96	1.10
G5	Sample 77	2	1	1	27870	36.96	11.35
G5	Sample 77	2	1	2	32140	36.96	11.30
G5	Sample 77	2	1	3	36460	36.96	11.26
G5	Sample 77	2	1	4	40750	36.96	11.28
G5	Sample 77	2	1	5	45050	37	11.26
G5	Sample 77	2	1	6	49350	37	11.21
G5	Sample 77	2	1	7	53650	37	11.24
G5	Sample 77	2	1	8	57930	37	11.15
G5	Sample 77	2	1	9	62150	37	11.18
G5	Sample 77	2	1	10	66430	37	11.15
G5	Sample 77	2	1	11	70660	37	11.15
G5	Sample 77	2	1	12	74950	37	11.13
G5	Sample 77	2	1	13	79240	36.96	11.09
G5	Sample 77	2	1	14	83540	36.96	11.09
G5	Sample 77	2	1	15	87840	36.96	11.07
G6	Sample 78	2	1	1	27870	36.96	10.87
G6	Sample 78	2	1	2	32140	36.96	10.85
G6	Sample 78	2	1	3	36460	36.96	10.83
G6	Sample 78	2	1	4	40750	36.96	10.79
G6	Sample 78	2	1	5	45050	37	10.77
G6	Sample 78	2	1	6	49350	37	10.74
G6	Sample 78	2	1	7	53650	37	10.74
G6	Sample 78	2	1	8	57930	37	10.72
G6	Sample 78	2	1	9	62150	37	10.70
G6	Sample 78	2	1	10	66430	37	10.72
G6	Sample 78	2	1	11	70660	37	10.70
G6	Sample 78	2	1	12	74950	37	10.68
G6	Sample 78	2	1	13	79240	36.96	10.66
G6	Sample 78	2	1	14	83540	36.96	10.64
G6	Sample 78	2	1	15	87840	36.96	10.59
G7	Sample 79	2	1	1	27870	36.96	10.63
G7	Sample 79	2	1	2	32140	36.96	10.63
G7	Sample 79	2	1	3	36460	36.96	10.56
G7	Sample 79	2	1	4	40750	36.96	10.56
G7	Sample 79	2	1	5	45050	37	10.59
G7	Sample 79	2	1	6	49350	37	10.52
G7	Sample 79	2	1	7	53650	37	10.48
G7	Sample 79	2	1	8	57930	37	10.47
G7	Sample 79	2	1	9	62150	37	10.50
G7	Sample 79	2	1	10	66430	37	10.45
G7	Sample 79	2	1	11	70660	37	10.43
G7	Sample 79	2	1	12	74950	37	10.42
G7	Sample 79	2	1	13	79240	36.96	10.42
G7	Sample 79	2	1	14	83540	36.96	10.40
G7	Sample 79	2	1	15	87840	36.96	10.35
G8	Sample 80	2	1	1	27870	36.96	10.71
G8	Sample 80	2	1	2	32140	36.96	10.73
G8	Sample 80	2	1	3	36460	36.96	10.68
G8	Sample 80	2	1	4	40750	36.96	10.69
G8	Sample 80	2	1	5	45050	37	10.66
G8	Sample 80	2	1	6	49350	37	10.62
G8	Sample 80	2	1	7	53650	37	10.62
G8	Sample 80	2	1	8	57930	37	10.55
G8	Sample 80	2	1	9	62150	37	10.60
G8	Sample 80	2	1	10	66430	37	10.58
G8	Sample 80	2	1	11	70660	37	10.55
G8	Sample 80	2	1	12	74950	37	10.53
G8	Sample 80	2	1	13	79240	36.96	10.56
G8	Sample 80	2	1	14	83540	36.96	10.47
G8	Sample 80	2	1	15	87840	36.96	10.45
G9	Sample 81	2	1	1	27870	36.96	11.13
G9	Sample 81	2	1	2	32140	36.96	11.06
G9	Sample 81	2	1	3	36460	36.96	11.05
G9	Sample 81	2	1	4	40750	36.96	11.06
G9	Sample 81	2	1	5	45050	37	11.02
G9	Sample 81	2	1	6	49350	37	11.01
G9	Sample 81	2	1	7	53650	37	11.04
G9	Sample 81	2	1	8	57930	37	10.99
G9	Sample 81	2	1	9	62150	37	10.98
G9	Sample 81	2	1	10	66430	37	10.97
G9	Sample 81	2	1	11	70660	37	10.95
G9	Sample 81	2	1	12	74950	37	10.91
G9	Sample 81	2	1	13	79240	36.96	10.93
G9	Sample 81	2	1	14	83540	36.96	10.89
G9	Sample 81	2	1	15	87840	36.96	10.89
G10	Sample 82	2	1	1	27870	36.96	11.35
G10	Sample 82	2	1	2	32140	36.96	11.31
G10	Sample 82	2	1	3	36460	36.96	11.31
G10	Sample 82	2	1	4	40750	36.96	11.29
G10	Sample 82	2	1	5	45050	37	11.26
G10	Sample 82	2	1	6	49350	37	11.24
G10	Sample 82	2	1	7	53650	37	11.22
G10	Sample 82	2	1	8	57930	37	11.18
G10	Sample 82	2	1	9	62150	37	11.22
G10	Sample 82	2	1	10	66430	37	11.20
G10	Sample 82	2	1	11	70660	37	11.16
G10	Sample 82	2	1	12	74950	37	11.14
G10	Sample 82	2	1	13	79240	36.96	11.16
G10	Sample 82	2	1	14	83540	36.96	11.14
G10	Sample 82	2	1	15	87840	36.96	11.09
G11	Sample 83	2	1	1	27870	36.96	12.42
G11	Sample 83	2	1	2	32140	36.96	12.37
G11	Sample 83	2	1	3	36460	36.96	12.37
G11	Sample 83	2	1	4	40750	36.96	12.33
G11	Sample 83	2	1	5	45050	37	12.33
G11	Sample 83	2	1	6	49350	37	12.28
G11	Sample 83	2	1	7	53650	37	12.31
G11	Sample 83	2	1	8	57930	37	12.28
G11	Sample 83	2	1	9	62150	37	12.29
G11	Sample 83	2	1	10	66430	37	12.28
G11	Sample 83	2	1	11	70660	37	12.22
G11	Sample 83	2	1	12	74950	37	12.20
G11	Sample 83	2	1	13	79240	36.96	12.24
G11	Sample 83	2	1	14	83540	36.96	12.18
G11	Sample 83	2	1	15	87840	36.96	12.16
G12	Sample 84	2	1	1	27870	36.96	10.69
G12	Sample 84	2	1	2	32140	36.96	10.67
G12	Sample 84	2	1	3	36460	36.96	10.64
G12	Sample 84	2	1	4	40750	36.96	10.65
G12	Sample 84	2	1	5	45050	37	10.65
G12	Sample 84	2	1	6	49350	37	10.58
G12	Sample 84	2	1	7	53650	37	10.60
G12	Sample 84	2	1	8	57930	37	10.56
G12	Sample 84	2	1	9	62150	37	10.59
G12	Sample 84	2	1	10	66430	37	10.58
G12	Sample 84	2	1	11	70660	37	10.54
G12	Sample 84	2	1	12	74950	37	10.52
G12	Sample 84	2	1	13	79240	36.96	10.54
G12	Sample 84	2	1	14	83540	36.96	10.46
G12	Sample 84	2	1	15	87840	36.96	10.50
H1	Sample 85	2	1	1	27870	36.96	1.03
H1	Sample 85	2	1	2	32140	36.96	1.03
H1	Sample 85	2	1	3	36460	36.96	1.03
H1	Sample 85	2	1	4	40750	36.96	1.01
H1	Sample 85	2	1	5	45050	37	0.99
H1	Sample 85	2	1	6	49350	37	0.99
H1	Sample 85	2	1	7	53650	37	1.01
H1	Sample 85	2	1	8	57930	37	1.01
H1	Sample 85	2	1	9	62150	37	1.01
H1	Sample 85	2	1	10	66430	37	0.99
H1	Sample 85	2	1	11	70660	37	0.99
H1	Sample 85	2	1	12	74950	37	0.97
H1	Sample 85	2	1	13	79240	36.96	0.99
H1	Sample 85	2	1	14	83540	36.96	1.01
H1	Sample 85	2	1	15	87840	36.96	0.97
H2	Sample 86	2	1	1	27870	36.96	1.06
H2	Sample 86	2	1	2	32140	36.96	1.04
H2	Sample 86	2	1	3	36460	36.96	1.04
H2	Sample 86	2	1	4	40750	36.96	1.06
H2	Sample 86	2	1	5	45050	37	1.02
H2	Sample 86	2	1	6	49350	37	1.02
H2	Sample 86	2	1	7	53650	37	1.04
H2	Sample 86	2	1	8	57930	37	1.02
H2	Sample 86	2	1	9	62150	37	1.02
H2	Sample 86	2	1	10	66430	37	1.02
H2	Sample 86	2	1	11	70660	37	1.04
H2	Sample 86	2	1	12	74950	37	1.02
H2	Sample 86	2	1	13	79240	36.96	1.02
H2	Sample 86	2	1	14	83540	36.96	1.02
H2	Sample 86	2	1	15	87840	36.96	1.00
H3	Sample 87	2	1	1	27870	36.96	1.16
H3	Sample 87	2	1	2	32140	36.96	1.14
H3	Sample 87	2	1	3	36460	36.96	1.11
H3	Sample 87	2	1	4	40750	36.96	1.12
H3	Sample 87	2	1	5	45050	37	1.09
H3	Sample 87	2	1	6	49350	37	1.11
H3	Sample 87	2	1	7	53650	37	1.12
H3	Sample 87	2	1	8	57930	37	1.11
H3	Sample 87	2	1	9	62150	37	1.09
H3	Sample 87	2	1	10	66430	37	1.11
H3	Sample 87	2	1	11	70660	37	1.11
H3	Sample 87	2	1	12	74950	37	1.07
H3	Sample 87	2	1	13	79240	36.96	1.09
H3	Sample 87	2	1	14	83540	36.96	1.10
H3	Sample 87	2	1	15	87840	36.96	1.09
H4	Sample 88	2	1	1	27870	36.96	1.14
H4	Sample 88	2	1	2	32140	36.96	1.15
H4	Sample 88	2	1	3	36460	36.96	1.14
H4	Sample 88	2	1	4	40750	36.96	1.12
H4	Sample 88	2	1	5	45050	37	1.10
H4	Sample 88	2	1	6	49350	37	1.10
H4	Sample 88	2	1	7	53650	37	1.12
H4	Sample 88	2	1	8	57930	37	1.12
H4	Sample 88	2	1	9	62150	37	1.12
H4	Sample 88	2	1	10	66430	37	1.12
H4	Sample 88	2	1	11	70660	37	1.12
H4	Sample 88	2	1	12	74950	37	1.10
H4	Sample 88	2	1	13	79240	36.96	1.12
H4	Sample 88	2	1	14	83540	36.96	1.12
H4	Sample 88	2	1	15	87840	36.96	1.12
H5	Sample 89	2	1	1	27870	36.96	10.47
H5	Sample 89	2	1	2	32140	36.96	10.44
H5	Sample 89	2	1	3	36460	36.96	10.42
H5	Sample 89	2	1	4	40750	36.96	10.41
H5	Sample 89	2	1	5	45050	37	10.36
H5	Sample 89	2	1	6	49350	37	10.36
H5	Sample 89	2	1	7	53650	37	10.34
H5	Sample 89	2	1	8	57930	37	10.38
H5	Sample 89	2	1	9	62150	37	10.34
H5	Sample 89	2	1	10	66430	37	10.32
H5	Sample 89	2	1	11	70660	37	10.30
H5	Sample 89	2	1	12	74950	37	10.30
H5	Sample 89	2	1	13	79240	36.96	10.28
H5	Sample 89	2	1	14	83540	36.96	10.24
H5	Sample 89	2	1	15	87840	36.96	10.22
H6	Sample 90	2	1	1	27870	36.96	10.84
H6	Sample 90	2	1	2	32140	36.96	10.81
H6	Sample 90	2	1	3	36460	36.96	10.75
H6	Sample 90	2	1	4	40750	36.96	10.75
H6	Sample 90	2	1	5	45050	37	10.71
H6	Sample 90	2	1	6	49350	37	10.73
H6	Sample 90	2	1	7	53650	37	10.69
H6	Sample 90	2	1	8	57930	37	10.71
H6	Sample 90	2	1	9	62150	37	10.67
H6	Sample 90	2	1	10	66430	37	10.66
H6	Sample 90	2	1	11	70660	37	10.64
H6	Sample 90	2	1	12	74950	37	10.62
H6	Sample 90	2	1	13	79240	36.96	10.60
H6	Sample 90	2	1	14	83540	36.96	10.63
H6	Sample 90	2	1	15	87840	36.96	10.56
H7	Sample 91	2	1	1	27870	36.96	11.02
H7	Sample 91	2	1	2	32140	36.96	10.99
H7	Sample 91	2	1	3	36460	36.96	10.99
H7	Sample 91	2	1	4	40750	36.96	10.96
H7	Sample 91	2	1	5	45050	37	10.89
H7	Sample 91	2	1	6	49350	37	10.89
H7	Sample 91	2	1	7	53650	37	10.89
H7	Sample 91	2	1	8	57930	37	10.89
H7	Sample 91	2	1	9	62150	37	10.87
H7	Sample 91	2	1	10	66430	37	10.87
H7	Sample 91	2	1	11	70660	37	10.81
H7	Sample 91	2	1	12	74950	37	10.81
H7	Sample 91	2	1	13	79240	36.96	10.83
H7	Sample 91	2	1	14	83540	36.96	10.79
H7	Sample 91	2	1	15	87840	36.96	10.78
H8	Sample 92	2	1	1	27870	36.96	10.39
H8	Sample 92	2	1	2	32140	36.96	10.33
H8	Sample 92	2	1	3	36460	36.96	10.31
H8	Sample 92	2	1	4	40750	36.96	10.29
H8	Sample 92	2	1	5	45050	37	10.28
H8	Sample 92	2	1	6	49350	37	10.28
H8	Sample 92	2	1	7	53650	37	10.26
H8	Sample 92	2	1	8	57930	37	10.24
H8	Sample 92	2	1	9	62150	37	10.24
H8	Sample 92	2	1	10	66430	37	10.25
H8	Sample 92	2	1	11	70660	37	10.22
H8	Sample 92	2	1	12	74950	37	10.20
H8	Sample 92	2	1	13	79240	36.96	10.18
H8	Sample 92	2	1	14	83540	36.96	10.14
H8	Sample 92	2	1	15	87840	36.96	10.16
H9	Sample 93	2	1	1	27870	36.96	10.33
H9	Sample 93	2	1	2	32140	36.96	10.30
H9	Sample 93	2	1	3	36460	36.96	10.30
H9	Sample 93	2	1	4	40750	36.96	10.29
H9	Sample 93	2	1	5	45050	37	10.24
H9	Sample 93	2	1	6	49350	37	10.24
H9	Sample 93	2	1	7	53650	37	10.24
H9	Sample 93	2	1	8	57930	37	10.24
H9	Sample 93	2	1	9	62150	37	10.23
H9	Sample 93	2	1	10	66430	37	10.22
H9	Sample 93	2	1	11	70660	37	10.20
H9	Sample 93	2	1	12	74950	37	10.12
H9	Sample 93	2	1	13	79240	36.96	10.16
H9	Sample 93	2	1	14	83540	36.96	10.18
H9	Sample 93	2	1	15	87840	36.96	10.12
H10	Sample 94	2	1	1	27870	36.96	10.51
H10	Sample 94	2	1	2	32140	36.96	10.47
H10	Sample 94	2	1	3	36460	36.96	10.45
H10	Sample 94	2	1	4	40750	36.96	10.45
H10	Sample 94	2	1	5	45050	37	10.39
H10	Sample 94	2	1	6	49350	37	10.41
H10	Sample 94	2	1	7	53650	37	10.39
H10	Sample 94	2	1	8	57930	37	10.34
H10	Sample 94	2	1	9	62150	37	10.37
H10	Sample 94	2	1	10	66430	37	10.37
H10	Sample 94	2	1	11	70660	37	10.34
H10	Sample 94	2	1	12	74950	37	10.35
H10	Sample 94	2	1	13	79240	36.96	10.34
H10	Sample 94	2	1	14	83540	36.96	10.31
H10	Sample 94	2	1	15	87840	36.96	10.30
H11	Sample 95	2	1	1	27870	36.96	10.25
H11	Sample 95	2	1	2	32140	36.96	10.27
H11	Sample 95	2	1	3	36460	36.96	10.20
H11	Sample 95	2	1	4	40750	36.96	10.23
H11	Sample 95	2	1	5	45050	37	10.20
H11	Sample 95	2	1	6	49350	37	10.22
H11	Sample 95	2	1	7	53650	37	10.18
H11	Sample 95	2	1	8	57930	37	10.18
H11	Sample 95	2	1	9	62150	37	10.18
H11	Sample 95	2	1	10	66430	37	10.14
H11	Sample 95	2	1	11	70660	37	10.16
H11	Sample 95	2	1	12	74950	37	10.12
H11	Sample 95	2	1	13	79240	36.96	10.12
H11	Sample 95	2	1	14	83540	36.96	10.10
H11	Sample 95	2	1	15	87840	36.96	10.08
H12	Sample 96	2	1	1	27870	36.96	10.69
H12	Sample 96	2	1	2	32140	36.96	10.69
H12	Sample 96	2	1	3	36460	36.96	10.69
H12	Sample 96	2	1	4	40750	36.96	10.67
H12	Sample 96	2	1	5	45050	37	10.63
H12	Sample 96	2	1	6	49350	37	10.61
H12	Sample 96	2	1	7	53650	37	10.63
H12	Sample 96	2	1	8	57930	37	10.59
H12	Sample 96	2	1	9	62150	37	10.59
H12	Sample 96	2	1	10	66430	37	10.55
H12	Sample 96	2	1	11	70660	37	10.57
H12	Sample 96	2	1	12	74950	37	10.53
H12	Sample 96	2	1	13	79240	36.96	10.52
H12	Sample 96	2	1	14	83540	36.96	10.53
H12	Sample 96	2	1	15	87840	36.96	10.51
