Raw Data 		Experiment - evIC50_6_plate7_17APRIL2026 (Run on LCS480 1.5.1.62)
SamplePos	SampleName	Prog#	Seg#	Cycle#	Time	Temp	465-510	
A1	Sample 1	2	1	1	30310	36.96	0.99
A1	Sample 1	2	1	2	34870	37	0.98
A1	Sample 1	2	1	3	39470	36.96	1.00
A1	Sample 1	2	1	4	44070	37	0.99
A1	Sample 1	2	1	5	48680	36.96	0.99
A1	Sample 1	2	1	6	53280	37	1.00
A1	Sample 1	2	1	7	57890	37	0.99
A1	Sample 1	2	1	8	62470	36.96	0.98
A1	Sample 1	2	1	9	67070	37	0.98
A1	Sample 1	2	1	10	71680	36.96	0.98
A1	Sample 1	2	1	11	76270	36.96	0.99
A1	Sample 1	2	1	12	80880	37	0.98
A1	Sample 1	2	1	13	85490	37	0.98
A1	Sample 1	2	1	14	90080	36.96	0.98
A1	Sample 1	2	1	15	94680	36.96	0.99
A2	Sample 2	2	1	1	30310	36.96	0.96
A2	Sample 2	2	1	2	34870	37	0.95
A2	Sample 2	2	1	3	39470	36.96	0.96
A2	Sample 2	2	1	4	44070	37	0.96
A2	Sample 2	2	1	5	48680	36.96	0.95
A2	Sample 2	2	1	6	53280	37	0.95
A2	Sample 2	2	1	7	57890	37	0.95
A2	Sample 2	2	1	8	62470	36.96	0.95
A2	Sample 2	2	1	9	67070	37	0.95
A2	Sample 2	2	1	10	71680	36.96	0.95
A2	Sample 2	2	1	11	76270	36.96	0.95
A2	Sample 2	2	1	12	80880	37	0.95
A2	Sample 2	2	1	13	85490	37	0.96
A2	Sample 2	2	1	14	90080	36.96	0.95
A2	Sample 2	2	1	15	94680	36.96	0.95
A3	Sample 3	2	1	1	30310	36.96	1.13
A3	Sample 3	2	1	2	34870	37	1.12
A3	Sample 3	2	1	3	39470	36.96	1.12
A3	Sample 3	2	1	4	44070	37	1.13
A3	Sample 3	2	1	5	48680	36.96	1.12
A3	Sample 3	2	1	6	53280	37	1.13
A3	Sample 3	2	1	7	57890	37	1.12
A3	Sample 3	2	1	8	62470	36.96	1.12
A3	Sample 3	2	1	9	67070	37	1.10
A3	Sample 3	2	1	10	71680	36.96	1.11
A3	Sample 3	2	1	11	76270	36.96	1.12
A3	Sample 3	2	1	12	80880	37	1.12
A3	Sample 3	2	1	13	85490	37	1.12
A3	Sample 3	2	1	14	90080	36.96	1.12
A3	Sample 3	2	1	15	94680	36.96	1.12
A4	Sample 4	2	1	1	30310	36.96	1.04
A4	Sample 4	2	1	2	34870	37	1.03
A4	Sample 4	2	1	3	39470	36.96	1.04
A4	Sample 4	2	1	4	44070	37	1.04
A4	Sample 4	2	1	5	48680	36.96	1.02
A4	Sample 4	2	1	6	53280	37	1.03
A4	Sample 4	2	1	7	57890	37	1.03
A4	Sample 4	2	1	8	62470	36.96	1.03
A4	Sample 4	2	1	9	67070	37	1.03
A4	Sample 4	2	1	10	71680	36.96	1.02
A4	Sample 4	2	1	11	76270	36.96	1.04
A4	Sample 4	2	1	12	80880	37	1.03
A4	Sample 4	2	1	13	85490	37	1.03
A4	Sample 4	2	1	14	90080	36.96	1.03
A4	Sample 4	2	1	15	94680	36.96	1.04
A5	Sample 5	2	1	1	30310	36.96	5.55
A5	Sample 5	2	1	2	34870	37	5.53
A5	Sample 5	2	1	3	39470	36.96	5.53
A5	Sample 5	2	1	4	44070	37	5.53
A5	Sample 5	2	1	5	48680	36.96	5.51
A5	Sample 5	2	1	6	53280	37	5.51
A5	Sample 5	2	1	7	57890	37	5.50
A5	Sample 5	2	1	8	62470	36.96	5.51
A5	Sample 5	2	1	9	67070	37	5.52
A5	Sample 5	2	1	10	71680	36.96	5.51
A5	Sample 5	2	1	11	76270	36.96	5.49
A5	Sample 5	2	1	12	80880	37	5.51
A5	Sample 5	2	1	13	85490	37	5.52
A5	Sample 5	2	1	14	90080	36.96	5.50
A5	Sample 5	2	1	15	94680	36.96	5.50
A6	Sample 6	2	1	1	30310	36.96	5.20
A6	Sample 6	2	1	2	34870	37	5.17
A6	Sample 6	2	1	3	39470	36.96	5.18
A6	Sample 6	2	1	4	44070	37	5.17
A6	Sample 6	2	1	5	48680	36.96	5.16
A6	Sample 6	2	1	6	53280	37	5.16
A6	Sample 6	2	1	7	57890	37	5.16
A6	Sample 6	2	1	8	62470	36.96	5.15
A6	Sample 6	2	1	9	67070	37	5.15
A6	Sample 6	2	1	10	71680	36.96	5.15
A6	Sample 6	2	1	11	76270	36.96	5.15
A6	Sample 6	2	1	12	80880	37	5.15
A6	Sample 6	2	1	13	85490	37	5.17
A6	Sample 6	2	1	14	90080	36.96	5.15
A6	Sample 6	2	1	15	94680	36.96	5.16
A7	Sample 7	2	1	1	30310	36.96	5.55
A7	Sample 7	2	1	2	34870	37	5.54
A7	Sample 7	2	1	3	39470	36.96	5.53
A7	Sample 7	2	1	4	44070	37	5.54
A7	Sample 7	2	1	5	48680	36.96	5.53
A7	Sample 7	2	1	6	53280	37	5.53
A7	Sample 7	2	1	7	57890	37	5.50
A7	Sample 7	2	1	8	62470	36.96	5.52
A7	Sample 7	2	1	9	67070	37	5.53
A7	Sample 7	2	1	10	71680	36.96	5.51
A7	Sample 7	2	1	11	76270	36.96	5.52
A7	Sample 7	2	1	12	80880	37	5.52
A7	Sample 7	2	1	13	85490	37	5.51
A7	Sample 7	2	1	14	90080	36.96	5.52
A7	Sample 7	2	1	15	94680	36.96	5.53
A8	Sample 8	2	1	1	30310	36.96	5.58
A8	Sample 8	2	1	2	34870	37	5.56
A8	Sample 8	2	1	3	39470	36.96	5.55
A8	Sample 8	2	1	4	44070	37	5.55
A8	Sample 8	2	1	5	48680	36.96	5.53
A8	Sample 8	2	1	6	53280	37	5.52
A8	Sample 8	2	1	7	57890	37	5.52
A8	Sample 8	2	1	8	62470	36.96	5.52
A8	Sample 8	2	1	9	67070	37	5.51
A8	Sample 8	2	1	10	71680	36.96	5.50
A8	Sample 8	2	1	11	76270	36.96	5.51
A8	Sample 8	2	1	12	80880	37	5.51
A8	Sample 8	2	1	13	85490	37	5.50
A8	Sample 8	2	1	14	90080	36.96	5.51
A8	Sample 8	2	1	15	94680	36.96	5.51
A9	Sample 9	2	1	1	30310	36.96	1.77
A9	Sample 9	2	1	2	34870	37	1.75
A9	Sample 9	2	1	3	39470	36.96	1.75
A9	Sample 9	2	1	4	44070	37	1.76
A9	Sample 9	2	1	5	48680	36.96	1.75
A9	Sample 9	2	1	6	53280	37	1.75
A9	Sample 9	2	1	7	57890	37	1.75
A9	Sample 9	2	1	8	62470	36.96	1.75
A9	Sample 9	2	1	9	67070	37	1.75
A9	Sample 9	2	1	10	71680	36.96	1.75
A9	Sample 9	2	1	11	76270	36.96	1.75
A9	Sample 9	2	1	12	80880	37	1.76
A9	Sample 9	2	1	13	85490	37	1.75
A9	Sample 9	2	1	14	90080	36.96	1.75
A9	Sample 9	2	1	15	94680	36.96	1.75
A10	Sample 10	2	1	1	30310	36.96	1.80
A10	Sample 10	2	1	2	34870	37	1.78
A10	Sample 10	2	1	3	39470	36.96	1.79
A10	Sample 10	2	1	4	44070	37	1.79
A10	Sample 10	2	1	5	48680	36.96	1.79
A10	Sample 10	2	1	6	53280	37	1.79
A10	Sample 10	2	1	7	57890	37	1.80
A10	Sample 10	2	1	8	62470	36.96	1.78
A10	Sample 10	2	1	9	67070	37	1.78
A10	Sample 10	2	1	10	71680	36.96	1.77
A10	Sample 10	2	1	11	76270	36.96	1.77
A10	Sample 10	2	1	12	80880	37	1.78
A10	Sample 10	2	1	13	85490	37	1.77
A10	Sample 10	2	1	14	90080	36.96	1.77
A10	Sample 10	2	1	15	94680	36.96	1.79
A11	Sample 11	2	1	1	30310	36.96	1.81
A11	Sample 11	2	1	2	34870	37	1.80
A11	Sample 11	2	1	3	39470	36.96	1.81
A11	Sample 11	2	1	4	44070	37	1.81
A11	Sample 11	2	1	5	48680	36.96	1.79
A11	Sample 11	2	1	6	53280	37	1.80
A11	Sample 11	2	1	7	57890	37	1.80
A11	Sample 11	2	1	8	62470	36.96	1.80
A11	Sample 11	2	1	9	67070	37	1.80
A11	Sample 11	2	1	10	71680	36.96	1.79
A11	Sample 11	2	1	11	76270	36.96	1.79
A11	Sample 11	2	1	12	80880	37	1.80
A11	Sample 11	2	1	13	85490	37	1.80
A11	Sample 11	2	1	14	90080	36.96	1.79
A11	Sample 11	2	1	15	94680	36.96	1.80
A12	Sample 12	2	1	1	30310	36.96	1.63
A12	Sample 12	2	1	2	34870	37	1.62
A12	Sample 12	2	1	3	39470	36.96	1.63
A12	Sample 12	2	1	4	44070	37	1.63
A12	Sample 12	2	1	5	48680	36.96	1.62
A12	Sample 12	2	1	6	53280	37	1.63
A12	Sample 12	2	1	7	57890	37	1.62
A12	Sample 12	2	1	8	62470	36.96	1.61
A12	Sample 12	2	1	9	67070	37	1.62
A12	Sample 12	2	1	10	71680	36.96	1.61
A12	Sample 12	2	1	11	76270	36.96	1.62
A12	Sample 12	2	1	12	80880	37	1.62
A12	Sample 12	2	1	13	85490	37	1.61
A12	Sample 12	2	1	14	90080	36.96	1.62
A12	Sample 12	2	1	15	94680	36.96	1.62
B1	Sample 13	2	1	1	30310	36.96	0.87
B1	Sample 13	2	1	2	34870	37	0.86
B1	Sample 13	2	1	3	39470	36.96	0.87
B1	Sample 13	2	1	4	44070	37	0.87
B1	Sample 13	2	1	5	48680	36.96	0.86
B1	Sample 13	2	1	6	53280	37	0.87
B1	Sample 13	2	1	7	57890	37	0.86
B1	Sample 13	2	1	8	62470	36.96	0.86
B1	Sample 13	2	1	9	67070	37	0.86
B1	Sample 13	2	1	10	71680	36.96	0.87
B1	Sample 13	2	1	11	76270	36.96	0.87
B1	Sample 13	2	1	12	80880	37	0.86
B1	Sample 13	2	1	13	85490	37	0.86
B1	Sample 13	2	1	14	90080	36.96	0.87
B1	Sample 13	2	1	15	94680	36.96	0.86
B2	Sample 14	2	1	1	30310	36.96	0.94
B2	Sample 14	2	1	2	34870	37	0.94
B2	Sample 14	2	1	3	39470	36.96	0.93
B2	Sample 14	2	1	4	44070	37	0.94
B2	Sample 14	2	1	5	48680	36.96	0.92
B2	Sample 14	2	1	6	53280	37	0.93
B2	Sample 14	2	1	7	57890	37	0.93
B2	Sample 14	2	1	8	62470	36.96	0.92
B2	Sample 14	2	1	9	67070	37	0.91
B2	Sample 14	2	1	10	71680	36.96	0.93
B2	Sample 14	2	1	11	76270	36.96	0.92
B2	Sample 14	2	1	12	80880	37	0.93
B2	Sample 14	2	1	13	85490	37	0.93
B2	Sample 14	2	1	14	90080	36.96	0.92
B2	Sample 14	2	1	15	94680	36.96	0.93
B3	Sample 15	2	1	1	30310	36.96	1.03
B3	Sample 15	2	1	2	34870	37	1.03
B3	Sample 15	2	1	3	39470	36.96	1.02
B3	Sample 15	2	1	4	44070	37	1.02
B3	Sample 15	2	1	5	48680	36.96	1.02
B3	Sample 15	2	1	6	53280	37	1.02
B3	Sample 15	2	1	7	57890	37	1.02
B3	Sample 15	2	1	8	62470	36.96	1.02
B3	Sample 15	2	1	9	67070	37	1.02
B3	Sample 15	2	1	10	71680	36.96	1.02
B3	Sample 15	2	1	11	76270	36.96	1.02
B3	Sample 15	2	1	12	80880	37	1.02
B3	Sample 15	2	1	13	85490	37	1.02
B3	Sample 15	2	1	14	90080	36.96	1.02
B3	Sample 15	2	1	15	94680	36.96	1.02
B4	Sample 16	2	1	1	30310	36.96	1.01
B4	Sample 16	2	1	2	34870	37	1.02
B4	Sample 16	2	1	3	39470	36.96	1.03
B4	Sample 16	2	1	4	44070	37	1.03
B4	Sample 16	2	1	5	48680	36.96	1.01
B4	Sample 16	2	1	6	53280	37	1.01
B4	Sample 16	2	1	7	57890	37	1.02
B4	Sample 16	2	1	8	62470	36.96	1.02
B4	Sample 16	2	1	9	67070	37	1.01
B4	Sample 16	2	1	10	71680	36.96	1.02
B4	Sample 16	2	1	11	76270	36.96	1.01
B4	Sample 16	2	1	12	80880	37	1.02
B4	Sample 16	2	1	13	85490	37	1.01
B4	Sample 16	2	1	14	90080	36.96	1.02
B4	Sample 16	2	1	15	94680	36.96	1.02
B5	Sample 17	2	1	1	30310	36.96	4.90
B5	Sample 17	2	1	2	34870	37	4.89
B5	Sample 17	2	1	3	39470	36.96	4.88
B5	Sample 17	2	1	4	44070	37	4.87
B5	Sample 17	2	1	5	48680	36.96	4.85
B5	Sample 17	2	1	6	53280	37	4.85
B5	Sample 17	2	1	7	57890	37	4.86
B5	Sample 17	2	1	8	62470	36.96	4.85
B5	Sample 17	2	1	9	67070	37	4.83
B5	Sample 17	2	1	10	71680	36.96	4.85
B5	Sample 17	2	1	11	76270	36.96	4.84
B5	Sample 17	2	1	12	80880	37	4.84
B5	Sample 17	2	1	13	85490	37	4.82
B5	Sample 17	2	1	14	90080	36.96	4.84
B5	Sample 17	2	1	15	94680	36.96	4.83
B6	Sample 18	2	1	1	30310	36.96	4.84
B6	Sample 18	2	1	2	34870	37	4.83
B6	Sample 18	2	1	3	39470	36.96	4.84
B6	Sample 18	2	1	4	44070	37	4.80
B6	Sample 18	2	1	5	48680	36.96	4.80
B6	Sample 18	2	1	6	53280	37	4.80
B6	Sample 18	2	1	7	57890	37	4.78
B6	Sample 18	2	1	8	62470	36.96	4.79
B6	Sample 18	2	1	9	67070	37	4.80
B6	Sample 18	2	1	10	71680	36.96	4.78
B6	Sample 18	2	1	11	76270	36.96	4.79
B6	Sample 18	2	1	12	80880	37	4.77
B6	Sample 18	2	1	13	85490	37	4.77
B6	Sample 18	2	1	14	90080	36.96	4.77
B6	Sample 18	2	1	15	94680	36.96	4.77
B7	Sample 19	2	1	1	30310	36.96	4.97
B7	Sample 19	2	1	2	34870	37	4.96
B7	Sample 19	2	1	3	39470	36.96	4.93
B7	Sample 19	2	1	4	44070	37	4.93
B7	Sample 19	2	1	5	48680	36.96	4.93
B7	Sample 19	2	1	6	53280	37	4.92
B7	Sample 19	2	1	7	57890	37	4.92
B7	Sample 19	2	1	8	62470	36.96	4.92
B7	Sample 19	2	1	9	67070	37	4.89
B7	Sample 19	2	1	10	71680	36.96	4.90
B7	Sample 19	2	1	11	76270	36.96	4.89
B7	Sample 19	2	1	12	80880	37	4.89
B7	Sample 19	2	1	13	85490	37	4.89
B7	Sample 19	2	1	14	90080	36.96	4.89
B7	Sample 19	2	1	15	94680	36.96	4.88
B8	Sample 20	2	1	1	30310	36.96	4.90
B8	Sample 20	2	1	2	34870	37	4.87
B8	Sample 20	2	1	3	39470	36.96	4.87
B8	Sample 20	2	1	4	44070	37	4.84
B8	Sample 20	2	1	5	48680	36.96	4.83
B8	Sample 20	2	1	6	53280	37	4.84
B8	Sample 20	2	1	7	57890	37	4.82
B8	Sample 20	2	1	8	62470	36.96	4.81
B8	Sample 20	2	1	9	67070	37	4.80
B8	Sample 20	2	1	10	71680	36.96	4.81
B8	Sample 20	2	1	11	76270	36.96	4.80
B8	Sample 20	2	1	12	80880	37	4.80
B8	Sample 20	2	1	13	85490	37	4.80
B8	Sample 20	2	1	14	90080	36.96	4.80
B8	Sample 20	2	1	15	94680	36.96	4.80
B9	Sample 21	2	1	1	30310	36.96	1.69
B9	Sample 21	2	1	2	34870	37	1.68
B9	Sample 21	2	1	3	39470	36.96	1.69
B9	Sample 21	2	1	4	44070	37	1.68
B9	Sample 21	2	1	5	48680	36.96	1.67
B9	Sample 21	2	1	6	53280	37	1.68
B9	Sample 21	2	1	7	57890	37	1.67
B9	Sample 21	2	1	8	62470	36.96	1.66
B9	Sample 21	2	1	9	67070	37	1.66
B9	Sample 21	2	1	10	71680	36.96	1.67
B9	Sample 21	2	1	11	76270	36.96	1.67
B9	Sample 21	2	1	12	80880	37	1.67
B9	Sample 21	2	1	13	85490	37	1.65
B9	Sample 21	2	1	14	90080	36.96	1.66
B9	Sample 21	2	1	15	94680	36.96	1.66
B10	Sample 22	2	1	1	30310	36.96	1.70
B10	Sample 22	2	1	2	34870	37	1.68
B10	Sample 22	2	1	3	39470	36.96	1.68
B10	Sample 22	2	1	4	44070	37	1.68
B10	Sample 22	2	1	5	48680	36.96	1.67
B10	Sample 22	2	1	6	53280	37	1.67
B10	Sample 22	2	1	7	57890	37	1.68
B10	Sample 22	2	1	8	62470	36.96	1.67
B10	Sample 22	2	1	9	67070	37	1.67
B10	Sample 22	2	1	10	71680	36.96	1.67
B10	Sample 22	2	1	11	76270	36.96	1.68
B10	Sample 22	2	1	12	80880	37	1.67
B10	Sample 22	2	1	13	85490	37	1.66
B10	Sample 22	2	1	14	90080	36.96	1.68
B10	Sample 22	2	1	15	94680	36.96	1.67
B11	Sample 23	2	1	1	30310	36.96	1.87
B11	Sample 23	2	1	2	34870	37	1.86
B11	Sample 23	2	1	3	39470	36.96	1.86
B11	Sample 23	2	1	4	44070	37	1.87
B11	Sample 23	2	1	5	48680	36.96	1.85
B11	Sample 23	2	1	6	53280	37	1.86
B11	Sample 23	2	1	7	57890	37	1.86
B11	Sample 23	2	1	8	62470	36.96	1.85
B11	Sample 23	2	1	9	67070	37	1.85
B11	Sample 23	2	1	10	71680	36.96	1.85
B11	Sample 23	2	1	11	76270	36.96	1.85
B11	Sample 23	2	1	12	80880	37	1.86
B11	Sample 23	2	1	13	85490	37	1.84
B11	Sample 23	2	1	14	90080	36.96	1.86
B11	Sample 23	2	1	15	94680	36.96	1.86
B12	Sample 24	2	1	1	30310	36.96	1.71
B12	Sample 24	2	1	2	34870	37	1.71
B12	Sample 24	2	1	3	39470	36.96	1.72
B12	Sample 24	2	1	4	44070	37	1.72
B12	Sample 24	2	1	5	48680	36.96	1.70
B12	Sample 24	2	1	6	53280	37	1.70
B12	Sample 24	2	1	7	57890	37	1.70
B12	Sample 24	2	1	8	62470	36.96	1.69
B12	Sample 24	2	1	9	67070	37	1.70
B12	Sample 24	2	1	10	71680	36.96	1.71
B12	Sample 24	2	1	11	76270	36.96	1.70
B12	Sample 24	2	1	12	80880	37	1.70
B12	Sample 24	2	1	13	85490	37	1.70
B12	Sample 24	2	1	14	90080	36.96	1.70
B12	Sample 24	2	1	15	94680	36.96	1.70
C1	Sample 25	2	1	1	30310	36.96	0.89
C1	Sample 25	2	1	2	34870	37	0.89
C1	Sample 25	2	1	3	39470	36.96	0.90
C1	Sample 25	2	1	4	44070	37	0.89
C1	Sample 25	2	1	5	48680	36.96	0.88
C1	Sample 25	2	1	6	53280	37	0.89
C1	Sample 25	2	1	7	57890	37	0.89
C1	Sample 25	2	1	8	62470	36.96	0.88
C1	Sample 25	2	1	9	67070	37	0.88
C1	Sample 25	2	1	10	71680	36.96	0.88
C1	Sample 25	2	1	11	76270	36.96	0.88
C1	Sample 25	2	1	12	80880	37	0.88
C1	Sample 25	2	1	13	85490	37	0.87
C1	Sample 25	2	1	14	90080	36.96	0.88
C1	Sample 25	2	1	15	94680	36.96	0.88
C2	Sample 26	2	1	1	30310	36.96	0.99
C2	Sample 26	2	1	2	34870	37	0.99
C2	Sample 26	2	1	3	39470	36.96	1.00
C2	Sample 26	2	1	4	44070	37	0.99
C2	Sample 26	2	1	5	48680	36.96	0.99
C2	Sample 26	2	1	6	53280	37	0.99
C2	Sample 26	2	1	7	57890	37	0.99
C2	Sample 26	2	1	8	62470	36.96	0.99
C2	Sample 26	2	1	9	67070	37	0.99
C2	Sample 26	2	1	10	71680	36.96	0.99
C2	Sample 26	2	1	11	76270	36.96	0.99
C2	Sample 26	2	1	12	80880	37	0.99
C2	Sample 26	2	1	13	85490	37	0.98
C2	Sample 26	2	1	14	90080	36.96	0.99
C2	Sample 26	2	1	15	94680	36.96	1.00
C3	Sample 27	2	1	1	30310	36.96	1.06
C3	Sample 27	2	1	2	34870	37	1.05
C3	Sample 27	2	1	3	39470	36.96	1.05
C3	Sample 27	2	1	4	44070	37	1.04
C3	Sample 27	2	1	5	48680	36.96	1.04
C3	Sample 27	2	1	6	53280	37	1.05
C3	Sample 27	2	1	7	57890	37	1.04
C3	Sample 27	2	1	8	62470	36.96	1.04
C3	Sample 27	2	1	9	67070	37	1.04
C3	Sample 27	2	1	10	71680	36.96	1.03
C3	Sample 27	2	1	11	76270	36.96	1.03
C3	Sample 27	2	1	12	80880	37	1.05
C3	Sample 27	2	1	13	85490	37	1.03
C3	Sample 27	2	1	14	90080	36.96	1.04
C3	Sample 27	2	1	15	94680	36.96	1.05
C4	Sample 28	2	1	1	30310	36.96	1.06
C4	Sample 28	2	1	2	34870	37	1.07
C4	Sample 28	2	1	3	39470	36.96	1.07
C4	Sample 28	2	1	4	44070	37	1.06
C4	Sample 28	2	1	5	48680	36.96	1.06
C4	Sample 28	2	1	6	53280	37	1.06
C4	Sample 28	2	1	7	57890	37	1.06
C4	Sample 28	2	1	8	62470	36.96	1.06
C4	Sample 28	2	1	9	67070	37	1.06
C4	Sample 28	2	1	10	71680	36.96	1.05
C4	Sample 28	2	1	11	76270	36.96	1.04
C4	Sample 28	2	1	12	80880	37	1.05
C4	Sample 28	2	1	13	85490	37	1.05
C4	Sample 28	2	1	14	90080	36.96	1.06
C4	Sample 28	2	1	15	94680	36.96	1.06
C5	Sample 29	2	1	1	30310	36.96	4.92
C5	Sample 29	2	1	2	34870	37	4.91
C5	Sample 29	2	1	3	39470	36.96	4.89
C5	Sample 29	2	1	4	44070	37	4.88
C5	Sample 29	2	1	5	48680	36.96	4.87
C5	Sample 29	2	1	6	53280	37	4.87
C5	Sample 29	2	1	7	57890	37	4.85
C5	Sample 29	2	1	8	62470	36.96	4.88
C5	Sample 29	2	1	9	67070	37	4.87
C5	Sample 29	2	1	10	71680	36.96	4.86
C5	Sample 29	2	1	11	76270	36.96	4.85
C5	Sample 29	2	1	12	80880	37	4.86
C5	Sample 29	2	1	13	85490	37	4.85
C5	Sample 29	2	1	14	90080	36.96	4.86
C5	Sample 29	2	1	15	94680	36.96	4.86
C6	Sample 30	2	1	1	30310	36.96	4.89
C6	Sample 30	2	1	2	34870	37	4.88
C6	Sample 30	2	1	3	39470	36.96	4.87
C6	Sample 30	2	1	4	44070	37	4.87
C6	Sample 30	2	1	5	48680	36.96	4.88
C6	Sample 30	2	1	6	53280	37	4.87
C6	Sample 30	2	1	7	57890	37	4.84
C6	Sample 30	2	1	8	62470	36.96	4.85
C6	Sample 30	2	1	9	67070	37	4.85
C6	Sample 30	2	1	10	71680	36.96	4.84
C6	Sample 30	2	1	11	76270	36.96	4.83
C6	Sample 30	2	1	12	80880	37	4.83
C6	Sample 30	2	1	13	85490	37	4.83
C6	Sample 30	2	1	14	90080	36.96	4.83
C6	Sample 30	2	1	15	94680	36.96	4.84
C7	Sample 31	2	1	1	30310	36.96	5.31
C7	Sample 31	2	1	2	34870	37	5.31
C7	Sample 31	2	1	3	39470	36.96	5.28
C7	Sample 31	2	1	4	44070	37	5.26
C7	Sample 31	2	1	5	48680	36.96	5.25
C7	Sample 31	2	1	6	53280	37	5.25
C7	Sample 31	2	1	7	57890	37	5.25
C7	Sample 31	2	1	8	62470	36.96	5.24
C7	Sample 31	2	1	9	67070	37	5.25
C7	Sample 31	2	1	10	71680	36.96	5.25
C7	Sample 31	2	1	11	76270	36.96	5.22
C7	Sample 31	2	1	12	80880	37	5.24
C7	Sample 31	2	1	13	85490	37	5.22
C7	Sample 31	2	1	14	90080	36.96	5.24
C7	Sample 31	2	1	15	94680	36.96	5.24
C8	Sample 32	2	1	1	30310	36.96	4.93
C8	Sample 32	2	1	2	34870	37	4.91
C8	Sample 32	2	1	3	39470	36.96	4.90
C8	Sample 32	2	1	4	44070	37	4.90
C8	Sample 32	2	1	5	48680	36.96	4.89
C8	Sample 32	2	1	6	53280	37	4.89
C8	Sample 32	2	1	7	57890	37	4.87
C8	Sample 32	2	1	8	62470	36.96	4.88
C8	Sample 32	2	1	9	67070	37	4.87
C8	Sample 32	2	1	10	71680	36.96	4.87
C8	Sample 32	2	1	11	76270	36.96	4.87
C8	Sample 32	2	1	12	80880	37	4.87
C8	Sample 32	2	1	13	85490	37	4.85
C8	Sample 32	2	1	14	90080	36.96	4.85
C8	Sample 32	2	1	15	94680	36.96	4.87
C9	Sample 33	2	1	1	30310	36.96	1.68
C9	Sample 33	2	1	2	34870	37	1.68
C9	Sample 33	2	1	3	39470	36.96	1.67
C9	Sample 33	2	1	4	44070	37	1.67
C9	Sample 33	2	1	5	48680	36.96	1.66
C9	Sample 33	2	1	6	53280	37	1.67
C9	Sample 33	2	1	7	57890	37	1.66
C9	Sample 33	2	1	8	62470	36.96	1.67
C9	Sample 33	2	1	9	67070	37	1.66
C9	Sample 33	2	1	10	71680	36.96	1.66
C9	Sample 33	2	1	11	76270	36.96	1.65
C9	Sample 33	2	1	12	80880	37	1.67
C9	Sample 33	2	1	13	85490	37	1.65
C9	Sample 33	2	1	14	90080	36.96	1.65
C9	Sample 33	2	1	15	94680	36.96	1.66
C10	Sample 34	2	1	1	30310	36.96	1.70
C10	Sample 34	2	1	2	34870	37	1.69
C10	Sample 34	2	1	3	39470	36.96	1.69
C10	Sample 34	2	1	4	44070	37	1.68
C10	Sample 34	2	1	5	48680	36.96	1.68
C10	Sample 34	2	1	6	53280	37	1.69
C10	Sample 34	2	1	7	57890	37	1.68
C10	Sample 34	2	1	8	62470	36.96	1.69
C10	Sample 34	2	1	9	67070	37	1.68
C10	Sample 34	2	1	10	71680	36.96	1.68
C10	Sample 34	2	1	11	76270	36.96	1.67
C10	Sample 34	2	1	12	80880	37	1.68
C10	Sample 34	2	1	13	85490	37	1.66
C10	Sample 34	2	1	14	90080	36.96	1.67
C10	Sample 34	2	1	15	94680	36.96	1.68
C11	Sample 35	2	1	1	30310	36.96	1.76
C11	Sample 35	2	1	2	34870	37	1.75
C11	Sample 35	2	1	3	39470	36.96	1.75
C11	Sample 35	2	1	4	44070	37	1.75
C11	Sample 35	2	1	5	48680	36.96	1.75
C11	Sample 35	2	1	6	53280	37	1.75
C11	Sample 35	2	1	7	57890	37	1.74
C11	Sample 35	2	1	8	62470	36.96	1.74
C11	Sample 35	2	1	9	67070	37	1.74
C11	Sample 35	2	1	10	71680	36.96	1.74
C11	Sample 35	2	1	11	76270	36.96	1.74
C11	Sample 35	2	1	12	80880	37	1.74
C11	Sample 35	2	1	13	85490	37	1.74
C11	Sample 35	2	1	14	90080	36.96	1.74
C11	Sample 35	2	1	15	94680	36.96	1.75
C12	Sample 36	2	1	1	30310	36.96	1.70
C12	Sample 36	2	1	2	34870	37	1.70
C12	Sample 36	2	1	3	39470	36.96	1.70
C12	Sample 36	2	1	4	44070	37	1.69
C12	Sample 36	2	1	5	48680	36.96	1.69
C12	Sample 36	2	1	6	53280	37	1.69
C12	Sample 36	2	1	7	57890	37	1.68
C12	Sample 36	2	1	8	62470	36.96	1.68
C12	Sample 36	2	1	9	67070	37	1.67
C12	Sample 36	2	1	10	71680	36.96	1.68
C12	Sample 36	2	1	11	76270	36.96	1.67
C12	Sample 36	2	1	12	80880	37	1.70
C12	Sample 36	2	1	13	85490	37	1.69
C12	Sample 36	2	1	14	90080	36.96	1.69
C12	Sample 36	2	1	15	94680	36.96	1.70
D1	Sample 37	2	1	1	30310	36.96	0.90
D1	Sample 37	2	1	2	34870	37	0.90
D1	Sample 37	2	1	3	39470	36.96	0.91
D1	Sample 37	2	1	4	44070	37	0.91
D1	Sample 37	2	1	5	48680	36.96	0.90
D1	Sample 37	2	1	6	53280	37	0.91
D1	Sample 37	2	1	7	57890	37	0.90
D1	Sample 37	2	1	8	62470	36.96	0.90
D1	Sample 37	2	1	9	67070	37	0.90
D1	Sample 37	2	1	10	71680	36.96	0.90
D1	Sample 37	2	1	11	76270	36.96	0.90
D1	Sample 37	2	1	12	80880	37	0.90
D1	Sample 37	2	1	13	85490	37	0.89
D1	Sample 37	2	1	14	90080	36.96	0.90
D1	Sample 37	2	1	15	94680	36.96	0.89
D2	Sample 38	2	1	1	30310	36.96	0.93
D2	Sample 38	2	1	2	34870	37	0.94
D2	Sample 38	2	1	3	39470	36.96	0.94
D2	Sample 38	2	1	4	44070	37	0.94
D2	Sample 38	2	1	5	48680	36.96	0.93
D2	Sample 38	2	1	6	53280	37	0.94
D2	Sample 38	2	1	7	57890	37	0.94
D2	Sample 38	2	1	8	62470	36.96	0.94
D2	Sample 38	2	1	9	67070	37	0.93
D2	Sample 38	2	1	10	71680	36.96	0.94
D2	Sample 38	2	1	11	76270	36.96	0.93
D2	Sample 38	2	1	12	80880	37	0.93
D2	Sample 38	2	1	13	85490	37	0.93
D2	Sample 38	2	1	14	90080	36.96	0.94
D2	Sample 38	2	1	15	94680	36.96	0.93
D3	Sample 39	2	1	1	30310	36.96	1.05
D3	Sample 39	2	1	2	34870	37	1.05
D3	Sample 39	2	1	3	39470	36.96	1.05
D3	Sample 39	2	1	4	44070	37	1.05
D3	Sample 39	2	1	5	48680	36.96	1.04
D3	Sample 39	2	1	6	53280	37	1.04
D3	Sample 39	2	1	7	57890	37	1.05
D3	Sample 39	2	1	8	62470	36.96	1.04
D3	Sample 39	2	1	9	67070	37	1.04
D3	Sample 39	2	1	10	71680	36.96	1.04
D3	Sample 39	2	1	11	76270	36.96	1.04
D3	Sample 39	2	1	12	80880	37	1.04
D3	Sample 39	2	1	13	85490	37	1.04
D3	Sample 39	2	1	14	90080	36.96	1.04
D3	Sample 39	2	1	15	94680	36.96	1.04
D4	Sample 40	2	1	1	30310	36.96	0.99
D4	Sample 40	2	1	2	34870	37	0.99
D4	Sample 40	2	1	3	39470	36.96	1.00
D4	Sample 40	2	1	4	44070	37	1.00
D4	Sample 40	2	1	5	48680	36.96	0.99
D4	Sample 40	2	1	6	53280	37	1.00
D4	Sample 40	2	1	7	57890	37	1.00
D4	Sample 40	2	1	8	62470	36.96	0.99
D4	Sample 40	2	1	9	67070	37	0.99
D4	Sample 40	2	1	10	71680	36.96	0.99
D4	Sample 40	2	1	11	76270	36.96	0.98
D4	Sample 40	2	1	12	80880	37	0.99
D4	Sample 40	2	1	13	85490	37	0.99
D4	Sample 40	2	1	14	90080	36.96	0.99
D4	Sample 40	2	1	15	94680	36.96	0.99
D5	Sample 41	2	1	1	30310	36.96	4.95
D5	Sample 41	2	1	2	34870	37	4.94
D5	Sample 41	2	1	3	39470	36.96	4.95
D5	Sample 41	2	1	4	44070	37	4.93
D5	Sample 41	2	1	5	48680	36.96	4.93
D5	Sample 41	2	1	6	53280	37	4.93
D5	Sample 41	2	1	7	57890	37	4.93
D5	Sample 41	2	1	8	62470	36.96	4.90
D5	Sample 41	2	1	9	67070	37	4.90
D5	Sample 41	2	1	10	71680	36.96	4.91
D5	Sample 41	2	1	11	76270	36.96	4.90
D5	Sample 41	2	1	12	80880	37	4.90
D5	Sample 41	2	1	13	85490	37	4.90
D5	Sample 41	2	1	14	90080	36.96	4.90
D5	Sample 41	2	1	15	94680	36.96	4.90
D6	Sample 42	2	1	1	30310	36.96	4.73
D6	Sample 42	2	1	2	34870	37	4.72
D6	Sample 42	2	1	3	39470	36.96	4.72
D6	Sample 42	2	1	4	44070	37	4.70
D6	Sample 42	2	1	5	48680	36.96	4.69
D6	Sample 42	2	1	6	53280	37	4.70
D6	Sample 42	2	1	7	57890	37	4.69
D6	Sample 42	2	1	8	62470	36.96	4.68
D6	Sample 42	2	1	9	67070	37	4.66
D6	Sample 42	2	1	10	71680	36.96	4.68
D6	Sample 42	2	1	11	76270	36.96	4.65
D6	Sample 42	2	1	12	80880	37	4.66
D6	Sample 42	2	1	13	85490	37	4.65
D6	Sample 42	2	1	14	90080	36.96	4.67
D6	Sample 42	2	1	15	94680	36.96	4.66
D7	Sample 43	2	1	1	30310	36.96	5.09
D7	Sample 43	2	1	2	34870	37	5.07
D7	Sample 43	2	1	3	39470	36.96	5.06
D7	Sample 43	2	1	4	44070	37	5.04
D7	Sample 43	2	1	5	48680	36.96	5.04
D7	Sample 43	2	1	6	53280	37	5.04
D7	Sample 43	2	1	7	57890	37	5.03
D7	Sample 43	2	1	8	62470	36.96	5.03
D7	Sample 43	2	1	9	67070	37	5.03
D7	Sample 43	2	1	10	71680	36.96	5.01
D7	Sample 43	2	1	11	76270	36.96	5.00
D7	Sample 43	2	1	12	80880	37	5.01
D7	Sample 43	2	1	13	85490	37	5.00
D7	Sample 43	2	1	14	90080	36.96	5.00
D7	Sample 43	2	1	15	94680	36.96	5.01
D8	Sample 44	2	1	1	30310	36.96	4.83
D8	Sample 44	2	1	2	34870	37	4.82
D8	Sample 44	2	1	3	39470	36.96	4.82
D8	Sample 44	2	1	4	44070	37	4.81
D8	Sample 44	2	1	5	48680	36.96	4.80
D8	Sample 44	2	1	6	53280	37	4.80
D8	Sample 44	2	1	7	57890	37	4.79
D8	Sample 44	2	1	8	62470	36.96	4.77
D8	Sample 44	2	1	9	67070	37	4.78
D8	Sample 44	2	1	10	71680	36.96	4.75
D8	Sample 44	2	1	11	76270	36.96	4.75
D8	Sample 44	2	1	12	80880	37	4.76
D8	Sample 44	2	1	13	85490	37	4.74
D8	Sample 44	2	1	14	90080	36.96	4.76
D8	Sample 44	2	1	15	94680	36.96	4.76
D9	Sample 45	2	1	1	30310	36.96	1.68
D9	Sample 45	2	1	2	34870	37	1.68
D9	Sample 45	2	1	3	39470	36.96	1.68
D9	Sample 45	2	1	4	44070	37	1.68
D9	Sample 45	2	1	5	48680	36.96	1.67
D9	Sample 45	2	1	6	53280	37	1.68
D9	Sample 45	2	1	7	57890	37	1.66
D9	Sample 45	2	1	8	62470	36.96	1.66
D9	Sample 45	2	1	9	67070	37	1.66
D9	Sample 45	2	1	10	71680	36.96	1.66
D9	Sample 45	2	1	11	76270	36.96	1.65
D9	Sample 45	2	1	12	80880	37	1.66
D9	Sample 45	2	1	13	85490	37	1.66
D9	Sample 45	2	1	14	90080	36.96	1.66
D9	Sample 45	2	1	15	94680	36.96	1.67
D10	Sample 46	2	1	1	30310	36.96	1.94
D10	Sample 46	2	1	2	34870	37	1.94
D10	Sample 46	2	1	3	39470	36.96	1.94
D10	Sample 46	2	1	4	44070	37	1.94
D10	Sample 46	2	1	5	48680	36.96	1.92
D10	Sample 46	2	1	6	53280	37	1.94
D10	Sample 46	2	1	7	57890	37	1.94
D10	Sample 46	2	1	8	62470	36.96	1.94
D10	Sample 46	2	1	9	67070	37	1.94
D10	Sample 46	2	1	10	71680	36.96	1.93
D10	Sample 46	2	1	11	76270	36.96	1.93
D10	Sample 46	2	1	12	80880	37	1.93
D10	Sample 46	2	1	13	85490	37	1.93
D10	Sample 46	2	1	14	90080	36.96	1.94
D10	Sample 46	2	1	15	94680	36.96	1.93
D11	Sample 47	2	1	1	30310	36.96	1.73
D11	Sample 47	2	1	2	34870	37	1.73
D11	Sample 47	2	1	3	39470	36.96	1.73
D11	Sample 47	2	1	4	44070	37	1.72
D11	Sample 47	2	1	5	48680	36.96	1.70
D11	Sample 47	2	1	6	53280	37	1.73
D11	Sample 47	2	1	7	57890	37	1.71
D11	Sample 47	2	1	8	62470	36.96	1.72
D11	Sample 47	2	1	9	67070	37	1.72
D11	Sample 47	2	1	10	71680	36.96	1.72
D11	Sample 47	2	1	11	76270	36.96	1.70
D11	Sample 47	2	1	12	80880	37	1.72
D11	Sample 47	2	1	13	85490	37	1.71
D11	Sample 47	2	1	14	90080	36.96	1.73
D11	Sample 47	2	1	15	94680	36.96	1.71
D12	Sample 48	2	1	1	30310	36.96	1.57
D12	Sample 48	2	1	2	34870	37	1.56
D12	Sample 48	2	1	3	39470	36.96	1.57
D12	Sample 48	2	1	4	44070	37	1.56
D12	Sample 48	2	1	5	48680	36.96	1.55
D12	Sample 48	2	1	6	53280	37	1.57
D12	Sample 48	2	1	7	57890	37	1.55
D12	Sample 48	2	1	8	62470	36.96	1.55
D12	Sample 48	2	1	9	67070	37	1.54
D12	Sample 48	2	1	10	71680	36.96	1.56
D12	Sample 48	2	1	11	76270	36.96	1.56
D12	Sample 48	2	1	12	80880	37	1.56
D12	Sample 48	2	1	13	85490	37	1.56
D12	Sample 48	2	1	14	90080	36.96	1.56
D12	Sample 48	2	1	15	94680	36.96	1.55
E1	Sample 49	2	1	1	30310	36.96	0.93
E1	Sample 49	2	1	2	34870	37	0.90
E1	Sample 49	2	1	3	39470	36.96	0.90
E1	Sample 49	2	1	4	44070	37	0.90
E1	Sample 49	2	1	5	48680	36.96	0.90
E1	Sample 49	2	1	6	53280	37	0.90
E1	Sample 49	2	1	7	57890	37	0.89
E1	Sample 49	2	1	8	62470	36.96	0.89
E1	Sample 49	2	1	9	67070	37	0.91
E1	Sample 49	2	1	10	71680	36.96	0.89
E1	Sample 49	2	1	11	76270	36.96	0.89
E1	Sample 49	2	1	12	80880	37	0.90
E1	Sample 49	2	1	13	85490	37	0.89
E1	Sample 49	2	1	14	90080	36.96	0.91
E1	Sample 49	2	1	15	94680	36.96	0.89
E2	Sample 50	2	1	1	30310	36.96	0.96
E2	Sample 50	2	1	2	34870	37	0.96
E2	Sample 50	2	1	3	39470	36.96	0.97
E2	Sample 50	2	1	4	44070	37	0.94
E2	Sample 50	2	1	5	48680	36.96	0.94
E2	Sample 50	2	1	6	53280	37	0.95
E2	Sample 50	2	1	7	57890	37	0.95
E2	Sample 50	2	1	8	62470	36.96	0.95
E2	Sample 50	2	1	9	67070	37	0.96
E2	Sample 50	2	1	10	71680	36.96	0.95
E2	Sample 50	2	1	11	76270	36.96	0.95
E2	Sample 50	2	1	12	80880	37	0.96
E2	Sample 50	2	1	13	85490	37	0.95
E2	Sample 50	2	1	14	90080	36.96	0.96
E2	Sample 50	2	1	15	94680	36.96	0.95
E3	Sample 51	2	1	1	30310	36.96	1.29
E3	Sample 51	2	1	2	34870	37	1.28
E3	Sample 51	2	1	3	39470	36.96	1.29
E3	Sample 51	2	1	4	44070	37	1.28
E3	Sample 51	2	1	5	48680	36.96	1.28
E3	Sample 51	2	1	6	53280	37	1.28
E3	Sample 51	2	1	7	57890	37	1.28
E3	Sample 51	2	1	8	62470	36.96	1.28
E3	Sample 51	2	1	9	67070	37	1.28
E3	Sample 51	2	1	10	71680	36.96	1.28
E3	Sample 51	2	1	11	76270	36.96	1.28
E3	Sample 51	2	1	12	80880	37	1.29
E3	Sample 51	2	1	13	85490	37	1.28
E3	Sample 51	2	1	14	90080	36.96	1.29
E3	Sample 51	2	1	15	94680	36.96	1.28
E4	Sample 52	2	1	1	30310	36.96	1.29
E4	Sample 52	2	1	2	34870	37	1.27
E4	Sample 52	2	1	3	39470	36.96	1.28
E4	Sample 52	2	1	4	44070	37	1.27
E4	Sample 52	2	1	5	48680	36.96	1.27
E4	Sample 52	2	1	6	53280	37	1.28
E4	Sample 52	2	1	7	57890	37	1.25
E4	Sample 52	2	1	8	62470	36.96	1.26
E4	Sample 52	2	1	9	67070	37	1.27
E4	Sample 52	2	1	10	71680	36.96	1.27
E4	Sample 52	2	1	11	76270	36.96	1.26
E4	Sample 52	2	1	12	80880	37	1.27
E4	Sample 52	2	1	13	85490	37	1.26
E4	Sample 52	2	1	14	90080	36.96	1.27
E4	Sample 52	2	1	15	94680	36.96	1.27
E5	Sample 53	2	1	1	30310	36.96	5.07
E5	Sample 53	2	1	2	34870	37	5.05
E5	Sample 53	2	1	3	39470	36.96	5.05
E5	Sample 53	2	1	4	44070	37	5.03
E5	Sample 53	2	1	5	48680	36.96	5.02
E5	Sample 53	2	1	6	53280	37	5.02
E5	Sample 53	2	1	7	57890	37	4.99
E5	Sample 53	2	1	8	62470	36.96	5.01
E5	Sample 53	2	1	9	67070	37	5.01
E5	Sample 53	2	1	10	71680	36.96	4.99
E5	Sample 53	2	1	11	76270	36.96	5.00
E5	Sample 53	2	1	12	80880	37	5.00
E5	Sample 53	2	1	13	85490	37	5.00
E5	Sample 53	2	1	14	90080	36.96	5.00
E5	Sample 53	2	1	15	94680	36.96	5.00
E6	Sample 54	2	1	1	30310	36.96	4.77
E6	Sample 54	2	1	2	34870	37	4.76
E6	Sample 54	2	1	3	39470	36.96	4.77
E6	Sample 54	2	1	4	44070	37	4.75
E6	Sample 54	2	1	5	48680	36.96	4.75
E6	Sample 54	2	1	6	53280	37	4.74
E6	Sample 54	2	1	7	57890	37	4.72
E6	Sample 54	2	1	8	62470	36.96	4.72
E6	Sample 54	2	1	9	67070	37	4.72
E6	Sample 54	2	1	10	71680	36.96	4.72
E6	Sample 54	2	1	11	76270	36.96	4.73
E6	Sample 54	2	1	12	80880	37	4.73
E6	Sample 54	2	1	13	85490	37	4.71
E6	Sample 54	2	1	14	90080	36.96	4.73
E6	Sample 54	2	1	15	94680	36.96	4.73
E7	Sample 55	2	1	1	30310	36.96	5.05
E7	Sample 55	2	1	2	34870	37	5.06
E7	Sample 55	2	1	3	39470	36.96	5.04
E7	Sample 55	2	1	4	44070	37	5.03
E7	Sample 55	2	1	5	48680	36.96	5.02
E7	Sample 55	2	1	6	53280	37	5.01
E7	Sample 55	2	1	7	57890	37	5.00
E7	Sample 55	2	1	8	62470	36.96	5.00
E7	Sample 55	2	1	9	67070	37	5.02
E7	Sample 55	2	1	10	71680	36.96	5.00
E7	Sample 55	2	1	11	76270	36.96	5.01
E7	Sample 55	2	1	12	80880	37	5.02
E7	Sample 55	2	1	13	85490	37	5.00
E7	Sample 55	2	1	14	90080	36.96	5.01
E7	Sample 55	2	1	15	94680	36.96	4.98
E8	Sample 56	2	1	1	30310	36.96	4.79
E8	Sample 56	2	1	2	34870	37	4.75
E8	Sample 56	2	1	3	39470	36.96	4.75
E8	Sample 56	2	1	4	44070	37	4.73
E8	Sample 56	2	1	5	48680	36.96	4.72
E8	Sample 56	2	1	6	53280	37	4.72
E8	Sample 56	2	1	7	57890	37	4.69
E8	Sample 56	2	1	8	62470	36.96	4.70
E8	Sample 56	2	1	9	67070	37	4.71
E8	Sample 56	2	1	10	71680	36.96	4.71
E8	Sample 56	2	1	11	76270	36.96	4.69
E8	Sample 56	2	1	12	80880	37	4.68
E8	Sample 56	2	1	13	85490	37	4.69
E8	Sample 56	2	1	14	90080	36.96	4.70
E8	Sample 56	2	1	15	94680	36.96	4.69
E9	Sample 57	2	1	1	30310	36.96	1.67
E9	Sample 57	2	1	2	34870	37	1.66
E9	Sample 57	2	1	3	39470	36.96	1.65
E9	Sample 57	2	1	4	44070	37	1.66
E9	Sample 57	2	1	5	48680	36.96	1.66
E9	Sample 57	2	1	6	53280	37	1.66
E9	Sample 57	2	1	7	57890	37	1.64
E9	Sample 57	2	1	8	62470	36.96	1.66
E9	Sample 57	2	1	9	67070	37	1.66
E9	Sample 57	2	1	10	71680	36.96	1.66
E9	Sample 57	2	1	11	76270	36.96	1.65
E9	Sample 57	2	1	12	80880	37	1.65
E9	Sample 57	2	1	13	85490	37	1.66
E9	Sample 57	2	1	14	90080	36.96	1.65
E9	Sample 57	2	1	15	94680	36.96	1.66
E10	Sample 58	2	1	1	30310	36.96	3.14
E10	Sample 58	2	1	2	34870	37	3.13
E10	Sample 58	2	1	3	39470	36.96	3.13
E10	Sample 58	2	1	4	44070	37	3.12
E10	Sample 58	2	1	5	48680	36.96	3.11
E10	Sample 58	2	1	6	53280	37	3.13
E10	Sample 58	2	1	7	57890	37	3.11
E10	Sample 58	2	1	8	62470	36.96	3.11
E10	Sample 58	2	1	9	67070	37	3.12
E10	Sample 58	2	1	10	71680	36.96	3.11
E10	Sample 58	2	1	11	76270	36.96	3.13
E10	Sample 58	2	1	12	80880	37	3.13
E10	Sample 58	2	1	13	85490	37	3.11
E10	Sample 58	2	1	14	90080	36.96	3.12
E10	Sample 58	2	1	15	94680	36.96	3.10
E11	Sample 59	2	1	1	30310	36.96	1.83
E11	Sample 59	2	1	2	34870	37	1.81
E11	Sample 59	2	1	3	39470	36.96	1.82
E11	Sample 59	2	1	4	44070	37	1.81
E11	Sample 59	2	1	5	48680	36.96	1.80
E11	Sample 59	2	1	6	53280	37	1.81
E11	Sample 59	2	1	7	57890	37	1.80
E11	Sample 59	2	1	8	62470	36.96	1.80
E11	Sample 59	2	1	9	67070	37	1.80
E11	Sample 59	2	1	10	71680	36.96	1.80
E11	Sample 59	2	1	11	76270	36.96	1.80
E11	Sample 59	2	1	12	80880	37	1.80
E11	Sample 59	2	1	13	85490	37	1.80
E11	Sample 59	2	1	14	90080	36.96	1.81
E11	Sample 59	2	1	15	94680	36.96	1.80
E12	Sample 60	2	1	1	30310	36.96	1.71
E12	Sample 60	2	1	2	34870	37	1.71
E12	Sample 60	2	1	3	39470	36.96	1.71
E12	Sample 60	2	1	4	44070	37	1.71
E12	Sample 60	2	1	5	48680	36.96	1.71
E12	Sample 60	2	1	6	53280	37	1.71
E12	Sample 60	2	1	7	57890	37	1.70
E12	Sample 60	2	1	8	62470	36.96	1.71
E12	Sample 60	2	1	9	67070	37	1.70
E12	Sample 60	2	1	10	71680	36.96	1.70
E12	Sample 60	2	1	11	76270	36.96	1.70
E12	Sample 60	2	1	12	80880	37	1.70
E12	Sample 60	2	1	13	85490	37	1.70
E12	Sample 60	2	1	14	90080	36.96	1.70
E12	Sample 60	2	1	15	94680	36.96	1.70
F1	Sample 61	2	1	1	30310	36.96	0.95
F1	Sample 61	2	1	2	34870	37	0.96
F1	Sample 61	2	1	3	39470	36.96	0.95
F1	Sample 61	2	1	4	44070	37	0.94
F1	Sample 61	2	1	5	48680	36.96	0.93
F1	Sample 61	2	1	6	53280	37	0.95
F1	Sample 61	2	1	7	57890	37	0.93
F1	Sample 61	2	1	8	62470	36.96	0.93
F1	Sample 61	2	1	9	67070	37	0.93
F1	Sample 61	2	1	10	71680	36.96	0.93
F1	Sample 61	2	1	11	76270	36.96	0.93
F1	Sample 61	2	1	12	80880	37	0.93
F1	Sample 61	2	1	13	85490	37	0.93
F1	Sample 61	2	1	14	90080	36.96	0.94
F1	Sample 61	2	1	15	94680	36.96	0.93
F2	Sample 62	2	1	1	30310	36.96	0.95
F2	Sample 62	2	1	2	34870	37	0.96
F2	Sample 62	2	1	3	39470	36.96	0.95
F2	Sample 62	2	1	4	44070	37	0.94
F2	Sample 62	2	1	5	48680	36.96	0.95
F2	Sample 62	2	1	6	53280	37	0.94
F2	Sample 62	2	1	7	57890	37	0.94
F2	Sample 62	2	1	8	62470	36.96	0.93
F2	Sample 62	2	1	9	67070	37	0.94
F2	Sample 62	2	1	10	71680	36.96	0.94
F2	Sample 62	2	1	11	76270	36.96	0.93
F2	Sample 62	2	1	12	80880	37	0.95
F2	Sample 62	2	1	13	85490	37	0.94
F2	Sample 62	2	1	14	90080	36.96	0.94
F2	Sample 62	2	1	15	94680	36.96	0.94
F3	Sample 63	2	1	1	30310	36.96	1.76
F3	Sample 63	2	1	2	34870	37	1.76
F3	Sample 63	2	1	3	39470	36.96	1.77
F3	Sample 63	2	1	4	44070	37	1.75
F3	Sample 63	2	1	5	48680	36.96	1.75
F3	Sample 63	2	1	6	53280	37	1.76
F3	Sample 63	2	1	7	57890	37	1.75
F3	Sample 63	2	1	8	62470	36.96	1.74
F3	Sample 63	2	1	9	67070	37	1.75
F3	Sample 63	2	1	10	71680	36.96	1.75
F3	Sample 63	2	1	11	76270	36.96	1.75
F3	Sample 63	2	1	12	80880	37	1.75
F3	Sample 63	2	1	13	85490	37	1.74
F3	Sample 63	2	1	14	90080	36.96	1.75
F3	Sample 63	2	1	15	94680	36.96	1.75
F4	Sample 64	2	1	1	30310	36.96	1.65
F4	Sample 64	2	1	2	34870	37	1.65
F4	Sample 64	2	1	3	39470	36.96	1.65
F4	Sample 64	2	1	4	44070	37	1.64
F4	Sample 64	2	1	5	48680	36.96	1.64
F4	Sample 64	2	1	6	53280	37	1.64
F4	Sample 64	2	1	7	57890	37	1.64
F4	Sample 64	2	1	8	62470	36.96	1.64
F4	Sample 64	2	1	9	67070	37	1.64
F4	Sample 64	2	1	10	71680	36.96	1.64
F4	Sample 64	2	1	11	76270	36.96	1.64
F4	Sample 64	2	1	12	80880	37	1.64
F4	Sample 64	2	1	13	85490	37	1.64
F4	Sample 64	2	1	14	90080	36.96	1.65
F4	Sample 64	2	1	15	94680	36.96	1.65
F5	Sample 65	2	1	1	30310	36.96	4.91
F5	Sample 65	2	1	2	34870	37	4.89
F5	Sample 65	2	1	3	39470	36.96	4.88
F5	Sample 65	2	1	4	44070	37	4.87
F5	Sample 65	2	1	5	48680	36.96	4.84
F5	Sample 65	2	1	6	53280	37	4.88
F5	Sample 65	2	1	7	57890	37	4.84
F5	Sample 65	2	1	8	62470	36.96	4.85
F5	Sample 65	2	1	9	67070	37	4.85
F5	Sample 65	2	1	10	71680	36.96	4.86
F5	Sample 65	2	1	11	76270	36.96	4.85
F5	Sample 65	2	1	12	80880	37	4.86
F5	Sample 65	2	1	13	85490	37	4.86
F5	Sample 65	2	1	14	90080	36.96	4.86
F5	Sample 65	2	1	15	94680	36.96	4.85
F6	Sample 66	2	1	1	30310	36.96	4.56
F6	Sample 66	2	1	2	34870	37	4.55
F6	Sample 66	2	1	3	39470	36.96	4.53
F6	Sample 66	2	1	4	44070	37	4.53
F6	Sample 66	2	1	5	48680	36.96	4.51
F6	Sample 66	2	1	6	53280	37	4.53
F6	Sample 66	2	1	7	57890	37	4.51
F6	Sample 66	2	1	8	62470	36.96	4.49
F6	Sample 66	2	1	9	67070	37	4.51
F6	Sample 66	2	1	10	71680	36.96	4.49
F6	Sample 66	2	1	11	76270	36.96	4.49
F6	Sample 66	2	1	12	80880	37	4.49
F6	Sample 66	2	1	13	85490	37	4.50
F6	Sample 66	2	1	14	90080	36.96	4.49
F6	Sample 66	2	1	15	94680	36.96	4.48
F7	Sample 67	2	1	1	30310	36.96	5.00
F7	Sample 67	2	1	2	34870	37	4.99
F7	Sample 67	2	1	3	39470	36.96	4.97
F7	Sample 67	2	1	4	44070	37	4.96
F7	Sample 67	2	1	5	48680	36.96	4.94
F7	Sample 67	2	1	6	53280	37	4.95
F7	Sample 67	2	1	7	57890	37	4.91
F7	Sample 67	2	1	8	62470	36.96	4.93
F7	Sample 67	2	1	9	67070	37	4.93
F7	Sample 67	2	1	10	71680	36.96	4.93
F7	Sample 67	2	1	11	76270	36.96	4.92
F7	Sample 67	2	1	12	80880	37	4.92
F7	Sample 67	2	1	13	85490	37	4.92
F7	Sample 67	2	1	14	90080	36.96	4.92
F7	Sample 67	2	1	15	94680	36.96	4.93
F8	Sample 68	2	1	1	30310	36.96	4.99
F8	Sample 68	2	1	2	34870	37	4.96
F8	Sample 68	2	1	3	39470	36.96	4.96
F8	Sample 68	2	1	4	44070	37	4.96
F8	Sample 68	2	1	5	48680	36.96	4.95
F8	Sample 68	2	1	6	53280	37	4.94
F8	Sample 68	2	1	7	57890	37	4.93
F8	Sample 68	2	1	8	62470	36.96	4.92
F8	Sample 68	2	1	9	67070	37	4.93
F8	Sample 68	2	1	10	71680	36.96	4.92
F8	Sample 68	2	1	11	76270	36.96	4.92
F8	Sample 68	2	1	12	80880	37	4.92
F8	Sample 68	2	1	13	85490	37	4.92
F8	Sample 68	2	1	14	90080	36.96	4.92
F8	Sample 68	2	1	15	94680	36.96	4.93
F9	Sample 69	2	1	1	30310	36.96	2.26
F9	Sample 69	2	1	2	34870	37	2.26
F9	Sample 69	2	1	3	39470	36.96	2.26
F9	Sample 69	2	1	4	44070	37	2.25
F9	Sample 69	2	1	5	48680	36.96	2.25
F9	Sample 69	2	1	6	53280	37	2.25
F9	Sample 69	2	1	7	57890	37	2.24
F9	Sample 69	2	1	8	62470	36.96	2.24
F9	Sample 69	2	1	9	67070	37	2.24
F9	Sample 69	2	1	10	71680	36.96	2.24
F9	Sample 69	2	1	11	76270	36.96	2.25
F9	Sample 69	2	1	12	80880	37	2.25
F9	Sample 69	2	1	13	85490	37	2.25
F9	Sample 69	2	1	14	90080	36.96	2.25
F9	Sample 69	2	1	15	94680	36.96	2.25
F10	Sample 70	2	1	1	30310	36.96	3.73
F10	Sample 70	2	1	2	34870	37	3.72
F10	Sample 70	2	1	3	39470	36.96	3.71
F10	Sample 70	2	1	4	44070	37	3.71
F10	Sample 70	2	1	5	48680	36.96	3.70
F10	Sample 70	2	1	6	53280	37	3.70
F10	Sample 70	2	1	7	57890	37	3.69
F10	Sample 70	2	1	8	62470	36.96	3.69
F10	Sample 70	2	1	9	67070	37	3.71
F10	Sample 70	2	1	10	71680	36.96	3.69
F10	Sample 70	2	1	11	76270	36.96	3.70
F10	Sample 70	2	1	12	80880	37	3.70
F10	Sample 70	2	1	13	85490	37	3.71
F10	Sample 70	2	1	14	90080	36.96	3.71
F10	Sample 70	2	1	15	94680	36.96	3.70
F11	Sample 71	2	1	1	30310	36.96	3.11
F11	Sample 71	2	1	2	34870	37	3.10
F11	Sample 71	2	1	3	39470	36.96	3.10
F11	Sample 71	2	1	4	44070	37	3.09
F11	Sample 71	2	1	5	48680	36.96	3.09
F11	Sample 71	2	1	6	53280	37	3.08
F11	Sample 71	2	1	7	57890	37	3.08
F11	Sample 71	2	1	8	62470	36.96	3.07
F11	Sample 71	2	1	9	67070	37	3.08
F11	Sample 71	2	1	10	71680	36.96	3.08
F11	Sample 71	2	1	11	76270	36.96	3.08
F11	Sample 71	2	1	12	80880	37	3.08
F11	Sample 71	2	1	13	85490	37	3.08
F11	Sample 71	2	1	14	90080	36.96	3.09
F11	Sample 71	2	1	15	94680	36.96	3.08
F12	Sample 72	2	1	1	30310	36.96	3.08
F12	Sample 72	2	1	2	34870	37	3.08
F12	Sample 72	2	1	3	39470	36.96	3.09
F12	Sample 72	2	1	4	44070	37	3.07
F12	Sample 72	2	1	5	48680	36.96	3.06
F12	Sample 72	2	1	6	53280	37	3.08
F12	Sample 72	2	1	7	57890	37	3.06
F12	Sample 72	2	1	8	62470	36.96	3.05
F12	Sample 72	2	1	9	67070	37	3.07
F12	Sample 72	2	1	10	71680	36.96	3.05
F12	Sample 72	2	1	11	76270	36.96	3.06
F12	Sample 72	2	1	12	80880	37	3.07
F12	Sample 72	2	1	13	85490	37	3.07
F12	Sample 72	2	1	14	90080	36.96	3.08
F12	Sample 72	2	1	15	94680	36.96	3.06
G1	Sample 73	2	1	1	30310	36.96	1.02
G1	Sample 73	2	1	2	34870	37	1.02
G1	Sample 73	2	1	3	39470	36.96	1.03
G1	Sample 73	2	1	4	44070	37	1.03
G1	Sample 73	2	1	5	48680	36.96	1.02
G1	Sample 73	2	1	6	53280	37	1.02
G1	Sample 73	2	1	7	57890	37	1.02
G1	Sample 73	2	1	8	62470	36.96	1.02
G1	Sample 73	2	1	9	67070	37	1.01
G1	Sample 73	2	1	10	71680	36.96	1.02
G1	Sample 73	2	1	11	76270	36.96	1.02
G1	Sample 73	2	1	12	80880	37	1.02
G1	Sample 73	2	1	13	85490	37	1.02
G1	Sample 73	2	1	14	90080	36.96	1.02
G1	Sample 73	2	1	15	94680	36.96	1.02
G2	Sample 74	2	1	1	30310	36.96	1.16
G2	Sample 74	2	1	2	34870	37	1.17
G2	Sample 74	2	1	3	39470	36.96	1.17
G2	Sample 74	2	1	4	44070	37	1.17
G2	Sample 74	2	1	5	48680	36.96	1.16
G2	Sample 74	2	1	6	53280	37	1.16
G2	Sample 74	2	1	7	57890	37	1.16
G2	Sample 74	2	1	8	62470	36.96	1.16
G2	Sample 74	2	1	9	67070	37	1.15
G2	Sample 74	2	1	10	71680	36.96	1.15
G2	Sample 74	2	1	11	76270	36.96	1.15
G2	Sample 74	2	1	12	80880	37	1.17
G2	Sample 74	2	1	13	85490	37	1.15
G2	Sample 74	2	1	14	90080	36.96	1.16
G2	Sample 74	2	1	15	94680	36.96	1.16
G3	Sample 75	2	1	1	30310	36.96	2.13
G3	Sample 75	2	1	2	34870	37	2.13
G3	Sample 75	2	1	3	39470	36.96	2.13
G3	Sample 75	2	1	4	44070	37	2.14
G3	Sample 75	2	1	5	48680	36.96	2.13
G3	Sample 75	2	1	6	53280	37	2.13
G3	Sample 75	2	1	7	57890	37	2.14
G3	Sample 75	2	1	8	62470	36.96	2.13
G3	Sample 75	2	1	9	67070	37	2.13
G3	Sample 75	2	1	10	71680	36.96	2.14
G3	Sample 75	2	1	11	76270	36.96	2.13
G3	Sample 75	2	1	12	80880	37	2.13
G3	Sample 75	2	1	13	85490	37	2.13
G3	Sample 75	2	1	14	90080	36.96	2.13
G3	Sample 75	2	1	15	94680	36.96	2.13
G4	Sample 76	2	1	1	30310	36.96	2.16
G4	Sample 76	2	1	2	34870	37	2.15
G4	Sample 76	2	1	3	39470	36.96	2.16
G4	Sample 76	2	1	4	44070	37	2.16
G4	Sample 76	2	1	5	48680	36.96	2.15
G4	Sample 76	2	1	6	53280	37	2.17
G4	Sample 76	2	1	7	57890	37	2.16
G4	Sample 76	2	1	8	62470	36.96	2.16
G4	Sample 76	2	1	9	67070	37	2.16
G4	Sample 76	2	1	10	71680	36.96	2.15
G4	Sample 76	2	1	11	76270	36.96	2.16
G4	Sample 76	2	1	12	80880	37	2.17
G4	Sample 76	2	1	13	85490	37	2.16
G4	Sample 76	2	1	14	90080	36.96	2.17
G4	Sample 76	2	1	15	94680	36.96	2.18
G5	Sample 77	2	1	1	30310	36.96	4.91
G5	Sample 77	2	1	2	34870	37	4.92
G5	Sample 77	2	1	3	39470	36.96	4.92
G5	Sample 77	2	1	4	44070	37	4.91
G5	Sample 77	2	1	5	48680	36.96	4.88
G5	Sample 77	2	1	6	53280	37	4.90
G5	Sample 77	2	1	7	57890	37	4.89
G5	Sample 77	2	1	8	62470	36.96	4.87
G5	Sample 77	2	1	9	67070	37	4.87
G5	Sample 77	2	1	10	71680	36.96	4.87
G5	Sample 77	2	1	11	76270	36.96	4.88
G5	Sample 77	2	1	12	80880	37	4.87
G5	Sample 77	2	1	13	85490	37	4.88
G5	Sample 77	2	1	14	90080	36.96	4.87
G5	Sample 77	2	1	15	94680	36.96	4.87
G6	Sample 78	2	1	1	30310	36.96	4.52
G6	Sample 78	2	1	2	34870	37	4.54
G6	Sample 78	2	1	3	39470	36.96	4.52
G6	Sample 78	2	1	4	44070	37	4.52
G6	Sample 78	2	1	5	48680	36.96	4.51
G6	Sample 78	2	1	6	53280	37	4.51
G6	Sample 78	2	1	7	57890	37	4.50
G6	Sample 78	2	1	8	62470	36.96	4.48
G6	Sample 78	2	1	9	67070	37	4.48
G6	Sample 78	2	1	10	71680	36.96	4.50
G6	Sample 78	2	1	11	76270	36.96	4.49
G6	Sample 78	2	1	12	80880	37	4.50
G6	Sample 78	2	1	13	85490	37	4.47
G6	Sample 78	2	1	14	90080	36.96	4.49
G6	Sample 78	2	1	15	94680	36.96	4.49
G7	Sample 79	2	1	1	30310	36.96	4.90
G7	Sample 79	2	1	2	34870	37	4.88
G7	Sample 79	2	1	3	39470	36.96	4.90
G7	Sample 79	2	1	4	44070	37	4.88
G7	Sample 79	2	1	5	48680	36.96	4.87
G7	Sample 79	2	1	6	53280	37	4.85
G7	Sample 79	2	1	7	57890	37	4.85
G7	Sample 79	2	1	8	62470	36.96	4.85
G7	Sample 79	2	1	9	67070	37	4.86
G7	Sample 79	2	1	10	71680	36.96	4.86
G7	Sample 79	2	1	11	76270	36.96	4.84
G7	Sample 79	2	1	12	80880	37	4.87
G7	Sample 79	2	1	13	85490	37	4.84
G7	Sample 79	2	1	14	90080	36.96	4.85
G7	Sample 79	2	1	15	94680	36.96	4.86
G8	Sample 80	2	1	1	30310	36.96	4.78
G8	Sample 80	2	1	2	34870	37	4.74
G8	Sample 80	2	1	3	39470	36.96	4.74
G8	Sample 80	2	1	4	44070	37	4.73
G8	Sample 80	2	1	5	48680	36.96	4.73
G8	Sample 80	2	1	6	53280	37	4.73
G8	Sample 80	2	1	7	57890	37	4.74
G8	Sample 80	2	1	8	62470	36.96	4.71
G8	Sample 80	2	1	9	67070	37	4.72
G8	Sample 80	2	1	10	71680	36.96	4.72
G8	Sample 80	2	1	11	76270	36.96	4.72
G8	Sample 80	2	1	12	80880	37	4.70
G8	Sample 80	2	1	13	85490	37	4.70
G8	Sample 80	2	1	14	90080	36.96	4.71
G8	Sample 80	2	1	15	94680	36.96	4.72
G9	Sample 81	2	1	1	30310	36.96	3.30
G9	Sample 81	2	1	2	34870	37	3.29
G9	Sample 81	2	1	3	39470	36.96	3.30
G9	Sample 81	2	1	4	44070	37	3.28
G9	Sample 81	2	1	5	48680	36.96	3.30
G9	Sample 81	2	1	6	53280	37	3.28
G9	Sample 81	2	1	7	57890	37	3.29
G9	Sample 81	2	1	8	62470	36.96	3.27
G9	Sample 81	2	1	9	67070	37	3.29
G9	Sample 81	2	1	10	71680	36.96	3.29
G9	Sample 81	2	1	11	76270	36.96	3.28
G9	Sample 81	2	1	12	80880	37	3.28
G9	Sample 81	2	1	13	85490	37	3.29
G9	Sample 81	2	1	14	90080	36.96	3.29
G9	Sample 81	2	1	15	94680	36.96	3.29
G10	Sample 82	2	1	1	30310	36.96	4.10
G10	Sample 82	2	1	2	34870	37	4.10
G10	Sample 82	2	1	3	39470	36.96	4.09
G10	Sample 82	2	1	4	44070	37	4.09
G10	Sample 82	2	1	5	48680	36.96	4.07
G10	Sample 82	2	1	6	53280	37	4.08
G10	Sample 82	2	1	7	57890	37	4.07
G10	Sample 82	2	1	8	62470	36.96	4.07
G10	Sample 82	2	1	9	67070	37	4.07
G10	Sample 82	2	1	10	71680	36.96	4.07
G10	Sample 82	2	1	11	76270	36.96	4.06
G10	Sample 82	2	1	12	80880	37	4.06
G10	Sample 82	2	1	13	85490	37	4.09
G10	Sample 82	2	1	14	90080	36.96	4.09
G10	Sample 82	2	1	15	94680	36.96	4.06
G11	Sample 83	2	1	1	30310	36.96	4.00
G11	Sample 83	2	1	2	34870	37	4.00
G11	Sample 83	2	1	3	39470	36.96	3.99
G11	Sample 83	2	1	4	44070	37	3.98
G11	Sample 83	2	1	5	48680	36.96	3.97
G11	Sample 83	2	1	6	53280	37	3.98
G11	Sample 83	2	1	7	57890	37	3.98
G11	Sample 83	2	1	8	62470	36.96	3.97
G11	Sample 83	2	1	9	67070	37	3.97
G11	Sample 83	2	1	10	71680	36.96	3.97
G11	Sample 83	2	1	11	76270	36.96	3.98
G11	Sample 83	2	1	12	80880	37	3.97
G11	Sample 83	2	1	13	85490	37	3.98
G11	Sample 83	2	1	14	90080	36.96	3.99
G11	Sample 83	2	1	15	94680	36.96	4.00
G12	Sample 84	2	1	1	30310	36.96	3.64
G12	Sample 84	2	1	2	34870	37	3.66
G12	Sample 84	2	1	3	39470	36.96	3.65
G12	Sample 84	2	1	4	44070	37	3.65
G12	Sample 84	2	1	5	48680	36.96	3.64
G12	Sample 84	2	1	6	53280	37	3.64
G12	Sample 84	2	1	7	57890	37	3.64
G12	Sample 84	2	1	8	62470	36.96	3.64
G12	Sample 84	2	1	9	67070	37	3.63
G12	Sample 84	2	1	10	71680	36.96	3.64
G12	Sample 84	2	1	11	76270	36.96	3.64
G12	Sample 84	2	1	12	80880	37	3.65
G12	Sample 84	2	1	13	85490	37	3.65
G12	Sample 84	2	1	14	90080	36.96	3.65
G12	Sample 84	2	1	15	94680	36.96	3.64
H1	Sample 85	2	1	1	30310	36.96	2.02
H1	Sample 85	2	1	2	34870	37	2.01
H1	Sample 85	2	1	3	39470	36.96	2.03
H1	Sample 85	2	1	4	44070	37	2.03
H1	Sample 85	2	1	5	48680	36.96	2.03
H1	Sample 85	2	1	6	53280	37	2.03
H1	Sample 85	2	1	7	57890	37	2.02
H1	Sample 85	2	1	8	62470	36.96	2.02
H1	Sample 85	2	1	9	67070	37	2.01
H1	Sample 85	2	1	10	71680	36.96	2.01
H1	Sample 85	2	1	11	76270	36.96	2.03
H1	Sample 85	2	1	12	80880	37	2.03
H1	Sample 85	2	1	13	85490	37	2.02
H1	Sample 85	2	1	14	90080	36.96	2.00
H1	Sample 85	2	1	15	94680	36.96	2.00
H2	Sample 86	2	1	1	30310	36.96	2.04
H2	Sample 86	2	1	2	34870	37	2.01
H2	Sample 86	2	1	3	39470	36.96	2.06
H2	Sample 86	2	1	4	44070	37	2.07
H2	Sample 86	2	1	5	48680	36.96	1.98
H2	Sample 86	2	1	6	53280	37	2.07
H2	Sample 86	2	1	7	57890	37	2.00
H2	Sample 86	2	1	8	62470	36.96	1.99
H2	Sample 86	2	1	9	67070	37	1.99
H2	Sample 86	2	1	10	71680	36.96	1.98
H2	Sample 86	2	1	11	76270	36.96	2.00
H2	Sample 86	2	1	12	80880	37	1.99
H2	Sample 86	2	1	13	85490	37	1.99
H2	Sample 86	2	1	14	90080	36.96	2.00
H2	Sample 86	2	1	15	94680	36.96	2.00
H3	Sample 87	2	1	1	30310	36.96	2.23
H3	Sample 87	2	1	2	34870	37	2.22
H3	Sample 87	2	1	3	39470	36.96	2.29
H3	Sample 87	2	1	4	44070	37	2.21
H3	Sample 87	2	1	5	48680	36.96	2.20
H3	Sample 87	2	1	6	53280	37	2.26
H3	Sample 87	2	1	7	57890	37	2.20
H3	Sample 87	2	1	8	62470	36.96	2.19
H3	Sample 87	2	1	9	67070	37	2.19
H3	Sample 87	2	1	10	71680	36.96	2.19
H3	Sample 87	2	1	11	76270	36.96	2.19
H3	Sample 87	2	1	12	80880	37	2.22
H3	Sample 87	2	1	13	85490	37	2.22
H3	Sample 87	2	1	14	90080	36.96	2.20
H3	Sample 87	2	1	15	94680	36.96	2.21
H4	Sample 88	2	1	1	30310	36.96	2.27
H4	Sample 88	2	1	2	34870	37	2.26
H4	Sample 88	2	1	3	39470	36.96	2.25
H4	Sample 88	2	1	4	44070	37	2.25
H4	Sample 88	2	1	5	48680	36.96	2.24
H4	Sample 88	2	1	6	53280	37	2.25
H4	Sample 88	2	1	7	57890	37	2.26
H4	Sample 88	2	1	8	62470	36.96	2.26
H4	Sample 88	2	1	9	67070	37	2.26
H4	Sample 88	2	1	10	71680	36.96	2.25
H4	Sample 88	2	1	11	76270	36.96	2.27
H4	Sample 88	2	1	12	80880	37	2.26
H4	Sample 88	2	1	13	85490	37	2.26
H4	Sample 88	2	1	14	90080	36.96	2.27
H4	Sample 88	2	1	15	94680	36.96	2.27
H5	Sample 89	2	1	1	30310	36.96	4.84
H5	Sample 89	2	1	2	34870	37	4.81
H5	Sample 89	2	1	3	39470	36.96	4.81
H5	Sample 89	2	1	4	44070	37	4.80
H5	Sample 89	2	1	5	48680	36.96	4.80
H5	Sample 89	2	1	6	53280	37	4.81
H5	Sample 89	2	1	7	57890	37	4.79
H5	Sample 89	2	1	8	62470	36.96	4.80
H5	Sample 89	2	1	9	67070	37	4.78
H5	Sample 89	2	1	10	71680	36.96	4.79
H5	Sample 89	2	1	11	76270	36.96	4.81
H5	Sample 89	2	1	12	80880	37	4.81
H5	Sample 89	2	1	13	85490	37	4.80
H5	Sample 89	2	1	14	90080	36.96	4.80
H5	Sample 89	2	1	15	94680	36.96	4.80
H6	Sample 90	2	1	1	30310	36.96	4.65
H6	Sample 90	2	1	2	34870	37	4.63
H6	Sample 90	2	1	3	39470	36.96	4.64
H6	Sample 90	2	1	4	44070	37	4.60
H6	Sample 90	2	1	5	48680	36.96	4.62
H6	Sample 90	2	1	6	53280	37	4.61
H6	Sample 90	2	1	7	57890	37	4.61
H6	Sample 90	2	1	8	62470	36.96	4.60
H6	Sample 90	2	1	9	67070	37	4.59
H6	Sample 90	2	1	10	71680	36.96	4.59
H6	Sample 90	2	1	11	76270	36.96	4.61
H6	Sample 90	2	1	12	80880	37	4.62
H6	Sample 90	2	1	13	85490	37	4.61
H6	Sample 90	2	1	14	90080	36.96	4.61
H6	Sample 90	2	1	15	94680	36.96	4.61
H7	Sample 91	2	1	1	30310	36.96	4.79
H7	Sample 91	2	1	2	34870	37	4.78
H7	Sample 91	2	1	3	39470	36.96	4.78
H7	Sample 91	2	1	4	44070	37	4.76
H7	Sample 91	2	1	5	48680	36.96	4.77
H7	Sample 91	2	1	6	53280	37	4.75
H7	Sample 91	2	1	7	57890	37	4.77
H7	Sample 91	2	1	8	62470	36.96	4.76
H7	Sample 91	2	1	9	67070	37	4.76
H7	Sample 91	2	1	10	71680	36.96	4.76
H7	Sample 91	2	1	11	76270	36.96	4.76
H7	Sample 91	2	1	12	80880	37	4.77
H7	Sample 91	2	1	13	85490	37	4.78
H7	Sample 91	2	1	14	90080	36.96	4.78
H7	Sample 91	2	1	15	94680	36.96	4.78
H8	Sample 92	2	1	1	30310	36.96	4.61
H8	Sample 92	2	1	2	34870	37	4.60
H8	Sample 92	2	1	3	39470	36.96	4.60
H8	Sample 92	2	1	4	44070	37	4.59
H8	Sample 92	2	1	5	48680	36.96	4.59
H8	Sample 92	2	1	6	53280	37	4.58
H8	Sample 92	2	1	7	57890	37	4.58
H8	Sample 92	2	1	8	62470	36.96	4.56
H8	Sample 92	2	1	9	67070	37	4.56
H8	Sample 92	2	1	10	71680	36.96	4.55
H8	Sample 92	2	1	11	76270	36.96	4.56
H8	Sample 92	2	1	12	80880	37	4.55
H8	Sample 92	2	1	13	85490	37	4.55
H8	Sample 92	2	1	14	90080	36.96	4.55
H8	Sample 92	2	1	15	94680	36.96	4.57
H9	Sample 93	2	1	1	30310	36.96	3.93
H9	Sample 93	2	1	2	34870	37	3.93
H9	Sample 93	2	1	3	39470	36.96	3.93
H9	Sample 93	2	1	4	44070	37	3.92
H9	Sample 93	2	1	5	48680	36.96	3.91
H9	Sample 93	2	1	6	53280	37	3.93
H9	Sample 93	2	1	7	57890	37	3.93
H9	Sample 93	2	1	8	62470	36.96	3.93
H9	Sample 93	2	1	9	67070	37	3.91
H9	Sample 93	2	1	10	71680	36.96	3.93
H9	Sample 93	2	1	11	76270	36.96	3.94
H9	Sample 93	2	1	12	80880	37	3.93
H9	Sample 93	2	1	13	85490	37	3.95
H9	Sample 93	2	1	14	90080	36.96	3.95
H9	Sample 93	2	1	15	94680	36.96	3.96
H10	Sample 94	2	1	1	30310	36.96	3.81
H10	Sample 94	2	1	2	34870	37	3.81
H10	Sample 94	2	1	3	39470	36.96	3.81
H10	Sample 94	2	1	4	44070	37	3.81
H10	Sample 94	2	1	5	48680	36.96	3.81
H10	Sample 94	2	1	6	53280	37	3.80
H10	Sample 94	2	1	7	57890	37	3.80
H10	Sample 94	2	1	8	62470	36.96	3.79
H10	Sample 94	2	1	9	67070	37	3.80
H10	Sample 94	2	1	10	71680	36.96	3.81
H10	Sample 94	2	1	11	76270	36.96	3.79
H10	Sample 94	2	1	12	80880	37	3.81
H10	Sample 94	2	1	13	85490	37	3.81
H10	Sample 94	2	1	14	90080	36.96	3.81
H10	Sample 94	2	1	15	94680	36.96	3.82
H11	Sample 95	2	1	1	30310	36.96	3.63
H11	Sample 95	2	1	2	34870	37	3.61
H11	Sample 95	2	1	3	39470	36.96	3.61
H11	Sample 95	2	1	4	44070	37	3.61
H11	Sample 95	2	1	5	48680	36.96	3.61
H11	Sample 95	2	1	6	53280	37	3.62
H11	Sample 95	2	1	7	57890	37	3.61
H11	Sample 95	2	1	8	62470	36.96	3.60
H11	Sample 95	2	1	9	67070	37	3.60
H11	Sample 95	2	1	10	71680	36.96	3.60
H11	Sample 95	2	1	11	76270	36.96	3.60
H11	Sample 95	2	1	12	80880	37	3.61
H11	Sample 95	2	1	13	85490	37	3.62
H11	Sample 95	2	1	14	90080	36.96	3.62
H11	Sample 95	2	1	15	94680	36.96	3.62
H12	Sample 96	2	1	1	30310	36.96	3.59
H12	Sample 96	2	1	2	34870	37	3.59
H12	Sample 96	2	1	3	39470	36.96	3.59
H12	Sample 96	2	1	4	44070	37	3.59
H12	Sample 96	2	1	5	48680	36.96	3.57
H12	Sample 96	2	1	6	53280	37	3.59
H12	Sample 96	2	1	7	57890	37	3.58
H12	Sample 96	2	1	8	62470	36.96	3.57
H12	Sample 96	2	1	9	67070	37	3.56
H12	Sample 96	2	1	10	71680	36.96	3.58
H12	Sample 96	2	1	11	76270	36.96	3.58
H12	Sample 96	2	1	12	80880	37	3.58
H12	Sample 96	2	1	13	85490	37	3.58
H12	Sample 96	2	1	14	90080	36.96	3.59
H12	Sample 96	2	1	15	94680	36.96	3.59
