Raw Data 		Experiment - evIC50_3_plate6_11APRIL2026 (Run on LCS480 1.5.1.62)																			
SamplePos	SampleName	Prog#	Seg#	Cycle#	Time	Temp	465-510														
A1	Sample 1	2	1	1	34290	36.96	1.71														
A1	Sample 1	2	1	2	39250	37	1.7														
A1	Sample 1	2	1	3	44250	36.96	1.71														
A1	Sample 1	2	1	4	49270	37	1.7														
A1	Sample 1	2	1	5	54260	37	1.7														
A1	Sample 1	2	1	6	59250	37	1.7														
A1	Sample 1	2	1	7	64260	37	1.7														
A1	Sample 1	2	1	8	69260	37	1.71														
A1	Sample 1	2	1	9	74250	37	1.7														
A1	Sample 1	2	1	10	79260	37	1.71														
A1	Sample 1	2	1	11	84250	36.96	1.69														
A1	Sample 1	2	1	12	89260	36.91	1.71														
A1	Sample 1	2	1	13	94270	37	1.7														
A1	Sample 1	2	1	14	99250	36.96	1.7														
A1	Sample 1	2	1	15	104260	36.96	1.7														
A2	Sample 2	2	1	1	34290	36.96	2.04														
A2	Sample 2	2	1	2	39250	37	2.04														
A2	Sample 2	2	1	3	44250	36.96	2.03														
A2	Sample 2	2	1	4	49270	37	2.04														
A2	Sample 2	2	1	5	54260	37	2.03														
A2	Sample 2	2	1	6	59250	37	2.03														
A2	Sample 2	2	1	7	64260	37	2.03														
A2	Sample 2	2	1	8	69260	37	2.03														
A2	Sample 2	2	1	9	74250	37	2.02														
A2	Sample 2	2	1	10	79260	37	2.03														
A2	Sample 2	2	1	11	84250	36.96	2.03														
A2	Sample 2	2	1	12	89260	36.91	2.03														
A2	Sample 2	2	1	13	94270	37	2.02														
A2	Sample 2	2	1	14	99250	36.96	2.03														
A2	Sample 2	2	1	15	104260	36.96	2.02														
A3	Sample 3	2	1	1	34290	36.96	1.89														
A3	Sample 3	2	1	2	39250	37	1.88														
A3	Sample 3	2	1	3	44250	36.96	1.88														
A3	Sample 3	2	1	4	49270	37	1.88														
A3	Sample 3	2	1	5	54260	37	1.88														
A3	Sample 3	2	1	6	59250	37	1.88														
A3	Sample 3	2	1	7	64260	37	1.88														
A3	Sample 3	2	1	8	69260	37	1.88														
A3	Sample 3	2	1	9	74250	37	1.88														
A3	Sample 3	2	1	10	79260	37	1.87														
A3	Sample 3	2	1	11	84250	36.96	1.88														
A3	Sample 3	2	1	12	89260	36.91	1.87														
A3	Sample 3	2	1	13	94270	37	1.87														
A3	Sample 3	2	1	14	99250	36.96	1.88														
A3	Sample 3	2	1	15	104260	36.96	1.88														
A4	Sample 4	2	1	1	34290	36.96	2.02														
A4	Sample 4	2	1	2	39250	37	2.01														
A4	Sample 4	2	1	3	44250	36.96	2.02														
A4	Sample 4	2	1	4	49270	37	2.01														
A4	Sample 4	2	1	5	54260	37	2.01														
A4	Sample 4	2	1	6	59250	37	2.01														
A4	Sample 4	2	1	7	64260	37	2.02														
A4	Sample 4	2	1	8	69260	37	2.02														
A4	Sample 4	2	1	9	74250	37	2.01														
A4	Sample 4	2	1	10	79260	37	2.01														
A4	Sample 4	2	1	11	84250	36.96	2.01														
A4	Sample 4	2	1	12	89260	36.91	2.01														
A4	Sample 4	2	1	13	94270	37	2.01														
A4	Sample 4	2	1	14	99250	36.96	2.02														
A4	Sample 4	2	1	15	104260	36.96	2.01														
A5	Sample 5	2	1	1	34290	36.96	1.62														
A5	Sample 5	2	1	2	39250	37	1.6														
A5	Sample 5	2	1	3	44250	36.96	1.61														
A5	Sample 5	2	1	4	49270	37	1.6														
A5	Sample 5	2	1	5	54260	37	1.61														
A5	Sample 5	2	1	6	59250	37	1.61														
A5	Sample 5	2	1	7	64260	37	1.6														
A5	Sample 5	2	1	8	69260	37	1.61														
A5	Sample 5	2	1	9	74250	37	1.61														
A5	Sample 5	2	1	10	79260	37	1.6														
A5	Sample 5	2	1	11	84250	36.96	1.61														
A5	Sample 5	2	1	12	89260	36.91	1.6														
A5	Sample 5	2	1	13	94270	37	1.6														
A5	Sample 5	2	1	14	99250	36.96	1.6														
A5	Sample 5	2	1	15	104260	36.96	1.6			1.7	2.02	1.88	2.01	1.6	1.51	1.54	1.65	2.61	2.48	2.55	2.27
A6	Sample 6	2	1	1	34290	36.96	1.52														
A6	Sample 6	2	1	2	39250	37	1.51														
A6	Sample 6	2	1	3	44250	36.96	1.51														
A6	Sample 6	2	1	4	49270	37	1.51														
A6	Sample 6	2	1	5	54260	37	1.51														
A6	Sample 6	2	1	6	59250	37	1.51														
A6	Sample 6	2	1	7	64260	37	1.51														
A6	Sample 6	2	1	8	69260	37	1.51														
A6	Sample 6	2	1	9	74250	37	1.51														
A6	Sample 6	2	1	10	79260	37	1.51														
A6	Sample 6	2	1	11	84250	36.96	1.51														
A6	Sample 6	2	1	12	89260	36.91	1.51														
A6	Sample 6	2	1	13	94270	37	1.51														
A6	Sample 6	2	1	14	99250	36.96	1.51														
A6	Sample 6	2	1	15	104260	36.96	1.51			1.56	1.69	1.79	1.97	1.44	1.47	1.39	1.49	2.63	2.51	2.7	2.39
A7	Sample 7	2	1	1	34290	36.96	1.55														
A7	Sample 7	2	1	2	39250	37	1.54														
A7	Sample 7	2	1	3	44250	36.96	1.54														
A7	Sample 7	2	1	4	49270	37	1.54														
A7	Sample 7	2	1	5	54260	37	1.55														
A7	Sample 7	2	1	6	59250	37	1.54														
A7	Sample 7	2	1	7	64260	37	1.54														
A7	Sample 7	2	1	8	69260	37	1.55														
A7	Sample 7	2	1	9	74250	37	1.54														
A7	Sample 7	2	1	10	79260	37	1.54														
A7	Sample 7	2	1	11	84250	36.96	1.54														
A7	Sample 7	2	1	12	89260	36.91	1.54														
A7	Sample 7	2	1	13	94270	37	1.53														
A7	Sample 7	2	1	14	99250	36.96	1.54														
A7	Sample 7	2	1	15	104260	36.96	1.54			1.61	1.74	1.83	1.93	1.38	1.55	1.49	1.43	2.67	2.51	2.62	2.44
A8	Sample 8	2	1	1	34290	36.96	1.65														
A8	Sample 8	2	1	2	39250	37	1.65														
A8	Sample 8	2	1	3	44250	36.96	1.66														
A8	Sample 8	2	1	4	49270	37	1.66														
A8	Sample 8	2	1	5	54260	37	1.65														
A8	Sample 8	2	1	6	59250	37	1.66														
A8	Sample 8	2	1	7	64260	37	1.66														
A8	Sample 8	2	1	8	69260	37	1.65														
A8	Sample 8	2	1	9	74250	37	1.65														
A8	Sample 8	2	1	10	79260	37	1.65														
A8	Sample 8	2	1	11	84250	36.96	1.65														
A8	Sample 8	2	1	12	89260	36.91	1.65														
A8	Sample 8	2	1	13	94270	37	1.64														
A8	Sample 8	2	1	14	99250	36.96	1.65														
A8	Sample 8	2	1	15	104260	36.96	1.65			1.71	1.77	1.73	1.81	1.41	1.37	1.47	1.45	2.66	2.58	2.61	2.39
A9	Sample 9	2	1	1	34290	36.96	2.62														
A9	Sample 9	2	1	2	39250	37	2.62														
A9	Sample 9	2	1	3	44250	36.96	2.62														
A9	Sample 9	2	1	4	49270	37	2.62														
A9	Sample 9	2	1	5	54260	37	2.61														
A9	Sample 9	2	1	6	59250	37	2.61														
A9	Sample 9	2	1	7	64260	37	2.62														
A9	Sample 9	2	1	8	69260	37	2.61														
A9	Sample 9	2	1	9	74250	37	2.61														
A9	Sample 9	2	1	10	79260	37	2.61														
A9	Sample 9	2	1	11	84250	36.96	2.62														
A9	Sample 9	2	1	12	89260	36.91	2.62														
A9	Sample 9	2	1	13	94270	37	2.61														
A9	Sample 9	2	1	14	99250	36.96	2.62														
A9	Sample 9	2	1	15	104260	36.96	2.61			1.61	1.72	1.66	1.97	1.53	1.38	1.42	1.39	2.51	2.46	2.76	2.49
A10	Sample 10	2	1	1	34290	36.96	2.5														
A10	Sample 10	2	1	2	39250	37	2.49														
A10	Sample 10	2	1	3	44250	36.96	2.49														
A10	Sample 10	2	1	4	49270	37	2.49														
A10	Sample 10	2	1	5	54260	37	2.49														
A10	Sample 10	2	1	6	59250	37	2.49														
A10	Sample 10	2	1	7	64260	37	2.48														
A10	Sample 10	2	1	8	69260	37	2.49														
A10	Sample 10	2	1	9	74250	37	2.48														
A10	Sample 10	2	1	10	79260	37	2.49														
A10	Sample 10	2	1	11	84250	36.96	2.49														
A10	Sample 10	2	1	12	89260	36.91	2.48														
A10	Sample 10	2	1	13	94270	37	2.48														
A10	Sample 10	2	1	14	99250	36.96	2.48														
A10	Sample 10	2	1	15	104260	36.96	2.48			1.68	1.8	1.93	2.01	1.49	1.34	1.54	1.54	2.71	2.53	2.92	2.67
A11	Sample 11	2	1	1	34290	36.96	2.57														
A11	Sample 11	2	1	2	39250	37	2.56														
A11	Sample 11	2	1	3	44250	36.96	2.56														
A11	Sample 11	2	1	4	49270	37	2.56														
A11	Sample 11	2	1	5	54260	37	2.56														
A11	Sample 11	2	1	6	59250	37	2.55														
A11	Sample 11	2	1	7	64260	37	2.56														
A11	Sample 11	2	1	8	69260	37	2.56														
A11	Sample 11	2	1	9	74250	37	2.55														
A11	Sample 11	2	1	10	79260	37	2.56														
A11	Sample 11	2	1	11	84250	36.96	2.56														
A11	Sample 11	2	1	12	89260	36.91	2.54														
A11	Sample 11	2	1	13	94270	37	2.55														
A11	Sample 11	2	1	14	99250	36.96	2.55														
A11	Sample 11	2	1	15	104260	36.96	2.55			1.73	1.8	1.99	2.08	1.47	1.41	1.48	1.47	2.67	2.62	2.98	2.75
A12	Sample 12	2	1	1	34290	36.96	2.27														
A12	Sample 12	2	1	2	39250	37	2.28														
A12	Sample 12	2	1	3	44250	36.96	2.28														
A12	Sample 12	2	1	4	49270	37	2.28														
A12	Sample 12	2	1	5	54260	37	2.27														
A12	Sample 12	2	1	6	59250	37	2.27														
A12	Sample 12	2	1	7	64260	37	2.27														
A12	Sample 12	2	1	8	69260	37	2.27														
A12	Sample 12	2	1	9	74250	37	2.27														
A12	Sample 12	2	1	10	79260	37	2.27														
A12	Sample 12	2	1	11	84250	36.96	2.27														
A12	Sample 12	2	1	12	89260	36.91	2.27														
A12	Sample 12	2	1	13	94270	37	2.26														
A12	Sample 12	2	1	14	99250	36.96	2.26														
A12	Sample 12	2	1	15	104260	36.96	2.27			1.73	1.66	1.9	1.96	1.47	1.39	1.5	1.52	2.97	2.77	2.74	2.74
B1	Sample 13	2	1	1	34290	36.96	1.58														
B1	Sample 13	2	1	2	39250	37	1.58														
B1	Sample 13	2	1	3	44250	36.96	1.57														
B1	Sample 13	2	1	4	49270	37	1.57														
B1	Sample 13	2	1	5	54260	37	1.57														
B1	Sample 13	2	1	6	59250	37	1.57														
B1	Sample 13	2	1	7	64260	37	1.57														
B1	Sample 13	2	1	8	69260	37	1.57														
B1	Sample 13	2	1	9	74250	37	1.57														
B1	Sample 13	2	1	10	79260	37	1.57														
B1	Sample 13	2	1	11	84250	36.96	1.57														
B1	Sample 13	2	1	12	89260	36.91	1.57														
B1	Sample 13	2	1	13	94270	37	1.56														
B1	Sample 13	2	1	14	99250	36.96	1.57														
B1	Sample 13	2	1	15	104260	36.96	1.56														
B2	Sample 14	2	1	1	34290	36.96	1.72														
B2	Sample 14	2	1	2	39250	37	1.72														
B2	Sample 14	2	1	3	44250	36.96	1.71														
B2	Sample 14	2	1	4	49270	37	1.7														
B2	Sample 14	2	1	5	54260	37	1.71														
B2	Sample 14	2	1	6	59250	37	1.71														
B2	Sample 14	2	1	7	64260	37	1.7														
B2	Sample 14	2	1	8	69260	37	1.7														
B2	Sample 14	2	1	9	74250	37	1.71														
B2	Sample 14	2	1	10	79260	37	1.7														
B2	Sample 14	2	1	11	84250	36.96	1.7														
B2	Sample 14	2	1	12	89260	36.91	1.7														
B2	Sample 14	2	1	13	94270	37	1.7														
B2	Sample 14	2	1	14	99250	36.96	1.7														
B2	Sample 14	2	1	15	104260	36.96	1.69														
B3	Sample 15	2	1	1	34290	36.96	1.81														
B3	Sample 15	2	1	2	39250	37	1.81														
B3	Sample 15	2	1	3	44250	36.96	1.8														
B3	Sample 15	2	1	4	49270	37	1.8														
B3	Sample 15	2	1	5	54260	37	1.81														
B3	Sample 15	2	1	6	59250	37	1.8														
B3	Sample 15	2	1	7	64260	37	1.8														
B3	Sample 15	2	1	8	69260	37	1.8														
B3	Sample 15	2	1	9	74250	37	1.79														
B3	Sample 15	2	1	10	79260	37	1.79														
B3	Sample 15	2	1	11	84250	36.96	1.79														
B3	Sample 15	2	1	12	89260	36.91	1.8														
B3	Sample 15	2	1	13	94270	37	1.8														
B3	Sample 15	2	1	14	99250	36.96	1.79														
B3	Sample 15	2	1	15	104260	36.96	1.79														
B4	Sample 16	2	1	1	34290	36.96	1.99														
B4	Sample 16	2	1	2	39250	37	1.99														
B4	Sample 16	2	1	3	44250	36.96	1.99														
B4	Sample 16	2	1	4	49270	37	1.99														
B4	Sample 16	2	1	5	54260	37	1.99														
B4	Sample 16	2	1	6	59250	37	1.98														
B4	Sample 16	2	1	7	64260	37	1.98														
B4	Sample 16	2	1	8	69260	37	1.98														
B4	Sample 16	2	1	9	74250	37	1.98														
B4	Sample 16	2	1	10	79260	37	1.98														
B4	Sample 16	2	1	11	84250	36.96	1.97														
B4	Sample 16	2	1	12	89260	36.91	1.97														
B4	Sample 16	2	1	13	94270	37	1.97														
B4	Sample 16	2	1	14	99250	36.96	1.96														
B4	Sample 16	2	1	15	104260	36.96	1.97														
B5	Sample 17	2	1	1	34290	36.96	1.46														
B5	Sample 17	2	1	2	39250	37	1.46														
B5	Sample 17	2	1	3	44250	36.96	1.45														
B5	Sample 17	2	1	4	49270	37	1.45														
B5	Sample 17	2	1	5	54260	37	1.45														
B5	Sample 17	2	1	6	59250	37	1.45														
B5	Sample 17	2	1	7	64260	37	1.45														
B5	Sample 17	2	1	8	69260	37	1.45														
B5	Sample 17	2	1	9	74250	37	1.44														
B5	Sample 17	2	1	10	79260	37	1.44														
B5	Sample 17	2	1	11	84250	36.96	1.44														
B5	Sample 17	2	1	12	89260	36.91	1.45														
B5	Sample 17	2	1	13	94270	37	1.44														
B5	Sample 17	2	1	14	99250	36.96	1.44														
B5	Sample 17	2	1	15	104260	36.96	1.44														
B6	Sample 18	2	1	1	34290	36.96	1.5														
B6	Sample 18	2	1	2	39250	37	1.5														
B6	Sample 18	2	1	3	44250	36.96	1.49														
B6	Sample 18	2	1	4	49270	37	1.48														
B6	Sample 18	2	1	5	54260	37	1.49														
B6	Sample 18	2	1	6	59250	37	1.48														
B6	Sample 18	2	1	7	64260	37	1.48														
B6	Sample 18	2	1	8	69260	37	1.49														
B6	Sample 18	2	1	9	74250	37	1.48														
B6	Sample 18	2	1	10	79260	37	1.47														
B6	Sample 18	2	1	11	84250	36.96	1.48														
B6	Sample 18	2	1	12	89260	36.91	1.48														
B6	Sample 18	2	1	13	94270	37	1.48														
B6	Sample 18	2	1	14	99250	36.96	1.48														
B6	Sample 18	2	1	15	104260	36.96	1.47														
B7	Sample 19	2	1	1	34290	36.96	1.41														
B7	Sample 19	2	1	2	39250	37	1.41														
B7	Sample 19	2	1	3	44250	36.96	1.4														
B7	Sample 19	2	1	4	49270	37	1.41														
B7	Sample 19	2	1	5	54260	37	1.4														
B7	Sample 19	2	1	6	59250	37	1.4														
B7	Sample 19	2	1	7	64260	37	1.4														
B7	Sample 19	2	1	8	69260	37	1.39														
B7	Sample 19	2	1	9	74250	37	1.4														
B7	Sample 19	2	1	10	79260	37	1.39														
B7	Sample 19	2	1	11	84250	36.96	1.4														
B7	Sample 19	2	1	12	89260	36.91	1.39														
B7	Sample 19	2	1	13	94270	37	1.39														
B7	Sample 19	2	1	14	99250	36.96	1.4														
B7	Sample 19	2	1	15	104260	36.96	1.39														
B8	Sample 20	2	1	1	34290	36.96	1.51														
B8	Sample 20	2	1	2	39250	37	1.5														
B8	Sample 20	2	1	3	44250	36.96	1.51														
B8	Sample 20	2	1	4	49270	37	1.5														
B8	Sample 20	2	1	5	54260	37	1.5														
B8	Sample 20	2	1	6	59250	37	1.49														
B8	Sample 20	2	1	7	64260	37	1.5														
B8	Sample 20	2	1	8	69260	37	1.5														
B8	Sample 20	2	1	9	74250	37	1.5														
B8	Sample 20	2	1	10	79260	37	1.49														
B8	Sample 20	2	1	11	84250	36.96	1.49														
B8	Sample 20	2	1	12	89260	36.91	1.49														
B8	Sample 20	2	1	13	94270	37	1.5														
B8	Sample 20	2	1	14	99250	36.96	1.5														
B8	Sample 20	2	1	15	104260	36.96	1.49														
B9	Sample 21	2	1	1	34290	36.96	2.67														
B9	Sample 21	2	1	2	39250	37	2.65														
B9	Sample 21	2	1	3	44250	36.96	2.65														
B9	Sample 21	2	1	4	49270	37	2.65														
B9	Sample 21	2	1	5	54260	37	2.65														
B9	Sample 21	2	1	6	59250	37	2.64														
B9	Sample 21	2	1	7	64260	37	2.65														
B9	Sample 21	2	1	8	69260	37	2.65														
B9	Sample 21	2	1	9	74250	37	2.64														
B9	Sample 21	2	1	10	79260	37	2.64														
B9	Sample 21	2	1	11	84250	36.96	2.64														
B9	Sample 21	2	1	12	89260	36.91	2.64														
B9	Sample 21	2	1	13	94270	37	2.63														
B9	Sample 21	2	1	14	99250	36.96	2.62														
B9	Sample 21	2	1	15	104260	36.96	2.63														
B10	Sample 22	2	1	1	34290	36.96	2.54														
B10	Sample 22	2	1	2	39250	37	2.53														
B10	Sample 22	2	1	3	44250	36.96	2.52														
B10	Sample 22	2	1	4	49270	37	2.53														
B10	Sample 22	2	1	5	54260	37	2.53														
B10	Sample 22	2	1	6	59250	37	2.52														
B10	Sample 22	2	1	7	64260	37	2.52														
B10	Sample 22	2	1	8	69260	37	2.52														
B10	Sample 22	2	1	9	74250	37	2.51														
B10	Sample 22	2	1	10	79260	37	2.51														
B10	Sample 22	2	1	11	84250	36.96	2.51														
B10	Sample 22	2	1	12	89260	36.91	2.52														
B10	Sample 22	2	1	13	94270	37	2.51														
B10	Sample 22	2	1	14	99250	36.96	2.51														
B10	Sample 22	2	1	15	104260	36.96	2.51														
B11	Sample 23	2	1	1	34290	36.96	2.74														
B11	Sample 23	2	1	2	39250	37	2.72														
B11	Sample 23	2	1	3	44250	36.96	2.73														
B11	Sample 23	2	1	4	49270	37	2.72														
B11	Sample 23	2	1	5	54260	37	2.72														
B11	Sample 23	2	1	6	59250	37	2.71														
B11	Sample 23	2	1	7	64260	37	2.71														
B11	Sample 23	2	1	8	69260	37	2.72														
B11	Sample 23	2	1	9	74250	37	2.71														
B11	Sample 23	2	1	10	79260	37	2.7														
B11	Sample 23	2	1	11	84250	36.96	2.71														
B11	Sample 23	2	1	12	89260	36.91	2.71														
B11	Sample 23	2	1	13	94270	37	2.71														
B11	Sample 23	2	1	14	99250	36.96	2.71														
B11	Sample 23	2	1	15	104260	36.96	2.7														
B12	Sample 24	2	1	1	34290	36.96	2.41														
B12	Sample 24	2	1	2	39250	37	2.39														
B12	Sample 24	2	1	3	44250	36.96	2.39														
B12	Sample 24	2	1	4	49270	37	2.39														
B12	Sample 24	2	1	5	54260	37	2.38														
B12	Sample 24	2	1	6	59250	37	2.38														
B12	Sample 24	2	1	7	64260	37	2.39														
B12	Sample 24	2	1	8	69260	37	2.38														
B12	Sample 24	2	1	9	74250	37	2.39														
B12	Sample 24	2	1	10	79260	37	2.38														
B12	Sample 24	2	1	11	84250	36.96	2.38														
B12	Sample 24	2	1	12	89260	36.91	2.38														
B12	Sample 24	2	1	13	94270	37	2.38														
B12	Sample 24	2	1	14	99250	36.96	2.37														
B12	Sample 24	2	1	15	104260	36.96	2.39														
C1	Sample 25	2	1	1	34290	36.96	1.62														
C1	Sample 25	2	1	2	39250	37	1.62														
C1	Sample 25	2	1	3	44250	36.96	1.62														
C1	Sample 25	2	1	4	49270	37	1.62														
C1	Sample 25	2	1	5	54260	37	1.62														
C1	Sample 25	2	1	6	59250	37	1.62														
C1	Sample 25	2	1	7	64260	37	1.61														
C1	Sample 25	2	1	8	69260	37	1.61														
C1	Sample 25	2	1	9	74250	37	1.61														
C1	Sample 25	2	1	10	79260	37	1.61														
C1	Sample 25	2	1	11	84250	36.96	1.61														
C1	Sample 25	2	1	12	89260	36.91	1.61														
C1	Sample 25	2	1	13	94270	37	1.61														
C1	Sample 25	2	1	14	99250	36.96	1.61														
C1	Sample 25	2	1	15	104260	36.96	1.61														
C2	Sample 26	2	1	1	34290	36.96	1.77														
C2	Sample 26	2	1	2	39250	37	1.76														
C2	Sample 26	2	1	3	44250	36.96	1.77														
C2	Sample 26	2	1	4	49270	37	1.77														
C2	Sample 26	2	1	5	54260	37	1.77														
C2	Sample 26	2	1	6	59250	37	1.76														
C2	Sample 26	2	1	7	64260	37	1.76														
C2	Sample 26	2	1	8	69260	37	1.75														
C2	Sample 26	2	1	9	74250	37	1.75														
C2	Sample 26	2	1	10	79260	37	1.76														
C2	Sample 26	2	1	11	84250	36.96	1.76														
C2	Sample 26	2	1	12	89260	36.91	1.75														
C2	Sample 26	2	1	13	94270	37	1.76														
C2	Sample 26	2	1	14	99250	36.96	1.75														
C2	Sample 26	2	1	15	104260	36.96	1.74														
C3	Sample 27	2	1	1	34290	36.96	1.86														
C3	Sample 27	2	1	2	39250	37	1.86														
C3	Sample 27	2	1	3	44250	36.96	1.86														
C3	Sample 27	2	1	4	49270	37	1.85														
C3	Sample 27	2	1	5	54260	37	1.85														
C3	Sample 27	2	1	6	59250	37	1.85														
C3	Sample 27	2	1	7	64260	37	1.84														
C3	Sample 27	2	1	8	69260	37	1.85														
C3	Sample 27	2	1	9	74250	37	1.84														
C3	Sample 27	2	1	10	79260	37	1.84														
C3	Sample 27	2	1	11	84250	36.96	1.85														
C3	Sample 27	2	1	12	89260	36.91	1.84														
C3	Sample 27	2	1	13	94270	37	1.84														
C3	Sample 27	2	1	14	99250	36.96	1.84														
C3	Sample 27	2	1	15	104260	36.96	1.83														
C4	Sample 28	2	1	1	34290	36.96	1.95														
C4	Sample 28	2	1	2	39250	37	1.95														
C4	Sample 28	2	1	3	44250	36.96	1.94														
C4	Sample 28	2	1	4	49270	37	1.94														
C4	Sample 28	2	1	5	54260	37	1.94														
C4	Sample 28	2	1	6	59250	37	1.94														
C4	Sample 28	2	1	7	64260	37	1.93														
C4	Sample 28	2	1	8	69260	37	1.94														
C4	Sample 28	2	1	9	74250	37	1.93														
C4	Sample 28	2	1	10	79260	37	1.92														
C4	Sample 28	2	1	11	84250	36.96	1.93														
C4	Sample 28	2	1	12	89260	36.91	1.93														
C4	Sample 28	2	1	13	94270	37	1.92														
C4	Sample 28	2	1	14	99250	36.96	1.92														
C4	Sample 28	2	1	15	104260	36.96	1.93														
C5	Sample 29	2	1	1	34290	36.96	1.4														
C5	Sample 29	2	1	2	39250	37	1.4														
C5	Sample 29	2	1	3	44250	36.96	1.4														
C5	Sample 29	2	1	4	49270	37	1.39														
C5	Sample 29	2	1	5	54260	37	1.39														
C5	Sample 29	2	1	6	59250	37	1.39														
C5	Sample 29	2	1	7	64260	37	1.38														
C5	Sample 29	2	1	8	69260	37	1.39														
C5	Sample 29	2	1	9	74250	37	1.38														
C5	Sample 29	2	1	10	79260	37	1.38														
C5	Sample 29	2	1	11	84250	36.96	1.38														
C5	Sample 29	2	1	12	89260	36.91	1.38														
C5	Sample 29	2	1	13	94270	37	1.38														
C5	Sample 29	2	1	14	99250	36.96	1.38														
C5	Sample 29	2	1	15	104260	36.96	1.38														
C6	Sample 30	2	1	1	34290	36.96	1.58														
C6	Sample 30	2	1	2	39250	37	1.57														
C6	Sample 30	2	1	3	44250	36.96	1.57														
C6	Sample 30	2	1	4	49270	37	1.57														
C6	Sample 30	2	1	5	54260	37	1.56														
C6	Sample 30	2	1	6	59250	37	1.56														
C6	Sample 30	2	1	7	64260	37	1.55														
C6	Sample 30	2	1	8	69260	37	1.56														
C6	Sample 30	2	1	9	74250	37	1.56														
C6	Sample 30	2	1	10	79260	37	1.55														
C6	Sample 30	2	1	11	84250	36.96	1.55														
C6	Sample 30	2	1	12	89260	36.91	1.55														
C6	Sample 30	2	1	13	94270	37	1.55														
C6	Sample 30	2	1	14	99250	36.96	1.55														
C6	Sample 30	2	1	15	104260	36.96	1.55														
C7	Sample 31	2	1	1	34290	36.96	1.5														
C7	Sample 31	2	1	2	39250	37	1.5														
C7	Sample 31	2	1	3	44250	36.96	1.49														
C7	Sample 31	2	1	4	49270	37	1.5														
C7	Sample 31	2	1	5	54260	37	1.49														
C7	Sample 31	2	1	6	59250	37	1.49														
C7	Sample 31	2	1	7	64260	37	1.49														
C7	Sample 31	2	1	8	69260	37	1.49														
C7	Sample 31	2	1	9	74250	37	1.48														
C7	Sample 31	2	1	10	79260	37	1.48														
C7	Sample 31	2	1	11	84250	36.96	1.48														
C7	Sample 31	2	1	12	89260	36.91	1.48														
C7	Sample 31	2	1	13	94270	37	1.48														
C7	Sample 31	2	1	14	99250	36.96	1.48														
C7	Sample 31	2	1	15	104260	36.96	1.49														
C8	Sample 32	2	1	1	34290	36.96	1.45														
C8	Sample 32	2	1	2	39250	37	1.44														
C8	Sample 32	2	1	3	44250	36.96	1.44														
C8	Sample 32	2	1	4	49270	37	1.45														
C8	Sample 32	2	1	5	54260	37	1.44														
C8	Sample 32	2	1	6	59250	37	1.44														
C8	Sample 32	2	1	7	64260	37	1.44														
C8	Sample 32	2	1	8	69260	37	1.44														
C8	Sample 32	2	1	9	74250	37	1.43														
C8	Sample 32	2	1	10	79260	37	1.43														
C8	Sample 32	2	1	11	84250	36.96	1.43														
C8	Sample 32	2	1	12	89260	36.91	1.43														
C8	Sample 32	2	1	13	94270	37	1.43														
C8	Sample 32	2	1	14	99250	36.96	1.43														
C8	Sample 32	2	1	15	104260	36.96	1.43														
C9	Sample 33	2	1	1	34290	36.96	2.71														
C9	Sample 33	2	1	2	39250	37	2.7														
C9	Sample 33	2	1	3	44250	36.96	2.69														
C9	Sample 33	2	1	4	49270	37	2.7														
C9	Sample 33	2	1	5	54260	37	2.69														
C9	Sample 33	2	1	6	59250	37	2.68														
C9	Sample 33	2	1	7	64260	37	2.68														
C9	Sample 33	2	1	8	69260	37	2.69														
C9	Sample 33	2	1	9	74250	37	2.68														
C9	Sample 33	2	1	10	79260	37	2.67														
C9	Sample 33	2	1	11	84250	36.96	2.68														
C9	Sample 33	2	1	12	89260	36.91	2.67														
C9	Sample 33	2	1	13	94270	37	2.67														
C9	Sample 33	2	1	14	99250	36.96	2.66														
C9	Sample 33	2	1	15	104260	36.96	2.67														
C10	Sample 34	2	1	1	34290	36.96	2.56														
C10	Sample 34	2	1	2	39250	37	2.55														
C10	Sample 34	2	1	3	44250	36.96	2.55														
C10	Sample 34	2	1	4	49270	37	2.54														
C10	Sample 34	2	1	5	54260	37	2.53														
C10	Sample 34	2	1	6	59250	37	2.53														
C10	Sample 34	2	1	7	64260	37	2.53														
C10	Sample 34	2	1	8	69260	37	2.53														
C10	Sample 34	2	1	9	74250	37	2.52														
C10	Sample 34	2	1	10	79260	37	2.51														
C10	Sample 34	2	1	11	84250	36.96	2.52														
C10	Sample 34	2	1	12	89260	36.91	2.52														
C10	Sample 34	2	1	13	94270	37	2.52														
C10	Sample 34	2	1	14	99250	36.96	2.52														
C10	Sample 34	2	1	15	104260	36.96	2.51														
C11	Sample 35	2	1	1	34290	36.96	2.67														
C11	Sample 35	2	1	2	39250	37	2.66														
C11	Sample 35	2	1	3	44250	36.96	2.67														
C11	Sample 35	2	1	4	49270	37	2.66														
C11	Sample 35	2	1	5	54260	37	2.64														
C11	Sample 35	2	1	6	59250	37	2.65														
C11	Sample 35	2	1	7	64260	37	2.64														
C11	Sample 35	2	1	8	69260	37	2.64														
C11	Sample 35	2	1	9	74250	37	2.63														
C11	Sample 35	2	1	10	79260	37	2.63														
C11	Sample 35	2	1	11	84250	36.96	2.62														
C11	Sample 35	2	1	12	89260	36.91	2.64														
C11	Sample 35	2	1	13	94270	37	2.63														
C11	Sample 35	2	1	14	99250	36.96	2.62														
C11	Sample 35	2	1	15	104260	36.96	2.62														
C12	Sample 36	2	1	1	34290	36.96	2.47														
C12	Sample 36	2	1	2	39250	37	2.47														
C12	Sample 36	2	1	3	44250	36.96	2.46														
C12	Sample 36	2	1	4	49270	37	2.46														
C12	Sample 36	2	1	5	54260	37	2.45														
C12	Sample 36	2	1	6	59250	37	2.45														
C12	Sample 36	2	1	7	64260	37	2.44														
C12	Sample 36	2	1	8	69260	37	2.45														
C12	Sample 36	2	1	9	74250	37	2.45														
C12	Sample 36	2	1	10	79260	37	2.44														
C12	Sample 36	2	1	11	84250	36.96	2.45														
C12	Sample 36	2	1	12	89260	36.91	2.45														
C12	Sample 36	2	1	13	94270	37	2.43														
C12	Sample 36	2	1	14	99250	36.96	2.44														
C12	Sample 36	2	1	15	104260	36.96	2.44														
D1	Sample 37	2	1	1	34290	36.96	1.71														
D1	Sample 37	2	1	2	39250	37	1.7														
D1	Sample 37	2	1	3	44250	36.96	1.71														
D1	Sample 37	2	1	4	49270	37	1.71														
D1	Sample 37	2	1	5	54260	37	1.7														
D1	Sample 37	2	1	6	59250	37	1.7														
D1	Sample 37	2	1	7	64260	37	1.7														
D1	Sample 37	2	1	8	69260	37	1.7														
D1	Sample 37	2	1	9	74250	37	1.7														
D1	Sample 37	2	1	10	79260	37	1.7														
D1	Sample 37	2	1	11	84250	36.96	1.69														
D1	Sample 37	2	1	12	89260	36.91	1.7														
D1	Sample 37	2	1	13	94270	37	1.7														
D1	Sample 37	2	1	14	99250	36.96	1.7														
D1	Sample 37	2	1	15	104260	36.96	1.71														
D2	Sample 38	2	1	1	34290	36.96	1.79														
D2	Sample 38	2	1	2	39250	37	1.79														
D2	Sample 38	2	1	3	44250	36.96	1.79														
D2	Sample 38	2	1	4	49270	37	1.79														
D2	Sample 38	2	1	5	54260	37	1.79														
D2	Sample 38	2	1	6	59250	37	1.78														
D2	Sample 38	2	1	7	64260	37	1.78														
D2	Sample 38	2	1	8	69260	37	1.77														
D2	Sample 38	2	1	9	74250	37	1.78														
D2	Sample 38	2	1	10	79260	37	1.78														
D2	Sample 38	2	1	11	84250	36.96	1.77														
D2	Sample 38	2	1	12	89260	36.91	1.78														
D2	Sample 38	2	1	13	94270	37	1.77														
D2	Sample 38	2	1	14	99250	36.96	1.77														
D2	Sample 38	2	1	15	104260	36.96	1.77														
D3	Sample 39	2	1	1	34290	36.96	1.75														
D3	Sample 39	2	1	2	39250	37	1.75														
D3	Sample 39	2	1	3	44250	36.96	1.74														
D3	Sample 39	2	1	4	49270	37	1.73														
D3	Sample 39	2	1	5	54260	37	1.74														
D3	Sample 39	2	1	6	59250	37	1.73														
D3	Sample 39	2	1	7	64260	37	1.73														
D3	Sample 39	2	1	8	69260	37	1.73														
D3	Sample 39	2	1	9	74250	37	1.73														
D3	Sample 39	2	1	10	79260	37	1.73														
D3	Sample 39	2	1	11	84250	36.96	1.73														
D3	Sample 39	2	1	12	89260	36.91	1.74														
D3	Sample 39	2	1	13	94270	37	1.73														
D3	Sample 39	2	1	14	99250	36.96	1.74														
D3	Sample 39	2	1	15	104260	36.96	1.73														
D4	Sample 40	2	1	1	34290	36.96	1.84														
D4	Sample 40	2	1	2	39250	37	1.83														
D4	Sample 40	2	1	3	44250	36.96	1.82														
D4	Sample 40	2	1	4	49270	37	1.82														
D4	Sample 40	2	1	5	54260	37	1.82														
D4	Sample 40	2	1	6	59250	37	1.82														
D4	Sample 40	2	1	7	64260	37	1.83														
D4	Sample 40	2	1	8	69260	37	1.81														
D4	Sample 40	2	1	9	74250	37	1.82														
D4	Sample 40	2	1	10	79260	37	1.81														
D4	Sample 40	2	1	11	84250	36.96	1.81														
D4	Sample 40	2	1	12	89260	36.91	1.81														
D4	Sample 40	2	1	13	94270	37	1.81														
D4	Sample 40	2	1	14	99250	36.96	1.82														
D4	Sample 40	2	1	15	104260	36.96	1.81														
D5	Sample 41	2	1	1	34290	36.96	1.43														
D5	Sample 41	2	1	2	39250	37	1.41														
D5	Sample 41	2	1	3	44250	36.96	1.41														
D5	Sample 41	2	1	4	49270	37	1.41														
D5	Sample 41	2	1	5	54260	37	1.41														
D5	Sample 41	2	1	6	59250	37	1.4														
D5	Sample 41	2	1	7	64260	37	1.41														
D5	Sample 41	2	1	8	69260	37	1.4														
D5	Sample 41	2	1	9	74250	37	1.41														
D5	Sample 41	2	1	10	79260	37	1.4														
D5	Sample 41	2	1	11	84250	36.96	1.41														
D5	Sample 41	2	1	12	89260	36.91	1.41														
D5	Sample 41	2	1	13	94270	37	1.41														
D5	Sample 41	2	1	14	99250	36.96	1.4														
D5	Sample 41	2	1	15	104260	36.96	1.41														
D6	Sample 42	2	1	1	34290	36.96	1.39														
D6	Sample 42	2	1	2	39250	37	1.39														
D6	Sample 42	2	1	3	44250	36.96	1.38														
D6	Sample 42	2	1	4	49270	37	1.38														
D6	Sample 42	2	1	5	54260	37	1.37														
D6	Sample 42	2	1	6	59250	37	1.37														
D6	Sample 42	2	1	7	64260	37	1.37														
D6	Sample 42	2	1	8	69260	37	1.37														
D6	Sample 42	2	1	9	74250	37	1.38														
D6	Sample 42	2	1	10	79260	37	1.37														
D6	Sample 42	2	1	11	84250	36.96	1.37														
D6	Sample 42	2	1	12	89260	36.91	1.37														
D6	Sample 42	2	1	13	94270	37	1.36														
D6	Sample 42	2	1	14	99250	36.96	1.37														
D6	Sample 42	2	1	15	104260	36.96	1.37														
D7	Sample 43	2	1	1	34290	36.96	1.49														
D7	Sample 43	2	1	2	39250	37	1.49														
D7	Sample 43	2	1	3	44250	36.96	1.49														
D7	Sample 43	2	1	4	49270	37	1.48														
D7	Sample 43	2	1	5	54260	37	1.48														
D7	Sample 43	2	1	6	59250	37	1.47														
D7	Sample 43	2	1	7	64260	37	1.48														
D7	Sample 43	2	1	8	69260	37	1.48														
D7	Sample 43	2	1	9	74250	37	1.47														
D7	Sample 43	2	1	10	79260	37	1.46														
D7	Sample 43	2	1	11	84250	36.96	1.48														
D7	Sample 43	2	1	12	89260	36.91	1.47														
D7	Sample 43	2	1	13	94270	37	1.47														
D7	Sample 43	2	1	14	99250	36.96	1.47														
D7	Sample 43	2	1	15	104260	36.96	1.47														
D8	Sample 44	2	1	1	34290	36.96	1.47														
D8	Sample 44	2	1	2	39250	37	1.46														
D8	Sample 44	2	1	3	44250	36.96	1.46														
D8	Sample 44	2	1	4	49270	37	1.46														
D8	Sample 44	2	1	5	54260	37	1.46														
D8	Sample 44	2	1	6	59250	37	1.45														
D8	Sample 44	2	1	7	64260	37	1.45														
D8	Sample 44	2	1	8	69260	37	1.44														
D8	Sample 44	2	1	9	74250	37	1.45														
D8	Sample 44	2	1	10	79260	37	1.45														
D8	Sample 44	2	1	11	84250	36.96	1.45														
D8	Sample 44	2	1	12	89260	36.91	1.45														
D8	Sample 44	2	1	13	94270	37	1.45														
D8	Sample 44	2	1	14	99250	36.96	1.45														
D8	Sample 44	2	1	15	104260	36.96	1.45														
D9	Sample 45	2	1	1	34290	36.96	2.7														
D9	Sample 45	2	1	2	39250	37	2.69														
D9	Sample 45	2	1	3	44250	36.96	2.69														
D9	Sample 45	2	1	4	49270	37	2.68														
D9	Sample 45	2	1	5	54260	37	2.66														
D9	Sample 45	2	1	6	59250	37	2.66														
D9	Sample 45	2	1	7	64260	37	2.67														
D9	Sample 45	2	1	8	69260	37	2.67														
D9	Sample 45	2	1	9	74250	37	2.67														
D9	Sample 45	2	1	10	79260	37	2.66														
D9	Sample 45	2	1	11	84250	36.96	2.67														
D9	Sample 45	2	1	12	89260	36.91	2.66														
D9	Sample 45	2	1	13	94270	37	2.66														
D9	Sample 45	2	1	14	99250	36.96	2.67														
D9	Sample 45	2	1	15	104260	36.96	2.66														
D10	Sample 46	2	1	1	34290	36.96	2.61														
D10	Sample 46	2	1	2	39250	37	2.61														
D10	Sample 46	2	1	3	44250	36.96	2.6														
D10	Sample 46	2	1	4	49270	37	2.6														
D10	Sample 46	2	1	5	54260	37	2.6														
D10	Sample 46	2	1	6	59250	37	2.59														
D10	Sample 46	2	1	7	64260	37	2.59														
D10	Sample 46	2	1	8	69260	37	2.59														
D10	Sample 46	2	1	9	74250	37	2.59														
D10	Sample 46	2	1	10	79260	37	2.59														
D10	Sample 46	2	1	11	84250	36.96	2.58														
D10	Sample 46	2	1	12	89260	36.91	2.59														
D10	Sample 46	2	1	13	94270	37	2.58														
D10	Sample 46	2	1	14	99250	36.96	2.59														
D10	Sample 46	2	1	15	104260	36.96	2.58														
D11	Sample 47	2	1	1	34290	36.96	2.64														
D11	Sample 47	2	1	2	39250	37	2.64														
D11	Sample 47	2	1	3	44250	36.96	2.63														
D11	Sample 47	2	1	4	49270	37	2.63														
D11	Sample 47	2	1	5	54260	37	2.62														
D11	Sample 47	2	1	6	59250	37	2.62														
D11	Sample 47	2	1	7	64260	37	2.61														
D11	Sample 47	2	1	8	69260	37	2.62														
D11	Sample 47	2	1	9	74250	37	2.61														
D11	Sample 47	2	1	10	79260	37	2.62														
D11	Sample 47	2	1	11	84250	36.96	2.61														
D11	Sample 47	2	1	12	89260	36.91	2.62														
D11	Sample 47	2	1	13	94270	37	2.62														
D11	Sample 47	2	1	14	99250	36.96	2.62														
D11	Sample 47	2	1	15	104260	36.96	2.61														
D12	Sample 48	2	1	1	34290	36.96	2.41														
D12	Sample 48	2	1	2	39250	37	2.4														
D12	Sample 48	2	1	3	44250	36.96	2.4														
D12	Sample 48	2	1	4	49270	37	2.39														
D12	Sample 48	2	1	5	54260	37	2.4														
D12	Sample 48	2	1	6	59250	37	2.39														
D12	Sample 48	2	1	7	64260	37	2.4														
D12	Sample 48	2	1	8	69260	37	2.39														
D12	Sample 48	2	1	9	74250	37	2.39														
D12	Sample 48	2	1	10	79260	37	2.39														
D12	Sample 48	2	1	11	84250	36.96	2.39														
D12	Sample 48	2	1	12	89260	36.91	2.38														
D12	Sample 48	2	1	13	94270	37	2.38														
D12	Sample 48	2	1	14	99250	36.96	2.39														
D12	Sample 48	2	1	15	104260	36.96	2.39														
E1	Sample 49	2	1	1	34290	36.96	1.62														
E1	Sample 49	2	1	2	39250	37	1.62														
E1	Sample 49	2	1	3	44250	36.96	1.61														
E1	Sample 49	2	1	4	49270	37	1.62														
E1	Sample 49	2	1	5	54260	37	1.62														
E1	Sample 49	2	1	6	59250	37	1.62														
E1	Sample 49	2	1	7	64260	37	1.61														
E1	Sample 49	2	1	8	69260	37	1.62														
E1	Sample 49	2	1	9	74250	37	1.61														
E1	Sample 49	2	1	10	79260	37	1.61														
E1	Sample 49	2	1	11	84250	36.96	1.61														
E1	Sample 49	2	1	12	89260	36.91	1.61														
E1	Sample 49	2	1	13	94270	37	1.62														
E1	Sample 49	2	1	14	99250	36.96	1.61														
E1	Sample 49	2	1	15	104260	36.96	1.61														
E2	Sample 50	2	1	1	34290	36.96	1.74														
E2	Sample 50	2	1	2	39250	37	1.74														
E2	Sample 50	2	1	3	44250	36.96	1.74														
E2	Sample 50	2	1	4	49270	37	1.74														
E2	Sample 50	2	1	5	54260	37	1.73														
E2	Sample 50	2	1	6	59250	37	1.73														
E2	Sample 50	2	1	7	64260	37	1.73														
E2	Sample 50	2	1	8	69260	37	1.74														
E2	Sample 50	2	1	9	74250	37	1.72														
E2	Sample 50	2	1	10	79260	37	1.72														
E2	Sample 50	2	1	11	84250	36.96	1.72														
E2	Sample 50	2	1	12	89260	36.91	1.72														
E2	Sample 50	2	1	13	94270	37	1.73														
E2	Sample 50	2	1	14	99250	36.96	1.73														
E2	Sample 50	2	1	15	104260	36.96	1.72														
E3	Sample 51	2	1	1	34290	36.96	1.7														
E3	Sample 51	2	1	2	39250	37	1.68														
E3	Sample 51	2	1	3	44250	36.96	1.68														
E3	Sample 51	2	1	4	49270	37	1.69														
E3	Sample 51	2	1	5	54260	37	1.68														
E3	Sample 51	2	1	6	59250	37	1.68														
E3	Sample 51	2	1	7	64260	37	1.67														
E3	Sample 51	2	1	8	69260	37	1.68														
E3	Sample 51	2	1	9	74250	37	1.67														
E3	Sample 51	2	1	10	79260	37	1.67														
E3	Sample 51	2	1	11	84250	36.96	1.66														
E3	Sample 51	2	1	12	89260	36.91	1.67														
E3	Sample 51	2	1	13	94270	37	1.67														
E3	Sample 51	2	1	14	99250	36.96	1.67														
E3	Sample 51	2	1	15	104260	36.96	1.66														
E4	Sample 52	2	1	1	34290	36.96	2														
E4	Sample 52	2	1	2	39250	37	2														
E4	Sample 52	2	1	3	44250	36.96	1.99														
E4	Sample 52	2	1	4	49270	37	1.99														
E4	Sample 52	2	1	5	54260	37	1.98														
E4	Sample 52	2	1	6	59250	37	1.98														
E4	Sample 52	2	1	7	64260	37	1.98														
E4	Sample 52	2	1	8	69260	37	1.98														
E4	Sample 52	2	1	9	74250	37	1.97														
E4	Sample 52	2	1	10	79260	37	1.97														
E4	Sample 52	2	1	11	84250	36.96	1.97														
E4	Sample 52	2	1	12	89260	36.91	1.97														
E4	Sample 52	2	1	13	94270	37	1.97														
E4	Sample 52	2	1	14	99250	36.96	1.97														
E4	Sample 52	2	1	15	104260	36.96	1.97														
E5	Sample 53	2	1	1	34290	36.96	1.54														
E5	Sample 53	2	1	2	39250	37	1.54														
E5	Sample 53	2	1	3	44250	36.96	1.54														
E5	Sample 53	2	1	4	49270	37	1.54														
E5	Sample 53	2	1	5	54260	37	1.53														
E5	Sample 53	2	1	6	59250	37	1.53														
E5	Sample 53	2	1	7	64260	37	1.53														
E5	Sample 53	2	1	8	69260	37	1.53														
E5	Sample 53	2	1	9	74250	37	1.53														
E5	Sample 53	2	1	10	79260	37	1.53														
E5	Sample 53	2	1	11	84250	36.96	1.52														
E5	Sample 53	2	1	12	89260	36.91	1.53														
E5	Sample 53	2	1	13	94270	37	1.52														
E5	Sample 53	2	1	14	99250	36.96	1.52														
E5	Sample 53	2	1	15	104260	36.96	1.53														
E6	Sample 54	2	1	1	34290	36.96	1.4														
E6	Sample 54	2	1	2	39250	37	1.4														
E6	Sample 54	2	1	3	44250	36.96	1.4														
E6	Sample 54	2	1	4	49270	37	1.4														
E6	Sample 54	2	1	5	54260	37	1.39														
E6	Sample 54	2	1	6	59250	37	1.39														
E6	Sample 54	2	1	7	64260	37	1.4														
E6	Sample 54	2	1	8	69260	37	1.4														
E6	Sample 54	2	1	9	74250	37	1.39														
E6	Sample 54	2	1	10	79260	37	1.39														
E6	Sample 54	2	1	11	84250	36.96	1.39														
E6	Sample 54	2	1	12	89260	36.91	1.39														
E6	Sample 54	2	1	13	94270	37	1.39														
E6	Sample 54	2	1	14	99250	36.96	1.39														
E6	Sample 54	2	1	15	104260	36.96	1.38														
E7	Sample 55	2	1	1	34290	36.96	1.45														
E7	Sample 55	2	1	2	39250	37	1.45														
E7	Sample 55	2	1	3	44250	36.96	1.44														
E7	Sample 55	2	1	4	49270	37	1.43														
E7	Sample 55	2	1	5	54260	37	1.44														
E7	Sample 55	2	1	6	59250	37	1.43														
E7	Sample 55	2	1	7	64260	37	1.43														
E7	Sample 55	2	1	8	69260	37	1.43														
E7	Sample 55	2	1	9	74250	37	1.44														
E7	Sample 55	2	1	10	79260	37	1.43														
E7	Sample 55	2	1	11	84250	36.96	1.42														
E7	Sample 55	2	1	12	89260	36.91	1.43														
E7	Sample 55	2	1	13	94270	37	1.43														
E7	Sample 55	2	1	14	99250	36.96	1.43														
E7	Sample 55	2	1	15	104260	36.96	1.42														
E8	Sample 56	2	1	1	34290	36.96	1.41														
E8	Sample 56	2	1	2	39250	37	1.41														
E8	Sample 56	2	1	3	44250	36.96	1.41														
E8	Sample 56	2	1	4	49270	37	1.41														
E8	Sample 56	2	1	5	54260	37	1.4														
E8	Sample 56	2	1	6	59250	37	1.4														
E8	Sample 56	2	1	7	64260	37	1.4														
E8	Sample 56	2	1	8	69260	37	1.4														
E8	Sample 56	2	1	9	74250	37	1.4														
E8	Sample 56	2	1	10	79260	37	1.39														
E8	Sample 56	2	1	11	84250	36.96	1.39														
E8	Sample 56	2	1	12	89260	36.91	1.39														
E8	Sample 56	2	1	13	94270	37	1.39														
E8	Sample 56	2	1	14	99250	36.96	1.39														
E8	Sample 56	2	1	15	104260	36.96	1.39														
E9	Sample 57	2	1	1	34290	36.96	2.54														
E9	Sample 57	2	1	2	39250	37	2.53														
E9	Sample 57	2	1	3	44250	36.96	2.53														
E9	Sample 57	2	1	4	49270	37	2.52														
E9	Sample 57	2	1	5	54260	37	2.52														
E9	Sample 57	2	1	6	59250	37	2.51														
E9	Sample 57	2	1	7	64260	37	2.51														
E9	Sample 57	2	1	8	69260	37	2.52														
E9	Sample 57	2	1	9	74250	37	2.51														
E9	Sample 57	2	1	10	79260	37	2.51														
E9	Sample 57	2	1	11	84250	36.96	2.51														
E9	Sample 57	2	1	12	89260	36.91	2.51														
E9	Sample 57	2	1	13	94270	37	2.5														
E9	Sample 57	2	1	14	99250	36.96	2.5														
E9	Sample 57	2	1	15	104260	36.96	2.51														
E10	Sample 58	2	1	1	34290	36.96	2.49														
E10	Sample 58	2	1	2	39250	37	2.48														
E10	Sample 58	2	1	3	44250	36.96	2.48														
E10	Sample 58	2	1	4	49270	37	2.48														
E10	Sample 58	2	1	5	54260	37	2.48														
E10	Sample 58	2	1	6	59250	37	2.47														
E10	Sample 58	2	1	7	64260	37	2.47														
E10	Sample 58	2	1	8	69260	37	2.46														
E10	Sample 58	2	1	9	74250	37	2.47														
E10	Sample 58	2	1	10	79260	37	2.46														
E10	Sample 58	2	1	11	84250	36.96	2.45														
E10	Sample 58	2	1	12	89260	36.91	2.47														
E10	Sample 58	2	1	13	94270	37	2.46														
E10	Sample 58	2	1	14	99250	36.96	2.46														
E10	Sample 58	2	1	15	104260	36.96	2.46														
E11	Sample 59	2	1	1	34290	36.96	2.8														
E11	Sample 59	2	1	2	39250	37	2.79														
E11	Sample 59	2	1	3	44250	36.96	2.79														
E11	Sample 59	2	1	4	49270	37	2.77														
E11	Sample 59	2	1	5	54260	37	2.77														
E11	Sample 59	2	1	6	59250	37	2.78														
E11	Sample 59	2	1	7	64260	37	2.78														
E11	Sample 59	2	1	8	69260	37	2.78														
E11	Sample 59	2	1	9	74250	37	2.77														
E11	Sample 59	2	1	10	79260	37	2.77														
E11	Sample 59	2	1	11	84250	36.96	2.76														
E11	Sample 59	2	1	12	89260	36.91	2.77														
E11	Sample 59	2	1	13	94270	37	2.76														
E11	Sample 59	2	1	14	99250	36.96	2.76														
E11	Sample 59	2	1	15	104260	36.96	2.76														
E12	Sample 60	2	1	1	34290	36.96	2.51														
E12	Sample 60	2	1	2	39250	37	2.51														
E12	Sample 60	2	1	3	44250	36.96	2.51														
E12	Sample 60	2	1	4	49270	37	2.5														
E12	Sample 60	2	1	5	54260	37	2.5														
E12	Sample 60	2	1	6	59250	37	2.5														
E12	Sample 60	2	1	7	64260	37	2.5														
E12	Sample 60	2	1	8	69260	37	2.5														
E12	Sample 60	2	1	9	74250	37	2.5														
E12	Sample 60	2	1	10	79260	37	2.5														
E12	Sample 60	2	1	11	84250	36.96	2.49														
E12	Sample 60	2	1	12	89260	36.91	2.5														
E12	Sample 60	2	1	13	94270	37	2.5														
E12	Sample 60	2	1	14	99250	36.96	2.5														
E12	Sample 60	2	1	15	104260	36.96	2.49														
F1	Sample 61	2	1	1	34290	36.96	1.69														
F1	Sample 61	2	1	2	39250	37	1.69														
F1	Sample 61	2	1	3	44250	36.96	1.68														
F1	Sample 61	2	1	4	49270	37	1.68														
F1	Sample 61	2	1	5	54260	37	1.68														
F1	Sample 61	2	1	6	59250	37	1.68														
F1	Sample 61	2	1	7	64260	37	1.67														
F1	Sample 61	2	1	8	69260	37	1.68														
F1	Sample 61	2	1	9	74250	37	1.68														
F1	Sample 61	2	1	10	79260	37	1.68														
F1	Sample 61	2	1	11	84250	36.96	1.67														
F1	Sample 61	2	1	12	89260	36.91	1.67														
F1	Sample 61	2	1	13	94270	37	1.67														
F1	Sample 61	2	1	14	99250	36.96	1.68														
F1	Sample 61	2	1	15	104260	36.96	1.68														
F2	Sample 62	2	1	1	34290	36.96	1.82														
F2	Sample 62	2	1	2	39250	37	1.82														
F2	Sample 62	2	1	3	44250	36.96	1.81														
F2	Sample 62	2	1	4	49270	37	1.81														
F2	Sample 62	2	1	5	54260	37	1.81														
F2	Sample 62	2	1	6	59250	37	1.81														
F2	Sample 62	2	1	7	64260	37	1.8														
F2	Sample 62	2	1	8	69260	37	1.81														
F2	Sample 62	2	1	9	74250	37	1.8														
F2	Sample 62	2	1	10	79260	37	1.8														
F2	Sample 62	2	1	11	84250	36.96	1.79														
F2	Sample 62	2	1	12	89260	36.91	1.79														
F2	Sample 62	2	1	13	94270	37	1.79														
F2	Sample 62	2	1	14	99250	36.96	1.79														
F2	Sample 62	2	1	15	104260	36.96	1.8														
F3	Sample 63	2	1	1	34290	36.96	1.95														
F3	Sample 63	2	1	2	39250	37	1.95														
F3	Sample 63	2	1	3	44250	36.96	1.94														
F3	Sample 63	2	1	4	49270	37	1.94														
F3	Sample 63	2	1	5	54260	37	1.93														
F3	Sample 63	2	1	6	59250	37	1.93														
F3	Sample 63	2	1	7	64260	37	1.94														
F3	Sample 63	2	1	8	69260	37	1.93														
F3	Sample 63	2	1	9	74250	37	1.93														
F3	Sample 63	2	1	10	79260	37	1.93														
F3	Sample 63	2	1	11	84250	36.96	1.93														
F3	Sample 63	2	1	12	89260	36.91	1.92														
F3	Sample 63	2	1	13	94270	37	1.92														
F3	Sample 63	2	1	14	99250	36.96	1.93														
F3	Sample 63	2	1	15	104260	36.96	1.93														
F4	Sample 64	2	1	1	34290	36.96	2.03														
F4	Sample 64	2	1	2	39250	37	2.03														
F4	Sample 64	2	1	3	44250	36.96	2.02														
F4	Sample 64	2	1	4	49270	37	2.03														
F4	Sample 64	2	1	5	54260	37	2.02														
F4	Sample 64	2	1	6	59250	37	2.02														
F4	Sample 64	2	1	7	64260	37	2.02														
F4	Sample 64	2	1	8	69260	37	2.01														
F4	Sample 64	2	1	9	74250	37	2.02														
F4	Sample 64	2	1	10	79260	37	2.02														
F4	Sample 64	2	1	11	84250	36.96	2														
F4	Sample 64	2	1	12	89260	36.91	2.01														
F4	Sample 64	2	1	13	94270	37	2.01														
F4	Sample 64	2	1	14	99250	36.96	2.01														
F4	Sample 64	2	1	15	104260	36.96	2.01														
F5	Sample 65	2	1	1	34290	36.96	1.51														
F5	Sample 65	2	1	2	39250	37	1.5														
F5	Sample 65	2	1	3	44250	36.96	1.5														
F5	Sample 65	2	1	4	49270	37	1.5														
F5	Sample 65	2	1	5	54260	37	1.5														
F5	Sample 65	2	1	6	59250	37	1.51														
F5	Sample 65	2	1	7	64260	37	1.49														
F5	Sample 65	2	1	8	69260	37	1.5														
F5	Sample 65	2	1	9	74250	37	1.49														
F5	Sample 65	2	1	10	79260	37	1.5														
F5	Sample 65	2	1	11	84250	36.96	1.49														
F5	Sample 65	2	1	12	89260	36.91	1.49														
F5	Sample 65	2	1	13	94270	37	1.49														
F5	Sample 65	2	1	14	99250	36.96	1.49														
F5	Sample 65	2	1	15	104260	36.96	1.49														
F6	Sample 66	2	1	1	34290	36.96	1.34														
F6	Sample 66	2	1	2	39250	37	1.34														
F6	Sample 66	2	1	3	44250	36.96	1.34														
F6	Sample 66	2	1	4	49270	37	1.34														
F6	Sample 66	2	1	5	54260	37	1.34														
F6	Sample 66	2	1	6	59250	37	1.34														
F6	Sample 66	2	1	7	64260	37	1.34														
F6	Sample 66	2	1	8	69260	37	1.34														
F6	Sample 66	2	1	9	74250	37	1.34														
F6	Sample 66	2	1	10	79260	37	1.34														
F6	Sample 66	2	1	11	84250	36.96	1.33														
F6	Sample 66	2	1	12	89260	36.91	1.34														
F6	Sample 66	2	1	13	94270	37	1.33														
F6	Sample 66	2	1	14	99250	36.96	1.33														
F6	Sample 66	2	1	15	104260	36.96	1.34														
F7	Sample 67	2	1	1	34290	36.96	1.56														
F7	Sample 67	2	1	2	39250	37	1.55														
F7	Sample 67	2	1	3	44250	36.96	1.55														
F7	Sample 67	2	1	4	49270	37	1.55														
F7	Sample 67	2	1	5	54260	37	1.54														
F7	Sample 67	2	1	6	59250	37	1.54														
F7	Sample 67	2	1	7	64260	37	1.54														
F7	Sample 67	2	1	8	69260	37	1.54														
F7	Sample 67	2	1	9	74250	37	1.54														
F7	Sample 67	2	1	10	79260	37	1.54														
F7	Sample 67	2	1	11	84250	36.96	1.54														
F7	Sample 67	2	1	12	89260	36.91	1.53														
F7	Sample 67	2	1	13	94270	37	1.54														
F7	Sample 67	2	1	14	99250	36.96	1.54														
F7	Sample 67	2	1	15	104260	36.96	1.54														
F8	Sample 68	2	1	1	34290	36.96	1.57														
F8	Sample 68	2	1	2	39250	37	1.56														
F8	Sample 68	2	1	3	44250	36.96	1.56														
F8	Sample 68	2	1	4	49270	37	1.56														
F8	Sample 68	2	1	5	54260	37	1.56														
F8	Sample 68	2	1	6	59250	37	1.55														
F8	Sample 68	2	1	7	64260	37	1.55														
F8	Sample 68	2	1	8	69260	37	1.55														
F8	Sample 68	2	1	9	74250	37	1.55														
F8	Sample 68	2	1	10	79260	37	1.55														
F8	Sample 68	2	1	11	84250	36.96	1.54														
F8	Sample 68	2	1	12	89260	36.91	1.54														
F8	Sample 68	2	1	13	94270	37	1.55														
F8	Sample 68	2	1	14	99250	36.96	1.55														
F8	Sample 68	2	1	15	104260	36.96	1.54														
F9	Sample 69	2	1	1	34290	36.96	2.75														
F9	Sample 69	2	1	2	39250	37	2.73														
F9	Sample 69	2	1	3	44250	36.96	2.73														
F9	Sample 69	2	1	4	49270	37	2.73														
F9	Sample 69	2	1	5	54260	37	2.73														
F9	Sample 69	2	1	6	59250	37	2.72														
F9	Sample 69	2	1	7	64260	37	2.72														
F9	Sample 69	2	1	8	69260	37	2.72														
F9	Sample 69	2	1	9	74250	37	2.71														
F9	Sample 69	2	1	10	79260	37	2.72														
F9	Sample 69	2	1	11	84250	36.96	2.71														
F9	Sample 69	2	1	12	89260	36.91	2.71														
F9	Sample 69	2	1	13	94270	37	2.71														
F9	Sample 69	2	1	14	99250	36.96	2.71														
F9	Sample 69	2	1	15	104260	36.96	2.71														
F10	Sample 70	2	1	1	34290	36.96	2.56														
F10	Sample 70	2	1	2	39250	37	2.55														
F10	Sample 70	2	1	3	44250	36.96	2.55														
F10	Sample 70	2	1	4	49270	37	2.55														
F10	Sample 70	2	1	5	54260	37	2.54														
F10	Sample 70	2	1	6	59250	37	2.55														
F10	Sample 70	2	1	7	64260	37	2.55														
F10	Sample 70	2	1	8	69260	37	2.55														
F10	Sample 70	2	1	9	74250	37	2.54														
F10	Sample 70	2	1	10	79260	37	2.54														
F10	Sample 70	2	1	11	84250	36.96	2.54														
F10	Sample 70	2	1	12	89260	36.91	2.53														
F10	Sample 70	2	1	13	94270	37	2.53														
F10	Sample 70	2	1	14	99250	36.96	2.53														
F10	Sample 70	2	1	15	104260	36.96	2.53														
F11	Sample 71	2	1	1	34290	36.96	2.97														
F11	Sample 71	2	1	2	39250	37	2.94														
F11	Sample 71	2	1	3	44250	36.96	2.93														
F11	Sample 71	2	1	4	49270	37	2.94														
F11	Sample 71	2	1	5	54260	37	2.94														
F11	Sample 71	2	1	6	59250	37	2.93														
F11	Sample 71	2	1	7	64260	37	2.93														
F11	Sample 71	2	1	8	69260	37	2.93														
F11	Sample 71	2	1	9	74250	37	2.92														
F11	Sample 71	2	1	10	79260	37	2.92														
F11	Sample 71	2	1	11	84250	36.96	2.92														
F11	Sample 71	2	1	12	89260	36.91	2.92														
F11	Sample 71	2	1	13	94270	37	2.92														
F11	Sample 71	2	1	14	99250	36.96	2.92														
F11	Sample 71	2	1	15	104260	36.96	2.92														
F12	Sample 72	2	1	1	34290	36.96	2.69														
F12	Sample 72	2	1	2	39250	37	2.69														
F12	Sample 72	2	1	3	44250	36.96	2.68														
F12	Sample 72	2	1	4	49270	37	2.67														
F12	Sample 72	2	1	5	54260	37	2.67														
F12	Sample 72	2	1	6	59250	37	2.67														
F12	Sample 72	2	1	7	64260	37	2.67														
F12	Sample 72	2	1	8	69260	37	2.68														
F12	Sample 72	2	1	9	74250	37	2.67														
F12	Sample 72	2	1	10	79260	37	2.67														
F12	Sample 72	2	1	11	84250	36.96	2.66														
F12	Sample 72	2	1	12	89260	36.91	2.67														
F12	Sample 72	2	1	13	94270	37	2.67														
F12	Sample 72	2	1	14	99250	36.96	2.67														
F12	Sample 72	2	1	15	104260	36.96	2.67														
G1	Sample 73	2	1	1	34290	36.96	1.74														
G1	Sample 73	2	1	2	39250	37	1.74														
G1	Sample 73	2	1	3	44250	36.96	1.73														
G1	Sample 73	2	1	4	49270	37	1.73														
G1	Sample 73	2	1	5	54260	37	1.73														
G1	Sample 73	2	1	6	59250	37	1.73														
G1	Sample 73	2	1	7	64260	37	1.73														
G1	Sample 73	2	1	8	69260	37	1.73														
G1	Sample 73	2	1	9	74250	37	1.73														
G1	Sample 73	2	1	10	79260	37	1.73														
G1	Sample 73	2	1	11	84250	36.96	1.73														
G1	Sample 73	2	1	12	89260	36.91	1.73														
G1	Sample 73	2	1	13	94270	37	1.72														
G1	Sample 73	2	1	14	99250	36.96	1.73														
G1	Sample 73	2	1	15	104260	36.96	1.73														
G2	Sample 74	2	1	1	34290	36.96	1.81														
G2	Sample 74	2	1	2	39250	37	1.81														
G2	Sample 74	2	1	3	44250	36.96	1.8														
G2	Sample 74	2	1	4	49270	37	1.8														
G2	Sample 74	2	1	5	54260	37	1.8														
G2	Sample 74	2	1	6	59250	37	1.8														
G2	Sample 74	2	1	7	64260	37	1.79														
G2	Sample 74	2	1	8	69260	37	1.79														
G2	Sample 74	2	1	9	74250	37	1.79														
G2	Sample 74	2	1	10	79260	37	1.79														
G2	Sample 74	2	1	11	84250	36.96	1.79														
G2	Sample 74	2	1	12	89260	36.91	1.8														
G2	Sample 74	2	1	13	94270	37	1.79														
G2	Sample 74	2	1	14	99250	36.96	1.79														
G2	Sample 74	2	1	15	104260	36.96	1.8														
G3	Sample 75	2	1	1	34290	36.96	2.01														
G3	Sample 75	2	1	2	39250	37	2.01														
G3	Sample 75	2	1	3	44250	36.96	2														
G3	Sample 75	2	1	4	49270	37	2														
G3	Sample 75	2	1	5	54260	37	2.01														
G3	Sample 75	2	1	6	59250	37	2														
G3	Sample 75	2	1	7	64260	37	2														
G3	Sample 75	2	1	8	69260	37	2														
G3	Sample 75	2	1	9	74250	37	2														
G3	Sample 75	2	1	10	79260	37	1.99														
G3	Sample 75	2	1	11	84250	36.96	1.99														
G3	Sample 75	2	1	12	89260	36.91	1.99														
G3	Sample 75	2	1	13	94270	37	2														
G3	Sample 75	2	1	14	99250	36.96	1.99														
G3	Sample 75	2	1	15	104260	36.96	1.99														
G4	Sample 76	2	1	1	34290	36.96	2.1														
G4	Sample 76	2	1	2	39250	37	2.09														
G4	Sample 76	2	1	3	44250	36.96	2.08														
G4	Sample 76	2	1	4	49270	37	2.09														
G4	Sample 76	2	1	5	54260	37	2.09														
G4	Sample 76	2	1	6	59250	37	2.09														
G4	Sample 76	2	1	7	64260	37	2.09														
G4	Sample 76	2	1	8	69260	37	2.08														
G4	Sample 76	2	1	9	74250	37	2.09														
G4	Sample 76	2	1	10	79260	37	2.08														
G4	Sample 76	2	1	11	84250	36.96	2.07														
G4	Sample 76	2	1	12	89260	36.91	2.08														
G4	Sample 76	2	1	13	94270	37	2.07														
G4	Sample 76	2	1	14	99250	36.96	2.07														
G4	Sample 76	2	1	15	104260	36.96	2.08														
G5	Sample 77	2	1	1	34290	36.96	1.5														
G5	Sample 77	2	1	2	39250	37	1.49														
G5	Sample 77	2	1	3	44250	36.96	1.49														
G5	Sample 77	2	1	4	49270	37	1.48														
G5	Sample 77	2	1	5	54260	37	1.49														
G5	Sample 77	2	1	6	59250	37	1.49														
G5	Sample 77	2	1	7	64260	37	1.48														
G5	Sample 77	2	1	8	69260	37	1.49														
G5	Sample 77	2	1	9	74250	37	1.48														
G5	Sample 77	2	1	10	79260	37	1.48														
G5	Sample 77	2	1	11	84250	36.96	1.47														
G5	Sample 77	2	1	12	89260	36.91	1.48														
G5	Sample 77	2	1	13	94270	37	1.48														
G5	Sample 77	2	1	14	99250	36.96	1.48														
G5	Sample 77	2	1	15	104260	36.96	1.47														
G6	Sample 78	2	1	1	34290	36.96	1.42														
G6	Sample 78	2	1	2	39250	37	1.42														
G6	Sample 78	2	1	3	44250	36.96	1.41														
G6	Sample 78	2	1	4	49270	37	1.41														
G6	Sample 78	2	1	5	54260	37	1.41														
G6	Sample 78	2	1	6	59250	37	1.42														
G6	Sample 78	2	1	7	64260	37	1.41														
G6	Sample 78	2	1	8	69260	37	1.41														
G6	Sample 78	2	1	9	74250	37	1.41														
G6	Sample 78	2	1	10	79260	37	1.41														
G6	Sample 78	2	1	11	84250	36.96	1.41														
G6	Sample 78	2	1	12	89260	36.91	1.41														
G6	Sample 78	2	1	13	94270	37	1.41														
G6	Sample 78	2	1	14	99250	36.96	1.41														
G6	Sample 78	2	1	15	104260	36.96	1.41														
G7	Sample 79	2	1	1	34290	36.96	1.51														
G7	Sample 79	2	1	2	39250	37	1.5														
G7	Sample 79	2	1	3	44250	36.96	1.49														
G7	Sample 79	2	1	4	49270	37	1.5														
G7	Sample 79	2	1	5	54260	37	1.49														
G7	Sample 79	2	1	6	59250	37	1.49														
G7	Sample 79	2	1	7	64260	37	1.49														
G7	Sample 79	2	1	8	69260	37	1.49														
G7	Sample 79	2	1	9	74250	37	1.48														
G7	Sample 79	2	1	10	79260	37	1.47														
G7	Sample 79	2	1	11	84250	36.96	1.48														
G7	Sample 79	2	1	12	89260	36.91	1.48														
G7	Sample 79	2	1	13	94270	37	1.48														
G7	Sample 79	2	1	14	99250	36.96	1.48														
G7	Sample 79	2	1	15	104260	36.96	1.48														
G8	Sample 80	2	1	1	34290	36.96	1.49														
G8	Sample 80	2	1	2	39250	37	1.49														
G8	Sample 80	2	1	3	44250	36.96	1.48														
G8	Sample 80	2	1	4	49270	37	1.48														
G8	Sample 80	2	1	5	54260	37	1.48														
G8	Sample 80	2	1	6	59250	37	1.48														
G8	Sample 80	2	1	7	64260	37	1.48														
G8	Sample 80	2	1	8	69260	37	1.48														
G8	Sample 80	2	1	9	74250	37	1.48														
G8	Sample 80	2	1	10	79260	37	1.48														
G8	Sample 80	2	1	11	84250	36.96	1.48														
G8	Sample 80	2	1	12	89260	36.91	1.48														
G8	Sample 80	2	1	13	94270	37	1.48														
G8	Sample 80	2	1	14	99250	36.96	1.48														
G8	Sample 80	2	1	15	104260	36.96	1.47														
G9	Sample 81	2	1	1	34290	36.96	2.7														
G9	Sample 81	2	1	2	39250	37	2.69														
G9	Sample 81	2	1	3	44250	36.96	2.69														
G9	Sample 81	2	1	4	49270	37	2.69														
G9	Sample 81	2	1	5	54260	37	2.69														
G9	Sample 81	2	1	6	59250	37	2.69														
G9	Sample 81	2	1	7	64260	37	2.68														
G9	Sample 81	2	1	8	69260	37	2.68														
G9	Sample 81	2	1	9	74250	37	2.68														
G9	Sample 81	2	1	10	79260	37	2.68														
G9	Sample 81	2	1	11	84250	36.96	2.68														
G9	Sample 81	2	1	12	89260	36.91	2.68														
G9	Sample 81	2	1	13	94270	37	2.68														
G9	Sample 81	2	1	14	99250	36.96	2.68														
G9	Sample 81	2	1	15	104260	36.96	2.67														
G10	Sample 82	2	1	1	34290	36.96	2.66														
G10	Sample 82	2	1	2	39250	37	2.64														
G10	Sample 82	2	1	3	44250	36.96	2.65														
G10	Sample 82	2	1	4	49270	37	2.65														
G10	Sample 82	2	1	5	54260	37	2.63														
G10	Sample 82	2	1	6	59250	37	2.64														
G10	Sample 82	2	1	7	64260	37	2.63														
G10	Sample 82	2	1	8	69260	37	2.63														
G10	Sample 82	2	1	9	74250	37	2.63														
G10	Sample 82	2	1	10	79260	37	2.62														
G10	Sample 82	2	1	11	84250	36.96	2.63														
G10	Sample 82	2	1	12	89260	36.91	2.63														
G10	Sample 82	2	1	13	94270	37	2.62														
G10	Sample 82	2	1	14	99250	36.96	2.62														
G10	Sample 82	2	1	15	104260	36.96	2.62														
G11	Sample 83	2	1	1	34290	36.96	3.02														
G11	Sample 83	2	1	2	39250	37	3.01														
G11	Sample 83	2	1	3	44250	36.96	3.01														
G11	Sample 83	2	1	4	49270	37	3.01														
G11	Sample 83	2	1	5	54260	37	3.01														
G11	Sample 83	2	1	6	59250	37	3														
G11	Sample 83	2	1	7	64260	37	3														
G11	Sample 83	2	1	8	69260	37	3														
G11	Sample 83	2	1	9	74250	37	2.99														
G11	Sample 83	2	1	10	79260	37	3														
G11	Sample 83	2	1	11	84250	36.96	2.99														
G11	Sample 83	2	1	12	89260	36.91	2.99														
G11	Sample 83	2	1	13	94270	37	2.99														
G11	Sample 83	2	1	14	99250	36.96	2.99														
G11	Sample 83	2	1	15	104260	36.96	2.98														
G12	Sample 84	2	1	1	34290	36.96	2.78														
G12	Sample 84	2	1	2	39250	37	2.76														
G12	Sample 84	2	1	3	44250	36.96	2.77														
G12	Sample 84	2	1	4	49270	37	2.77														
G12	Sample 84	2	1	5	54260	37	2.76														
G12	Sample 84	2	1	6	59250	37	2.76														
G12	Sample 84	2	1	7	64260	37	2.76														
G12	Sample 84	2	1	8	69260	37	2.76														
G12	Sample 84	2	1	9	74250	37	2.76														
G12	Sample 84	2	1	10	79260	37	2.75														
G12	Sample 84	2	1	11	84250	36.96	2.75														
G12	Sample 84	2	1	12	89260	36.91	2.75														
G12	Sample 84	2	1	13	94270	37	2.75														
G12	Sample 84	2	1	14	99250	36.96	2.75														
G12	Sample 84	2	1	15	104260	36.96	2.75														
H1	Sample 85	2	1	1	34290	36.96	1.74														
H1	Sample 85	2	1	2	39250	37	1.74														
H1	Sample 85	2	1	3	44250	36.96	1.73														
H1	Sample 85	2	1	4	49270	37	1.73														
H1	Sample 85	2	1	5	54260	37	1.73														
H1	Sample 85	2	1	6	59250	37	1.74														
H1	Sample 85	2	1	7	64260	37	1.73														
H1	Sample 85	2	1	8	69260	37	1.73														
H1	Sample 85	2	1	9	74250	37	1.73														
H1	Sample 85	2	1	10	79260	37	1.73														
H1	Sample 85	2	1	11	84250	36.96	1.72														
H1	Sample 85	2	1	12	89260	36.91	1.73														
H1	Sample 85	2	1	13	94270	37	1.73														
H1	Sample 85	2	1	14	99250	36.96	1.74														
H1	Sample 85	2	1	15	104260	36.96	1.73														
H2	Sample 86	2	1	1	34290	36.96	1.67														
H2	Sample 86	2	1	2	39250	37	1.66														
H2	Sample 86	2	1	3	44250	36.96	1.66														
H2	Sample 86	2	1	4	49270	37	1.66														
H2	Sample 86	2	1	5	54260	37	1.65														
H2	Sample 86	2	1	6	59250	37	1.65														
H2	Sample 86	2	1	7	64260	37	1.65														
H2	Sample 86	2	1	8	69260	37	1.65														
H2	Sample 86	2	1	9	74250	37	1.66														
H2	Sample 86	2	1	10	79260	37	1.65														
H2	Sample 86	2	1	11	84250	36.96	1.64														
H2	Sample 86	2	1	12	89260	36.91	1.66														
H2	Sample 86	2	1	13	94270	37	1.65														
H2	Sample 86	2	1	14	99250	36.96	1.65														
H2	Sample 86	2	1	15	104260	36.96	1.66														
H3	Sample 87	2	1	1	34290	36.96	1.92														
H3	Sample 87	2	1	2	39250	37	1.9														
H3	Sample 87	2	1	3	44250	36.96	1.9														
H3	Sample 87	2	1	4	49270	37	1.9														
H3	Sample 87	2	1	5	54260	37	1.9														
H3	Sample 87	2	1	6	59250	37	1.9														
H3	Sample 87	2	1	7	64260	37	1.89														
H3	Sample 87	2	1	8	69260	37	1.91														
H3	Sample 87	2	1	9	74250	37	1.9														
H3	Sample 87	2	1	10	79260	37	1.9														
H3	Sample 87	2	1	11	84250	36.96	1.89														
H3	Sample 87	2	1	12	89260	36.91	1.89														
H3	Sample 87	2	1	13	94270	37	1.9														
H3	Sample 87	2	1	14	99250	36.96	1.9														
H3	Sample 87	2	1	15	104260	36.96	1.9														
H4	Sample 88	2	1	1	34290	36.96	1.98														
H4	Sample 88	2	1	2	39250	37	1.97														
H4	Sample 88	2	1	3	44250	36.96	1.98														
H4	Sample 88	2	1	4	49270	37	1.98														
H4	Sample 88	2	1	5	54260	37	1.97														
H4	Sample 88	2	1	6	59250	37	1.97														
H4	Sample 88	2	1	7	64260	37	1.97														
H4	Sample 88	2	1	8	69260	37	1.97														
H4	Sample 88	2	1	9	74250	37	1.96														
H4	Sample 88	2	1	10	79260	37	1.97														
H4	Sample 88	2	1	11	84250	36.96	1.96														
H4	Sample 88	2	1	12	89260	36.91	1.96														
H4	Sample 88	2	1	13	94270	37	1.96														
H4	Sample 88	2	1	14	99250	36.96	1.97														
H4	Sample 88	2	1	15	104260	36.96	1.96														
H5	Sample 89	2	1	1	34290	36.96	1.48														
H5	Sample 89	2	1	2	39250	37	1.47														
H5	Sample 89	2	1	3	44250	36.96	1.48														
H5	Sample 89	2	1	4	49270	37	1.48														
H5	Sample 89	2	1	5	54260	37	1.47														
H5	Sample 89	2	1	6	59250	37	1.47														
H5	Sample 89	2	1	7	64260	37	1.47														
H5	Sample 89	2	1	8	69260	37	1.47														
H5	Sample 89	2	1	9	74250	37	1.47														
H5	Sample 89	2	1	10	79260	37	1.46														
H5	Sample 89	2	1	11	84250	36.96	1.46														
H5	Sample 89	2	1	12	89260	36.91	1.47														
H5	Sample 89	2	1	13	94270	37	1.46														
H5	Sample 89	2	1	14	99250	36.96	1.47														
H5	Sample 89	2	1	15	104260	36.96	1.47														
H6	Sample 90	2	1	1	34290	36.96	1.4														
H6	Sample 90	2	1	2	39250	37	1.39														
H6	Sample 90	2	1	3	44250	36.96	1.39														
H6	Sample 90	2	1	4	49270	37	1.39														
H6	Sample 90	2	1	5	54260	37	1.38														
H6	Sample 90	2	1	6	59250	37	1.39														
H6	Sample 90	2	1	7	64260	37	1.38														
H6	Sample 90	2	1	8	69260	37	1.39														
H6	Sample 90	2	1	9	74250	37	1.39														
H6	Sample 90	2	1	10	79260	37	1.39														
H6	Sample 90	2	1	11	84250	36.96	1.38														
H6	Sample 90	2	1	12	89260	36.91	1.39														
H6	Sample 90	2	1	13	94270	37	1.39														
H6	Sample 90	2	1	14	99250	36.96	1.39														
H6	Sample 90	2	1	15	104260	36.96	1.39														
H7	Sample 91	2	1	1	34290	36.96	1.51														
H7	Sample 91	2	1	2	39250	37	1.51														
H7	Sample 91	2	1	3	44250	36.96	1.51														
H7	Sample 91	2	1	4	49270	37	1.51														
H7	Sample 91	2	1	5	54260	37	1.5														
H7	Sample 91	2	1	6	59250	37	1.5														
H7	Sample 91	2	1	7	64260	37	1.5														
H7	Sample 91	2	1	8	69260	37	1.5														
H7	Sample 91	2	1	9	74250	37	1.51														
H7	Sample 91	2	1	10	79260	37	1.51														
H7	Sample 91	2	1	11	84250	36.96	1.49														
H7	Sample 91	2	1	12	89260	36.91	1.5														
H7	Sample 91	2	1	13	94270	37	1.51														
H7	Sample 91	2	1	14	99250	36.96	1.5														
H7	Sample 91	2	1	15	104260	36.96	1.5														
H8	Sample 92	2	1	1	34290	36.96	1.53														
H8	Sample 92	2	1	2	39250	37	1.52														
H8	Sample 92	2	1	3	44250	36.96	1.52														
H8	Sample 92	2	1	4	49270	37	1.53														
H8	Sample 92	2	1	5	54260	37	1.52														
H8	Sample 92	2	1	6	59250	37	1.52														
H8	Sample 92	2	1	7	64260	37	1.51														
H8	Sample 92	2	1	8	69260	37	1.52														
H8	Sample 92	2	1	9	74250	37	1.52														
H8	Sample 92	2	1	10	79260	37	1.51														
H8	Sample 92	2	1	11	84250	36.96	1.5														
H8	Sample 92	2	1	12	89260	36.91	1.52														
H8	Sample 92	2	1	13	94270	37	1.52														
H8	Sample 92	2	1	14	99250	36.96	1.51														
H8	Sample 92	2	1	15	104260	36.96	1.52														
H9	Sample 93	2	1	1	34290	36.96	2.99														
H9	Sample 93	2	1	2	39250	37	2.99														
H9	Sample 93	2	1	3	44250	36.96	2.99														
H9	Sample 93	2	1	4	49270	37	2.98														
H9	Sample 93	2	1	5	54260	37	2.98														
H9	Sample 93	2	1	6	59250	37	2.97														
H9	Sample 93	2	1	7	64260	37	2.98														
H9	Sample 93	2	1	8	69260	37	2.97														
H9	Sample 93	2	1	9	74250	37	2.98														
H9	Sample 93	2	1	10	79260	37	2.96														
H9	Sample 93	2	1	11	84250	36.96	2.96														
H9	Sample 93	2	1	12	89260	36.91	2.97														
H9	Sample 93	2	1	13	94270	37	2.97														
H9	Sample 93	2	1	14	99250	36.96	2.97														
H9	Sample 93	2	1	15	104260	36.96	2.97														
H10	Sample 94	2	1	1	34290	36.96	2.78														
H10	Sample 94	2	1	2	39250	37	2.77														
H10	Sample 94	2	1	3	44250	36.96	2.77														
H10	Sample 94	2	1	4	49270	37	2.77														
H10	Sample 94	2	1	5	54260	37	2.77														
H10	Sample 94	2	1	6	59250	37	2.77														
H10	Sample 94	2	1	7	64260	37	2.76														
H10	Sample 94	2	1	8	69260	37	2.77														
H10	Sample 94	2	1	9	74250	37	2.76														
H10	Sample 94	2	1	10	79260	37	2.77														
H10	Sample 94	2	1	11	84250	36.96	2.76														
H10	Sample 94	2	1	12	89260	36.91	2.76														
H10	Sample 94	2	1	13	94270	37	2.76														
H10	Sample 94	2	1	14	99250	36.96	2.76														
H10	Sample 94	2	1	15	104260	36.96	2.77														
H11	Sample 95	2	1	1	34290	36.96	2.77														
H11	Sample 95	2	1	2	39250	37	2.76														
H11	Sample 95	2	1	3	44250	36.96	2.75														
H11	Sample 95	2	1	4	49270	37	2.75														
H11	Sample 95	2	1	5	54260	37	2.74														
H11	Sample 95	2	1	6	59250	37	2.74														
H11	Sample 95	2	1	7	64260	37	2.74														
H11	Sample 95	2	1	8	69260	37	2.75														
H11	Sample 95	2	1	9	74250	37	2.75														
H11	Sample 95	2	1	10	79260	37	2.74														
H11	Sample 95	2	1	11	84250	36.96	2.73														
H11	Sample 95	2	1	12	89260	36.91	2.74														
H11	Sample 95	2	1	13	94270	37	2.75														
H11	Sample 95	2	1	14	99250	36.96	2.75														
H11	Sample 95	2	1	15	104260	36.96	2.74														
H12	Sample 96	2	1	1	34290	36.96	2.74														
H12	Sample 96	2	1	2	39250	37	2.74														
H12	Sample 96	2	1	3	44250	36.96	2.75														
H12	Sample 96	2	1	4	49270	37	2.74														
H12	Sample 96	2	1	5	54260	37	2.74														
H12	Sample 96	2	1	6	59250	37	2.75														
H12	Sample 96	2	1	7	64260	37	2.74														
H12	Sample 96	2	1	8	69260	37	2.74														
H12	Sample 96	2	1	9	74250	37	2.74														
H12	Sample 96	2	1	10	79260	37	2.75														
H12	Sample 96	2	1	11	84250	36.96	2.73														
H12	Sample 96	2	1	12	89260	36.91	2.75														
H12	Sample 96	2	1	13	94270	37	2.74														
H12	Sample 96	2	1	14	99250	36.96	2.74														
H12	Sample 96	2	1	15	104260	36.96	2.74														
