Raw Data 		Experiment - evIC50_9_plate3_22APRIL2026 (Run on LCS480 1.5.1.62)
SamplePos	SampleName	Prog#	Seg#	Cycle#	Time	Temp	465-510	
A1	Sample 1	2	1	1	33610	36.91	1.55
A1	Sample 1	2	1	2	38560	36.96	1.54
A1	Sample 1	2	1	3	43450	36.96	1.54
A1	Sample 1	2	1	4	48360	36.96	1.54
A1	Sample 1	2	1	5	53250	37	1.55
A1	Sample 1	2	1	6	58150	36.96	1.55
A1	Sample 1	2	1	7	63050	37	1.54
A1	Sample 1	2	1	8	67950	36.96	1.55
A1	Sample 1	2	1	9	72860	36.96	1.55
A1	Sample 1	2	1	10	77750	36.96	1.56
A1	Sample 1	2	1	11	82650	36.96	1.54
A1	Sample 1	2	1	12	87560	36.96	1.55
A1	Sample 1	2	1	13	92450	36.96	1.55
A1	Sample 1	2	1	14	97350	36.96	1.55
A1	Sample 1	2	1	15	102250	36.96	1.55
A2	Sample 2	2	1	1	33610	36.91	1.61
A2	Sample 2	2	1	2	38560	36.96	1.60
A2	Sample 2	2	1	3	43450	36.96	1.60
A2	Sample 2	2	1	4	48360	36.96	1.60
A2	Sample 2	2	1	5	53250	37	1.61
A2	Sample 2	2	1	6	58150	36.96	1.60
A2	Sample 2	2	1	7	63050	37	1.59
A2	Sample 2	2	1	8	67950	36.96	1.60
A2	Sample 2	2	1	9	72860	36.96	1.60
A2	Sample 2	2	1	10	77750	36.96	1.60
A2	Sample 2	2	1	11	82650	36.96	1.60
A2	Sample 2	2	1	12	87560	36.96	1.60
A2	Sample 2	2	1	13	92450	36.96	1.60
A2	Sample 2	2	1	14	97350	36.96	1.60
A2	Sample 2	2	1	15	102250	36.96	1.60
A3	Sample 3	2	1	1	33610	36.91	1.94
A3	Sample 3	2	1	2	38560	36.96	1.94
A3	Sample 3	2	1	3	43450	36.96	1.93
A3	Sample 3	2	1	4	48360	36.96	1.93
A3	Sample 3	2	1	5	53250	37	1.93
A3	Sample 3	2	1	6	58150	36.96	1.93
A3	Sample 3	2	1	7	63050	37	1.92
A3	Sample 3	2	1	8	67950	36.96	1.93
A3	Sample 3	2	1	9	72860	36.96	1.93
A3	Sample 3	2	1	10	77750	36.96	1.93
A3	Sample 3	2	1	11	82650	36.96	1.92
A3	Sample 3	2	1	12	87560	36.96	1.93
A3	Sample 3	2	1	13	92450	36.96	1.93
A3	Sample 3	2	1	14	97350	36.96	1.92
A3	Sample 3	2	1	15	102250	36.96	1.92
A4	Sample 4	2	1	1	33610	36.91	1.92
A4	Sample 4	2	1	2	38560	36.96	1.92
A4	Sample 4	2	1	3	43450	36.96	1.92
A4	Sample 4	2	1	4	48360	36.96	1.91
A4	Sample 4	2	1	5	53250	37	1.91
A4	Sample 4	2	1	6	58150	36.96	1.91
A4	Sample 4	2	1	7	63050	37	1.90
A4	Sample 4	2	1	8	67950	36.96	1.91
A4	Sample 4	2	1	9	72860	36.96	1.91
A4	Sample 4	2	1	10	77750	36.96	1.91
A4	Sample 4	2	1	11	82650	36.96	1.91
A4	Sample 4	2	1	12	87560	36.96	1.91
A4	Sample 4	2	1	13	92450	36.96	1.91
A4	Sample 4	2	1	14	97350	36.96	1.90
A4	Sample 4	2	1	15	102250	36.96	1.90
A5	Sample 5	2	1	1	33610	36.91	0.65
A5	Sample 5	2	1	2	38560	36.96	0.65
A5	Sample 5	2	1	3	43450	36.96	0.65
A5	Sample 5	2	1	4	48360	36.96	0.65
A5	Sample 5	2	1	5	53250	37	0.65
A5	Sample 5	2	1	6	58150	36.96	0.65
A5	Sample 5	2	1	7	63050	37	0.64
A5	Sample 5	2	1	8	67950	36.96	0.65
A5	Sample 5	2	1	9	72860	36.96	0.65
A5	Sample 5	2	1	10	77750	36.96	0.65
A5	Sample 5	2	1	11	82650	36.96	0.64
A5	Sample 5	2	1	12	87560	36.96	0.65
A5	Sample 5	2	1	13	92450	36.96	0.65
A5	Sample 5	2	1	14	97350	36.96	0.65
A5	Sample 5	2	1	15	102250	36.96	0.64
A6	Sample 6	2	1	1	33610	36.91	0.67
A6	Sample 6	2	1	2	38560	36.96	0.67
A6	Sample 6	2	1	3	43450	36.96	0.67
A6	Sample 6	2	1	4	48360	36.96	0.67
A6	Sample 6	2	1	5	53250	37	0.67
A6	Sample 6	2	1	6	58150	36.96	0.67
A6	Sample 6	2	1	7	63050	37	0.65
A6	Sample 6	2	1	8	67950	36.96	0.67
A6	Sample 6	2	1	9	72860	36.96	0.67
A6	Sample 6	2	1	10	77750	36.96	0.67
A6	Sample 6	2	1	11	82650	36.96	0.67
A6	Sample 6	2	1	12	87560	36.96	0.67
A6	Sample 6	2	1	13	92450	36.96	0.67
A6	Sample 6	2	1	14	97350	36.96	0.67
A6	Sample 6	2	1	15	102250	36.96	0.66
A7	Sample 7	2	1	1	33610	36.91	0.71
A7	Sample 7	2	1	2	38560	36.96	0.70
A7	Sample 7	2	1	3	43450	36.96	0.70
A7	Sample 7	2	1	4	48360	36.96	0.70
A7	Sample 7	2	1	5	53250	37	0.70
A7	Sample 7	2	1	6	58150	36.96	0.70
A7	Sample 7	2	1	7	63050	37	0.70
A7	Sample 7	2	1	8	67950	36.96	0.70
A7	Sample 7	2	1	9	72860	36.96	0.70
A7	Sample 7	2	1	10	77750	36.96	0.70
A7	Sample 7	2	1	11	82650	36.96	0.70
A7	Sample 7	2	1	12	87560	36.96	0.71
A7	Sample 7	2	1	13	92450	36.96	0.70
A7	Sample 7	2	1	14	97350	36.96	0.70
A7	Sample 7	2	1	15	102250	36.96	0.70
A8	Sample 8	2	1	1	33610	36.91	0.70
A8	Sample 8	2	1	2	38560	36.96	0.70
A8	Sample 8	2	1	3	43450	36.96	0.69
A8	Sample 8	2	1	4	48360	36.96	0.70
A8	Sample 8	2	1	5	53250	37	0.70
A8	Sample 8	2	1	6	58150	36.96	0.70
A8	Sample 8	2	1	7	63050	37	0.69
A8	Sample 8	2	1	8	67950	36.96	0.70
A8	Sample 8	2	1	9	72860	36.96	0.70
A8	Sample 8	2	1	10	77750	36.96	0.70
A8	Sample 8	2	1	11	82650	36.96	0.70
A8	Sample 8	2	1	12	87560	36.96	0.70
A8	Sample 8	2	1	13	92450	36.96	0.69
A8	Sample 8	2	1	14	97350	36.96	0.69
A8	Sample 8	2	1	15	102250	36.96	0.70
A9	Sample 9	2	1	1	33610	36.91	2.88
A9	Sample 9	2	1	2	38560	36.96	2.88
A9	Sample 9	2	1	3	43450	36.96	2.88
A9	Sample 9	2	1	4	48360	36.96	2.88
A9	Sample 9	2	1	5	53250	37	2.87
A9	Sample 9	2	1	6	58150	36.96	2.88
A9	Sample 9	2	1	7	63050	37	2.87
A9	Sample 9	2	1	8	67950	36.96	2.88
A9	Sample 9	2	1	9	72860	36.96	2.88
A9	Sample 9	2	1	10	77750	36.96	2.87
A9	Sample 9	2	1	11	82650	36.96	2.87
A9	Sample 9	2	1	12	87560	36.96	2.87
A9	Sample 9	2	1	13	92450	36.96	2.87
A9	Sample 9	2	1	14	97350	36.96	2.86
A9	Sample 9	2	1	15	102250	36.96	2.87
A10	Sample 10	2	1	1	33610	36.91	3.43
A10	Sample 10	2	1	2	38560	36.96	3.08
A10	Sample 10	2	1	3	43450	36.96	2.90
A10	Sample 10	2	1	4	48360	36.96	2.86
A10	Sample 10	2	1	5	53250	37	2.86
A10	Sample 10	2	1	6	58150	36.96	2.84
A10	Sample 10	2	1	7	63050	37	2.86
A10	Sample 10	2	1	8	67950	36.96	2.85
A10	Sample 10	2	1	9	72860	36.96	2.87
A10	Sample 10	2	1	10	77750	36.96	2.85
A10	Sample 10	2	1	11	82650	36.96	2.85
A10	Sample 10	2	1	12	87560	36.96	2.85
A10	Sample 10	2	1	13	92450	36.96	2.86
A10	Sample 10	2	1	14	97350	36.96	2.85
A10	Sample 10	2	1	15	102250	36.96	2.84
A11	Sample 11	2	1	1	33610	36.91	3.01
A11	Sample 11	2	1	2	38560	36.96	2.99
A11	Sample 11	2	1	3	43450	36.96	2.99
A11	Sample 11	2	1	4	48360	36.96	2.98
A11	Sample 11	2	1	5	53250	37	2.99
A11	Sample 11	2	1	6	58150	36.96	3.02
A11	Sample 11	2	1	7	63050	37	3.10
A11	Sample 11	2	1	8	67950	36.96	3.33
A11	Sample 11	2	1	9	72860	36.96	3.72
A11	Sample 11	2	1	10	77750	36.96	3.73
A11	Sample 11	2	1	11	82650	36.96	3.10
A11	Sample 11	2	1	12	87560	36.96	3.04
A11	Sample 11	2	1	13	92450	36.96	3.38
A11	Sample 11	2	1	14	97350	36.96	3.39
A11	Sample 11	2	1	15	102250	36.96	3.15
A12	Sample 12	2	1	1	33610	36.91	2.99
A12	Sample 12	2	1	2	38560	36.96	2.99
A12	Sample 12	2	1	3	43450	36.96	2.99
A12	Sample 12	2	1	4	48360	36.96	2.98
A12	Sample 12	2	1	5	53250	37	2.99
A12	Sample 12	2	1	6	58150	36.96	2.99
A12	Sample 12	2	1	7	63050	37	2.99
A12	Sample 12	2	1	8	67950	36.96	2.99
A12	Sample 12	2	1	9	72860	36.96	3.00
A12	Sample 12	2	1	10	77750	36.96	2.99
A12	Sample 12	2	1	11	82650	36.96	2.99
A12	Sample 12	2	1	12	87560	36.96	2.99
A12	Sample 12	2	1	13	92450	36.96	2.99
A12	Sample 12	2	1	14	97350	36.96	2.99
A12	Sample 12	2	1	15	102250	36.96	2.98
B1	Sample 13	2	1	1	33610	36.91	1.53
B1	Sample 13	2	1	2	38560	36.96	1.53
B1	Sample 13	2	1	3	43450	36.96	1.52
B1	Sample 13	2	1	4	48360	36.96	1.52
B1	Sample 13	2	1	5	53250	37	1.52
B1	Sample 13	2	1	6	58150	36.96	1.52
B1	Sample 13	2	1	7	63050	37	1.52
B1	Sample 13	2	1	8	67950	36.96	1.51
B1	Sample 13	2	1	9	72860	36.96	1.52
B1	Sample 13	2	1	10	77750	36.96	1.51
B1	Sample 13	2	1	11	82650	36.96	1.52
B1	Sample 13	2	1	12	87560	36.96	1.52
B1	Sample 13	2	1	13	92450	36.96	1.51
B1	Sample 13	2	1	14	97350	36.96	1.52
B1	Sample 13	2	1	15	102250	36.96	1.51
B2	Sample 14	2	1	1	33610	36.91	1.52
B2	Sample 14	2	1	2	38560	36.96	1.51
B2	Sample 14	2	1	3	43450	36.96	1.51
B2	Sample 14	2	1	4	48360	36.96	1.51
B2	Sample 14	2	1	5	53250	37	1.51
B2	Sample 14	2	1	6	58150	36.96	1.51
B2	Sample 14	2	1	7	63050	37	1.52
B2	Sample 14	2	1	8	67950	36.96	1.51
B2	Sample 14	2	1	9	72860	36.96	1.51
B2	Sample 14	2	1	10	77750	36.96	1.51
B2	Sample 14	2	1	11	82650	36.96	1.51
B2	Sample 14	2	1	12	87560	36.96	1.51
B2	Sample 14	2	1	13	92450	36.96	1.51
B2	Sample 14	2	1	14	97350	36.96	1.51
B2	Sample 14	2	1	15	102250	36.96	1.51
B3	Sample 15	2	1	1	33610	36.91	1.78
B3	Sample 15	2	1	2	38560	36.96	1.78
B3	Sample 15	2	1	3	43450	36.96	1.77
B3	Sample 15	2	1	4	48360	36.96	1.77
B3	Sample 15	2	1	5	53250	37	1.77
B3	Sample 15	2	1	6	58150	36.96	1.77
B3	Sample 15	2	1	7	63050	37	1.77
B3	Sample 15	2	1	8	67950	36.96	1.77
B3	Sample 15	2	1	9	72860	36.96	1.77
B3	Sample 15	2	1	10	77750	36.96	1.77
B3	Sample 15	2	1	11	82650	36.96	1.77
B3	Sample 15	2	1	12	87560	36.96	1.77
B3	Sample 15	2	1	13	92450	36.96	1.77
B3	Sample 15	2	1	14	97350	36.96	1.77
B3	Sample 15	2	1	15	102250	36.96	1.76
B4	Sample 16	2	1	1	33610	36.91	1.79
B4	Sample 16	2	1	2	38560	36.96	1.79
B4	Sample 16	2	1	3	43450	36.96	1.78
B4	Sample 16	2	1	4	48360	36.96	1.78
B4	Sample 16	2	1	5	53250	37	1.78
B4	Sample 16	2	1	6	58150	36.96	1.79
B4	Sample 16	2	1	7	63050	37	1.78
B4	Sample 16	2	1	8	67950	36.96	1.78
B4	Sample 16	2	1	9	72860	36.96	1.78
B4	Sample 16	2	1	10	77750	36.96	1.78
B4	Sample 16	2	1	11	82650	36.96	1.78
B4	Sample 16	2	1	12	87560	36.96	1.78
B4	Sample 16	2	1	13	92450	36.96	1.76
B4	Sample 16	2	1	14	97350	36.96	1.78
B4	Sample 16	2	1	15	102250	36.96	1.78
B5	Sample 17	2	1	1	33610	36.91	0.61
B5	Sample 17	2	1	2	38560	36.96	0.60
B5	Sample 17	2	1	3	43450	36.96	0.61
B5	Sample 17	2	1	4	48360	36.96	0.60
B5	Sample 17	2	1	5	53250	37	0.60
B5	Sample 17	2	1	6	58150	36.96	0.60
B5	Sample 17	2	1	7	63050	37	0.60
B5	Sample 17	2	1	8	67950	36.96	0.60
B5	Sample 17	2	1	9	72860	36.96	0.60
B5	Sample 17	2	1	10	77750	36.96	0.60
B5	Sample 17	2	1	11	82650	36.96	0.60
B5	Sample 17	2	1	12	87560	36.96	0.60
B5	Sample 17	2	1	13	92450	36.96	0.60
B5	Sample 17	2	1	14	97350	36.96	0.60
B5	Sample 17	2	1	15	102250	36.96	0.60
B6	Sample 18	2	1	1	33610	36.91	0.63
B6	Sample 18	2	1	2	38560	36.96	0.62
B6	Sample 18	2	1	3	43450	36.96	0.62
B6	Sample 18	2	1	4	48360	36.96	0.62
B6	Sample 18	2	1	5	53250	37	0.62
B6	Sample 18	2	1	6	58150	36.96	0.63
B6	Sample 18	2	1	7	63050	37	0.62
B6	Sample 18	2	1	8	67950	36.96	0.62
B6	Sample 18	2	1	9	72860	36.96	0.63
B6	Sample 18	2	1	10	77750	36.96	0.61
B6	Sample 18	2	1	11	82650	36.96	0.62
B6	Sample 18	2	1	12	87560	36.96	0.63
B6	Sample 18	2	1	13	92450	36.96	0.61
B6	Sample 18	2	1	14	97350	36.96	0.61
B6	Sample 18	2	1	15	102250	36.96	0.62
B7	Sample 19	2	1	1	33610	36.91	0.67
B7	Sample 19	2	1	2	38560	36.96	0.66
B7	Sample 19	2	1	3	43450	36.96	0.66
B7	Sample 19	2	1	4	48360	36.96	0.66
B7	Sample 19	2	1	5	53250	37	0.66
B7	Sample 19	2	1	6	58150	36.96	0.66
B7	Sample 19	2	1	7	63050	37	0.66
B7	Sample 19	2	1	8	67950	36.96	0.66
B7	Sample 19	2	1	9	72860	36.96	0.67
B7	Sample 19	2	1	10	77750	36.96	0.66
B7	Sample 19	2	1	11	82650	36.96	0.66
B7	Sample 19	2	1	12	87560	36.96	0.66
B7	Sample 19	2	1	13	92450	36.96	0.65
B7	Sample 19	2	1	14	97350	36.96	0.66
B7	Sample 19	2	1	15	102250	36.96	0.66
B8	Sample 20	2	1	1	33610	36.91	0.64
B8	Sample 20	2	1	2	38560	36.96	0.63
B8	Sample 20	2	1	3	43450	36.96	0.63
B8	Sample 20	2	1	4	48360	36.96	0.63
B8	Sample 20	2	1	5	53250	37	0.62
B8	Sample 20	2	1	6	58150	36.96	0.63
B8	Sample 20	2	1	7	63050	37	0.62
B8	Sample 20	2	1	8	67950	36.96	0.62
B8	Sample 20	2	1	9	72860	36.96	0.63
B8	Sample 20	2	1	10	77750	36.96	0.63
B8	Sample 20	2	1	11	82650	36.96	0.63
B8	Sample 20	2	1	12	87560	36.96	0.63
B8	Sample 20	2	1	13	92450	36.96	0.63
B8	Sample 20	2	1	14	97350	36.96	0.63
B8	Sample 20	2	1	15	102250	36.96	0.63
B9	Sample 21	2	1	1	33610	36.91	2.93
B9	Sample 21	2	1	2	38560	36.96	2.91
B9	Sample 21	2	1	3	43450	36.96	2.91
B9	Sample 21	2	1	4	48360	36.96	2.91
B9	Sample 21	2	1	5	53250	37	2.91
B9	Sample 21	2	1	6	58150	36.96	2.91
B9	Sample 21	2	1	7	63050	37	2.90
B9	Sample 21	2	1	8	67950	36.96	2.89
B9	Sample 21	2	1	9	72860	36.96	2.91
B9	Sample 21	2	1	10	77750	36.96	2.89
B9	Sample 21	2	1	11	82650	36.96	2.89
B9	Sample 21	2	1	12	87560	36.96	2.89
B9	Sample 21	2	1	13	92450	36.96	2.89
B9	Sample 21	2	1	14	97350	36.96	2.90
B9	Sample 21	2	1	15	102250	36.96	2.88
B10	Sample 22	2	1	1	33610	36.91	2.87
B10	Sample 22	2	1	2	38560	36.96	2.86
B10	Sample 22	2	1	3	43450	36.96	2.86
B10	Sample 22	2	1	4	48360	36.96	2.86
B10	Sample 22	2	1	5	53250	37	2.86
B10	Sample 22	2	1	6	58150	36.96	2.86
B10	Sample 22	2	1	7	63050	37	2.85
B10	Sample 22	2	1	8	67950	36.96	2.84
B10	Sample 22	2	1	9	72860	36.96	2.86
B10	Sample 22	2	1	10	77750	36.96	2.85
B10	Sample 22	2	1	11	82650	36.96	2.85
B10	Sample 22	2	1	12	87560	36.96	2.84
B10	Sample 22	2	1	13	92450	36.96	2.84
B10	Sample 22	2	1	14	97350	36.96	2.83
B10	Sample 22	2	1	15	102250	36.96	2.84
B11	Sample 23	2	1	1	33610	36.91	2.93
B11	Sample 23	2	1	2	38560	36.96	2.96
B11	Sample 23	2	1	3	43450	36.96	2.96
B11	Sample 23	2	1	4	48360	36.96	2.84
B11	Sample 23	2	1	5	53250	37	2.79
B11	Sample 23	2	1	6	58150	36.96	2.97
B11	Sample 23	2	1	7	63050	37	3.13
B11	Sample 23	2	1	8	67950	36.96	3.06
B11	Sample 23	2	1	9	72860	36.96	2.93
B11	Sample 23	2	1	10	77750	36.96	2.81
B11	Sample 23	2	1	11	82650	36.96	2.77
B11	Sample 23	2	1	12	87560	36.96	2.76
B11	Sample 23	2	1	13	92450	36.96	2.77
B11	Sample 23	2	1	14	97350	36.96	2.77
B11	Sample 23	2	1	15	102250	36.96	2.78
B12	Sample 24	2	1	1	33610	36.91	3.04
B12	Sample 24	2	1	2	38560	36.96	3.03
B12	Sample 24	2	1	3	43450	36.96	3.02
B12	Sample 24	2	1	4	48360	36.96	2.99
B12	Sample 24	2	1	5	53250	37	3.00
B12	Sample 24	2	1	6	58150	36.96	3.08
B12	Sample 24	2	1	7	63050	37	3.30
B12	Sample 24	2	1	8	67950	36.96	3.25
B12	Sample 24	2	1	9	72860	36.96	2.86
B12	Sample 24	2	1	10	77750	36.96	2.91
B12	Sample 24	2	1	11	82650	36.96	3.05
B12	Sample 24	2	1	12	87560	36.96	2.96
B12	Sample 24	2	1	13	92450	36.96	2.90
B12	Sample 24	2	1	14	97350	36.96	2.89
B12	Sample 24	2	1	15	102250	36.96	2.90
C1	Sample 25	2	1	1	33610	36.91	1.55
C1	Sample 25	2	1	2	38560	36.96	1.54
C1	Sample 25	2	1	3	43450	36.96	1.53
C1	Sample 25	2	1	4	48360	36.96	1.53
C1	Sample 25	2	1	5	53250	37	1.52
C1	Sample 25	2	1	6	58150	36.96	1.53
C1	Sample 25	2	1	7	63050	37	1.53
C1	Sample 25	2	1	8	67950	36.96	1.53
C1	Sample 25	2	1	9	72860	36.96	1.53
C1	Sample 25	2	1	10	77750	36.96	1.53
C1	Sample 25	2	1	11	82650	36.96	1.53
C1	Sample 25	2	1	12	87560	36.96	1.53
C1	Sample 25	2	1	13	92450	36.96	1.53
C1	Sample 25	2	1	14	97350	36.96	1.53
C1	Sample 25	2	1	15	102250	36.96	1.53
C2	Sample 26	2	1	1	33610	36.91	1.60
C2	Sample 26	2	1	2	38560	36.96	1.60
C2	Sample 26	2	1	3	43450	36.96	1.59
C2	Sample 26	2	1	4	48360	36.96	1.58
C2	Sample 26	2	1	5	53250	37	1.57
C2	Sample 26	2	1	6	58150	36.96	1.57
C2	Sample 26	2	1	7	63050	37	1.58
C2	Sample 26	2	1	8	67950	36.96	1.58
C2	Sample 26	2	1	9	72860	36.96	1.58
C2	Sample 26	2	1	10	77750	36.96	1.59
C2	Sample 26	2	1	11	82650	36.96	1.57
C2	Sample 26	2	1	12	87560	36.96	1.58
C2	Sample 26	2	1	13	92450	36.96	1.57
C2	Sample 26	2	1	14	97350	36.96	1.59
C2	Sample 26	2	1	15	102250	36.96	1.57
C3	Sample 27	2	1	1	33610	36.91	1.78
C3	Sample 27	2	1	2	38560	36.96	1.76
C3	Sample 27	2	1	3	43450	36.96	1.77
C3	Sample 27	2	1	4	48360	36.96	1.76
C3	Sample 27	2	1	5	53250	37	1.76
C3	Sample 27	2	1	6	58150	36.96	1.76
C3	Sample 27	2	1	7	63050	37	1.76
C3	Sample 27	2	1	8	67950	36.96	1.76
C3	Sample 27	2	1	9	72860	36.96	1.76
C3	Sample 27	2	1	10	77750	36.96	1.77
C3	Sample 27	2	1	11	82650	36.96	1.76
C3	Sample 27	2	1	12	87560	36.96	1.77
C3	Sample 27	2	1	13	92450	36.96	1.76
C3	Sample 27	2	1	14	97350	36.96	1.76
C3	Sample 27	2	1	15	102250	36.96	1.76
C4	Sample 28	2	1	1	33610	36.91	1.73
C4	Sample 28	2	1	2	38560	36.96	1.74
C4	Sample 28	2	1	3	43450	36.96	1.73
C4	Sample 28	2	1	4	48360	36.96	1.73
C4	Sample 28	2	1	5	53250	37	1.72
C4	Sample 28	2	1	6	58150	36.96	1.71
C4	Sample 28	2	1	7	63050	37	1.71
C4	Sample 28	2	1	8	67950	36.96	1.73
C4	Sample 28	2	1	9	72860	36.96	1.72
C4	Sample 28	2	1	10	77750	36.96	1.72
C4	Sample 28	2	1	11	82650	36.96	1.72
C4	Sample 28	2	1	12	87560	36.96	1.73
C4	Sample 28	2	1	13	92450	36.96	1.72
C4	Sample 28	2	1	14	97350	36.96	1.72
C4	Sample 28	2	1	15	102250	36.96	1.72
C5	Sample 29	2	1	1	33610	36.91	0.58
C5	Sample 29	2	1	2	38560	36.96	0.58
C5	Sample 29	2	1	3	43450	36.96	0.58
C5	Sample 29	2	1	4	48360	36.96	0.58
C5	Sample 29	2	1	5	53250	37	0.58
C5	Sample 29	2	1	6	58150	36.96	0.58
C5	Sample 29	2	1	7	63050	37	0.58
C5	Sample 29	2	1	8	67950	36.96	0.58
C5	Sample 29	2	1	9	72860	36.96	0.58
C5	Sample 29	2	1	10	77750	36.96	0.58
C5	Sample 29	2	1	11	82650	36.96	0.58
C5	Sample 29	2	1	12	87560	36.96	0.58
C5	Sample 29	2	1	13	92450	36.96	0.58
C5	Sample 29	2	1	14	97350	36.96	0.58
C5	Sample 29	2	1	15	102250	36.96	0.58
C6	Sample 30	2	1	1	33610	36.91	0.66
C6	Sample 30	2	1	2	38560	36.96	0.66
C6	Sample 30	2	1	3	43450	36.96	0.66
C6	Sample 30	2	1	4	48360	36.96	0.66
C6	Sample 30	2	1	5	53250	37	0.66
C6	Sample 30	2	1	6	58150	36.96	0.66
C6	Sample 30	2	1	7	63050	37	0.65
C6	Sample 30	2	1	8	67950	36.96	0.66
C6	Sample 30	2	1	9	72860	36.96	0.65
C6	Sample 30	2	1	10	77750	36.96	0.66
C6	Sample 30	2	1	11	82650	36.96	0.65
C6	Sample 30	2	1	12	87560	36.96	0.66
C6	Sample 30	2	1	13	92450	36.96	0.65
C6	Sample 30	2	1	14	97350	36.96	0.66
C6	Sample 30	2	1	15	102250	36.96	0.65
C7	Sample 31	2	1	1	33610	36.91	0.68
C7	Sample 31	2	1	2	38560	36.96	0.68
C7	Sample 31	2	1	3	43450	36.96	0.68
C7	Sample 31	2	1	4	48360	36.96	0.68
C7	Sample 31	2	1	5	53250	37	0.67
C7	Sample 31	2	1	6	58150	36.96	0.68
C7	Sample 31	2	1	7	63050	37	0.68
C7	Sample 31	2	1	8	67950	36.96	0.68
C7	Sample 31	2	1	9	72860	36.96	0.67
C7	Sample 31	2	1	10	77750	36.96	0.68
C7	Sample 31	2	1	11	82650	36.96	0.68
C7	Sample 31	2	1	12	87560	36.96	0.68
C7	Sample 31	2	1	13	92450	36.96	0.67
C7	Sample 31	2	1	14	97350	36.96	0.68
C7	Sample 31	2	1	15	102250	36.96	0.67
C8	Sample 32	2	1	1	33610	36.91	0.66
C8	Sample 32	2	1	2	38560	36.96	0.66
C8	Sample 32	2	1	3	43450	36.96	0.66
C8	Sample 32	2	1	4	48360	36.96	0.66
C8	Sample 32	2	1	5	53250	37	0.65
C8	Sample 32	2	1	6	58150	36.96	0.65
C8	Sample 32	2	1	7	63050	37	0.66
C8	Sample 32	2	1	8	67950	36.96	0.65
C8	Sample 32	2	1	9	72860	36.96	0.65
C8	Sample 32	2	1	10	77750	36.96	0.66
C8	Sample 32	2	1	11	82650	36.96	0.65
C8	Sample 32	2	1	12	87560	36.96	0.66
C8	Sample 32	2	1	13	92450	36.96	0.65
C8	Sample 32	2	1	14	97350	36.96	0.65
C8	Sample 32	2	1	15	102250	36.96	0.65
C9	Sample 33	2	1	1	33610	36.91	2.95
C9	Sample 33	2	1	2	38560	36.96	2.94
C9	Sample 33	2	1	3	43450	36.96	2.94
C9	Sample 33	2	1	4	48360	36.96	2.94
C9	Sample 33	2	1	5	53250	37	2.92
C9	Sample 33	2	1	6	58150	36.96	2.93
C9	Sample 33	2	1	7	63050	37	2.93
C9	Sample 33	2	1	8	67950	36.96	2.92
C9	Sample 33	2	1	9	72860	36.96	2.92
C9	Sample 33	2	1	10	77750	36.96	2.93
C9	Sample 33	2	1	11	82650	36.96	2.93
C9	Sample 33	2	1	12	87560	36.96	2.94
C9	Sample 33	2	1	13	92450	36.96	2.92
C9	Sample 33	2	1	14	97350	36.96	2.92
C9	Sample 33	2	1	15	102250	36.96	2.92
C10	Sample 34	2	1	1	33610	36.91	2.87
C10	Sample 34	2	1	2	38560	36.96	2.87
C10	Sample 34	2	1	3	43450	36.96	2.86
C10	Sample 34	2	1	4	48360	36.96	2.86
C10	Sample 34	2	1	5	53250	37	2.87
C10	Sample 34	2	1	6	58150	36.96	2.85
C10	Sample 34	2	1	7	63050	37	2.84
C10	Sample 34	2	1	8	67950	36.96	2.85
C10	Sample 34	2	1	9	72860	36.96	2.83
C10	Sample 34	2	1	10	77750	36.96	2.85
C10	Sample 34	2	1	11	82650	36.96	2.84
C10	Sample 34	2	1	12	87560	36.96	2.83
C10	Sample 34	2	1	13	92450	36.96	2.84
C10	Sample 34	2	1	14	97350	36.96	2.84
C10	Sample 34	2	1	15	102250	36.96	2.83
C11	Sample 35	2	1	1	33610	36.91	3.83
C11	Sample 35	2	1	2	38560	36.96	3.82
C11	Sample 35	2	1	3	43450	36.96	3.81
C11	Sample 35	2	1	4	48360	36.96	3.81
C11	Sample 35	2	1	5	53250	37	3.80
C11	Sample 35	2	1	6	58150	36.96	3.81
C11	Sample 35	2	1	7	63050	37	3.80
C11	Sample 35	2	1	8	67950	36.96	3.80
C11	Sample 35	2	1	9	72860	36.96	3.77
C11	Sample 35	2	1	10	77750	36.96	3.78
C11	Sample 35	2	1	11	82650	36.96	3.78
C11	Sample 35	2	1	12	87560	36.96	3.80
C11	Sample 35	2	1	13	92450	36.96	3.79
C11	Sample 35	2	1	14	97350	36.96	3.78
C11	Sample 35	2	1	15	102250	36.96	3.79
C12	Sample 36	2	1	1	33610	36.91	3.03
C12	Sample 36	2	1	2	38560	36.96	3.01
C12	Sample 36	2	1	3	43450	36.96	3.00
C12	Sample 36	2	1	4	48360	36.96	3.00
C12	Sample 36	2	1	5	53250	37	3.00
C12	Sample 36	2	1	6	58150	36.96	3.00
C12	Sample 36	2	1	7	63050	37	3.00
C12	Sample 36	2	1	8	67950	36.96	3.00
C12	Sample 36	2	1	9	72860	36.96	3.00
C12	Sample 36	2	1	10	77750	36.96	3.01
C12	Sample 36	2	1	11	82650	36.96	2.99
C12	Sample 36	2	1	12	87560	36.96	3.00
C12	Sample 36	2	1	13	92450	36.96	2.99
C12	Sample 36	2	1	14	97350	36.96	2.99
C12	Sample 36	2	1	15	102250	36.96	2.99
D1	Sample 37	2	1	1	33610	36.91	1.55
D1	Sample 37	2	1	2	38560	36.96	1.55
D1	Sample 37	2	1	3	43450	36.96	1.54
D1	Sample 37	2	1	4	48360	36.96	1.54
D1	Sample 37	2	1	5	53250	37	1.54
D1	Sample 37	2	1	6	58150	36.96	1.54
D1	Sample 37	2	1	7	63050	37	1.54
D1	Sample 37	2	1	8	67950	36.96	1.54
D1	Sample 37	2	1	9	72860	36.96	1.53
D1	Sample 37	2	1	10	77750	36.96	1.54
D1	Sample 37	2	1	11	82650	36.96	1.54
D1	Sample 37	2	1	12	87560	36.96	1.54
D1	Sample 37	2	1	13	92450	36.96	1.54
D1	Sample 37	2	1	14	97350	36.96	1.54
D1	Sample 37	2	1	15	102250	36.96	1.53
D2	Sample 38	2	1	1	33610	36.91	1.55
D2	Sample 38	2	1	2	38560	36.96	1.55
D2	Sample 38	2	1	3	43450	36.96	1.54
D2	Sample 38	2	1	4	48360	36.96	1.55
D2	Sample 38	2	1	5	53250	37	1.55
D2	Sample 38	2	1	6	58150	36.96	1.55
D2	Sample 38	2	1	7	63050	37	1.55
D2	Sample 38	2	1	8	67950	36.96	1.54
D2	Sample 38	2	1	9	72860	36.96	1.54
D2	Sample 38	2	1	10	77750	36.96	1.55
D2	Sample 38	2	1	11	82650	36.96	1.55
D2	Sample 38	2	1	12	87560	36.96	1.55
D2	Sample 38	2	1	13	92450	36.96	1.54
D2	Sample 38	2	1	14	97350	36.96	1.54
D2	Sample 38	2	1	15	102250	36.96	1.54
D3	Sample 39	2	1	1	33610	36.91	1.78
D3	Sample 39	2	1	2	38560	36.96	1.78
D3	Sample 39	2	1	3	43450	36.96	1.77
D3	Sample 39	2	1	4	48360	36.96	1.78
D3	Sample 39	2	1	5	53250	37	1.77
D3	Sample 39	2	1	6	58150	36.96	1.77
D3	Sample 39	2	1	7	63050	37	1.77
D3	Sample 39	2	1	8	67950	36.96	1.77
D3	Sample 39	2	1	9	72860	36.96	1.76
D3	Sample 39	2	1	10	77750	36.96	1.76
D3	Sample 39	2	1	11	82650	36.96	1.77
D3	Sample 39	2	1	12	87560	36.96	1.77
D3	Sample 39	2	1	13	92450	36.96	1.76
D3	Sample 39	2	1	14	97350	36.96	1.77
D3	Sample 39	2	1	15	102250	36.96	1.76
D4	Sample 40	2	1	1	33610	36.91	1.75
D4	Sample 40	2	1	2	38560	36.96	1.76
D4	Sample 40	2	1	3	43450	36.96	1.75
D4	Sample 40	2	1	4	48360	36.96	1.75
D4	Sample 40	2	1	5	53250	37	1.75
D4	Sample 40	2	1	6	58150	36.96	1.75
D4	Sample 40	2	1	7	63050	37	1.74
D4	Sample 40	2	1	8	67950	36.96	1.75
D4	Sample 40	2	1	9	72860	36.96	1.74
D4	Sample 40	2	1	10	77750	36.96	1.75
D4	Sample 40	2	1	11	82650	36.96	1.75
D4	Sample 40	2	1	12	87560	36.96	1.74
D4	Sample 40	2	1	13	92450	36.96	1.74
D4	Sample 40	2	1	14	97350	36.96	1.75
D4	Sample 40	2	1	15	102250	36.96	1.74
D5	Sample 41	2	1	1	33610	36.91	0.59
D5	Sample 41	2	1	2	38560	36.96	0.59
D5	Sample 41	2	1	3	43450	36.96	0.58
D5	Sample 41	2	1	4	48360	36.96	0.58
D5	Sample 41	2	1	5	53250	37	0.58
D5	Sample 41	2	1	6	58150	36.96	0.59
D5	Sample 41	2	1	7	63050	37	0.58
D5	Sample 41	2	1	8	67950	36.96	0.58
D5	Sample 41	2	1	9	72860	36.96	0.58
D5	Sample 41	2	1	10	77750	36.96	0.59
D5	Sample 41	2	1	11	82650	36.96	0.58
D5	Sample 41	2	1	12	87560	36.96	0.58
D5	Sample 41	2	1	13	92450	36.96	0.58
D5	Sample 41	2	1	14	97350	36.96	0.57
D5	Sample 41	2	1	15	102250	36.96	0.58
D6	Sample 42	2	1	1	33610	36.91	0.62
D6	Sample 42	2	1	2	38560	36.96	0.61
D6	Sample 42	2	1	3	43450	36.96	0.61
D6	Sample 42	2	1	4	48360	36.96	0.61
D6	Sample 42	2	1	5	53250	37	0.61
D6	Sample 42	2	1	6	58150	36.96	0.61
D6	Sample 42	2	1	7	63050	37	0.61
D6	Sample 42	2	1	8	67950	36.96	0.61
D6	Sample 42	2	1	9	72860	36.96	0.61
D6	Sample 42	2	1	10	77750	36.96	0.61
D6	Sample 42	2	1	11	82650	36.96	0.61
D6	Sample 42	2	1	12	87560	36.96	0.61
D6	Sample 42	2	1	13	92450	36.96	0.61
D6	Sample 42	2	1	14	97350	36.96	0.61
D6	Sample 42	2	1	15	102250	36.96	0.61
D7	Sample 43	2	1	1	33610	36.91	1.50
D7	Sample 43	2	1	2	38560	36.96	1.49
D7	Sample 43	2	1	3	43450	36.96	1.48
D7	Sample 43	2	1	4	48360	36.96	1.49
D7	Sample 43	2	1	5	53250	37	1.48
D7	Sample 43	2	1	6	58150	36.96	1.49
D7	Sample 43	2	1	7	63050	37	1.48
D7	Sample 43	2	1	8	67950	36.96	1.48
D7	Sample 43	2	1	9	72860	36.96	1.48
D7	Sample 43	2	1	10	77750	36.96	1.48
D7	Sample 43	2	1	11	82650	36.96	1.48
D7	Sample 43	2	1	12	87560	36.96	1.48
D7	Sample 43	2	1	13	92450	36.96	1.48
D7	Sample 43	2	1	14	97350	36.96	1.48
D7	Sample 43	2	1	15	102250	36.96	1.47
D8	Sample 44	2	1	1	33610	36.91	1.51
D8	Sample 44	2	1	2	38560	36.96	1.51
D8	Sample 44	2	1	3	43450	36.96	1.51
D8	Sample 44	2	1	4	48360	36.96	1.51
D8	Sample 44	2	1	5	53250	37	1.50
D8	Sample 44	2	1	6	58150	36.96	1.51
D8	Sample 44	2	1	7	63050	37	1.50
D8	Sample 44	2	1	8	67950	36.96	1.50
D8	Sample 44	2	1	9	72860	36.96	1.50
D8	Sample 44	2	1	10	77750	36.96	1.50
D8	Sample 44	2	1	11	82650	36.96	1.51
D8	Sample 44	2	1	12	87560	36.96	1.51
D8	Sample 44	2	1	13	92450	36.96	1.50
D8	Sample 44	2	1	14	97350	36.96	1.50
D8	Sample 44	2	1	15	102250	36.96	1.50
D9	Sample 45	2	1	1	33610	36.91	2.92
D9	Sample 45	2	1	2	38560	36.96	2.92
D9	Sample 45	2	1	3	43450	36.96	2.90
D9	Sample 45	2	1	4	48360	36.96	2.91
D9	Sample 45	2	1	5	53250	37	2.90
D9	Sample 45	2	1	6	58150	36.96	2.90
D9	Sample 45	2	1	7	63050	37	2.89
D9	Sample 45	2	1	8	67950	36.96	2.89
D9	Sample 45	2	1	9	72860	36.96	2.89
D9	Sample 45	2	1	10	77750	36.96	2.89
D9	Sample 45	2	1	11	82650	36.96	2.88
D9	Sample 45	2	1	12	87560	36.96	2.88
D9	Sample 45	2	1	13	92450	36.96	2.88
D9	Sample 45	2	1	14	97350	36.96	2.88
D9	Sample 45	2	1	15	102250	36.96	2.87
D10	Sample 46	2	1	1	33610	36.91	2.83
D10	Sample 46	2	1	2	38560	36.96	2.83
D10	Sample 46	2	1	3	43450	36.96	2.82
D10	Sample 46	2	1	4	48360	36.96	2.82
D10	Sample 46	2	1	5	53250	37	2.82
D10	Sample 46	2	1	6	58150	36.96	2.82
D10	Sample 46	2	1	7	63050	37	2.81
D10	Sample 46	2	1	8	67950	36.96	2.80
D10	Sample 46	2	1	9	72860	36.96	2.80
D10	Sample 46	2	1	10	77750	36.96	2.80
D10	Sample 46	2	1	11	82650	36.96	2.79
D10	Sample 46	2	1	12	87560	36.96	2.80
D10	Sample 46	2	1	13	92450	36.96	2.79
D10	Sample 46	2	1	14	97350	36.96	2.79
D10	Sample 46	2	1	15	102250	36.96	2.78
D11	Sample 47	2	1	1	33610	36.91	3.12
D11	Sample 47	2	1	2	38560	36.96	3.12
D11	Sample 47	2	1	3	43450	36.96	3.11
D11	Sample 47	2	1	4	48360	36.96	3.11
D11	Sample 47	2	1	5	53250	37	3.10
D11	Sample 47	2	1	6	58150	36.96	3.11
D11	Sample 47	2	1	7	63050	37	3.10
D11	Sample 47	2	1	8	67950	36.96	3.10
D11	Sample 47	2	1	9	72860	36.96	3.09
D11	Sample 47	2	1	10	77750	36.96	3.09
D11	Sample 47	2	1	11	82650	36.96	3.09
D11	Sample 47	2	1	12	87560	36.96	3.09
D11	Sample 47	2	1	13	92450	36.96	3.08
D11	Sample 47	2	1	14	97350	36.96	3.08
D11	Sample 47	2	1	15	102250	36.96	3.08
D12	Sample 48	2	1	1	33610	36.91	2.92
D12	Sample 48	2	1	2	38560	36.96	2.91
D12	Sample 48	2	1	3	43450	36.96	2.91
D12	Sample 48	2	1	4	48360	36.96	2.91
D12	Sample 48	2	1	5	53250	37	2.91
D12	Sample 48	2	1	6	58150	36.96	2.91
D12	Sample 48	2	1	7	63050	37	2.90
D12	Sample 48	2	1	8	67950	36.96	2.91
D12	Sample 48	2	1	9	72860	36.96	2.90
D12	Sample 48	2	1	10	77750	36.96	2.90
D12	Sample 48	2	1	11	82650	36.96	2.90
D12	Sample 48	2	1	12	87560	36.96	2.90
D12	Sample 48	2	1	13	92450	36.96	2.90
D12	Sample 48	2	1	14	97350	36.96	2.89
D12	Sample 48	2	1	15	102250	36.96	2.89
E1	Sample 49	2	1	1	33610	36.91	2.05
E1	Sample 49	2	1	2	38560	36.96	2.04
E1	Sample 49	2	1	3	43450	36.96	2.03
E1	Sample 49	2	1	4	48360	36.96	2.03
E1	Sample 49	2	1	5	53250	37	2.04
E1	Sample 49	2	1	6	58150	36.96	2.04
E1	Sample 49	2	1	7	63050	37	2.04
E1	Sample 49	2	1	8	67950	36.96	2.03
E1	Sample 49	2	1	9	72860	36.96	2.03
E1	Sample 49	2	1	10	77750	36.96	2.03
E1	Sample 49	2	1	11	82650	36.96	2.02
E1	Sample 49	2	1	12	87560	36.96	2.04
E1	Sample 49	2	1	13	92450	36.96	2.03
E1	Sample 49	2	1	14	97350	36.96	2.03
E1	Sample 49	2	1	15	102250	36.96	2.03
E2	Sample 50	2	1	1	33610	36.91	1.78
E2	Sample 50	2	1	2	38560	36.96	1.77
E2	Sample 50	2	1	3	43450	36.96	1.77
E2	Sample 50	2	1	4	48360	36.96	1.77
E2	Sample 50	2	1	5	53250	37	1.76
E2	Sample 50	2	1	6	58150	36.96	1.77
E2	Sample 50	2	1	7	63050	37	1.77
E2	Sample 50	2	1	8	67950	36.96	1.77
E2	Sample 50	2	1	9	72860	36.96	1.76
E2	Sample 50	2	1	10	77750	36.96	1.76
E2	Sample 50	2	1	11	82650	36.96	1.76
E2	Sample 50	2	1	12	87560	36.96	1.77
E2	Sample 50	2	1	13	92450	36.96	1.76
E2	Sample 50	2	1	14	97350	36.96	1.76
E2	Sample 50	2	1	15	102250	36.96	1.76
E3	Sample 51	2	1	1	33610	36.91	2.92
E3	Sample 51	2	1	2	38560	36.96	2.91
E3	Sample 51	2	1	3	43450	36.96	2.91
E3	Sample 51	2	1	4	48360	36.96	2.90
E3	Sample 51	2	1	5	53250	37	2.91
E3	Sample 51	2	1	6	58150	36.96	2.91
E3	Sample 51	2	1	7	63050	37	2.90
E3	Sample 51	2	1	8	67950	36.96	2.90
E3	Sample 51	2	1	9	72860	36.96	2.89
E3	Sample 51	2	1	10	77750	36.96	2.90
E3	Sample 51	2	1	11	82650	36.96	2.90
E3	Sample 51	2	1	12	87560	36.96	2.89
E3	Sample 51	2	1	13	92450	36.96	2.90
E3	Sample 51	2	1	14	97350	36.96	2.89
E3	Sample 51	2	1	15	102250	36.96	2.89
E4	Sample 52	2	1	1	33610	36.91	3.03
E4	Sample 52	2	1	2	38560	36.96	3.02
E4	Sample 52	2	1	3	43450	36.96	3.01
E4	Sample 52	2	1	4	48360	36.96	3.00
E4	Sample 52	2	1	5	53250	37	3.02
E4	Sample 52	2	1	6	58150	36.96	3.02
E4	Sample 52	2	1	7	63050	37	3.01
E4	Sample 52	2	1	8	67950	36.96	3.00
E4	Sample 52	2	1	9	72860	36.96	3.00
E4	Sample 52	2	1	10	77750	36.96	3.00
E4	Sample 52	2	1	11	82650	36.96	3.00
E4	Sample 52	2	1	12	87560	36.96	3.01
E4	Sample 52	2	1	13	92450	36.96	3.01
E4	Sample 52	2	1	14	97350	36.96	3.00
E4	Sample 52	2	1	15	102250	36.96	2.99
E5	Sample 53	2	1	1	33610	36.91	0.71
E5	Sample 53	2	1	2	38560	36.96	0.70
E5	Sample 53	2	1	3	43450	36.96	0.70
E5	Sample 53	2	1	4	48360	36.96	0.69
E5	Sample 53	2	1	5	53250	37	0.69
E5	Sample 53	2	1	6	58150	36.96	0.70
E5	Sample 53	2	1	7	63050	37	0.70
E5	Sample 53	2	1	8	67950	36.96	0.69
E5	Sample 53	2	1	9	72860	36.96	0.70
E5	Sample 53	2	1	10	77750	36.96	0.70
E5	Sample 53	2	1	11	82650	36.96	0.69
E5	Sample 53	2	1	12	87560	36.96	0.70
E5	Sample 53	2	1	13	92450	36.96	0.70
E5	Sample 53	2	1	14	97350	36.96	0.69
E5	Sample 53	2	1	15	102250	36.96	0.69
E6	Sample 54	2	1	1	33610	36.91	0.72
E6	Sample 54	2	1	2	38560	36.96	0.71
E6	Sample 54	2	1	3	43450	36.96	0.71
E6	Sample 54	2	1	4	48360	36.96	0.71
E6	Sample 54	2	1	5	53250	37	0.72
E6	Sample 54	2	1	6	58150	36.96	0.72
E6	Sample 54	2	1	7	63050	37	0.72
E6	Sample 54	2	1	8	67950	36.96	0.72
E6	Sample 54	2	1	9	72860	36.96	0.71
E6	Sample 54	2	1	10	77750	36.96	0.72
E6	Sample 54	2	1	11	82650	36.96	0.71
E6	Sample 54	2	1	12	87560	36.96	0.71
E6	Sample 54	2	1	13	92450	36.96	0.71
E6	Sample 54	2	1	14	97350	36.96	0.71
E6	Sample 54	2	1	15	102250	36.96	0.72
E7	Sample 55	2	1	1	33610	36.91	1.75
E7	Sample 55	2	1	2	38560	36.96	1.75
E7	Sample 55	2	1	3	43450	36.96	1.75
E7	Sample 55	2	1	4	48360	36.96	1.74
E7	Sample 55	2	1	5	53250	37	1.74
E7	Sample 55	2	1	6	58150	36.96	1.75
E7	Sample 55	2	1	7	63050	37	1.75
E7	Sample 55	2	1	8	67950	36.96	1.75
E7	Sample 55	2	1	9	72860	36.96	1.74
E7	Sample 55	2	1	10	77750	36.96	1.74
E7	Sample 55	2	1	11	82650	36.96	1.74
E7	Sample 55	2	1	12	87560	36.96	1.74
E7	Sample 55	2	1	13	92450	36.96	1.74
E7	Sample 55	2	1	14	97350	36.96	1.73
E7	Sample 55	2	1	15	102250	36.96	1.73
E8	Sample 56	2	1	1	33610	36.91	1.71
E8	Sample 56	2	1	2	38560	36.96	1.69
E8	Sample 56	2	1	3	43450	36.96	1.70
E8	Sample 56	2	1	4	48360	36.96	1.70
E8	Sample 56	2	1	5	53250	37	1.69
E8	Sample 56	2	1	6	58150	36.96	1.69
E8	Sample 56	2	1	7	63050	37	1.69
E8	Sample 56	2	1	8	67950	36.96	1.69
E8	Sample 56	2	1	9	72860	36.96	1.69
E8	Sample 56	2	1	10	77750	36.96	1.69
E8	Sample 56	2	1	11	82650	36.96	1.68
E8	Sample 56	2	1	12	87560	36.96	1.69
E8	Sample 56	2	1	13	92450	36.96	1.69
E8	Sample 56	2	1	14	97350	36.96	1.69
E8	Sample 56	2	1	15	102250	36.96	1.69
E9	Sample 57	2	1	1	33610	36.91	2.85
E9	Sample 57	2	1	2	38560	36.96	2.84
E9	Sample 57	2	1	3	43450	36.96	2.83
E9	Sample 57	2	1	4	48360	36.96	2.83
E9	Sample 57	2	1	5	53250	37	2.82
E9	Sample 57	2	1	6	58150	36.96	2.83
E9	Sample 57	2	1	7	63050	37	2.82
E9	Sample 57	2	1	8	67950	36.96	2.82
E9	Sample 57	2	1	9	72860	36.96	2.81
E9	Sample 57	2	1	10	77750	36.96	2.82
E9	Sample 57	2	1	11	82650	36.96	2.81
E9	Sample 57	2	1	12	87560	36.96	2.82
E9	Sample 57	2	1	13	92450	36.96	2.82
E9	Sample 57	2	1	14	97350	36.96	2.81
E9	Sample 57	2	1	15	102250	36.96	2.82
E10	Sample 58	2	1	1	33610	36.91	2.81
E10	Sample 58	2	1	2	38560	36.96	2.81
E10	Sample 58	2	1	3	43450	36.96	2.79
E10	Sample 58	2	1	4	48360	36.96	2.79
E10	Sample 58	2	1	5	53250	37	2.78
E10	Sample 58	2	1	6	58150	36.96	2.78
E10	Sample 58	2	1	7	63050	37	2.79
E10	Sample 58	2	1	8	67950	36.96	2.78
E10	Sample 58	2	1	9	72860	36.96	2.78
E10	Sample 58	2	1	10	77750	36.96	2.78
E10	Sample 58	2	1	11	82650	36.96	2.77
E10	Sample 58	2	1	12	87560	36.96	2.77
E10	Sample 58	2	1	13	92450	36.96	2.77
E10	Sample 58	2	1	14	97350	36.96	2.78
E10	Sample 58	2	1	15	102250	36.96	2.77
E11	Sample 59	2	1	1	33610	36.91	3.26
E11	Sample 59	2	1	2	38560	36.96	3.25
E11	Sample 59	2	1	3	43450	36.96	3.24
E11	Sample 59	2	1	4	48360	36.96	3.24
E11	Sample 59	2	1	5	53250	37	3.24
E11	Sample 59	2	1	6	58150	36.96	3.24
E11	Sample 59	2	1	7	63050	37	3.23
E11	Sample 59	2	1	8	67950	36.96	3.23
E11	Sample 59	2	1	9	72860	36.96	3.22
E11	Sample 59	2	1	10	77750	36.96	3.22
E11	Sample 59	2	1	11	82650	36.96	3.21
E11	Sample 59	2	1	12	87560	36.96	3.21
E11	Sample 59	2	1	13	92450	36.96	3.22
E11	Sample 59	2	1	14	97350	36.96	3.22
E11	Sample 59	2	1	15	102250	36.96	3.22
E12	Sample 60	2	1	1	33610	36.91	3.11
E12	Sample 60	2	1	2	38560	36.96	3.10
E12	Sample 60	2	1	3	43450	36.96	3.10
E12	Sample 60	2	1	4	48360	36.96	3.09
E12	Sample 60	2	1	5	53250	37	3.10
E12	Sample 60	2	1	6	58150	36.96	3.08
E12	Sample 60	2	1	7	63050	37	3.08
E12	Sample 60	2	1	8	67950	36.96	3.08
E12	Sample 60	2	1	9	72860	36.96	3.07
E12	Sample 60	2	1	10	77750	36.96	3.07
E12	Sample 60	2	1	11	82650	36.96	3.08
E12	Sample 60	2	1	12	87560	36.96	3.08
E12	Sample 60	2	1	13	92450	36.96	3.08
E12	Sample 60	2	1	14	97350	36.96	3.08
E12	Sample 60	2	1	15	102250	36.96	3.07
F1	Sample 61	2	1	1	33610	36.91	2.67
F1	Sample 61	2	1	2	38560	36.96	2.66
F1	Sample 61	2	1	3	43450	36.96	2.67
F1	Sample 61	2	1	4	48360	36.96	2.65
F1	Sample 61	2	1	5	53250	37	2.66
F1	Sample 61	2	1	6	58150	36.96	2.66
F1	Sample 61	2	1	7	63050	37	2.66
F1	Sample 61	2	1	8	67950	36.96	2.65
F1	Sample 61	2	1	9	72860	36.96	2.66
F1	Sample 61	2	1	10	77750	36.96	2.66
F1	Sample 61	2	1	11	82650	36.96	2.65
F1	Sample 61	2	1	12	87560	36.96	2.67
F1	Sample 61	2	1	13	92450	36.96	2.65
F1	Sample 61	2	1	14	97350	36.96	2.66
F1	Sample 61	2	1	15	102250	36.96	2.65
F2	Sample 62	2	1	1	33610	36.91	2.68
F2	Sample 62	2	1	2	38560	36.96	2.68
F2	Sample 62	2	1	3	43450	36.96	2.67
F2	Sample 62	2	1	4	48360	36.96	2.67
F2	Sample 62	2	1	5	53250	37	2.66
F2	Sample 62	2	1	6	58150	36.96	2.66
F2	Sample 62	2	1	7	63050	37	2.66
F2	Sample 62	2	1	8	67950	36.96	2.66
F2	Sample 62	2	1	9	72860	36.96	2.67
F2	Sample 62	2	1	10	77750	36.96	2.67
F2	Sample 62	2	1	11	82650	36.96	2.66
F2	Sample 62	2	1	12	87560	36.96	2.67
F2	Sample 62	2	1	13	92450	36.96	2.67
F2	Sample 62	2	1	14	97350	36.96	2.67
F2	Sample 62	2	1	15	102250	36.96	2.67
F3	Sample 63	2	1	1	33610	36.91	3.24
F3	Sample 63	2	1	2	38560	36.96	3.24
F3	Sample 63	2	1	3	43450	36.96	3.25
F3	Sample 63	2	1	4	48360	36.96	3.22
F3	Sample 63	2	1	5	53250	37	3.24
F3	Sample 63	2	1	6	58150	36.96	3.23
F3	Sample 63	2	1	7	63050	37	3.22
F3	Sample 63	2	1	8	67950	36.96	3.21
F3	Sample 63	2	1	9	72860	36.96	3.21
F3	Sample 63	2	1	10	77750	36.96	3.22
F3	Sample 63	2	1	11	82650	36.96	3.21
F3	Sample 63	2	1	12	87560	36.96	3.22
F3	Sample 63	2	1	13	92450	36.96	3.20
F3	Sample 63	2	1	14	97350	36.96	3.21
F3	Sample 63	2	1	15	102250	36.96	3.22
F4	Sample 64	2	1	1	33610	36.91	3.16
F4	Sample 64	2	1	2	38560	36.96	3.16
F4	Sample 64	2	1	3	43450	36.96	3.15
F4	Sample 64	2	1	4	48360	36.96	3.15
F4	Sample 64	2	1	5	53250	37	3.15
F4	Sample 64	2	1	6	58150	36.96	3.14
F4	Sample 64	2	1	7	63050	37	3.13
F4	Sample 64	2	1	8	67950	36.96	3.14
F4	Sample 64	2	1	9	72860	36.96	3.14
F4	Sample 64	2	1	10	77750	36.96	3.14
F4	Sample 64	2	1	11	82650	36.96	3.14
F4	Sample 64	2	1	12	87560	36.96	3.14
F4	Sample 64	2	1	13	92450	36.96	3.13
F4	Sample 64	2	1	14	97350	36.96	3.14
F4	Sample 64	2	1	15	102250	36.96	3.14
F5	Sample 65	2	1	1	33610	36.91	1.36
F5	Sample 65	2	1	2	38560	36.96	1.35
F5	Sample 65	2	1	3	43450	36.96	1.35
F5	Sample 65	2	1	4	48360	36.96	1.33
F5	Sample 65	2	1	5	53250	37	1.35
F5	Sample 65	2	1	6	58150	36.96	1.34
F5	Sample 65	2	1	7	63050	37	1.33
F5	Sample 65	2	1	8	67950	36.96	1.33
F5	Sample 65	2	1	9	72860	36.96	1.34
F5	Sample 65	2	1	10	77750	36.96	1.34
F5	Sample 65	2	1	11	82650	36.96	1.34
F5	Sample 65	2	1	12	87560	36.96	1.34
F5	Sample 65	2	1	13	92450	36.96	1.33
F5	Sample 65	2	1	14	97350	36.96	1.33
F5	Sample 65	2	1	15	102250	36.96	1.34
F6	Sample 66	2	1	1	33610	36.91	1.33
F6	Sample 66	2	1	2	38560	36.96	1.33
F6	Sample 66	2	1	3	43450	36.96	1.32
F6	Sample 66	2	1	4	48360	36.96	1.31
F6	Sample 66	2	1	5	53250	37	1.32
F6	Sample 66	2	1	6	58150	36.96	1.31
F6	Sample 66	2	1	7	63050	37	1.31
F6	Sample 66	2	1	8	67950	36.96	1.31
F6	Sample 66	2	1	9	72860	36.96	1.32
F6	Sample 66	2	1	10	77750	36.96	1.32
F6	Sample 66	2	1	11	82650	36.96	1.32
F6	Sample 66	2	1	12	87560	36.96	1.32
F6	Sample 66	2	1	13	92450	36.96	1.31
F6	Sample 66	2	1	14	97350	36.96	1.32
F6	Sample 66	2	1	15	102250	36.96	1.32
F7	Sample 67	2	1	1	33610	36.91	1.94
F7	Sample 67	2	1	2	38560	36.96	1.92
F7	Sample 67	2	1	3	43450	36.96	1.93
F7	Sample 67	2	1	4	48360	36.96	1.92
F7	Sample 67	2	1	5	53250	37	1.92
F7	Sample 67	2	1	6	58150	36.96	1.93
F7	Sample 67	2	1	7	63050	37	1.91
F7	Sample 67	2	1	8	67950	36.96	1.91
F7	Sample 67	2	1	9	72860	36.96	1.91
F7	Sample 67	2	1	10	77750	36.96	1.92
F7	Sample 67	2	1	11	82650	36.96	1.91
F7	Sample 67	2	1	12	87560	36.96	1.93
F7	Sample 67	2	1	13	92450	36.96	1.91
F7	Sample 67	2	1	14	97350	36.96	1.92
F7	Sample 67	2	1	15	102250	36.96	1.92
F8	Sample 68	2	1	1	33610	36.91	1.95
F8	Sample 68	2	1	2	38560	36.96	1.95
F8	Sample 68	2	1	3	43450	36.96	1.95
F8	Sample 68	2	1	4	48360	36.96	1.94
F8	Sample 68	2	1	5	53250	37	1.95
F8	Sample 68	2	1	6	58150	36.96	1.94
F8	Sample 68	2	1	7	63050	37	1.94
F8	Sample 68	2	1	8	67950	36.96	1.93
F8	Sample 68	2	1	9	72860	36.96	1.94
F8	Sample 68	2	1	10	77750	36.96	1.94
F8	Sample 68	2	1	11	82650	36.96	1.94
F8	Sample 68	2	1	12	87560	36.96	1.94
F8	Sample 68	2	1	13	92450	36.96	1.94
F8	Sample 68	2	1	14	97350	36.96	1.94
F8	Sample 68	2	1	15	102250	36.96	1.94
F9	Sample 69	2	1	1	33610	36.91	3.04
F9	Sample 69	2	1	2	38560	36.96	3.03
F9	Sample 69	2	1	3	43450	36.96	3.04
F9	Sample 69	2	1	4	48360	36.96	3.03
F9	Sample 69	2	1	5	53250	37	3.04
F9	Sample 69	2	1	6	58150	36.96	3.02
F9	Sample 69	2	1	7	63050	37	3.01
F9	Sample 69	2	1	8	67950	36.96	3.01
F9	Sample 69	2	1	9	72860	36.96	3.01
F9	Sample 69	2	1	10	77750	36.96	3.01
F9	Sample 69	2	1	11	82650	36.96	2.99
F9	Sample 69	2	1	12	87560	36.96	3.01
F9	Sample 69	2	1	13	92450	36.96	3.01
F9	Sample 69	2	1	14	97350	36.96	3.02
F9	Sample 69	2	1	15	102250	36.96	3.00
F10	Sample 70	2	1	1	33610	36.91	2.92
F10	Sample 70	2	1	2	38560	36.96	2.91
F10	Sample 70	2	1	3	43450	36.96	2.91
F10	Sample 70	2	1	4	48360	36.96	2.91
F10	Sample 70	2	1	5	53250	37	2.91
F10	Sample 70	2	1	6	58150	36.96	2.90
F10	Sample 70	2	1	7	63050	37	2.89
F10	Sample 70	2	1	8	67950	36.96	2.90
F10	Sample 70	2	1	9	72860	36.96	2.89
F10	Sample 70	2	1	10	77750	36.96	2.89
F10	Sample 70	2	1	11	82650	36.96	2.88
F10	Sample 70	2	1	12	87560	36.96	2.89
F10	Sample 70	2	1	13	92450	36.96	2.88
F10	Sample 70	2	1	14	97350	36.96	2.88
F10	Sample 70	2	1	15	102250	36.96	2.87
F11	Sample 71	2	1	1	33610	36.91	3.17
F11	Sample 71	2	1	2	38560	36.96	3.16
F11	Sample 71	2	1	3	43450	36.96	3.16
F11	Sample 71	2	1	4	48360	36.96	3.15
F11	Sample 71	2	1	5	53250	37	3.15
F11	Sample 71	2	1	6	58150	36.96	3.14
F11	Sample 71	2	1	7	63050	37	3.14
F11	Sample 71	2	1	8	67950	36.96	3.13
F11	Sample 71	2	1	9	72860	36.96	3.14
F11	Sample 71	2	1	10	77750	36.96	3.14
F11	Sample 71	2	1	11	82650	36.96	3.12
F11	Sample 71	2	1	12	87560	36.96	3.13
F11	Sample 71	2	1	13	92450	36.96	3.13
F11	Sample 71	2	1	14	97350	36.96	3.13
F11	Sample 71	2	1	15	102250	36.96	3.12
F12	Sample 72	2	1	1	33610	36.91	3.13
F12	Sample 72	2	1	2	38560	36.96	3.13
F12	Sample 72	2	1	3	43450	36.96	3.12
F12	Sample 72	2	1	4	48360	36.96	3.11
F12	Sample 72	2	1	5	53250	37	3.12
F12	Sample 72	2	1	6	58150	36.96	3.11
F12	Sample 72	2	1	7	63050	37	3.11
F12	Sample 72	2	1	8	67950	36.96	3.11
F12	Sample 72	2	1	9	72860	36.96	3.11
F12	Sample 72	2	1	10	77750	36.96	3.10
F12	Sample 72	2	1	11	82650	36.96	3.10
F12	Sample 72	2	1	12	87560	36.96	3.12
F12	Sample 72	2	1	13	92450	36.96	3.10
F12	Sample 72	2	1	14	97350	36.96	3.11
F12	Sample 72	2	1	15	102250	36.96	3.11
G1	Sample 73	2	1	1	33610	36.91	2.86
G1	Sample 73	2	1	2	38560	36.96	2.85
G1	Sample 73	2	1	3	43450	36.96	2.85
G1	Sample 73	2	1	4	48360	36.96	2.85
G1	Sample 73	2	1	5	53250	37	2.85
G1	Sample 73	2	1	6	58150	36.96	2.84
G1	Sample 73	2	1	7	63050	37	2.84
G1	Sample 73	2	1	8	67950	36.96	2.84
G1	Sample 73	2	1	9	72860	36.96	2.85
G1	Sample 73	2	1	10	77750	36.96	2.85
G1	Sample 73	2	1	11	82650	36.96	2.84
G1	Sample 73	2	1	12	87560	36.96	2.83
G1	Sample 73	2	1	13	92450	36.96	2.84
G1	Sample 73	2	1	14	97350	36.96	2.84
G1	Sample 73	2	1	15	102250	36.96	2.84
G2	Sample 74	2	1	1	33610	36.91	3.05
G2	Sample 74	2	1	2	38560	36.96	3.05
G2	Sample 74	2	1	3	43450	36.96	3.03
G2	Sample 74	2	1	4	48360	36.96	3.04
G2	Sample 74	2	1	5	53250	37	3.03
G2	Sample 74	2	1	6	58150	36.96	3.05
G2	Sample 74	2	1	7	63050	37	3.04
G2	Sample 74	2	1	8	67950	36.96	3.04
G2	Sample 74	2	1	9	72860	36.96	3.04
G2	Sample 74	2	1	10	77750	36.96	3.05
G2	Sample 74	2	1	11	82650	36.96	3.04
G2	Sample 74	2	1	12	87560	36.96	3.04
G2	Sample 74	2	1	13	92450	36.96	3.04
G2	Sample 74	2	1	14	97350	36.96	3.05
G2	Sample 74	2	1	15	102250	36.96	3.04
G3	Sample 75	2	1	1	33610	36.91	3.25
G3	Sample 75	2	1	2	38560	36.96	3.23
G3	Sample 75	2	1	3	43450	36.96	3.24
G3	Sample 75	2	1	4	48360	36.96	3.23
G3	Sample 75	2	1	5	53250	37	3.23
G3	Sample 75	2	1	6	58150	36.96	3.24
G3	Sample 75	2	1	7	63050	37	3.23
G3	Sample 75	2	1	8	67950	36.96	3.24
G3	Sample 75	2	1	9	72860	36.96	3.23
G3	Sample 75	2	1	10	77750	36.96	3.23
G3	Sample 75	2	1	11	82650	36.96	3.22
G3	Sample 75	2	1	12	87560	36.96	3.23
G3	Sample 75	2	1	13	92450	36.96	3.23
G3	Sample 75	2	1	14	97350	36.96	3.23
G3	Sample 75	2	1	15	102250	36.96	3.22
G4	Sample 76	2	1	1	33610	36.91	3.16
G4	Sample 76	2	1	2	38560	36.96	3.16
G4	Sample 76	2	1	3	43450	36.96	3.15
G4	Sample 76	2	1	4	48360	36.96	3.16
G4	Sample 76	2	1	5	53250	37	3.15
G4	Sample 76	2	1	6	58150	36.96	3.16
G4	Sample 76	2	1	7	63050	37	3.15
G4	Sample 76	2	1	8	67950	36.96	3.16
G4	Sample 76	2	1	9	72860	36.96	3.16
G4	Sample 76	2	1	10	77750	36.96	3.16
G4	Sample 76	2	1	11	82650	36.96	3.16
G4	Sample 76	2	1	12	87560	36.96	3.16
G4	Sample 76	2	1	13	92450	36.96	3.15
G4	Sample 76	2	1	14	97350	36.96	3.15
G4	Sample 76	2	1	15	102250	36.96	3.14
G5	Sample 77	2	1	1	33610	36.91	1.71
G5	Sample 77	2	1	2	38560	36.96	1.72
G5	Sample 77	2	1	3	43450	36.96	1.72
G5	Sample 77	2	1	4	48360	36.96	1.71
G5	Sample 77	2	1	5	53250	37	1.71
G5	Sample 77	2	1	6	58150	36.96	1.71
G5	Sample 77	2	1	7	63050	37	1.71
G5	Sample 77	2	1	8	67950	36.96	1.70
G5	Sample 77	2	1	9	72860	36.96	1.71
G5	Sample 77	2	1	10	77750	36.96	1.71
G5	Sample 77	2	1	11	82650	36.96	1.70
G5	Sample 77	2	1	12	87560	36.96	1.71
G5	Sample 77	2	1	13	92450	36.96	1.71
G5	Sample 77	2	1	14	97350	36.96	1.71
G5	Sample 77	2	1	15	102250	36.96	1.71
G6	Sample 78	2	1	1	33610	36.91	1.77
G6	Sample 78	2	1	2	38560	36.96	1.77
G6	Sample 78	2	1	3	43450	36.96	1.76
G6	Sample 78	2	1	4	48360	36.96	1.75
G6	Sample 78	2	1	5	53250	37	1.75
G6	Sample 78	2	1	6	58150	36.96	1.76
G6	Sample 78	2	1	7	63050	37	1.75
G6	Sample 78	2	1	8	67950	36.96	1.75
G6	Sample 78	2	1	9	72860	36.96	1.77
G6	Sample 78	2	1	10	77750	36.96	1.75
G6	Sample 78	2	1	11	82650	36.96	1.75
G6	Sample 78	2	1	12	87560	36.96	1.76
G6	Sample 78	2	1	13	92450	36.96	1.75
G6	Sample 78	2	1	14	97350	36.96	1.76
G6	Sample 78	2	1	15	102250	36.96	1.74
G7	Sample 79	2	1	1	33610	36.91	1.90
G7	Sample 79	2	1	2	38560	36.96	1.90
G7	Sample 79	2	1	3	43450	36.96	1.90
G7	Sample 79	2	1	4	48360	36.96	1.90
G7	Sample 79	2	1	5	53250	37	1.90
G7	Sample 79	2	1	6	58150	36.96	1.90
G7	Sample 79	2	1	7	63050	37	1.90
G7	Sample 79	2	1	8	67950	36.96	1.89
G7	Sample 79	2	1	9	72860	36.96	1.89
G7	Sample 79	2	1	10	77750	36.96	1.90
G7	Sample 79	2	1	11	82650	36.96	1.89
G7	Sample 79	2	1	12	87560	36.96	1.90
G7	Sample 79	2	1	13	92450	36.96	1.89
G7	Sample 79	2	1	14	97350	36.96	1.90
G7	Sample 79	2	1	15	102250	36.96	1.90
G8	Sample 80	2	1	1	33610	36.91	1.90
G8	Sample 80	2	1	2	38560	36.96	1.89
G8	Sample 80	2	1	3	43450	36.96	1.89
G8	Sample 80	2	1	4	48360	36.96	1.89
G8	Sample 80	2	1	5	53250	37	1.89
G8	Sample 80	2	1	6	58150	36.96	1.89
G8	Sample 80	2	1	7	63050	37	1.88
G8	Sample 80	2	1	8	67950	36.96	1.89
G8	Sample 80	2	1	9	72860	36.96	1.89
G8	Sample 80	2	1	10	77750	36.96	1.89
G8	Sample 80	2	1	11	82650	36.96	1.89
G8	Sample 80	2	1	12	87560	36.96	1.90
G8	Sample 80	2	1	13	92450	36.96	1.88
G8	Sample 80	2	1	14	97350	36.96	1.89
G8	Sample 80	2	1	15	102250	36.96	1.89
G9	Sample 81	2	1	1	33610	36.91	2.89
G9	Sample 81	2	1	2	38560	36.96	2.90
G9	Sample 81	2	1	3	43450	36.96	2.89
G9	Sample 81	2	1	4	48360	36.96	2.89
G9	Sample 81	2	1	5	53250	37	2.88
G9	Sample 81	2	1	6	58150	36.96	2.88
G9	Sample 81	2	1	7	63050	37	2.88
G9	Sample 81	2	1	8	67950	36.96	2.88
G9	Sample 81	2	1	9	72860	36.96	2.88
G9	Sample 81	2	1	10	77750	36.96	2.88
G9	Sample 81	2	1	11	82650	36.96	2.87
G9	Sample 81	2	1	12	87560	36.96	2.88
G9	Sample 81	2	1	13	92450	36.96	2.87
G9	Sample 81	2	1	14	97350	36.96	2.87
G9	Sample 81	2	1	15	102250	36.96	2.87
G10	Sample 82	2	1	1	33610	36.91	2.87
G10	Sample 82	2	1	2	38560	36.96	2.87
G10	Sample 82	2	1	3	43450	36.96	2.86
G10	Sample 82	2	1	4	48360	36.96	2.85
G10	Sample 82	2	1	5	53250	37	2.85
G10	Sample 82	2	1	6	58150	36.96	2.85
G10	Sample 82	2	1	7	63050	37	2.85
G10	Sample 82	2	1	8	67950	36.96	2.85
G10	Sample 82	2	1	9	72860	36.96	2.85
G10	Sample 82	2	1	10	77750	36.96	2.86
G10	Sample 82	2	1	11	82650	36.96	2.85
G10	Sample 82	2	1	12	87560	36.96	2.85
G10	Sample 82	2	1	13	92450	36.96	2.84
G10	Sample 82	2	1	14	97350	36.96	2.85
G10	Sample 82	2	1	15	102250	36.96	2.84
G11	Sample 83	2	1	1	33610	36.91	3.19
G11	Sample 83	2	1	2	38560	36.96	3.19
G11	Sample 83	2	1	3	43450	36.96	3.18
G11	Sample 83	2	1	4	48360	36.96	3.18
G11	Sample 83	2	1	5	53250	37	3.18
G11	Sample 83	2	1	6	58150	36.96	3.19
G11	Sample 83	2	1	7	63050	37	3.18
G11	Sample 83	2	1	8	67950	36.96	3.19
G11	Sample 83	2	1	9	72860	36.96	3.19
G11	Sample 83	2	1	10	77750	36.96	3.19
G11	Sample 83	2	1	11	82650	36.96	3.18
G11	Sample 83	2	1	12	87560	36.96	3.18
G11	Sample 83	2	1	13	92450	36.96	3.17
G11	Sample 83	2	1	14	97350	36.96	3.17
G11	Sample 83	2	1	15	102250	36.96	3.17
G12	Sample 84	2	1	1	33610	36.91	2.94
G12	Sample 84	2	1	2	38560	36.96	2.95
G12	Sample 84	2	1	3	43450	36.96	2.93
G12	Sample 84	2	1	4	48360	36.96	2.94
G12	Sample 84	2	1	5	53250	37	2.93
G12	Sample 84	2	1	6	58150	36.96	2.93
G12	Sample 84	2	1	7	63050	37	2.92
G12	Sample 84	2	1	8	67950	36.96	2.92
G12	Sample 84	2	1	9	72860	36.96	2.93
G12	Sample 84	2	1	10	77750	36.96	2.93
G12	Sample 84	2	1	11	82650	36.96	2.93
G12	Sample 84	2	1	12	87560	36.96	2.93
G12	Sample 84	2	1	13	92450	36.96	2.92
G12	Sample 84	2	1	14	97350	36.96	2.93
G12	Sample 84	2	1	15	102250	36.96	2.92
H1	Sample 85	2	1	1	33610	36.91	2.80
H1	Sample 85	2	1	2	38560	36.96	2.80
H1	Sample 85	2	1	3	43450	36.96	2.79
H1	Sample 85	2	1	4	48360	36.96	2.78
H1	Sample 85	2	1	5	53250	37	2.79
H1	Sample 85	2	1	6	58150	36.96	2.79
H1	Sample 85	2	1	7	63050	37	2.79
H1	Sample 85	2	1	8	67950	36.96	2.78
H1	Sample 85	2	1	9	72860	36.96	2.79
H1	Sample 85	2	1	10	77750	36.96	2.80
H1	Sample 85	2	1	11	82650	36.96	2.79
H1	Sample 85	2	1	12	87560	36.96	2.80
H1	Sample 85	2	1	13	92450	36.96	2.80
H1	Sample 85	2	1	14	97350	36.96	2.80
H1	Sample 85	2	1	15	102250	36.96	2.78
H2	Sample 86	2	1	1	33610	36.91	2.85
H2	Sample 86	2	1	2	38560	36.96	2.86
H2	Sample 86	2	1	3	43450	36.96	2.84
H2	Sample 86	2	1	4	48360	36.96	2.84
H2	Sample 86	2	1	5	53250	37	2.84
H2	Sample 86	2	1	6	58150	36.96	2.84
H2	Sample 86	2	1	7	63050	37	2.84
H2	Sample 86	2	1	8	67950	36.96	2.83
H2	Sample 86	2	1	9	72860	36.96	2.84
H2	Sample 86	2	1	10	77750	36.96	2.84
H2	Sample 86	2	1	11	82650	36.96	2.84
H2	Sample 86	2	1	12	87560	36.96	2.85
H2	Sample 86	2	1	13	92450	36.96	2.85
H2	Sample 86	2	1	14	97350	36.96	2.85
H2	Sample 86	2	1	15	102250	36.96	2.85
H3	Sample 87	2	1	1	33610	36.91	2.99
H3	Sample 87	2	1	2	38560	36.96	3.00
H3	Sample 87	2	1	3	43450	36.96	2.99
H3	Sample 87	2	1	4	48360	36.96	2.99
H3	Sample 87	2	1	5	53250	37	2.99
H3	Sample 87	2	1	6	58150	36.96	2.99
H3	Sample 87	2	1	7	63050	37	2.99
H3	Sample 87	2	1	8	67950	36.96	2.98
H3	Sample 87	2	1	9	72860	36.96	3.00
H3	Sample 87	2	1	10	77750	36.96	2.99
H3	Sample 87	2	1	11	82650	36.96	2.98
H3	Sample 87	2	1	12	87560	36.96	2.99
H3	Sample 87	2	1	13	92450	36.96	2.99
H3	Sample 87	2	1	14	97350	36.96	2.98
H3	Sample 87	2	1	15	102250	36.96	2.98
H4	Sample 88	2	1	1	33610	36.91	3.01
H4	Sample 88	2	1	2	38560	36.96	3.03
H4	Sample 88	2	1	3	43450	36.96	3.02
H4	Sample 88	2	1	4	48360	36.96	3.01
H4	Sample 88	2	1	5	53250	37	3.02
H4	Sample 88	2	1	6	58150	36.96	3.02
H4	Sample 88	2	1	7	63050	37	3.02
H4	Sample 88	2	1	8	67950	36.96	3.02
H4	Sample 88	2	1	9	72860	36.96	3.01
H4	Sample 88	2	1	10	77750	36.96	3.02
H4	Sample 88	2	1	11	82650	36.96	3.01
H4	Sample 88	2	1	12	87560	36.96	3.01
H4	Sample 88	2	1	13	92450	36.96	3.03
H4	Sample 88	2	1	14	97350	36.96	3.02
H4	Sample 88	2	1	15	102250	36.96	3.01
H5	Sample 89	2	1	1	33610	36.91	1.93
H5	Sample 89	2	1	2	38560	36.96	1.92
H5	Sample 89	2	1	3	43450	36.96	1.91
H5	Sample 89	2	1	4	48360	36.96	1.92
H5	Sample 89	2	1	5	53250	37	1.92
H5	Sample 89	2	1	6	58150	36.96	1.92
H5	Sample 89	2	1	7	63050	37	1.91
H5	Sample 89	2	1	8	67950	36.96	1.92
H5	Sample 89	2	1	9	72860	36.96	1.91
H5	Sample 89	2	1	10	77750	36.96	1.92
H5	Sample 89	2	1	11	82650	36.96	1.91
H5	Sample 89	2	1	12	87560	36.96	1.92
H5	Sample 89	2	1	13	92450	36.96	1.92
H5	Sample 89	2	1	14	97350	36.96	1.92
H5	Sample 89	2	1	15	102250	36.96	1.91
H6	Sample 90	2	1	1	33610	36.91	1.96
H6	Sample 90	2	1	2	38560	36.96	1.96
H6	Sample 90	2	1	3	43450	36.96	1.96
H6	Sample 90	2	1	4	48360	36.96	1.96
H6	Sample 90	2	1	5	53250	37	1.96
H6	Sample 90	2	1	6	58150	36.96	1.96
H6	Sample 90	2	1	7	63050	37	1.96
H6	Sample 90	2	1	8	67950	36.96	1.95
H6	Sample 90	2	1	9	72860	36.96	1.96
H6	Sample 90	2	1	10	77750	36.96	1.96
H6	Sample 90	2	1	11	82650	36.96	1.96
H6	Sample 90	2	1	12	87560	36.96	1.96
H6	Sample 90	2	1	13	92450	36.96	1.96
H6	Sample 90	2	1	14	97350	36.96	1.96
H6	Sample 90	2	1	15	102250	36.96	1.96
H7	Sample 91	2	1	1	33610	36.91	2.00
H7	Sample 91	2	1	2	38560	36.96	1.99
H7	Sample 91	2	1	3	43450	36.96	1.99
H7	Sample 91	2	1	4	48360	36.96	1.99
H7	Sample 91	2	1	5	53250	37	1.99
H7	Sample 91	2	1	6	58150	36.96	1.99
H7	Sample 91	2	1	7	63050	37	1.99
H7	Sample 91	2	1	8	67950	36.96	1.99
H7	Sample 91	2	1	9	72860	36.96	1.99
H7	Sample 91	2	1	10	77750	36.96	1.99
H7	Sample 91	2	1	11	82650	36.96	1.98
H7	Sample 91	2	1	12	87560	36.96	1.99
H7	Sample 91	2	1	13	92450	36.96	1.99
H7	Sample 91	2	1	14	97350	36.96	1.99
H7	Sample 91	2	1	15	102250	36.96	1.99
H8	Sample 92	2	1	1	33610	36.91	1.96
H8	Sample 92	2	1	2	38560	36.96	1.96
H8	Sample 92	2	1	3	43450	36.96	1.95
H8	Sample 92	2	1	4	48360	36.96	1.95
H8	Sample 92	2	1	5	53250	37	1.95
H8	Sample 92	2	1	6	58150	36.96	1.95
H8	Sample 92	2	1	7	63050	37	1.96
H8	Sample 92	2	1	8	67950	36.96	1.95
H8	Sample 92	2	1	9	72860	36.96	1.95
H8	Sample 92	2	1	10	77750	36.96	1.95
H8	Sample 92	2	1	11	82650	36.96	1.95
H8	Sample 92	2	1	12	87560	36.96	1.96
H8	Sample 92	2	1	13	92450	36.96	1.95
H8	Sample 92	2	1	14	97350	36.96	1.96
H8	Sample 92	2	1	15	102250	36.96	1.94
H9	Sample 93	2	1	1	33610	36.91	2.77
H9	Sample 93	2	1	2	38560	36.96	2.76
H9	Sample 93	2	1	3	43450	36.96	2.77
H9	Sample 93	2	1	4	48360	36.96	2.78
H9	Sample 93	2	1	5	53250	37	2.77
H9	Sample 93	2	1	6	58150	36.96	2.77
H9	Sample 93	2	1	7	63050	37	2.76
H9	Sample 93	2	1	8	67950	36.96	2.75
H9	Sample 93	2	1	9	72860	36.96	2.76
H9	Sample 93	2	1	10	77750	36.96	2.77
H9	Sample 93	2	1	11	82650	36.96	2.76
H9	Sample 93	2	1	12	87560	36.96	2.76
H9	Sample 93	2	1	13	92450	36.96	2.76
H9	Sample 93	2	1	14	97350	36.96	2.76
H9	Sample 93	2	1	15	102250	36.96	2.76
H10	Sample 94	2	1	1	33610	36.91	2.62
H10	Sample 94	2	1	2	38560	36.96	2.61
H10	Sample 94	2	1	3	43450	36.96	2.61
H10	Sample 94	2	1	4	48360	36.96	2.61
H10	Sample 94	2	1	5	53250	37	2.62
H10	Sample 94	2	1	6	58150	36.96	2.61
H10	Sample 94	2	1	7	63050	37	2.61
H10	Sample 94	2	1	8	67950	36.96	2.61
H10	Sample 94	2	1	9	72860	36.96	2.60
H10	Sample 94	2	1	10	77750	36.96	2.61
H10	Sample 94	2	1	11	82650	36.96	2.61
H10	Sample 94	2	1	12	87560	36.96	2.61
H10	Sample 94	2	1	13	92450	36.96	2.61
H10	Sample 94	2	1	14	97350	36.96	2.62
H10	Sample 94	2	1	15	102250	36.96	2.60
H11	Sample 95	2	1	1	33610	36.91	2.99
H11	Sample 95	2	1	2	38560	36.96	2.99
H11	Sample 95	2	1	3	43450	36.96	2.99
H11	Sample 95	2	1	4	48360	36.96	2.98
H11	Sample 95	2	1	5	53250	37	2.99
H11	Sample 95	2	1	6	58150	36.96	2.98
H11	Sample 95	2	1	7	63050	37	2.99
H11	Sample 95	2	1	8	67950	36.96	2.98
H11	Sample 95	2	1	9	72860	36.96	2.97
H11	Sample 95	2	1	10	77750	36.96	2.98
H11	Sample 95	2	1	11	82650	36.96	2.97
H11	Sample 95	2	1	12	87560	36.96	2.98
H11	Sample 95	2	1	13	92450	36.96	2.97
H11	Sample 95	2	1	14	97350	36.96	2.97
H11	Sample 95	2	1	15	102250	36.96	2.97
H12	Sample 96	2	1	1	33610	36.91	3.02
H12	Sample 96	2	1	2	38560	36.96	3.02
H12	Sample 96	2	1	3	43450	36.96	3.02
H12	Sample 96	2	1	4	48360	36.96	3.01
H12	Sample 96	2	1	5	53250	37	3.02
H12	Sample 96	2	1	6	58150	36.96	3.01
H12	Sample 96	2	1	7	63050	37	3.02
H12	Sample 96	2	1	8	67950	36.96	3.00
H12	Sample 96	2	1	9	72860	36.96	3.01
H12	Sample 96	2	1	10	77750	36.96	3.02
H12	Sample 96	2	1	11	82650	36.96	3.02
H12	Sample 96	2	1	12	87560	36.96	3.01
H12	Sample 96	2	1	13	92450	36.96	3.02
H12	Sample 96	2	1	14	97350	36.96	3.02
H12	Sample 96	2	1	15	102250	36.96	3.00
