Raw Data 		Experiment - evIC50_5_plate2_15APRIL2026 (Run on LCS480 1.5.1.62)
SamplePos	SampleName	Prog#	Seg#	Cycle#	Time	Temp	465-510	
A1	Sample 1	2	1	1	32460	36.91	0.81
A1	Sample 1	2	1	2	37500	36.91	0.80
A1	Sample 1	2	1	3	42500	37	0.81
A1	Sample 1	2	1	4	47500	36.96	0.80
A1	Sample 1	2	1	5	52490	37	0.80
A1	Sample 1	2	1	6	57500	37	0.80
A1	Sample 1	2	1	7	62510	37	0.80
A1	Sample 1	2	1	8	67500	37	0.81
A1	Sample 1	2	1	9	72500	37	0.81
A1	Sample 1	2	1	10	77500	37	0.80
A1	Sample 1	2	1	11	82500	37	0.80
A1	Sample 1	2	1	12	87500	36.96	0.81
A1	Sample 1	2	1	13	92500	37	0.80
A1	Sample 1	2	1	14	97510	37	0.80
A1	Sample 1	2	1	15	102510	36.96	0.80
A2	Sample 2	2	1	1	32460	36.91	0.84
A2	Sample 2	2	1	2	37500	36.91	0.85
A2	Sample 2	2	1	3	42500	37	0.84
A2	Sample 2	2	1	4	47500	36.96	0.83
A2	Sample 2	2	1	5	52490	37	0.84
A2	Sample 2	2	1	6	57500	37	0.84
A2	Sample 2	2	1	7	62510	37	0.83
A2	Sample 2	2	1	8	67500	37	0.84
A2	Sample 2	2	1	9	72500	37	0.84
A2	Sample 2	2	1	10	77500	37	0.84
A2	Sample 2	2	1	11	82500	37	0.84
A2	Sample 2	2	1	12	87500	36.96	0.84
A2	Sample 2	2	1	13	92500	37	0.84
A2	Sample 2	2	1	14	97510	37	0.84
A2	Sample 2	2	1	15	102510	36.96	0.84
A3	Sample 3	2	1	1	32460	36.91	0.94
A3	Sample 3	2	1	2	37500	36.91	0.93
A3	Sample 3	2	1	3	42500	37	0.93
A3	Sample 3	2	1	4	47500	36.96	0.94
A3	Sample 3	2	1	5	52490	37	0.93
A3	Sample 3	2	1	6	57500	37	0.93
A3	Sample 3	2	1	7	62510	37	0.93
A3	Sample 3	2	1	8	67500	37	0.94
A3	Sample 3	2	1	9	72500	37	0.94
A3	Sample 3	2	1	10	77500	37	0.93
A3	Sample 3	2	1	11	82500	37	0.93
A3	Sample 3	2	1	12	87500	36.96	0.93
A3	Sample 3	2	1	13	92500	37	0.92
A3	Sample 3	2	1	14	97510	37	0.92
A3	Sample 3	2	1	15	102510	36.96	0.92
A4	Sample 4	2	1	1	32460	36.91	0.97
A4	Sample 4	2	1	2	37500	36.91	0.98
A4	Sample 4	2	1	3	42500	37	0.98
A4	Sample 4	2	1	4	47500	36.96	0.97
A4	Sample 4	2	1	5	52490	37	0.97
A4	Sample 4	2	1	6	57500	37	0.97
A4	Sample 4	2	1	7	62510	37	0.97
A4	Sample 4	2	1	8	67500	37	0.98
A4	Sample 4	2	1	9	72500	37	0.97
A4	Sample 4	2	1	10	77500	37	0.97
A4	Sample 4	2	1	11	82500	37	0.97
A4	Sample 4	2	1	12	87500	36.96	0.97
A4	Sample 4	2	1	13	92500	37	0.97
A4	Sample 4	2	1	14	97510	37	0.97
A4	Sample 4	2	1	15	102510	36.96	0.97
A5	Sample 5	2	1	1	32460	36.91	0.79
A5	Sample 5	2	1	2	37500	36.91	0.79
A5	Sample 5	2	1	3	42500	37	0.79
A5	Sample 5	2	1	4	47500	36.96	0.78
A5	Sample 5	2	1	5	52490	37	0.79
A5	Sample 5	2	1	6	57500	37	0.78
A5	Sample 5	2	1	7	62510	37	0.78
A5	Sample 5	2	1	8	67500	37	0.79
A5	Sample 5	2	1	9	72500	37	0.79
A5	Sample 5	2	1	10	77500	37	0.78
A5	Sample 5	2	1	11	82500	37	0.78
A5	Sample 5	2	1	12	87500	36.96	0.79
A5	Sample 5	2	1	13	92500	37	0.78
A5	Sample 5	2	1	14	97510	37	0.78
A5	Sample 5	2	1	15	102510	36.96	0.78
A6	Sample 6	2	1	1	32460	36.91	0.85
A6	Sample 6	2	1	2	37500	36.91	0.86
A6	Sample 6	2	1	3	42500	37	0.86
A6	Sample 6	2	1	4	47500	36.96	0.86
A6	Sample 6	2	1	5	52490	37	0.85
A6	Sample 6	2	1	6	57500	37	0.85
A6	Sample 6	2	1	7	62510	37	0.85
A6	Sample 6	2	1	8	67500	37	0.86
A6	Sample 6	2	1	9	72500	37	0.85
A6	Sample 6	2	1	10	77500	37	0.85
A6	Sample 6	2	1	11	82500	37	0.85
A6	Sample 6	2	1	12	87500	36.96	0.86
A6	Sample 6	2	1	13	92500	37	0.85
A6	Sample 6	2	1	14	97510	37	0.85
A6	Sample 6	2	1	15	102510	36.96	0.86
A7	Sample 7	2	1	1	32460	36.91	0.90
A7	Sample 7	2	1	2	37500	36.91	0.91
A7	Sample 7	2	1	3	42500	37	0.91
A7	Sample 7	2	1	4	47500	36.96	0.91
A7	Sample 7	2	1	5	52490	37	0.90
A7	Sample 7	2	1	6	57500	37	0.90
A7	Sample 7	2	1	7	62510	37	0.90
A7	Sample 7	2	1	8	67500	37	0.90
A7	Sample 7	2	1	9	72500	37	0.90
A7	Sample 7	2	1	10	77500	37	0.89
A7	Sample 7	2	1	11	82500	37	0.89
A7	Sample 7	2	1	12	87500	36.96	0.89
A7	Sample 7	2	1	13	92500	37	0.89
A7	Sample 7	2	1	14	97510	37	0.89
A7	Sample 7	2	1	15	102510	36.96	0.90
A8	Sample 8	2	1	1	32460	36.91	0.92
A8	Sample 8	2	1	2	37500	36.91	0.93
A8	Sample 8	2	1	3	42500	37	0.93
A8	Sample 8	2	1	4	47500	36.96	0.93
A8	Sample 8	2	1	5	52490	37	0.92
A8	Sample 8	2	1	6	57500	37	0.92
A8	Sample 8	2	1	7	62510	37	0.92
A8	Sample 8	2	1	8	67500	37	0.93
A8	Sample 8	2	1	9	72500	37	0.92
A8	Sample 8	2	1	10	77500	37	0.92
A8	Sample 8	2	1	11	82500	37	0.92
A8	Sample 8	2	1	12	87500	36.96	0.92
A8	Sample 8	2	1	13	92500	37	0.92
A8	Sample 8	2	1	14	97510	37	0.91
A8	Sample 8	2	1	15	102510	36.96	0.92
A9	Sample 9	2	1	1	32460	36.91	1.95
A9	Sample 9	2	1	2	37500	36.91	1.95
A9	Sample 9	2	1	3	42500	37	1.95
A9	Sample 9	2	1	4	47500	36.96	1.94
A9	Sample 9	2	1	5	52490	37	1.94
A9	Sample 9	2	1	6	57500	37	1.95
A9	Sample 9	2	1	7	62510	37	1.94
A9	Sample 9	2	1	8	67500	37	1.95
A9	Sample 9	2	1	9	72500	37	1.94
A9	Sample 9	2	1	10	77500	37	1.94
A9	Sample 9	2	1	11	82500	37	1.94
A9	Sample 9	2	1	12	87500	36.96	1.94
A9	Sample 9	2	1	13	92500	37	1.93
A9	Sample 9	2	1	14	97510	37	1.94
A9	Sample 9	2	1	15	102510	36.96	1.94
A10	Sample 10	2	1	1	32460	36.91	1.88
A10	Sample 10	2	1	2	37500	36.91	1.88
A10	Sample 10	2	1	3	42500	37	1.88
A10	Sample 10	2	1	4	47500	36.96	1.88
A10	Sample 10	2	1	5	52490	37	1.87
A10	Sample 10	2	1	6	57500	37	1.87
A10	Sample 10	2	1	7	62510	37	1.86
A10	Sample 10	2	1	8	67500	37	1.87
A10	Sample 10	2	1	9	72500	37	1.87
A10	Sample 10	2	1	10	77500	37	1.87
A10	Sample 10	2	1	11	82500	37	1.86
A10	Sample 10	2	1	12	87500	36.96	1.86
A10	Sample 10	2	1	13	92500	37	1.86
A10	Sample 10	2	1	14	97510	37	1.86
A10	Sample 10	2	1	15	102510	36.96	1.86
A11	Sample 11	2	1	1	32460	36.91	1.92
A11	Sample 11	2	1	2	37500	36.91	1.92
A11	Sample 11	2	1	3	42500	37	1.92
A11	Sample 11	2	1	4	47500	36.96	1.91
A11	Sample 11	2	1	5	52490	37	1.91
A11	Sample 11	2	1	6	57500	37	1.91
A11	Sample 11	2	1	7	62510	37	1.90
A11	Sample 11	2	1	8	67500	37	1.91
A11	Sample 11	2	1	9	72500	37	1.92
A11	Sample 11	2	1	10	77500	37	1.91
A11	Sample 11	2	1	11	82500	37	1.90
A11	Sample 11	2	1	12	87500	36.96	1.91
A11	Sample 11	2	1	13	92500	37	1.91
A11	Sample 11	2	1	14	97510	37	1.90
A11	Sample 11	2	1	15	102510	36.96	1.91
A12	Sample 12	2	1	1	32460	36.91	1.63
A12	Sample 12	2	1	2	37500	36.91	1.64
A12	Sample 12	2	1	3	42500	37	1.64
A12	Sample 12	2	1	4	47500	36.96	1.64
A12	Sample 12	2	1	5	52490	37	1.64
A12	Sample 12	2	1	6	57500	37	1.63
A12	Sample 12	2	1	7	62510	37	1.62
A12	Sample 12	2	1	8	67500	37	1.63
A12	Sample 12	2	1	9	72500	37	1.63
A12	Sample 12	2	1	10	77500	37	1.63
A12	Sample 12	2	1	11	82500	37	1.62
A12	Sample 12	2	1	12	87500	36.96	1.63
A12	Sample 12	2	1	13	92500	37	1.62
A12	Sample 12	2	1	14	97510	37	1.62
A12	Sample 12	2	1	15	102510	36.96	1.62
B1	Sample 13	2	1	1	32460	36.91	0.73
B1	Sample 13	2	1	2	37500	36.91	0.72
B1	Sample 13	2	1	3	42500	37	0.72
B1	Sample 13	2	1	4	47500	36.96	0.73
B1	Sample 13	2	1	5	52490	37	0.72
B1	Sample 13	2	1	6	57500	37	0.72
B1	Sample 13	2	1	7	62510	37	0.73
B1	Sample 13	2	1	8	67500	37	0.73
B1	Sample 13	2	1	9	72500	37	0.72
B1	Sample 13	2	1	10	77500	37	0.72
B1	Sample 13	2	1	11	82500	37	0.71
B1	Sample 13	2	1	12	87500	36.96	0.72
B1	Sample 13	2	1	13	92500	37	0.71
B1	Sample 13	2	1	14	97510	37	0.72
B1	Sample 13	2	1	15	102510	36.96	0.72
B2	Sample 14	2	1	1	32460	36.91	0.73
B2	Sample 14	2	1	2	37500	36.91	0.73
B2	Sample 14	2	1	3	42500	37	0.73
B2	Sample 14	2	1	4	47500	36.96	0.73
B2	Sample 14	2	1	5	52490	37	0.73
B2	Sample 14	2	1	6	57500	37	0.73
B2	Sample 14	2	1	7	62510	37	0.73
B2	Sample 14	2	1	8	67500	37	0.73
B2	Sample 14	2	1	9	72500	37	0.73
B2	Sample 14	2	1	10	77500	37	0.72
B2	Sample 14	2	1	11	82500	37	0.72
B2	Sample 14	2	1	12	87500	36.96	0.73
B2	Sample 14	2	1	13	92500	37	0.72
B2	Sample 14	2	1	14	97510	37	0.72
B2	Sample 14	2	1	15	102510	36.96	0.72
B3	Sample 15	2	1	1	32460	36.91	0.84
B3	Sample 15	2	1	2	37500	36.91	0.83
B3	Sample 15	2	1	3	42500	37	0.82
B3	Sample 15	2	1	4	47500	36.96	0.83
B3	Sample 15	2	1	5	52490	37	0.83
B3	Sample 15	2	1	6	57500	37	0.83
B3	Sample 15	2	1	7	62510	37	0.83
B3	Sample 15	2	1	8	67500	37	0.83
B3	Sample 15	2	1	9	72500	37	0.83
B3	Sample 15	2	1	10	77500	37	0.82
B3	Sample 15	2	1	11	82500	37	0.83
B3	Sample 15	2	1	12	87500	36.96	0.82
B3	Sample 15	2	1	13	92500	37	0.83
B3	Sample 15	2	1	14	97510	37	0.83
B3	Sample 15	2	1	15	102510	36.96	0.83
B4	Sample 16	2	1	1	32460	36.91	0.82
B4	Sample 16	2	1	2	37500	36.91	0.82
B4	Sample 16	2	1	3	42500	37	0.83
B4	Sample 16	2	1	4	47500	36.96	0.82
B4	Sample 16	2	1	5	52490	37	0.81
B4	Sample 16	2	1	6	57500	37	0.82
B4	Sample 16	2	1	7	62510	37	0.82
B4	Sample 16	2	1	8	67500	37	0.82
B4	Sample 16	2	1	9	72500	37	0.82
B4	Sample 16	2	1	10	77500	37	0.81
B4	Sample 16	2	1	11	82500	37	0.81
B4	Sample 16	2	1	12	87500	36.96	0.81
B4	Sample 16	2	1	13	92500	37	0.81
B4	Sample 16	2	1	14	97510	37	0.81
B4	Sample 16	2	1	15	102510	36.96	0.81
B5	Sample 17	2	1	1	32460	36.91	0.78
B5	Sample 17	2	1	2	37500	36.91	0.78
B5	Sample 17	2	1	3	42500	37	0.78
B5	Sample 17	2	1	4	47500	36.96	0.78
B5	Sample 17	2	1	5	52490	37	0.77
B5	Sample 17	2	1	6	57500	37	0.78
B5	Sample 17	2	1	7	62510	37	0.78
B5	Sample 17	2	1	8	67500	37	0.78
B5	Sample 17	2	1	9	72500	37	0.77
B5	Sample 17	2	1	10	77500	37	0.77
B5	Sample 17	2	1	11	82500	37	0.77
B5	Sample 17	2	1	12	87500	36.96	0.78
B5	Sample 17	2	1	13	92500	37	0.77
B5	Sample 17	2	1	14	97510	37	0.77
B5	Sample 17	2	1	15	102510	36.96	0.77
B6	Sample 18	2	1	1	32460	36.91	0.80
B6	Sample 18	2	1	2	37500	36.91	0.80
B6	Sample 18	2	1	3	42500	37	0.80
B6	Sample 18	2	1	4	47500	36.96	0.80
B6	Sample 18	2	1	5	52490	37	0.80
B6	Sample 18	2	1	6	57500	37	0.79
B6	Sample 18	2	1	7	62510	37	0.79
B6	Sample 18	2	1	8	67500	37	0.80
B6	Sample 18	2	1	9	72500	37	0.79
B6	Sample 18	2	1	10	77500	37	0.79
B6	Sample 18	2	1	11	82500	37	0.79
B6	Sample 18	2	1	12	87500	36.96	0.79
B6	Sample 18	2	1	13	92500	37	0.79
B6	Sample 18	2	1	14	97510	37	0.79
B6	Sample 18	2	1	15	102510	36.96	0.80
B7	Sample 19	2	1	1	32460	36.91	0.83
B7	Sample 19	2	1	2	37500	36.91	0.83
B7	Sample 19	2	1	3	42500	37	0.83
B7	Sample 19	2	1	4	47500	36.96	0.83
B7	Sample 19	2	1	5	52490	37	0.83
B7	Sample 19	2	1	6	57500	37	0.83
B7	Sample 19	2	1	7	62510	37	0.82
B7	Sample 19	2	1	8	67500	37	0.83
B7	Sample 19	2	1	9	72500	37	0.83
B7	Sample 19	2	1	10	77500	37	0.82
B7	Sample 19	2	1	11	82500	37	0.82
B7	Sample 19	2	1	12	87500	36.96	0.82
B7	Sample 19	2	1	13	92500	37	0.82
B7	Sample 19	2	1	14	97510	37	0.82
B7	Sample 19	2	1	15	102510	36.96	0.82
B8	Sample 20	2	1	1	32460	36.91	0.82
B8	Sample 20	2	1	2	37500	36.91	0.81
B8	Sample 20	2	1	3	42500	37	0.81
B8	Sample 20	2	1	4	47500	36.96	0.82
B8	Sample 20	2	1	5	52490	37	0.82
B8	Sample 20	2	1	6	57500	37	0.82
B8	Sample 20	2	1	7	62510	37	0.82
B8	Sample 20	2	1	8	67500	37	0.82
B8	Sample 20	2	1	9	72500	37	0.81
B8	Sample 20	2	1	10	77500	37	0.81
B8	Sample 20	2	1	11	82500	37	0.81
B8	Sample 20	2	1	12	87500	36.96	0.81
B8	Sample 20	2	1	13	92500	37	0.81
B8	Sample 20	2	1	14	97510	37	0.81
B8	Sample 20	2	1	15	102510	36.96	0.81
B9	Sample 21	2	1	1	32460	36.91	1.91
B9	Sample 21	2	1	2	37500	36.91	1.90
B9	Sample 21	2	1	3	42500	37	1.90
B9	Sample 21	2	1	4	47500	36.96	1.90
B9	Sample 21	2	1	5	52490	37	1.90
B9	Sample 21	2	1	6	57500	37	1.89
B9	Sample 21	2	1	7	62510	37	1.89
B9	Sample 21	2	1	8	67500	37	1.89
B9	Sample 21	2	1	9	72500	37	1.90
B9	Sample 21	2	1	10	77500	37	1.89
B9	Sample 21	2	1	11	82500	37	1.88
B9	Sample 21	2	1	12	87500	36.96	1.89
B9	Sample 21	2	1	13	92500	37	1.89
B9	Sample 21	2	1	14	97510	37	1.88
B9	Sample 21	2	1	15	102510	36.96	1.89
B10	Sample 22	2	1	1	32460	36.91	1.86
B10	Sample 22	2	1	2	37500	36.91	1.85
B10	Sample 22	2	1	3	42500	37	1.84
B10	Sample 22	2	1	4	47500	36.96	1.84
B10	Sample 22	2	1	5	52490	37	1.84
B10	Sample 22	2	1	6	57500	37	1.84
B10	Sample 22	2	1	7	62510	37	1.84
B10	Sample 22	2	1	8	67500	37	1.84
B10	Sample 22	2	1	9	72500	37	1.84
B10	Sample 22	2	1	10	77500	37	1.84
B10	Sample 22	2	1	11	82500	37	1.83
B10	Sample 22	2	1	12	87500	36.96	1.83
B10	Sample 22	2	1	13	92500	37	1.83
B10	Sample 22	2	1	14	97510	37	1.83
B10	Sample 22	2	1	15	102510	36.96	1.84
B11	Sample 23	2	1	1	32460	36.91	1.92
B11	Sample 23	2	1	2	37500	36.91	1.92
B11	Sample 23	2	1	3	42500	37	1.91
B11	Sample 23	2	1	4	47500	36.96	1.92
B11	Sample 23	2	1	5	52490	37	1.92
B11	Sample 23	2	1	6	57500	37	1.92
B11	Sample 23	2	1	7	62510	37	1.91
B11	Sample 23	2	1	8	67500	37	1.91
B11	Sample 23	2	1	9	72500	37	1.91
B11	Sample 23	2	1	10	77500	37	1.91
B11	Sample 23	2	1	11	82500	37	1.90
B11	Sample 23	2	1	12	87500	36.96	1.91
B11	Sample 23	2	1	13	92500	37	1.91
B11	Sample 23	2	1	14	97510	37	1.91
B11	Sample 23	2	1	15	102510	36.96	1.91
B12	Sample 24	2	1	1	32460	36.91	1.69
B12	Sample 24	2	1	2	37500	36.91	1.68
B12	Sample 24	2	1	3	42500	37	1.68
B12	Sample 24	2	1	4	47500	36.96	1.68
B12	Sample 24	2	1	5	52490	37	1.67
B12	Sample 24	2	1	6	57500	37	1.67
B12	Sample 24	2	1	7	62510	37	1.68
B12	Sample 24	2	1	8	67500	37	1.67
B12	Sample 24	2	1	9	72500	37	1.67
B12	Sample 24	2	1	10	77500	37	1.67
B12	Sample 24	2	1	11	82500	37	1.67
B12	Sample 24	2	1	12	87500	36.96	1.67
B12	Sample 24	2	1	13	92500	37	1.67
B12	Sample 24	2	1	14	97510	37	1.67
B12	Sample 24	2	1	15	102510	36.96	1.67
C1	Sample 25	2	1	1	32460	36.91	0.73
C1	Sample 25	2	1	2	37500	36.91	0.73
C1	Sample 25	2	1	3	42500	37	0.72
C1	Sample 25	2	1	4	47500	36.96	0.73
C1	Sample 25	2	1	5	52490	37	0.72
C1	Sample 25	2	1	6	57500	37	0.72
C1	Sample 25	2	1	7	62510	37	0.72
C1	Sample 25	2	1	8	67500	37	0.73
C1	Sample 25	2	1	9	72500	37	0.72
C1	Sample 25	2	1	10	77500	37	0.72
C1	Sample 25	2	1	11	82500	37	0.72
C1	Sample 25	2	1	12	87500	36.96	0.73
C1	Sample 25	2	1	13	92500	37	0.72
C1	Sample 25	2	1	14	97510	37	0.72
C1	Sample 25	2	1	15	102510	36.96	0.72
C2	Sample 26	2	1	1	32460	36.91	0.77
C2	Sample 26	2	1	2	37500	36.91	0.77
C2	Sample 26	2	1	3	42500	37	0.77
C2	Sample 26	2	1	4	47500	36.96	0.76
C2	Sample 26	2	1	5	52490	37	0.76
C2	Sample 26	2	1	6	57500	37	0.76
C2	Sample 26	2	1	7	62510	37	0.76
C2	Sample 26	2	1	8	67500	37	0.76
C2	Sample 26	2	1	9	72500	37	0.76
C2	Sample 26	2	1	10	77500	37	0.75
C2	Sample 26	2	1	11	82500	37	0.76
C2	Sample 26	2	1	12	87500	36.96	0.76
C2	Sample 26	2	1	13	92500	37	0.76
C2	Sample 26	2	1	14	97510	37	0.76
C2	Sample 26	2	1	15	102510	36.96	0.75
C3	Sample 27	2	1	1	32460	36.91	0.81
C3	Sample 27	2	1	2	37500	36.91	0.81
C3	Sample 27	2	1	3	42500	37	0.81
C3	Sample 27	2	1	4	47500	36.96	0.81
C3	Sample 27	2	1	5	52490	37	0.81
C3	Sample 27	2	1	6	57500	37	0.81
C3	Sample 27	2	1	7	62510	37	0.80
C3	Sample 27	2	1	8	67500	37	0.80
C3	Sample 27	2	1	9	72500	37	0.81
C3	Sample 27	2	1	10	77500	37	0.80
C3	Sample 27	2	1	11	82500	37	0.80
C3	Sample 27	2	1	12	87500	36.96	0.79
C3	Sample 27	2	1	13	92500	37	0.80
C3	Sample 27	2	1	14	97510	37	0.80
C3	Sample 27	2	1	15	102510	36.96	0.79
C4	Sample 28	2	1	1	32460	36.91	0.78
C4	Sample 28	2	1	2	37500	36.91	0.78
C4	Sample 28	2	1	3	42500	37	0.78
C4	Sample 28	2	1	4	47500	36.96	0.78
C4	Sample 28	2	1	5	52490	37	0.77
C4	Sample 28	2	1	6	57500	37	0.77
C4	Sample 28	2	1	7	62510	37	0.77
C4	Sample 28	2	1	8	67500	37	0.77
C4	Sample 28	2	1	9	72500	37	0.77
C4	Sample 28	2	1	10	77500	37	0.77
C4	Sample 28	2	1	11	82500	37	0.77
C4	Sample 28	2	1	12	87500	36.96	0.77
C4	Sample 28	2	1	13	92500	37	0.77
C4	Sample 28	2	1	14	97510	37	0.77
C4	Sample 28	2	1	15	102510	36.96	0.76
C5	Sample 29	2	1	1	32460	36.91	0.78
C5	Sample 29	2	1	2	37500	36.91	0.78
C5	Sample 29	2	1	3	42500	37	0.79
C5	Sample 29	2	1	4	47500	36.96	0.78
C5	Sample 29	2	1	5	52490	37	0.78
C5	Sample 29	2	1	6	57500	37	0.78
C5	Sample 29	2	1	7	62510	37	0.77
C5	Sample 29	2	1	8	67500	37	0.78
C5	Sample 29	2	1	9	72500	37	0.78
C5	Sample 29	2	1	10	77500	37	0.77
C5	Sample 29	2	1	11	82500	37	0.77
C5	Sample 29	2	1	12	87500	36.96	0.78
C5	Sample 29	2	1	13	92500	37	0.77
C5	Sample 29	2	1	14	97510	37	0.77
C5	Sample 29	2	1	15	102510	36.96	0.77
C6	Sample 30	2	1	1	32460	36.91	0.84
C6	Sample 30	2	1	2	37500	36.91	0.84
C6	Sample 30	2	1	3	42500	37	0.85
C6	Sample 30	2	1	4	47500	36.96	0.84
C6	Sample 30	2	1	5	52490	37	0.84
C6	Sample 30	2	1	6	57500	37	0.84
C6	Sample 30	2	1	7	62510	37	0.83
C6	Sample 30	2	1	8	67500	37	0.84
C6	Sample 30	2	1	9	72500	37	0.84
C6	Sample 30	2	1	10	77500	37	0.83
C6	Sample 30	2	1	11	82500	37	0.83
C6	Sample 30	2	1	12	87500	36.96	0.83
C6	Sample 30	2	1	13	92500	37	0.83
C6	Sample 30	2	1	14	97510	37	0.82
C6	Sample 30	2	1	15	102510	36.96	0.83
C7	Sample 31	2	1	1	32460	36.91	0.84
C7	Sample 31	2	1	2	37500	36.91	0.84
C7	Sample 31	2	1	3	42500	37	0.84
C7	Sample 31	2	1	4	47500	36.96	0.84
C7	Sample 31	2	1	5	52490	37	0.83
C7	Sample 31	2	1	6	57500	37	0.83
C7	Sample 31	2	1	7	62510	37	0.83
C7	Sample 31	2	1	8	67500	37	0.83
C7	Sample 31	2	1	9	72500	37	0.82
C7	Sample 31	2	1	10	77500	37	0.82
C7	Sample 31	2	1	11	82500	37	0.82
C7	Sample 31	2	1	12	87500	36.96	0.83
C7	Sample 31	2	1	13	92500	37	0.82
C7	Sample 31	2	1	14	97510	37	0.82
C7	Sample 31	2	1	15	102510	36.96	0.82
C8	Sample 32	2	1	1	32460	36.91	0.87
C8	Sample 32	2	1	2	37500	36.91	0.87
C8	Sample 32	2	1	3	42500	37	0.88
C8	Sample 32	2	1	4	47500	36.96	0.88
C8	Sample 32	2	1	5	52490	37	0.87
C8	Sample 32	2	1	6	57500	37	0.87
C8	Sample 32	2	1	7	62510	37	0.86
C8	Sample 32	2	1	8	67500	37	0.86
C8	Sample 32	2	1	9	72500	37	0.87
C8	Sample 32	2	1	10	77500	37	0.86
C8	Sample 32	2	1	11	82500	37	0.86
C8	Sample 32	2	1	12	87500	36.96	0.86
C8	Sample 32	2	1	13	92500	37	0.86
C8	Sample 32	2	1	14	97510	37	0.85
C8	Sample 32	2	1	15	102510	36.96	0.86
C9	Sample 33	2	1	1	32460	36.91	1.90
C9	Sample 33	2	1	2	37500	36.91	1.91
C9	Sample 33	2	1	3	42500	37	1.91
C9	Sample 33	2	1	4	47500	36.96	1.91
C9	Sample 33	2	1	5	52490	37	1.90
C9	Sample 33	2	1	6	57500	37	1.90
C9	Sample 33	2	1	7	62510	37	1.90
C9	Sample 33	2	1	8	67500	37	1.89
C9	Sample 33	2	1	9	72500	37	1.89
C9	Sample 33	2	1	10	77500	37	1.88
C9	Sample 33	2	1	11	82500	37	1.89
C9	Sample 33	2	1	12	87500	36.96	1.89
C9	Sample 33	2	1	13	92500	37	1.89
C9	Sample 33	2	1	14	97510	37	1.88
C9	Sample 33	2	1	15	102510	36.96	1.88
C10	Sample 34	2	1	1	32460	36.91	1.80
C10	Sample 34	2	1	2	37500	36.91	1.80
C10	Sample 34	2	1	3	42500	37	1.80
C10	Sample 34	2	1	4	47500	36.96	1.79
C10	Sample 34	2	1	5	52490	37	1.79
C10	Sample 34	2	1	6	57500	37	1.79
C10	Sample 34	2	1	7	62510	37	1.78
C10	Sample 34	2	1	8	67500	37	1.79
C10	Sample 34	2	1	9	72500	37	1.79
C10	Sample 34	2	1	10	77500	37	1.78
C10	Sample 34	2	1	11	82500	37	1.78
C10	Sample 34	2	1	12	87500	36.96	1.78
C10	Sample 34	2	1	13	92500	37	1.78
C10	Sample 34	2	1	14	97510	37	1.77
C10	Sample 34	2	1	15	102510	36.96	1.78
C11	Sample 35	2	1	1	32460	36.91	1.94
C11	Sample 35	2	1	2	37500	36.91	1.94
C11	Sample 35	2	1	3	42500	37	1.93
C11	Sample 35	2	1	4	47500	36.96	1.94
C11	Sample 35	2	1	5	52490	37	1.93
C11	Sample 35	2	1	6	57500	37	1.93
C11	Sample 35	2	1	7	62510	37	1.92
C11	Sample 35	2	1	8	67500	37	1.92
C11	Sample 35	2	1	9	72500	37	1.92
C11	Sample 35	2	1	10	77500	37	1.92
C11	Sample 35	2	1	11	82500	37	1.92
C11	Sample 35	2	1	12	87500	36.96	1.92
C11	Sample 35	2	1	13	92500	37	1.92
C11	Sample 35	2	1	14	97510	37	1.92
C11	Sample 35	2	1	15	102510	36.96	1.91
C12	Sample 36	2	1	1	32460	36.91	1.71
C12	Sample 36	2	1	2	37500	36.91	1.70
C12	Sample 36	2	1	3	42500	37	1.70
C12	Sample 36	2	1	4	47500	36.96	1.71
C12	Sample 36	2	1	5	52490	37	1.70
C12	Sample 36	2	1	6	57500	37	1.70
C12	Sample 36	2	1	7	62510	37	1.70
C12	Sample 36	2	1	8	67500	37	1.70
C12	Sample 36	2	1	9	72500	37	1.70
C12	Sample 36	2	1	10	77500	37	1.70
C12	Sample 36	2	1	11	82500	37	1.69
C12	Sample 36	2	1	12	87500	36.96	1.69
C12	Sample 36	2	1	13	92500	37	1.70
C12	Sample 36	2	1	14	97510	37	1.69
C12	Sample 36	2	1	15	102510	36.96	1.69
D1	Sample 37	2	1	1	32460	36.91	0.74
D1	Sample 37	2	1	2	37500	36.91	0.75
D1	Sample 37	2	1	3	42500	37	0.74
D1	Sample 37	2	1	4	47500	36.96	0.75
D1	Sample 37	2	1	5	52490	37	0.75
D1	Sample 37	2	1	6	57500	37	0.74
D1	Sample 37	2	1	7	62510	37	0.73
D1	Sample 37	2	1	8	67500	37	0.75
D1	Sample 37	2	1	9	72500	37	0.75
D1	Sample 37	2	1	10	77500	37	0.74
D1	Sample 37	2	1	11	82500	37	0.74
D1	Sample 37	2	1	12	87500	36.96	0.74
D1	Sample 37	2	1	13	92500	37	0.74
D1	Sample 37	2	1	14	97510	37	0.74
D1	Sample 37	2	1	15	102510	36.96	0.74
D2	Sample 38	2	1	1	32460	36.91	0.75
D2	Sample 38	2	1	2	37500	36.91	0.75
D2	Sample 38	2	1	3	42500	37	0.75
D2	Sample 38	2	1	4	47500	36.96	0.75
D2	Sample 38	2	1	5	52490	37	0.75
D2	Sample 38	2	1	6	57500	37	0.75
D2	Sample 38	2	1	7	62510	37	0.74
D2	Sample 38	2	1	8	67500	37	0.75
D2	Sample 38	2	1	9	72500	37	0.74
D2	Sample 38	2	1	10	77500	37	0.75
D2	Sample 38	2	1	11	82500	37	0.74
D2	Sample 38	2	1	12	87500	36.96	0.75
D2	Sample 38	2	1	13	92500	37	0.74
D2	Sample 38	2	1	14	97510	37	0.74
D2	Sample 38	2	1	15	102510	36.96	0.74
D3	Sample 39	2	1	1	32460	36.91	0.78
D3	Sample 39	2	1	2	37500	36.91	0.77
D3	Sample 39	2	1	3	42500	37	0.78
D3	Sample 39	2	1	4	47500	36.96	0.78
D3	Sample 39	2	1	5	52490	37	0.78
D3	Sample 39	2	1	6	57500	37	0.77
D3	Sample 39	2	1	7	62510	37	0.77
D3	Sample 39	2	1	8	67500	37	0.77
D3	Sample 39	2	1	9	72500	37	0.77
D3	Sample 39	2	1	10	77500	37	0.77
D3	Sample 39	2	1	11	82500	37	0.77
D3	Sample 39	2	1	12	87500	36.96	0.78
D3	Sample 39	2	1	13	92500	37	0.76
D3	Sample 39	2	1	14	97510	37	0.76
D3	Sample 39	2	1	15	102510	36.96	0.76
D4	Sample 40	2	1	1	32460	36.91	0.78
D4	Sample 40	2	1	2	37500	36.91	0.78
D4	Sample 40	2	1	3	42500	37	0.78
D4	Sample 40	2	1	4	47500	36.96	0.78
D4	Sample 40	2	1	5	52490	37	0.78
D4	Sample 40	2	1	6	57500	37	0.77
D4	Sample 40	2	1	7	62510	37	0.77
D4	Sample 40	2	1	8	67500	37	0.77
D4	Sample 40	2	1	9	72500	37	0.77
D4	Sample 40	2	1	10	77500	37	0.77
D4	Sample 40	2	1	11	82500	37	0.77
D4	Sample 40	2	1	12	87500	36.96	0.77
D4	Sample 40	2	1	13	92500	37	0.77
D4	Sample 40	2	1	14	97510	37	0.76
D4	Sample 40	2	1	15	102510	36.96	0.76
D5	Sample 41	2	1	1	32460	36.91	0.76
D5	Sample 41	2	1	2	37500	36.91	0.76
D5	Sample 41	2	1	3	42500	37	0.75
D5	Sample 41	2	1	4	47500	36.96	0.76
D5	Sample 41	2	1	5	52490	37	0.75
D5	Sample 41	2	1	6	57500	37	0.75
D5	Sample 41	2	1	7	62510	37	0.75
D5	Sample 41	2	1	8	67500	37	0.75
D5	Sample 41	2	1	9	72500	37	0.75
D5	Sample 41	2	1	10	77500	37	0.75
D5	Sample 41	2	1	11	82500	37	0.75
D5	Sample 41	2	1	12	87500	36.96	0.75
D5	Sample 41	2	1	13	92500	37	0.75
D5	Sample 41	2	1	14	97510	37	0.75
D5	Sample 41	2	1	15	102510	36.96	0.75
D6	Sample 42	2	1	1	32460	36.91	0.77
D6	Sample 42	2	1	2	37500	36.91	0.78
D6	Sample 42	2	1	3	42500	37	0.77
D6	Sample 42	2	1	4	47500	36.96	0.78
D6	Sample 42	2	1	5	52490	37	0.77
D6	Sample 42	2	1	6	57500	37	0.78
D6	Sample 42	2	1	7	62510	37	0.76
D6	Sample 42	2	1	8	67500	37	0.77
D6	Sample 42	2	1	9	72500	37	0.77
D6	Sample 42	2	1	10	77500	37	0.77
D6	Sample 42	2	1	11	82500	37	0.76
D6	Sample 42	2	1	12	87500	36.96	0.76
D6	Sample 42	2	1	13	92500	37	0.76
D6	Sample 42	2	1	14	97510	37	0.76
D6	Sample 42	2	1	15	102510	36.96	0.76
D7	Sample 43	2	1	1	32460	36.91	0.88
D7	Sample 43	2	1	2	37500	36.91	0.89
D7	Sample 43	2	1	3	42500	37	0.88
D7	Sample 43	2	1	4	47500	36.96	0.88
D7	Sample 43	2	1	5	52490	37	0.87
D7	Sample 43	2	1	6	57500	37	0.87
D7	Sample 43	2	1	7	62510	37	0.87
D7	Sample 43	2	1	8	67500	37	0.87
D7	Sample 43	2	1	9	72500	37	0.87
D7	Sample 43	2	1	10	77500	37	0.87
D7	Sample 43	2	1	11	82500	37	0.87
D7	Sample 43	2	1	12	87500	36.96	0.87
D7	Sample 43	2	1	13	92500	37	0.87
D7	Sample 43	2	1	14	97510	37	0.87
D7	Sample 43	2	1	15	102510	36.96	0.87
D8	Sample 44	2	1	1	32460	36.91	0.86
D8	Sample 44	2	1	2	37500	36.91	0.85
D8	Sample 44	2	1	3	42500	37	0.86
D8	Sample 44	2	1	4	47500	36.96	0.86
D8	Sample 44	2	1	5	52490	37	0.85
D8	Sample 44	2	1	6	57500	37	0.85
D8	Sample 44	2	1	7	62510	37	0.84
D8	Sample 44	2	1	8	67500	37	0.84
D8	Sample 44	2	1	9	72500	37	0.84
D8	Sample 44	2	1	10	77500	37	0.85
D8	Sample 44	2	1	11	82500	37	0.84
D8	Sample 44	2	1	12	87500	36.96	0.85
D8	Sample 44	2	1	13	92500	37	0.84
D8	Sample 44	2	1	14	97510	37	0.84
D8	Sample 44	2	1	15	102510	36.96	0.83
D9	Sample 45	2	1	1	32460	36.91	1.95
D9	Sample 45	2	1	2	37500	36.91	1.95
D9	Sample 45	2	1	3	42500	37	1.95
D9	Sample 45	2	1	4	47500	36.96	1.94
D9	Sample 45	2	1	5	52490	37	1.94
D9	Sample 45	2	1	6	57500	37	1.94
D9	Sample 45	2	1	7	62510	37	1.93
D9	Sample 45	2	1	8	67500	37	1.93
D9	Sample 45	2	1	9	72500	37	1.92
D9	Sample 45	2	1	10	77500	37	1.92
D9	Sample 45	2	1	11	82500	37	1.93
D9	Sample 45	2	1	12	87500	36.96	1.92
D9	Sample 45	2	1	13	92500	37	1.92
D9	Sample 45	2	1	14	97510	37	1.92
D9	Sample 45	2	1	15	102510	36.96	1.92
D10	Sample 46	2	1	1	32460	36.91	1.86
D10	Sample 46	2	1	2	37500	36.91	1.87
D10	Sample 46	2	1	3	42500	37	1.86
D10	Sample 46	2	1	4	47500	36.96	1.86
D10	Sample 46	2	1	5	52490	37	1.85
D10	Sample 46	2	1	6	57500	37	1.86
D10	Sample 46	2	1	7	62510	37	1.85
D10	Sample 46	2	1	8	67500	37	1.85
D10	Sample 46	2	1	9	72500	37	1.85
D10	Sample 46	2	1	10	77500	37	1.84
D10	Sample 46	2	1	11	82500	37	1.84
D10	Sample 46	2	1	12	87500	36.96	1.85
D10	Sample 46	2	1	13	92500	37	1.84
D10	Sample 46	2	1	14	97510	37	1.84
D10	Sample 46	2	1	15	102510	36.96	1.83
D11	Sample 47	2	1	1	32460	36.91	1.85
D11	Sample 47	2	1	2	37500	36.91	1.86
D11	Sample 47	2	1	3	42500	37	1.85
D11	Sample 47	2	1	4	47500	36.96	1.85
D11	Sample 47	2	1	5	52490	37	1.85
D11	Sample 47	2	1	6	57500	37	1.85
D11	Sample 47	2	1	7	62510	37	1.84
D11	Sample 47	2	1	8	67500	37	1.84
D11	Sample 47	2	1	9	72500	37	1.85
D11	Sample 47	2	1	10	77500	37	1.84
D11	Sample 47	2	1	11	82500	37	1.84
D11	Sample 47	2	1	12	87500	36.96	1.84
D11	Sample 47	2	1	13	92500	37	1.83
D11	Sample 47	2	1	14	97510	37	1.84
D11	Sample 47	2	1	15	102510	36.96	1.83
D12	Sample 48	2	1	1	32460	36.91	1.64
D12	Sample 48	2	1	2	37500	36.91	1.64
D12	Sample 48	2	1	3	42500	37	1.64
D12	Sample 48	2	1	4	47500	36.96	1.64
D12	Sample 48	2	1	5	52490	37	1.64
D12	Sample 48	2	1	6	57500	37	1.64
D12	Sample 48	2	1	7	62510	37	1.63
D12	Sample 48	2	1	8	67500	37	1.63
D12	Sample 48	2	1	9	72500	37	1.64
D12	Sample 48	2	1	10	77500	37	1.63
D12	Sample 48	2	1	11	82500	37	1.62
D12	Sample 48	2	1	12	87500	36.96	1.64
D12	Sample 48	2	1	13	92500	37	1.62
D12	Sample 48	2	1	14	97510	37	1.63
D12	Sample 48	2	1	15	102510	36.96	1.62
E1	Sample 49	2	1	1	32460	36.91	0.74
E1	Sample 49	2	1	2	37500	36.91	0.74
E1	Sample 49	2	1	3	42500	37	0.74
E1	Sample 49	2	1	4	47500	36.96	0.74
E1	Sample 49	2	1	5	52490	37	0.74
E1	Sample 49	2	1	6	57500	37	0.74
E1	Sample 49	2	1	7	62510	37	0.74
E1	Sample 49	2	1	8	67500	37	0.74
E1	Sample 49	2	1	9	72500	37	0.74
E1	Sample 49	2	1	10	77500	37	0.74
E1	Sample 49	2	1	11	82500	37	0.74
E1	Sample 49	2	1	12	87500	36.96	0.74
E1	Sample 49	2	1	13	92500	37	0.73
E1	Sample 49	2	1	14	97510	37	0.74
E1	Sample 49	2	1	15	102510	36.96	0.73
E2	Sample 50	2	1	1	32460	36.91	0.75
E2	Sample 50	2	1	2	37500	36.91	0.75
E2	Sample 50	2	1	3	42500	37	0.75
E2	Sample 50	2	1	4	47500	36.96	0.75
E2	Sample 50	2	1	5	52490	37	0.74
E2	Sample 50	2	1	6	57500	37	0.74
E2	Sample 50	2	1	7	62510	37	0.73
E2	Sample 50	2	1	8	67500	37	0.74
E2	Sample 50	2	1	9	72500	37	0.74
E2	Sample 50	2	1	10	77500	37	0.74
E2	Sample 50	2	1	11	82500	37	0.73
E2	Sample 50	2	1	12	87500	36.96	0.74
E2	Sample 50	2	1	13	92500	37	0.73
E2	Sample 50	2	1	14	97510	37	0.73
E2	Sample 50	2	1	15	102510	36.96	0.73
E3	Sample 51	2	1	1	32460	36.91	0.81
E3	Sample 51	2	1	2	37500	36.91	0.81
E3	Sample 51	2	1	3	42500	37	0.80
E3	Sample 51	2	1	4	47500	36.96	0.80
E3	Sample 51	2	1	5	52490	37	0.80
E3	Sample 51	2	1	6	57500	37	0.80
E3	Sample 51	2	1	7	62510	37	0.79
E3	Sample 51	2	1	8	67500	37	0.80
E3	Sample 51	2	1	9	72500	37	0.80
E3	Sample 51	2	1	10	77500	37	0.80
E3	Sample 51	2	1	11	82500	37	0.79
E3	Sample 51	2	1	12	87500	36.96	0.80
E3	Sample 51	2	1	13	92500	37	0.79
E3	Sample 51	2	1	14	97510	37	0.79
E3	Sample 51	2	1	15	102510	36.96	0.80
E4	Sample 52	2	1	1	32460	36.91	0.84
E4	Sample 52	2	1	2	37500	36.91	0.84
E4	Sample 52	2	1	3	42500	37	0.83
E4	Sample 52	2	1	4	47500	36.96	0.83
E4	Sample 52	2	1	5	52490	37	0.83
E4	Sample 52	2	1	6	57500	37	0.83
E4	Sample 52	2	1	7	62510	37	0.82
E4	Sample 52	2	1	8	67500	37	0.82
E4	Sample 52	2	1	9	72500	37	0.83
E4	Sample 52	2	1	10	77500	37	0.83
E4	Sample 52	2	1	11	82500	37	0.82
E4	Sample 52	2	1	12	87500	36.96	0.82
E4	Sample 52	2	1	13	92500	37	0.82
E4	Sample 52	2	1	14	97510	37	0.82
E4	Sample 52	2	1	15	102510	36.96	0.82
E5	Sample 53	2	1	1	32460	36.91	0.80
E5	Sample 53	2	1	2	37500	36.91	0.80
E5	Sample 53	2	1	3	42500	37	0.80
E5	Sample 53	2	1	4	47500	36.96	0.80
E5	Sample 53	2	1	5	52490	37	0.80
E5	Sample 53	2	1	6	57500	37	0.80
E5	Sample 53	2	1	7	62510	37	0.79
E5	Sample 53	2	1	8	67500	37	0.80
E5	Sample 53	2	1	9	72500	37	0.80
E5	Sample 53	2	1	10	77500	37	0.80
E5	Sample 53	2	1	11	82500	37	0.79
E5	Sample 53	2	1	12	87500	36.96	0.80
E5	Sample 53	2	1	13	92500	37	0.79
E5	Sample 53	2	1	14	97510	37	0.79
E5	Sample 53	2	1	15	102510	36.96	0.79
E6	Sample 54	2	1	1	32460	36.91	0.81
E6	Sample 54	2	1	2	37500	36.91	0.81
E6	Sample 54	2	1	3	42500	37	0.81
E6	Sample 54	2	1	4	47500	36.96	0.81
E6	Sample 54	2	1	5	52490	37	0.81
E6	Sample 54	2	1	6	57500	37	0.81
E6	Sample 54	2	1	7	62510	37	0.80
E6	Sample 54	2	1	8	67500	37	0.81
E6	Sample 54	2	1	9	72500	37	0.80
E6	Sample 54	2	1	10	77500	37	0.80
E6	Sample 54	2	1	11	82500	37	0.81
E6	Sample 54	2	1	12	87500	36.96	0.81
E6	Sample 54	2	1	13	92500	37	0.80
E6	Sample 54	2	1	14	97510	37	0.80
E6	Sample 54	2	1	15	102510	36.96	0.80
E7	Sample 55	2	1	1	32460	36.91	0.80
E7	Sample 55	2	1	2	37500	36.91	0.80
E7	Sample 55	2	1	3	42500	37	0.80
E7	Sample 55	2	1	4	47500	36.96	0.80
E7	Sample 55	2	1	5	52490	37	0.80
E7	Sample 55	2	1	6	57500	37	0.80
E7	Sample 55	2	1	7	62510	37	0.79
E7	Sample 55	2	1	8	67500	37	0.80
E7	Sample 55	2	1	9	72500	37	0.80
E7	Sample 55	2	1	10	77500	37	0.80
E7	Sample 55	2	1	11	82500	37	0.79
E7	Sample 55	2	1	12	87500	36.96	0.79
E7	Sample 55	2	1	13	92500	37	0.79
E7	Sample 55	2	1	14	97510	37	0.79
E7	Sample 55	2	1	15	102510	36.96	0.79
E8	Sample 56	2	1	1	32460	36.91	0.76
E8	Sample 56	2	1	2	37500	36.91	0.76
E8	Sample 56	2	1	3	42500	37	0.76
E8	Sample 56	2	1	4	47500	36.96	0.76
E8	Sample 56	2	1	5	52490	37	0.76
E8	Sample 56	2	1	6	57500	37	0.76
E8	Sample 56	2	1	7	62510	37	0.75
E8	Sample 56	2	1	8	67500	37	0.75
E8	Sample 56	2	1	9	72500	37	0.74
E8	Sample 56	2	1	10	77500	37	0.75
E8	Sample 56	2	1	11	82500	37	0.75
E8	Sample 56	2	1	12	87500	36.96	0.75
E8	Sample 56	2	1	13	92500	37	0.74
E8	Sample 56	2	1	14	97510	37	0.75
E8	Sample 56	2	1	15	102510	36.96	0.75
E9	Sample 57	2	1	1	32460	36.91	1.87
E9	Sample 57	2	1	2	37500	36.91	1.87
E9	Sample 57	2	1	3	42500	37	1.86
E9	Sample 57	2	1	4	47500	36.96	1.86
E9	Sample 57	2	1	5	52490	37	1.85
E9	Sample 57	2	1	6	57500	37	1.86
E9	Sample 57	2	1	7	62510	37	1.85
E9	Sample 57	2	1	8	67500	37	1.85
E9	Sample 57	2	1	9	72500	37	1.84
E9	Sample 57	2	1	10	77500	37	1.85
E9	Sample 57	2	1	11	82500	37	1.84
E9	Sample 57	2	1	12	87500	36.96	1.83
E9	Sample 57	2	1	13	92500	37	1.84
E9	Sample 57	2	1	14	97510	37	1.84
E9	Sample 57	2	1	15	102510	36.96	1.84
E10	Sample 58	2	1	1	32460	36.91	1.77
E10	Sample 58	2	1	2	37500	36.91	1.76
E10	Sample 58	2	1	3	42500	37	1.76
E10	Sample 58	2	1	4	47500	36.96	1.77
E10	Sample 58	2	1	5	52490	37	1.76
E10	Sample 58	2	1	6	57500	37	1.76
E10	Sample 58	2	1	7	62510	37	1.75
E10	Sample 58	2	1	8	67500	37	1.75
E10	Sample 58	2	1	9	72500	37	1.75
E10	Sample 58	2	1	10	77500	37	1.75
E10	Sample 58	2	1	11	82500	37	1.74
E10	Sample 58	2	1	12	87500	36.96	1.75
E10	Sample 58	2	1	13	92500	37	1.74
E10	Sample 58	2	1	14	97510	37	1.74
E10	Sample 58	2	1	15	102510	36.96	1.74
E11	Sample 59	2	1	1	32460	36.91	1.84
E11	Sample 59	2	1	2	37500	36.91	1.83
E11	Sample 59	2	1	3	42500	37	1.85
E11	Sample 59	2	1	4	47500	36.96	1.83
E11	Sample 59	2	1	5	52490	37	1.83
E11	Sample 59	2	1	6	57500	37	1.83
E11	Sample 59	2	1	7	62510	37	1.82
E11	Sample 59	2	1	8	67500	37	1.82
E11	Sample 59	2	1	9	72500	37	1.82
E11	Sample 59	2	1	10	77500	37	1.81
E11	Sample 59	2	1	11	82500	37	1.82
E11	Sample 59	2	1	12	87500	36.96	1.82
E11	Sample 59	2	1	13	92500	37	1.82
E11	Sample 59	2	1	14	97510	37	1.82
E11	Sample 59	2	1	15	102510	36.96	1.81
E12	Sample 60	2	1	1	32460	36.91	1.62
E12	Sample 60	2	1	2	37500	36.91	1.62
E12	Sample 60	2	1	3	42500	37	1.63
E12	Sample 60	2	1	4	47500	36.96	1.62
E12	Sample 60	2	1	5	52490	37	1.62
E12	Sample 60	2	1	6	57500	37	1.62
E12	Sample 60	2	1	7	62510	37	1.61
E12	Sample 60	2	1	8	67500	37	1.61
E12	Sample 60	2	1	9	72500	37	1.61
E12	Sample 60	2	1	10	77500	37	1.60
E12	Sample 60	2	1	11	82500	37	1.62
E12	Sample 60	2	1	12	87500	36.96	1.62
E12	Sample 60	2	1	13	92500	37	1.61
E12	Sample 60	2	1	14	97510	37	1.61
E12	Sample 60	2	1	15	102510	36.96	1.61
F1	Sample 61	2	1	1	32460	36.91	0.76
F1	Sample 61	2	1	2	37500	36.91	0.76
F1	Sample 61	2	1	3	42500	37	0.76
F1	Sample 61	2	1	4	47500	36.96	0.77
F1	Sample 61	2	1	5	52490	37	0.76
F1	Sample 61	2	1	6	57500	37	0.76
F1	Sample 61	2	1	7	62510	37	0.76
F1	Sample 61	2	1	8	67500	37	0.76
F1	Sample 61	2	1	9	72500	37	0.75
F1	Sample 61	2	1	10	77500	37	0.76
F1	Sample 61	2	1	11	82500	37	0.76
F1	Sample 61	2	1	12	87500	36.96	0.76
F1	Sample 61	2	1	13	92500	37	0.76
F1	Sample 61	2	1	14	97510	37	0.76
F1	Sample 61	2	1	15	102510	36.96	0.76
F2	Sample 62	2	1	1	32460	36.91	0.80
F2	Sample 62	2	1	2	37500	36.91	0.80
F2	Sample 62	2	1	3	42500	37	0.80
F2	Sample 62	2	1	4	47500	36.96	0.81
F2	Sample 62	2	1	5	52490	37	0.80
F2	Sample 62	2	1	6	57500	37	0.80
F2	Sample 62	2	1	7	62510	37	0.79
F2	Sample 62	2	1	8	67500	37	0.80
F2	Sample 62	2	1	9	72500	37	0.79
F2	Sample 62	2	1	10	77500	37	0.79
F2	Sample 62	2	1	11	82500	37	0.79
F2	Sample 62	2	1	12	87500	36.96	0.80
F2	Sample 62	2	1	13	92500	37	0.79
F2	Sample 62	2	1	14	97510	37	0.79
F2	Sample 62	2	1	15	102510	36.96	0.79
F3	Sample 63	2	1	1	32460	36.91	0.86
F3	Sample 63	2	1	2	37500	36.91	0.86
F3	Sample 63	2	1	3	42500	37	0.87
F3	Sample 63	2	1	4	47500	36.96	0.87
F3	Sample 63	2	1	5	52490	37	0.86
F3	Sample 63	2	1	6	57500	37	0.86
F3	Sample 63	2	1	7	62510	37	0.85
F3	Sample 63	2	1	8	67500	37	0.86
F3	Sample 63	2	1	9	72500	37	0.85
F3	Sample 63	2	1	10	77500	37	0.85
F3	Sample 63	2	1	11	82500	37	0.85
F3	Sample 63	2	1	12	87500	36.96	0.85
F3	Sample 63	2	1	13	92500	37	0.85
F3	Sample 63	2	1	14	97510	37	0.85
F3	Sample 63	2	1	15	102510	36.96	0.85
F4	Sample 64	2	1	1	32460	36.91	0.88
F4	Sample 64	2	1	2	37500	36.91	0.87
F4	Sample 64	2	1	3	42500	37	0.88
F4	Sample 64	2	1	4	47500	36.96	0.88
F4	Sample 64	2	1	5	52490	37	0.87
F4	Sample 64	2	1	6	57500	37	0.87
F4	Sample 64	2	1	7	62510	37	0.87
F4	Sample 64	2	1	8	67500	37	0.87
F4	Sample 64	2	1	9	72500	37	0.87
F4	Sample 64	2	1	10	77500	37	0.86
F4	Sample 64	2	1	11	82500	37	0.87
F4	Sample 64	2	1	12	87500	36.96	0.87
F4	Sample 64	2	1	13	92500	37	0.86
F4	Sample 64	2	1	14	97510	37	0.87
F4	Sample 64	2	1	15	102510	36.96	0.86
F5	Sample 65	2	1	1	32460	36.91	0.77
F5	Sample 65	2	1	2	37500	36.91	0.77
F5	Sample 65	2	1	3	42500	37	0.77
F5	Sample 65	2	1	4	47500	36.96	0.77
F5	Sample 65	2	1	5	52490	37	0.76
F5	Sample 65	2	1	6	57500	37	0.77
F5	Sample 65	2	1	7	62510	37	0.76
F5	Sample 65	2	1	8	67500	37	0.76
F5	Sample 65	2	1	9	72500	37	0.76
F5	Sample 65	2	1	10	77500	37	0.76
F5	Sample 65	2	1	11	82500	37	0.76
F5	Sample 65	2	1	12	87500	36.96	0.76
F5	Sample 65	2	1	13	92500	37	0.75
F5	Sample 65	2	1	14	97510	37	0.76
F5	Sample 65	2	1	15	102510	36.96	0.76
F6	Sample 66	2	1	1	32460	36.91	0.75
F6	Sample 66	2	1	2	37500	36.91	0.75
F6	Sample 66	2	1	3	42500	37	0.75
F6	Sample 66	2	1	4	47500	36.96	0.75
F6	Sample 66	2	1	5	52490	37	0.74
F6	Sample 66	2	1	6	57500	37	0.74
F6	Sample 66	2	1	7	62510	37	0.74
F6	Sample 66	2	1	8	67500	37	0.74
F6	Sample 66	2	1	9	72500	37	0.75
F6	Sample 66	2	1	10	77500	37	0.74
F6	Sample 66	2	1	11	82500	37	0.74
F6	Sample 66	2	1	12	87500	36.96	0.74
F6	Sample 66	2	1	13	92500	37	0.74
F6	Sample 66	2	1	14	97510	37	0.74
F6	Sample 66	2	1	15	102510	36.96	0.74
F7	Sample 67	2	1	1	32460	36.91	0.85
F7	Sample 67	2	1	2	37500	36.91	0.85
F7	Sample 67	2	1	3	42500	37	0.84
F7	Sample 67	2	1	4	47500	36.96	0.85
F7	Sample 67	2	1	5	52490	37	0.84
F7	Sample 67	2	1	6	57500	37	0.84
F7	Sample 67	2	1	7	62510	37	0.84
F7	Sample 67	2	1	8	67500	37	0.83
F7	Sample 67	2	1	9	72500	37	0.83
F7	Sample 67	2	1	10	77500	37	0.83
F7	Sample 67	2	1	11	82500	37	0.83
F7	Sample 67	2	1	12	87500	36.96	0.84
F7	Sample 67	2	1	13	92500	37	0.83
F7	Sample 67	2	1	14	97510	37	0.83
F7	Sample 67	2	1	15	102510	36.96	0.83
F8	Sample 68	2	1	1	32460	36.91	0.92
F8	Sample 68	2	1	2	37500	36.91	0.91
F8	Sample 68	2	1	3	42500	37	0.91
F8	Sample 68	2	1	4	47500	36.96	0.92
F8	Sample 68	2	1	5	52490	37	0.92
F8	Sample 68	2	1	6	57500	37	0.91
F8	Sample 68	2	1	7	62510	37	0.91
F8	Sample 68	2	1	8	67500	37	0.91
F8	Sample 68	2	1	9	72500	37	0.91
F8	Sample 68	2	1	10	77500	37	0.90
F8	Sample 68	2	1	11	82500	37	0.91
F8	Sample 68	2	1	12	87500	36.96	0.90
F8	Sample 68	2	1	13	92500	37	0.90
F8	Sample 68	2	1	14	97510	37	0.90
F8	Sample 68	2	1	15	102510	36.96	0.90
F9	Sample 69	2	1	1	32460	36.91	1.92
F9	Sample 69	2	1	2	37500	36.91	1.92
F9	Sample 69	2	1	3	42500	37	1.92
F9	Sample 69	2	1	4	47500	36.96	1.91
F9	Sample 69	2	1	5	52490	37	1.91
F9	Sample 69	2	1	6	57500	37	1.91
F9	Sample 69	2	1	7	62510	37	1.90
F9	Sample 69	2	1	8	67500	37	1.91
F9	Sample 69	2	1	9	72500	37	1.91
F9	Sample 69	2	1	10	77500	37	1.90
F9	Sample 69	2	1	11	82500	37	1.91
F9	Sample 69	2	1	12	87500	36.96	1.90
F9	Sample 69	2	1	13	92500	37	1.90
F9	Sample 69	2	1	14	97510	37	1.90
F9	Sample 69	2	1	15	102510	36.96	1.90
F10	Sample 70	2	1	1	32460	36.91	1.77
F10	Sample 70	2	1	2	37500	36.91	1.77
F10	Sample 70	2	1	3	42500	37	1.76
F10	Sample 70	2	1	4	47500	36.96	1.77
F10	Sample 70	2	1	5	52490	37	1.76
F10	Sample 70	2	1	6	57500	37	1.76
F10	Sample 70	2	1	7	62510	37	1.75
F10	Sample 70	2	1	8	67500	37	1.76
F10	Sample 70	2	1	9	72500	37	1.75
F10	Sample 70	2	1	10	77500	37	1.75
F10	Sample 70	2	1	11	82500	37	1.75
F10	Sample 70	2	1	12	87500	36.96	1.75
F10	Sample 70	2	1	13	92500	37	1.75
F10	Sample 70	2	1	14	97510	37	1.74
F10	Sample 70	2	1	15	102510	36.96	1.74
F11	Sample 71	2	1	1	32460	36.91	1.85
F11	Sample 71	2	1	2	37500	36.91	1.84
F11	Sample 71	2	1	3	42500	37	1.83
F11	Sample 71	2	1	4	47500	36.96	1.84
F11	Sample 71	2	1	5	52490	37	1.83
F11	Sample 71	2	1	6	57500	37	1.83
F11	Sample 71	2	1	7	62510	37	1.83
F11	Sample 71	2	1	8	67500	37	1.83
F11	Sample 71	2	1	9	72500	37	1.82
F11	Sample 71	2	1	10	77500	37	1.82
F11	Sample 71	2	1	11	82500	37	1.83
F11	Sample 71	2	1	12	87500	36.96	1.82
F11	Sample 71	2	1	13	92500	37	1.82
F11	Sample 71	2	1	14	97510	37	1.82
F11	Sample 71	2	1	15	102510	36.96	1.82
F12	Sample 72	2	1	1	32460	36.91	1.60
F12	Sample 72	2	1	2	37500	36.91	1.62
F12	Sample 72	2	1	3	42500	37	1.61
F12	Sample 72	2	1	4	47500	36.96	1.61
F12	Sample 72	2	1	5	52490	37	1.61
F12	Sample 72	2	1	6	57500	37	1.61
F12	Sample 72	2	1	7	62510	37	1.60
F12	Sample 72	2	1	8	67500	37	1.60
F12	Sample 72	2	1	9	72500	37	1.59
F12	Sample 72	2	1	10	77500	37	1.60
F12	Sample 72	2	1	11	82500	37	1.59
F12	Sample 72	2	1	12	87500	36.96	1.59
F12	Sample 72	2	1	13	92500	37	1.59
F12	Sample 72	2	1	14	97510	37	1.60
F12	Sample 72	2	1	15	102510	36.96	1.60
G1	Sample 73	2	1	1	32460	36.91	0.79
G1	Sample 73	2	1	2	37500	36.91	0.79
G1	Sample 73	2	1	3	42500	37	0.79
G1	Sample 73	2	1	4	47500	36.96	0.79
G1	Sample 73	2	1	5	52490	37	0.79
G1	Sample 73	2	1	6	57500	37	0.79
G1	Sample 73	2	1	7	62510	37	0.78
G1	Sample 73	2	1	8	67500	37	0.80
G1	Sample 73	2	1	9	72500	37	0.79
G1	Sample 73	2	1	10	77500	37	0.79
G1	Sample 73	2	1	11	82500	37	0.79
G1	Sample 73	2	1	12	87500	36.96	0.80
G1	Sample 73	2	1	13	92500	37	0.78
G1	Sample 73	2	1	14	97510	37	0.79
G1	Sample 73	2	1	15	102510	36.96	0.79
G2	Sample 74	2	1	1	32460	36.91	0.86
G2	Sample 74	2	1	2	37500	36.91	0.85
G2	Sample 74	2	1	3	42500	37	0.86
G2	Sample 74	2	1	4	47500	36.96	0.85
G2	Sample 74	2	1	5	52490	37	0.85
G2	Sample 74	2	1	6	57500	37	0.86
G2	Sample 74	2	1	7	62510	37	0.85
G2	Sample 74	2	1	8	67500	37	0.86
G2	Sample 74	2	1	9	72500	37	0.86
G2	Sample 74	2	1	10	77500	37	0.85
G2	Sample 74	2	1	11	82500	37	0.85
G2	Sample 74	2	1	12	87500	36.96	0.85
G2	Sample 74	2	1	13	92500	37	0.85
G2	Sample 74	2	1	14	97510	37	0.85
G2	Sample 74	2	1	15	102510	36.96	0.85
G3	Sample 75	2	1	1	32460	36.91	0.90
G3	Sample 75	2	1	2	37500	36.91	0.90
G3	Sample 75	2	1	3	42500	37	0.89
G3	Sample 75	2	1	4	47500	36.96	0.89
G3	Sample 75	2	1	5	52490	37	0.89
G3	Sample 75	2	1	6	57500	37	0.89
G3	Sample 75	2	1	7	62510	37	0.89
G3	Sample 75	2	1	8	67500	37	0.89
G3	Sample 75	2	1	9	72500	37	0.89
G3	Sample 75	2	1	10	77500	37	0.88
G3	Sample 75	2	1	11	82500	37	0.89
G3	Sample 75	2	1	12	87500	36.96	0.89
G3	Sample 75	2	1	13	92500	37	0.88
G3	Sample 75	2	1	14	97510	37	0.89
G3	Sample 75	2	1	15	102510	36.96	0.89
G4	Sample 76	2	1	1	32460	36.91	0.88
G4	Sample 76	2	1	2	37500	36.91	0.88
G4	Sample 76	2	1	3	42500	37	0.88
G4	Sample 76	2	1	4	47500	36.96	0.88
G4	Sample 76	2	1	5	52490	37	0.88
G4	Sample 76	2	1	6	57500	37	0.88
G4	Sample 76	2	1	7	62510	37	0.87
G4	Sample 76	2	1	8	67500	37	0.88
G4	Sample 76	2	1	9	72500	37	0.88
G4	Sample 76	2	1	10	77500	37	0.87
G4	Sample 76	2	1	11	82500	37	0.88
G4	Sample 76	2	1	12	87500	36.96	0.88
G4	Sample 76	2	1	13	92500	37	0.87
G4	Sample 76	2	1	14	97510	37	0.87
G4	Sample 76	2	1	15	102510	36.96	0.87
G5	Sample 77	2	1	1	32460	36.91	0.88
G5	Sample 77	2	1	2	37500	36.91	0.87
G5	Sample 77	2	1	3	42500	37	0.87
G5	Sample 77	2	1	4	47500	36.96	0.87
G5	Sample 77	2	1	5	52490	37	0.87
G5	Sample 77	2	1	6	57500	37	0.87
G5	Sample 77	2	1	7	62510	37	0.86
G5	Sample 77	2	1	8	67500	37	0.87
G5	Sample 77	2	1	9	72500	37	0.87
G5	Sample 77	2	1	10	77500	37	0.87
G5	Sample 77	2	1	11	82500	37	0.87
G5	Sample 77	2	1	12	87500	36.96	0.87
G5	Sample 77	2	1	13	92500	37	0.87
G5	Sample 77	2	1	14	97510	37	0.87
G5	Sample 77	2	1	15	102510	36.96	0.87
G6	Sample 78	2	1	1	32460	36.91	0.87
G6	Sample 78	2	1	2	37500	36.91	0.87
G6	Sample 78	2	1	3	42500	37	0.87
G6	Sample 78	2	1	4	47500	36.96	0.87
G6	Sample 78	2	1	5	52490	37	0.87
G6	Sample 78	2	1	6	57500	37	0.87
G6	Sample 78	2	1	7	62510	37	0.86
G6	Sample 78	2	1	8	67500	37	0.86
G6	Sample 78	2	1	9	72500	37	0.87
G6	Sample 78	2	1	10	77500	37	0.86
G6	Sample 78	2	1	11	82500	37	0.87
G6	Sample 78	2	1	12	87500	36.96	0.86
G6	Sample 78	2	1	13	92500	37	0.86
G6	Sample 78	2	1	14	97510	37	0.87
G6	Sample 78	2	1	15	102510	36.96	0.86
G7	Sample 79	2	1	1	32460	36.91	0.85
G7	Sample 79	2	1	2	37500	36.91	0.85
G7	Sample 79	2	1	3	42500	37	0.85
G7	Sample 79	2	1	4	47500	36.96	0.84
G7	Sample 79	2	1	5	52490	37	0.85
G7	Sample 79	2	1	6	57500	37	0.85
G7	Sample 79	2	1	7	62510	37	0.84
G7	Sample 79	2	1	8	67500	37	0.85
G7	Sample 79	2	1	9	72500	37	0.85
G7	Sample 79	2	1	10	77500	37	0.84
G7	Sample 79	2	1	11	82500	37	0.85
G7	Sample 79	2	1	12	87500	36.96	0.85
G7	Sample 79	2	1	13	92500	37	0.84
G7	Sample 79	2	1	14	97510	37	0.84
G7	Sample 79	2	1	15	102510	36.96	0.84
G8	Sample 80	2	1	1	32460	36.91	0.86
G8	Sample 80	2	1	2	37500	36.91	0.86
G8	Sample 80	2	1	3	42500	37	0.87
G8	Sample 80	2	1	4	47500	36.96	0.86
G8	Sample 80	2	1	5	52490	37	0.86
G8	Sample 80	2	1	6	57500	37	0.86
G8	Sample 80	2	1	7	62510	37	0.85
G8	Sample 80	2	1	8	67500	37	0.86
G8	Sample 80	2	1	9	72500	37	0.86
G8	Sample 80	2	1	10	77500	37	0.85
G8	Sample 80	2	1	11	82500	37	0.85
G8	Sample 80	2	1	12	87500	36.96	0.86
G8	Sample 80	2	1	13	92500	37	0.85
G8	Sample 80	2	1	14	97510	37	0.86
G8	Sample 80	2	1	15	102510	36.96	0.85
G9	Sample 81	2	1	1	32460	36.91	1.74
G9	Sample 81	2	1	2	37500	36.91	1.75
G9	Sample 81	2	1	3	42500	37	1.74
G9	Sample 81	2	1	4	47500	36.96	1.74
G9	Sample 81	2	1	5	52490	37	1.74
G9	Sample 81	2	1	6	57500	37	1.74
G9	Sample 81	2	1	7	62510	37	1.73
G9	Sample 81	2	1	8	67500	37	1.73
G9	Sample 81	2	1	9	72500	37	1.74
G9	Sample 81	2	1	10	77500	37	1.73
G9	Sample 81	2	1	11	82500	37	1.72
G9	Sample 81	2	1	12	87500	36.96	1.73
G9	Sample 81	2	1	13	92500	37	1.73
G9	Sample 81	2	1	14	97510	37	1.73
G9	Sample 81	2	1	15	102510	36.96	1.73
G10	Sample 82	2	1	1	32460	36.91	1.70
G10	Sample 82	2	1	2	37500	36.91	1.71
G10	Sample 82	2	1	3	42500	37	1.70
G10	Sample 82	2	1	4	47500	36.96	1.70
G10	Sample 82	2	1	5	52490	37	1.69
G10	Sample 82	2	1	6	57500	37	1.70
G10	Sample 82	2	1	7	62510	37	1.69
G10	Sample 82	2	1	8	67500	37	1.69
G10	Sample 82	2	1	9	72500	37	1.70
G10	Sample 82	2	1	10	77500	37	1.70
G10	Sample 82	2	1	11	82500	37	1.69
G10	Sample 82	2	1	12	87500	36.96	1.69
G10	Sample 82	2	1	13	92500	37	1.68
G10	Sample 82	2	1	14	97510	37	1.68
G10	Sample 82	2	1	15	102510	36.96	1.68
G11	Sample 83	2	1	1	32460	36.91	1.78
G11	Sample 83	2	1	2	37500	36.91	1.79
G11	Sample 83	2	1	3	42500	37	1.79
G11	Sample 83	2	1	4	47500	36.96	1.78
G11	Sample 83	2	1	5	52490	37	1.78
G11	Sample 83	2	1	6	57500	37	1.78
G11	Sample 83	2	1	7	62510	37	1.77
G11	Sample 83	2	1	8	67500	37	1.78
G11	Sample 83	2	1	9	72500	37	1.77
G11	Sample 83	2	1	10	77500	37	1.77
G11	Sample 83	2	1	11	82500	37	1.77
G11	Sample 83	2	1	12	87500	36.96	1.77
G11	Sample 83	2	1	13	92500	37	1.77
G11	Sample 83	2	1	14	97510	37	1.77
G11	Sample 83	2	1	15	102510	36.96	1.77
G12	Sample 84	2	1	1	32460	36.91	1.55
G12	Sample 84	2	1	2	37500	36.91	1.55
G12	Sample 84	2	1	3	42500	37	1.55
G12	Sample 84	2	1	4	47500	36.96	1.55
G12	Sample 84	2	1	5	52490	37	1.54
G12	Sample 84	2	1	6	57500	37	1.55
G12	Sample 84	2	1	7	62510	37	1.54
G12	Sample 84	2	1	8	67500	37	1.55
G12	Sample 84	2	1	9	72500	37	1.55
G12	Sample 84	2	1	10	77500	37	1.54
G12	Sample 84	2	1	11	82500	37	1.54
G12	Sample 84	2	1	12	87500	36.96	1.54
G12	Sample 84	2	1	13	92500	37	1.54
G12	Sample 84	2	1	14	97510	37	1.54
G12	Sample 84	2	1	15	102510	36.96	1.53
H1	Sample 85	2	1	1	32460	36.91	0.78
H1	Sample 85	2	1	2	37500	36.91	0.78
H1	Sample 85	2	1	3	42500	37	0.78
H1	Sample 85	2	1	4	47500	36.96	0.77
H1	Sample 85	2	1	5	52490	37	0.78
H1	Sample 85	2	1	6	57500	37	0.78
H1	Sample 85	2	1	7	62510	37	0.78
H1	Sample 85	2	1	8	67500	37	0.79
H1	Sample 85	2	1	9	72500	37	0.78
H1	Sample 85	2	1	10	77500	37	0.78
H1	Sample 85	2	1	11	82500	37	0.78
H1	Sample 85	2	1	12	87500	36.96	0.79
H1	Sample 85	2	1	13	92500	37	0.78
H1	Sample 85	2	1	14	97510	37	0.78
H1	Sample 85	2	1	15	102510	36.96	0.78
H2	Sample 86	2	1	1	32460	36.91	0.81
H2	Sample 86	2	1	2	37500	36.91	0.81
H2	Sample 86	2	1	3	42500	37	0.82
H2	Sample 86	2	1	4	47500	36.96	0.81
H2	Sample 86	2	1	5	52490	37	0.82
H2	Sample 86	2	1	6	57500	37	0.81
H2	Sample 86	2	1	7	62510	37	0.81
H2	Sample 86	2	1	8	67500	37	0.81
H2	Sample 86	2	1	9	72500	37	0.82
H2	Sample 86	2	1	10	77500	37	0.81
H2	Sample 86	2	1	11	82500	37	0.81
H2	Sample 86	2	1	12	87500	36.96	0.81
H2	Sample 86	2	1	13	92500	37	0.81
H2	Sample 86	2	1	14	97510	37	0.81
H2	Sample 86	2	1	15	102510	36.96	0.81
H3	Sample 87	2	1	1	32460	36.91	0.85
H3	Sample 87	2	1	2	37500	36.91	0.85
H3	Sample 87	2	1	3	42500	37	0.86
H3	Sample 87	2	1	4	47500	36.96	0.85
H3	Sample 87	2	1	5	52490	37	0.85
H3	Sample 87	2	1	6	57500	37	0.86
H3	Sample 87	2	1	7	62510	37	0.84
H3	Sample 87	2	1	8	67500	37	0.85
H3	Sample 87	2	1	9	72500	37	0.85
H3	Sample 87	2	1	10	77500	37	0.85
H3	Sample 87	2	1	11	82500	37	0.84
H3	Sample 87	2	1	12	87500	36.96	0.85
H3	Sample 87	2	1	13	92500	37	0.85
H3	Sample 87	2	1	14	97510	37	0.84
H3	Sample 87	2	1	15	102510	36.96	0.85
H4	Sample 88	2	1	1	32460	36.91	0.85
H4	Sample 88	2	1	2	37500	36.91	0.85
H4	Sample 88	2	1	3	42500	37	0.85
H4	Sample 88	2	1	4	47500	36.96	0.84
H4	Sample 88	2	1	5	52490	37	0.85
H4	Sample 88	2	1	6	57500	37	0.84
H4	Sample 88	2	1	7	62510	37	0.84
H4	Sample 88	2	1	8	67500	37	0.85
H4	Sample 88	2	1	9	72500	37	0.84
H4	Sample 88	2	1	10	77500	37	0.84
H4	Sample 88	2	1	11	82500	37	0.84
H4	Sample 88	2	1	12	87500	36.96	0.85
H4	Sample 88	2	1	13	92500	37	0.84
H4	Sample 88	2	1	14	97510	37	0.84
H4	Sample 88	2	1	15	102510	36.96	0.85
H5	Sample 89	2	1	1	32460	36.91	0.89
H5	Sample 89	2	1	2	37500	36.91	0.89
H5	Sample 89	2	1	3	42500	37	0.89
H5	Sample 89	2	1	4	47500	36.96	0.87
H5	Sample 89	2	1	5	52490	37	0.88
H5	Sample 89	2	1	6	57500	37	0.88
H5	Sample 89	2	1	7	62510	37	0.88
H5	Sample 89	2	1	8	67500	37	0.88
H5	Sample 89	2	1	9	72500	37	0.89
H5	Sample 89	2	1	10	77500	37	0.88
H5	Sample 89	2	1	11	82500	37	0.88
H5	Sample 89	2	1	12	87500	36.96	0.89
H5	Sample 89	2	1	13	92500	37	0.88
H5	Sample 89	2	1	14	97510	37	0.87
H5	Sample 89	2	1	15	102510	36.96	0.88
H6	Sample 90	2	1	1	32460	36.91	0.88
H6	Sample 90	2	1	2	37500	36.91	0.88
H6	Sample 90	2	1	3	42500	37	0.88
H6	Sample 90	2	1	4	47500	36.96	0.88
H6	Sample 90	2	1	5	52490	37	0.88
H6	Sample 90	2	1	6	57500	37	0.87
H6	Sample 90	2	1	7	62510	37	0.87
H6	Sample 90	2	1	8	67500	37	0.88
H6	Sample 90	2	1	9	72500	37	0.87
H6	Sample 90	2	1	10	77500	37	0.87
H6	Sample 90	2	1	11	82500	37	0.87
H6	Sample 90	2	1	12	87500	36.96	0.87
H6	Sample 90	2	1	13	92500	37	0.87
H6	Sample 90	2	1	14	97510	37	0.87
H6	Sample 90	2	1	15	102510	36.96	0.88
H7	Sample 91	2	1	1	32460	36.91	0.87
H7	Sample 91	2	1	2	37500	36.91	0.87
H7	Sample 91	2	1	3	42500	37	0.87
H7	Sample 91	2	1	4	47500	36.96	0.87
H7	Sample 91	2	1	5	52490	37	0.86
H7	Sample 91	2	1	6	57500	37	0.87
H7	Sample 91	2	1	7	62510	37	0.86
H7	Sample 91	2	1	8	67500	37	0.87
H7	Sample 91	2	1	9	72500	37	0.86
H7	Sample 91	2	1	10	77500	37	0.86
H7	Sample 91	2	1	11	82500	37	0.86
H7	Sample 91	2	1	12	87500	36.96	0.86
H7	Sample 91	2	1	13	92500	37	0.85
H7	Sample 91	2	1	14	97510	37	0.86
H7	Sample 91	2	1	15	102510	36.96	0.86
H8	Sample 92	2	1	1	32460	36.91	0.87
H8	Sample 92	2	1	2	37500	36.91	0.87
H8	Sample 92	2	1	3	42500	37	0.87
H8	Sample 92	2	1	4	47500	36.96	0.86
H8	Sample 92	2	1	5	52490	37	0.87
H8	Sample 92	2	1	6	57500	37	0.87
H8	Sample 92	2	1	7	62510	37	0.86
H8	Sample 92	2	1	8	67500	37	0.87
H8	Sample 92	2	1	9	72500	37	0.87
H8	Sample 92	2	1	10	77500	37	0.86
H8	Sample 92	2	1	11	82500	37	0.86
H8	Sample 92	2	1	12	87500	36.96	0.87
H8	Sample 92	2	1	13	92500	37	0.86
H8	Sample 92	2	1	14	97510	37	0.86
H8	Sample 92	2	1	15	102510	36.96	0.87
H9	Sample 93	2	1	1	32460	36.91	1.72
H9	Sample 93	2	1	2	37500	36.91	1.73
H9	Sample 93	2	1	3	42500	37	1.72
H9	Sample 93	2	1	4	47500	36.96	1.71
H9	Sample 93	2	1	5	52490	37	1.72
H9	Sample 93	2	1	6	57500	37	1.72
H9	Sample 93	2	1	7	62510	37	1.71
H9	Sample 93	2	1	8	67500	37	1.72
H9	Sample 93	2	1	9	72500	37	1.71
H9	Sample 93	2	1	10	77500	37	1.71
H9	Sample 93	2	1	11	82500	37	1.70
H9	Sample 93	2	1	12	87500	36.96	1.71
H9	Sample 93	2	1	13	92500	37	1.71
H9	Sample 93	2	1	14	97510	37	1.71
H9	Sample 93	2	1	15	102510	36.96	1.71
H10	Sample 94	2	1	1	32460	36.91	1.61
H10	Sample 94	2	1	2	37500	36.91	1.62
H10	Sample 94	2	1	3	42500	37	1.62
H10	Sample 94	2	1	4	47500	36.96	1.61
H10	Sample 94	2	1	5	52490	37	1.61
H10	Sample 94	2	1	6	57500	37	1.61
H10	Sample 94	2	1	7	62510	37	1.61
H10	Sample 94	2	1	8	67500	37	1.61
H10	Sample 94	2	1	9	72500	37	1.61
H10	Sample 94	2	1	10	77500	37	1.61
H10	Sample 94	2	1	11	82500	37	1.61
H10	Sample 94	2	1	12	87500	36.96	1.61
H10	Sample 94	2	1	13	92500	37	1.61
H10	Sample 94	2	1	14	97510	37	1.60
H10	Sample 94	2	1	15	102510	36.96	1.61
H11	Sample 95	2	1	1	32460	36.91	1.63
H11	Sample 95	2	1	2	37500	36.91	1.62
H11	Sample 95	2	1	3	42500	37	1.62
H11	Sample 95	2	1	4	47500	36.96	1.61
H11	Sample 95	2	1	5	52490	37	1.62
H11	Sample 95	2	1	6	57500	37	1.62
H11	Sample 95	2	1	7	62510	37	1.61
H11	Sample 95	2	1	8	67500	37	1.61
H11	Sample 95	2	1	9	72500	37	1.62
H11	Sample 95	2	1	10	77500	37	1.62
H11	Sample 95	2	1	11	82500	37	1.60
H11	Sample 95	2	1	12	87500	36.96	1.62
H11	Sample 95	2	1	13	92500	37	1.61
H11	Sample 95	2	1	14	97510	37	1.61
H11	Sample 95	2	1	15	102510	36.96	1.62
H12	Sample 96	2	1	1	32460	36.91	1.50
H12	Sample 96	2	1	2	37500	36.91	1.50
H12	Sample 96	2	1	3	42500	37	1.50
H12	Sample 96	2	1	4	47500	36.96	1.49
H12	Sample 96	2	1	5	52490	37	1.50
H12	Sample 96	2	1	6	57500	37	1.50
H12	Sample 96	2	1	7	62510	37	1.49
H12	Sample 96	2	1	8	67500	37	1.50
H12	Sample 96	2	1	9	72500	37	1.49
H12	Sample 96	2	1	10	77500	37	1.50
H12	Sample 96	2	1	11	82500	37	1.49
H12	Sample 96	2	1	12	87500	36.96	1.49
H12	Sample 96	2	1	13	92500	37	1.50
H12	Sample 96	2	1	14	97510	37	1.49
H12	Sample 96	2	1	15	102510	36.96	1.51
