Raw Data 		Experiment - evIC50_10_plate4_23APRIL2026 (Run on LCS480 1.5.1.62)
SamplePos	SampleName	Prog#	Seg#	Cycle#	Time	Temp	465-510	
A1	Sample 1	2	1	1	32080	36.96	0.83
A1	Sample 1	2	1	2	37040	36.96	0.82
A1	Sample 1	2	1	3	42040	37	0.79
A1	Sample 1	2	1	4	47030	37	0.80
A1	Sample 1	2	1	5	52040	37	0.84
A1	Sample 1	2	1	6	57050	37	0.91
A1	Sample 1	2	1	7	62060	37	1.08
A1	Sample 1	2	1	8	67030	37	1.29
A1	Sample 1	2	1	9	72040	37	1.08
A1	Sample 1	2	1	10	77030	36.96	1.08
A1	Sample 1	2	1	11	82040	37	1.05
A1	Sample 1	2	1	12	87040	37	0.99
A1	Sample 1	2	1	13	92030	37	0.93
A1	Sample 1	2	1	14	97040	37	0.86
A1	Sample 1	2	1	15	102040	36.96	0.78
A2	Sample 2	2	1	1	32080	36.96	0.66
A2	Sample 2	2	1	2	37040	36.96	0.65
A2	Sample 2	2	1	3	42040	37	0.65
A2	Sample 2	2	1	4	47030	37	0.66
A2	Sample 2	2	1	5	52040	37	0.65
A2	Sample 2	2	1	6	57050	37	0.65
A2	Sample 2	2	1	7	62060	37	0.64
A2	Sample 2	2	1	8	67030	37	0.65
A2	Sample 2	2	1	9	72040	37	0.65
A2	Sample 2	2	1	10	77030	36.96	0.65
A2	Sample 2	2	1	11	82040	37	0.65
A2	Sample 2	2	1	12	87040	37	0.65
A2	Sample 2	2	1	13	92030	37	0.65
A2	Sample 2	2	1	14	97040	37	0.64
A2	Sample 2	2	1	15	102040	36.96	0.65
A3	Sample 3	2	1	1	32080	36.96	0.73
A3	Sample 3	2	1	2	37040	36.96	0.73
A3	Sample 3	2	1	3	42040	37	0.72
A3	Sample 3	2	1	4	47030	37	0.73
A3	Sample 3	2	1	5	52040	37	0.72
A3	Sample 3	2	1	6	57050	37	0.72
A3	Sample 3	2	1	7	62060	37	0.72
A3	Sample 3	2	1	8	67030	37	0.72
A3	Sample 3	2	1	9	72040	37	0.72
A3	Sample 3	2	1	10	77030	36.96	0.72
A3	Sample 3	2	1	11	82040	37	0.72
A3	Sample 3	2	1	12	87040	37	0.71
A3	Sample 3	2	1	13	92030	37	0.72
A3	Sample 3	2	1	14	97040	37	0.72
A3	Sample 3	2	1	15	102040	36.96	0.72
A4	Sample 4	2	1	1	32080	36.96	0.75
A4	Sample 4	2	1	2	37040	36.96	0.74
A4	Sample 4	2	1	3	42040	37	0.73
A4	Sample 4	2	1	4	47030	37	0.74
A4	Sample 4	2	1	5	52040	37	0.74
A4	Sample 4	2	1	6	57050	37	0.73
A4	Sample 4	2	1	7	62060	37	0.73
A4	Sample 4	2	1	8	67030	37	0.73
A4	Sample 4	2	1	9	72040	37	0.73
A4	Sample 4	2	1	10	77030	36.96	0.73
A4	Sample 4	2	1	11	82040	37	0.72
A4	Sample 4	2	1	12	87040	37	0.72
A4	Sample 4	2	1	13	92030	37	0.73
A4	Sample 4	2	1	14	97040	37	0.73
A4	Sample 4	2	1	15	102040	36.96	0.73
A5	Sample 5	2	1	1	32080	36.96	0.80
A5	Sample 5	2	1	2	37040	36.96	0.80
A5	Sample 5	2	1	3	42040	37	0.80
A5	Sample 5	2	1	4	47030	37	0.79
A5	Sample 5	2	1	5	52040	37	0.79
A5	Sample 5	2	1	6	57050	37	0.79
A5	Sample 5	2	1	7	62060	37	0.78
A5	Sample 5	2	1	8	67030	37	0.79
A5	Sample 5	2	1	9	72040	37	0.78
A5	Sample 5	2	1	10	77030	36.96	0.78
A5	Sample 5	2	1	11	82040	37	0.78
A5	Sample 5	2	1	12	87040	37	0.77
A5	Sample 5	2	1	13	92030	37	0.78
A5	Sample 5	2	1	14	97040	37	0.77
A5	Sample 5	2	1	15	102040	36.96	0.78
A6	Sample 6	2	1	1	32080	36.96	0.79
A6	Sample 6	2	1	2	37040	36.96	0.80
A6	Sample 6	2	1	3	42040	37	0.79
A6	Sample 6	2	1	4	47030	37	0.80
A6	Sample 6	2	1	5	52040	37	0.81
A6	Sample 6	2	1	6	57050	37	0.80
A6	Sample 6	2	1	7	62060	37	0.80
A6	Sample 6	2	1	8	67030	37	0.80
A6	Sample 6	2	1	9	72040	37	0.80
A6	Sample 6	2	1	10	77030	36.96	0.80
A6	Sample 6	2	1	11	82040	37	0.80
A6	Sample 6	2	1	12	87040	37	0.80
A6	Sample 6	2	1	13	92030	37	0.80
A6	Sample 6	2	1	14	97040	37	0.80
A6	Sample 6	2	1	15	102040	36.96	0.80
A7	Sample 7	2	1	1	32080	36.96	0.84
A7	Sample 7	2	1	2	37040	36.96	0.84
A7	Sample 7	2	1	3	42040	37	0.82
A7	Sample 7	2	1	4	47030	37	0.83
A7	Sample 7	2	1	5	52040	37	0.83
A7	Sample 7	2	1	6	57050	37	0.81
A7	Sample 7	2	1	7	62060	37	0.81
A7	Sample 7	2	1	8	67030	37	0.81
A7	Sample 7	2	1	9	72040	37	0.82
A7	Sample 7	2	1	10	77030	36.96	0.81
A7	Sample 7	2	1	11	82040	37	0.81
A7	Sample 7	2	1	12	87040	37	0.81
A7	Sample 7	2	1	13	92030	37	0.82
A7	Sample 7	2	1	14	97040	37	0.81
A7	Sample 7	2	1	15	102040	36.96	0.81
A8	Sample 8	2	1	1	32080	36.96	0.80
A8	Sample 8	2	1	2	37040	36.96	0.79
A8	Sample 8	2	1	3	42040	37	0.78
A8	Sample 8	2	1	4	47030	37	0.79
A8	Sample 8	2	1	5	52040	37	0.79
A8	Sample 8	2	1	6	57050	37	0.78
A8	Sample 8	2	1	7	62060	37	0.79
A8	Sample 8	2	1	8	67030	37	0.78
A8	Sample 8	2	1	9	72040	37	0.78
A8	Sample 8	2	1	10	77030	36.96	0.78
A8	Sample 8	2	1	11	82040	37	0.78
A8	Sample 8	2	1	12	87040	37	0.77
A8	Sample 8	2	1	13	92030	37	0.77
A8	Sample 8	2	1	14	97040	37	0.77
A8	Sample 8	2	1	15	102040	36.96	0.78
A9	Sample 9	2	1	1	32080	36.96	0.71
A9	Sample 9	2	1	2	37040	36.96	0.70
A9	Sample 9	2	1	3	42040	37	0.69
A9	Sample 9	2	1	4	47030	37	0.70
A9	Sample 9	2	1	5	52040	37	0.70
A9	Sample 9	2	1	6	57050	37	0.70
A9	Sample 9	2	1	7	62060	37	0.69
A9	Sample 9	2	1	8	67030	37	0.68
A9	Sample 9	2	1	9	72040	37	0.69
A9	Sample 9	2	1	10	77030	36.96	0.69
A9	Sample 9	2	1	11	82040	37	0.69
A9	Sample 9	2	1	12	87040	37	0.69
A9	Sample 9	2	1	13	92030	37	0.69
A9	Sample 9	2	1	14	97040	37	0.69
A9	Sample 9	2	1	15	102040	36.96	0.69
A10	Sample 10	2	1	1	32080	36.96	0.71
A10	Sample 10	2	1	2	37040	36.96	0.71
A10	Sample 10	2	1	3	42040	37	0.70
A10	Sample 10	2	1	4	47030	37	0.70
A10	Sample 10	2	1	5	52040	37	0.70
A10	Sample 10	2	1	6	57050	37	0.70
A10	Sample 10	2	1	7	62060	37	0.69
A10	Sample 10	2	1	8	67030	37	0.70
A10	Sample 10	2	1	9	72040	37	0.70
A10	Sample 10	2	1	10	77030	36.96	0.69
A10	Sample 10	2	1	11	82040	37	0.69
A10	Sample 10	2	1	12	87040	37	0.69
A10	Sample 10	2	1	13	92030	37	0.69
A10	Sample 10	2	1	14	97040	37	0.68
A10	Sample 10	2	1	15	102040	36.96	0.69
A11	Sample 11	2	1	1	32080	36.96	0.72
A11	Sample 11	2	1	2	37040	36.96	0.71
A11	Sample 11	2	1	3	42040	37	0.71
A11	Sample 11	2	1	4	47030	37	0.71
A11	Sample 11	2	1	5	52040	37	0.70
A11	Sample 11	2	1	6	57050	37	0.70
A11	Sample 11	2	1	7	62060	37	0.69
A11	Sample 11	2	1	8	67030	37	0.69
A11	Sample 11	2	1	9	72040	37	0.69
A11	Sample 11	2	1	10	77030	36.96	0.70
A11	Sample 11	2	1	11	82040	37	0.69
A11	Sample 11	2	1	12	87040	37	0.69
A11	Sample 11	2	1	13	92030	37	0.69
A11	Sample 11	2	1	14	97040	37	0.69
A11	Sample 11	2	1	15	102040	36.96	0.70
A12	Sample 12	2	1	1	32080	36.96	0.66
A12	Sample 12	2	1	2	37040	36.96	0.66
A12	Sample 12	2	1	3	42040	37	0.65
A12	Sample 12	2	1	4	47030	37	0.65
A12	Sample 12	2	1	5	52040	37	0.65
A12	Sample 12	2	1	6	57050	37	0.65
A12	Sample 12	2	1	7	62060	37	0.65
A12	Sample 12	2	1	8	67030	37	0.65
A12	Sample 12	2	1	9	72040	37	0.65
A12	Sample 12	2	1	10	77030	36.96	0.65
A12	Sample 12	2	1	11	82040	37	0.65
A12	Sample 12	2	1	12	87040	37	0.64
A12	Sample 12	2	1	13	92030	37	0.65
A12	Sample 12	2	1	14	97040	37	0.65
A12	Sample 12	2	1	15	102040	36.96	0.65
B1	Sample 13	2	1	1	32080	36.96	0.74
B1	Sample 13	2	1	2	37040	36.96	0.73
B1	Sample 13	2	1	3	42040	37	0.74
B1	Sample 13	2	1	4	47030	37	0.78
B1	Sample 13	2	1	5	52040	37	0.83
B1	Sample 13	2	1	6	57050	37	0.93
B1	Sample 13	2	1	7	62060	37	1.00
B1	Sample 13	2	1	8	67030	37	0.91
B1	Sample 13	2	1	9	72040	37	1.00
B1	Sample 13	2	1	10	77030	36.96	0.99
B1	Sample 13	2	1	11	82040	37	0.94
B1	Sample 13	2	1	12	87040	37	0.88
B1	Sample 13	2	1	13	92030	37	0.80
B1	Sample 13	2	1	14	97040	37	0.72
B1	Sample 13	2	1	15	102040	36.96	0.67
B2	Sample 14	2	1	1	32080	36.96	0.62
B2	Sample 14	2	1	2	37040	36.96	0.62
B2	Sample 14	2	1	3	42040	37	0.61
B2	Sample 14	2	1	4	47030	37	0.61
B2	Sample 14	2	1	5	52040	37	0.61
B2	Sample 14	2	1	6	57050	37	0.60
B2	Sample 14	2	1	7	62060	37	0.60
B2	Sample 14	2	1	8	67030	37	0.60
B2	Sample 14	2	1	9	72040	37	0.60
B2	Sample 14	2	1	10	77030	36.96	0.61
B2	Sample 14	2	1	11	82040	37	0.60
B2	Sample 14	2	1	12	87040	37	0.60
B2	Sample 14	2	1	13	92030	37	0.60
B2	Sample 14	2	1	14	97040	37	0.60
B2	Sample 14	2	1	15	102040	36.96	0.60
B3	Sample 15	2	1	1	32080	36.96	0.70
B3	Sample 15	2	1	2	37040	36.96	0.69
B3	Sample 15	2	1	3	42040	37	0.68
B3	Sample 15	2	1	4	47030	37	0.68
B3	Sample 15	2	1	5	52040	37	0.68
B3	Sample 15	2	1	6	57050	37	0.68
B3	Sample 15	2	1	7	62060	37	0.68
B3	Sample 15	2	1	8	67030	37	0.67
B3	Sample 15	2	1	9	72040	37	0.67
B3	Sample 15	2	1	10	77030	36.96	0.68
B3	Sample 15	2	1	11	82040	37	0.67
B3	Sample 15	2	1	12	87040	37	0.67
B3	Sample 15	2	1	13	92030	37	0.67
B3	Sample 15	2	1	14	97040	37	0.67
B3	Sample 15	2	1	15	102040	36.96	0.67
B4	Sample 16	2	1	1	32080	36.96	0.72
B4	Sample 16	2	1	2	37040	36.96	0.71
B4	Sample 16	2	1	3	42040	37	0.71
B4	Sample 16	2	1	4	47030	37	0.71
B4	Sample 16	2	1	5	52040	37	0.70
B4	Sample 16	2	1	6	57050	37	0.69
B4	Sample 16	2	1	7	62060	37	0.70
B4	Sample 16	2	1	8	67030	37	0.70
B4	Sample 16	2	1	9	72040	37	0.69
B4	Sample 16	2	1	10	77030	36.96	0.70
B4	Sample 16	2	1	11	82040	37	0.69
B4	Sample 16	2	1	12	87040	37	0.69
B4	Sample 16	2	1	13	92030	37	0.70
B4	Sample 16	2	1	14	97040	37	0.69
B4	Sample 16	2	1	15	102040	36.96	0.69
B5	Sample 17	2	1	1	32080	36.96	0.78
B5	Sample 17	2	1	2	37040	36.96	0.78
B5	Sample 17	2	1	3	42040	37	0.78
B5	Sample 17	2	1	4	47030	37	0.78
B5	Sample 17	2	1	5	52040	37	0.78
B5	Sample 17	2	1	6	57050	37	0.78
B5	Sample 17	2	1	7	62060	37	0.77
B5	Sample 17	2	1	8	67030	37	0.77
B5	Sample 17	2	1	9	72040	37	0.77
B5	Sample 17	2	1	10	77030	36.96	0.78
B5	Sample 17	2	1	11	82040	37	0.77
B5	Sample 17	2	1	12	87040	37	0.77
B5	Sample 17	2	1	13	92030	37	0.77
B5	Sample 17	2	1	14	97040	37	0.77
B5	Sample 17	2	1	15	102040	36.96	0.77
B6	Sample 18	2	1	1	32080	36.96	0.77
B6	Sample 18	2	1	2	37040	36.96	0.77
B6	Sample 18	2	1	3	42040	37	0.76
B6	Sample 18	2	1	4	47030	37	0.77
B6	Sample 18	2	1	5	52040	37	0.77
B6	Sample 18	2	1	6	57050	37	0.76
B6	Sample 18	2	1	7	62060	37	0.76
B6	Sample 18	2	1	8	67030	37	0.76
B6	Sample 18	2	1	9	72040	37	0.75
B6	Sample 18	2	1	10	77030	36.96	0.76
B6	Sample 18	2	1	11	82040	37	0.76
B6	Sample 18	2	1	12	87040	37	0.76
B6	Sample 18	2	1	13	92030	37	0.76
B6	Sample 18	2	1	14	97040	37	0.76
B6	Sample 18	2	1	15	102040	36.96	0.76
B7	Sample 19	2	1	1	32080	36.96	0.79
B7	Sample 19	2	1	2	37040	36.96	0.78
B7	Sample 19	2	1	3	42040	37	0.77
B7	Sample 19	2	1	4	47030	37	0.78
B7	Sample 19	2	1	5	52040	37	0.77
B7	Sample 19	2	1	6	57050	37	0.77
B7	Sample 19	2	1	7	62060	37	0.77
B7	Sample 19	2	1	8	67030	37	0.76
B7	Sample 19	2	1	9	72040	37	0.76
B7	Sample 19	2	1	10	77030	36.96	0.76
B7	Sample 19	2	1	11	82040	37	0.76
B7	Sample 19	2	1	12	87040	37	0.75
B7	Sample 19	2	1	13	92030	37	0.76
B7	Sample 19	2	1	14	97040	37	0.75
B7	Sample 19	2	1	15	102040	36.96	0.76
B8	Sample 20	2	1	1	32080	36.96	0.76
B8	Sample 20	2	1	2	37040	36.96	0.76
B8	Sample 20	2	1	3	42040	37	0.75
B8	Sample 20	2	1	4	47030	37	0.76
B8	Sample 20	2	1	5	52040	37	0.75
B8	Sample 20	2	1	6	57050	37	0.75
B8	Sample 20	2	1	7	62060	37	0.75
B8	Sample 20	2	1	8	67030	37	0.75
B8	Sample 20	2	1	9	72040	37	0.75
B8	Sample 20	2	1	10	77030	36.96	0.75
B8	Sample 20	2	1	11	82040	37	0.75
B8	Sample 20	2	1	12	87040	37	0.75
B8	Sample 20	2	1	13	92030	37	0.75
B8	Sample 20	2	1	14	97040	37	0.75
B8	Sample 20	2	1	15	102040	36.96	0.75
B9	Sample 21	2	1	1	32080	36.96	0.69
B9	Sample 21	2	1	2	37040	36.96	0.68
B9	Sample 21	2	1	3	42040	37	0.68
B9	Sample 21	2	1	4	47030	37	0.68
B9	Sample 21	2	1	5	52040	37	0.67
B9	Sample 21	2	1	6	57050	37	0.67
B9	Sample 21	2	1	7	62060	37	0.66
B9	Sample 21	2	1	8	67030	37	0.67
B9	Sample 21	2	1	9	72040	37	0.66
B9	Sample 21	2	1	10	77030	36.96	0.67
B9	Sample 21	2	1	11	82040	37	0.66
B9	Sample 21	2	1	12	87040	37	0.66
B9	Sample 21	2	1	13	92030	37	0.66
B9	Sample 21	2	1	14	97040	37	0.66
B9	Sample 21	2	1	15	102040	36.96	0.66
B10	Sample 22	2	1	1	32080	36.96	0.68
B10	Sample 22	2	1	2	37040	36.96	0.67
B10	Sample 22	2	1	3	42040	37	0.67
B10	Sample 22	2	1	4	47030	37	0.67
B10	Sample 22	2	1	5	52040	37	0.66
B10	Sample 22	2	1	6	57050	37	0.66
B10	Sample 22	2	1	7	62060	37	0.66
B10	Sample 22	2	1	8	67030	37	0.66
B10	Sample 22	2	1	9	72040	37	0.65
B10	Sample 22	2	1	10	77030	36.96	0.66
B10	Sample 22	2	1	11	82040	37	0.66
B10	Sample 22	2	1	12	87040	37	0.65
B10	Sample 22	2	1	13	92030	37	0.66
B10	Sample 22	2	1	14	97040	37	0.66
B10	Sample 22	2	1	15	102040	36.96	0.66
B11	Sample 23	2	1	1	32080	36.96	0.71
B11	Sample 23	2	1	2	37040	36.96	0.70
B11	Sample 23	2	1	3	42040	37	0.70
B11	Sample 23	2	1	4	47030	37	0.70
B11	Sample 23	2	1	5	52040	37	0.69
B11	Sample 23	2	1	6	57050	37	0.70
B11	Sample 23	2	1	7	62060	37	0.69
B11	Sample 23	2	1	8	67030	37	0.69
B11	Sample 23	2	1	9	72040	37	0.69
B11	Sample 23	2	1	10	77030	36.96	0.70
B11	Sample 23	2	1	11	82040	37	0.69
B11	Sample 23	2	1	12	87040	37	0.69
B11	Sample 23	2	1	13	92030	37	0.70
B11	Sample 23	2	1	14	97040	37	0.69
B11	Sample 23	2	1	15	102040	36.96	0.69
B12	Sample 24	2	1	1	32080	36.96	0.66
B12	Sample 24	2	1	2	37040	36.96	0.66
B12	Sample 24	2	1	3	42040	37	0.65
B12	Sample 24	2	1	4	47030	37	0.65
B12	Sample 24	2	1	5	52040	37	0.65
B12	Sample 24	2	1	6	57050	37	0.65
B12	Sample 24	2	1	7	62060	37	0.64
B12	Sample 24	2	1	8	67030	37	0.64
B12	Sample 24	2	1	9	72040	37	0.64
B12	Sample 24	2	1	10	77030	36.96	0.64
B12	Sample 24	2	1	11	82040	37	0.64
B12	Sample 24	2	1	12	87040	37	0.64
B12	Sample 24	2	1	13	92030	37	0.64
B12	Sample 24	2	1	14	97040	37	0.64
B12	Sample 24	2	1	15	102040	36.96	0.64
C1	Sample 25	2	1	1	32080	36.96	0.63
C1	Sample 25	2	1	2	37040	36.96	0.63
C1	Sample 25	2	1	3	42040	37	0.63
C1	Sample 25	2	1	4	47030	37	0.62
C1	Sample 25	2	1	5	52040	37	0.62
C1	Sample 25	2	1	6	57050	37	0.62
C1	Sample 25	2	1	7	62060	37	0.62
C1	Sample 25	2	1	8	67030	37	0.62
C1	Sample 25	2	1	9	72040	37	0.62
C1	Sample 25	2	1	10	77030	36.96	0.62
C1	Sample 25	2	1	11	82040	37	0.62
C1	Sample 25	2	1	12	87040	37	0.62
C1	Sample 25	2	1	13	92030	37	0.62
C1	Sample 25	2	1	14	97040	37	0.62
C1	Sample 25	2	1	15	102040	36.96	0.62
C2	Sample 26	2	1	1	32080	36.96	0.64
C2	Sample 26	2	1	2	37040	36.96	0.64
C2	Sample 26	2	1	3	42040	37	0.64
C2	Sample 26	2	1	4	47030	37	0.65
C2	Sample 26	2	1	5	52040	37	0.65
C2	Sample 26	2	1	6	57050	37	0.65
C2	Sample 26	2	1	7	62060	37	0.65
C2	Sample 26	2	1	8	67030	37	0.64
C2	Sample 26	2	1	9	72040	37	0.65
C2	Sample 26	2	1	10	77030	36.96	0.65
C2	Sample 26	2	1	11	82040	37	0.64
C2	Sample 26	2	1	12	87040	37	0.65
C2	Sample 26	2	1	13	92030	37	0.65
C2	Sample 26	2	1	14	97040	37	0.65
C2	Sample 26	2	1	15	102040	36.96	0.65
C3	Sample 27	2	1	1	32080	36.96	0.68
C3	Sample 27	2	1	2	37040	36.96	0.67
C3	Sample 27	2	1	3	42040	37	0.67
C3	Sample 27	2	1	4	47030	37	0.67
C3	Sample 27	2	1	5	52040	37	0.67
C3	Sample 27	2	1	6	57050	37	0.66
C3	Sample 27	2	1	7	62060	37	0.66
C3	Sample 27	2	1	8	67030	37	0.66
C3	Sample 27	2	1	9	72040	37	0.66
C3	Sample 27	2	1	10	77030	36.96	0.66
C3	Sample 27	2	1	11	82040	37	0.66
C3	Sample 27	2	1	12	87040	37	0.66
C3	Sample 27	2	1	13	92030	37	0.66
C3	Sample 27	2	1	14	97040	37	0.66
C3	Sample 27	2	1	15	102040	36.96	0.66
C4	Sample 28	2	1	1	32080	36.96	0.69
C4	Sample 28	2	1	2	37040	36.96	0.69
C4	Sample 28	2	1	3	42040	37	0.69
C4	Sample 28	2	1	4	47030	37	0.69
C4	Sample 28	2	1	5	52040	37	0.69
C4	Sample 28	2	1	6	57050	37	0.68
C4	Sample 28	2	1	7	62060	37	0.68
C4	Sample 28	2	1	8	67030	37	0.68
C4	Sample 28	2	1	9	72040	37	0.68
C4	Sample 28	2	1	10	77030	36.96	0.68
C4	Sample 28	2	1	11	82040	37	0.68
C4	Sample 28	2	1	12	87040	37	0.68
C4	Sample 28	2	1	13	92030	37	0.68
C4	Sample 28	2	1	14	97040	37	0.68
C4	Sample 28	2	1	15	102040	36.96	0.68
C5	Sample 29	2	1	1	32080	36.96	0.75
C5	Sample 29	2	1	2	37040	36.96	0.75
C5	Sample 29	2	1	3	42040	37	0.74
C5	Sample 29	2	1	4	47030	37	0.75
C5	Sample 29	2	1	5	52040	37	0.74
C5	Sample 29	2	1	6	57050	37	0.74
C5	Sample 29	2	1	7	62060	37	0.74
C5	Sample 29	2	1	8	67030	37	0.75
C5	Sample 29	2	1	9	72040	37	0.73
C5	Sample 29	2	1	10	77030	36.96	0.74
C5	Sample 29	2	1	11	82040	37	0.73
C5	Sample 29	2	1	12	87040	37	0.74
C5	Sample 29	2	1	13	92030	37	0.73
C5	Sample 29	2	1	14	97040	37	0.73
C5	Sample 29	2	1	15	102040	36.96	0.74
C6	Sample 30	2	1	1	32080	36.96	0.82
C6	Sample 30	2	1	2	37040	36.96	0.81
C6	Sample 30	2	1	3	42040	37	0.81
C6	Sample 30	2	1	4	47030	37	0.81
C6	Sample 30	2	1	5	52040	37	0.81
C6	Sample 30	2	1	6	57050	37	0.81
C6	Sample 30	2	1	7	62060	37	0.80
C6	Sample 30	2	1	8	67030	37	0.80
C6	Sample 30	2	1	9	72040	37	0.80
C6	Sample 30	2	1	10	77030	36.96	0.80
C6	Sample 30	2	1	11	82040	37	0.80
C6	Sample 30	2	1	12	87040	37	0.80
C6	Sample 30	2	1	13	92030	37	0.79
C6	Sample 30	2	1	14	97040	37	0.79
C6	Sample 30	2	1	15	102040	36.96	0.79
C7	Sample 31	2	1	1	32080	36.96	0.82
C7	Sample 31	2	1	2	37040	36.96	0.81
C7	Sample 31	2	1	3	42040	37	0.80
C7	Sample 31	2	1	4	47030	37	0.80
C7	Sample 31	2	1	5	52040	37	0.80
C7	Sample 31	2	1	6	57050	37	0.80
C7	Sample 31	2	1	7	62060	37	0.79
C7	Sample 31	2	1	8	67030	37	0.79
C7	Sample 31	2	1	9	72040	37	0.79
C7	Sample 31	2	1	10	77030	36.96	0.79
C7	Sample 31	2	1	11	82040	37	0.79
C7	Sample 31	2	1	12	87040	37	0.79
C7	Sample 31	2	1	13	92030	37	0.80
C7	Sample 31	2	1	14	97040	37	0.79
C7	Sample 31	2	1	15	102040	36.96	0.78
C8	Sample 32	2	1	1	32080	36.96	0.79
C8	Sample 32	2	1	2	37040	36.96	0.79
C8	Sample 32	2	1	3	42040	37	0.78
C8	Sample 32	2	1	4	47030	37	0.78
C8	Sample 32	2	1	5	52040	37	0.78
C8	Sample 32	2	1	6	57050	37	0.77
C8	Sample 32	2	1	7	62060	37	0.77
C8	Sample 32	2	1	8	67030	37	0.76
C8	Sample 32	2	1	9	72040	37	0.76
C8	Sample 32	2	1	10	77030	36.96	0.77
C8	Sample 32	2	1	11	82040	37	0.77
C8	Sample 32	2	1	12	87040	37	0.77
C8	Sample 32	2	1	13	92030	37	0.76
C8	Sample 32	2	1	14	97040	37	0.76
C8	Sample 32	2	1	15	102040	36.96	0.76
C9	Sample 33	2	1	1	32080	36.96	0.69
C9	Sample 33	2	1	2	37040	36.96	0.69
C9	Sample 33	2	1	3	42040	37	0.68
C9	Sample 33	2	1	4	47030	37	0.68
C9	Sample 33	2	1	5	52040	37	0.68
C9	Sample 33	2	1	6	57050	37	0.67
C9	Sample 33	2	1	7	62060	37	0.67
C9	Sample 33	2	1	8	67030	37	0.67
C9	Sample 33	2	1	9	72040	37	0.67
C9	Sample 33	2	1	10	77030	36.96	0.67
C9	Sample 33	2	1	11	82040	37	0.66
C9	Sample 33	2	1	12	87040	37	0.67
C9	Sample 33	2	1	13	92030	37	0.66
C9	Sample 33	2	1	14	97040	37	0.66
C9	Sample 33	2	1	15	102040	36.96	0.67
C10	Sample 34	2	1	1	32080	36.96	0.68
C10	Sample 34	2	1	2	37040	36.96	0.67
C10	Sample 34	2	1	3	42040	37	0.66
C10	Sample 34	2	1	4	47030	37	0.66
C10	Sample 34	2	1	5	52040	37	0.66
C10	Sample 34	2	1	6	57050	37	0.66
C10	Sample 34	2	1	7	62060	37	0.65
C10	Sample 34	2	1	8	67030	37	0.65
C10	Sample 34	2	1	9	72040	37	0.66
C10	Sample 34	2	1	10	77030	36.96	0.65
C10	Sample 34	2	1	11	82040	37	0.65
C10	Sample 34	2	1	12	87040	37	0.65
C10	Sample 34	2	1	13	92030	37	0.65
C10	Sample 34	2	1	14	97040	37	0.65
C10	Sample 34	2	1	15	102040	36.96	0.65
C11	Sample 35	2	1	1	32080	36.96	0.79
C11	Sample 35	2	1	2	37040	36.96	0.78
C11	Sample 35	2	1	3	42040	37	0.78
C11	Sample 35	2	1	4	47030	37	0.78
C11	Sample 35	2	1	5	52040	37	0.78
C11	Sample 35	2	1	6	57050	37	0.77
C11	Sample 35	2	1	7	62060	37	0.77
C11	Sample 35	2	1	8	67030	37	0.77
C11	Sample 35	2	1	9	72040	37	0.77
C11	Sample 35	2	1	10	77030	36.96	0.77
C11	Sample 35	2	1	11	82040	37	0.76
C11	Sample 35	2	1	12	87040	37	0.77
C11	Sample 35	2	1	13	92030	37	0.76
C11	Sample 35	2	1	14	97040	37	0.76
C11	Sample 35	2	1	15	102040	36.96	0.76
C12	Sample 36	2	1	1	32080	36.96	0.73
C12	Sample 36	2	1	2	37040	36.96	0.72
C12	Sample 36	2	1	3	42040	37	0.72
C12	Sample 36	2	1	4	47030	37	0.72
C12	Sample 36	2	1	5	52040	37	0.72
C12	Sample 36	2	1	6	57050	37	0.71
C12	Sample 36	2	1	7	62060	37	0.71
C12	Sample 36	2	1	8	67030	37	0.71
C12	Sample 36	2	1	9	72040	37	0.71
C12	Sample 36	2	1	10	77030	36.96	0.71
C12	Sample 36	2	1	11	82040	37	0.70
C12	Sample 36	2	1	12	87040	37	0.71
C12	Sample 36	2	1	13	92030	37	0.70
C12	Sample 36	2	1	14	97040	37	0.70
C12	Sample 36	2	1	15	102040	36.96	0.71
D1	Sample 37	2	1	1	32080	36.96	0.65
D1	Sample 37	2	1	2	37040	36.96	0.64
D1	Sample 37	2	1	3	42040	37	0.65
D1	Sample 37	2	1	4	47030	37	0.64
D1	Sample 37	2	1	5	52040	37	0.64
D1	Sample 37	2	1	6	57050	37	0.63
D1	Sample 37	2	1	7	62060	37	0.63
D1	Sample 37	2	1	8	67030	37	0.62
D1	Sample 37	2	1	9	72040	37	0.63
D1	Sample 37	2	1	10	77030	36.96	0.64
D1	Sample 37	2	1	11	82040	37	0.62
D1	Sample 37	2	1	12	87040	37	0.63
D1	Sample 37	2	1	13	92030	37	0.62
D1	Sample 37	2	1	14	97040	37	0.62
D1	Sample 37	2	1	15	102040	36.96	0.63
D2	Sample 38	2	1	1	32080	36.96	0.65
D2	Sample 38	2	1	2	37040	36.96	0.64
D2	Sample 38	2	1	3	42040	37	0.64
D2	Sample 38	2	1	4	47030	37	0.64
D2	Sample 38	2	1	5	52040	37	0.65
D2	Sample 38	2	1	6	57050	37	0.63
D2	Sample 38	2	1	7	62060	37	0.63
D2	Sample 38	2	1	8	67030	37	0.63
D2	Sample 38	2	1	9	72040	37	0.63
D2	Sample 38	2	1	10	77030	36.96	0.64
D2	Sample 38	2	1	11	82040	37	0.63
D2	Sample 38	2	1	12	87040	37	0.63
D2	Sample 38	2	1	13	92030	37	0.63
D2	Sample 38	2	1	14	97040	37	0.63
D2	Sample 38	2	1	15	102040	36.96	0.64
D3	Sample 39	2	1	1	32080	36.96	0.69
D3	Sample 39	2	1	2	37040	36.96	0.68
D3	Sample 39	2	1	3	42040	37	0.68
D3	Sample 39	2	1	4	47030	37	0.67
D3	Sample 39	2	1	5	52040	37	0.67
D3	Sample 39	2	1	6	57050	37	0.67
D3	Sample 39	2	1	7	62060	37	0.66
D3	Sample 39	2	1	8	67030	37	0.66
D3	Sample 39	2	1	9	72040	37	0.66
D3	Sample 39	2	1	10	77030	36.96	0.66
D3	Sample 39	2	1	11	82040	37	0.65
D3	Sample 39	2	1	12	87040	37	0.66
D3	Sample 39	2	1	13	92030	37	0.65
D3	Sample 39	2	1	14	97040	37	0.66
D3	Sample 39	2	1	15	102040	36.96	0.66
D4	Sample 40	2	1	1	32080	36.96	0.71
D4	Sample 40	2	1	2	37040	36.96	0.71
D4	Sample 40	2	1	3	42040	37	0.70
D4	Sample 40	2	1	4	47030	37	0.70
D4	Sample 40	2	1	5	52040	37	0.70
D4	Sample 40	2	1	6	57050	37	0.69
D4	Sample 40	2	1	7	62060	37	0.68
D4	Sample 40	2	1	8	67030	37	0.68
D4	Sample 40	2	1	9	72040	37	0.69
D4	Sample 40	2	1	10	77030	36.96	0.69
D4	Sample 40	2	1	11	82040	37	0.68
D4	Sample 40	2	1	12	87040	37	0.69
D4	Sample 40	2	1	13	92030	37	0.68
D4	Sample 40	2	1	14	97040	37	0.69
D4	Sample 40	2	1	15	102040	36.96	0.69
D5	Sample 41	2	1	1	32080	36.96	0.78
D5	Sample 41	2	1	2	37040	36.96	0.77
D5	Sample 41	2	1	3	42040	37	0.76
D5	Sample 41	2	1	4	47030	37	0.76
D5	Sample 41	2	1	5	52040	37	0.75
D5	Sample 41	2	1	6	57050	37	0.75
D5	Sample 41	2	1	7	62060	37	0.75
D5	Sample 41	2	1	8	67030	37	0.74
D5	Sample 41	2	1	9	72040	37	0.75
D5	Sample 41	2	1	10	77030	36.96	0.74
D5	Sample 41	2	1	11	82040	37	0.74
D5	Sample 41	2	1	12	87040	37	0.74
D5	Sample 41	2	1	13	92030	37	0.74
D5	Sample 41	2	1	14	97040	37	0.74
D5	Sample 41	2	1	15	102040	36.96	0.74
D6	Sample 42	2	1	1	32080	36.96	0.80
D6	Sample 42	2	1	2	37040	36.96	0.79
D6	Sample 42	2	1	3	42040	37	0.78
D6	Sample 42	2	1	4	47030	37	0.78
D6	Sample 42	2	1	5	52040	37	0.78
D6	Sample 42	2	1	6	57050	37	0.77
D6	Sample 42	2	1	7	62060	37	0.77
D6	Sample 42	2	1	8	67030	37	0.77
D6	Sample 42	2	1	9	72040	37	0.77
D6	Sample 42	2	1	10	77030	36.96	0.77
D6	Sample 42	2	1	11	82040	37	0.76
D6	Sample 42	2	1	12	87040	37	0.77
D6	Sample 42	2	1	13	92030	37	0.76
D6	Sample 42	2	1	14	97040	37	0.76
D6	Sample 42	2	1	15	102040	36.96	0.77
D7	Sample 43	2	1	1	32080	36.96	0.81
D7	Sample 43	2	1	2	37040	36.96	0.80
D7	Sample 43	2	1	3	42040	37	0.79
D7	Sample 43	2	1	4	47030	37	0.79
D7	Sample 43	2	1	5	52040	37	0.78
D7	Sample 43	2	1	6	57050	37	0.78
D7	Sample 43	2	1	7	62060	37	0.77
D7	Sample 43	2	1	8	67030	37	0.77
D7	Sample 43	2	1	9	72040	37	0.78
D7	Sample 43	2	1	10	77030	36.96	0.77
D7	Sample 43	2	1	11	82040	37	0.76
D7	Sample 43	2	1	12	87040	37	0.77
D7	Sample 43	2	1	13	92030	37	0.77
D7	Sample 43	2	1	14	97040	37	0.77
D7	Sample 43	2	1	15	102040	36.96	0.78
D8	Sample 44	2	1	1	32080	36.96	0.80
D8	Sample 44	2	1	2	37040	36.96	0.79
D8	Sample 44	2	1	3	42040	37	0.78
D8	Sample 44	2	1	4	47030	37	0.78
D8	Sample 44	2	1	5	52040	37	0.78
D8	Sample 44	2	1	6	57050	37	0.77
D8	Sample 44	2	1	7	62060	37	0.77
D8	Sample 44	2	1	8	67030	37	0.76
D8	Sample 44	2	1	9	72040	37	0.76
D8	Sample 44	2	1	10	77030	36.96	0.76
D8	Sample 44	2	1	11	82040	37	0.75
D8	Sample 44	2	1	12	87040	37	0.76
D8	Sample 44	2	1	13	92030	37	0.76
D8	Sample 44	2	1	14	97040	37	0.76
D8	Sample 44	2	1	15	102040	36.96	0.76
D9	Sample 45	2	1	1	32080	36.96	0.69
D9	Sample 45	2	1	2	37040	36.96	0.69
D9	Sample 45	2	1	3	42040	37	0.68
D9	Sample 45	2	1	4	47030	37	0.68
D9	Sample 45	2	1	5	52040	37	0.68
D9	Sample 45	2	1	6	57050	37	0.67
D9	Sample 45	2	1	7	62060	37	0.66
D9	Sample 45	2	1	8	67030	37	0.66
D9	Sample 45	2	1	9	72040	37	0.67
D9	Sample 45	2	1	10	77030	36.96	0.66
D9	Sample 45	2	1	11	82040	37	0.66
D9	Sample 45	2	1	12	87040	37	0.66
D9	Sample 45	2	1	13	92030	37	0.66
D9	Sample 45	2	1	14	97040	37	0.67
D9	Sample 45	2	1	15	102040	36.96	0.67
D10	Sample 46	2	1	1	32080	36.96	0.70
D10	Sample 46	2	1	2	37040	36.96	0.69
D10	Sample 46	2	1	3	42040	37	0.68
D10	Sample 46	2	1	4	47030	37	0.69
D10	Sample 46	2	1	5	52040	37	0.68
D10	Sample 46	2	1	6	57050	37	0.68
D10	Sample 46	2	1	7	62060	37	0.67
D10	Sample 46	2	1	8	67030	37	0.67
D10	Sample 46	2	1	9	72040	37	0.67
D10	Sample 46	2	1	10	77030	36.96	0.67
D10	Sample 46	2	1	11	82040	37	0.67
D10	Sample 46	2	1	12	87040	37	0.68
D10	Sample 46	2	1	13	92030	37	0.67
D10	Sample 46	2	1	14	97040	37	0.67
D10	Sample 46	2	1	15	102040	36.96	0.67
D11	Sample 47	2	1	1	32080	36.96	1.11
D11	Sample 47	2	1	2	37040	36.96	1.09
D11	Sample 47	2	1	3	42040	37	1.09
D11	Sample 47	2	1	4	47030	37	1.09
D11	Sample 47	2	1	5	52040	37	1.08
D11	Sample 47	2	1	6	57050	37	1.08
D11	Sample 47	2	1	7	62060	37	1.07
D11	Sample 47	2	1	8	67030	37	1.07
D11	Sample 47	2	1	9	72040	37	1.07
D11	Sample 47	2	1	10	77030	36.96	1.06
D11	Sample 47	2	1	11	82040	37	1.06
D11	Sample 47	2	1	12	87040	37	1.07
D11	Sample 47	2	1	13	92030	37	1.07
D11	Sample 47	2	1	14	97040	37	1.07
D11	Sample 47	2	1	15	102040	36.96	1.08
D12	Sample 48	2	1	1	32080	36.96	1.03
D12	Sample 48	2	1	2	37040	36.96	1.02
D12	Sample 48	2	1	3	42040	37	1.01
D12	Sample 48	2	1	4	47030	37	1.01
D12	Sample 48	2	1	5	52040	37	1.01
D12	Sample 48	2	1	6	57050	37	1.00
D12	Sample 48	2	1	7	62060	37	1.00
D12	Sample 48	2	1	8	67030	37	1.00
D12	Sample 48	2	1	9	72040	37	1.00
D12	Sample 48	2	1	10	77030	36.96	1.00
D12	Sample 48	2	1	11	82040	37	0.99
D12	Sample 48	2	1	12	87040	37	1.00
D12	Sample 48	2	1	13	92030	37	0.99
D12	Sample 48	2	1	14	97040	37	0.99
D12	Sample 48	2	1	15	102040	36.96	0.99
E1	Sample 49	2	1	1	32080	36.96	0.73
E1	Sample 49	2	1	2	37040	36.96	0.72
E1	Sample 49	2	1	3	42040	37	0.71
E1	Sample 49	2	1	4	47030	37	0.71
E1	Sample 49	2	1	5	52040	37	0.71
E1	Sample 49	2	1	6	57050	37	0.71
E1	Sample 49	2	1	7	62060	37	0.70
E1	Sample 49	2	1	8	67030	37	0.71
E1	Sample 49	2	1	9	72040	37	0.70
E1	Sample 49	2	1	10	77030	36.96	0.70
E1	Sample 49	2	1	11	82040	37	0.70
E1	Sample 49	2	1	12	87040	37	0.70
E1	Sample 49	2	1	13	92030	37	0.70
E1	Sample 49	2	1	14	97040	37	0.70
E1	Sample 49	2	1	15	102040	36.96	0.70
E2	Sample 50	2	1	1	32080	36.96	0.72
E2	Sample 50	2	1	2	37040	36.96	0.72
E2	Sample 50	2	1	3	42040	37	0.72
E2	Sample 50	2	1	4	47030	37	0.72
E2	Sample 50	2	1	5	52040	37	0.71
E2	Sample 50	2	1	6	57050	37	0.71
E2	Sample 50	2	1	7	62060	37	0.71
E2	Sample 50	2	1	8	67030	37	0.70
E2	Sample 50	2	1	9	72040	37	0.71
E2	Sample 50	2	1	10	77030	36.96	0.71
E2	Sample 50	2	1	11	82040	37	0.71
E2	Sample 50	2	1	12	87040	37	0.71
E2	Sample 50	2	1	13	92030	37	0.71
E2	Sample 50	2	1	14	97040	37	0.70
E2	Sample 50	2	1	15	102040	36.96	0.71
E3	Sample 51	2	1	1	32080	36.96	0.92
E3	Sample 51	2	1	2	37040	36.96	0.91
E3	Sample 51	2	1	3	42040	37	0.91
E3	Sample 51	2	1	4	47030	37	0.91
E3	Sample 51	2	1	5	52040	37	0.91
E3	Sample 51	2	1	6	57050	37	0.90
E3	Sample 51	2	1	7	62060	37	0.89
E3	Sample 51	2	1	8	67030	37	0.89
E3	Sample 51	2	1	9	72040	37	0.89
E3	Sample 51	2	1	10	77030	36.96	0.89
E3	Sample 51	2	1	11	82040	37	0.89
E3	Sample 51	2	1	12	87040	37	0.89
E3	Sample 51	2	1	13	92030	37	0.89
E3	Sample 51	2	1	14	97040	37	0.88
E3	Sample 51	2	1	15	102040	36.96	0.89
E4	Sample 52	2	1	1	32080	36.96	0.99
E4	Sample 52	2	1	2	37040	36.96	0.98
E4	Sample 52	2	1	3	42040	37	0.97
E4	Sample 52	2	1	4	47030	37	0.97
E4	Sample 52	2	1	5	52040	37	0.96
E4	Sample 52	2	1	6	57050	37	0.96
E4	Sample 52	2	1	7	62060	37	0.96
E4	Sample 52	2	1	8	67030	37	0.95
E4	Sample 52	2	1	9	72040	37	0.94
E4	Sample 52	2	1	10	77030	36.96	0.94
E4	Sample 52	2	1	11	82040	37	0.95
E4	Sample 52	2	1	12	87040	37	0.95
E4	Sample 52	2	1	13	92030	37	0.95
E4	Sample 52	2	1	14	97040	37	0.94
E4	Sample 52	2	1	15	102040	36.96	0.95
E5	Sample 53	2	1	1	32080	36.96	0.82
E5	Sample 53	2	1	2	37040	36.96	0.81
E5	Sample 53	2	1	3	42040	37	0.81
E5	Sample 53	2	1	4	47030	37	0.80
E5	Sample 53	2	1	5	52040	37	0.81
E5	Sample 53	2	1	6	57050	37	0.79
E5	Sample 53	2	1	7	62060	37	0.79
E5	Sample 53	2	1	8	67030	37	0.79
E5	Sample 53	2	1	9	72040	37	0.79
E5	Sample 53	2	1	10	77030	36.96	0.79
E5	Sample 53	2	1	11	82040	37	0.79
E5	Sample 53	2	1	12	87040	37	0.79
E5	Sample 53	2	1	13	92030	37	0.79
E5	Sample 53	2	1	14	97040	37	0.79
E5	Sample 53	2	1	15	102040	36.96	0.79
E6	Sample 54	2	1	1	32080	36.96	0.81
E6	Sample 54	2	1	2	37040	36.96	0.81
E6	Sample 54	2	1	3	42040	37	0.80
E6	Sample 54	2	1	4	47030	37	0.80
E6	Sample 54	2	1	5	52040	37	0.79
E6	Sample 54	2	1	6	57050	37	0.79
E6	Sample 54	2	1	7	62060	37	0.78
E6	Sample 54	2	1	8	67030	37	0.78
E6	Sample 54	2	1	9	72040	37	0.78
E6	Sample 54	2	1	10	77030	36.96	0.79
E6	Sample 54	2	1	11	82040	37	0.78
E6	Sample 54	2	1	12	87040	37	0.78
E6	Sample 54	2	1	13	92030	37	0.78
E6	Sample 54	2	1	14	97040	37	0.77
E6	Sample 54	2	1	15	102040	36.96	0.78
E7	Sample 55	2	1	1	32080	36.96	0.80
E7	Sample 55	2	1	2	37040	36.96	0.79
E7	Sample 55	2	1	3	42040	37	0.79
E7	Sample 55	2	1	4	47030	37	0.79
E7	Sample 55	2	1	5	52040	37	0.79
E7	Sample 55	2	1	6	57050	37	0.78
E7	Sample 55	2	1	7	62060	37	0.78
E7	Sample 55	2	1	8	67030	37	0.78
E7	Sample 55	2	1	9	72040	37	0.78
E7	Sample 55	2	1	10	77030	36.96	0.78
E7	Sample 55	2	1	11	82040	37	0.78
E7	Sample 55	2	1	12	87040	37	0.77
E7	Sample 55	2	1	13	92030	37	0.78
E7	Sample 55	2	1	14	97040	37	0.77
E7	Sample 55	2	1	15	102040	36.96	0.77
E8	Sample 56	2	1	1	32080	36.96	0.77
E8	Sample 56	2	1	2	37040	36.96	0.77
E8	Sample 56	2	1	3	42040	37	0.76
E8	Sample 56	2	1	4	47030	37	0.76
E8	Sample 56	2	1	5	52040	37	0.76
E8	Sample 56	2	1	6	57050	37	0.75
E8	Sample 56	2	1	7	62060	37	0.74
E8	Sample 56	2	1	8	67030	37	0.74
E8	Sample 56	2	1	9	72040	37	0.74
E8	Sample 56	2	1	10	77030	36.96	0.74
E8	Sample 56	2	1	11	82040	37	0.74
E8	Sample 56	2	1	12	87040	37	0.74
E8	Sample 56	2	1	13	92030	37	0.74
E8	Sample 56	2	1	14	97040	37	0.73
E8	Sample 56	2	1	15	102040	36.96	0.74
E9	Sample 57	2	1	1	32080	36.96	0.75
E9	Sample 57	2	1	2	37040	36.96	0.75
E9	Sample 57	2	1	3	42040	37	0.74
E9	Sample 57	2	1	4	47030	37	0.75
E9	Sample 57	2	1	5	52040	37	0.74
E9	Sample 57	2	1	6	57050	37	0.73
E9	Sample 57	2	1	7	62060	37	0.73
E9	Sample 57	2	1	8	67030	37	0.73
E9	Sample 57	2	1	9	72040	37	0.72
E9	Sample 57	2	1	10	77030	36.96	0.73
E9	Sample 57	2	1	11	82040	37	0.73
E9	Sample 57	2	1	12	87040	37	0.72
E9	Sample 57	2	1	13	92030	37	0.73
E9	Sample 57	2	1	14	97040	37	0.72
E9	Sample 57	2	1	15	102040	36.96	0.72
E10	Sample 58	2	1	1	32080	36.96	0.78
E10	Sample 58	2	1	2	37040	36.96	0.78
E10	Sample 58	2	1	3	42040	37	0.77
E10	Sample 58	2	1	4	47030	37	0.77
E10	Sample 58	2	1	5	52040	37	0.77
E10	Sample 58	2	1	6	57050	37	0.76
E10	Sample 58	2	1	7	62060	37	0.76
E10	Sample 58	2	1	8	67030	37	0.76
E10	Sample 58	2	1	9	72040	37	0.75
E10	Sample 58	2	1	10	77030	36.96	0.76
E10	Sample 58	2	1	11	82040	37	0.76
E10	Sample 58	2	1	12	87040	37	0.75
E10	Sample 58	2	1	13	92030	37	0.76
E10	Sample 58	2	1	14	97040	37	0.75
E10	Sample 58	2	1	15	102040	36.96	0.75
E11	Sample 59	2	1	1	32080	36.96	1.42
E11	Sample 59	2	1	2	37040	36.96	1.40
E11	Sample 59	2	1	3	42040	37	1.39
E11	Sample 59	2	1	4	47030	37	1.38
E11	Sample 59	2	1	5	52040	37	1.38
E11	Sample 59	2	1	6	57050	37	1.37
E11	Sample 59	2	1	7	62060	37	1.37
E11	Sample 59	2	1	8	67030	37	1.37
E11	Sample 59	2	1	9	72040	37	1.37
E11	Sample 59	2	1	10	77030	36.96	1.37
E11	Sample 59	2	1	11	82040	37	1.37
E11	Sample 59	2	1	12	87040	37	1.37
E11	Sample 59	2	1	13	92030	37	1.37
E11	Sample 59	2	1	14	97040	37	1.37
E11	Sample 59	2	1	15	102040	36.96	1.37
E12	Sample 60	2	1	1	32080	36.96	1.30
E12	Sample 60	2	1	2	37040	36.96	1.30
E12	Sample 60	2	1	3	42040	37	1.29
E12	Sample 60	2	1	4	47030	37	1.28
E12	Sample 60	2	1	5	52040	37	1.28
E12	Sample 60	2	1	6	57050	37	1.27
E12	Sample 60	2	1	7	62060	37	1.26
E12	Sample 60	2	1	8	67030	37	1.27
E12	Sample 60	2	1	9	72040	37	1.26
E12	Sample 60	2	1	10	77030	36.96	1.27
E12	Sample 60	2	1	11	82040	37	1.26
E12	Sample 60	2	1	12	87040	37	1.25
E12	Sample 60	2	1	13	92030	37	1.26
E12	Sample 60	2	1	14	97040	37	1.25
E12	Sample 60	2	1	15	102040	36.96	1.25
F1	Sample 61	2	1	1	32080	36.96	1.01
F1	Sample 61	2	1	2	37040	36.96	1.01
F1	Sample 61	2	1	3	42040	37	1.00
F1	Sample 61	2	1	4	47030	37	1.00
F1	Sample 61	2	1	5	52040	37	0.99
F1	Sample 61	2	1	6	57050	37	0.99
F1	Sample 61	2	1	7	62060	37	0.99
F1	Sample 61	2	1	8	67030	37	0.98
F1	Sample 61	2	1	9	72040	37	0.98
F1	Sample 61	2	1	10	77030	36.96	0.99
F1	Sample 61	2	1	11	82040	37	0.98
F1	Sample 61	2	1	12	87040	37	0.98
F1	Sample 61	2	1	13	92030	37	0.98
F1	Sample 61	2	1	14	97040	37	0.99
F1	Sample 61	2	1	15	102040	36.96	0.99
F2	Sample 62	2	1	1	32080	36.96	0.98
F2	Sample 62	2	1	2	37040	36.96	0.96
F2	Sample 62	2	1	3	42040	37	0.96
F2	Sample 62	2	1	4	47030	37	0.96
F2	Sample 62	2	1	5	52040	37	0.96
F2	Sample 62	2	1	6	57050	37	0.96
F2	Sample 62	2	1	7	62060	37	0.95
F2	Sample 62	2	1	8	67030	37	0.95
F2	Sample 62	2	1	9	72040	37	0.95
F2	Sample 62	2	1	10	77030	36.96	0.95
F2	Sample 62	2	1	11	82040	37	0.95
F2	Sample 62	2	1	12	87040	37	0.95
F2	Sample 62	2	1	13	92030	37	0.95
F2	Sample 62	2	1	14	97040	37	0.94
F2	Sample 62	2	1	15	102040	36.96	0.95
F3	Sample 63	2	1	1	32080	36.96	1.11
F3	Sample 63	2	1	2	37040	36.96	1.09
F3	Sample 63	2	1	3	42040	37	1.09
F3	Sample 63	2	1	4	47030	37	1.08
F3	Sample 63	2	1	5	52040	37	1.08
F3	Sample 63	2	1	6	57050	37	1.08
F3	Sample 63	2	1	7	62060	37	1.07
F3	Sample 63	2	1	8	67030	37	1.07
F3	Sample 63	2	1	9	72040	37	1.07
F3	Sample 63	2	1	10	77030	36.96	1.07
F3	Sample 63	2	1	11	82040	37	1.07
F3	Sample 63	2	1	12	87040	37	1.07
F3	Sample 63	2	1	13	92030	37	1.06
F3	Sample 63	2	1	14	97040	37	1.07
F3	Sample 63	2	1	15	102040	36.96	1.07
F4	Sample 64	2	1	1	32080	36.96	1.12
F4	Sample 64	2	1	2	37040	36.96	1.11
F4	Sample 64	2	1	3	42040	37	1.11
F4	Sample 64	2	1	4	47030	37	1.10
F4	Sample 64	2	1	5	52040	37	1.10
F4	Sample 64	2	1	6	57050	37	1.10
F4	Sample 64	2	1	7	62060	37	1.10
F4	Sample 64	2	1	8	67030	37	1.09
F4	Sample 64	2	1	9	72040	37	1.09
F4	Sample 64	2	1	10	77030	36.96	1.09
F4	Sample 64	2	1	11	82040	37	1.09
F4	Sample 64	2	1	12	87040	37	1.09
F4	Sample 64	2	1	13	92030	37	1.09
F4	Sample 64	2	1	14	97040	37	1.08
F4	Sample 64	2	1	15	102040	36.96	1.09
F5	Sample 65	2	1	1	32080	36.96	0.81
F5	Sample 65	2	1	2	37040	36.96	0.81
F5	Sample 65	2	1	3	42040	37	0.81
F5	Sample 65	2	1	4	47030	37	0.81
F5	Sample 65	2	1	5	52040	37	0.80
F5	Sample 65	2	1	6	57050	37	0.80
F5	Sample 65	2	1	7	62060	37	0.79
F5	Sample 65	2	1	8	67030	37	0.80
F5	Sample 65	2	1	9	72040	37	0.80
F5	Sample 65	2	1	10	77030	36.96	0.80
F5	Sample 65	2	1	11	82040	37	0.79
F5	Sample 65	2	1	12	87040	37	0.79
F5	Sample 65	2	1	13	92030	37	0.79
F5	Sample 65	2	1	14	97040	37	0.79
F5	Sample 65	2	1	15	102040	36.96	0.79
F6	Sample 66	2	1	1	32080	36.96	0.79
F6	Sample 66	2	1	2	37040	36.96	0.79
F6	Sample 66	2	1	3	42040	37	0.79
F6	Sample 66	2	1	4	47030	37	0.78
F6	Sample 66	2	1	5	52040	37	0.77
F6	Sample 66	2	1	6	57050	37	0.78
F6	Sample 66	2	1	7	62060	37	0.78
F6	Sample 66	2	1	8	67030	37	0.77
F6	Sample 66	2	1	9	72040	37	0.77
F6	Sample 66	2	1	10	77030	36.96	0.77
F6	Sample 66	2	1	11	82040	37	0.77
F6	Sample 66	2	1	12	87040	37	0.77
F6	Sample 66	2	1	13	92030	37	0.77
F6	Sample 66	2	1	14	97040	37	0.77
F6	Sample 66	2	1	15	102040	36.96	0.77
F7	Sample 67	2	1	1	32080	36.96	0.82
F7	Sample 67	2	1	2	37040	36.96	0.81
F7	Sample 67	2	1	3	42040	37	0.81
F7	Sample 67	2	1	4	47030	37	0.81
F7	Sample 67	2	1	5	52040	37	0.81
F7	Sample 67	2	1	6	57050	37	0.80
F7	Sample 67	2	1	7	62060	37	0.79
F7	Sample 67	2	1	8	67030	37	0.80
F7	Sample 67	2	1	9	72040	37	0.80
F7	Sample 67	2	1	10	77030	36.96	0.79
F7	Sample 67	2	1	11	82040	37	0.80
F7	Sample 67	2	1	12	87040	37	0.79
F7	Sample 67	2	1	13	92030	37	0.80
F7	Sample 67	2	1	14	97040	37	0.79
F7	Sample 67	2	1	15	102040	36.96	0.79
F8	Sample 68	2	1	1	32080	36.96	0.82
F8	Sample 68	2	1	2	37040	36.96	0.81
F8	Sample 68	2	1	3	42040	37	0.81
F8	Sample 68	2	1	4	47030	37	0.81
F8	Sample 68	2	1	5	52040	37	0.80
F8	Sample 68	2	1	6	57050	37	0.80
F8	Sample 68	2	1	7	62060	37	0.79
F8	Sample 68	2	1	8	67030	37	0.79
F8	Sample 68	2	1	9	72040	37	0.79
F8	Sample 68	2	1	10	77030	36.96	0.79
F8	Sample 68	2	1	11	82040	37	0.79
F8	Sample 68	2	1	12	87040	37	0.79
F8	Sample 68	2	1	13	92030	37	0.78
F8	Sample 68	2	1	14	97040	37	0.78
F8	Sample 68	2	1	15	102040	36.96	0.79
F9	Sample 69	2	1	1	32080	36.96	1.13
F9	Sample 69	2	1	2	37040	36.96	1.12
F9	Sample 69	2	1	3	42040	37	1.11
F9	Sample 69	2	1	4	47030	37	1.10
F9	Sample 69	2	1	5	52040	37	1.11
F9	Sample 69	2	1	6	57050	37	1.11
F9	Sample 69	2	1	7	62060	37	1.10
F9	Sample 69	2	1	8	67030	37	1.10
F9	Sample 69	2	1	9	72040	37	1.09
F9	Sample 69	2	1	10	77030	36.96	1.10
F9	Sample 69	2	1	11	82040	37	1.09
F9	Sample 69	2	1	12	87040	37	1.09
F9	Sample 69	2	1	13	92030	37	1.09
F9	Sample 69	2	1	14	97040	37	1.09
F9	Sample 69	2	1	15	102040	36.96	1.10
F10	Sample 70	2	1	1	32080	36.96	1.16
F10	Sample 70	2	1	2	37040	36.96	1.14
F10	Sample 70	2	1	3	42040	37	1.15
F10	Sample 70	2	1	4	47030	37	1.14
F10	Sample 70	2	1	5	52040	37	1.13
F10	Sample 70	2	1	6	57050	37	1.13
F10	Sample 70	2	1	7	62060	37	1.12
F10	Sample 70	2	1	8	67030	37	1.13
F10	Sample 70	2	1	9	72040	37	1.12
F10	Sample 70	2	1	10	77030	36.96	1.12
F10	Sample 70	2	1	11	82040	37	1.11
F10	Sample 70	2	1	12	87040	37	1.12
F10	Sample 70	2	1	13	92030	37	1.12
F10	Sample 70	2	1	14	97040	37	1.11
F10	Sample 70	2	1	15	102040	36.96	1.12
F11	Sample 71	2	1	1	32080	36.96	1.52
F11	Sample 71	2	1	2	37040	36.96	1.50
F11	Sample 71	2	1	3	42040	37	1.49
F11	Sample 71	2	1	4	47030	37	1.49
F11	Sample 71	2	1	5	52040	37	1.48
F11	Sample 71	2	1	6	57050	37	1.48
F11	Sample 71	2	1	7	62060	37	1.47
F11	Sample 71	2	1	8	67030	37	1.48
F11	Sample 71	2	1	9	72040	37	1.48
F11	Sample 71	2	1	10	77030	36.96	1.48
F11	Sample 71	2	1	11	82040	37	1.48
F11	Sample 71	2	1	12	87040	37	1.49
F11	Sample 71	2	1	13	92030	37	1.48
F11	Sample 71	2	1	14	97040	37	1.48
F11	Sample 71	2	1	15	102040	36.96	1.49
F12	Sample 72	2	1	1	32080	36.96	1.43
F12	Sample 72	2	1	2	37040	36.96	1.42
F12	Sample 72	2	1	3	42040	37	1.42
F12	Sample 72	2	1	4	47030	37	1.42
F12	Sample 72	2	1	5	52040	37	1.42
F12	Sample 72	2	1	6	57050	37	1.41
F12	Sample 72	2	1	7	62060	37	1.41
F12	Sample 72	2	1	8	67030	37	1.41
F12	Sample 72	2	1	9	72040	37	1.41
F12	Sample 72	2	1	10	77030	36.96	1.41
F12	Sample 72	2	1	11	82040	37	1.40
F12	Sample 72	2	1	12	87040	37	1.41
F12	Sample 72	2	1	13	92030	37	1.40
F12	Sample 72	2	1	14	97040	37	1.39
F12	Sample 72	2	1	15	102040	36.96	1.41
G1	Sample 73	2	1	1	32080	36.96	1.96
G1	Sample 73	2	1	2	37040	36.96	2.00
G1	Sample 73	2	1	3	42040	37	2.09
G1	Sample 73	2	1	4	47030	37	2.20
G1	Sample 73	2	1	5	52040	37	2.28
G1	Sample 73	2	1	6	57050	37	2.50
G1	Sample 73	2	1	7	62060	37	2.60
G1	Sample 73	2	1	8	67030	37	2.73
G1	Sample 73	2	1	9	72040	37	2.80
G1	Sample 73	2	1	10	77030	36.96	2.84
G1	Sample 73	2	1	11	82040	37	2.80
G1	Sample 73	2	1	12	87040	37	2.66
G1	Sample 73	2	1	13	92030	37	2.44
G1	Sample 73	2	1	14	97040	37	2.18
G1	Sample 73	2	1	15	102040	36.96	2.03
G2	Sample 74	2	1	1	32080	36.96	1.44
G2	Sample 74	2	1	2	37040	36.96	1.41
G2	Sample 74	2	1	3	42040	37	1.40
G2	Sample 74	2	1	4	47030	37	1.43
G2	Sample 74	2	1	5	52040	37	1.49
G2	Sample 74	2	1	6	57050	37	1.64
G2	Sample 74	2	1	7	62060	37	1.75
G2	Sample 74	2	1	8	67030	37	1.96
G2	Sample 74	2	1	9	72040	37	2.00
G2	Sample 74	2	1	10	77030	36.96	1.90
G2	Sample 74	2	1	11	82040	37	2.01
G2	Sample 74	2	1	12	87040	37	2.01
G2	Sample 74	2	1	13	92030	37	1.89
G2	Sample 74	2	1	14	97040	37	1.76
G2	Sample 74	2	1	15	102040	36.96	1.63
G3	Sample 75	2	1	1	32080	36.96	1.14
G3	Sample 75	2	1	2	37040	36.96	1.12
G3	Sample 75	2	1	3	42040	37	1.12
G3	Sample 75	2	1	4	47030	37	1.12
G3	Sample 75	2	1	5	52040	37	1.11
G3	Sample 75	2	1	6	57050	37	1.11
G3	Sample 75	2	1	7	62060	37	1.10
G3	Sample 75	2	1	8	67030	37	1.10
G3	Sample 75	2	1	9	72040	37	1.10
G3	Sample 75	2	1	10	77030	36.96	1.10
G3	Sample 75	2	1	11	82040	37	1.11
G3	Sample 75	2	1	12	87040	37	1.10
G3	Sample 75	2	1	13	92030	37	1.11
G3	Sample 75	2	1	14	97040	37	1.10
G3	Sample 75	2	1	15	102040	36.96	1.10
G4	Sample 76	2	1	1	32080	36.96	1.17
G4	Sample 76	2	1	2	37040	36.96	1.15
G4	Sample 76	2	1	3	42040	37	1.15
G4	Sample 76	2	1	4	47030	37	1.15
G4	Sample 76	2	1	5	52040	37	1.15
G4	Sample 76	2	1	6	57050	37	1.14
G4	Sample 76	2	1	7	62060	37	1.13
G4	Sample 76	2	1	8	67030	37	1.14
G4	Sample 76	2	1	9	72040	37	1.14
G4	Sample 76	2	1	10	77030	36.96	1.14
G4	Sample 76	2	1	11	82040	37	1.14
G4	Sample 76	2	1	12	87040	37	1.14
G4	Sample 76	2	1	13	92030	37	1.14
G4	Sample 76	2	1	14	97040	37	1.13
G4	Sample 76	2	1	15	102040	36.96	1.14
G5	Sample 77	2	1	1	32080	36.96	0.82
G5	Sample 77	2	1	2	37040	36.96	0.82
G5	Sample 77	2	1	3	42040	37	0.80
G5	Sample 77	2	1	4	47030	37	0.81
G5	Sample 77	2	1	5	52040	37	0.81
G5	Sample 77	2	1	6	57050	37	0.80
G5	Sample 77	2	1	7	62060	37	0.79
G5	Sample 77	2	1	8	67030	37	0.79
G5	Sample 77	2	1	9	72040	37	0.79
G5	Sample 77	2	1	10	77030	36.96	0.79
G5	Sample 77	2	1	11	82040	37	0.79
G5	Sample 77	2	1	12	87040	37	0.79
G5	Sample 77	2	1	13	92030	37	0.79
G5	Sample 77	2	1	14	97040	37	0.79
G5	Sample 77	2	1	15	102040	36.96	0.79
G6	Sample 78	2	1	1	32080	36.96	0.80
G6	Sample 78	2	1	2	37040	36.96	0.79
G6	Sample 78	2	1	3	42040	37	0.79
G6	Sample 78	2	1	4	47030	37	0.79
G6	Sample 78	2	1	5	52040	37	0.79
G6	Sample 78	2	1	6	57050	37	0.78
G6	Sample 78	2	1	7	62060	37	0.77
G6	Sample 78	2	1	8	67030	37	0.78
G6	Sample 78	2	1	9	72040	37	0.78
G6	Sample 78	2	1	10	77030	36.96	0.78
G6	Sample 78	2	1	11	82040	37	0.78
G6	Sample 78	2	1	12	87040	37	0.78
G6	Sample 78	2	1	13	92030	37	0.78
G6	Sample 78	2	1	14	97040	37	0.78
G6	Sample 78	2	1	15	102040	36.96	0.78
G7	Sample 79	2	1	1	32080	36.96	0.78
G7	Sample 79	2	1	2	37040	36.96	0.77
G7	Sample 79	2	1	3	42040	37	0.76
G7	Sample 79	2	1	4	47030	37	0.76
G7	Sample 79	2	1	5	52040	37	0.76
G7	Sample 79	2	1	6	57050	37	0.76
G7	Sample 79	2	1	7	62060	37	0.75
G7	Sample 79	2	1	8	67030	37	0.76
G7	Sample 79	2	1	9	72040	37	0.75
G7	Sample 79	2	1	10	77030	36.96	0.76
G7	Sample 79	2	1	11	82040	37	0.75
G7	Sample 79	2	1	12	87040	37	0.75
G7	Sample 79	2	1	13	92030	37	0.75
G7	Sample 79	2	1	14	97040	37	0.75
G7	Sample 79	2	1	15	102040	36.96	0.75
G8	Sample 80	2	1	1	32080	36.96	0.77
G8	Sample 80	2	1	2	37040	36.96	0.77
G8	Sample 80	2	1	3	42040	37	0.76
G8	Sample 80	2	1	4	47030	37	0.76
G8	Sample 80	2	1	5	52040	37	0.75
G8	Sample 80	2	1	6	57050	37	0.75
G8	Sample 80	2	1	7	62060	37	0.74
G8	Sample 80	2	1	8	67030	37	0.75
G8	Sample 80	2	1	9	72040	37	0.75
G8	Sample 80	2	1	10	77030	36.96	0.74
G8	Sample 80	2	1	11	82040	37	0.74
G8	Sample 80	2	1	12	87040	37	0.74
G8	Sample 80	2	1	13	92030	37	0.74
G8	Sample 80	2	1	14	97040	37	0.74
G8	Sample 80	2	1	15	102040	36.96	0.74
G9	Sample 81	2	1	1	32080	36.96	1.30
G9	Sample 81	2	1	2	37040	36.96	1.29
G9	Sample 81	2	1	3	42040	37	1.28
G9	Sample 81	2	1	4	47030	37	1.28
G9	Sample 81	2	1	5	52040	37	1.27
G9	Sample 81	2	1	6	57050	37	1.26
G9	Sample 81	2	1	7	62060	37	1.25
G9	Sample 81	2	1	8	67030	37	1.26
G9	Sample 81	2	1	9	72040	37	1.25
G9	Sample 81	2	1	10	77030	36.96	1.26
G9	Sample 81	2	1	11	82040	37	1.25
G9	Sample 81	2	1	12	87040	37	1.25
G9	Sample 81	2	1	13	92030	37	1.26
G9	Sample 81	2	1	14	97040	37	1.25
G9	Sample 81	2	1	15	102040	36.96	1.26
G10	Sample 82	2	1	1	32080	36.96	1.31
G10	Sample 82	2	1	2	37040	36.96	1.29
G10	Sample 82	2	1	3	42040	37	1.28
G10	Sample 82	2	1	4	47030	37	1.28
G10	Sample 82	2	1	5	52040	37	1.28
G10	Sample 82	2	1	6	57050	37	1.27
G10	Sample 82	2	1	7	62060	37	1.26
G10	Sample 82	2	1	8	67030	37	1.26
G10	Sample 82	2	1	9	72040	37	1.26
G10	Sample 82	2	1	10	77030	36.96	1.26
G10	Sample 82	2	1	11	82040	37	1.26
G10	Sample 82	2	1	12	87040	37	1.26
G10	Sample 82	2	1	13	92030	37	1.26
G10	Sample 82	2	1	14	97040	37	1.26
G10	Sample 82	2	1	15	102040	36.96	1.25
G11	Sample 83	2	1	1	32080	36.96	1.49
G11	Sample 83	2	1	2	37040	36.96	1.47
G11	Sample 83	2	1	3	42040	37	1.47
G11	Sample 83	2	1	4	47030	37	1.47
G11	Sample 83	2	1	5	52040	37	1.46
G11	Sample 83	2	1	6	57050	37	1.45
G11	Sample 83	2	1	7	62060	37	1.44
G11	Sample 83	2	1	8	67030	37	1.45
G11	Sample 83	2	1	9	72040	37	1.44
G11	Sample 83	2	1	10	77030	36.96	1.44
G11	Sample 83	2	1	11	82040	37	1.44
G11	Sample 83	2	1	12	87040	37	1.45
G11	Sample 83	2	1	13	92030	37	1.45
G11	Sample 83	2	1	14	97040	37	1.44
G11	Sample 83	2	1	15	102040	36.96	1.45
G12	Sample 84	2	1	1	32080	36.96	1.42
G12	Sample 84	2	1	2	37040	36.96	1.41
G12	Sample 84	2	1	3	42040	37	1.40
G12	Sample 84	2	1	4	47030	37	1.40
G12	Sample 84	2	1	5	52040	37	1.39
G12	Sample 84	2	1	6	57050	37	1.39
G12	Sample 84	2	1	7	62060	37	1.38
G12	Sample 84	2	1	8	67030	37	1.38
G12	Sample 84	2	1	9	72040	37	1.39
G12	Sample 84	2	1	10	77030	36.96	1.39
G12	Sample 84	2	1	11	82040	37	1.39
G12	Sample 84	2	1	12	87040	37	1.38
G12	Sample 84	2	1	13	92030	37	1.38
G12	Sample 84	2	1	14	97040	37	1.38
G12	Sample 84	2	1	15	102040	36.96	1.39
H1	Sample 85	2	1	1	32080	36.96	3.01
H1	Sample 85	2	1	2	37040	36.96	2.98
H1	Sample 85	2	1	3	42040	37	3.05
H1	Sample 85	2	1	4	47030	37	3.17
H1	Sample 85	2	1	5	52040	37	3.45
H1	Sample 85	2	1	6	57050	37	3.72
H1	Sample 85	2	1	7	62060	37	3.96
H1	Sample 85	2	1	8	67030	37	4.34
H1	Sample 85	2	1	9	72040	37	4.55
H1	Sample 85	2	1	10	77030	36.96	4.63
H1	Sample 85	2	1	11	82040	37	4.33
H1	Sample 85	2	1	12	87040	37	4.08
H1	Sample 85	2	1	13	92030	37	3.80
H1	Sample 85	2	1	14	97040	37	3.41
H1	Sample 85	2	1	15	102040	36.96	3.08
H2	Sample 86	2	1	1	32080	36.96	2.35
H2	Sample 86	2	1	2	37040	36.96	2.38
H2	Sample 86	2	1	3	42040	37	2.41
H2	Sample 86	2	1	4	47030	37	2.46
H2	Sample 86	2	1	5	52040	37	2.55
H2	Sample 86	2	1	6	57050	37	2.64
H2	Sample 86	2	1	7	62060	37	2.79
H2	Sample 86	2	1	8	67030	37	2.90
H2	Sample 86	2	1	9	72040	37	2.97
H2	Sample 86	2	1	10	77030	36.96	2.99
H2	Sample 86	2	1	11	82040	37	2.99
H2	Sample 86	2	1	12	87040	37	2.89
H2	Sample 86	2	1	13	92030	37	2.83
H2	Sample 86	2	1	14	97040	37	2.71
H2	Sample 86	2	1	15	102040	36.96	2.53
H3	Sample 87	2	1	1	32080	36.96	1.62
H3	Sample 87	2	1	2	37040	36.96	1.60
H3	Sample 87	2	1	3	42040	37	1.61
H3	Sample 87	2	1	4	47030	37	1.64
H3	Sample 87	2	1	5	52040	37	1.60
H3	Sample 87	2	1	6	57050	37	1.61
H3	Sample 87	2	1	7	62060	37	1.65
H3	Sample 87	2	1	8	67030	37	1.77
H3	Sample 87	2	1	9	72040	37	1.96
H3	Sample 87	2	1	10	77030	36.96	2.24
H3	Sample 87	2	1	11	82040	37	2.67
H3	Sample 87	2	1	12	87040	37	2.95
H3	Sample 87	2	1	13	92030	37	2.86
H3	Sample 87	2	1	14	97040	37	2.48
H3	Sample 87	2	1	15	102040	36.96	2.39
H4	Sample 88	2	1	1	32080	36.96	1.40
H4	Sample 88	2	1	2	37040	36.96	1.62
H4	Sample 88	2	1	3	42040	37	1.34
H4	Sample 88	2	1	4	47030	37	1.28
H4	Sample 88	2	1	5	52040	37	1.29
H4	Sample 88	2	1	6	57050	37	1.21
H4	Sample 88	2	1	7	62060	37	1.14
H4	Sample 88	2	1	8	67030	37	1.10
H4	Sample 88	2	1	9	72040	37	1.10
H4	Sample 88	2	1	10	77030	36.96	1.10
H4	Sample 88	2	1	11	82040	37	1.11
H4	Sample 88	2	1	12	87040	37	1.11
H4	Sample 88	2	1	13	92030	37	1.10
H4	Sample 88	2	1	14	97040	37	1.11
H4	Sample 88	2	1	15	102040	36.96	1.11
H5	Sample 89	2	1	1	32080	36.96	0.82
H5	Sample 89	2	1	2	37040	36.96	0.81
H5	Sample 89	2	1	3	42040	37	0.80
H5	Sample 89	2	1	4	47030	37	0.81
H5	Sample 89	2	1	5	52040	37	0.80
H5	Sample 89	2	1	6	57050	37	0.79
H5	Sample 89	2	1	7	62060	37	0.79
H5	Sample 89	2	1	8	67030	37	0.79
H5	Sample 89	2	1	9	72040	37	0.79
H5	Sample 89	2	1	10	77030	36.96	0.79
H5	Sample 89	2	1	11	82040	37	0.79
H5	Sample 89	2	1	12	87040	37	0.79
H5	Sample 89	2	1	13	92030	37	0.79
H5	Sample 89	2	1	14	97040	37	0.79
H5	Sample 89	2	1	15	102040	36.96	0.79
H6	Sample 90	2	1	1	32080	36.96	0.81
H6	Sample 90	2	1	2	37040	36.96	0.80
H6	Sample 90	2	1	3	42040	37	0.79
H6	Sample 90	2	1	4	47030	37	0.79
H6	Sample 90	2	1	5	52040	37	0.79
H6	Sample 90	2	1	6	57050	37	0.79
H6	Sample 90	2	1	7	62060	37	0.78
H6	Sample 90	2	1	8	67030	37	0.78
H6	Sample 90	2	1	9	72040	37	0.79
H6	Sample 90	2	1	10	77030	36.96	0.78
H6	Sample 90	2	1	11	82040	37	0.78
H6	Sample 90	2	1	12	87040	37	0.78
H6	Sample 90	2	1	13	92030	37	0.78
H6	Sample 90	2	1	14	97040	37	0.78
H6	Sample 90	2	1	15	102040	36.96	0.78
H7	Sample 91	2	1	1	32080	36.96	0.80
H7	Sample 91	2	1	2	37040	36.96	0.79
H7	Sample 91	2	1	3	42040	37	0.79
H7	Sample 91	2	1	4	47030	37	0.78
H7	Sample 91	2	1	5	52040	37	0.78
H7	Sample 91	2	1	6	57050	37	0.78
H7	Sample 91	2	1	7	62060	37	0.77
H7	Sample 91	2	1	8	67030	37	0.77
H7	Sample 91	2	1	9	72040	37	0.78
H7	Sample 91	2	1	10	77030	36.96	0.77
H7	Sample 91	2	1	11	82040	37	0.77
H7	Sample 91	2	1	12	87040	37	0.77
H7	Sample 91	2	1	13	92030	37	0.77
H7	Sample 91	2	1	14	97040	37	0.77
H7	Sample 91	2	1	15	102040	36.96	0.77
H8	Sample 92	2	1	1	32080	36.96	0.77
H8	Sample 92	2	1	2	37040	36.96	0.76
H8	Sample 92	2	1	3	42040	37	0.76
H8	Sample 92	2	1	4	47030	37	0.76
H8	Sample 92	2	1	5	52040	37	0.76
H8	Sample 92	2	1	6	57050	37	0.76
H8	Sample 92	2	1	7	62060	37	0.75
H8	Sample 92	2	1	8	67030	37	0.75
H8	Sample 92	2	1	9	72040	37	0.74
H8	Sample 92	2	1	10	77030	36.96	0.74
H8	Sample 92	2	1	11	82040	37	0.75
H8	Sample 92	2	1	12	87040	37	0.75
H8	Sample 92	2	1	13	92030	37	0.74
H8	Sample 92	2	1	14	97040	37	0.74
H8	Sample 92	2	1	15	102040	36.96	0.74
H9	Sample 93	2	1	1	32080	36.96	1.45
H9	Sample 93	2	1	2	37040	36.96	1.43
H9	Sample 93	2	1	3	42040	37	1.43
H9	Sample 93	2	1	4	47030	37	1.42
H9	Sample 93	2	1	5	52040	37	1.42
H9	Sample 93	2	1	6	57050	37	1.43
H9	Sample 93	2	1	7	62060	37	1.41
H9	Sample 93	2	1	8	67030	37	1.41
H9	Sample 93	2	1	9	72040	37	1.41
H9	Sample 93	2	1	10	77030	36.96	1.40
H9	Sample 93	2	1	11	82040	37	1.40
H9	Sample 93	2	1	12	87040	37	1.40
H9	Sample 93	2	1	13	92030	37	1.40
H9	Sample 93	2	1	14	97040	37	1.40
H9	Sample 93	2	1	15	102040	36.96	1.41
H10	Sample 94	2	1	1	32080	36.96	1.43
H10	Sample 94	2	1	2	37040	36.96	1.42
H10	Sample 94	2	1	3	42040	37	1.42
H10	Sample 94	2	1	4	47030	37	1.41
H10	Sample 94	2	1	5	52040	37	1.41
H10	Sample 94	2	1	6	57050	37	1.41
H10	Sample 94	2	1	7	62060	37	1.40
H10	Sample 94	2	1	8	67030	37	1.40
H10	Sample 94	2	1	9	72040	37	1.40
H10	Sample 94	2	1	10	77030	36.96	1.39
H10	Sample 94	2	1	11	82040	37	1.39
H10	Sample 94	2	1	12	87040	37	1.39
H10	Sample 94	2	1	13	92030	37	1.39
H10	Sample 94	2	1	14	97040	37	1.39
H10	Sample 94	2	1	15	102040	36.96	1.39
H11	Sample 95	2	1	1	32080	36.96	1.36
H11	Sample 95	2	1	2	37040	36.96	1.34
H11	Sample 95	2	1	3	42040	37	1.36
H11	Sample 95	2	1	4	47030	37	1.33
H11	Sample 95	2	1	5	52040	37	1.34
H11	Sample 95	2	1	6	57050	37	1.34
H11	Sample 95	2	1	7	62060	37	1.33
H11	Sample 95	2	1	8	67030	37	1.33
H11	Sample 95	2	1	9	72040	37	1.33
H11	Sample 95	2	1	10	77030	36.96	1.33
H11	Sample 95	2	1	11	82040	37	1.33
H11	Sample 95	2	1	12	87040	37	1.33
H11	Sample 95	2	1	13	92030	37	1.33
H11	Sample 95	2	1	14	97040	37	1.32
H11	Sample 95	2	1	15	102040	36.96	1.32
H12	Sample 96	2	1	1	32080	36.96	1.38
H12	Sample 96	2	1	2	37040	36.96	1.37
H12	Sample 96	2	1	3	42040	37	1.37
H12	Sample 96	2	1	4	47030	37	1.37
H12	Sample 96	2	1	5	52040	37	1.36
H12	Sample 96	2	1	6	57050	37	1.36
H12	Sample 96	2	1	7	62060	37	1.36
H12	Sample 96	2	1	8	67030	37	1.36
H12	Sample 96	2	1	9	72040	37	1.35
H12	Sample 96	2	1	10	77030	36.96	1.36
H12	Sample 96	2	1	11	82040	37	1.34
H12	Sample 96	2	1	12	87040	37	1.35
H12	Sample 96	2	1	13	92030	37	1.35
H12	Sample 96	2	1	14	97040	37	1.34
H12	Sample 96	2	1	15	102040	36.96	1.34
