Raw Data 		Experiment - evIC50_11_plate1_24APRIL2026 (Run on LCS480 1.5.1.62)
SamplePos	SampleName	Prog#	Seg#	Cycle#	Time	Temp	465-510	
A1	Sample 1	2	1	1	34320	36.91	1.36
A1	Sample 1	2	1	2	39320	36.96	1.36
A1	Sample 1	2	1	3	44310	36.96	1.35
A1	Sample 1	2	1	4	49300	37	1.36
A1	Sample 1	2	1	5	54300	37	1.35
A1	Sample 1	2	1	6	59310	37	1.35
A1	Sample 1	2	1	7	64300	36.96	1.34
A1	Sample 1	2	1	8	69300	36.96	1.35
A1	Sample 1	2	1	9	74310	36.96	1.35
A1	Sample 1	2	1	10	79300	37	1.34
A1	Sample 1	2	1	11	84320	36.96	1.34
A1	Sample 1	2	1	12	89300	36.96	1.34
A1	Sample 1	2	1	13	94300	36.96	1.35
A1	Sample 1	2	1	14	99310	36.96	1.34
A1	Sample 1	2	1	15	104310	37	1.34
A2	Sample 2	2	1	1	34320	36.91	1.35
A2	Sample 2	2	1	2	39320	36.96	1.36
A2	Sample 2	2	1	3	44310	36.96	1.36
A2	Sample 2	2	1	4	49300	37	1.37
A2	Sample 2	2	1	5	54300	37	1.36
A2	Sample 2	2	1	6	59310	37	1.35
A2	Sample 2	2	1	7	64300	36.96	1.35
A2	Sample 2	2	1	8	69300	36.96	1.36
A2	Sample 2	2	1	9	74310	36.96	1.35
A2	Sample 2	2	1	10	79300	37	1.35
A2	Sample 2	2	1	11	84320	36.96	1.35
A2	Sample 2	2	1	12	89300	36.96	1.35
A2	Sample 2	2	1	13	94300	36.96	1.34
A2	Sample 2	2	1	14	99310	36.96	1.34
A2	Sample 2	2	1	15	104310	37	1.35
A3	Sample 3	2	1	1	34320	36.91	1.52
A3	Sample 3	2	1	2	39320	36.96	1.52
A3	Sample 3	2	1	3	44310	36.96	1.52
A3	Sample 3	2	1	4	49300	37	1.52
A3	Sample 3	2	1	5	54300	37	1.52
A3	Sample 3	2	1	6	59310	37	1.51
A3	Sample 3	2	1	7	64300	36.96	1.51
A3	Sample 3	2	1	8	69300	36.96	1.51
A3	Sample 3	2	1	9	74310	36.96	1.51
A3	Sample 3	2	1	10	79300	37	1.51
A3	Sample 3	2	1	11	84320	36.96	1.51
A3	Sample 3	2	1	12	89300	36.96	1.51
A3	Sample 3	2	1	13	94300	36.96	1.51
A3	Sample 3	2	1	14	99310	36.96	1.51
A3	Sample 3	2	1	15	104310	37	1.51
A4	Sample 4	2	1	1	34320	36.91	1.50
A4	Sample 4	2	1	2	39320	36.96	1.52
A4	Sample 4	2	1	3	44310	36.96	1.51
A4	Sample 4	2	1	4	49300	37	1.52
A4	Sample 4	2	1	5	54300	37	1.51
A4	Sample 4	2	1	6	59310	37	1.51
A4	Sample 4	2	1	7	64300	36.96	1.50
A4	Sample 4	2	1	8	69300	36.96	1.51
A4	Sample 4	2	1	9	74310	36.96	1.51
A4	Sample 4	2	1	10	79300	37	1.51
A4	Sample 4	2	1	11	84320	36.96	1.50
A4	Sample 4	2	1	12	89300	36.96	1.52
A4	Sample 4	2	1	13	94300	36.96	1.51
A4	Sample 4	2	1	14	99310	36.96	1.50
A4	Sample 4	2	1	15	104310	37	1.50
A5	Sample 5	2	1	1	34320	36.91	0.92
A5	Sample 5	2	1	2	39320	36.96	0.91
A5	Sample 5	2	1	3	44310	36.96	0.91
A5	Sample 5	2	1	4	49300	37	0.91
A5	Sample 5	2	1	5	54300	37	0.90
A5	Sample 5	2	1	6	59310	37	0.91
A5	Sample 5	2	1	7	64300	36.96	0.90
A5	Sample 5	2	1	8	69300	36.96	0.91
A5	Sample 5	2	1	9	74310	36.96	0.90
A5	Sample 5	2	1	10	79300	37	0.90
A5	Sample 5	2	1	11	84320	36.96	0.90
A5	Sample 5	2	1	12	89300	36.96	0.91
A5	Sample 5	2	1	13	94300	36.96	0.91
A5	Sample 5	2	1	14	99310	36.96	0.90
A5	Sample 5	2	1	15	104310	37	0.91
A6	Sample 6	2	1	1	34320	36.91	0.94
A6	Sample 6	2	1	2	39320	36.96	0.93
A6	Sample 6	2	1	3	44310	36.96	0.92
A6	Sample 6	2	1	4	49300	37	0.92
A6	Sample 6	2	1	5	54300	37	0.92
A6	Sample 6	2	1	6	59310	37	0.92
A6	Sample 6	2	1	7	64300	36.96	0.91
A6	Sample 6	2	1	8	69300	36.96	0.92
A6	Sample 6	2	1	9	74310	36.96	0.92
A6	Sample 6	2	1	10	79300	37	0.92
A6	Sample 6	2	1	11	84320	36.96	0.92
A6	Sample 6	2	1	12	89300	36.96	0.92
A6	Sample 6	2	1	13	94300	36.96	0.91
A6	Sample 6	2	1	14	99310	36.96	0.91
A6	Sample 6	2	1	15	104310	37	0.91
A7	Sample 7	2	1	1	34320	36.91	0.98
A7	Sample 7	2	1	2	39320	36.96	0.97
A7	Sample 7	2	1	3	44310	36.96	0.96
A7	Sample 7	2	1	4	49300	37	0.97
A7	Sample 7	2	1	5	54300	37	0.96
A7	Sample 7	2	1	6	59310	37	0.96
A7	Sample 7	2	1	7	64300	36.96	0.95
A7	Sample 7	2	1	8	69300	36.96	0.95
A7	Sample 7	2	1	9	74310	36.96	0.95
A7	Sample 7	2	1	10	79300	37	0.95
A7	Sample 7	2	1	11	84320	36.96	0.96
A7	Sample 7	2	1	12	89300	36.96	0.95
A7	Sample 7	2	1	13	94300	36.96	0.95
A7	Sample 7	2	1	14	99310	36.96	0.95
A7	Sample 7	2	1	15	104310	37	0.95
A8	Sample 8	2	1	1	34320	36.91	0.93
A8	Sample 8	2	1	2	39320	36.96	0.92
A8	Sample 8	2	1	3	44310	36.96	0.91
A8	Sample 8	2	1	4	49300	37	0.91
A8	Sample 8	2	1	5	54300	37	0.90
A8	Sample 8	2	1	6	59310	37	0.91
A8	Sample 8	2	1	7	64300	36.96	0.90
A8	Sample 8	2	1	8	69300	36.96	0.91
A8	Sample 8	2	1	9	74310	36.96	0.91
A8	Sample 8	2	1	10	79300	37	0.90
A8	Sample 8	2	1	11	84320	36.96	0.91
A8	Sample 8	2	1	12	89300	36.96	0.90
A8	Sample 8	2	1	13	94300	36.96	0.90
A8	Sample 8	2	1	14	99310	36.96	0.90
A8	Sample 8	2	1	15	104310	37	0.90
A9	Sample 9	2	1	1	34320	36.91	0.68
A9	Sample 9	2	1	2	39320	36.96	0.67
A9	Sample 9	2	1	3	44310	36.96	0.67
A9	Sample 9	2	1	4	49300	37	0.67
A9	Sample 9	2	1	5	54300	37	0.66
A9	Sample 9	2	1	6	59310	37	0.66
A9	Sample 9	2	1	7	64300	36.96	0.66
A9	Sample 9	2	1	8	69300	36.96	0.66
A9	Sample 9	2	1	9	74310	36.96	0.66
A9	Sample 9	2	1	10	79300	37	0.66
A9	Sample 9	2	1	11	84320	36.96	0.66
A9	Sample 9	2	1	12	89300	36.96	0.66
A9	Sample 9	2	1	13	94300	36.96	0.66
A9	Sample 9	2	1	14	99310	36.96	0.66
A9	Sample 9	2	1	15	104310	37	0.66
A10	Sample 10	2	1	1	34320	36.91	0.66
A10	Sample 10	2	1	2	39320	36.96	0.66
A10	Sample 10	2	1	3	44310	36.96	0.66
A10	Sample 10	2	1	4	49300	37	0.66
A10	Sample 10	2	1	5	54300	37	0.65
A10	Sample 10	2	1	6	59310	37	0.66
A10	Sample 10	2	1	7	64300	36.96	0.65
A10	Sample 10	2	1	8	69300	36.96	0.66
A10	Sample 10	2	1	9	74310	36.96	0.66
A10	Sample 10	2	1	10	79300	37	0.65
A10	Sample 10	2	1	11	84320	36.96	0.65
A10	Sample 10	2	1	12	89300	36.96	0.65
A10	Sample 10	2	1	13	94300	36.96	0.66
A10	Sample 10	2	1	14	99310	36.96	0.65
A10	Sample 10	2	1	15	104310	37	0.65
A11	Sample 11	2	1	1	34320	36.91	0.62
A11	Sample 11	2	1	2	39320	36.96	0.62
A11	Sample 11	2	1	3	44310	36.96	0.61
A11	Sample 11	2	1	4	49300	37	0.64
A11	Sample 11	2	1	5	54300	37	0.63
A11	Sample 11	2	1	6	59310	37	0.66
A11	Sample 11	2	1	7	64300	36.96	0.66
A11	Sample 11	2	1	8	69300	36.96	0.67
A11	Sample 11	2	1	9	74310	36.96	0.68
A11	Sample 11	2	1	10	79300	37	0.68
A11	Sample 11	2	1	11	84320	36.96	0.68
A11	Sample 11	2	1	12	89300	36.96	0.68
A11	Sample 11	2	1	13	94300	36.96	0.68
A11	Sample 11	2	1	14	99310	36.96	0.67
A11	Sample 11	2	1	15	104310	37	0.68
A12	Sample 12	2	1	1	34320	36.91	0.60
A12	Sample 12	2	1	2	39320	36.96	0.60
A12	Sample 12	2	1	3	44310	36.96	0.60
A12	Sample 12	2	1	4	49300	37	0.61
A12	Sample 12	2	1	5	54300	37	0.60
A12	Sample 12	2	1	6	59310	37	0.61
A12	Sample 12	2	1	7	64300	36.96	0.61
A12	Sample 12	2	1	8	69300	36.96	0.61
A12	Sample 12	2	1	9	74310	36.96	0.60
A12	Sample 12	2	1	10	79300	37	0.60
A12	Sample 12	2	1	11	84320	36.96	0.61
A12	Sample 12	2	1	12	89300	36.96	0.61
A12	Sample 12	2	1	13	94300	36.96	0.60
A12	Sample 12	2	1	14	99310	36.96	0.60
A12	Sample 12	2	1	15	104310	37	0.61
B1	Sample 13	2	1	1	34320	36.91	1.37
B1	Sample 13	2	1	2	39320	36.96	1.36
B1	Sample 13	2	1	3	44310	36.96	1.35
B1	Sample 13	2	1	4	49300	37	1.34
B1	Sample 13	2	1	5	54300	37	1.34
B1	Sample 13	2	1	6	59310	37	1.34
B1	Sample 13	2	1	7	64300	36.96	1.33
B1	Sample 13	2	1	8	69300	36.96	1.33
B1	Sample 13	2	1	9	74310	36.96	1.33
B1	Sample 13	2	1	10	79300	37	1.32
B1	Sample 13	2	1	11	84320	36.96	1.32
B1	Sample 13	2	1	12	89300	36.96	1.32
B1	Sample 13	2	1	13	94300	36.96	1.32
B1	Sample 13	2	1	14	99310	36.96	1.33
B1	Sample 13	2	1	15	104310	37	1.32
B2	Sample 14	2	1	1	34320	36.91	1.36
B2	Sample 14	2	1	2	39320	36.96	1.35
B2	Sample 14	2	1	3	44310	36.96	1.33
B2	Sample 14	2	1	4	49300	37	1.33
B2	Sample 14	2	1	5	54300	37	1.33
B2	Sample 14	2	1	6	59310	37	1.32
B2	Sample 14	2	1	7	64300	36.96	1.32
B2	Sample 14	2	1	8	69300	36.96	1.32
B2	Sample 14	2	1	9	74310	36.96	1.32
B2	Sample 14	2	1	10	79300	37	1.33
B2	Sample 14	2	1	11	84320	36.96	1.33
B2	Sample 14	2	1	12	89300	36.96	1.32
B2	Sample 14	2	1	13	94300	36.96	1.33
B2	Sample 14	2	1	14	99310	36.96	1.33
B2	Sample 14	2	1	15	104310	37	1.33
B3	Sample 15	2	1	1	34320	36.91	1.46
B3	Sample 15	2	1	2	39320	36.96	1.45
B3	Sample 15	2	1	3	44310	36.96	1.43
B3	Sample 15	2	1	4	49300	37	1.43
B3	Sample 15	2	1	5	54300	37	1.43
B3	Sample 15	2	1	6	59310	37	1.42
B3	Sample 15	2	1	7	64300	36.96	1.42
B3	Sample 15	2	1	8	69300	36.96	1.42
B3	Sample 15	2	1	9	74310	36.96	1.41
B3	Sample 15	2	1	10	79300	37	1.42
B3	Sample 15	2	1	11	84320	36.96	1.42
B3	Sample 15	2	1	12	89300	36.96	1.42
B3	Sample 15	2	1	13	94300	36.96	1.42
B3	Sample 15	2	1	14	99310	36.96	1.42
B3	Sample 15	2	1	15	104310	37	1.42
B4	Sample 16	2	1	1	34320	36.91	1.48
B4	Sample 16	2	1	2	39320	36.96	1.46
B4	Sample 16	2	1	3	44310	36.96	1.46
B4	Sample 16	2	1	4	49300	37	1.45
B4	Sample 16	2	1	5	54300	37	1.45
B4	Sample 16	2	1	6	59310	37	1.45
B4	Sample 16	2	1	7	64300	36.96	1.44
B4	Sample 16	2	1	8	69300	36.96	1.44
B4	Sample 16	2	1	9	74310	36.96	1.44
B4	Sample 16	2	1	10	79300	37	1.44
B4	Sample 16	2	1	11	84320	36.96	1.44
B4	Sample 16	2	1	12	89300	36.96	1.45
B4	Sample 16	2	1	13	94300	36.96	1.45
B4	Sample 16	2	1	14	99310	36.96	1.44
B4	Sample 16	2	1	15	104310	37	1.44
B5	Sample 17	2	1	1	34320	36.91	0.86
B5	Sample 17	2	1	2	39320	36.96	0.86
B5	Sample 17	2	1	3	44310	36.96	0.85
B5	Sample 17	2	1	4	49300	37	0.85
B5	Sample 17	2	1	5	54300	37	0.85
B5	Sample 17	2	1	6	59310	37	0.85
B5	Sample 17	2	1	7	64300	36.96	0.84
B5	Sample 17	2	1	8	69300	36.96	0.85
B5	Sample 17	2	1	9	74310	36.96	0.85
B5	Sample 17	2	1	10	79300	37	0.84
B5	Sample 17	2	1	11	84320	36.96	0.85
B5	Sample 17	2	1	12	89300	36.96	0.85
B5	Sample 17	2	1	13	94300	36.96	0.85
B5	Sample 17	2	1	14	99310	36.96	0.85
B5	Sample 17	2	1	15	104310	37	0.85
B6	Sample 18	2	1	1	34320	36.91	0.87
B6	Sample 18	2	1	2	39320	36.96	0.85
B6	Sample 18	2	1	3	44310	36.96	0.85
B6	Sample 18	2	1	4	49300	37	0.85
B6	Sample 18	2	1	5	54300	37	0.85
B6	Sample 18	2	1	6	59310	37	0.85
B6	Sample 18	2	1	7	64300	36.96	0.84
B6	Sample 18	2	1	8	69300	36.96	0.85
B6	Sample 18	2	1	9	74310	36.96	0.85
B6	Sample 18	2	1	10	79300	37	0.84
B6	Sample 18	2	1	11	84320	36.96	0.84
B6	Sample 18	2	1	12	89300	36.96	0.85
B6	Sample 18	2	1	13	94300	36.96	0.85
B6	Sample 18	2	1	14	99310	36.96	0.85
B6	Sample 18	2	1	15	104310	37	0.85
B7	Sample 19	2	1	1	34320	36.91	0.92
B7	Sample 19	2	1	2	39320	36.96	0.91
B7	Sample 19	2	1	3	44310	36.96	0.91
B7	Sample 19	2	1	4	49300	37	0.90
B7	Sample 19	2	1	5	54300	37	0.90
B7	Sample 19	2	1	6	59310	37	0.90
B7	Sample 19	2	1	7	64300	36.96	0.89
B7	Sample 19	2	1	8	69300	36.96	0.90
B7	Sample 19	2	1	9	74310	36.96	0.90
B7	Sample 19	2	1	10	79300	37	0.90
B7	Sample 19	2	1	11	84320	36.96	0.90
B7	Sample 19	2	1	12	89300	36.96	0.90
B7	Sample 19	2	1	13	94300	36.96	0.90
B7	Sample 19	2	1	14	99310	36.96	0.90
B7	Sample 19	2	1	15	104310	37	0.90
B8	Sample 20	2	1	1	34320	36.91	0.85
B8	Sample 20	2	1	2	39320	36.96	0.83
B8	Sample 20	2	1	3	44310	36.96	0.84
B8	Sample 20	2	1	4	49300	37	0.84
B8	Sample 20	2	1	5	54300	37	0.84
B8	Sample 20	2	1	6	59310	37	0.83
B8	Sample 20	2	1	7	64300	36.96	0.83
B8	Sample 20	2	1	8	69300	36.96	0.83
B8	Sample 20	2	1	9	74310	36.96	0.83
B8	Sample 20	2	1	10	79300	37	0.83
B8	Sample 20	2	1	11	84320	36.96	0.83
B8	Sample 20	2	1	12	89300	36.96	0.83
B8	Sample 20	2	1	13	94300	36.96	0.83
B8	Sample 20	2	1	14	99310	36.96	0.84
B8	Sample 20	2	1	15	104310	37	0.84
B9	Sample 21	2	1	1	34320	36.91	0.63
B9	Sample 21	2	1	2	39320	36.96	0.62
B9	Sample 21	2	1	3	44310	36.96	0.62
B9	Sample 21	2	1	4	49300	37	0.62
B9	Sample 21	2	1	5	54300	37	0.62
B9	Sample 21	2	1	6	59310	37	0.62
B9	Sample 21	2	1	7	64300	36.96	0.62
B9	Sample 21	2	1	8	69300	36.96	0.62
B9	Sample 21	2	1	9	74310	36.96	0.62
B9	Sample 21	2	1	10	79300	37	0.62
B9	Sample 21	2	1	11	84320	36.96	0.63
B9	Sample 21	2	1	12	89300	36.96	0.63
B9	Sample 21	2	1	13	94300	36.96	0.63
B9	Sample 21	2	1	14	99310	36.96	0.63
B9	Sample 21	2	1	15	104310	37	0.62
B10	Sample 22	2	1	1	34320	36.91	0.62
B10	Sample 22	2	1	2	39320	36.96	0.61
B10	Sample 22	2	1	3	44310	36.96	0.61
B10	Sample 22	2	1	4	49300	37	0.61
B10	Sample 22	2	1	5	54300	37	0.60
B10	Sample 22	2	1	6	59310	37	0.60
B10	Sample 22	2	1	7	64300	36.96	0.60
B10	Sample 22	2	1	8	69300	36.96	0.60
B10	Sample 22	2	1	9	74310	36.96	0.60
B10	Sample 22	2	1	10	79300	37	0.60
B10	Sample 22	2	1	11	84320	36.96	0.60
B10	Sample 22	2	1	12	89300	36.96	0.61
B10	Sample 22	2	1	13	94300	36.96	0.60
B10	Sample 22	2	1	14	99310	36.96	0.61
B10	Sample 22	2	1	15	104310	37	0.60
B11	Sample 23	2	1	1	34320	36.91	0.69
B11	Sample 23	2	1	2	39320	36.96	0.69
B11	Sample 23	2	1	3	44310	36.96	0.69
B11	Sample 23	2	1	4	49300	37	0.68
B11	Sample 23	2	1	5	54300	37	0.68
B11	Sample 23	2	1	6	59310	37	0.68
B11	Sample 23	2	1	7	64300	36.96	0.68
B11	Sample 23	2	1	8	69300	36.96	0.68
B11	Sample 23	2	1	9	74310	36.96	0.68
B11	Sample 23	2	1	10	79300	37	0.68
B11	Sample 23	2	1	11	84320	36.96	0.68
B11	Sample 23	2	1	12	89300	36.96	0.68
B11	Sample 23	2	1	13	94300	36.96	0.68
B11	Sample 23	2	1	14	99310	36.96	0.69
B11	Sample 23	2	1	15	104310	37	0.68
B12	Sample 24	2	1	1	34320	36.91	0.64
B12	Sample 24	2	1	2	39320	36.96	0.63
B12	Sample 24	2	1	3	44310	36.96	0.63
B12	Sample 24	2	1	4	49300	37	0.63
B12	Sample 24	2	1	5	54300	37	0.63
B12	Sample 24	2	1	6	59310	37	0.63
B12	Sample 24	2	1	7	64300	36.96	0.63
B12	Sample 24	2	1	8	69300	36.96	0.62
B12	Sample 24	2	1	9	74310	36.96	0.63
B12	Sample 24	2	1	10	79300	37	0.63
B12	Sample 24	2	1	11	84320	36.96	0.63
B12	Sample 24	2	1	12	89300	36.96	0.63
B12	Sample 24	2	1	13	94300	36.96	0.62
B12	Sample 24	2	1	14	99310	36.96	0.63
B12	Sample 24	2	1	15	104310	37	0.62
C1	Sample 25	2	1	1	34320	36.91	1.37
C1	Sample 25	2	1	2	39320	36.96	1.36
C1	Sample 25	2	1	3	44310	36.96	1.36
C1	Sample 25	2	1	4	49300	37	1.36
C1	Sample 25	2	1	5	54300	37	1.35
C1	Sample 25	2	1	6	59310	37	1.34
C1	Sample 25	2	1	7	64300	36.96	1.35
C1	Sample 25	2	1	8	69300	36.96	1.34
C1	Sample 25	2	1	9	74310	36.96	1.33
C1	Sample 25	2	1	10	79300	37	1.33
C1	Sample 25	2	1	11	84320	36.96	1.34
C1	Sample 25	2	1	12	89300	36.96	1.34
C1	Sample 25	2	1	13	94300	36.96	1.33
C1	Sample 25	2	1	14	99310	36.96	1.34
C1	Sample 25	2	1	15	104310	37	1.33
C2	Sample 26	2	1	1	34320	36.91	1.38
C2	Sample 26	2	1	2	39320	36.96	1.37
C2	Sample 26	2	1	3	44310	36.96	1.36
C2	Sample 26	2	1	4	49300	37	1.35
C2	Sample 26	2	1	5	54300	37	1.35
C2	Sample 26	2	1	6	59310	37	1.34
C2	Sample 26	2	1	7	64300	36.96	1.34
C2	Sample 26	2	1	8	69300	36.96	1.34
C2	Sample 26	2	1	9	74310	36.96	1.34
C2	Sample 26	2	1	10	79300	37	1.33
C2	Sample 26	2	1	11	84320	36.96	1.34
C2	Sample 26	2	1	12	89300	36.96	1.35
C2	Sample 26	2	1	13	94300	36.96	1.34
C2	Sample 26	2	1	14	99310	36.96	1.34
C2	Sample 26	2	1	15	104310	37	1.33
C3	Sample 27	2	1	1	34320	36.91	1.44
C3	Sample 27	2	1	2	39320	36.96	1.43
C3	Sample 27	2	1	3	44310	36.96	1.43
C3	Sample 27	2	1	4	49300	37	1.42
C3	Sample 27	2	1	5	54300	37	1.41
C3	Sample 27	2	1	6	59310	37	1.41
C3	Sample 27	2	1	7	64300	36.96	1.41
C3	Sample 27	2	1	8	69300	36.96	1.42
C3	Sample 27	2	1	9	74310	36.96	1.41
C3	Sample 27	2	1	10	79300	37	1.41
C3	Sample 27	2	1	11	84320	36.96	1.42
C3	Sample 27	2	1	12	89300	36.96	1.42
C3	Sample 27	2	1	13	94300	36.96	1.41
C3	Sample 27	2	1	14	99310	36.96	1.42
C3	Sample 27	2	1	15	104310	37	1.42
C4	Sample 28	2	1	1	34320	36.91	1.45
C4	Sample 28	2	1	2	39320	36.96	1.44
C4	Sample 28	2	1	3	44310	36.96	1.43
C4	Sample 28	2	1	4	49300	37	1.43
C4	Sample 28	2	1	5	54300	37	1.42
C4	Sample 28	2	1	6	59310	37	1.42
C4	Sample 28	2	1	7	64300	36.96	1.42
C4	Sample 28	2	1	8	69300	36.96	1.42
C4	Sample 28	2	1	9	74310	36.96	1.42
C4	Sample 28	2	1	10	79300	37	1.42
C4	Sample 28	2	1	11	84320	36.96	1.42
C4	Sample 28	2	1	12	89300	36.96	1.42
C4	Sample 28	2	1	13	94300	36.96	1.42
C4	Sample 28	2	1	14	99310	36.96	1.42
C4	Sample 28	2	1	15	104310	37	1.42
C5	Sample 29	2	1	1	34320	36.91	0.85
C5	Sample 29	2	1	2	39320	36.96	0.85
C5	Sample 29	2	1	3	44310	36.96	0.85
C5	Sample 29	2	1	4	49300	37	0.84
C5	Sample 29	2	1	5	54300	37	0.84
C5	Sample 29	2	1	6	59310	37	0.83
C5	Sample 29	2	1	7	64300	36.96	0.84
C5	Sample 29	2	1	8	69300	36.96	0.84
C5	Sample 29	2	1	9	74310	36.96	0.83
C5	Sample 29	2	1	10	79300	37	0.83
C5	Sample 29	2	1	11	84320	36.96	0.83
C5	Sample 29	2	1	12	89300	36.96	0.83
C5	Sample 29	2	1	13	94300	36.96	0.83
C5	Sample 29	2	1	14	99310	36.96	0.84
C5	Sample 29	2	1	15	104310	37	0.82
C6	Sample 30	2	1	1	34320	36.91	0.89
C6	Sample 30	2	1	2	39320	36.96	0.88
C6	Sample 30	2	1	3	44310	36.96	0.88
C6	Sample 30	2	1	4	49300	37	0.87
C6	Sample 30	2	1	5	54300	37	0.87
C6	Sample 30	2	1	6	59310	37	0.87
C6	Sample 30	2	1	7	64300	36.96	0.87
C6	Sample 30	2	1	8	69300	36.96	0.87
C6	Sample 30	2	1	9	74310	36.96	0.87
C6	Sample 30	2	1	10	79300	37	0.87
C6	Sample 30	2	1	11	84320	36.96	0.87
C6	Sample 30	2	1	12	89300	36.96	0.88
C6	Sample 30	2	1	13	94300	36.96	0.88
C6	Sample 30	2	1	14	99310	36.96	0.88
C6	Sample 30	2	1	15	104310	37	0.87
C7	Sample 31	2	1	1	34320	36.91	0.94
C7	Sample 31	2	1	2	39320	36.96	0.94
C7	Sample 31	2	1	3	44310	36.96	0.93
C7	Sample 31	2	1	4	49300	37	0.92
C7	Sample 31	2	1	5	54300	37	0.92
C7	Sample 31	2	1	6	59310	37	0.92
C7	Sample 31	2	1	7	64300	36.96	0.92
C7	Sample 31	2	1	8	69300	36.96	0.92
C7	Sample 31	2	1	9	74310	36.96	0.92
C7	Sample 31	2	1	10	79300	37	0.92
C7	Sample 31	2	1	11	84320	36.96	0.93
C7	Sample 31	2	1	12	89300	36.96	0.93
C7	Sample 31	2	1	13	94300	36.96	0.92
C7	Sample 31	2	1	14	99310	36.96	0.93
C7	Sample 31	2	1	15	104310	37	0.92
C8	Sample 32	2	1	1	34320	36.91	0.85
C8	Sample 32	2	1	2	39320	36.96	0.85
C8	Sample 32	2	1	3	44310	36.96	0.85
C8	Sample 32	2	1	4	49300	37	0.85
C8	Sample 32	2	1	5	54300	37	0.84
C8	Sample 32	2	1	6	59310	37	0.84
C8	Sample 32	2	1	7	64300	36.96	0.84
C8	Sample 32	2	1	8	69300	36.96	0.85
C8	Sample 32	2	1	9	74310	36.96	0.85
C8	Sample 32	2	1	10	79300	37	0.84
C8	Sample 32	2	1	11	84320	36.96	0.85
C8	Sample 32	2	1	12	89300	36.96	0.85
C8	Sample 32	2	1	13	94300	36.96	0.84
C8	Sample 32	2	1	14	99310	36.96	0.85
C8	Sample 32	2	1	15	104310	37	0.85
C9	Sample 33	2	1	1	34320	36.91	0.62
C9	Sample 33	2	1	2	39320	36.96	0.63
C9	Sample 33	2	1	3	44310	36.96	0.63
C9	Sample 33	2	1	4	49300	37	0.63
C9	Sample 33	2	1	5	54300	37	0.63
C9	Sample 33	2	1	6	59310	37	0.64
C9	Sample 33	2	1	7	64300	36.96	0.63
C9	Sample 33	2	1	8	69300	36.96	0.64
C9	Sample 33	2	1	9	74310	36.96	0.64
C9	Sample 33	2	1	10	79300	37	0.64
C9	Sample 33	2	1	11	84320	36.96	0.63
C9	Sample 33	2	1	12	89300	36.96	0.64
C9	Sample 33	2	1	13	94300	36.96	0.63
C9	Sample 33	2	1	14	99310	36.96	0.64
C9	Sample 33	2	1	15	104310	37	0.63
C10	Sample 34	2	1	1	34320	36.91	0.64
C10	Sample 34	2	1	2	39320	36.96	0.63
C10	Sample 34	2	1	3	44310	36.96	0.63
C10	Sample 34	2	1	4	49300	37	0.62
C10	Sample 34	2	1	5	54300	37	0.61
C10	Sample 34	2	1	6	59310	37	0.62
C10	Sample 34	2	1	7	64300	36.96	0.62
C10	Sample 34	2	1	8	69300	36.96	0.62
C10	Sample 34	2	1	9	74310	36.96	0.61
C10	Sample 34	2	1	10	79300	37	0.61
C10	Sample 34	2	1	11	84320	36.96	0.61
C10	Sample 34	2	1	12	89300	36.96	0.62
C10	Sample 34	2	1	13	94300	36.96	0.62
C10	Sample 34	2	1	14	99310	36.96	0.62
C10	Sample 34	2	1	15	104310	37	0.62
C11	Sample 35	2	1	1	34320	36.91	0.69
C11	Sample 35	2	1	2	39320	36.96	0.68
C11	Sample 35	2	1	3	44310	36.96	0.68
C11	Sample 35	2	1	4	49300	37	0.67
C11	Sample 35	2	1	5	54300	37	0.67
C11	Sample 35	2	1	6	59310	37	0.67
C11	Sample 35	2	1	7	64300	36.96	0.67
C11	Sample 35	2	1	8	69300	36.96	0.67
C11	Sample 35	2	1	9	74310	36.96	0.67
C11	Sample 35	2	1	10	79300	37	0.67
C11	Sample 35	2	1	11	84320	36.96	0.67
C11	Sample 35	2	1	12	89300	36.96	0.68
C11	Sample 35	2	1	13	94300	36.96	0.67
C11	Sample 35	2	1	14	99310	36.96	0.68
C11	Sample 35	2	1	15	104310	37	0.67
C12	Sample 36	2	1	1	34320	36.91	0.66
C12	Sample 36	2	1	2	39320	36.96	0.65
C12	Sample 36	2	1	3	44310	36.96	0.65
C12	Sample 36	2	1	4	49300	37	0.65
C12	Sample 36	2	1	5	54300	37	0.64
C12	Sample 36	2	1	6	59310	37	0.65
C12	Sample 36	2	1	7	64300	36.96	0.65
C12	Sample 36	2	1	8	69300	36.96	0.65
C12	Sample 36	2	1	9	74310	36.96	0.64
C12	Sample 36	2	1	10	79300	37	0.65
C12	Sample 36	2	1	11	84320	36.96	0.65
C12	Sample 36	2	1	12	89300	36.96	0.65
C12	Sample 36	2	1	13	94300	36.96	0.64
C12	Sample 36	2	1	14	99310	36.96	0.65
C12	Sample 36	2	1	15	104310	37	0.64
D1	Sample 37	2	1	1	34320	36.91	1.42
D1	Sample 37	2	1	2	39320	36.96	1.42
D1	Sample 37	2	1	3	44310	36.96	1.41
D1	Sample 37	2	1	4	49300	37	1.40
D1	Sample 37	2	1	5	54300	37	1.40
D1	Sample 37	2	1	6	59310	37	1.39
D1	Sample 37	2	1	7	64300	36.96	1.39
D1	Sample 37	2	1	8	69300	36.96	1.39
D1	Sample 37	2	1	9	74310	36.96	1.38
D1	Sample 37	2	1	10	79300	37	1.38
D1	Sample 37	2	1	11	84320	36.96	1.38
D1	Sample 37	2	1	12	89300	36.96	1.39
D1	Sample 37	2	1	13	94300	36.96	1.39
D1	Sample 37	2	1	14	99310	36.96	1.38
D1	Sample 37	2	1	15	104310	37	1.38
D2	Sample 38	2	1	1	34320	36.91	1.41
D2	Sample 38	2	1	2	39320	36.96	1.40
D2	Sample 38	2	1	3	44310	36.96	1.39
D2	Sample 38	2	1	4	49300	37	1.39
D2	Sample 38	2	1	5	54300	37	1.38
D2	Sample 38	2	1	6	59310	37	1.37
D2	Sample 38	2	1	7	64300	36.96	1.36
D2	Sample 38	2	1	8	69300	36.96	1.37
D2	Sample 38	2	1	9	74310	36.96	1.37
D2	Sample 38	2	1	10	79300	37	1.37
D2	Sample 38	2	1	11	84320	36.96	1.37
D2	Sample 38	2	1	12	89300	36.96	1.37
D2	Sample 38	2	1	13	94300	36.96	1.37
D2	Sample 38	2	1	14	99310	36.96	1.38
D2	Sample 38	2	1	15	104310	37	1.37
D3	Sample 39	2	1	1	34320	36.91	1.42
D3	Sample 39	2	1	2	39320	36.96	1.42
D3	Sample 39	2	1	3	44310	36.96	1.41
D3	Sample 39	2	1	4	49300	37	1.41
D3	Sample 39	2	1	5	54300	37	1.40
D3	Sample 39	2	1	6	59310	37	1.40
D3	Sample 39	2	1	7	64300	36.96	1.39
D3	Sample 39	2	1	8	69300	36.96	1.39
D3	Sample 39	2	1	9	74310	36.96	1.39
D3	Sample 39	2	1	10	79300	37	1.39
D3	Sample 39	2	1	11	84320	36.96	1.39
D3	Sample 39	2	1	12	89300	36.96	1.39
D3	Sample 39	2	1	13	94300	36.96	1.39
D3	Sample 39	2	1	14	99310	36.96	1.39
D3	Sample 39	2	1	15	104310	37	1.39
D4	Sample 40	2	1	1	34320	36.91	1.43
D4	Sample 40	2	1	2	39320	36.96	1.42
D4	Sample 40	2	1	3	44310	36.96	1.41
D4	Sample 40	2	1	4	49300	37	1.41
D4	Sample 40	2	1	5	54300	37	1.39
D4	Sample 40	2	1	6	59310	37	1.39
D4	Sample 40	2	1	7	64300	36.96	1.38
D4	Sample 40	2	1	8	69300	36.96	1.38
D4	Sample 40	2	1	9	74310	36.96	1.38
D4	Sample 40	2	1	10	79300	37	1.38
D4	Sample 40	2	1	11	84320	36.96	1.38
D4	Sample 40	2	1	12	89300	36.96	1.39
D4	Sample 40	2	1	13	94300	36.96	1.38
D4	Sample 40	2	1	14	99310	36.96	1.38
D4	Sample 40	2	1	15	104310	37	1.38
D5	Sample 41	2	1	1	34320	36.91	0.83
D5	Sample 41	2	1	2	39320	36.96	0.83
D5	Sample 41	2	1	3	44310	36.96	0.83
D5	Sample 41	2	1	4	49300	37	0.83
D5	Sample 41	2	1	5	54300	37	0.82
D5	Sample 41	2	1	6	59310	37	0.82
D5	Sample 41	2	1	7	64300	36.96	0.81
D5	Sample 41	2	1	8	69300	36.96	0.81
D5	Sample 41	2	1	9	74310	36.96	0.81
D5	Sample 41	2	1	10	79300	37	0.81
D5	Sample 41	2	1	11	84320	36.96	0.81
D5	Sample 41	2	1	12	89300	36.96	0.82
D5	Sample 41	2	1	13	94300	36.96	0.81
D5	Sample 41	2	1	14	99310	36.96	0.82
D5	Sample 41	2	1	15	104310	37	0.82
D6	Sample 42	2	1	1	34320	36.91	0.84
D6	Sample 42	2	1	2	39320	36.96	0.83
D6	Sample 42	2	1	3	44310	36.96	0.82
D6	Sample 42	2	1	4	49300	37	0.83
D6	Sample 42	2	1	5	54300	37	0.82
D6	Sample 42	2	1	6	59310	37	0.82
D6	Sample 42	2	1	7	64300	36.96	0.81
D6	Sample 42	2	1	8	69300	36.96	0.82
D6	Sample 42	2	1	9	74310	36.96	0.82
D6	Sample 42	2	1	10	79300	37	0.82
D6	Sample 42	2	1	11	84320	36.96	0.82
D6	Sample 42	2	1	12	89300	36.96	0.82
D6	Sample 42	2	1	13	94300	36.96	0.82
D6	Sample 42	2	1	14	99310	36.96	0.82
D6	Sample 42	2	1	15	104310	37	0.82
D7	Sample 43	2	1	1	34320	36.91	0.90
D7	Sample 43	2	1	2	39320	36.96	0.89
D7	Sample 43	2	1	3	44310	36.96	0.89
D7	Sample 43	2	1	4	49300	37	0.89
D7	Sample 43	2	1	5	54300	37	0.88
D7	Sample 43	2	1	6	59310	37	0.89
D7	Sample 43	2	1	7	64300	36.96	0.88
D7	Sample 43	2	1	8	69300	36.96	0.88
D7	Sample 43	2	1	9	74310	36.96	0.87
D7	Sample 43	2	1	10	79300	37	0.87
D7	Sample 43	2	1	11	84320	36.96	0.88
D7	Sample 43	2	1	12	89300	36.96	0.89
D7	Sample 43	2	1	13	94300	36.96	0.88
D7	Sample 43	2	1	14	99310	36.96	0.88
D7	Sample 43	2	1	15	104310	37	0.88
D8	Sample 44	2	1	1	34320	36.91	0.85
D8	Sample 44	2	1	2	39320	36.96	0.85
D8	Sample 44	2	1	3	44310	36.96	0.85
D8	Sample 44	2	1	4	49300	37	0.85
D8	Sample 44	2	1	5	54300	37	0.84
D8	Sample 44	2	1	6	59310	37	0.85
D8	Sample 44	2	1	7	64300	36.96	0.84
D8	Sample 44	2	1	8	69300	36.96	0.84
D8	Sample 44	2	1	9	74310	36.96	0.84
D8	Sample 44	2	1	10	79300	37	0.84
D8	Sample 44	2	1	11	84320	36.96	0.85
D8	Sample 44	2	1	12	89300	36.96	0.85
D8	Sample 44	2	1	13	94300	36.96	0.85
D8	Sample 44	2	1	14	99310	36.96	0.85
D8	Sample 44	2	1	15	104310	37	0.85
D9	Sample 45	2	1	1	34320	36.91	0.61
D9	Sample 45	2	1	2	39320	36.96	0.62
D9	Sample 45	2	1	3	44310	36.96	0.63
D9	Sample 45	2	1	4	49300	37	0.64
D9	Sample 45	2	1	5	54300	37	0.64
D9	Sample 45	2	1	6	59310	37	0.64
D9	Sample 45	2	1	7	64300	36.96	0.64
D9	Sample 45	2	1	8	69300	36.96	0.64
D9	Sample 45	2	1	9	74310	36.96	0.64
D9	Sample 45	2	1	10	79300	37	0.64
D9	Sample 45	2	1	11	84320	36.96	0.64
D9	Sample 45	2	1	12	89300	36.96	0.64
D9	Sample 45	2	1	13	94300	36.96	0.64
D9	Sample 45	2	1	14	99310	36.96	0.64
D9	Sample 45	2	1	15	104310	37	0.64
D10	Sample 46	2	1	1	34320	36.91	0.63
D10	Sample 46	2	1	2	39320	36.96	0.63
D10	Sample 46	2	1	3	44310	36.96	0.62
D10	Sample 46	2	1	4	49300	37	0.62
D10	Sample 46	2	1	5	54300	37	0.62
D10	Sample 46	2	1	6	59310	37	0.61
D10	Sample 46	2	1	7	64300	36.96	0.62
D10	Sample 46	2	1	8	69300	36.96	0.61
D10	Sample 46	2	1	9	74310	36.96	0.61
D10	Sample 46	2	1	10	79300	37	0.61
D10	Sample 46	2	1	11	84320	36.96	0.61
D10	Sample 46	2	1	12	89300	36.96	0.61
D10	Sample 46	2	1	13	94300	36.96	0.61
D10	Sample 46	2	1	14	99310	36.96	0.61
D10	Sample 46	2	1	15	104310	37	0.61
D11	Sample 47	2	1	1	34320	36.91	1.64
D11	Sample 47	2	1	2	39320	36.96	1.62
D11	Sample 47	2	1	3	44310	36.96	1.61
D11	Sample 47	2	1	4	49300	37	1.62
D11	Sample 47	2	1	5	54300	37	1.61
D11	Sample 47	2	1	6	59310	37	1.61
D11	Sample 47	2	1	7	64300	36.96	1.61
D11	Sample 47	2	1	8	69300	36.96	1.61
D11	Sample 47	2	1	9	74310	36.96	1.61
D11	Sample 47	2	1	10	79300	37	1.61
D11	Sample 47	2	1	11	84320	36.96	1.61
D11	Sample 47	2	1	12	89300	36.96	1.62
D11	Sample 47	2	1	13	94300	36.96	1.61
D11	Sample 47	2	1	14	99310	36.96	1.62
D11	Sample 47	2	1	15	104310	37	1.61
D12	Sample 48	2	1	1	34320	36.91	1.38
D12	Sample 48	2	1	2	39320	36.96	1.40
D12	Sample 48	2	1	3	44310	36.96	1.42
D12	Sample 48	2	1	4	49300	37	1.44
D12	Sample 48	2	1	5	54300	37	1.44
D12	Sample 48	2	1	6	59310	37	1.44
D12	Sample 48	2	1	7	64300	36.96	1.44
D12	Sample 48	2	1	8	69300	36.96	1.44
D12	Sample 48	2	1	9	74310	36.96	1.44
D12	Sample 48	2	1	10	79300	37	1.45
D12	Sample 48	2	1	11	84320	36.96	1.44
D12	Sample 48	2	1	12	89300	36.96	1.45
D12	Sample 48	2	1	13	94300	36.96	1.44
D12	Sample 48	2	1	14	99310	36.96	1.45
D12	Sample 48	2	1	15	104310	37	1.44
E1	Sample 49	2	1	1	34320	36.91	1.49
E1	Sample 49	2	1	2	39320	36.96	1.48
E1	Sample 49	2	1	3	44310	36.96	1.48
E1	Sample 49	2	1	4	49300	37	1.47
E1	Sample 49	2	1	5	54300	37	1.47
E1	Sample 49	2	1	6	59310	37	1.47
E1	Sample 49	2	1	7	64300	36.96	1.46
E1	Sample 49	2	1	8	69300	36.96	1.47
E1	Sample 49	2	1	9	74310	36.96	1.46
E1	Sample 49	2	1	10	79300	37	1.46
E1	Sample 49	2	1	11	84320	36.96	1.46
E1	Sample 49	2	1	12	89300	36.96	1.46
E1	Sample 49	2	1	13	94300	36.96	1.46
E1	Sample 49	2	1	14	99310	36.96	1.46
E1	Sample 49	2	1	15	104310	37	1.46
E2	Sample 50	2	1	1	34320	36.91	1.45
E2	Sample 50	2	1	2	39320	36.96	1.44
E2	Sample 50	2	1	3	44310	36.96	1.43
E2	Sample 50	2	1	4	49300	37	1.42
E2	Sample 50	2	1	5	54300	37	1.41
E2	Sample 50	2	1	6	59310	37	1.41
E2	Sample 50	2	1	7	64300	36.96	1.40
E2	Sample 50	2	1	8	69300	36.96	1.41
E2	Sample 50	2	1	9	74310	36.96	1.41
E2	Sample 50	2	1	10	79300	37	1.40
E2	Sample 50	2	1	11	84320	36.96	1.41
E2	Sample 50	2	1	12	89300	36.96	1.41
E2	Sample 50	2	1	13	94300	36.96	1.41
E2	Sample 50	2	1	14	99310	36.96	1.42
E2	Sample 50	2	1	15	104310	37	1.42
E3	Sample 51	2	1	1	34320	36.91	1.75
E3	Sample 51	2	1	2	39320	36.96	1.73
E3	Sample 51	2	1	3	44310	36.96	1.73
E3	Sample 51	2	1	4	49300	37	1.72
E3	Sample 51	2	1	5	54300	37	1.71
E3	Sample 51	2	1	6	59310	37	1.71
E3	Sample 51	2	1	7	64300	36.96	1.71
E3	Sample 51	2	1	8	69300	36.96	1.70
E3	Sample 51	2	1	9	74310	36.96	1.70
E3	Sample 51	2	1	10	79300	37	1.70
E3	Sample 51	2	1	11	84320	36.96	1.71
E3	Sample 51	2	1	12	89300	36.96	1.71
E3	Sample 51	2	1	13	94300	36.96	1.70
E3	Sample 51	2	1	14	99310	36.96	1.71
E3	Sample 51	2	1	15	104310	37	1.70
E4	Sample 52	2	1	1	34320	36.91	1.72
E4	Sample 52	2	1	2	39320	36.96	1.72
E4	Sample 52	2	1	3	44310	36.96	1.70
E4	Sample 52	2	1	4	49300	37	1.69
E4	Sample 52	2	1	5	54300	37	1.68
E4	Sample 52	2	1	6	59310	37	1.68
E4	Sample 52	2	1	7	64300	36.96	1.67
E4	Sample 52	2	1	8	69300	36.96	1.67
E4	Sample 52	2	1	9	74310	36.96	1.67
E4	Sample 52	2	1	10	79300	37	1.67
E4	Sample 52	2	1	11	84320	36.96	1.68
E4	Sample 52	2	1	12	89300	36.96	1.67
E4	Sample 52	2	1	13	94300	36.96	1.67
E4	Sample 52	2	1	14	99310	36.96	1.67
E4	Sample 52	2	1	15	104310	37	1.67
E5	Sample 53	2	1	1	34320	36.91	0.95
E5	Sample 53	2	1	2	39320	36.96	0.95
E5	Sample 53	2	1	3	44310	36.96	0.94
E5	Sample 53	2	1	4	49300	37	0.94
E5	Sample 53	2	1	5	54300	37	0.93
E5	Sample 53	2	1	6	59310	37	0.93
E5	Sample 53	2	1	7	64300	36.96	0.92
E5	Sample 53	2	1	8	69300	36.96	0.93
E5	Sample 53	2	1	9	74310	36.96	0.94
E5	Sample 53	2	1	10	79300	37	0.93
E5	Sample 53	2	1	11	84320	36.96	0.93
E5	Sample 53	2	1	12	89300	36.96	0.94
E5	Sample 53	2	1	13	94300	36.96	0.94
E5	Sample 53	2	1	14	99310	36.96	0.93
E5	Sample 53	2	1	15	104310	37	0.94
E6	Sample 54	2	1	1	34320	36.91	0.88
E6	Sample 54	2	1	2	39320	36.96	0.89
E6	Sample 54	2	1	3	44310	36.96	0.89
E6	Sample 54	2	1	4	49300	37	0.90
E6	Sample 54	2	1	5	54300	37	0.89
E6	Sample 54	2	1	6	59310	37	0.90
E6	Sample 54	2	1	7	64300	36.96	0.90
E6	Sample 54	2	1	8	69300	36.96	0.90
E6	Sample 54	2	1	9	74310	36.96	0.90
E6	Sample 54	2	1	10	79300	37	0.90
E6	Sample 54	2	1	11	84320	36.96	0.90
E6	Sample 54	2	1	12	89300	36.96	0.90
E6	Sample 54	2	1	13	94300	36.96	0.90
E6	Sample 54	2	1	14	99310	36.96	0.90
E6	Sample 54	2	1	15	104310	37	0.91
E7	Sample 55	2	1	1	34320	36.91	1.18
E7	Sample 55	2	1	2	39320	36.96	1.17
E7	Sample 55	2	1	3	44310	36.96	1.17
E7	Sample 55	2	1	4	49300	37	1.17
E7	Sample 55	2	1	5	54300	37	1.16
E7	Sample 55	2	1	6	59310	37	1.15
E7	Sample 55	2	1	7	64300	36.96	1.16
E7	Sample 55	2	1	8	69300	36.96	1.15
E7	Sample 55	2	1	9	74310	36.96	1.15
E7	Sample 55	2	1	10	79300	37	1.15
E7	Sample 55	2	1	11	84320	36.96	1.15
E7	Sample 55	2	1	12	89300	36.96	1.15
E7	Sample 55	2	1	13	94300	36.96	1.16
E7	Sample 55	2	1	14	99310	36.96	1.16
E7	Sample 55	2	1	15	104310	37	1.16
E8	Sample 56	2	1	1	34320	36.91	1.07
E8	Sample 56	2	1	2	39320	36.96	1.08
E8	Sample 56	2	1	3	44310	36.96	1.07
E8	Sample 56	2	1	4	49300	37	1.07
E8	Sample 56	2	1	5	54300	37	1.07
E8	Sample 56	2	1	6	59310	37	1.07
E8	Sample 56	2	1	7	64300	36.96	1.07
E8	Sample 56	2	1	8	69300	36.96	1.07
E8	Sample 56	2	1	9	74310	36.96	1.07
E8	Sample 56	2	1	10	79300	37	1.07
E8	Sample 56	2	1	11	84320	36.96	1.07
E8	Sample 56	2	1	12	89300	36.96	1.07
E8	Sample 56	2	1	13	94300	36.96	1.07
E8	Sample 56	2	1	14	99310	36.96	1.07
E8	Sample 56	2	1	15	104310	37	1.08
E9	Sample 57	2	1	1	34320	36.91	0.71
E9	Sample 57	2	1	2	39320	36.96	0.72
E9	Sample 57	2	1	3	44310	36.96	0.73
E9	Sample 57	2	1	4	49300	37	0.73
E9	Sample 57	2	1	5	54300	37	0.73
E9	Sample 57	2	1	6	59310	37	0.74
E9	Sample 57	2	1	7	64300	36.96	0.73
E9	Sample 57	2	1	8	69300	36.96	0.73
E9	Sample 57	2	1	9	74310	36.96	0.73
E9	Sample 57	2	1	10	79300	37	0.73
E9	Sample 57	2	1	11	84320	36.96	0.73
E9	Sample 57	2	1	12	89300	36.96	0.73
E9	Sample 57	2	1	13	94300	36.96	0.73
E9	Sample 57	2	1	14	99310	36.96	0.73
E9	Sample 57	2	1	15	104310	37	0.73
E10	Sample 58	2	1	1	34320	36.91	0.77
E10	Sample 58	2	1	2	39320	36.96	0.76
E10	Sample 58	2	1	3	44310	36.96	0.76
E10	Sample 58	2	1	4	49300	37	0.76
E10	Sample 58	2	1	5	54300	37	0.75
E10	Sample 58	2	1	6	59310	37	0.75
E10	Sample 58	2	1	7	64300	36.96	0.75
E10	Sample 58	2	1	8	69300	36.96	0.75
E10	Sample 58	2	1	9	74310	36.96	0.75
E10	Sample 58	2	1	10	79300	37	0.75
E10	Sample 58	2	1	11	84320	36.96	0.75
E10	Sample 58	2	1	12	89300	36.96	0.75
E10	Sample 58	2	1	13	94300	36.96	0.74
E10	Sample 58	2	1	14	99310	36.96	0.75
E10	Sample 58	2	1	15	104310	37	0.75
E11	Sample 59	2	1	1	34320	36.91	1.92
E11	Sample 59	2	1	2	39320	36.96	1.95
E11	Sample 59	2	1	3	44310	36.96	1.96
E11	Sample 59	2	1	4	49300	37	1.96
E11	Sample 59	2	1	5	54300	37	1.97
E11	Sample 59	2	1	6	59310	37	1.97
E11	Sample 59	2	1	7	64300	36.96	1.97
E11	Sample 59	2	1	8	69300	36.96	1.96
E11	Sample 59	2	1	9	74310	36.96	1.97
E11	Sample 59	2	1	10	79300	37	1.97
E11	Sample 59	2	1	11	84320	36.96	1.97
E11	Sample 59	2	1	12	89300	36.96	1.98
E11	Sample 59	2	1	13	94300	36.96	1.98
E11	Sample 59	2	1	14	99310	36.96	1.97
E11	Sample 59	2	1	15	104310	37	1.97
E12	Sample 60	2	1	1	34320	36.91	1.87
E12	Sample 60	2	1	2	39320	36.96	1.87
E12	Sample 60	2	1	3	44310	36.96	1.87
E12	Sample 60	2	1	4	49300	37	1.86
E12	Sample 60	2	1	5	54300	37	1.84
E12	Sample 60	2	1	6	59310	37	1.84
E12	Sample 60	2	1	7	64300	36.96	1.84
E12	Sample 60	2	1	8	69300	36.96	1.83
E12	Sample 60	2	1	9	74310	36.96	1.83
E12	Sample 60	2	1	10	79300	37	1.83
E12	Sample 60	2	1	11	84320	36.96	1.83
E12	Sample 60	2	1	12	89300	36.96	1.83
E12	Sample 60	2	1	13	94300	36.96	1.83
E12	Sample 60	2	1	14	99310	36.96	1.83
E12	Sample 60	2	1	15	104310	37	1.84
F1	Sample 61	2	1	1	34320	36.91	1.69
F1	Sample 61	2	1	2	39320	36.96	1.69
F1	Sample 61	2	1	3	44310	36.96	1.68
F1	Sample 61	2	1	4	49300	37	1.68
F1	Sample 61	2	1	5	54300	37	1.67
F1	Sample 61	2	1	6	59310	37	1.67
F1	Sample 61	2	1	7	64300	36.96	1.67
F1	Sample 61	2	1	8	69300	36.96	1.66
F1	Sample 61	2	1	9	74310	36.96	1.66
F1	Sample 61	2	1	10	79300	37	1.66
F1	Sample 61	2	1	11	84320	36.96	1.66
F1	Sample 61	2	1	12	89300	36.96	1.66
F1	Sample 61	2	1	13	94300	36.96	1.65
F1	Sample 61	2	1	14	99310	36.96	1.65
F1	Sample 61	2	1	15	104310	37	1.65
F2	Sample 62	2	1	1	34320	36.91	1.69
F2	Sample 62	2	1	2	39320	36.96	1.68
F2	Sample 62	2	1	3	44310	36.96	1.67
F2	Sample 62	2	1	4	49300	37	1.67
F2	Sample 62	2	1	5	54300	37	1.67
F2	Sample 62	2	1	6	59310	37	1.66
F2	Sample 62	2	1	7	64300	36.96	1.67
F2	Sample 62	2	1	8	69300	36.96	1.66
F2	Sample 62	2	1	9	74310	36.96	1.65
F2	Sample 62	2	1	10	79300	37	1.65
F2	Sample 62	2	1	11	84320	36.96	1.66
F2	Sample 62	2	1	12	89300	36.96	1.67
F2	Sample 62	2	1	13	94300	36.96	1.66
F2	Sample 62	2	1	14	99310	36.96	1.66
F2	Sample 62	2	1	15	104310	37	1.66
F3	Sample 63	2	1	1	34320	36.91	1.88
F3	Sample 63	2	1	2	39320	36.96	1.87
F3	Sample 63	2	1	3	44310	36.96	1.86
F3	Sample 63	2	1	4	49300	37	1.85
F3	Sample 63	2	1	5	54300	37	1.84
F3	Sample 63	2	1	6	59310	37	1.84
F3	Sample 63	2	1	7	64300	36.96	1.85
F3	Sample 63	2	1	8	69300	36.96	1.84
F3	Sample 63	2	1	9	74310	36.96	1.84
F3	Sample 63	2	1	10	79300	37	1.84
F3	Sample 63	2	1	11	84320	36.96	1.84
F3	Sample 63	2	1	12	89300	36.96	1.84
F3	Sample 63	2	1	13	94300	36.96	1.83
F3	Sample 63	2	1	14	99310	36.96	1.83
F3	Sample 63	2	1	15	104310	37	1.83
F4	Sample 64	2	1	1	34320	36.91	1.90
F4	Sample 64	2	1	2	39320	36.96	1.88
F4	Sample 64	2	1	3	44310	36.96	1.86
F4	Sample 64	2	1	4	49300	37	1.86
F4	Sample 64	2	1	5	54300	37	1.85
F4	Sample 64	2	1	6	59310	37	1.85
F4	Sample 64	2	1	7	64300	36.96	1.85
F4	Sample 64	2	1	8	69300	36.96	1.85
F4	Sample 64	2	1	9	74310	36.96	1.85
F4	Sample 64	2	1	10	79300	37	1.84
F4	Sample 64	2	1	11	84320	36.96	1.84
F4	Sample 64	2	1	12	89300	36.96	1.84
F4	Sample 64	2	1	13	94300	36.96	1.85
F4	Sample 64	2	1	14	99310	36.96	1.86
F4	Sample 64	2	1	15	104310	37	1.86
F5	Sample 65	2	1	1	34320	36.91	1.41
F5	Sample 65	2	1	2	39320	36.96	1.40
F5	Sample 65	2	1	3	44310	36.96	1.40
F5	Sample 65	2	1	4	49300	37	1.39
F5	Sample 65	2	1	5	54300	37	1.39
F5	Sample 65	2	1	6	59310	37	1.40
F5	Sample 65	2	1	7	64300	36.96	1.39
F5	Sample 65	2	1	8	69300	36.96	1.39
F5	Sample 65	2	1	9	74310	36.96	1.39
F5	Sample 65	2	1	10	79300	37	1.38
F5	Sample 65	2	1	11	84320	36.96	1.39
F5	Sample 65	2	1	12	89300	36.96	1.39
F5	Sample 65	2	1	13	94300	36.96	1.38
F5	Sample 65	2	1	14	99310	36.96	1.39
F5	Sample 65	2	1	15	104310	37	1.39
F6	Sample 66	2	1	1	34320	36.91	1.37
F6	Sample 66	2	1	2	39320	36.96	1.36
F6	Sample 66	2	1	3	44310	36.96	1.35
F6	Sample 66	2	1	4	49300	37	1.34
F6	Sample 66	2	1	5	54300	37	1.34
F6	Sample 66	2	1	6	59310	37	1.35
F6	Sample 66	2	1	7	64300	36.96	1.35
F6	Sample 66	2	1	8	69300	36.96	1.34
F6	Sample 66	2	1	9	74310	36.96	1.35
F6	Sample 66	2	1	10	79300	37	1.35
F6	Sample 66	2	1	11	84320	36.96	1.34
F6	Sample 66	2	1	12	89300	36.96	1.35
F6	Sample 66	2	1	13	94300	36.96	1.34
F6	Sample 66	2	1	14	99310	36.96	1.34
F6	Sample 66	2	1	15	104310	37	1.34
F7	Sample 67	2	1	1	34320	36.91	1.61
F7	Sample 67	2	1	2	39320	36.96	1.60
F7	Sample 67	2	1	3	44310	36.96	1.59
F7	Sample 67	2	1	4	49300	37	1.58
F7	Sample 67	2	1	5	54300	37	1.58
F7	Sample 67	2	1	6	59310	37	1.57
F7	Sample 67	2	1	7	64300	36.96	1.59
F7	Sample 67	2	1	8	69300	36.96	1.57
F7	Sample 67	2	1	9	74310	36.96	1.59
F7	Sample 67	2	1	10	79300	37	1.58
F7	Sample 67	2	1	11	84320	36.96	1.58
F7	Sample 67	2	1	12	89300	36.96	1.59
F7	Sample 67	2	1	13	94300	36.96	1.58
F7	Sample 67	2	1	14	99310	36.96	1.58
F7	Sample 67	2	1	15	104310	37	1.58
F8	Sample 68	2	1	1	34320	36.91	1.51
F8	Sample 68	2	1	2	39320	36.96	1.51
F8	Sample 68	2	1	3	44310	36.96	1.51
F8	Sample 68	2	1	4	49300	37	1.51
F8	Sample 68	2	1	5	54300	37	1.51
F8	Sample 68	2	1	6	59310	37	1.51
F8	Sample 68	2	1	7	64300	36.96	1.52
F8	Sample 68	2	1	8	69300	36.96	1.51
F8	Sample 68	2	1	9	74310	36.96	1.52
F8	Sample 68	2	1	10	79300	37	1.51
F8	Sample 68	2	1	11	84320	36.96	1.52
F8	Sample 68	2	1	12	89300	36.96	1.52
F8	Sample 68	2	1	13	94300	36.96	1.52
F8	Sample 68	2	1	14	99310	36.96	1.52
F8	Sample 68	2	1	15	104310	37	1.53
F9	Sample 69	2	1	1	34320	36.91	1.55
F9	Sample 69	2	1	2	39320	36.96	1.55
F9	Sample 69	2	1	3	44310	36.96	1.54
F9	Sample 69	2	1	4	49300	37	1.54
F9	Sample 69	2	1	5	54300	37	1.54
F9	Sample 69	2	1	6	59310	37	1.54
F9	Sample 69	2	1	7	64300	36.96	1.53
F9	Sample 69	2	1	8	69300	36.96	1.53
F9	Sample 69	2	1	9	74310	36.96	1.53
F9	Sample 69	2	1	10	79300	37	1.54
F9	Sample 69	2	1	11	84320	36.96	1.53
F9	Sample 69	2	1	12	89300	36.96	1.54
F9	Sample 69	2	1	13	94300	36.96	1.53
F9	Sample 69	2	1	14	99310	36.96	1.53
F9	Sample 69	2	1	15	104310	37	1.53
F10	Sample 70	2	1	1	34320	36.91	1.54
F10	Sample 70	2	1	2	39320	36.96	1.54
F10	Sample 70	2	1	3	44310	36.96	1.54
F10	Sample 70	2	1	4	49300	37	1.54
F10	Sample 70	2	1	5	54300	37	1.53
F10	Sample 70	2	1	6	59310	37	1.54
F10	Sample 70	2	1	7	64300	36.96	1.53
F10	Sample 70	2	1	8	69300	36.96	1.53
F10	Sample 70	2	1	9	74310	36.96	1.54
F10	Sample 70	2	1	10	79300	37	1.54
F10	Sample 70	2	1	11	84320	36.96	1.54
F10	Sample 70	2	1	12	89300	36.96	1.54
F10	Sample 70	2	1	13	94300	36.96	1.53
F10	Sample 70	2	1	14	99310	36.96	1.54
F10	Sample 70	2	1	15	104310	37	1.54
F11	Sample 71	2	1	1	34320	36.91	1.91
F11	Sample 71	2	1	2	39320	36.96	1.95
F11	Sample 71	2	1	3	44310	36.96	1.99
F11	Sample 71	2	1	4	49300	37	2.02
F11	Sample 71	2	1	5	54300	37	2.03
F11	Sample 71	2	1	6	59310	37	2.04
F11	Sample 71	2	1	7	64300	36.96	2.05
F11	Sample 71	2	1	8	69300	36.96	2.05
F11	Sample 71	2	1	9	74310	36.96	2.06
F11	Sample 71	2	1	10	79300	37	2.05
F11	Sample 71	2	1	11	84320	36.96	2.07
F11	Sample 71	2	1	12	89300	36.96	2.07
F11	Sample 71	2	1	13	94300	36.96	2.07
F11	Sample 71	2	1	14	99310	36.96	2.07
F11	Sample 71	2	1	15	104310	37	2.07
F12	Sample 72	2	1	1	34320	36.91	1.84
F12	Sample 72	2	1	2	39320	36.96	1.86
F12	Sample 72	2	1	3	44310	36.96	1.86
F12	Sample 72	2	1	4	49300	37	1.87
F12	Sample 72	2	1	5	54300	37	1.87
F12	Sample 72	2	1	6	59310	37	1.88
F12	Sample 72	2	1	7	64300	36.96	1.89
F12	Sample 72	2	1	8	69300	36.96	1.87
F12	Sample 72	2	1	9	74310	36.96	1.88
F12	Sample 72	2	1	10	79300	37	1.88
F12	Sample 72	2	1	11	84320	36.96	1.87
F12	Sample 72	2	1	12	89300	36.96	1.88
F12	Sample 72	2	1	13	94300	36.96	1.88
F12	Sample 72	2	1	14	99310	36.96	1.88
F12	Sample 72	2	1	15	104310	37	1.89
G1	Sample 73	2	1	1	34320	36.91	1.79
G1	Sample 73	2	1	2	39320	36.96	1.79
G1	Sample 73	2	1	3	44310	36.96	1.76
G1	Sample 73	2	1	4	49300	37	1.77
G1	Sample 73	2	1	5	54300	37	1.75
G1	Sample 73	2	1	6	59310	37	1.75
G1	Sample 73	2	1	7	64300	36.96	1.75
G1	Sample 73	2	1	8	69300	36.96	1.74
G1	Sample 73	2	1	9	74310	36.96	1.74
G1	Sample 73	2	1	10	79300	37	1.74
G1	Sample 73	2	1	11	84320	36.96	1.73
G1	Sample 73	2	1	12	89300	36.96	1.73
G1	Sample 73	2	1	13	94300	36.96	1.74
G1	Sample 73	2	1	14	99310	36.96	1.74
G1	Sample 73	2	1	15	104310	37	1.74
G2	Sample 74	2	1	1	34320	36.91	1.83
G2	Sample 74	2	1	2	39320	36.96	1.81
G2	Sample 74	2	1	3	44310	36.96	1.80
G2	Sample 74	2	1	4	49300	37	1.80
G2	Sample 74	2	1	5	54300	37	1.79
G2	Sample 74	2	1	6	59310	37	1.79
G2	Sample 74	2	1	7	64300	36.96	1.79
G2	Sample 74	2	1	8	69300	36.96	1.79
G2	Sample 74	2	1	9	74310	36.96	1.78
G2	Sample 74	2	1	10	79300	37	1.78
G2	Sample 74	2	1	11	84320	36.96	1.78
G2	Sample 74	2	1	12	89300	36.96	1.77
G2	Sample 74	2	1	13	94300	36.96	1.78
G2	Sample 74	2	1	14	99310	36.96	1.78
G2	Sample 74	2	1	15	104310	37	1.79
G3	Sample 75	2	1	1	34320	36.91	1.95
G3	Sample 75	2	1	2	39320	36.96	1.93
G3	Sample 75	2	1	3	44310	36.96	1.93
G3	Sample 75	2	1	4	49300	37	1.91
G3	Sample 75	2	1	5	54300	37	1.91
G3	Sample 75	2	1	6	59310	37	1.91
G3	Sample 75	2	1	7	64300	36.96	1.91
G3	Sample 75	2	1	8	69300	36.96	1.89
G3	Sample 75	2	1	9	74310	36.96	1.90
G3	Sample 75	2	1	10	79300	37	1.90
G3	Sample 75	2	1	11	84320	36.96	1.91
G3	Sample 75	2	1	12	89300	36.96	1.89
G3	Sample 75	2	1	13	94300	36.96	1.90
G3	Sample 75	2	1	14	99310	36.96	1.90
G3	Sample 75	2	1	15	104310	37	1.91
G4	Sample 76	2	1	1	34320	36.91	1.95
G4	Sample 76	2	1	2	39320	36.96	1.94
G4	Sample 76	2	1	3	44310	36.96	1.94
G4	Sample 76	2	1	4	49300	37	1.92
G4	Sample 76	2	1	5	54300	37	1.91
G4	Sample 76	2	1	6	59310	37	1.91
G4	Sample 76	2	1	7	64300	36.96	1.90
G4	Sample 76	2	1	8	69300	36.96	1.91
G4	Sample 76	2	1	9	74310	36.96	1.90
G4	Sample 76	2	1	10	79300	37	1.90
G4	Sample 76	2	1	11	84320	36.96	1.92
G4	Sample 76	2	1	12	89300	36.96	1.91
G4	Sample 76	2	1	13	94300	36.96	1.92
G4	Sample 76	2	1	14	99310	36.96	1.91
G4	Sample 76	2	1	15	104310	37	1.92
G5	Sample 77	2	1	1	34320	36.91	1.72
G5	Sample 77	2	1	2	39320	36.96	1.71
G5	Sample 77	2	1	3	44310	36.96	1.70
G5	Sample 77	2	1	4	49300	37	1.69
G5	Sample 77	2	1	5	54300	37	1.69
G5	Sample 77	2	1	6	59310	37	1.70
G5	Sample 77	2	1	7	64300	36.96	1.69
G5	Sample 77	2	1	8	69300	36.96	1.69
G5	Sample 77	2	1	9	74310	36.96	1.68
G5	Sample 77	2	1	10	79300	37	1.68
G5	Sample 77	2	1	11	84320	36.96	1.68
G5	Sample 77	2	1	12	89300	36.96	1.69
G5	Sample 77	2	1	13	94300	36.96	1.69
G5	Sample 77	2	1	14	99310	36.96	1.69
G5	Sample 77	2	1	15	104310	37	1.69
G6	Sample 78	2	1	1	34320	36.91	1.60
G6	Sample 78	2	1	2	39320	36.96	1.59
G6	Sample 78	2	1	3	44310	36.96	1.58
G6	Sample 78	2	1	4	49300	37	1.57
G6	Sample 78	2	1	5	54300	37	1.58
G6	Sample 78	2	1	6	59310	37	1.58
G6	Sample 78	2	1	7	64300	36.96	1.57
G6	Sample 78	2	1	8	69300	36.96	1.57
G6	Sample 78	2	1	9	74310	36.96	1.57
G6	Sample 78	2	1	10	79300	37	1.57
G6	Sample 78	2	1	11	84320	36.96	1.58
G6	Sample 78	2	1	12	89300	36.96	1.57
G6	Sample 78	2	1	13	94300	36.96	1.57
G6	Sample 78	2	1	14	99310	36.96	1.58
G6	Sample 78	2	1	15	104310	37	1.57
G7	Sample 79	2	1	1	34320	36.91	1.64
G7	Sample 79	2	1	2	39320	36.96	1.63
G7	Sample 79	2	1	3	44310	36.96	1.62
G7	Sample 79	2	1	4	49300	37	1.61
G7	Sample 79	2	1	5	54300	37	1.62
G7	Sample 79	2	1	6	59310	37	1.62
G7	Sample 79	2	1	7	64300	36.96	1.62
G7	Sample 79	2	1	8	69300	36.96	1.62
G7	Sample 79	2	1	9	74310	36.96	1.62
G7	Sample 79	2	1	10	79300	37	1.62
G7	Sample 79	2	1	11	84320	36.96	1.62
G7	Sample 79	2	1	12	89300	36.96	1.61
G7	Sample 79	2	1	13	94300	36.96	1.62
G7	Sample 79	2	1	14	99310	36.96	1.62
G7	Sample 79	2	1	15	104310	37	1.61
G8	Sample 80	2	1	1	34320	36.91	1.61
G8	Sample 80	2	1	2	39320	36.96	1.59
G8	Sample 80	2	1	3	44310	36.96	1.60
G8	Sample 80	2	1	4	49300	37	1.59
G8	Sample 80	2	1	5	54300	37	1.57
G8	Sample 80	2	1	6	59310	37	1.57
G8	Sample 80	2	1	7	64300	36.96	1.57
G8	Sample 80	2	1	8	69300	36.96	1.58
G8	Sample 80	2	1	9	74310	36.96	1.57
G8	Sample 80	2	1	10	79300	37	1.58
G8	Sample 80	2	1	11	84320	36.96	1.58
G8	Sample 80	2	1	12	89300	36.96	1.58
G8	Sample 80	2	1	13	94300	36.96	1.58
G8	Sample 80	2	1	14	99310	36.96	1.58
G8	Sample 80	2	1	15	104310	37	1.58
G9	Sample 81	2	1	1	34320	36.91	1.91
G9	Sample 81	2	1	2	39320	36.96	1.90
G9	Sample 81	2	1	3	44310	36.96	1.89
G9	Sample 81	2	1	4	49300	37	1.88
G9	Sample 81	2	1	5	54300	37	1.88
G9	Sample 81	2	1	6	59310	37	1.87
G9	Sample 81	2	1	7	64300	36.96	1.87
G9	Sample 81	2	1	8	69300	36.96	1.87
G9	Sample 81	2	1	9	74310	36.96	1.87
G9	Sample 81	2	1	10	79300	37	1.87
G9	Sample 81	2	1	11	84320	36.96	1.87
G9	Sample 81	2	1	12	89300	36.96	1.87
G9	Sample 81	2	1	13	94300	36.96	1.87
G9	Sample 81	2	1	14	99310	36.96	1.87
G9	Sample 81	2	1	15	104310	37	1.87
G10	Sample 82	2	1	1	34320	36.91	1.89
G10	Sample 82	2	1	2	39320	36.96	1.89
G10	Sample 82	2	1	3	44310	36.96	1.88
G10	Sample 82	2	1	4	49300	37	1.87
G10	Sample 82	2	1	5	54300	37	1.88
G10	Sample 82	2	1	6	59310	37	1.88
G10	Sample 82	2	1	7	64300	36.96	1.88
G10	Sample 82	2	1	8	69300	36.96	1.88
G10	Sample 82	2	1	9	74310	36.96	1.88
G10	Sample 82	2	1	10	79300	37	1.88
G10	Sample 82	2	1	11	84320	36.96	1.88
G10	Sample 82	2	1	12	89300	36.96	1.87
G10	Sample 82	2	1	13	94300	36.96	1.88
G10	Sample 82	2	1	14	99310	36.96	1.89
G10	Sample 82	2	1	15	104310	37	1.88
G11	Sample 83	2	1	1	34320	36.91	1.88
G11	Sample 83	2	1	2	39320	36.96	1.91
G11	Sample 83	2	1	3	44310	36.96	1.94
G11	Sample 83	2	1	4	49300	37	1.96
G11	Sample 83	2	1	5	54300	37	1.98
G11	Sample 83	2	1	6	59310	37	1.98
G11	Sample 83	2	1	7	64300	36.96	1.98
G11	Sample 83	2	1	8	69300	36.96	1.99
G11	Sample 83	2	1	9	74310	36.96	1.99
G11	Sample 83	2	1	10	79300	37	1.99
G11	Sample 83	2	1	11	84320	36.96	2.00
G11	Sample 83	2	1	12	89300	36.96	2.00
G11	Sample 83	2	1	13	94300	36.96	1.99
G11	Sample 83	2	1	14	99310	36.96	2.01
G11	Sample 83	2	1	15	104310	37	2.00
G12	Sample 84	2	1	1	34320	36.91	1.89
G12	Sample 84	2	1	2	39320	36.96	1.88
G12	Sample 84	2	1	3	44310	36.96	1.88
G12	Sample 84	2	1	4	49300	37	1.88
G12	Sample 84	2	1	5	54300	37	1.87
G12	Sample 84	2	1	6	59310	37	1.88
G12	Sample 84	2	1	7	64300	36.96	1.87
G12	Sample 84	2	1	8	69300	36.96	1.86
G12	Sample 84	2	1	9	74310	36.96	1.87
G12	Sample 84	2	1	10	79300	37	1.86
G12	Sample 84	2	1	11	84320	36.96	1.86
G12	Sample 84	2	1	12	89300	36.96	1.85
G12	Sample 84	2	1	13	94300	36.96	1.86
G12	Sample 84	2	1	14	99310	36.96	1.85
G12	Sample 84	2	1	15	104310	37	1.84
H1	Sample 85	2	1	1	34320	36.91	1.74
H1	Sample 85	2	1	2	39320	36.96	1.73
H1	Sample 85	2	1	3	44310	36.96	1.71
H1	Sample 85	2	1	4	49300	37	1.73
H1	Sample 85	2	1	5	54300	37	1.71
H1	Sample 85	2	1	6	59310	37	1.70
H1	Sample 85	2	1	7	64300	36.96	1.70
H1	Sample 85	2	1	8	69300	36.96	1.70
H1	Sample 85	2	1	9	74310	36.96	1.71
H1	Sample 85	2	1	10	79300	37	1.70
H1	Sample 85	2	1	11	84320	36.96	1.70
H1	Sample 85	2	1	12	89300	36.96	1.69
H1	Sample 85	2	1	13	94300	36.96	1.70
H1	Sample 85	2	1	14	99310	36.96	1.70
H1	Sample 85	2	1	15	104310	37	1.69
H2	Sample 86	2	1	1	34320	36.91	1.80
H2	Sample 86	2	1	2	39320	36.96	1.79
H2	Sample 86	2	1	3	44310	36.96	1.78
H2	Sample 86	2	1	4	49300	37	1.76
H2	Sample 86	2	1	5	54300	37	1.75
H2	Sample 86	2	1	6	59310	37	1.75
H2	Sample 86	2	1	7	64300	36.96	1.74
H2	Sample 86	2	1	8	69300	36.96	1.74
H2	Sample 86	2	1	9	74310	36.96	1.75
H2	Sample 86	2	1	10	79300	37	1.75
H2	Sample 86	2	1	11	84320	36.96	1.75
H2	Sample 86	2	1	12	89300	36.96	1.75
H2	Sample 86	2	1	13	94300	36.96	1.75
H2	Sample 86	2	1	14	99310	36.96	1.76
H2	Sample 86	2	1	15	104310	37	1.76
H3	Sample 87	2	1	1	34320	36.91	1.92
H3	Sample 87	2	1	2	39320	36.96	1.92
H3	Sample 87	2	1	3	44310	36.96	1.90
H3	Sample 87	2	1	4	49300	37	1.90
H3	Sample 87	2	1	5	54300	37	1.89
H3	Sample 87	2	1	6	59310	37	1.88
H3	Sample 87	2	1	7	64300	36.96	1.88
H3	Sample 87	2	1	8	69300	36.96	1.88
H3	Sample 87	2	1	9	74310	36.96	1.88
H3	Sample 87	2	1	10	79300	37	1.88
H3	Sample 87	2	1	11	84320	36.96	1.89
H3	Sample 87	2	1	12	89300	36.96	1.88
H3	Sample 87	2	1	13	94300	36.96	1.88
H3	Sample 87	2	1	14	99310	36.96	1.89
H3	Sample 87	2	1	15	104310	37	1.88
H4	Sample 88	2	1	1	34320	36.91	1.93
H4	Sample 88	2	1	2	39320	36.96	1.92
H4	Sample 88	2	1	3	44310	36.96	1.91
H4	Sample 88	2	1	4	49300	37	1.91
H4	Sample 88	2	1	5	54300	37	1.90
H4	Sample 88	2	1	6	59310	37	1.89
H4	Sample 88	2	1	7	64300	36.96	1.89
H4	Sample 88	2	1	8	69300	36.96	1.89
H4	Sample 88	2	1	9	74310	36.96	1.89
H4	Sample 88	2	1	10	79300	37	1.89
H4	Sample 88	2	1	11	84320	36.96	1.88
H4	Sample 88	2	1	12	89300	36.96	1.89
H4	Sample 88	2	1	13	94300	36.96	1.88
H4	Sample 88	2	1	14	99310	36.96	1.88
H4	Sample 88	2	1	15	104310	37	1.88
H5	Sample 89	2	1	1	34320	36.91	1.81
H5	Sample 89	2	1	2	39320	36.96	1.81
H5	Sample 89	2	1	3	44310	36.96	1.80
H5	Sample 89	2	1	4	49300	37	1.81
H5	Sample 89	2	1	5	54300	37	1.79
H5	Sample 89	2	1	6	59310	37	1.79
H5	Sample 89	2	1	7	64300	36.96	1.79
H5	Sample 89	2	1	8	69300	36.96	1.79
H5	Sample 89	2	1	9	74310	36.96	1.78
H5	Sample 89	2	1	10	79300	37	1.78
H5	Sample 89	2	1	11	84320	36.96	1.79
H5	Sample 89	2	1	12	89300	36.96	1.79
H5	Sample 89	2	1	13	94300	36.96	1.78
H5	Sample 89	2	1	14	99310	36.96	1.78
H5	Sample 89	2	1	15	104310	37	1.78
H6	Sample 90	2	1	1	34320	36.91	1.76
H6	Sample 90	2	1	2	39320	36.96	1.76
H6	Sample 90	2	1	3	44310	36.96	1.75
H6	Sample 90	2	1	4	49300	37	1.74
H6	Sample 90	2	1	5	54300	37	1.74
H6	Sample 90	2	1	6	59310	37	1.74
H6	Sample 90	2	1	7	64300	36.96	1.73
H6	Sample 90	2	1	8	69300	36.96	1.73
H6	Sample 90	2	1	9	74310	36.96	1.73
H6	Sample 90	2	1	10	79300	37	1.72
H6	Sample 90	2	1	11	84320	36.96	1.72
H6	Sample 90	2	1	12	89300	36.96	1.74
H6	Sample 90	2	1	13	94300	36.96	1.73
H6	Sample 90	2	1	14	99310	36.96	1.73
H6	Sample 90	2	1	15	104310	37	1.72
H7	Sample 91	2	1	1	34320	36.91	1.83
H7	Sample 91	2	1	2	39320	36.96	1.81
H7	Sample 91	2	1	3	44310	36.96	1.81
H7	Sample 91	2	1	4	49300	37	1.82
H7	Sample 91	2	1	5	54300	37	1.80
H7	Sample 91	2	1	6	59310	37	1.80
H7	Sample 91	2	1	7	64300	36.96	1.80
H7	Sample 91	2	1	8	69300	36.96	1.80
H7	Sample 91	2	1	9	74310	36.96	1.80
H7	Sample 91	2	1	10	79300	37	1.79
H7	Sample 91	2	1	11	84320	36.96	1.79
H7	Sample 91	2	1	12	89300	36.96	1.79
H7	Sample 91	2	1	13	94300	36.96	1.79
H7	Sample 91	2	1	14	99310	36.96	1.80
H7	Sample 91	2	1	15	104310	37	1.79
H8	Sample 92	2	1	1	34320	36.91	1.67
H8	Sample 92	2	1	2	39320	36.96	1.68
H8	Sample 92	2	1	3	44310	36.96	1.67
H8	Sample 92	2	1	4	49300	37	1.68
H8	Sample 92	2	1	5	54300	37	1.66
H8	Sample 92	2	1	6	59310	37	1.66
H8	Sample 92	2	1	7	64300	36.96	1.66
H8	Sample 92	2	1	8	69300	36.96	1.67
H8	Sample 92	2	1	9	74310	36.96	1.67
H8	Sample 92	2	1	10	79300	37	1.67
H8	Sample 92	2	1	11	84320	36.96	1.67
H8	Sample 92	2	1	12	89300	36.96	1.67
H8	Sample 92	2	1	13	94300	36.96	1.67
H8	Sample 92	2	1	14	99310	36.96	1.67
H8	Sample 92	2	1	15	104310	37	1.67
H9	Sample 93	2	1	1	34320	36.91	1.86
H9	Sample 93	2	1	2	39320	36.96	1.88
H9	Sample 93	2	1	3	44310	36.96	1.90
H9	Sample 93	2	1	4	49300	37	1.92
H9	Sample 93	2	1	5	54300	37	1.91
H9	Sample 93	2	1	6	59310	37	1.91
H9	Sample 93	2	1	7	64300	36.96	1.91
H9	Sample 93	2	1	8	69300	36.96	1.90
H9	Sample 93	2	1	9	74310	36.96	1.91
H9	Sample 93	2	1	10	79300	37	1.91
H9	Sample 93	2	1	11	84320	36.96	1.92
H9	Sample 93	2	1	12	89300	36.96	1.92
H9	Sample 93	2	1	13	94300	36.96	1.92
H9	Sample 93	2	1	14	99310	36.96	1.92
H9	Sample 93	2	1	15	104310	37	1.92
H10	Sample 94	2	1	1	34320	36.91	1.72
H10	Sample 94	2	1	2	39320	36.96	1.75
H10	Sample 94	2	1	3	44310	36.96	1.78
H10	Sample 94	2	1	4	49300	37	1.82
H10	Sample 94	2	1	5	54300	37	1.82
H10	Sample 94	2	1	6	59310	37	1.83
H10	Sample 94	2	1	7	64300	36.96	1.83
H10	Sample 94	2	1	8	69300	36.96	1.84
H10	Sample 94	2	1	9	74310	36.96	1.84
H10	Sample 94	2	1	10	79300	37	1.85
H10	Sample 94	2	1	11	84320	36.96	1.85
H10	Sample 94	2	1	12	89300	36.96	1.86
H10	Sample 94	2	1	13	94300	36.96	1.86
H10	Sample 94	2	1	14	99310	36.96	1.87
H10	Sample 94	2	1	15	104310	37	1.86
H11	Sample 95	2	1	1	34320	36.91	1.67
H11	Sample 95	2	1	2	39320	36.96	1.70
H11	Sample 95	2	1	3	44310	36.96	1.73
H11	Sample 95	2	1	4	49300	37	1.76
H11	Sample 95	2	1	5	54300	37	1.77
H11	Sample 95	2	1	6	59310	37	1.78
H11	Sample 95	2	1	7	64300	36.96	1.78
H11	Sample 95	2	1	8	69300	36.96	1.78
H11	Sample 95	2	1	9	74310	36.96	1.79
H11	Sample 95	2	1	10	79300	37	1.79
H11	Sample 95	2	1	11	84320	36.96	1.79
H11	Sample 95	2	1	12	89300	36.96	1.79
H11	Sample 95	2	1	13	94300	36.96	1.80
H11	Sample 95	2	1	14	99310	36.96	1.79
H11	Sample 95	2	1	15	104310	37	1.79
H12	Sample 96	2	1	1	34320	36.91	1.78
H12	Sample 96	2	1	2	39320	36.96	1.78
H12	Sample 96	2	1	3	44310	36.96	1.79
H12	Sample 96	2	1	4	49300	37	1.80
H12	Sample 96	2	1	5	54300	37	1.79
H12	Sample 96	2	1	6	59310	37	1.80
H12	Sample 96	2	1	7	64300	36.96	1.79
H12	Sample 96	2	1	8	69300	36.96	1.78
H12	Sample 96	2	1	9	74310	36.96	1.79
H12	Sample 96	2	1	10	79300	37	1.78
H12	Sample 96	2	1	11	84320	36.96	1.78
H12	Sample 96	2	1	12	89300	36.96	1.78
H12	Sample 96	2	1	13	94300	36.96	1.79
H12	Sample 96	2	1	14	99310	36.96	1.78
H12	Sample 96	2	1	15	104310	37	1.79
