Raw Data 		Experiment - evIC50_5_plate1_15APRIL2026 (Run on LCS480 1.5.1.62)
SamplePos	SampleName	Prog#	Seg#	Cycle#	Time	Temp	465-510	
A1	Sample 1	2	1	1	28580	36.91	1.28
A1	Sample 1	2	1	2	32970	36.91	1.28
A1	Sample 1	2	1	3	37370	36.96	1.28
A1	Sample 1	2	1	4	41770	36.96	1.29
A1	Sample 1	2	1	5	46170	36.96	1.29
A1	Sample 1	2	1	6	50570	36.96	1.27
A1	Sample 1	2	1	7	54970	36.96	1.27
A1	Sample 1	2	1	8	59370	36.96	1.28
A1	Sample 1	2	1	9	63760	37	1.28
A1	Sample 1	2	1	10	68170	36.96	1.27
A1	Sample 1	2	1	11	72560	36.96	1.27
A1	Sample 1	2	1	12	76990	37	1.28
A1	Sample 1	2	1	13	81360	37	1.28
A1	Sample 1	2	1	14	85770	36.96	1.28
A1	Sample 1	2	1	15	90170	36.91	1.28
A2	Sample 2	2	1	1	28580	36.91	1.30
A2	Sample 2	2	1	2	32970	36.91	1.29
A2	Sample 2	2	1	3	37370	36.96	1.29
A2	Sample 2	2	1	4	41770	36.96	1.31
A2	Sample 2	2	1	5	46170	36.96	1.30
A2	Sample 2	2	1	6	50570	36.96	1.30
A2	Sample 2	2	1	7	54970	36.96	1.30
A2	Sample 2	2	1	8	59370	36.96	1.30
A2	Sample 2	2	1	9	63760	37	1.31
A2	Sample 2	2	1	10	68170	36.96	1.29
A2	Sample 2	2	1	11	72560	36.96	1.29
A2	Sample 2	2	1	12	76990	37	1.31
A2	Sample 2	2	1	13	81360	37	1.30
A2	Sample 2	2	1	14	85770	36.96	1.29
A2	Sample 2	2	1	15	90170	36.91	1.30
A3	Sample 3	2	1	1	28580	36.91	1.41
A3	Sample 3	2	1	2	32970	36.91	1.40
A3	Sample 3	2	1	3	37370	36.96	1.40
A3	Sample 3	2	1	4	41770	36.96	1.42
A3	Sample 3	2	1	5	46170	36.96	1.41
A3	Sample 3	2	1	6	50570	36.96	1.41
A3	Sample 3	2	1	7	54970	36.96	1.42
A3	Sample 3	2	1	8	59370	36.96	1.42
A3	Sample 3	2	1	9	63760	37	1.42
A3	Sample 3	2	1	10	68170	36.96	1.40
A3	Sample 3	2	1	11	72560	36.96	1.38
A3	Sample 3	2	1	12	76990	37	1.43
A3	Sample 3	2	1	13	81360	37	1.41
A3	Sample 3	2	1	14	85770	36.96	1.41
A3	Sample 3	2	1	15	90170	36.91	1.40
A4	Sample 4	2	1	1	28580	36.91	1.43
A4	Sample 4	2	1	2	32970	36.91	1.41
A4	Sample 4	2	1	3	37370	36.96	1.43
A4	Sample 4	2	1	4	41770	36.96	1.43
A4	Sample 4	2	1	5	46170	36.96	1.43
A4	Sample 4	2	1	6	50570	36.96	1.42
A4	Sample 4	2	1	7	54970	36.96	1.44
A4	Sample 4	2	1	8	59370	36.96	1.43
A4	Sample 4	2	1	9	63760	37	1.43
A4	Sample 4	2	1	10	68170	36.96	1.41
A4	Sample 4	2	1	11	72560	36.96	1.41
A4	Sample 4	2	1	12	76990	37	1.44
A4	Sample 4	2	1	13	81360	37	1.42
A4	Sample 4	2	1	14	85770	36.96	1.41
A4	Sample 4	2	1	15	90170	36.91	1.41
A5	Sample 5	2	1	1	28580	36.91	7.85
A5	Sample 5	2	1	2	32970	36.91	7.83
A5	Sample 5	2	1	3	37370	36.96	7.85
A5	Sample 5	2	1	4	41770	36.96	7.83
A5	Sample 5	2	1	5	46170	36.96	7.81
A5	Sample 5	2	1	6	50570	36.96	7.81
A5	Sample 5	2	1	7	54970	36.96	7.82
A5	Sample 5	2	1	8	59370	36.96	7.80
A5	Sample 5	2	1	9	63760	37	7.79
A5	Sample 5	2	1	10	68170	36.96	7.80
A5	Sample 5	2	1	11	72560	36.96	7.79
A5	Sample 5	2	1	12	76990	37	7.80
A5	Sample 5	2	1	13	81360	37	7.81
A5	Sample 5	2	1	14	85770	36.96	7.77
A5	Sample 5	2	1	15	90170	36.91	7.79
A6	Sample 6	2	1	1	28580	36.91	7.72
A6	Sample 6	2	1	2	32970	36.91	7.71
A6	Sample 6	2	1	3	37370	36.96	7.70
A6	Sample 6	2	1	4	41770	36.96	7.69
A6	Sample 6	2	1	5	46170	36.96	7.71
A6	Sample 6	2	1	6	50570	36.96	7.69
A6	Sample 6	2	1	7	54970	36.96	7.67
A6	Sample 6	2	1	8	59370	36.96	7.67
A6	Sample 6	2	1	9	63760	37	7.68
A6	Sample 6	2	1	10	68170	36.96	7.66
A6	Sample 6	2	1	11	72560	36.96	7.63
A6	Sample 6	2	1	12	76990	37	7.66
A6	Sample 6	2	1	13	81360	37	7.65
A6	Sample 6	2	1	14	85770	36.96	7.65
A6	Sample 6	2	1	15	90170	36.91	7.67
A7	Sample 7	2	1	1	28580	36.91	7.79
A7	Sample 7	2	1	2	32970	36.91	7.77
A7	Sample 7	2	1	3	37370	36.96	7.76
A7	Sample 7	2	1	4	41770	36.96	7.74
A7	Sample 7	2	1	5	46170	36.96	7.73
A7	Sample 7	2	1	6	50570	36.96	7.75
A7	Sample 7	2	1	7	54970	36.96	7.75
A7	Sample 7	2	1	8	59370	36.96	7.74
A7	Sample 7	2	1	9	63760	37	7.75
A7	Sample 7	2	1	10	68170	36.96	7.72
A7	Sample 7	2	1	11	72560	36.96	7.69
A7	Sample 7	2	1	12	76990	37	7.72
A7	Sample 7	2	1	13	81360	37	7.71
A7	Sample 7	2	1	14	85770	36.96	7.69
A7	Sample 7	2	1	15	90170	36.91	7.71
A8	Sample 8	2	1	1	28580	36.91	7.42
A8	Sample 8	2	1	2	32970	36.91	7.38
A8	Sample 8	2	1	3	37370	36.96	7.39
A8	Sample 8	2	1	4	41770	36.96	7.38
A8	Sample 8	2	1	5	46170	36.96	7.37
A8	Sample 8	2	1	6	50570	36.96	7.38
A8	Sample 8	2	1	7	54970	36.96	7.35
A8	Sample 8	2	1	8	59370	36.96	7.37
A8	Sample 8	2	1	9	63760	37	7.36
A8	Sample 8	2	1	10	68170	36.96	7.33
A8	Sample 8	2	1	11	72560	36.96	7.34
A8	Sample 8	2	1	12	76990	37	7.34
A8	Sample 8	2	1	13	81360	37	7.35
A8	Sample 8	2	1	14	85770	36.96	7.35
A8	Sample 8	2	1	15	90170	36.91	7.35
A9	Sample 9	2	1	1	28580	36.91	0.92
A9	Sample 9	2	1	2	32970	36.91	0.90
A9	Sample 9	2	1	3	37370	36.96	0.92
A9	Sample 9	2	1	4	41770	36.96	0.93
A9	Sample 9	2	1	5	46170	36.96	0.90
A9	Sample 9	2	1	6	50570	36.96	0.91
A9	Sample 9	2	1	7	54970	36.96	0.91
A9	Sample 9	2	1	8	59370	36.96	0.91
A9	Sample 9	2	1	9	63760	37	0.92
A9	Sample 9	2	1	10	68170	36.96	0.91
A9	Sample 9	2	1	11	72560	36.96	0.89
A9	Sample 9	2	1	12	76990	37	0.93
A9	Sample 9	2	1	13	81360	37	0.90
A9	Sample 9	2	1	14	85770	36.96	0.91
A9	Sample 9	2	1	15	90170	36.91	0.91
A10	Sample 10	2	1	1	28580	36.91	0.88
A10	Sample 10	2	1	2	32970	36.91	0.88
A10	Sample 10	2	1	3	37370	36.96	0.88
A10	Sample 10	2	1	4	41770	36.96	0.89
A10	Sample 10	2	1	5	46170	36.96	0.88
A10	Sample 10	2	1	6	50570	36.96	0.89
A10	Sample 10	2	1	7	54970	36.96	0.88
A10	Sample 10	2	1	8	59370	36.96	0.89
A10	Sample 10	2	1	9	63760	37	0.89
A10	Sample 10	2	1	10	68170	36.96	0.87
A10	Sample 10	2	1	11	72560	36.96	0.87
A10	Sample 10	2	1	12	76990	37	0.89
A10	Sample 10	2	1	13	81360	37	0.88
A10	Sample 10	2	1	14	85770	36.96	0.88
A10	Sample 10	2	1	15	90170	36.91	0.88
A11	Sample 11	2	1	1	28580	36.91	0.90
A11	Sample 11	2	1	2	32970	36.91	0.88
A11	Sample 11	2	1	3	37370	36.96	0.88
A11	Sample 11	2	1	4	41770	36.96	0.89
A11	Sample 11	2	1	5	46170	36.96	0.89
A11	Sample 11	2	1	6	50570	36.96	0.89
A11	Sample 11	2	1	7	54970	36.96	0.90
A11	Sample 11	2	1	8	59370	36.96	0.90
A11	Sample 11	2	1	9	63760	37	0.90
A11	Sample 11	2	1	10	68170	36.96	0.88
A11	Sample 11	2	1	11	72560	36.96	0.87
A11	Sample 11	2	1	12	76990	37	0.90
A11	Sample 11	2	1	13	81360	37	0.88
A11	Sample 11	2	1	14	85770	36.96	0.88
A11	Sample 11	2	1	15	90170	36.91	0.88
A12	Sample 12	2	1	1	28580	36.91	0.80
A12	Sample 12	2	1	2	32970	36.91	0.78
A12	Sample 12	2	1	3	37370	36.96	0.79
A12	Sample 12	2	1	4	41770	36.96	0.80
A12	Sample 12	2	1	5	46170	36.96	0.79
A12	Sample 12	2	1	6	50570	36.96	0.80
A12	Sample 12	2	1	7	54970	36.96	0.80
A12	Sample 12	2	1	8	59370	36.96	0.79
A12	Sample 12	2	1	9	63760	37	0.79
A12	Sample 12	2	1	10	68170	36.96	0.77
A12	Sample 12	2	1	11	72560	36.96	0.78
A12	Sample 12	2	1	12	76990	37	0.80
A12	Sample 12	2	1	13	81360	37	0.80
A12	Sample 12	2	1	14	85770	36.96	0.78
A12	Sample 12	2	1	15	90170	36.91	0.79
B1	Sample 13	2	1	1	28580	36.91	1.23
B1	Sample 13	2	1	2	32970	36.91	1.23
B1	Sample 13	2	1	3	37370	36.96	1.24
B1	Sample 13	2	1	4	41770	36.96	1.23
B1	Sample 13	2	1	5	46170	36.96	1.23
B1	Sample 13	2	1	6	50570	36.96	1.23
B1	Sample 13	2	1	7	54970	36.96	1.23
B1	Sample 13	2	1	8	59370	36.96	1.23
B1	Sample 13	2	1	9	63760	37	1.23
B1	Sample 13	2	1	10	68170	36.96	1.21
B1	Sample 13	2	1	11	72560	36.96	1.21
B1	Sample 13	2	1	12	76990	37	1.22
B1	Sample 13	2	1	13	81360	37	1.24
B1	Sample 13	2	1	14	85770	36.96	1.22
B1	Sample 13	2	1	15	90170	36.91	1.22
B2	Sample 14	2	1	1	28580	36.91	1.27
B2	Sample 14	2	1	2	32970	36.91	1.27
B2	Sample 14	2	1	3	37370	36.96	1.27
B2	Sample 14	2	1	4	41770	36.96	1.27
B2	Sample 14	2	1	5	46170	36.96	1.27
B2	Sample 14	2	1	6	50570	36.96	1.26
B2	Sample 14	2	1	7	54970	36.96	1.25
B2	Sample 14	2	1	8	59370	36.96	1.24
B2	Sample 14	2	1	9	63760	37	1.26
B2	Sample 14	2	1	10	68170	36.96	1.25
B2	Sample 14	2	1	11	72560	36.96	1.25
B2	Sample 14	2	1	12	76990	37	1.25
B2	Sample 14	2	1	13	81360	37	1.26
B2	Sample 14	2	1	14	85770	36.96	1.25
B2	Sample 14	2	1	15	90170	36.91	1.26
B3	Sample 15	2	1	1	28580	36.91	1.47
B3	Sample 15	2	1	2	32970	36.91	1.47
B3	Sample 15	2	1	3	37370	36.96	1.48
B3	Sample 15	2	1	4	41770	36.96	1.47
B3	Sample 15	2	1	5	46170	36.96	1.47
B3	Sample 15	2	1	6	50570	36.96	1.49
B3	Sample 15	2	1	7	54970	36.96	1.47
B3	Sample 15	2	1	8	59370	36.96	1.48
B3	Sample 15	2	1	9	63760	37	1.48
B3	Sample 15	2	1	10	68170	36.96	1.45
B3	Sample 15	2	1	11	72560	36.96	1.47
B3	Sample 15	2	1	12	76990	37	1.46
B3	Sample 15	2	1	13	81360	37	1.47
B3	Sample 15	2	1	14	85770	36.96	1.47
B3	Sample 15	2	1	15	90170	36.91	1.47
B4	Sample 16	2	1	1	28580	36.91	1.45
B4	Sample 16	2	1	2	32970	36.91	1.46
B4	Sample 16	2	1	3	37370	36.96	1.46
B4	Sample 16	2	1	4	41770	36.96	1.45
B4	Sample 16	2	1	5	46170	36.96	1.46
B4	Sample 16	2	1	6	50570	36.96	1.46
B4	Sample 16	2	1	7	54970	36.96	1.46
B4	Sample 16	2	1	8	59370	36.96	1.45
B4	Sample 16	2	1	9	63760	37	1.46
B4	Sample 16	2	1	10	68170	36.96	1.44
B4	Sample 16	2	1	11	72560	36.96	1.43
B4	Sample 16	2	1	12	76990	37	1.45
B4	Sample 16	2	1	13	81360	37	1.46
B4	Sample 16	2	1	14	85770	36.96	1.44
B4	Sample 16	2	1	15	90170	36.91	1.45
B5	Sample 17	2	1	1	28580	36.91	7.62
B5	Sample 17	2	1	2	32970	36.91	7.57
B5	Sample 17	2	1	3	37370	36.96	7.59
B5	Sample 17	2	1	4	41770	36.96	7.55
B5	Sample 17	2	1	5	46170	36.96	7.56
B5	Sample 17	2	1	6	50570	36.96	7.57
B5	Sample 17	2	1	7	54970	36.96	7.57
B5	Sample 17	2	1	8	59370	36.96	7.54
B5	Sample 17	2	1	9	63760	37	7.56
B5	Sample 17	2	1	10	68170	36.96	7.54
B5	Sample 17	2	1	11	72560	36.96	7.53
B5	Sample 17	2	1	12	76990	37	7.54
B5	Sample 17	2	1	13	81360	37	7.53
B5	Sample 17	2	1	14	85770	36.96	7.52
B5	Sample 17	2	1	15	90170	36.91	7.55
B6	Sample 18	2	1	1	28580	36.91	7.39
B6	Sample 18	2	1	2	32970	36.91	7.37
B6	Sample 18	2	1	3	37370	36.96	7.39
B6	Sample 18	2	1	4	41770	36.96	7.37
B6	Sample 18	2	1	5	46170	36.96	7.36
B6	Sample 18	2	1	6	50570	36.96	7.36
B6	Sample 18	2	1	7	54970	36.96	7.34
B6	Sample 18	2	1	8	59370	36.96	7.33
B6	Sample 18	2	1	9	63760	37	7.33
B6	Sample 18	2	1	10	68170	36.96	7.33
B6	Sample 18	2	1	11	72560	36.96	7.32
B6	Sample 18	2	1	12	76990	37	7.34
B6	Sample 18	2	1	13	81360	37	7.36
B6	Sample 18	2	1	14	85770	36.96	7.35
B6	Sample 18	2	1	15	90170	36.91	7.35
B7	Sample 19	2	1	1	28580	36.91	7.24
B7	Sample 19	2	1	2	32970	36.91	7.26
B7	Sample 19	2	1	3	37370	36.96	7.24
B7	Sample 19	2	1	4	41770	36.96	7.22
B7	Sample 19	2	1	5	46170	36.96	7.23
B7	Sample 19	2	1	6	50570	36.96	7.22
B7	Sample 19	2	1	7	54970	36.96	7.20
B7	Sample 19	2	1	8	59370	36.96	7.19
B7	Sample 19	2	1	9	63760	37	7.20
B7	Sample 19	2	1	10	68170	36.96	7.20
B7	Sample 19	2	1	11	72560	36.96	7.23
B7	Sample 19	2	1	12	76990	37	7.20
B7	Sample 19	2	1	13	81360	37	7.21
B7	Sample 19	2	1	14	85770	36.96	7.17
B7	Sample 19	2	1	15	90170	36.91	7.18
B8	Sample 20	2	1	1	28580	36.91	7.03
B8	Sample 20	2	1	2	32970	36.91	6.99
B8	Sample 20	2	1	3	37370	36.96	7.00
B8	Sample 20	2	1	4	41770	36.96	6.98
B8	Sample 20	2	1	5	46170	36.96	6.96
B8	Sample 20	2	1	6	50570	36.96	6.97
B8	Sample 20	2	1	7	54970	36.96	6.97
B8	Sample 20	2	1	8	59370	36.96	6.93
B8	Sample 20	2	1	9	63760	37	6.95
B8	Sample 20	2	1	10	68170	36.96	6.93
B8	Sample 20	2	1	11	72560	36.96	6.92
B8	Sample 20	2	1	12	76990	37	6.92
B8	Sample 20	2	1	13	81360	37	6.91
B8	Sample 20	2	1	14	85770	36.96	6.93
B8	Sample 20	2	1	15	90170	36.91	6.93
B9	Sample 21	2	1	1	28580	36.91	0.87
B9	Sample 21	2	1	2	32970	36.91	0.87
B9	Sample 21	2	1	3	37370	36.96	0.87
B9	Sample 21	2	1	4	41770	36.96	0.87
B9	Sample 21	2	1	5	46170	36.96	0.87
B9	Sample 21	2	1	6	50570	36.96	0.88
B9	Sample 21	2	1	7	54970	36.96	0.88
B9	Sample 21	2	1	8	59370	36.96	0.86
B9	Sample 21	2	1	9	63760	37	0.86
B9	Sample 21	2	1	10	68170	36.96	0.85
B9	Sample 21	2	1	11	72560	36.96	0.85
B9	Sample 21	2	1	12	76990	37	0.86
B9	Sample 21	2	1	13	81360	37	0.86
B9	Sample 21	2	1	14	85770	36.96	0.86
B9	Sample 21	2	1	15	90170	36.91	0.86
B10	Sample 22	2	1	1	28580	36.91	0.87
B10	Sample 22	2	1	2	32970	36.91	0.88
B10	Sample 22	2	1	3	37370	36.96	0.89
B10	Sample 22	2	1	4	41770	36.96	0.87
B10	Sample 22	2	1	5	46170	36.96	0.88
B10	Sample 22	2	1	6	50570	36.96	0.88
B10	Sample 22	2	1	7	54970	36.96	0.89
B10	Sample 22	2	1	8	59370	36.96	0.88
B10	Sample 22	2	1	9	63760	37	0.89
B10	Sample 22	2	1	10	68170	36.96	0.87
B10	Sample 22	2	1	11	72560	36.96	0.88
B10	Sample 22	2	1	12	76990	37	0.88
B10	Sample 22	2	1	13	81360	37	0.88
B10	Sample 22	2	1	14	85770	36.96	0.86
B10	Sample 22	2	1	15	90170	36.91	0.89
B11	Sample 23	2	1	1	28580	36.91	0.94
B11	Sample 23	2	1	2	32970	36.91	0.94
B11	Sample 23	2	1	3	37370	36.96	0.94
B11	Sample 23	2	1	4	41770	36.96	0.93
B11	Sample 23	2	1	5	46170	36.96	0.93
B11	Sample 23	2	1	6	50570	36.96	0.94
B11	Sample 23	2	1	7	54970	36.96	0.94
B11	Sample 23	2	1	8	59370	36.96	0.94
B11	Sample 23	2	1	9	63760	37	0.94
B11	Sample 23	2	1	10	68170	36.96	0.91
B11	Sample 23	2	1	11	72560	36.96	0.92
B11	Sample 23	2	1	12	76990	37	0.92
B11	Sample 23	2	1	13	81360	37	0.94
B11	Sample 23	2	1	14	85770	36.96	0.92
B11	Sample 23	2	1	15	90170	36.91	0.93
B12	Sample 24	2	1	1	28580	36.91	0.85
B12	Sample 24	2	1	2	32970	36.91	0.86
B12	Sample 24	2	1	3	37370	36.96	0.86
B12	Sample 24	2	1	4	41770	36.96	0.86
B12	Sample 24	2	1	5	46170	36.96	0.86
B12	Sample 24	2	1	6	50570	36.96	0.87
B12	Sample 24	2	1	7	54970	36.96	0.89
B12	Sample 24	2	1	8	59370	36.96	0.86
B12	Sample 24	2	1	9	63760	37	0.87
B12	Sample 24	2	1	10	68170	36.96	0.85
B12	Sample 24	2	1	11	72560	36.96	0.86
B12	Sample 24	2	1	12	76990	37	0.86
B12	Sample 24	2	1	13	81360	37	0.88
B12	Sample 24	2	1	14	85770	36.96	0.87
B12	Sample 24	2	1	15	90170	36.91	0.87
C1	Sample 25	2	1	1	28580	36.91	1.37
C1	Sample 25	2	1	2	32970	36.91	1.37
C1	Sample 25	2	1	3	37370	36.96	1.36
C1	Sample 25	2	1	4	41770	36.96	1.36
C1	Sample 25	2	1	5	46170	36.96	1.36
C1	Sample 25	2	1	6	50570	36.96	1.36
C1	Sample 25	2	1	7	54970	36.96	1.37
C1	Sample 25	2	1	8	59370	36.96	1.36
C1	Sample 25	2	1	9	63760	37	1.37
C1	Sample 25	2	1	10	68170	36.96	1.34
C1	Sample 25	2	1	11	72560	36.96	1.34
C1	Sample 25	2	1	12	76990	37	1.35
C1	Sample 25	2	1	13	81360	37	1.35
C1	Sample 25	2	1	14	85770	36.96	1.34
C1	Sample 25	2	1	15	90170	36.91	1.35
C2	Sample 26	2	1	1	28580	36.91	1.34
C2	Sample 26	2	1	2	32970	36.91	1.35
C2	Sample 26	2	1	3	37370	36.96	1.35
C2	Sample 26	2	1	4	41770	36.96	1.35
C2	Sample 26	2	1	5	46170	36.96	1.35
C2	Sample 26	2	1	6	50570	36.96	1.36
C2	Sample 26	2	1	7	54970	36.96	1.36
C2	Sample 26	2	1	8	59370	36.96	1.36
C2	Sample 26	2	1	9	63760	37	1.37
C2	Sample 26	2	1	10	68170	36.96	1.35
C2	Sample 26	2	1	11	72560	36.96	1.35
C2	Sample 26	2	1	12	76990	37	1.36
C2	Sample 26	2	1	13	81360	37	1.35
C2	Sample 26	2	1	14	85770	36.96	1.33
C2	Sample 26	2	1	15	90170	36.91	1.34
C3	Sample 27	2	1	1	28580	36.91	1.47
C3	Sample 27	2	1	2	32970	36.91	1.47
C3	Sample 27	2	1	3	37370	36.96	1.46
C3	Sample 27	2	1	4	41770	36.96	1.47
C3	Sample 27	2	1	5	46170	36.96	1.46
C3	Sample 27	2	1	6	50570	36.96	1.46
C3	Sample 27	2	1	7	54970	36.96	1.47
C3	Sample 27	2	1	8	59370	36.96	1.46
C3	Sample 27	2	1	9	63760	37	1.47
C3	Sample 27	2	1	10	68170	36.96	1.47
C3	Sample 27	2	1	11	72560	36.96	1.47
C3	Sample 27	2	1	12	76990	37	1.48
C3	Sample 27	2	1	13	81360	37	1.46
C3	Sample 27	2	1	14	85770	36.96	1.46
C3	Sample 27	2	1	15	90170	36.91	1.47
C4	Sample 28	2	1	1	28580	36.91	1.49
C4	Sample 28	2	1	2	32970	36.91	1.48
C4	Sample 28	2	1	3	37370	36.96	1.49
C4	Sample 28	2	1	4	41770	36.96	1.49
C4	Sample 28	2	1	5	46170	36.96	1.47
C4	Sample 28	2	1	6	50570	36.96	1.49
C4	Sample 28	2	1	7	54970	36.96	1.48
C4	Sample 28	2	1	8	59370	36.96	1.48
C4	Sample 28	2	1	9	63760	37	1.51
C4	Sample 28	2	1	10	68170	36.96	1.48
C4	Sample 28	2	1	11	72560	36.96	1.49
C4	Sample 28	2	1	12	76990	37	1.48
C4	Sample 28	2	1	13	81360	37	1.47
C4	Sample 28	2	1	14	85770	36.96	1.47
C4	Sample 28	2	1	15	90170	36.91	1.49
C5	Sample 29	2	1	1	28580	36.91	7.35
C5	Sample 29	2	1	2	32970	36.91	7.34
C5	Sample 29	2	1	3	37370	36.96	7.32
C5	Sample 29	2	1	4	41770	36.96	7.33
C5	Sample 29	2	1	5	46170	36.96	7.31
C5	Sample 29	2	1	6	50570	36.96	7.33
C5	Sample 29	2	1	7	54970	36.96	7.33
C5	Sample 29	2	1	8	59370	36.96	7.31
C5	Sample 29	2	1	9	63760	37	7.30
C5	Sample 29	2	1	10	68170	36.96	7.28
C5	Sample 29	2	1	11	72560	36.96	7.34
C5	Sample 29	2	1	12	76990	37	7.31
C5	Sample 29	2	1	13	81360	37	7.33
C5	Sample 29	2	1	14	85770	36.96	7.28
C5	Sample 29	2	1	15	90170	36.91	7.29
C6	Sample 30	2	1	1	28580	36.91	7.49
C6	Sample 30	2	1	2	32970	36.91	7.49
C6	Sample 30	2	1	3	37370	36.96	7.50
C6	Sample 30	2	1	4	41770	36.96	7.49
C6	Sample 30	2	1	5	46170	36.96	7.48
C6	Sample 30	2	1	6	50570	36.96	7.49
C6	Sample 30	2	1	7	54970	36.96	7.47
C6	Sample 30	2	1	8	59370	36.96	7.50
C6	Sample 30	2	1	9	63760	37	7.46
C6	Sample 30	2	1	10	68170	36.96	7.45
C6	Sample 30	2	1	11	72560	36.96	7.44
C6	Sample 30	2	1	12	76990	37	7.45
C6	Sample 30	2	1	13	81360	37	7.44
C6	Sample 30	2	1	14	85770	36.96	7.46
C6	Sample 30	2	1	15	90170	36.91	7.45
C7	Sample 31	2	1	1	28580	36.91	7.55
C7	Sample 31	2	1	2	32970	36.91	7.55
C7	Sample 31	2	1	3	37370	36.96	7.52
C7	Sample 31	2	1	4	41770	36.96	7.51
C7	Sample 31	2	1	5	46170	36.96	7.50
C7	Sample 31	2	1	6	50570	36.96	7.50
C7	Sample 31	2	1	7	54970	36.96	7.50
C7	Sample 31	2	1	8	59370	36.96	7.49
C7	Sample 31	2	1	9	63760	37	7.49
C7	Sample 31	2	1	10	68170	36.96	7.47
C7	Sample 31	2	1	11	72560	36.96	7.49
C7	Sample 31	2	1	12	76990	37	7.49
C7	Sample 31	2	1	13	81360	37	7.47
C7	Sample 31	2	1	14	85770	36.96	7.48
C7	Sample 31	2	1	15	90170	36.91	7.49
C8	Sample 32	2	1	1	28580	36.91	7.12
C8	Sample 32	2	1	2	32970	36.91	7.11
C8	Sample 32	2	1	3	37370	36.96	7.10
C8	Sample 32	2	1	4	41770	36.96	7.10
C8	Sample 32	2	1	5	46170	36.96	7.08
C8	Sample 32	2	1	6	50570	36.96	7.09
C8	Sample 32	2	1	7	54970	36.96	7.08
C8	Sample 32	2	1	8	59370	36.96	7.07
C8	Sample 32	2	1	9	63760	37	7.08
C8	Sample 32	2	1	10	68170	36.96	7.05
C8	Sample 32	2	1	11	72560	36.96	7.06
C8	Sample 32	2	1	12	76990	37	7.06
C8	Sample 32	2	1	13	81360	37	7.07
C8	Sample 32	2	1	14	85770	36.96	7.04
C8	Sample 32	2	1	15	90170	36.91	7.06
C9	Sample 33	2	1	1	28580	36.91	0.94
C9	Sample 33	2	1	2	32970	36.91	0.94
C9	Sample 33	2	1	3	37370	36.96	0.94
C9	Sample 33	2	1	4	41770	36.96	0.95
C9	Sample 33	2	1	5	46170	36.96	0.93
C9	Sample 33	2	1	6	50570	36.96	0.94
C9	Sample 33	2	1	7	54970	36.96	0.95
C9	Sample 33	2	1	8	59370	36.96	0.94
C9	Sample 33	2	1	9	63760	37	0.95
C9	Sample 33	2	1	10	68170	36.96	0.94
C9	Sample 33	2	1	11	72560	36.96	0.94
C9	Sample 33	2	1	12	76990	37	0.94
C9	Sample 33	2	1	13	81360	37	0.93
C9	Sample 33	2	1	14	85770	36.96	0.93
C9	Sample 33	2	1	15	90170	36.91	0.94
C10	Sample 34	2	1	1	28580	36.91	0.91
C10	Sample 34	2	1	2	32970	36.91	0.90
C10	Sample 34	2	1	3	37370	36.96	0.90
C10	Sample 34	2	1	4	41770	36.96	0.91
C10	Sample 34	2	1	5	46170	36.96	0.91
C10	Sample 34	2	1	6	50570	36.96	0.91
C10	Sample 34	2	1	7	54970	36.96	0.91
C10	Sample 34	2	1	8	59370	36.96	0.91
C10	Sample 34	2	1	9	63760	37	0.91
C10	Sample 34	2	1	10	68170	36.96	0.91
C10	Sample 34	2	1	11	72560	36.96	0.91
C10	Sample 34	2	1	12	76990	37	0.91
C10	Sample 34	2	1	13	81360	37	0.90
C10	Sample 34	2	1	14	85770	36.96	0.91
C10	Sample 34	2	1	15	90170	36.91	0.91
C11	Sample 35	2	1	1	28580	36.91	0.90
C11	Sample 35	2	1	2	32970	36.91	0.89
C11	Sample 35	2	1	3	37370	36.96	0.89
C11	Sample 35	2	1	4	41770	36.96	0.90
C11	Sample 35	2	1	5	46170	36.96	0.90
C11	Sample 35	2	1	6	50570	36.96	0.90
C11	Sample 35	2	1	7	54970	36.96	0.90
C11	Sample 35	2	1	8	59370	36.96	0.90
C11	Sample 35	2	1	9	63760	37	0.91
C11	Sample 35	2	1	10	68170	36.96	0.89
C11	Sample 35	2	1	11	72560	36.96	0.90
C11	Sample 35	2	1	12	76990	37	0.91
C11	Sample 35	2	1	13	81360	37	0.89
C11	Sample 35	2	1	14	85770	36.96	0.89
C11	Sample 35	2	1	15	90170	36.91	0.90
C12	Sample 36	2	1	1	28580	36.91	0.86
C12	Sample 36	2	1	2	32970	36.91	0.85
C12	Sample 36	2	1	3	37370	36.96	0.85
C12	Sample 36	2	1	4	41770	36.96	0.86
C12	Sample 36	2	1	5	46170	36.96	0.85
C12	Sample 36	2	1	6	50570	36.96	0.86
C12	Sample 36	2	1	7	54970	36.96	0.85
C12	Sample 36	2	1	8	59370	36.96	0.85
C12	Sample 36	2	1	9	63760	37	0.86
C12	Sample 36	2	1	10	68170	36.96	0.85
C12	Sample 36	2	1	11	72560	36.96	0.85
C12	Sample 36	2	1	12	76990	37	0.85
C12	Sample 36	2	1	13	81360	37	0.85
C12	Sample 36	2	1	14	85770	36.96	0.84
C12	Sample 36	2	1	15	90170	36.91	0.86
D1	Sample 37	2	1	1	28580	36.91	1.39
D1	Sample 37	2	1	2	32970	36.91	1.38
D1	Sample 37	2	1	3	37370	36.96	1.37
D1	Sample 37	2	1	4	41770	36.96	1.39
D1	Sample 37	2	1	5	46170	36.96	1.38
D1	Sample 37	2	1	6	50570	36.96	1.37
D1	Sample 37	2	1	7	54970	36.96	1.38
D1	Sample 37	2	1	8	59370	36.96	1.40
D1	Sample 37	2	1	9	63760	37	1.37
D1	Sample 37	2	1	10	68170	36.96	1.36
D1	Sample 37	2	1	11	72560	36.96	1.39
D1	Sample 37	2	1	12	76990	37	1.37
D1	Sample 37	2	1	13	81360	37	1.37
D1	Sample 37	2	1	14	85770	36.96	1.36
D1	Sample 37	2	1	15	90170	36.91	1.37
D2	Sample 38	2	1	1	28580	36.91	1.32
D2	Sample 38	2	1	2	32970	36.91	1.32
D2	Sample 38	2	1	3	37370	36.96	1.31
D2	Sample 38	2	1	4	41770	36.96	1.33
D2	Sample 38	2	1	5	46170	36.96	1.33
D2	Sample 38	2	1	6	50570	36.96	1.32
D2	Sample 38	2	1	7	54970	36.96	1.33
D2	Sample 38	2	1	8	59370	36.96	1.34
D2	Sample 38	2	1	9	63760	37	1.33
D2	Sample 38	2	1	10	68170	36.96	1.33
D2	Sample 38	2	1	11	72560	36.96	1.33
D2	Sample 38	2	1	12	76990	37	1.33
D2	Sample 38	2	1	13	81360	37	1.30
D2	Sample 38	2	1	14	85770	36.96	1.32
D2	Sample 38	2	1	15	90170	36.91	1.34
D3	Sample 39	2	1	1	28580	36.91	1.49
D3	Sample 39	2	1	2	32970	36.91	1.48
D3	Sample 39	2	1	3	37370	36.96	1.49
D3	Sample 39	2	1	4	41770	36.96	1.49
D3	Sample 39	2	1	5	46170	36.96	1.46
D3	Sample 39	2	1	6	50570	36.96	1.46
D3	Sample 39	2	1	7	54970	36.96	1.49
D3	Sample 39	2	1	8	59370	36.96	1.51
D3	Sample 39	2	1	9	63760	37	1.47
D3	Sample 39	2	1	10	68170	36.96	1.47
D3	Sample 39	2	1	11	72560	36.96	1.47
D3	Sample 39	2	1	12	76990	37	1.48
D3	Sample 39	2	1	13	81360	37	1.47
D3	Sample 39	2	1	14	85770	36.96	1.47
D3	Sample 39	2	1	15	90170	36.91	1.49
D4	Sample 40	2	1	1	28580	36.91	1.52
D4	Sample 40	2	1	2	32970	36.91	1.52
D4	Sample 40	2	1	3	37370	36.96	1.52
D4	Sample 40	2	1	4	41770	36.96	1.51
D4	Sample 40	2	1	5	46170	36.96	1.51
D4	Sample 40	2	1	6	50570	36.96	1.50
D4	Sample 40	2	1	7	54970	36.96	1.50
D4	Sample 40	2	1	8	59370	36.96	1.52
D4	Sample 40	2	1	9	63760	37	1.51
D4	Sample 40	2	1	10	68170	36.96	1.50
D4	Sample 40	2	1	11	72560	36.96	1.50
D4	Sample 40	2	1	12	76990	37	1.50
D4	Sample 40	2	1	13	81360	37	1.48
D4	Sample 40	2	1	14	85770	36.96	1.50
D4	Sample 40	2	1	15	90170	36.91	1.51
D5	Sample 41	2	1	1	28580	36.91	7.37
D5	Sample 41	2	1	2	32970	36.91	7.37
D5	Sample 41	2	1	3	37370	36.96	7.37
D5	Sample 41	2	1	4	41770	36.96	7.36
D5	Sample 41	2	1	5	46170	36.96	7.34
D5	Sample 41	2	1	6	50570	36.96	7.33
D5	Sample 41	2	1	7	54970	36.96	7.35
D5	Sample 41	2	1	8	59370	36.96	7.37
D5	Sample 41	2	1	9	63760	37	7.35
D5	Sample 41	2	1	10	68170	36.96	7.34
D5	Sample 41	2	1	11	72560	36.96	7.35
D5	Sample 41	2	1	12	76990	37	7.33
D5	Sample 41	2	1	13	81360	37	7.33
D5	Sample 41	2	1	14	85770	36.96	7.33
D5	Sample 41	2	1	15	90170	36.91	7.34
D6	Sample 42	2	1	1	28580	36.91	7.15
D6	Sample 42	2	1	2	32970	36.91	7.13
D6	Sample 42	2	1	3	37370	36.96	7.10
D6	Sample 42	2	1	4	41770	36.96	7.12
D6	Sample 42	2	1	5	46170	36.96	7.11
D6	Sample 42	2	1	6	50570	36.96	7.10
D6	Sample 42	2	1	7	54970	36.96	7.09
D6	Sample 42	2	1	8	59370	36.96	7.13
D6	Sample 42	2	1	9	63760	37	7.10
D6	Sample 42	2	1	10	68170	36.96	7.09
D6	Sample 42	2	1	11	72560	36.96	7.11
D6	Sample 42	2	1	12	76990	37	7.09
D6	Sample 42	2	1	13	81360	37	7.09
D6	Sample 42	2	1	14	85770	36.96	7.09
D6	Sample 42	2	1	15	90170	36.91	7.08
D7	Sample 43	2	1	1	28580	36.91	7.42
D7	Sample 43	2	1	2	32970	36.91	7.43
D7	Sample 43	2	1	3	37370	36.96	7.40
D7	Sample 43	2	1	4	41770	36.96	7.42
D7	Sample 43	2	1	5	46170	36.96	7.39
D7	Sample 43	2	1	6	50570	36.96	7.36
D7	Sample 43	2	1	7	54970	36.96	7.37
D7	Sample 43	2	1	8	59370	36.96	7.42
D7	Sample 43	2	1	9	63760	37	7.39
D7	Sample 43	2	1	10	68170	36.96	7.36
D7	Sample 43	2	1	11	72560	36.96	7.37
D7	Sample 43	2	1	12	76990	37	7.38
D7	Sample 43	2	1	13	81360	37	7.35
D7	Sample 43	2	1	14	85770	36.96	7.36
D7	Sample 43	2	1	15	90170	36.91	7.37
D8	Sample 44	2	1	1	28580	36.91	6.94
D8	Sample 44	2	1	2	32970	36.91	6.93
D8	Sample 44	2	1	3	37370	36.96	6.90
D8	Sample 44	2	1	4	41770	36.96	6.92
D8	Sample 44	2	1	5	46170	36.96	6.91
D8	Sample 44	2	1	6	50570	36.96	6.88
D8	Sample 44	2	1	7	54970	36.96	6.90
D8	Sample 44	2	1	8	59370	36.96	6.91
D8	Sample 44	2	1	9	63760	37	6.88
D8	Sample 44	2	1	10	68170	36.96	6.88
D8	Sample 44	2	1	11	72560	36.96	6.89
D8	Sample 44	2	1	12	76990	37	6.86
D8	Sample 44	2	1	13	81360	37	6.89
D8	Sample 44	2	1	14	85770	36.96	6.84
D8	Sample 44	2	1	15	90170	36.91	6.87
D9	Sample 45	2	1	1	28580	36.91	0.93
D9	Sample 45	2	1	2	32970	36.91	0.92
D9	Sample 45	2	1	3	37370	36.96	0.92
D9	Sample 45	2	1	4	41770	36.96	0.93
D9	Sample 45	2	1	5	46170	36.96	0.93
D9	Sample 45	2	1	6	50570	36.96	0.92
D9	Sample 45	2	1	7	54970	36.96	0.92
D9	Sample 45	2	1	8	59370	36.96	0.94
D9	Sample 45	2	1	9	63760	37	0.93
D9	Sample 45	2	1	10	68170	36.96	0.92
D9	Sample 45	2	1	11	72560	36.96	0.93
D9	Sample 45	2	1	12	76990	37	0.92
D9	Sample 45	2	1	13	81360	37	0.92
D9	Sample 45	2	1	14	85770	36.96	0.93
D9	Sample 45	2	1	15	90170	36.91	0.93
D10	Sample 46	2	1	1	28580	36.91	0.89
D10	Sample 46	2	1	2	32970	36.91	0.89
D10	Sample 46	2	1	3	37370	36.96	0.89
D10	Sample 46	2	1	4	41770	36.96	0.90
D10	Sample 46	2	1	5	46170	36.96	0.89
D10	Sample 46	2	1	6	50570	36.96	0.88
D10	Sample 46	2	1	7	54970	36.96	0.89
D10	Sample 46	2	1	8	59370	36.96	0.91
D10	Sample 46	2	1	9	63760	37	0.90
D10	Sample 46	2	1	10	68170	36.96	0.87
D10	Sample 46	2	1	11	72560	36.96	0.89
D10	Sample 46	2	1	12	76990	37	0.88
D10	Sample 46	2	1	13	81360	37	0.87
D10	Sample 46	2	1	14	85770	36.96	0.88
D10	Sample 46	2	1	15	90170	36.91	0.89
D11	Sample 47	2	1	1	28580	36.91	0.90
D11	Sample 47	2	1	2	32970	36.91	0.90
D11	Sample 47	2	1	3	37370	36.96	0.89
D11	Sample 47	2	1	4	41770	36.96	0.90
D11	Sample 47	2	1	5	46170	36.96	0.90
D11	Sample 47	2	1	6	50570	36.96	0.89
D11	Sample 47	2	1	7	54970	36.96	0.90
D11	Sample 47	2	1	8	59370	36.96	0.92
D11	Sample 47	2	1	9	63760	37	0.90
D11	Sample 47	2	1	10	68170	36.96	0.89
D11	Sample 47	2	1	11	72560	36.96	0.91
D11	Sample 47	2	1	12	76990	37	0.91
D11	Sample 47	2	1	13	81360	37	0.89
D11	Sample 47	2	1	14	85770	36.96	0.90
D11	Sample 47	2	1	15	90170	36.91	0.91
D12	Sample 48	2	1	1	28580	36.91	0.88
D12	Sample 48	2	1	2	32970	36.91	0.87
D12	Sample 48	2	1	3	37370	36.96	0.87
D12	Sample 48	2	1	4	41770	36.96	0.88
D12	Sample 48	2	1	5	46170	36.96	0.87
D12	Sample 48	2	1	6	50570	36.96	0.85
D12	Sample 48	2	1	7	54970	36.96	0.86
D12	Sample 48	2	1	8	59370	36.96	0.88
D12	Sample 48	2	1	9	63760	37	0.87
D12	Sample 48	2	1	10	68170	36.96	0.87
D12	Sample 48	2	1	11	72560	36.96	0.87
D12	Sample 48	2	1	12	76990	37	0.86
D12	Sample 48	2	1	13	81360	37	0.86
D12	Sample 48	2	1	14	85770	36.96	0.87
D12	Sample 48	2	1	15	90170	36.91	0.87
E1	Sample 49	2	1	1	28580	36.91	1.35
E1	Sample 49	2	1	2	32970	36.91	1.35
E1	Sample 49	2	1	3	37370	36.96	1.35
E1	Sample 49	2	1	4	41770	36.96	1.36
E1	Sample 49	2	1	5	46170	36.96	1.35
E1	Sample 49	2	1	6	50570	36.96	1.34
E1	Sample 49	2	1	7	54970	36.96	1.35
E1	Sample 49	2	1	8	59370	36.96	1.36
E1	Sample 49	2	1	9	63760	37	1.35
E1	Sample 49	2	1	10	68170	36.96	1.34
E1	Sample 49	2	1	11	72560	36.96	1.34
E1	Sample 49	2	1	12	76990	37	1.35
E1	Sample 49	2	1	13	81360	37	1.35
E1	Sample 49	2	1	14	85770	36.96	1.33
E1	Sample 49	2	1	15	90170	36.91	1.36
E2	Sample 50	2	1	1	28580	36.91	1.37
E2	Sample 50	2	1	2	32970	36.91	1.39
E2	Sample 50	2	1	3	37370	36.96	1.37
E2	Sample 50	2	1	4	41770	36.96	1.38
E2	Sample 50	2	1	5	46170	36.96	1.39
E2	Sample 50	2	1	6	50570	36.96	1.39
E2	Sample 50	2	1	7	54970	36.96	1.38
E2	Sample 50	2	1	8	59370	36.96	1.39
E2	Sample 50	2	1	9	63760	37	1.39
E2	Sample 50	2	1	10	68170	36.96	1.39
E2	Sample 50	2	1	11	72560	36.96	1.37
E2	Sample 50	2	1	12	76990	37	1.38
E2	Sample 50	2	1	13	81360	37	1.37
E2	Sample 50	2	1	14	85770	36.96	1.37
E2	Sample 50	2	1	15	90170	36.91	1.39
E3	Sample 51	2	1	1	28580	36.91	1.59
E3	Sample 51	2	1	2	32970	36.91	1.61
E3	Sample 51	2	1	3	37370	36.96	1.59
E3	Sample 51	2	1	4	41770	36.96	1.60
E3	Sample 51	2	1	5	46170	36.96	1.59
E3	Sample 51	2	1	6	50570	36.96	1.60
E3	Sample 51	2	1	7	54970	36.96	1.58
E3	Sample 51	2	1	8	59370	36.96	1.60
E3	Sample 51	2	1	9	63760	37	1.60
E3	Sample 51	2	1	10	68170	36.96	1.60
E3	Sample 51	2	1	11	72560	36.96	1.57
E3	Sample 51	2	1	12	76990	37	1.61
E3	Sample 51	2	1	13	81360	37	1.59
E3	Sample 51	2	1	14	85770	36.96	1.58
E3	Sample 51	2	1	15	90170	36.91	1.60
E4	Sample 52	2	1	1	28580	36.91	1.63
E4	Sample 52	2	1	2	32970	36.91	1.64
E4	Sample 52	2	1	3	37370	36.96	1.63
E4	Sample 52	2	1	4	41770	36.96	1.64
E4	Sample 52	2	1	5	46170	36.96	1.64
E4	Sample 52	2	1	6	50570	36.96	1.62
E4	Sample 52	2	1	7	54970	36.96	1.64
E4	Sample 52	2	1	8	59370	36.96	1.63
E4	Sample 52	2	1	9	63760	37	1.63
E4	Sample 52	2	1	10	68170	36.96	1.62
E4	Sample 52	2	1	11	72560	36.96	1.62
E4	Sample 52	2	1	12	76990	37	1.62
E4	Sample 52	2	1	13	81360	37	1.61
E4	Sample 52	2	1	14	85770	36.96	1.62
E4	Sample 52	2	1	15	90170	36.91	1.63
E5	Sample 53	2	1	1	28580	36.91	7.77
E5	Sample 53	2	1	2	32970	36.91	7.78
E5	Sample 53	2	1	3	37370	36.96	7.75
E5	Sample 53	2	1	4	41770	36.96	7.76
E5	Sample 53	2	1	5	46170	36.96	7.76
E5	Sample 53	2	1	6	50570	36.96	7.73
E5	Sample 53	2	1	7	54970	36.96	7.72
E5	Sample 53	2	1	8	59370	36.96	7.77
E5	Sample 53	2	1	9	63760	37	7.73
E5	Sample 53	2	1	10	68170	36.96	7.74
E5	Sample 53	2	1	11	72560	36.96	7.73
E5	Sample 53	2	1	12	76990	37	7.73
E5	Sample 53	2	1	13	81360	37	7.72
E5	Sample 53	2	1	14	85770	36.96	7.71
E5	Sample 53	2	1	15	90170	36.91	7.73
E6	Sample 54	2	1	1	28580	36.91	6.99
E6	Sample 54	2	1	2	32970	36.91	7.02
E6	Sample 54	2	1	3	37370	36.96	6.99
E6	Sample 54	2	1	4	41770	36.96	7.00
E6	Sample 54	2	1	5	46170	36.96	7.00
E6	Sample 54	2	1	6	50570	36.96	6.98
E6	Sample 54	2	1	7	54970	36.96	6.97
E6	Sample 54	2	1	8	59370	36.96	6.97
E6	Sample 54	2	1	9	63760	37	6.96
E6	Sample 54	2	1	10	68170	36.96	6.96
E6	Sample 54	2	1	11	72560	36.96	6.95
E6	Sample 54	2	1	12	76990	37	6.97
E6	Sample 54	2	1	13	81360	37	6.93
E6	Sample 54	2	1	14	85770	36.96	6.94
E6	Sample 54	2	1	15	90170	36.91	6.97
E7	Sample 55	2	1	1	28580	36.91	7.16
E7	Sample 55	2	1	2	32970	36.91	7.17
E7	Sample 55	2	1	3	37370	36.96	7.14
E7	Sample 55	2	1	4	41770	36.96	7.14
E7	Sample 55	2	1	5	46170	36.96	7.16
E7	Sample 55	2	1	6	50570	36.96	7.12
E7	Sample 55	2	1	7	54970	36.96	7.13
E7	Sample 55	2	1	8	59370	36.96	7.12
E7	Sample 55	2	1	9	63760	37	7.10
E7	Sample 55	2	1	10	68170	36.96	7.12
E7	Sample 55	2	1	11	72560	36.96	7.09
E7	Sample 55	2	1	12	76990	37	7.09
E7	Sample 55	2	1	13	81360	37	7.07
E7	Sample 55	2	1	14	85770	36.96	7.09
E7	Sample 55	2	1	15	90170	36.91	7.10
E8	Sample 56	2	1	1	28580	36.91	6.67
E8	Sample 56	2	1	2	32970	36.91	6.69
E8	Sample 56	2	1	3	37370	36.96	6.65
E8	Sample 56	2	1	4	41770	36.96	6.67
E8	Sample 56	2	1	5	46170	36.96	6.65
E8	Sample 56	2	1	6	50570	36.96	6.67
E8	Sample 56	2	1	7	54970	36.96	6.64
E8	Sample 56	2	1	8	59370	36.96	6.65
E8	Sample 56	2	1	9	63760	37	6.64
E8	Sample 56	2	1	10	68170	36.96	6.64
E8	Sample 56	2	1	11	72560	36.96	6.61
E8	Sample 56	2	1	12	76990	37	6.63
E8	Sample 56	2	1	13	81360	37	6.60
E8	Sample 56	2	1	14	85770	36.96	6.61
E8	Sample 56	2	1	15	90170	36.91	6.63
E9	Sample 57	2	1	1	28580	36.91	0.86
E9	Sample 57	2	1	2	32970	36.91	0.87
E9	Sample 57	2	1	3	37370	36.96	0.86
E9	Sample 57	2	1	4	41770	36.96	0.87
E9	Sample 57	2	1	5	46170	36.96	0.85
E9	Sample 57	2	1	6	50570	36.96	0.87
E9	Sample 57	2	1	7	54970	36.96	0.85
E9	Sample 57	2	1	8	59370	36.96	0.86
E9	Sample 57	2	1	9	63760	37	0.86
E9	Sample 57	2	1	10	68170	36.96	0.85
E9	Sample 57	2	1	11	72560	36.96	0.85
E9	Sample 57	2	1	12	76990	37	0.86
E9	Sample 57	2	1	13	81360	37	0.86
E9	Sample 57	2	1	14	85770	36.96	0.85
E9	Sample 57	2	1	15	90170	36.91	0.86
E10	Sample 58	2	1	1	28580	36.91	0.89
E10	Sample 58	2	1	2	32970	36.91	0.90
E10	Sample 58	2	1	3	37370	36.96	0.89
E10	Sample 58	2	1	4	41770	36.96	0.89
E10	Sample 58	2	1	5	46170	36.96	0.89
E10	Sample 58	2	1	6	50570	36.96	0.89
E10	Sample 58	2	1	7	54970	36.96	0.89
E10	Sample 58	2	1	8	59370	36.96	0.91
E10	Sample 58	2	1	9	63760	37	0.90
E10	Sample 58	2	1	10	68170	36.96	0.89
E10	Sample 58	2	1	11	72560	36.96	0.89
E10	Sample 58	2	1	12	76990	37	0.91
E10	Sample 58	2	1	13	81360	37	0.90
E10	Sample 58	2	1	14	85770	36.96	0.87
E10	Sample 58	2	1	15	90170	36.91	0.91
E11	Sample 59	2	1	1	28580	36.91	0.88
E11	Sample 59	2	1	2	32970	36.91	0.87
E11	Sample 59	2	1	3	37370	36.96	0.87
E11	Sample 59	2	1	4	41770	36.96	0.88
E11	Sample 59	2	1	5	46170	36.96	0.88
E11	Sample 59	2	1	6	50570	36.96	0.88
E11	Sample 59	2	1	7	54970	36.96	0.87
E11	Sample 59	2	1	8	59370	36.96	0.88
E11	Sample 59	2	1	9	63760	37	0.88
E11	Sample 59	2	1	10	68170	36.96	0.87
E11	Sample 59	2	1	11	72560	36.96	0.87
E11	Sample 59	2	1	12	76990	37	0.88
E11	Sample 59	2	1	13	81360	37	0.87
E11	Sample 59	2	1	14	85770	36.96	0.85
E11	Sample 59	2	1	15	90170	36.91	0.88
E12	Sample 60	2	1	1	28580	36.91	0.83
E12	Sample 60	2	1	2	32970	36.91	0.84
E12	Sample 60	2	1	3	37370	36.96	0.81
E12	Sample 60	2	1	4	41770	36.96	0.84
E12	Sample 60	2	1	5	46170	36.96	0.83
E12	Sample 60	2	1	6	50570	36.96	0.82
E12	Sample 60	2	1	7	54970	36.96	0.81
E12	Sample 60	2	1	8	59370	36.96	0.84
E12	Sample 60	2	1	9	63760	37	0.84
E12	Sample 60	2	1	10	68170	36.96	0.82
E12	Sample 60	2	1	11	72560	36.96	0.82
E12	Sample 60	2	1	12	76990	37	0.83
E12	Sample 60	2	1	13	81360	37	0.82
E12	Sample 60	2	1	14	85770	36.96	0.81
E12	Sample 60	2	1	15	90170	36.91	0.83
F1	Sample 61	2	1	1	28580	36.91	1.41
F1	Sample 61	2	1	2	32970	36.91	1.40
F1	Sample 61	2	1	3	37370	36.96	1.40
F1	Sample 61	2	1	4	41770	36.96	1.42
F1	Sample 61	2	1	5	46170	36.96	1.40
F1	Sample 61	2	1	6	50570	36.96	1.40
F1	Sample 61	2	1	7	54970	36.96	1.41
F1	Sample 61	2	1	8	59370	36.96	1.41
F1	Sample 61	2	1	9	63760	37	1.40
F1	Sample 61	2	1	10	68170	36.96	1.39
F1	Sample 61	2	1	11	72560	36.96	1.38
F1	Sample 61	2	1	12	76990	37	1.40
F1	Sample 61	2	1	13	81360	37	1.39
F1	Sample 61	2	1	14	85770	36.96	1.39
F1	Sample 61	2	1	15	90170	36.91	1.39
F2	Sample 62	2	1	1	28580	36.91	1.34
F2	Sample 62	2	1	2	32970	36.91	1.34
F2	Sample 62	2	1	3	37370	36.96	1.36
F2	Sample 62	2	1	4	41770	36.96	1.34
F2	Sample 62	2	1	5	46170	36.96	1.34
F2	Sample 62	2	1	6	50570	36.96	1.33
F2	Sample 62	2	1	7	54970	36.96	1.35
F2	Sample 62	2	1	8	59370	36.96	1.35
F2	Sample 62	2	1	9	63760	37	1.35
F2	Sample 62	2	1	10	68170	36.96	1.33
F2	Sample 62	2	1	11	72560	36.96	1.33
F2	Sample 62	2	1	12	76990	37	1.33
F2	Sample 62	2	1	13	81360	37	1.35
F2	Sample 62	2	1	14	85770	36.96	1.32
F2	Sample 62	2	1	15	90170	36.91	1.32
F3	Sample 63	2	1	1	28580	36.91	1.59
F3	Sample 63	2	1	2	32970	36.91	1.57
F3	Sample 63	2	1	3	37370	36.96	1.58
F3	Sample 63	2	1	4	41770	36.96	1.59
F3	Sample 63	2	1	5	46170	36.96	1.58
F3	Sample 63	2	1	6	50570	36.96	1.58
F3	Sample 63	2	1	7	54970	36.96	1.60
F3	Sample 63	2	1	8	59370	36.96	1.58
F3	Sample 63	2	1	9	63760	37	1.59
F3	Sample 63	2	1	10	68170	36.96	1.57
F3	Sample 63	2	1	11	72560	36.96	1.57
F3	Sample 63	2	1	12	76990	37	1.57
F3	Sample 63	2	1	13	81360	37	1.58
F3	Sample 63	2	1	14	85770	36.96	1.57
F3	Sample 63	2	1	15	90170	36.91	1.57
F4	Sample 64	2	1	1	28580	36.91	1.63
F4	Sample 64	2	1	2	32970	36.91	1.64
F4	Sample 64	2	1	3	37370	36.96	1.64
F4	Sample 64	2	1	4	41770	36.96	1.65
F4	Sample 64	2	1	5	46170	36.96	1.64
F4	Sample 64	2	1	6	50570	36.96	1.64
F4	Sample 64	2	1	7	54970	36.96	1.65
F4	Sample 64	2	1	8	59370	36.96	1.65
F4	Sample 64	2	1	9	63760	37	1.65
F4	Sample 64	2	1	10	68170	36.96	1.63
F4	Sample 64	2	1	11	72560	36.96	1.63
F4	Sample 64	2	1	12	76990	37	1.64
F4	Sample 64	2	1	13	81360	37	1.63
F4	Sample 64	2	1	14	85770	36.96	1.62
F4	Sample 64	2	1	15	90170	36.91	1.62
F5	Sample 65	2	1	1	28580	36.91	7.29
F5	Sample 65	2	1	2	32970	36.91	7.29
F5	Sample 65	2	1	3	37370	36.96	7.29
F5	Sample 65	2	1	4	41770	36.96	7.30
F5	Sample 65	2	1	5	46170	36.96	7.27
F5	Sample 65	2	1	6	50570	36.96	7.25
F5	Sample 65	2	1	7	54970	36.96	7.29
F5	Sample 65	2	1	8	59370	36.96	7.25
F5	Sample 65	2	1	9	63760	37	7.25
F5	Sample 65	2	1	10	68170	36.96	7.26
F5	Sample 65	2	1	11	72560	36.96	7.25
F5	Sample 65	2	1	12	76990	37	7.26
F5	Sample 65	2	1	13	81360	37	7.25
F5	Sample 65	2	1	14	85770	36.96	7.23
F5	Sample 65	2	1	15	90170	36.91	7.24
F6	Sample 66	2	1	1	28580	36.91	6.84
F6	Sample 66	2	1	2	32970	36.91	6.83
F6	Sample 66	2	1	3	37370	36.96	6.81
F6	Sample 66	2	1	4	41770	36.96	6.82
F6	Sample 66	2	1	5	46170	36.96	6.80
F6	Sample 66	2	1	6	50570	36.96	6.79
F6	Sample 66	2	1	7	54970	36.96	6.81
F6	Sample 66	2	1	8	59370	36.96	6.76
F6	Sample 66	2	1	9	63760	37	6.78
F6	Sample 66	2	1	10	68170	36.96	6.76
F6	Sample 66	2	1	11	72560	36.96	6.76
F6	Sample 66	2	1	12	76990	37	6.76
F6	Sample 66	2	1	13	81360	37	6.74
F6	Sample 66	2	1	14	85770	36.96	6.72
F6	Sample 66	2	1	15	90170	36.91	6.73
F7	Sample 67	2	1	1	28580	36.91	7.12
F7	Sample 67	2	1	2	32970	36.91	7.11
F7	Sample 67	2	1	3	37370	36.96	7.09
F7	Sample 67	2	1	4	41770	36.96	7.10
F7	Sample 67	2	1	5	46170	36.96	7.09
F7	Sample 67	2	1	6	50570	36.96	7.08
F7	Sample 67	2	1	7	54970	36.96	7.10
F7	Sample 67	2	1	8	59370	36.96	7.06
F7	Sample 67	2	1	9	63760	37	7.07
F7	Sample 67	2	1	10	68170	36.96	7.07
F7	Sample 67	2	1	11	72560	36.96	7.03
F7	Sample 67	2	1	12	76990	37	7.06
F7	Sample 67	2	1	13	81360	37	7.07
F7	Sample 67	2	1	14	85770	36.96	7.04
F7	Sample 67	2	1	15	90170	36.91	7.03
F8	Sample 68	2	1	1	28580	36.91	6.98
F8	Sample 68	2	1	2	32970	36.91	7.02
F8	Sample 68	2	1	3	37370	36.96	6.97
F8	Sample 68	2	1	4	41770	36.96	6.97
F8	Sample 68	2	1	5	46170	36.96	6.95
F8	Sample 68	2	1	6	50570	36.96	6.96
F8	Sample 68	2	1	7	54970	36.96	6.96
F8	Sample 68	2	1	8	59370	36.96	6.95
F8	Sample 68	2	1	9	63760	37	6.95
F8	Sample 68	2	1	10	68170	36.96	6.93
F8	Sample 68	2	1	11	72560	36.96	6.93
F8	Sample 68	2	1	12	76990	37	6.94
F8	Sample 68	2	1	13	81360	37	6.92
F8	Sample 68	2	1	14	85770	36.96	6.93
F8	Sample 68	2	1	15	90170	36.91	6.91
F9	Sample 69	2	1	1	28580	36.91	0.91
F9	Sample 69	2	1	2	32970	36.91	0.90
F9	Sample 69	2	1	3	37370	36.96	0.89
F9	Sample 69	2	1	4	41770	36.96	0.91
F9	Sample 69	2	1	5	46170	36.96	0.91
F9	Sample 69	2	1	6	50570	36.96	0.89
F9	Sample 69	2	1	7	54970	36.96	0.92
F9	Sample 69	2	1	8	59370	36.96	0.90
F9	Sample 69	2	1	9	63760	37	0.89
F9	Sample 69	2	1	10	68170	36.96	0.90
F9	Sample 69	2	1	11	72560	36.96	0.89
F9	Sample 69	2	1	12	76990	37	0.90
F9	Sample 69	2	1	13	81360	37	0.90
F9	Sample 69	2	1	14	85770	36.96	0.88
F9	Sample 69	2	1	15	90170	36.91	0.89
F10	Sample 70	2	1	1	28580	36.91	0.88
F10	Sample 70	2	1	2	32970	36.91	0.88
F10	Sample 70	2	1	3	37370	36.96	0.87
F10	Sample 70	2	1	4	41770	36.96	0.89
F10	Sample 70	2	1	5	46170	36.96	0.88
F10	Sample 70	2	1	6	50570	36.96	0.87
F10	Sample 70	2	1	7	54970	36.96	0.90
F10	Sample 70	2	1	8	59370	36.96	0.88
F10	Sample 70	2	1	9	63760	37	0.88
F10	Sample 70	2	1	10	68170	36.96	0.87
F10	Sample 70	2	1	11	72560	36.96	0.87
F10	Sample 70	2	1	12	76990	37	0.88
F10	Sample 70	2	1	13	81360	37	0.87
F10	Sample 70	2	1	14	85770	36.96	0.88
F10	Sample 70	2	1	15	90170	36.91	0.87
F11	Sample 71	2	1	1	28580	36.91	0.90
F11	Sample 71	2	1	2	32970	36.91	0.91
F11	Sample 71	2	1	3	37370	36.96	0.90
F11	Sample 71	2	1	4	41770	36.96	0.90
F11	Sample 71	2	1	5	46170	36.96	0.90
F11	Sample 71	2	1	6	50570	36.96	0.89
F11	Sample 71	2	1	7	54970	36.96	0.91
F11	Sample 71	2	1	8	59370	36.96	0.91
F11	Sample 71	2	1	9	63760	37	0.89
F11	Sample 71	2	1	10	68170	36.96	0.89
F11	Sample 71	2	1	11	72560	36.96	0.89
F11	Sample 71	2	1	12	76990	37	0.90
F11	Sample 71	2	1	13	81360	37	0.90
F11	Sample 71	2	1	14	85770	36.96	0.88
F11	Sample 71	2	1	15	90170	36.91	0.89
F12	Sample 72	2	1	1	28580	36.91	0.85
F12	Sample 72	2	1	2	32970	36.91	0.84
F12	Sample 72	2	1	3	37370	36.96	0.85
F12	Sample 72	2	1	4	41770	36.96	0.86
F12	Sample 72	2	1	5	46170	36.96	0.85
F12	Sample 72	2	1	6	50570	36.96	0.85
F12	Sample 72	2	1	7	54970	36.96	0.86
F12	Sample 72	2	1	8	59370	36.96	0.86
F12	Sample 72	2	1	9	63760	37	0.85
F12	Sample 72	2	1	10	68170	36.96	0.85
F12	Sample 72	2	1	11	72560	36.96	0.84
F12	Sample 72	2	1	12	76990	37	0.85
F12	Sample 72	2	1	13	81360	37	0.85
F12	Sample 72	2	1	14	85770	36.96	0.84
F12	Sample 72	2	1	15	90170	36.91	0.85
G1	Sample 73	2	1	1	28580	36.91	1.37
G1	Sample 73	2	1	2	32970	36.91	1.38
G1	Sample 73	2	1	3	37370	36.96	1.38
G1	Sample 73	2	1	4	41770	36.96	1.37
G1	Sample 73	2	1	5	46170	36.96	1.38
G1	Sample 73	2	1	6	50570	36.96	1.37
G1	Sample 73	2	1	7	54970	36.96	1.38
G1	Sample 73	2	1	8	59370	36.96	1.37
G1	Sample 73	2	1	9	63760	37	1.38
G1	Sample 73	2	1	10	68170	36.96	1.37
G1	Sample 73	2	1	11	72560	36.96	1.35
G1	Sample 73	2	1	12	76990	37	1.38
G1	Sample 73	2	1	13	81360	37	1.38
G1	Sample 73	2	1	14	85770	36.96	1.37
G1	Sample 73	2	1	15	90170	36.91	1.36
G2	Sample 74	2	1	1	28580	36.91	1.42
G2	Sample 74	2	1	2	32970	36.91	1.42
G2	Sample 74	2	1	3	37370	36.96	1.41
G2	Sample 74	2	1	4	41770	36.96	1.42
G2	Sample 74	2	1	5	46170	36.96	1.43
G2	Sample 74	2	1	6	50570	36.96	1.40
G2	Sample 74	2	1	7	54970	36.96	1.42
G2	Sample 74	2	1	8	59370	36.96	1.40
G2	Sample 74	2	1	9	63760	37	1.40
G2	Sample 74	2	1	10	68170	36.96	1.40
G2	Sample 74	2	1	11	72560	36.96	1.41
G2	Sample 74	2	1	12	76990	37	1.41
G2	Sample 74	2	1	13	81360	37	1.41
G2	Sample 74	2	1	14	85770	36.96	1.41
G2	Sample 74	2	1	15	90170	36.91	1.40
G3	Sample 75	2	1	1	28580	36.91	1.63
G3	Sample 75	2	1	2	32970	36.91	1.65
G3	Sample 75	2	1	3	37370	36.96	1.64
G3	Sample 75	2	1	4	41770	36.96	1.65
G3	Sample 75	2	1	5	46170	36.96	1.64
G3	Sample 75	2	1	6	50570	36.96	1.64
G3	Sample 75	2	1	7	54970	36.96	1.63
G3	Sample 75	2	1	8	59370	36.96	1.63
G3	Sample 75	2	1	9	63760	37	1.64
G3	Sample 75	2	1	10	68170	36.96	1.61
G3	Sample 75	2	1	11	72560	36.96	1.64
G3	Sample 75	2	1	12	76990	37	1.64
G3	Sample 75	2	1	13	81360	37	1.64
G3	Sample 75	2	1	14	85770	36.96	1.64
G3	Sample 75	2	1	15	90170	36.91	1.63
G4	Sample 76	2	1	1	28580	36.91	1.62
G4	Sample 76	2	1	2	32970	36.91	1.62
G4	Sample 76	2	1	3	37370	36.96	1.63
G4	Sample 76	2	1	4	41770	36.96	1.63
G4	Sample 76	2	1	5	46170	36.96	1.63
G4	Sample 76	2	1	6	50570	36.96	1.62
G4	Sample 76	2	1	7	54970	36.96	1.63
G4	Sample 76	2	1	8	59370	36.96	1.62
G4	Sample 76	2	1	9	63760	37	1.61
G4	Sample 76	2	1	10	68170	36.96	1.60
G4	Sample 76	2	1	11	72560	36.96	1.63
G4	Sample 76	2	1	12	76990	37	1.63
G4	Sample 76	2	1	13	81360	37	1.61
G4	Sample 76	2	1	14	85770	36.96	1.61
G4	Sample 76	2	1	15	90170	36.91	1.61
G5	Sample 77	2	1	1	28580	36.91	7.38
G5	Sample 77	2	1	2	32970	36.91	7.36
G5	Sample 77	2	1	3	37370	36.96	7.36
G5	Sample 77	2	1	4	41770	36.96	7.35
G5	Sample 77	2	1	5	46170	36.96	7.37
G5	Sample 77	2	1	6	50570	36.96	7.32
G5	Sample 77	2	1	7	54970	36.96	7.32
G5	Sample 77	2	1	8	59370	36.96	7.31
G5	Sample 77	2	1	9	63760	37	7.33
G5	Sample 77	2	1	10	68170	36.96	7.32
G5	Sample 77	2	1	11	72560	36.96	7.32
G5	Sample 77	2	1	12	76990	37	7.31
G5	Sample 77	2	1	13	81360	37	7.30
G5	Sample 77	2	1	14	85770	36.96	7.31
G5	Sample 77	2	1	15	90170	36.91	7.33
G6	Sample 78	2	1	1	28580	36.91	6.39
G6	Sample 78	2	1	2	32970	36.91	6.37
G6	Sample 78	2	1	3	37370	36.96	6.35
G6	Sample 78	2	1	4	41770	36.96	6.36
G6	Sample 78	2	1	5	46170	36.96	6.36
G6	Sample 78	2	1	6	50570	36.96	6.36
G6	Sample 78	2	1	7	54970	36.96	6.34
G6	Sample 78	2	1	8	59370	36.96	6.34
G6	Sample 78	2	1	9	63760	37	6.37
G6	Sample 78	2	1	10	68170	36.96	6.34
G6	Sample 78	2	1	11	72560	36.96	6.32
G6	Sample 78	2	1	12	76990	37	6.34
G6	Sample 78	2	1	13	81360	37	6.30
G6	Sample 78	2	1	14	85770	36.96	6.32
G6	Sample 78	2	1	15	90170	36.91	6.31
G7	Sample 79	2	1	1	28580	36.91	6.87
G7	Sample 79	2	1	2	32970	36.91	6.88
G7	Sample 79	2	1	3	37370	36.96	6.88
G7	Sample 79	2	1	4	41770	36.96	6.87
G7	Sample 79	2	1	5	46170	36.96	6.87
G7	Sample 79	2	1	6	50570	36.96	6.85
G7	Sample 79	2	1	7	54970	36.96	6.84
G7	Sample 79	2	1	8	59370	36.96	6.84
G7	Sample 79	2	1	9	63760	37	6.84
G7	Sample 79	2	1	10	68170	36.96	6.85
G7	Sample 79	2	1	11	72560	36.96	6.83
G7	Sample 79	2	1	12	76990	37	6.85
G7	Sample 79	2	1	13	81360	37	6.82
G7	Sample 79	2	1	14	85770	36.96	6.83
G7	Sample 79	2	1	15	90170	36.91	6.84
G8	Sample 80	2	1	1	28580	36.91	6.58
G8	Sample 80	2	1	2	32970	36.91	6.58
G8	Sample 80	2	1	3	37370	36.96	6.55
G8	Sample 80	2	1	4	41770	36.96	6.54
G8	Sample 80	2	1	5	46170	36.96	6.58
G8	Sample 80	2	1	6	50570	36.96	6.53
G8	Sample 80	2	1	7	54970	36.96	6.54
G8	Sample 80	2	1	8	59370	36.96	6.53
G8	Sample 80	2	1	9	63760	37	6.51
G8	Sample 80	2	1	10	68170	36.96	6.51
G8	Sample 80	2	1	11	72560	36.96	6.50
G8	Sample 80	2	1	12	76990	37	6.52
G8	Sample 80	2	1	13	81360	37	6.49
G8	Sample 80	2	1	14	85770	36.96	6.50
G8	Sample 80	2	1	15	90170	36.91	6.49
G9	Sample 81	2	1	1	28580	36.91	0.83
G9	Sample 81	2	1	2	32970	36.91	0.83
G9	Sample 81	2	1	3	37370	36.96	0.82
G9	Sample 81	2	1	4	41770	36.96	0.82
G9	Sample 81	2	1	5	46170	36.96	0.82
G9	Sample 81	2	1	6	50570	36.96	0.82
G9	Sample 81	2	1	7	54970	36.96	0.83
G9	Sample 81	2	1	8	59370	36.96	0.83
G9	Sample 81	2	1	9	63760	37	0.83
G9	Sample 81	2	1	10	68170	36.96	0.83
G9	Sample 81	2	1	11	72560	36.96	0.82
G9	Sample 81	2	1	12	76990	37	0.83
G9	Sample 81	2	1	13	81360	37	0.82
G9	Sample 81	2	1	14	85770	36.96	0.82
G9	Sample 81	2	1	15	90170	36.91	0.82
G10	Sample 82	2	1	1	28580	36.91	0.83
G10	Sample 82	2	1	2	32970	36.91	0.83
G10	Sample 82	2	1	3	37370	36.96	0.82
G10	Sample 82	2	1	4	41770	36.96	0.82
G10	Sample 82	2	1	5	46170	36.96	0.82
G10	Sample 82	2	1	6	50570	36.96	0.83
G10	Sample 82	2	1	7	54970	36.96	0.82
G10	Sample 82	2	1	8	59370	36.96	0.83
G10	Sample 82	2	1	9	63760	37	0.83
G10	Sample 82	2	1	10	68170	36.96	0.82
G10	Sample 82	2	1	11	72560	36.96	0.82
G10	Sample 82	2	1	12	76990	37	0.83
G10	Sample 82	2	1	13	81360	37	0.82
G10	Sample 82	2	1	14	85770	36.96	0.82
G10	Sample 82	2	1	15	90170	36.91	0.83
G11	Sample 83	2	1	1	28580	36.91	0.87
G11	Sample 83	2	1	2	32970	36.91	0.84
G11	Sample 83	2	1	3	37370	36.96	0.87
G11	Sample 83	2	1	4	41770	36.96	0.87
G11	Sample 83	2	1	5	46170	36.96	0.87
G11	Sample 83	2	1	6	50570	36.96	0.87
G11	Sample 83	2	1	7	54970	36.96	0.87
G11	Sample 83	2	1	8	59370	36.96	0.85
G11	Sample 83	2	1	9	63760	37	0.88
G11	Sample 83	2	1	10	68170	36.96	0.85
G11	Sample 83	2	1	11	72560	36.96	0.85
G11	Sample 83	2	1	12	76990	37	0.86
G11	Sample 83	2	1	13	81360	37	0.85
G11	Sample 83	2	1	14	85770	36.96	0.85
G11	Sample 83	2	1	15	90170	36.91	0.85
G12	Sample 84	2	1	1	28580	36.91	0.81
G12	Sample 84	2	1	2	32970	36.91	0.81
G12	Sample 84	2	1	3	37370	36.96	0.81
G12	Sample 84	2	1	4	41770	36.96	0.81
G12	Sample 84	2	1	5	46170	36.96	0.82
G12	Sample 84	2	1	6	50570	36.96	0.82
G12	Sample 84	2	1	7	54970	36.96	0.82
G12	Sample 84	2	1	8	59370	36.96	0.82
G12	Sample 84	2	1	9	63760	37	0.82
G12	Sample 84	2	1	10	68170	36.96	0.81
G12	Sample 84	2	1	11	72560	36.96	0.81
G12	Sample 84	2	1	12	76990	37	0.82
G12	Sample 84	2	1	13	81360	37	0.80
G12	Sample 84	2	1	14	85770	36.96	0.82
G12	Sample 84	2	1	15	90170	36.91	0.79
H1	Sample 85	2	1	1	28580	36.91	1.39
H1	Sample 85	2	1	2	32970	36.91	1.39
H1	Sample 85	2	1	3	37370	36.96	1.39
H1	Sample 85	2	1	4	41770	36.96	1.39
H1	Sample 85	2	1	5	46170	36.96	1.37
H1	Sample 85	2	1	6	50570	36.96	1.37
H1	Sample 85	2	1	7	54970	36.96	1.39
H1	Sample 85	2	1	8	59370	36.96	1.40
H1	Sample 85	2	1	9	63760	37	1.38
H1	Sample 85	2	1	10	68170	36.96	1.37
H1	Sample 85	2	1	11	72560	36.96	1.41
H1	Sample 85	2	1	12	76990	37	1.38
H1	Sample 85	2	1	13	81360	37	1.38
H1	Sample 85	2	1	14	85770	36.96	1.37
H1	Sample 85	2	1	15	90170	36.91	1.39
H2	Sample 86	2	1	1	28580	36.91	1.40
H2	Sample 86	2	1	2	32970	36.91	1.40
H2	Sample 86	2	1	3	37370	36.96	1.40
H2	Sample 86	2	1	4	41770	36.96	1.40
H2	Sample 86	2	1	5	46170	36.96	1.40
H2	Sample 86	2	1	6	50570	36.96	1.39
H2	Sample 86	2	1	7	54970	36.96	1.42
H2	Sample 86	2	1	8	59370	36.96	1.40
H2	Sample 86	2	1	9	63760	37	1.38
H2	Sample 86	2	1	10	68170	36.96	1.38
H2	Sample 86	2	1	11	72560	36.96	1.40
H2	Sample 86	2	1	12	76990	37	1.38
H2	Sample 86	2	1	13	81360	37	1.38
H2	Sample 86	2	1	14	85770	36.96	1.37
H2	Sample 86	2	1	15	90170	36.91	1.40
H3	Sample 87	2	1	1	28580	36.91	1.67
H3	Sample 87	2	1	2	32970	36.91	1.68
H3	Sample 87	2	1	3	37370	36.96	1.68
H3	Sample 87	2	1	4	41770	36.96	1.68
H3	Sample 87	2	1	5	46170	36.96	1.66
H3	Sample 87	2	1	6	50570	36.96	1.66
H3	Sample 87	2	1	7	54970	36.96	1.67
H3	Sample 87	2	1	8	59370	36.96	1.67
H3	Sample 87	2	1	9	63760	37	1.66
H3	Sample 87	2	1	10	68170	36.96	1.65
H3	Sample 87	2	1	11	72560	36.96	1.67
H3	Sample 87	2	1	12	76990	37	1.66
H3	Sample 87	2	1	13	81360	37	1.66
H3	Sample 87	2	1	14	85770	36.96	1.64
H3	Sample 87	2	1	15	90170	36.91	1.67
H4	Sample 88	2	1	1	28580	36.91	1.52
H4	Sample 88	2	1	2	32970	36.91	1.52
H4	Sample 88	2	1	3	37370	36.96	1.53
H4	Sample 88	2	1	4	41770	36.96	1.52
H4	Sample 88	2	1	5	46170	36.96	1.53
H4	Sample 88	2	1	6	50570	36.96	1.53
H4	Sample 88	2	1	7	54970	36.96	1.52
H4	Sample 88	2	1	8	59370	36.96	1.52
H4	Sample 88	2	1	9	63760	37	1.51
H4	Sample 88	2	1	10	68170	36.96	1.52
H4	Sample 88	2	1	11	72560	36.96	1.52
H4	Sample 88	2	1	12	76990	37	1.52
H4	Sample 88	2	1	13	81360	37	1.50
H4	Sample 88	2	1	14	85770	36.96	1.51
H4	Sample 88	2	1	15	90170	36.91	1.54
H5	Sample 89	2	1	1	28580	36.91	7.48
H5	Sample 89	2	1	2	32970	36.91	7.46
H5	Sample 89	2	1	3	37370	36.96	7.47
H5	Sample 89	2	1	4	41770	36.96	7.46
H5	Sample 89	2	1	5	46170	36.96	7.45
H5	Sample 89	2	1	6	50570	36.96	7.46
H5	Sample 89	2	1	7	54970	36.96	7.45
H5	Sample 89	2	1	8	59370	36.96	7.43
H5	Sample 89	2	1	9	63760	37	7.42
H5	Sample 89	2	1	10	68170	36.96	7.43
H5	Sample 89	2	1	11	72560	36.96	7.43
H5	Sample 89	2	1	12	76990	37	7.44
H5	Sample 89	2	1	13	81360	37	7.43
H5	Sample 89	2	1	14	85770	36.96	7.39
H5	Sample 89	2	1	15	90170	36.91	7.42
H6	Sample 90	2	1	1	28580	36.91	6.57
H6	Sample 90	2	1	2	32970	36.91	6.57
H6	Sample 90	2	1	3	37370	36.96	6.56
H6	Sample 90	2	1	4	41770	36.96	6.55
H6	Sample 90	2	1	5	46170	36.96	6.55
H6	Sample 90	2	1	6	50570	36.96	6.56
H6	Sample 90	2	1	7	54970	36.96	6.55
H6	Sample 90	2	1	8	59370	36.96	6.56
H6	Sample 90	2	1	9	63760	37	6.54
H6	Sample 90	2	1	10	68170	36.96	6.53
H6	Sample 90	2	1	11	72560	36.96	6.53
H6	Sample 90	2	1	12	76990	37	6.50
H6	Sample 90	2	1	13	81360	37	6.52
H6	Sample 90	2	1	14	85770	36.96	6.51
H6	Sample 90	2	1	15	90170	36.91	6.53
H7	Sample 91	2	1	1	28580	36.91	6.70
H7	Sample 91	2	1	2	32970	36.91	6.67
H7	Sample 91	2	1	3	37370	36.96	6.68
H7	Sample 91	2	1	4	41770	36.96	6.64
H7	Sample 91	2	1	5	46170	36.96	6.68
H7	Sample 91	2	1	6	50570	36.96	6.64
H7	Sample 91	2	1	7	54970	36.96	6.67
H7	Sample 91	2	1	8	59370	36.96	6.65
H7	Sample 91	2	1	9	63760	37	6.63
H7	Sample 91	2	1	10	68170	36.96	6.62
H7	Sample 91	2	1	11	72560	36.96	6.64
H7	Sample 91	2	1	12	76990	37	6.63
H7	Sample 91	2	1	13	81360	37	6.63
H7	Sample 91	2	1	14	85770	36.96	6.62
H7	Sample 91	2	1	15	90170	36.91	6.62
H8	Sample 92	2	1	1	28580	36.91	6.20
H8	Sample 92	2	1	2	32970	36.91	6.20
H8	Sample 92	2	1	3	37370	36.96	6.18
H8	Sample 92	2	1	4	41770	36.96	6.19
H8	Sample 92	2	1	5	46170	36.96	6.19
H8	Sample 92	2	1	6	50570	36.96	6.17
H8	Sample 92	2	1	7	54970	36.96	6.17
H8	Sample 92	2	1	8	59370	36.96	6.17
H8	Sample 92	2	1	9	63760	37	6.14
H8	Sample 92	2	1	10	68170	36.96	6.14
H8	Sample 92	2	1	11	72560	36.96	6.15
H8	Sample 92	2	1	12	76990	37	6.14
H8	Sample 92	2	1	13	81360	37	6.13
H8	Sample 92	2	1	14	85770	36.96	6.12
H8	Sample 92	2	1	15	90170	36.91	6.15
H9	Sample 93	2	1	1	28580	36.91	0.82
H9	Sample 93	2	1	2	32970	36.91	0.82
H9	Sample 93	2	1	3	37370	36.96	0.83
H9	Sample 93	2	1	4	41770	36.96	0.82
H9	Sample 93	2	1	5	46170	36.96	0.83
H9	Sample 93	2	1	6	50570	36.96	0.83
H9	Sample 93	2	1	7	54970	36.96	0.84
H9	Sample 93	2	1	8	59370	36.96	0.83
H9	Sample 93	2	1	9	63760	37	0.81
H9	Sample 93	2	1	10	68170	36.96	0.83
H9	Sample 93	2	1	11	72560	36.96	0.83
H9	Sample 93	2	1	12	76990	37	0.82
H9	Sample 93	2	1	13	81360	37	0.82
H9	Sample 93	2	1	14	85770	36.96	0.80
H9	Sample 93	2	1	15	90170	36.91	0.82
H10	Sample 94	2	1	1	28580	36.91	0.76
H10	Sample 94	2	1	2	32970	36.91	0.76
H10	Sample 94	2	1	3	37370	36.96	0.77
H10	Sample 94	2	1	4	41770	36.96	0.77
H10	Sample 94	2	1	5	46170	36.96	0.77
H10	Sample 94	2	1	6	50570	36.96	0.76
H10	Sample 94	2	1	7	54970	36.96	0.77
H10	Sample 94	2	1	8	59370	36.96	0.77
H10	Sample 94	2	1	9	63760	37	0.76
H10	Sample 94	2	1	10	68170	36.96	0.76
H10	Sample 94	2	1	11	72560	36.96	0.77
H10	Sample 94	2	1	12	76990	37	0.75
H10	Sample 94	2	1	13	81360	37	0.75
H10	Sample 94	2	1	14	85770	36.96	0.74
H10	Sample 94	2	1	15	90170	36.91	0.78
H11	Sample 95	2	1	1	28580	36.91	0.76
H11	Sample 95	2	1	2	32970	36.91	0.77
H11	Sample 95	2	1	3	37370	36.96	0.78
H11	Sample 95	2	1	4	41770	36.96	0.76
H11	Sample 95	2	1	5	46170	36.96	0.76
H11	Sample 95	2	1	6	50570	36.96	0.76
H11	Sample 95	2	1	7	54970	36.96	0.78
H11	Sample 95	2	1	8	59370	36.96	0.78
H11	Sample 95	2	1	9	63760	37	0.76
H11	Sample 95	2	1	10	68170	36.96	0.76
H11	Sample 95	2	1	11	72560	36.96	0.77
H11	Sample 95	2	1	12	76990	37	0.77
H11	Sample 95	2	1	13	81360	37	0.77
H11	Sample 95	2	1	14	85770	36.96	0.75
H11	Sample 95	2	1	15	90170	36.91	0.78
H12	Sample 96	2	1	1	28580	36.91	0.72
H12	Sample 96	2	1	2	32970	36.91	0.74
H12	Sample 96	2	1	3	37370	36.96	0.74
H12	Sample 96	2	1	4	41770	36.96	0.74
H12	Sample 96	2	1	5	46170	36.96	0.73
H12	Sample 96	2	1	6	50570	36.96	0.73
H12	Sample 96	2	1	7	54970	36.96	0.76
H12	Sample 96	2	1	8	59370	36.96	0.75
H12	Sample 96	2	1	9	63760	37	0.75
H12	Sample 96	2	1	10	68170	36.96	0.73
H12	Sample 96	2	1	11	72560	36.96	0.73
H12	Sample 96	2	1	12	76990	37	0.73
H12	Sample 96	2	1	13	81360	37	0.73
H12	Sample 96	2	1	14	85770	36.96	0.73
H12	Sample 96	2	1	15	90170	36.91	0.75
