Raw Data 		Experiment - evIC50_8_plate5_21APRIL2026 (Run on LCS480 1.5.1.62)
SamplePos	SampleName	Prog#	Seg#	Cycle#	Time	Temp	465-510	
A1	Sample 1	2	1	1	31650	36.96	1.37
A1	Sample 1	2	1	2	36480	36.96	1.36
A1	Sample 1	2	1	3	41280	36.96	1.34
A1	Sample 1	2	1	4	46180	37	1.34
A1	Sample 1	2	1	5	51080	37	1.33
A1	Sample 1	2	1	6	55990	37	1.31
A1	Sample 1	2	1	7	60880	36.96	1.32
A1	Sample 1	2	1	8	65780	37	1.32
A1	Sample 1	2	1	9	70700	36.96	1.32
A1	Sample 1	2	1	10	75590	37	1.32
A1	Sample 1	2	1	11	80490	37	1.31
A1	Sample 1	2	1	12	85390	36.96	1.31
A1	Sample 1	2	1	13	90290	36.96	1.32
A1	Sample 1	2	1	14	95090	37	1.31
A1	Sample 1	2	1	15	99880	36.96	1.31
A2	Sample 2	2	1	1	31650	36.96	1.34
A2	Sample 2	2	1	2	36480	36.96	1.33
A2	Sample 2	2	1	3	41280	36.96	1.32
A2	Sample 2	2	1	4	46180	37	1.31
A2	Sample 2	2	1	5	51080	37	1.31
A2	Sample 2	2	1	6	55990	37	1.29
A2	Sample 2	2	1	7	60880	36.96	1.30
A2	Sample 2	2	1	8	65780	37	1.29
A2	Sample 2	2	1	9	70700	36.96	1.30
A2	Sample 2	2	1	10	75590	37	1.30
A2	Sample 2	2	1	11	80490	37	1.29
A2	Sample 2	2	1	12	85390	36.96	1.28
A2	Sample 2	2	1	13	90290	36.96	1.28
A2	Sample 2	2	1	14	95090	37	1.28
A2	Sample 2	2	1	15	99880	36.96	1.29
A3	Sample 3	2	1	1	31650	36.96	1.52
A3	Sample 3	2	1	2	36480	36.96	1.50
A3	Sample 3	2	1	3	41280	36.96	1.49
A3	Sample 3	2	1	4	46180	37	1.47
A3	Sample 3	2	1	5	51080	37	1.47
A3	Sample 3	2	1	6	55990	37	1.46
A3	Sample 3	2	1	7	60880	36.96	1.46
A3	Sample 3	2	1	8	65780	37	1.45
A3	Sample 3	2	1	9	70700	36.96	1.45
A3	Sample 3	2	1	10	75590	37	1.46
A3	Sample 3	2	1	11	80490	37	1.45
A3	Sample 3	2	1	12	85390	36.96	1.44
A3	Sample 3	2	1	13	90290	36.96	1.45
A3	Sample 3	2	1	14	95090	37	1.45
A3	Sample 3	2	1	15	99880	36.96	1.46
A4	Sample 4	2	1	1	31650	36.96	1.48
A4	Sample 4	2	1	2	36480	36.96	1.46
A4	Sample 4	2	1	3	41280	36.96	1.45
A4	Sample 4	2	1	4	46180	37	1.44
A4	Sample 4	2	1	5	51080	37	1.44
A4	Sample 4	2	1	6	55990	37	1.43
A4	Sample 4	2	1	7	60880	36.96	1.43
A4	Sample 4	2	1	8	65780	37	1.42
A4	Sample 4	2	1	9	70700	36.96	1.42
A4	Sample 4	2	1	10	75590	37	1.43
A4	Sample 4	2	1	11	80490	37	1.42
A4	Sample 4	2	1	12	85390	36.96	1.42
A4	Sample 4	2	1	13	90290	36.96	1.42
A4	Sample 4	2	1	14	95090	37	1.42
A4	Sample 4	2	1	15	99880	36.96	1.43
A5	Sample 5	2	1	1	31650	36.96	0.83
A5	Sample 5	2	1	2	36480	36.96	0.82
A5	Sample 5	2	1	3	41280	36.96	0.82
A5	Sample 5	2	1	4	46180	37	0.81
A5	Sample 5	2	1	5	51080	37	0.81
A5	Sample 5	2	1	6	55990	37	0.80
A5	Sample 5	2	1	7	60880	36.96	0.79
A5	Sample 5	2	1	8	65780	37	0.79
A5	Sample 5	2	1	9	70700	36.96	0.80
A5	Sample 5	2	1	10	75590	37	0.80
A5	Sample 5	2	1	11	80490	37	0.79
A5	Sample 5	2	1	12	85390	36.96	0.79
A5	Sample 5	2	1	13	90290	36.96	0.80
A5	Sample 5	2	1	14	95090	37	0.79
A5	Sample 5	2	1	15	99880	36.96	0.80
A6	Sample 6	2	1	1	31650	36.96	0.80
A6	Sample 6	2	1	2	36480	36.96	0.80
A6	Sample 6	2	1	3	41280	36.96	0.79
A6	Sample 6	2	1	4	46180	37	0.79
A6	Sample 6	2	1	5	51080	37	0.78
A6	Sample 6	2	1	6	55990	37	0.78
A6	Sample 6	2	1	7	60880	36.96	0.78
A6	Sample 6	2	1	8	65780	37	0.78
A6	Sample 6	2	1	9	70700	36.96	0.77
A6	Sample 6	2	1	10	75590	37	0.78
A6	Sample 6	2	1	11	80490	37	0.77
A6	Sample 6	2	1	12	85390	36.96	0.77
A6	Sample 6	2	1	13	90290	36.96	0.77
A6	Sample 6	2	1	14	95090	37	0.78
A6	Sample 6	2	1	15	99880	36.96	0.78
A7	Sample 7	2	1	1	31650	36.96	0.89
A7	Sample 7	2	1	2	36480	36.96	0.88
A7	Sample 7	2	1	3	41280	36.96	0.88
A7	Sample 7	2	1	4	46180	37	0.86
A7	Sample 7	2	1	5	51080	37	0.86
A7	Sample 7	2	1	6	55990	37	0.86
A7	Sample 7	2	1	7	60880	36.96	0.85
A7	Sample 7	2	1	8	65780	37	0.85
A7	Sample 7	2	1	9	70700	36.96	0.85
A7	Sample 7	2	1	10	75590	37	0.86
A7	Sample 7	2	1	11	80490	37	0.85
A7	Sample 7	2	1	12	85390	36.96	0.84
A7	Sample 7	2	1	13	90290	36.96	0.85
A7	Sample 7	2	1	14	95090	37	0.85
A7	Sample 7	2	1	15	99880	36.96	0.86
A8	Sample 8	2	1	1	31650	36.96	0.84
A8	Sample 8	2	1	2	36480	36.96	0.83
A8	Sample 8	2	1	3	41280	36.96	0.83
A8	Sample 8	2	1	4	46180	37	0.82
A8	Sample 8	2	1	5	51080	37	0.82
A8	Sample 8	2	1	6	55990	37	0.81
A8	Sample 8	2	1	7	60880	36.96	0.81
A8	Sample 8	2	1	8	65780	37	0.81
A8	Sample 8	2	1	9	70700	36.96	0.81
A8	Sample 8	2	1	10	75590	37	0.81
A8	Sample 8	2	1	11	80490	37	0.80
A8	Sample 8	2	1	12	85390	36.96	0.80
A8	Sample 8	2	1	13	90290	36.96	0.81
A8	Sample 8	2	1	14	95090	37	0.81
A8	Sample 8	2	1	15	99880	36.96	0.81
A9	Sample 9	2	1	1	31650	36.96	2.43
A9	Sample 9	2	1	2	36480	36.96	2.41
A9	Sample 9	2	1	3	41280	36.96	2.41
A9	Sample 9	2	1	4	46180	37	2.37
A9	Sample 9	2	1	5	51080	37	2.37
A9	Sample 9	2	1	6	55990	37	2.37
A9	Sample 9	2	1	7	60880	36.96	2.35
A9	Sample 9	2	1	8	65780	37	2.35
A9	Sample 9	2	1	9	70700	36.96	2.36
A9	Sample 9	2	1	10	75590	37	2.36
A9	Sample 9	2	1	11	80490	37	2.35
A9	Sample 9	2	1	12	85390	36.96	2.34
A9	Sample 9	2	1	13	90290	36.96	2.35
A9	Sample 9	2	1	14	95090	37	2.35
A9	Sample 9	2	1	15	99880	36.96	2.36
A10	Sample 10	2	1	1	31650	36.96	2.41
A10	Sample 10	2	1	2	36480	36.96	2.38
A10	Sample 10	2	1	3	41280	36.96	2.37
A10	Sample 10	2	1	4	46180	37	2.35
A10	Sample 10	2	1	5	51080	37	2.33
A10	Sample 10	2	1	6	55990	37	2.32
A10	Sample 10	2	1	7	60880	36.96	2.32
A10	Sample 10	2	1	8	65780	37	2.31
A10	Sample 10	2	1	9	70700	36.96	2.31
A10	Sample 10	2	1	10	75590	37	2.31
A10	Sample 10	2	1	11	80490	37	2.29
A10	Sample 10	2	1	12	85390	36.96	2.30
A10	Sample 10	2	1	13	90290	36.96	2.29
A10	Sample 10	2	1	14	95090	37	2.30
A10	Sample 10	2	1	15	99880	36.96	2.31
A11	Sample 11	2	1	1	31650	36.96	2.47
A11	Sample 11	2	1	2	36480	36.96	2.45
A11	Sample 11	2	1	3	41280	36.96	2.42
A11	Sample 11	2	1	4	46180	37	2.42
A11	Sample 11	2	1	5	51080	37	2.41
A11	Sample 11	2	1	6	55990	37	2.40
A11	Sample 11	2	1	7	60880	36.96	2.40
A11	Sample 11	2	1	8	65780	37	2.39
A11	Sample 11	2	1	9	70700	36.96	2.39
A11	Sample 11	2	1	10	75590	37	2.39
A11	Sample 11	2	1	11	80490	37	2.39
A11	Sample 11	2	1	12	85390	36.96	2.38
A11	Sample 11	2	1	13	90290	36.96	2.39
A11	Sample 11	2	1	14	95090	37	2.39
A11	Sample 11	2	1	15	99880	36.96	2.39
A12	Sample 12	2	1	1	31650	36.96	2.23
A12	Sample 12	2	1	2	36480	36.96	2.20
A12	Sample 12	2	1	3	41280	36.96	2.19
A12	Sample 12	2	1	4	46180	37	2.16
A12	Sample 12	2	1	5	51080	37	2.14
A12	Sample 12	2	1	6	55990	37	2.15
A12	Sample 12	2	1	7	60880	36.96	2.13
A12	Sample 12	2	1	8	65780	37	2.14
A12	Sample 12	2	1	9	70700	36.96	2.14
A12	Sample 12	2	1	10	75590	37	2.13
A12	Sample 12	2	1	11	80490	37	2.13
A12	Sample 12	2	1	12	85390	36.96	2.13
A12	Sample 12	2	1	13	90290	36.96	2.13
A12	Sample 12	2	1	14	95090	37	2.11
A12	Sample 12	2	1	15	99880	36.96	2.13
B1	Sample 13	2	1	1	31650	36.96	1.30
B1	Sample 13	2	1	2	36480	36.96	1.28
B1	Sample 13	2	1	3	41280	36.96	1.27
B1	Sample 13	2	1	4	46180	37	1.26
B1	Sample 13	2	1	5	51080	37	1.26
B1	Sample 13	2	1	6	55990	37	1.25
B1	Sample 13	2	1	7	60880	36.96	1.24
B1	Sample 13	2	1	8	65780	37	1.24
B1	Sample 13	2	1	9	70700	36.96	1.24
B1	Sample 13	2	1	10	75590	37	1.24
B1	Sample 13	2	1	11	80490	37	1.23
B1	Sample 13	2	1	12	85390	36.96	1.23
B1	Sample 13	2	1	13	90290	36.96	1.23
B1	Sample 13	2	1	14	95090	37	1.24
B1	Sample 13	2	1	15	99880	36.96	1.24
B2	Sample 14	2	1	1	31650	36.96	1.27
B2	Sample 14	2	1	2	36480	36.96	1.26
B2	Sample 14	2	1	3	41280	36.96	1.25
B2	Sample 14	2	1	4	46180	37	1.24
B2	Sample 14	2	1	5	51080	37	1.23
B2	Sample 14	2	1	6	55990	37	1.23
B2	Sample 14	2	1	7	60880	36.96	1.22
B2	Sample 14	2	1	8	65780	37	1.21
B2	Sample 14	2	1	9	70700	36.96	1.21
B2	Sample 14	2	1	10	75590	37	1.22
B2	Sample 14	2	1	11	80490	37	1.20
B2	Sample 14	2	1	12	85390	36.96	1.21
B2	Sample 14	2	1	13	90290	36.96	1.21
B2	Sample 14	2	1	14	95090	37	1.21
B2	Sample 14	2	1	15	99880	36.96	1.22
B3	Sample 15	2	1	1	31650	36.96	1.43
B3	Sample 15	2	1	2	36480	36.96	1.42
B3	Sample 15	2	1	3	41280	36.96	1.40
B3	Sample 15	2	1	4	46180	37	1.40
B3	Sample 15	2	1	5	51080	37	1.39
B3	Sample 15	2	1	6	55990	37	1.38
B3	Sample 15	2	1	7	60880	36.96	1.38
B3	Sample 15	2	1	8	65780	37	1.38
B3	Sample 15	2	1	9	70700	36.96	1.38
B3	Sample 15	2	1	10	75590	37	1.39
B3	Sample 15	2	1	11	80490	37	1.37
B3	Sample 15	2	1	12	85390	36.96	1.37
B3	Sample 15	2	1	13	90290	36.96	1.36
B3	Sample 15	2	1	14	95090	37	1.37
B3	Sample 15	2	1	15	99880	36.96	1.38
B4	Sample 16	2	1	1	31650	36.96	1.43
B4	Sample 16	2	1	2	36480	36.96	1.42
B4	Sample 16	2	1	3	41280	36.96	1.40
B4	Sample 16	2	1	4	46180	37	1.40
B4	Sample 16	2	1	5	51080	37	1.39
B4	Sample 16	2	1	6	55990	37	1.39
B4	Sample 16	2	1	7	60880	36.96	1.38
B4	Sample 16	2	1	8	65780	37	1.37
B4	Sample 16	2	1	9	70700	36.96	1.36
B4	Sample 16	2	1	10	75590	37	1.38
B4	Sample 16	2	1	11	80490	37	1.36
B4	Sample 16	2	1	12	85390	36.96	1.37
B4	Sample 16	2	1	13	90290	36.96	1.36
B4	Sample 16	2	1	14	95090	37	1.36
B4	Sample 16	2	1	15	99880	36.96	1.38
B5	Sample 17	2	1	1	31650	36.96	0.77
B5	Sample 17	2	1	2	36480	36.96	0.77
B5	Sample 17	2	1	3	41280	36.96	0.76
B5	Sample 17	2	1	4	46180	37	0.75
B5	Sample 17	2	1	5	51080	37	0.74
B5	Sample 17	2	1	6	55990	37	0.75
B5	Sample 17	2	1	7	60880	36.96	0.73
B5	Sample 17	2	1	8	65780	37	0.73
B5	Sample 17	2	1	9	70700	36.96	0.74
B5	Sample 17	2	1	10	75590	37	0.75
B5	Sample 17	2	1	11	80490	37	0.73
B5	Sample 17	2	1	12	85390	36.96	0.73
B5	Sample 17	2	1	13	90290	36.96	0.73
B5	Sample 17	2	1	14	95090	37	0.73
B5	Sample 17	2	1	15	99880	36.96	0.75
B6	Sample 18	2	1	1	31650	36.96	0.77
B6	Sample 18	2	1	2	36480	36.96	0.77
B6	Sample 18	2	1	3	41280	36.96	0.77
B6	Sample 18	2	1	4	46180	37	0.76
B6	Sample 18	2	1	5	51080	37	0.75
B6	Sample 18	2	1	6	55990	37	0.75
B6	Sample 18	2	1	7	60880	36.96	0.74
B6	Sample 18	2	1	8	65780	37	0.74
B6	Sample 18	2	1	9	70700	36.96	0.75
B6	Sample 18	2	1	10	75590	37	0.75
B6	Sample 18	2	1	11	80490	37	0.74
B6	Sample 18	2	1	12	85390	36.96	0.74
B6	Sample 18	2	1	13	90290	36.96	0.74
B6	Sample 18	2	1	14	95090	37	0.75
B6	Sample 18	2	1	15	99880	36.96	0.75
B7	Sample 19	2	1	1	31650	36.96	0.79
B7	Sample 19	2	1	2	36480	36.96	0.79
B7	Sample 19	2	1	3	41280	36.96	0.78
B7	Sample 19	2	1	4	46180	37	0.78
B7	Sample 19	2	1	5	51080	37	0.77
B7	Sample 19	2	1	6	55990	37	0.77
B7	Sample 19	2	1	7	60880	36.96	0.76
B7	Sample 19	2	1	8	65780	37	0.76
B7	Sample 19	2	1	9	70700	36.96	0.77
B7	Sample 19	2	1	10	75590	37	0.77
B7	Sample 19	2	1	11	80490	37	0.76
B7	Sample 19	2	1	12	85390	36.96	0.76
B7	Sample 19	2	1	13	90290	36.96	0.76
B7	Sample 19	2	1	14	95090	37	0.77
B7	Sample 19	2	1	15	99880	36.96	0.77
B8	Sample 20	2	1	1	31650	36.96	0.74
B8	Sample 20	2	1	2	36480	36.96	0.74
B8	Sample 20	2	1	3	41280	36.96	0.73
B8	Sample 20	2	1	4	46180	37	0.73
B8	Sample 20	2	1	5	51080	37	0.72
B8	Sample 20	2	1	6	55990	37	0.72
B8	Sample 20	2	1	7	60880	36.96	0.71
B8	Sample 20	2	1	8	65780	37	0.72
B8	Sample 20	2	1	9	70700	36.96	0.71
B8	Sample 20	2	1	10	75590	37	0.72
B8	Sample 20	2	1	11	80490	37	0.71
B8	Sample 20	2	1	12	85390	36.96	0.72
B8	Sample 20	2	1	13	90290	36.96	0.71
B8	Sample 20	2	1	14	95090	37	0.71
B8	Sample 20	2	1	15	99880	36.96	0.72
B9	Sample 21	2	1	1	31650	36.96	2.42
B9	Sample 21	2	1	2	36480	36.96	2.41
B9	Sample 21	2	1	3	41280	36.96	2.38
B9	Sample 21	2	1	4	46180	37	2.37
B9	Sample 21	2	1	5	51080	37	2.35
B9	Sample 21	2	1	6	55990	37	2.35
B9	Sample 21	2	1	7	60880	36.96	2.34
B9	Sample 21	2	1	8	65780	37	2.34
B9	Sample 21	2	1	9	70700	36.96	2.33
B9	Sample 21	2	1	10	75590	37	2.34
B9	Sample 21	2	1	11	80490	37	2.32
B9	Sample 21	2	1	12	85390	36.96	2.32
B9	Sample 21	2	1	13	90290	36.96	2.33
B9	Sample 21	2	1	14	95090	37	2.33
B9	Sample 21	2	1	15	99880	36.96	2.34
B10	Sample 22	2	1	1	31650	36.96	2.38
B10	Sample 22	2	1	2	36480	36.96	2.35
B10	Sample 22	2	1	3	41280	36.96	2.34
B10	Sample 22	2	1	4	46180	37	2.32
B10	Sample 22	2	1	5	51080	37	2.30
B10	Sample 22	2	1	6	55990	37	2.30
B10	Sample 22	2	1	7	60880	36.96	2.29
B10	Sample 22	2	1	8	65780	37	2.28
B10	Sample 22	2	1	9	70700	36.96	2.28
B10	Sample 22	2	1	10	75590	37	2.28
B10	Sample 22	2	1	11	80490	37	2.27
B10	Sample 22	2	1	12	85390	36.96	2.27
B10	Sample 22	2	1	13	90290	36.96	2.26
B10	Sample 22	2	1	14	95090	37	2.27
B10	Sample 22	2	1	15	99880	36.96	2.29
B11	Sample 23	2	1	1	31650	36.96	2.56
B11	Sample 23	2	1	2	36480	36.96	2.54
B11	Sample 23	2	1	3	41280	36.96	2.52
B11	Sample 23	2	1	4	46180	37	2.50
B11	Sample 23	2	1	5	51080	37	2.49
B11	Sample 23	2	1	6	55990	37	2.48
B11	Sample 23	2	1	7	60880	36.96	2.47
B11	Sample 23	2	1	8	65780	37	2.47
B11	Sample 23	2	1	9	70700	36.96	2.48
B11	Sample 23	2	1	10	75590	37	2.47
B11	Sample 23	2	1	11	80490	37	2.47
B11	Sample 23	2	1	12	85390	36.96	2.48
B11	Sample 23	2	1	13	90290	36.96	2.47
B11	Sample 23	2	1	14	95090	37	2.47
B11	Sample 23	2	1	15	99880	36.96	2.47
B12	Sample 24	2	1	1	31650	36.96	2.35
B12	Sample 24	2	1	2	36480	36.96	2.33
B12	Sample 24	2	1	3	41280	36.96	2.30
B12	Sample 24	2	1	4	46180	37	2.29
B12	Sample 24	2	1	5	51080	37	2.28
B12	Sample 24	2	1	6	55990	37	2.26
B12	Sample 24	2	1	7	60880	36.96	2.26
B12	Sample 24	2	1	8	65780	37	2.25
B12	Sample 24	2	1	9	70700	36.96	2.25
B12	Sample 24	2	1	10	75590	37	2.25
B12	Sample 24	2	1	11	80490	37	2.25
B12	Sample 24	2	1	12	85390	36.96	2.24
B12	Sample 24	2	1	13	90290	36.96	2.24
B12	Sample 24	2	1	14	95090	37	2.24
B12	Sample 24	2	1	15	99880	36.96	2.24
C1	Sample 25	2	1	1	31650	36.96	1.31
C1	Sample 25	2	1	2	36480	36.96	1.29
C1	Sample 25	2	1	3	41280	36.96	1.28
C1	Sample 25	2	1	4	46180	37	1.28
C1	Sample 25	2	1	5	51080	37	1.27
C1	Sample 25	2	1	6	55990	37	1.26
C1	Sample 25	2	1	7	60880	36.96	1.26
C1	Sample 25	2	1	8	65780	37	1.26
C1	Sample 25	2	1	9	70700	36.96	1.25
C1	Sample 25	2	1	10	75590	37	1.25
C1	Sample 25	2	1	11	80490	37	1.25
C1	Sample 25	2	1	12	85390	36.96	1.25
C1	Sample 25	2	1	13	90290	36.96	1.25
C1	Sample 25	2	1	14	95090	37	1.25
C1	Sample 25	2	1	15	99880	36.96	1.26
C2	Sample 26	2	1	1	31650	36.96	1.34
C2	Sample 26	2	1	2	36480	36.96	1.32
C2	Sample 26	2	1	3	41280	36.96	1.31
C2	Sample 26	2	1	4	46180	37	1.30
C2	Sample 26	2	1	5	51080	37	1.29
C2	Sample 26	2	1	6	55990	37	1.29
C2	Sample 26	2	1	7	60880	36.96	1.28
C2	Sample 26	2	1	8	65780	37	1.29
C2	Sample 26	2	1	9	70700	36.96	1.28
C2	Sample 26	2	1	10	75590	37	1.28
C2	Sample 26	2	1	11	80490	37	1.28
C2	Sample 26	2	1	12	85390	36.96	1.28
C2	Sample 26	2	1	13	90290	36.96	1.27
C2	Sample 26	2	1	14	95090	37	1.28
C2	Sample 26	2	1	15	99880	36.96	1.28
C3	Sample 27	2	1	1	31650	36.96	1.45
C3	Sample 27	2	1	2	36480	36.96	1.43
C3	Sample 27	2	1	3	41280	36.96	1.42
C3	Sample 27	2	1	4	46180	37	1.41
C3	Sample 27	2	1	5	51080	37	1.40
C3	Sample 27	2	1	6	55990	37	1.40
C3	Sample 27	2	1	7	60880	36.96	1.40
C3	Sample 27	2	1	8	65780	37	1.40
C3	Sample 27	2	1	9	70700	36.96	1.39
C3	Sample 27	2	1	10	75590	37	1.39
C3	Sample 27	2	1	11	80490	37	1.39
C3	Sample 27	2	1	12	85390	36.96	1.39
C3	Sample 27	2	1	13	90290	36.96	1.39
C3	Sample 27	2	1	14	95090	37	1.39
C3	Sample 27	2	1	15	99880	36.96	1.40
C4	Sample 28	2	1	1	31650	36.96	1.42
C4	Sample 28	2	1	2	36480	36.96	1.40
C4	Sample 28	2	1	3	41280	36.96	1.39
C4	Sample 28	2	1	4	46180	37	1.38
C4	Sample 28	2	1	5	51080	37	1.37
C4	Sample 28	2	1	6	55990	37	1.36
C4	Sample 28	2	1	7	60880	36.96	1.35
C4	Sample 28	2	1	8	65780	37	1.37
C4	Sample 28	2	1	9	70700	36.96	1.35
C4	Sample 28	2	1	10	75590	37	1.35
C4	Sample 28	2	1	11	80490	37	1.36
C4	Sample 28	2	1	12	85390	36.96	1.35
C4	Sample 28	2	1	13	90290	36.96	1.35
C4	Sample 28	2	1	14	95090	37	1.35
C4	Sample 28	2	1	15	99880	36.96	1.36
C5	Sample 29	2	1	1	31650	36.96	0.82
C5	Sample 29	2	1	2	36480	36.96	0.81
C5	Sample 29	2	1	3	41280	36.96	0.80
C5	Sample 29	2	1	4	46180	37	0.80
C5	Sample 29	2	1	5	51080	37	0.79
C5	Sample 29	2	1	6	55990	37	0.80
C5	Sample 29	2	1	7	60880	36.96	0.79
C5	Sample 29	2	1	8	65780	37	0.79
C5	Sample 29	2	1	9	70700	36.96	0.79
C5	Sample 29	2	1	10	75590	37	0.79
C5	Sample 29	2	1	11	80490	37	0.79
C5	Sample 29	2	1	12	85390	36.96	0.78
C5	Sample 29	2	1	13	90290	36.96	0.78
C5	Sample 29	2	1	14	95090	37	0.78
C5	Sample 29	2	1	15	99880	36.96	0.79
C6	Sample 30	2	1	1	31650	36.96	0.89
C6	Sample 30	2	1	2	36480	36.96	0.87
C6	Sample 30	2	1	3	41280	36.96	0.87
C6	Sample 30	2	1	4	46180	37	0.86
C6	Sample 30	2	1	5	51080	37	0.86
C6	Sample 30	2	1	6	55990	37	0.86
C6	Sample 30	2	1	7	60880	36.96	0.85
C6	Sample 30	2	1	8	65780	37	0.86
C6	Sample 30	2	1	9	70700	36.96	0.85
C6	Sample 30	2	1	10	75590	37	0.85
C6	Sample 30	2	1	11	80490	37	0.85
C6	Sample 30	2	1	12	85390	36.96	0.85
C6	Sample 30	2	1	13	90290	36.96	0.85
C6	Sample 30	2	1	14	95090	37	0.85
C6	Sample 30	2	1	15	99880	36.96	0.85
C7	Sample 31	2	1	1	31650	36.96	0.79
C7	Sample 31	2	1	2	36480	36.96	0.77
C7	Sample 31	2	1	3	41280	36.96	0.77
C7	Sample 31	2	1	4	46180	37	0.77
C7	Sample 31	2	1	5	51080	37	0.76
C7	Sample 31	2	1	6	55990	37	0.76
C7	Sample 31	2	1	7	60880	36.96	0.76
C7	Sample 31	2	1	8	65780	37	0.76
C7	Sample 31	2	1	9	70700	36.96	0.75
C7	Sample 31	2	1	10	75590	37	0.75
C7	Sample 31	2	1	11	80490	37	0.76
C7	Sample 31	2	1	12	85390	36.96	0.75
C7	Sample 31	2	1	13	90290	36.96	0.75
C7	Sample 31	2	1	14	95090	37	0.75
C7	Sample 31	2	1	15	99880	36.96	0.76
C8	Sample 32	2	1	1	31650	36.96	0.76
C8	Sample 32	2	1	2	36480	36.96	0.76
C8	Sample 32	2	1	3	41280	36.96	0.74
C8	Sample 32	2	1	4	46180	37	0.74
C8	Sample 32	2	1	5	51080	37	0.73
C8	Sample 32	2	1	6	55990	37	0.74
C8	Sample 32	2	1	7	60880	36.96	0.73
C8	Sample 32	2	1	8	65780	37	0.73
C8	Sample 32	2	1	9	70700	36.96	0.73
C8	Sample 32	2	1	10	75590	37	0.73
C8	Sample 32	2	1	11	80490	37	0.74
C8	Sample 32	2	1	12	85390	36.96	0.73
C8	Sample 32	2	1	13	90290	36.96	0.73
C8	Sample 32	2	1	14	95090	37	0.74
C8	Sample 32	2	1	15	99880	36.96	0.74
C9	Sample 33	2	1	1	31650	36.96	2.48
C9	Sample 33	2	1	2	36480	36.96	2.45
C9	Sample 33	2	1	3	41280	36.96	2.43
C9	Sample 33	2	1	4	46180	37	2.40
C9	Sample 33	2	1	5	51080	37	2.39
C9	Sample 33	2	1	6	55990	37	2.40
C9	Sample 33	2	1	7	60880	36.96	2.39
C9	Sample 33	2	1	8	65780	37	2.39
C9	Sample 33	2	1	9	70700	36.96	2.37
C9	Sample 33	2	1	10	75590	37	2.38
C9	Sample 33	2	1	11	80490	37	2.37
C9	Sample 33	2	1	12	85390	36.96	2.38
C9	Sample 33	2	1	13	90290	36.96	2.37
C9	Sample 33	2	1	14	95090	37	2.38
C9	Sample 33	2	1	15	99880	36.96	2.38
C10	Sample 34	2	1	1	31650	36.96	2.37
C10	Sample 34	2	1	2	36480	36.96	2.35
C10	Sample 34	2	1	3	41280	36.96	2.32
C10	Sample 34	2	1	4	46180	37	2.30
C10	Sample 34	2	1	5	51080	37	2.29
C10	Sample 34	2	1	6	55990	37	2.28
C10	Sample 34	2	1	7	60880	36.96	2.28
C10	Sample 34	2	1	8	65780	37	2.28
C10	Sample 34	2	1	9	70700	36.96	2.27
C10	Sample 34	2	1	10	75590	37	2.27
C10	Sample 34	2	1	11	80490	37	2.27
C10	Sample 34	2	1	12	85390	36.96	2.26
C10	Sample 34	2	1	13	90290	36.96	2.26
C10	Sample 34	2	1	14	95090	37	2.27
C10	Sample 34	2	1	15	99880	36.96	2.26
C11	Sample 35	2	1	1	31650	36.96	2.50
C11	Sample 35	2	1	2	36480	36.96	2.47
C11	Sample 35	2	1	3	41280	36.96	2.44
C11	Sample 35	2	1	4	46180	37	2.44
C11	Sample 35	2	1	5	51080	37	2.43
C11	Sample 35	2	1	6	55990	37	2.41
C11	Sample 35	2	1	7	60880	36.96	2.41
C11	Sample 35	2	1	8	65780	37	2.40
C11	Sample 35	2	1	9	70700	36.96	2.40
C11	Sample 35	2	1	10	75590	37	2.40
C11	Sample 35	2	1	11	80490	37	2.41
C11	Sample 35	2	1	12	85390	36.96	2.40
C11	Sample 35	2	1	13	90290	36.96	2.39
C11	Sample 35	2	1	14	95090	37	2.39
C11	Sample 35	2	1	15	99880	36.96	2.40
C12	Sample 36	2	1	1	31650	36.96	2.31
C12	Sample 36	2	1	2	36480	36.96	2.29
C12	Sample 36	2	1	3	41280	36.96	2.27
C12	Sample 36	2	1	4	46180	37	2.26
C12	Sample 36	2	1	5	51080	37	2.24
C12	Sample 36	2	1	6	55990	37	2.23
C12	Sample 36	2	1	7	60880	36.96	2.23
C12	Sample 36	2	1	8	65780	37	2.22
C12	Sample 36	2	1	9	70700	36.96	2.23
C12	Sample 36	2	1	10	75590	37	2.22
C12	Sample 36	2	1	11	80490	37	2.21
C12	Sample 36	2	1	12	85390	36.96	2.21
C12	Sample 36	2	1	13	90290	36.96	2.21
C12	Sample 36	2	1	14	95090	37	2.21
C12	Sample 36	2	1	15	99880	36.96	2.21
D1	Sample 37	2	1	1	31650	36.96	1.33
D1	Sample 37	2	1	2	36480	36.96	1.33
D1	Sample 37	2	1	3	41280	36.96	1.31
D1	Sample 37	2	1	4	46180	37	1.30
D1	Sample 37	2	1	5	51080	37	1.30
D1	Sample 37	2	1	6	55990	37	1.28
D1	Sample 37	2	1	7	60880	36.96	1.28
D1	Sample 37	2	1	8	65780	37	1.28
D1	Sample 37	2	1	9	70700	36.96	1.27
D1	Sample 37	2	1	10	75590	37	1.28
D1	Sample 37	2	1	11	80490	37	1.27
D1	Sample 37	2	1	12	85390	36.96	1.27
D1	Sample 37	2	1	13	90290	36.96	1.27
D1	Sample 37	2	1	14	95090	37	1.27
D1	Sample 37	2	1	15	99880	36.96	1.27
D2	Sample 38	2	1	1	31650	36.96	1.30
D2	Sample 38	2	1	2	36480	36.96	1.29
D2	Sample 38	2	1	3	41280	36.96	1.28
D2	Sample 38	2	1	4	46180	37	1.27
D2	Sample 38	2	1	5	51080	37	1.26
D2	Sample 38	2	1	6	55990	37	1.26
D2	Sample 38	2	1	7	60880	36.96	1.25
D2	Sample 38	2	1	8	65780	37	1.25
D2	Sample 38	2	1	9	70700	36.96	1.26
D2	Sample 38	2	1	10	75590	37	1.26
D2	Sample 38	2	1	11	80490	37	1.24
D2	Sample 38	2	1	12	85390	36.96	1.24
D2	Sample 38	2	1	13	90290	36.96	1.25
D2	Sample 38	2	1	14	95090	37	1.24
D2	Sample 38	2	1	15	99880	36.96	1.25
D3	Sample 39	2	1	1	31650	36.96	1.43
D3	Sample 39	2	1	2	36480	36.96	1.41
D3	Sample 39	2	1	3	41280	36.96	1.40
D3	Sample 39	2	1	4	46180	37	1.39
D3	Sample 39	2	1	5	51080	37	1.38
D3	Sample 39	2	1	6	55990	37	1.38
D3	Sample 39	2	1	7	60880	36.96	1.38
D3	Sample 39	2	1	8	65780	37	1.37
D3	Sample 39	2	1	9	70700	36.96	1.37
D3	Sample 39	2	1	10	75590	37	1.39
D3	Sample 39	2	1	11	80490	37	1.37
D3	Sample 39	2	1	12	85390	36.96	1.37
D3	Sample 39	2	1	13	90290	36.96	1.37
D3	Sample 39	2	1	14	95090	37	1.37
D3	Sample 39	2	1	15	99880	36.96	1.38
D4	Sample 40	2	1	1	31650	36.96	1.41
D4	Sample 40	2	1	2	36480	36.96	1.39
D4	Sample 40	2	1	3	41280	36.96	1.38
D4	Sample 40	2	1	4	46180	37	1.37
D4	Sample 40	2	1	5	51080	37	1.35
D4	Sample 40	2	1	6	55990	37	1.35
D4	Sample 40	2	1	7	60880	36.96	1.34
D4	Sample 40	2	1	8	65780	37	1.34
D4	Sample 40	2	1	9	70700	36.96	1.34
D4	Sample 40	2	1	10	75590	37	1.35
D4	Sample 40	2	1	11	80490	37	1.34
D4	Sample 40	2	1	12	85390	36.96	1.33
D4	Sample 40	2	1	13	90290	36.96	1.34
D4	Sample 40	2	1	14	95090	37	1.33
D4	Sample 40	2	1	15	99880	36.96	1.34
D5	Sample 41	2	1	1	31650	36.96	0.86
D5	Sample 41	2	1	2	36480	36.96	0.86
D5	Sample 41	2	1	3	41280	36.96	0.85
D5	Sample 41	2	1	4	46180	37	0.84
D5	Sample 41	2	1	5	51080	37	0.83
D5	Sample 41	2	1	6	55990	37	0.83
D5	Sample 41	2	1	7	60880	36.96	0.83
D5	Sample 41	2	1	8	65780	37	0.82
D5	Sample 41	2	1	9	70700	36.96	0.83
D5	Sample 41	2	1	10	75590	37	0.83
D5	Sample 41	2	1	11	80490	37	0.82
D5	Sample 41	2	1	12	85390	36.96	0.82
D5	Sample 41	2	1	13	90290	36.96	0.82
D5	Sample 41	2	1	14	95090	37	0.82
D5	Sample 41	2	1	15	99880	36.96	0.83
D6	Sample 42	2	1	1	31650	36.96	0.89
D6	Sample 42	2	1	2	36480	36.96	0.89
D6	Sample 42	2	1	3	41280	36.96	0.87
D6	Sample 42	2	1	4	46180	37	0.88
D6	Sample 42	2	1	5	51080	37	0.86
D6	Sample 42	2	1	6	55990	37	0.87
D6	Sample 42	2	1	7	60880	36.96	0.86
D6	Sample 42	2	1	8	65780	37	0.85
D6	Sample 42	2	1	9	70700	36.96	0.86
D6	Sample 42	2	1	10	75590	37	0.87
D6	Sample 42	2	1	11	80490	37	0.85
D6	Sample 42	2	1	12	85390	36.96	0.85
D6	Sample 42	2	1	13	90290	36.96	0.86
D6	Sample 42	2	1	14	95090	37	0.85
D6	Sample 42	2	1	15	99880	36.96	0.86
D7	Sample 43	2	1	1	31650	36.96	0.88
D7	Sample 43	2	1	2	36480	36.96	0.88
D7	Sample 43	2	1	3	41280	36.96	0.86
D7	Sample 43	2	1	4	46180	37	0.86
D7	Sample 43	2	1	5	51080	37	0.85
D7	Sample 43	2	1	6	55990	37	0.86
D7	Sample 43	2	1	7	60880	36.96	0.84
D7	Sample 43	2	1	8	65780	37	0.84
D7	Sample 43	2	1	9	70700	36.96	0.85
D7	Sample 43	2	1	10	75590	37	0.85
D7	Sample 43	2	1	11	80490	37	0.84
D7	Sample 43	2	1	12	85390	36.96	0.84
D7	Sample 43	2	1	13	90290	36.96	0.85
D7	Sample 43	2	1	14	95090	37	0.84
D7	Sample 43	2	1	15	99880	36.96	0.84
D8	Sample 44	2	1	1	31650	36.96	0.90
D8	Sample 44	2	1	2	36480	36.96	0.89
D8	Sample 44	2	1	3	41280	36.96	0.88
D8	Sample 44	2	1	4	46180	37	0.87
D8	Sample 44	2	1	5	51080	37	0.87
D8	Sample 44	2	1	6	55990	37	0.87
D8	Sample 44	2	1	7	60880	36.96	0.86
D8	Sample 44	2	1	8	65780	37	0.86
D8	Sample 44	2	1	9	70700	36.96	0.86
D8	Sample 44	2	1	10	75590	37	0.87
D8	Sample 44	2	1	11	80490	37	0.86
D8	Sample 44	2	1	12	85390	36.96	0.86
D8	Sample 44	2	1	13	90290	36.96	0.86
D8	Sample 44	2	1	14	95090	37	0.86
D8	Sample 44	2	1	15	99880	36.96	0.86
D9	Sample 45	2	1	1	31650	36.96	2.42
D9	Sample 45	2	1	2	36480	36.96	2.39
D9	Sample 45	2	1	3	41280	36.96	2.39
D9	Sample 45	2	1	4	46180	37	2.39
D9	Sample 45	2	1	5	51080	37	2.37
D9	Sample 45	2	1	6	55990	37	2.38
D9	Sample 45	2	1	7	60880	36.96	2.36
D9	Sample 45	2	1	8	65780	37	2.35
D9	Sample 45	2	1	9	70700	36.96	2.37
D9	Sample 45	2	1	10	75590	37	2.37
D9	Sample 45	2	1	11	80490	37	2.36
D9	Sample 45	2	1	12	85390	36.96	2.36
D9	Sample 45	2	1	13	90290	36.96	2.36
D9	Sample 45	2	1	14	95090	37	2.35
D9	Sample 45	2	1	15	99880	36.96	2.36
D10	Sample 46	2	1	1	31650	36.96	2.40
D10	Sample 46	2	1	2	36480	36.96	2.37
D10	Sample 46	2	1	3	41280	36.96	2.35
D10	Sample 46	2	1	4	46180	37	2.34
D10	Sample 46	2	1	5	51080	37	2.33
D10	Sample 46	2	1	6	55990	37	2.32
D10	Sample 46	2	1	7	60880	36.96	2.31
D10	Sample 46	2	1	8	65780	37	2.30
D10	Sample 46	2	1	9	70700	36.96	2.30
D10	Sample 46	2	1	10	75590	37	2.30
D10	Sample 46	2	1	11	80490	37	2.29
D10	Sample 46	2	1	12	85390	36.96	2.29
D10	Sample 46	2	1	13	90290	36.96	2.30
D10	Sample 46	2	1	14	95090	37	2.30
D10	Sample 46	2	1	15	99880	36.96	2.29
D11	Sample 47	2	1	1	31650	36.96	2.53
D11	Sample 47	2	1	2	36480	36.96	2.50
D11	Sample 47	2	1	3	41280	36.96	2.48
D11	Sample 47	2	1	4	46180	37	2.47
D11	Sample 47	2	1	5	51080	37	2.45
D11	Sample 47	2	1	6	55990	37	2.45
D11	Sample 47	2	1	7	60880	36.96	2.43
D11	Sample 47	2	1	8	65780	37	2.43
D11	Sample 47	2	1	9	70700	36.96	2.43
D11	Sample 47	2	1	10	75590	37	2.42
D11	Sample 47	2	1	11	80490	37	2.41
D11	Sample 47	2	1	12	85390	36.96	2.43
D11	Sample 47	2	1	13	90290	36.96	2.43
D11	Sample 47	2	1	14	95090	37	2.42
D11	Sample 47	2	1	15	99880	36.96	2.43
D12	Sample 48	2	1	1	31650	36.96	2.38
D12	Sample 48	2	1	2	36480	36.96	2.36
D12	Sample 48	2	1	3	41280	36.96	2.33
D12	Sample 48	2	1	4	46180	37	2.33
D12	Sample 48	2	1	5	51080	37	2.31
D12	Sample 48	2	1	6	55990	37	2.29
D12	Sample 48	2	1	7	60880	36.96	2.30
D12	Sample 48	2	1	8	65780	37	2.30
D12	Sample 48	2	1	9	70700	36.96	2.29
D12	Sample 48	2	1	10	75590	37	2.30
D12	Sample 48	2	1	11	80490	37	2.28
D12	Sample 48	2	1	12	85390	36.96	2.28
D12	Sample 48	2	1	13	90290	36.96	2.29
D12	Sample 48	2	1	14	95090	37	2.27
D12	Sample 48	2	1	15	99880	36.96	2.27
E1	Sample 49	2	1	1	31650	36.96	1.35
E1	Sample 49	2	1	2	36480	36.96	1.33
E1	Sample 49	2	1	3	41280	36.96	1.32
E1	Sample 49	2	1	4	46180	37	1.32
E1	Sample 49	2	1	5	51080	37	1.32
E1	Sample 49	2	1	6	55990	37	1.31
E1	Sample 49	2	1	7	60880	36.96	1.30
E1	Sample 49	2	1	8	65780	37	1.30
E1	Sample 49	2	1	9	70700	36.96	1.30
E1	Sample 49	2	1	10	75590	37	1.30
E1	Sample 49	2	1	11	80490	37	1.29
E1	Sample 49	2	1	12	85390	36.96	1.30
E1	Sample 49	2	1	13	90290	36.96	1.30
E1	Sample 49	2	1	14	95090	37	1.30
E1	Sample 49	2	1	15	99880	36.96	1.29
E2	Sample 50	2	1	1	31650	36.96	1.30
E2	Sample 50	2	1	2	36480	36.96	1.29
E2	Sample 50	2	1	3	41280	36.96	1.27
E2	Sample 50	2	1	4	46180	37	1.28
E2	Sample 50	2	1	5	51080	37	1.26
E2	Sample 50	2	1	6	55990	37	1.26
E2	Sample 50	2	1	7	60880	36.96	1.25
E2	Sample 50	2	1	8	65780	37	1.25
E2	Sample 50	2	1	9	70700	36.96	1.27
E2	Sample 50	2	1	10	75590	37	1.27
E2	Sample 50	2	1	11	80490	37	1.25
E2	Sample 50	2	1	12	85390	36.96	1.24
E2	Sample 50	2	1	13	90290	36.96	1.26
E2	Sample 50	2	1	14	95090	37	1.26
E2	Sample 50	2	1	15	99880	36.96	1.26
E3	Sample 51	2	1	1	31650	36.96	1.58
E3	Sample 51	2	1	2	36480	36.96	1.56
E3	Sample 51	2	1	3	41280	36.96	1.54
E3	Sample 51	2	1	4	46180	37	1.53
E3	Sample 51	2	1	5	51080	37	1.52
E3	Sample 51	2	1	6	55990	37	1.52
E3	Sample 51	2	1	7	60880	36.96	1.51
E3	Sample 51	2	1	8	65780	37	1.51
E3	Sample 51	2	1	9	70700	36.96	1.51
E3	Sample 51	2	1	10	75590	37	1.51
E3	Sample 51	2	1	11	80490	37	1.50
E3	Sample 51	2	1	12	85390	36.96	1.51
E3	Sample 51	2	1	13	90290	36.96	1.51
E3	Sample 51	2	1	14	95090	37	1.51
E3	Sample 51	2	1	15	99880	36.96	1.51
E4	Sample 52	2	1	1	31650	36.96	1.56
E4	Sample 52	2	1	2	36480	36.96	1.54
E4	Sample 52	2	1	3	41280	36.96	1.53
E4	Sample 52	2	1	4	46180	37	1.52
E4	Sample 52	2	1	5	51080	37	1.52
E4	Sample 52	2	1	6	55990	37	1.50
E4	Sample 52	2	1	7	60880	36.96	1.50
E4	Sample 52	2	1	8	65780	37	1.50
E4	Sample 52	2	1	9	70700	36.96	1.50
E4	Sample 52	2	1	10	75590	37	1.50
E4	Sample 52	2	1	11	80490	37	1.49
E4	Sample 52	2	1	12	85390	36.96	1.49
E4	Sample 52	2	1	13	90290	36.96	1.50
E4	Sample 52	2	1	14	95090	37	1.50
E4	Sample 52	2	1	15	99880	36.96	1.50
E5	Sample 53	2	1	1	31650	36.96	1.13
E5	Sample 53	2	1	2	36480	36.96	1.12
E5	Sample 53	2	1	3	41280	36.96	1.10
E5	Sample 53	2	1	4	46180	37	1.10
E5	Sample 53	2	1	5	51080	37	1.08
E5	Sample 53	2	1	6	55990	37	1.09
E5	Sample 53	2	1	7	60880	36.96	1.08
E5	Sample 53	2	1	8	65780	37	1.08
E5	Sample 53	2	1	9	70700	36.96	1.08
E5	Sample 53	2	1	10	75590	37	1.08
E5	Sample 53	2	1	11	80490	37	1.08
E5	Sample 53	2	1	12	85390	36.96	1.08
E5	Sample 53	2	1	13	90290	36.96	1.08
E5	Sample 53	2	1	14	95090	37	1.08
E5	Sample 53	2	1	15	99880	36.96	1.08
E6	Sample 54	2	1	1	31650	36.96	1.14
E6	Sample 54	2	1	2	36480	36.96	1.13
E6	Sample 54	2	1	3	41280	36.96	1.11
E6	Sample 54	2	1	4	46180	37	1.11
E6	Sample 54	2	1	5	51080	37	1.11
E6	Sample 54	2	1	6	55990	37	1.10
E6	Sample 54	2	1	7	60880	36.96	1.10
E6	Sample 54	2	1	8	65780	37	1.10
E6	Sample 54	2	1	9	70700	36.96	1.10
E6	Sample 54	2	1	10	75590	37	1.09
E6	Sample 54	2	1	11	80490	37	1.10
E6	Sample 54	2	1	12	85390	36.96	1.10
E6	Sample 54	2	1	13	90290	36.96	1.10
E6	Sample 54	2	1	14	95090	37	1.10
E6	Sample 54	2	1	15	99880	36.96	1.10
E7	Sample 55	2	1	1	31650	36.96	1.96
E7	Sample 55	2	1	2	36480	36.96	1.94
E7	Sample 55	2	1	3	41280	36.96	1.93
E7	Sample 55	2	1	4	46180	37	1.93
E7	Sample 55	2	1	5	51080	37	1.90
E7	Sample 55	2	1	6	55990	37	1.89
E7	Sample 55	2	1	7	60880	36.96	1.89
E7	Sample 55	2	1	8	65780	37	1.89
E7	Sample 55	2	1	9	70700	36.96	1.89
E7	Sample 55	2	1	10	75590	37	1.89
E7	Sample 55	2	1	11	80490	37	1.88
E7	Sample 55	2	1	12	85390	36.96	1.88
E7	Sample 55	2	1	13	90290	36.96	1.89
E7	Sample 55	2	1	14	95090	37	1.88
E7	Sample 55	2	1	15	99880	36.96	1.90
E8	Sample 56	2	1	1	31650	36.96	1.95
E8	Sample 56	2	1	2	36480	36.96	1.91
E8	Sample 56	2	1	3	41280	36.96	1.89
E8	Sample 56	2	1	4	46180	37	1.88
E8	Sample 56	2	1	5	51080	37	1.87
E8	Sample 56	2	1	6	55990	37	1.86
E8	Sample 56	2	1	7	60880	36.96	1.86
E8	Sample 56	2	1	8	65780	37	1.86
E8	Sample 56	2	1	9	70700	36.96	1.86
E8	Sample 56	2	1	10	75590	37	1.85
E8	Sample 56	2	1	11	80490	37	1.85
E8	Sample 56	2	1	12	85390	36.96	1.86
E8	Sample 56	2	1	13	90290	36.96	1.86
E8	Sample 56	2	1	14	95090	37	1.86
E8	Sample 56	2	1	15	99880	36.96	1.86
E9	Sample 57	2	1	1	31650	36.96	2.64
E9	Sample 57	2	1	2	36480	36.96	2.60
E9	Sample 57	2	1	3	41280	36.96	2.58
E9	Sample 57	2	1	4	46180	37	2.57
E9	Sample 57	2	1	5	51080	37	2.55
E9	Sample 57	2	1	6	55990	37	2.53
E9	Sample 57	2	1	7	60880	36.96	2.52
E9	Sample 57	2	1	8	65780	37	2.52
E9	Sample 57	2	1	9	70700	36.96	2.52
E9	Sample 57	2	1	10	75590	37	2.52
E9	Sample 57	2	1	11	80490	37	2.51
E9	Sample 57	2	1	12	85390	36.96	2.51
E9	Sample 57	2	1	13	90290	36.96	2.52
E9	Sample 57	2	1	14	95090	37	2.53
E9	Sample 57	2	1	15	99880	36.96	2.53
E10	Sample 58	2	1	1	31650	36.96	2.65
E10	Sample 58	2	1	2	36480	36.96	2.62
E10	Sample 58	2	1	3	41280	36.96	2.60
E10	Sample 58	2	1	4	46180	37	2.58
E10	Sample 58	2	1	5	51080	37	2.57
E10	Sample 58	2	1	6	55990	37	2.55
E10	Sample 58	2	1	7	60880	36.96	2.55
E10	Sample 58	2	1	8	65780	37	2.55
E10	Sample 58	2	1	9	70700	36.96	2.56
E10	Sample 58	2	1	10	75590	37	2.54
E10	Sample 58	2	1	11	80490	37	2.54
E10	Sample 58	2	1	12	85390	36.96	2.55
E10	Sample 58	2	1	13	90290	36.96	2.54
E10	Sample 58	2	1	14	95090	37	2.55
E10	Sample 58	2	1	15	99880	36.96	2.55
E11	Sample 59	2	1	1	31650	36.96	3.67
E11	Sample 59	2	1	2	36480	36.96	3.64
E11	Sample 59	2	1	3	41280	36.96	3.61
E11	Sample 59	2	1	4	46180	37	3.60
E11	Sample 59	2	1	5	51080	37	3.58
E11	Sample 59	2	1	6	55990	37	3.57
E11	Sample 59	2	1	7	60880	36.96	3.57
E11	Sample 59	2	1	8	65780	37	3.57
E11	Sample 59	2	1	9	70700	36.96	3.58
E11	Sample 59	2	1	10	75590	37	3.56
E11	Sample 59	2	1	11	80490	37	3.56
E11	Sample 59	2	1	12	85390	36.96	3.56
E11	Sample 59	2	1	13	90290	36.96	3.56
E11	Sample 59	2	1	14	95090	37	3.56
E11	Sample 59	2	1	15	99880	36.96	3.57
E12	Sample 60	2	1	1	31650	36.96	3.44
E12	Sample 60	2	1	2	36480	36.96	3.42
E12	Sample 60	2	1	3	41280	36.96	3.39
E12	Sample 60	2	1	4	46180	37	3.36
E12	Sample 60	2	1	5	51080	37	3.35
E12	Sample 60	2	1	6	55990	37	3.33
E12	Sample 60	2	1	7	60880	36.96	3.33
E12	Sample 60	2	1	8	65780	37	3.32
E12	Sample 60	2	1	9	70700	36.96	3.32
E12	Sample 60	2	1	10	75590	37	3.31
E12	Sample 60	2	1	11	80490	37	3.29
E12	Sample 60	2	1	12	85390	36.96	3.31
E12	Sample 60	2	1	13	90290	36.96	3.31
E12	Sample 60	2	1	14	95090	37	3.30
E12	Sample 60	2	1	15	99880	36.96	3.31
F1	Sample 61	2	1	1	31650	36.96	1.38
F1	Sample 61	2	1	2	36480	36.96	1.36
F1	Sample 61	2	1	3	41280	36.96	1.36
F1	Sample 61	2	1	4	46180	37	1.34
F1	Sample 61	2	1	5	51080	37	1.33
F1	Sample 61	2	1	6	55990	37	1.33
F1	Sample 61	2	1	7	60880	36.96	1.32
F1	Sample 61	2	1	8	65780	37	1.33
F1	Sample 61	2	1	9	70700	36.96	1.32
F1	Sample 61	2	1	10	75590	37	1.32
F1	Sample 61	2	1	11	80490	37	1.32
F1	Sample 61	2	1	12	85390	36.96	1.32
F1	Sample 61	2	1	13	90290	36.96	1.32
F1	Sample 61	2	1	14	95090	37	1.31
F1	Sample 61	2	1	15	99880	36.96	1.32
F2	Sample 62	2	1	1	31650	36.96	1.39
F2	Sample 62	2	1	2	36480	36.96	1.37
F2	Sample 62	2	1	3	41280	36.96	1.36
F2	Sample 62	2	1	4	46180	37	1.35
F2	Sample 62	2	1	5	51080	37	1.35
F2	Sample 62	2	1	6	55990	37	1.33
F2	Sample 62	2	1	7	60880	36.96	1.33
F2	Sample 62	2	1	8	65780	37	1.35
F2	Sample 62	2	1	9	70700	36.96	1.33
F2	Sample 62	2	1	10	75590	37	1.34
F2	Sample 62	2	1	11	80490	37	1.34
F2	Sample 62	2	1	12	85390	36.96	1.33
F2	Sample 62	2	1	13	90290	36.96	1.33
F2	Sample 62	2	1	14	95090	37	1.33
F2	Sample 62	2	1	15	99880	36.96	1.33
F3	Sample 63	2	1	1	31650	36.96	1.65
F3	Sample 63	2	1	2	36480	36.96	1.63
F3	Sample 63	2	1	3	41280	36.96	1.61
F3	Sample 63	2	1	4	46180	37	1.61
F3	Sample 63	2	1	5	51080	37	1.60
F3	Sample 63	2	1	6	55990	37	1.59
F3	Sample 63	2	1	7	60880	36.96	1.58
F3	Sample 63	2	1	8	65780	37	1.60
F3	Sample 63	2	1	9	70700	36.96	1.58
F3	Sample 63	2	1	10	75590	37	1.58
F3	Sample 63	2	1	11	80490	37	1.59
F3	Sample 63	2	1	12	85390	36.96	1.59
F3	Sample 63	2	1	13	90290	36.96	1.58
F3	Sample 63	2	1	14	95090	37	1.59
F3	Sample 63	2	1	15	99880	36.96	1.59
F4	Sample 64	2	1	1	31650	36.96	1.63
F4	Sample 64	2	1	2	36480	36.96	1.61
F4	Sample 64	2	1	3	41280	36.96	1.60
F4	Sample 64	2	1	4	46180	37	1.59
F4	Sample 64	2	1	5	51080	37	1.58
F4	Sample 64	2	1	6	55990	37	1.56
F4	Sample 64	2	1	7	60880	36.96	1.56
F4	Sample 64	2	1	8	65780	37	1.56
F4	Sample 64	2	1	9	70700	36.96	1.56
F4	Sample 64	2	1	10	75590	37	1.55
F4	Sample 64	2	1	11	80490	37	1.57
F4	Sample 64	2	1	12	85390	36.96	1.56
F4	Sample 64	2	1	13	90290	36.96	1.56
F4	Sample 64	2	1	14	95090	37	1.56
F4	Sample 64	2	1	15	99880	36.96	1.56
F5	Sample 65	2	1	1	31650	36.96	1.92
F5	Sample 65	2	1	2	36480	36.96	1.90
F5	Sample 65	2	1	3	41280	36.96	1.88
F5	Sample 65	2	1	4	46180	37	1.86
F5	Sample 65	2	1	5	51080	37	1.87
F5	Sample 65	2	1	6	55990	37	1.86
F5	Sample 65	2	1	7	60880	36.96	1.84
F5	Sample 65	2	1	8	65780	37	1.86
F5	Sample 65	2	1	9	70700	36.96	1.86
F5	Sample 65	2	1	10	75590	37	1.85
F5	Sample 65	2	1	11	80490	37	1.86
F5	Sample 65	2	1	12	85390	36.96	1.85
F5	Sample 65	2	1	13	90290	36.96	1.85
F5	Sample 65	2	1	14	95090	37	1.85
F5	Sample 65	2	1	15	99880	36.96	1.86
F6	Sample 66	2	1	1	31650	36.96	1.92
F6	Sample 66	2	1	2	36480	36.96	1.89
F6	Sample 66	2	1	3	41280	36.96	1.88
F6	Sample 66	2	1	4	46180	37	1.87
F6	Sample 66	2	1	5	51080	37	1.86
F6	Sample 66	2	1	6	55990	37	1.86
F6	Sample 66	2	1	7	60880	36.96	1.85
F6	Sample 66	2	1	8	65780	37	1.86
F6	Sample 66	2	1	9	70700	36.96	1.85
F6	Sample 66	2	1	10	75590	37	1.86
F6	Sample 66	2	1	11	80490	37	1.85
F6	Sample 66	2	1	12	85390	36.96	1.85
F6	Sample 66	2	1	13	90290	36.96	1.85
F6	Sample 66	2	1	14	95090	37	1.84
F6	Sample 66	2	1	15	99880	36.96	1.85
F7	Sample 67	2	1	1	31650	36.96	2.28
F7	Sample 67	2	1	2	36480	36.96	2.25
F7	Sample 67	2	1	3	41280	36.96	2.24
F7	Sample 67	2	1	4	46180	37	2.23
F7	Sample 67	2	1	5	51080	37	2.22
F7	Sample 67	2	1	6	55990	37	2.21
F7	Sample 67	2	1	7	60880	36.96	2.20
F7	Sample 67	2	1	8	65780	37	2.21
F7	Sample 67	2	1	9	70700	36.96	2.21
F7	Sample 67	2	1	10	75590	37	2.20
F7	Sample 67	2	1	11	80490	37	2.20
F7	Sample 67	2	1	12	85390	36.96	2.19
F7	Sample 67	2	1	13	90290	36.96	2.19
F7	Sample 67	2	1	14	95090	37	2.19
F7	Sample 67	2	1	15	99880	36.96	2.19
F8	Sample 68	2	1	1	31650	36.96	2.28
F8	Sample 68	2	1	2	36480	36.96	2.25
F8	Sample 68	2	1	3	41280	36.96	2.23
F8	Sample 68	2	1	4	46180	37	2.23
F8	Sample 68	2	1	5	51080	37	2.21
F8	Sample 68	2	1	6	55990	37	2.20
F8	Sample 68	2	1	7	60880	36.96	2.19
F8	Sample 68	2	1	8	65780	37	2.20
F8	Sample 68	2	1	9	70700	36.96	2.20
F8	Sample 68	2	1	10	75590	37	2.20
F8	Sample 68	2	1	11	80490	37	2.20
F8	Sample 68	2	1	12	85390	36.96	2.20
F8	Sample 68	2	1	13	90290	36.96	2.19
F8	Sample 68	2	1	14	95090	37	2.19
F8	Sample 68	2	1	15	99880	36.96	2.20
F9	Sample 69	2	1	1	31650	36.96	3.76
F9	Sample 69	2	1	2	36480	36.96	3.72
F9	Sample 69	2	1	3	41280	36.96	3.68
F9	Sample 69	2	1	4	46180	37	3.66
F9	Sample 69	2	1	5	51080	37	3.63
F9	Sample 69	2	1	6	55990	37	3.62
F9	Sample 69	2	1	7	60880	36.96	3.61
F9	Sample 69	2	1	8	65780	37	3.62
F9	Sample 69	2	1	9	70700	36.96	3.61
F9	Sample 69	2	1	10	75590	37	3.62
F9	Sample 69	2	1	11	80490	37	3.62
F9	Sample 69	2	1	12	85390	36.96	3.61
F9	Sample 69	2	1	13	90290	36.96	3.61
F9	Sample 69	2	1	14	95090	37	3.62
F9	Sample 69	2	1	15	99880	36.96	3.62
F10	Sample 70	2	1	1	31650	36.96	3.65
F10	Sample 70	2	1	2	36480	36.96	3.61
F10	Sample 70	2	1	3	41280	36.96	3.57
F10	Sample 70	2	1	4	46180	37	3.56
F10	Sample 70	2	1	5	51080	37	3.53
F10	Sample 70	2	1	6	55990	37	3.52
F10	Sample 70	2	1	7	60880	36.96	3.52
F10	Sample 70	2	1	8	65780	37	3.52
F10	Sample 70	2	1	9	70700	36.96	3.52
F10	Sample 70	2	1	10	75590	37	3.51
F10	Sample 70	2	1	11	80490	37	3.51
F10	Sample 70	2	1	12	85390	36.96	3.51
F10	Sample 70	2	1	13	90290	36.96	3.51
F10	Sample 70	2	1	14	95090	37	3.51
F10	Sample 70	2	1	15	99880	36.96	3.51
F11	Sample 71	2	1	1	31650	36.96	3.95
F11	Sample 71	2	1	2	36480	36.96	3.93
F11	Sample 71	2	1	3	41280	36.96	3.90
F11	Sample 71	2	1	4	46180	37	3.88
F11	Sample 71	2	1	5	51080	37	3.87
F11	Sample 71	2	1	6	55990	37	3.85
F11	Sample 71	2	1	7	60880	36.96	3.85
F11	Sample 71	2	1	8	65780	37	3.86
F11	Sample 71	2	1	9	70700	36.96	3.85
F11	Sample 71	2	1	10	75590	37	3.85
F11	Sample 71	2	1	11	80490	37	3.85
F11	Sample 71	2	1	12	85390	36.96	3.84
F11	Sample 71	2	1	13	90290	36.96	3.84
F11	Sample 71	2	1	14	95090	37	3.83
F11	Sample 71	2	1	15	99880	36.96	3.85
F12	Sample 72	2	1	1	31650	36.96	3.63
F12	Sample 72	2	1	2	36480	36.96	3.60
F12	Sample 72	2	1	3	41280	36.96	3.58
F12	Sample 72	2	1	4	46180	37	3.56
F12	Sample 72	2	1	5	51080	37	3.54
F12	Sample 72	2	1	6	55990	37	3.53
F12	Sample 72	2	1	7	60880	36.96	3.51
F12	Sample 72	2	1	8	65780	37	3.52
F12	Sample 72	2	1	9	70700	36.96	3.51
F12	Sample 72	2	1	10	75590	37	3.51
F12	Sample 72	2	1	11	80490	37	3.49
F12	Sample 72	2	1	12	85390	36.96	3.51
F12	Sample 72	2	1	13	90290	36.96	3.50
F12	Sample 72	2	1	14	95090	37	3.51
F12	Sample 72	2	1	15	99880	36.96	3.51
G1	Sample 73	2	1	1	31650	36.96	1.46
G1	Sample 73	2	1	2	36480	36.96	1.45
G1	Sample 73	2	1	3	41280	36.96	1.43
G1	Sample 73	2	1	4	46180	37	1.43
G1	Sample 73	2	1	5	51080	37	1.42
G1	Sample 73	2	1	6	55990	37	1.42
G1	Sample 73	2	1	7	60880	36.96	1.41
G1	Sample 73	2	1	8	65780	37	1.42
G1	Sample 73	2	1	9	70700	36.96	1.41
G1	Sample 73	2	1	10	75590	37	1.42
G1	Sample 73	2	1	11	80490	37	1.41
G1	Sample 73	2	1	12	85390	36.96	1.41
G1	Sample 73	2	1	13	90290	36.96	1.41
G1	Sample 73	2	1	14	95090	37	1.41
G1	Sample 73	2	1	15	99880	36.96	1.41
G2	Sample 74	2	1	1	31650	36.96	1.43
G2	Sample 74	2	1	2	36480	36.96	1.42
G2	Sample 74	2	1	3	41280	36.96	1.40
G2	Sample 74	2	1	4	46180	37	1.40
G2	Sample 74	2	1	5	51080	37	1.38
G2	Sample 74	2	1	6	55990	37	1.39
G2	Sample 74	2	1	7	60880	36.96	1.38
G2	Sample 74	2	1	8	65780	37	1.39
G2	Sample 74	2	1	9	70700	36.96	1.38
G2	Sample 74	2	1	10	75590	37	1.38
G2	Sample 74	2	1	11	80490	37	1.37
G2	Sample 74	2	1	12	85390	36.96	1.37
G2	Sample 74	2	1	13	90290	36.96	1.38
G2	Sample 74	2	1	14	95090	37	1.37
G2	Sample 74	2	1	15	99880	36.96	1.38
G3	Sample 75	2	1	1	31650	36.96	1.71
G3	Sample 75	2	1	2	36480	36.96	1.69
G3	Sample 75	2	1	3	41280	36.96	1.66
G3	Sample 75	2	1	4	46180	37	1.66
G3	Sample 75	2	1	5	51080	37	1.65
G3	Sample 75	2	1	6	55990	37	1.64
G3	Sample 75	2	1	7	60880	36.96	1.64
G3	Sample 75	2	1	8	65780	37	1.65
G3	Sample 75	2	1	9	70700	36.96	1.64
G3	Sample 75	2	1	10	75590	37	1.64
G3	Sample 75	2	1	11	80490	37	1.64
G3	Sample 75	2	1	12	85390	36.96	1.63
G3	Sample 75	2	1	13	90290	36.96	1.64
G3	Sample 75	2	1	14	95090	37	1.63
G3	Sample 75	2	1	15	99880	36.96	1.64
G4	Sample 76	2	1	1	31650	36.96	1.67
G4	Sample 76	2	1	2	36480	36.96	1.66
G4	Sample 76	2	1	3	41280	36.96	1.63
G4	Sample 76	2	1	4	46180	37	1.63
G4	Sample 76	2	1	5	51080	37	1.62
G4	Sample 76	2	1	6	55990	37	1.61
G4	Sample 76	2	1	7	60880	36.96	1.61
G4	Sample 76	2	1	8	65780	37	1.61
G4	Sample 76	2	1	9	70700	36.96	1.60
G4	Sample 76	2	1	10	75590	37	1.60
G4	Sample 76	2	1	11	80490	37	1.60
G4	Sample 76	2	1	12	85390	36.96	1.59
G4	Sample 76	2	1	13	90290	36.96	1.60
G4	Sample 76	2	1	14	95090	37	1.60
G4	Sample 76	2	1	15	99880	36.96	1.61
G5	Sample 77	2	1	1	31650	36.96	2.29
G5	Sample 77	2	1	2	36480	36.96	2.26
G5	Sample 77	2	1	3	41280	36.96	2.24
G5	Sample 77	2	1	4	46180	37	2.24
G5	Sample 77	2	1	5	51080	37	2.21
G5	Sample 77	2	1	6	55990	37	2.21
G5	Sample 77	2	1	7	60880	36.96	2.20
G5	Sample 77	2	1	8	65780	37	2.21
G5	Sample 77	2	1	9	70700	36.96	2.20
G5	Sample 77	2	1	10	75590	37	2.20
G5	Sample 77	2	1	11	80490	37	2.20
G5	Sample 77	2	1	12	85390	36.96	2.20
G5	Sample 77	2	1	13	90290	36.96	2.19
G5	Sample 77	2	1	14	95090	37	2.20
G5	Sample 77	2	1	15	99880	36.96	2.20
G6	Sample 78	2	1	1	31650	36.96	2.21
G6	Sample 78	2	1	2	36480	36.96	2.19
G6	Sample 78	2	1	3	41280	36.96	2.17
G6	Sample 78	2	1	4	46180	37	2.16
G6	Sample 78	2	1	5	51080	37	2.15
G6	Sample 78	2	1	6	55990	37	2.14
G6	Sample 78	2	1	7	60880	36.96	2.14
G6	Sample 78	2	1	8	65780	37	2.15
G6	Sample 78	2	1	9	70700	36.96	2.14
G6	Sample 78	2	1	10	75590	37	2.14
G6	Sample 78	2	1	11	80490	37	2.14
G6	Sample 78	2	1	12	85390	36.96	2.14
G6	Sample 78	2	1	13	90290	36.96	2.14
G6	Sample 78	2	1	14	95090	37	2.13
G6	Sample 78	2	1	15	99880	36.96	2.14
G7	Sample 79	2	1	1	31650	36.96	2.22
G7	Sample 79	2	1	2	36480	36.96	2.19
G7	Sample 79	2	1	3	41280	36.96	2.16
G7	Sample 79	2	1	4	46180	37	2.17
G7	Sample 79	2	1	5	51080	37	2.15
G7	Sample 79	2	1	6	55990	37	2.14
G7	Sample 79	2	1	7	60880	36.96	2.14
G7	Sample 79	2	1	8	65780	37	2.14
G7	Sample 79	2	1	9	70700	36.96	2.14
G7	Sample 79	2	1	10	75590	37	2.14
G7	Sample 79	2	1	11	80490	37	2.14
G7	Sample 79	2	1	12	85390	36.96	2.14
G7	Sample 79	2	1	13	90290	36.96	2.14
G7	Sample 79	2	1	14	95090	37	2.13
G7	Sample 79	2	1	15	99880	36.96	2.14
G8	Sample 80	2	1	1	31650	36.96	2.21
G8	Sample 80	2	1	2	36480	36.96	2.19
G8	Sample 80	2	1	3	41280	36.96	2.16
G8	Sample 80	2	1	4	46180	37	2.15
G8	Sample 80	2	1	5	51080	37	2.14
G8	Sample 80	2	1	6	55990	37	2.13
G8	Sample 80	2	1	7	60880	36.96	2.13
G8	Sample 80	2	1	8	65780	37	2.14
G8	Sample 80	2	1	9	70700	36.96	2.12
G8	Sample 80	2	1	10	75590	37	2.13
G8	Sample 80	2	1	11	80490	37	2.12
G8	Sample 80	2	1	12	85390	36.96	2.12
G8	Sample 80	2	1	13	90290	36.96	2.13
G8	Sample 80	2	1	14	95090	37	2.13
G8	Sample 80	2	1	15	99880	36.96	2.13
G9	Sample 81	2	1	1	31650	36.96	3.81
G9	Sample 81	2	1	2	36480	36.96	3.76
G9	Sample 81	2	1	3	41280	36.96	3.74
G9	Sample 81	2	1	4	46180	37	3.72
G9	Sample 81	2	1	5	51080	37	3.68
G9	Sample 81	2	1	6	55990	37	3.68
G9	Sample 81	2	1	7	60880	36.96	3.67
G9	Sample 81	2	1	8	65780	37	3.67
G9	Sample 81	2	1	9	70700	36.96	3.67
G9	Sample 81	2	1	10	75590	37	3.67
G9	Sample 81	2	1	11	80490	37	3.68
G9	Sample 81	2	1	12	85390	36.96	3.68
G9	Sample 81	2	1	13	90290	36.96	3.67
G9	Sample 81	2	1	14	95090	37	3.67
G9	Sample 81	2	1	15	99880	36.96	3.68
G10	Sample 82	2	1	1	31650	36.96	3.76
G10	Sample 82	2	1	2	36480	36.96	3.72
G10	Sample 82	2	1	3	41280	36.96	3.69
G10	Sample 82	2	1	4	46180	37	3.67
G10	Sample 82	2	1	5	51080	37	3.65
G10	Sample 82	2	1	6	55990	37	3.63
G10	Sample 82	2	1	7	60880	36.96	3.63
G10	Sample 82	2	1	8	65780	37	3.62
G10	Sample 82	2	1	9	70700	36.96	3.63
G10	Sample 82	2	1	10	75590	37	3.62
G10	Sample 82	2	1	11	80490	37	3.62
G10	Sample 82	2	1	12	85390	36.96	3.61
G10	Sample 82	2	1	13	90290	36.96	3.61
G10	Sample 82	2	1	14	95090	37	3.61
G10	Sample 82	2	1	15	99880	36.96	3.63
G11	Sample 83	2	1	1	31650	36.96	3.94
G11	Sample 83	2	1	2	36480	36.96	3.90
G11	Sample 83	2	1	3	41280	36.96	3.86
G11	Sample 83	2	1	4	46180	37	3.84
G11	Sample 83	2	1	5	51080	37	3.81
G11	Sample 83	2	1	6	55990	37	3.80
G11	Sample 83	2	1	7	60880	36.96	3.78
G11	Sample 83	2	1	8	65780	37	3.80
G11	Sample 83	2	1	9	70700	36.96	3.78
G11	Sample 83	2	1	10	75590	37	3.78
G11	Sample 83	2	1	11	80490	37	3.78
G11	Sample 83	2	1	12	85390	36.96	3.77
G11	Sample 83	2	1	13	90290	36.96	3.78
G11	Sample 83	2	1	14	95090	37	3.77
G11	Sample 83	2	1	15	99880	36.96	3.78
G12	Sample 84	2	1	1	31650	36.96	3.58
G12	Sample 84	2	1	2	36480	36.96	3.53
G12	Sample 84	2	1	3	41280	36.96	3.51
G12	Sample 84	2	1	4	46180	37	3.48
G12	Sample 84	2	1	5	51080	37	3.46
G12	Sample 84	2	1	6	55990	37	3.46
G12	Sample 84	2	1	7	60880	36.96	3.46
G12	Sample 84	2	1	8	65780	37	3.45
G12	Sample 84	2	1	9	70700	36.96	3.43
G12	Sample 84	2	1	10	75590	37	3.43
G12	Sample 84	2	1	11	80490	37	3.42
G12	Sample 84	2	1	12	85390	36.96	3.42
G12	Sample 84	2	1	13	90290	36.96	3.41
G12	Sample 84	2	1	14	95090	37	3.43
G12	Sample 84	2	1	15	99880	36.96	3.42
H1	Sample 85	2	1	1	31650	36.96	1.53
H1	Sample 85	2	1	2	36480	36.96	1.52
H1	Sample 85	2	1	3	41280	36.96	1.51
H1	Sample 85	2	1	4	46180	37	1.49
H1	Sample 85	2	1	5	51080	37	1.49
H1	Sample 85	2	1	6	55990	37	1.47
H1	Sample 85	2	1	7	60880	36.96	1.48
H1	Sample 85	2	1	8	65780	37	1.47
H1	Sample 85	2	1	9	70700	36.96	1.46
H1	Sample 85	2	1	10	75590	37	1.47
H1	Sample 85	2	1	11	80490	37	1.46
H1	Sample 85	2	1	12	85390	36.96	1.46
H1	Sample 85	2	1	13	90290	36.96	1.47
H1	Sample 85	2	1	14	95090	37	1.47
H1	Sample 85	2	1	15	99880	36.96	1.47
H2	Sample 86	2	1	1	31650	36.96	1.52
H2	Sample 86	2	1	2	36480	36.96	1.51
H2	Sample 86	2	1	3	41280	36.96	1.49
H2	Sample 86	2	1	4	46180	37	1.49
H2	Sample 86	2	1	5	51080	37	1.49
H2	Sample 86	2	1	6	55990	37	1.48
H2	Sample 86	2	1	7	60880	36.96	1.48
H2	Sample 86	2	1	8	65780	37	1.48
H2	Sample 86	2	1	9	70700	36.96	1.47
H2	Sample 86	2	1	10	75590	37	1.47
H2	Sample 86	2	1	11	80490	37	1.47
H2	Sample 86	2	1	12	85390	36.96	1.46
H2	Sample 86	2	1	13	90290	36.96	1.47
H2	Sample 86	2	1	14	95090	37	1.46
H2	Sample 86	2	1	15	99880	36.96	1.46
H3	Sample 87	2	1	1	31650	36.96	1.65
H3	Sample 87	2	1	2	36480	36.96	1.65
H3	Sample 87	2	1	3	41280	36.96	1.63
H3	Sample 87	2	1	4	46180	37	1.62
H3	Sample 87	2	1	5	51080	37	1.61
H3	Sample 87	2	1	6	55990	37	1.61
H3	Sample 87	2	1	7	60880	36.96	1.60
H3	Sample 87	2	1	8	65780	37	1.60
H3	Sample 87	2	1	9	70700	36.96	1.60
H3	Sample 87	2	1	10	75590	37	1.60
H3	Sample 87	2	1	11	80490	37	1.59
H3	Sample 87	2	1	12	85390	36.96	1.59
H3	Sample 87	2	1	13	90290	36.96	1.59
H3	Sample 87	2	1	14	95090	37	1.59
H3	Sample 87	2	1	15	99880	36.96	1.58
H4	Sample 88	2	1	1	31650	36.96	1.64
H4	Sample 88	2	1	2	36480	36.96	1.63
H4	Sample 88	2	1	3	41280	36.96	1.61
H4	Sample 88	2	1	4	46180	37	1.59
H4	Sample 88	2	1	5	51080	37	1.59
H4	Sample 88	2	1	6	55990	37	1.58
H4	Sample 88	2	1	7	60880	36.96	1.59
H4	Sample 88	2	1	8	65780	37	1.58
H4	Sample 88	2	1	9	70700	36.96	1.58
H4	Sample 88	2	1	10	75590	37	1.58
H4	Sample 88	2	1	11	80490	37	1.57
H4	Sample 88	2	1	12	85390	36.96	1.57
H4	Sample 88	2	1	13	90290	36.96	1.58
H4	Sample 88	2	1	14	95090	37	1.57
H4	Sample 88	2	1	15	99880	36.96	1.57
H5	Sample 89	2	1	1	31650	36.96	2.32
H5	Sample 89	2	1	2	36480	36.96	2.30
H5	Sample 89	2	1	3	41280	36.96	2.28
H5	Sample 89	2	1	4	46180	37	2.26
H5	Sample 89	2	1	5	51080	37	2.25
H5	Sample 89	2	1	6	55990	37	2.25
H5	Sample 89	2	1	7	60880	36.96	2.25
H5	Sample 89	2	1	8	65780	37	2.25
H5	Sample 89	2	1	9	70700	36.96	2.23
H5	Sample 89	2	1	10	75590	37	2.24
H5	Sample 89	2	1	11	80490	37	2.22
H5	Sample 89	2	1	12	85390	36.96	2.24
H5	Sample 89	2	1	13	90290	36.96	2.24
H5	Sample 89	2	1	14	95090	37	2.23
H5	Sample 89	2	1	15	99880	36.96	2.24
H6	Sample 90	2	1	1	31650	36.96	2.27
H6	Sample 90	2	1	2	36480	36.96	2.25
H6	Sample 90	2	1	3	41280	36.96	2.23
H6	Sample 90	2	1	4	46180	37	2.22
H6	Sample 90	2	1	5	51080	37	2.21
H6	Sample 90	2	1	6	55990	37	2.21
H6	Sample 90	2	1	7	60880	36.96	2.20
H6	Sample 90	2	1	8	65780	37	2.21
H6	Sample 90	2	1	9	70700	36.96	2.20
H6	Sample 90	2	1	10	75590	37	2.20
H6	Sample 90	2	1	11	80490	37	2.19
H6	Sample 90	2	1	12	85390	36.96	2.19
H6	Sample 90	2	1	13	90290	36.96	2.20
H6	Sample 90	2	1	14	95090	37	2.19
H6	Sample 90	2	1	15	99880	36.96	2.20
H7	Sample 91	2	1	1	31650	36.96	2.30
H7	Sample 91	2	1	2	36480	36.96	2.27
H7	Sample 91	2	1	3	41280	36.96	2.25
H7	Sample 91	2	1	4	46180	37	2.24
H7	Sample 91	2	1	5	51080	37	2.23
H7	Sample 91	2	1	6	55990	37	2.23
H7	Sample 91	2	1	7	60880	36.96	2.22
H7	Sample 91	2	1	8	65780	37	2.22
H7	Sample 91	2	1	9	70700	36.96	2.22
H7	Sample 91	2	1	10	75590	37	2.22
H7	Sample 91	2	1	11	80490	37	2.21
H7	Sample 91	2	1	12	85390	36.96	2.21
H7	Sample 91	2	1	13	90290	36.96	2.21
H7	Sample 91	2	1	14	95090	37	2.20
H7	Sample 91	2	1	15	99880	36.96	2.20
H8	Sample 92	2	1	1	31650	36.96	2.20
H8	Sample 92	2	1	2	36480	36.96	2.18
H8	Sample 92	2	1	3	41280	36.96	2.17
H8	Sample 92	2	1	4	46180	37	2.15
H8	Sample 92	2	1	5	51080	37	2.13
H8	Sample 92	2	1	6	55990	37	2.13
H8	Sample 92	2	1	7	60880	36.96	2.13
H8	Sample 92	2	1	8	65780	37	2.13
H8	Sample 92	2	1	9	70700	36.96	2.13
H8	Sample 92	2	1	10	75590	37	2.12
H8	Sample 92	2	1	11	80490	37	2.12
H8	Sample 92	2	1	12	85390	36.96	2.12
H8	Sample 92	2	1	13	90290	36.96	2.12
H8	Sample 92	2	1	14	95090	37	2.12
H8	Sample 92	2	1	15	99880	36.96	2.12
H9	Sample 93	2	1	1	31650	36.96	3.76
H9	Sample 93	2	1	2	36480	36.96	3.74
H9	Sample 93	2	1	3	41280	36.96	3.71
H9	Sample 93	2	1	4	46180	37	3.70
H9	Sample 93	2	1	5	51080	37	3.67
H9	Sample 93	2	1	6	55990	37	3.66
H9	Sample 93	2	1	7	60880	36.96	3.64
H9	Sample 93	2	1	8	65780	37	3.65
H9	Sample 93	2	1	9	70700	36.96	3.65
H9	Sample 93	2	1	10	75590	37	3.64
H9	Sample 93	2	1	11	80490	37	3.64
H9	Sample 93	2	1	12	85390	36.96	3.64
H9	Sample 93	2	1	13	90290	36.96	3.64
H9	Sample 93	2	1	14	95090	37	3.63
H9	Sample 93	2	1	15	99880	36.96	3.63
H10	Sample 94	2	1	1	31650	36.96	3.56
H10	Sample 94	2	1	2	36480	36.96	3.52
H10	Sample 94	2	1	3	41280	36.96	3.49
H10	Sample 94	2	1	4	46180	37	3.48
H10	Sample 94	2	1	5	51080	37	3.45
H10	Sample 94	2	1	6	55990	37	3.44
H10	Sample 94	2	1	7	60880	36.96	3.43
H10	Sample 94	2	1	8	65780	37	3.43
H10	Sample 94	2	1	9	70700	36.96	3.42
H10	Sample 94	2	1	10	75590	37	3.43
H10	Sample 94	2	1	11	80490	37	3.40
H10	Sample 94	2	1	12	85390	36.96	3.40
H10	Sample 94	2	1	13	90290	36.96	3.41
H10	Sample 94	2	1	14	95090	37	3.40
H10	Sample 94	2	1	15	99880	36.96	3.40
H11	Sample 95	2	1	1	31650	36.96	3.48
H11	Sample 95	2	1	2	36480	36.96	3.46
H11	Sample 95	2	1	3	41280	36.96	3.43
H11	Sample 95	2	1	4	46180	37	3.41
H11	Sample 95	2	1	5	51080	37	3.39
H11	Sample 95	2	1	6	55990	37	3.38
H11	Sample 95	2	1	7	60880	36.96	3.37
H11	Sample 95	2	1	8	65780	37	3.36
H11	Sample 95	2	1	9	70700	36.96	3.37
H11	Sample 95	2	1	10	75590	37	3.36
H11	Sample 95	2	1	11	80490	37	3.36
H11	Sample 95	2	1	12	85390	36.96	3.36
H11	Sample 95	2	1	13	90290	36.96	3.36
H11	Sample 95	2	1	14	95090	37	3.36
H11	Sample 95	2	1	15	99880	36.96	3.36
H12	Sample 96	2	1	1	31650	36.96	3.47
H12	Sample 96	2	1	2	36480	36.96	3.46
H12	Sample 96	2	1	3	41280	36.96	3.42
H12	Sample 96	2	1	4	46180	37	3.41
H12	Sample 96	2	1	5	51080	37	3.40
H12	Sample 96	2	1	6	55990	37	3.37
H12	Sample 96	2	1	7	60880	36.96	3.37
H12	Sample 96	2	1	8	65780	37	3.36
H12	Sample 96	2	1	9	70700	36.96	3.36
H12	Sample 96	2	1	10	75590	37	3.36
H12	Sample 96	2	1	11	80490	37	3.36
H12	Sample 96	2	1	12	85390	36.96	3.35
H12	Sample 96	2	1	13	90290	36.96	3.36
H12	Sample 96	2	1	14	95090	37	3.35
H12	Sample 96	2	1	15	99880	36.96	3.34
