Raw Data 		Experiment - evIC50_5_plate4_15APRIL2026 (Run on LCS480 1.5.1.62)
SamplePos	SampleName	Prog#	Seg#	Cycle#	Time	Temp	465-510	
A1	Sample 1	2	1	1	32230	36.96	0.93
A1	Sample 1	2	1	2	37280	36.96	0.94
A1	Sample 1	2	1	3	42260	36.96	0.93
A1	Sample 1	2	1	4	47260	36.96	0.94
A1	Sample 1	2	1	5	52270	37	0.93
A1	Sample 1	2	1	6	57260	37	0.93
A1	Sample 1	2	1	7	62270	37	0.94
A1	Sample 1	2	1	8	67260	36.96	0.93
A1	Sample 1	2	1	9	72260	37	0.93
A1	Sample 1	2	1	10	77280	36.96	0.93
A1	Sample 1	2	1	11	82270	37	0.93
A1	Sample 1	2	1	12	87260	36.96	0.93
A1	Sample 1	2	1	13	92260	36.96	0.93
A1	Sample 1	2	1	14	97260	36.96	0.93
A1	Sample 1	2	1	15	102260	36.96	0.93
A2	Sample 2	2	1	1	32230	36.96	0.90
A2	Sample 2	2	1	2	37280	36.96	0.90
A2	Sample 2	2	1	3	42260	36.96	0.89
A2	Sample 2	2	1	4	47260	36.96	0.89
A2	Sample 2	2	1	5	52270	37	0.90
A2	Sample 2	2	1	6	57260	37	0.89
A2	Sample 2	2	1	7	62270	37	0.90
A2	Sample 2	2	1	8	67260	36.96	0.90
A2	Sample 2	2	1	9	72260	37	0.90
A2	Sample 2	2	1	10	77280	36.96	0.90
A2	Sample 2	2	1	11	82270	37	0.90
A2	Sample 2	2	1	12	87260	36.96	0.90
A2	Sample 2	2	1	13	92260	36.96	0.90
A2	Sample 2	2	1	14	97260	36.96	0.90
A2	Sample 2	2	1	15	102260	36.96	0.90
A3	Sample 3	2	1	1	32230	36.96	1.06
A3	Sample 3	2	1	2	37280	36.96	1.06
A3	Sample 3	2	1	3	42260	36.96	1.05
A3	Sample 3	2	1	4	47260	36.96	1.05
A3	Sample 3	2	1	5	52270	37	1.05
A3	Sample 3	2	1	6	57260	37	1.05
A3	Sample 3	2	1	7	62270	37	1.05
A3	Sample 3	2	1	8	67260	36.96	1.04
A3	Sample 3	2	1	9	72260	37	1.05
A3	Sample 3	2	1	10	77280	36.96	1.05
A3	Sample 3	2	1	11	82270	37	1.04
A3	Sample 3	2	1	12	87260	36.96	1.05
A3	Sample 3	2	1	13	92260	36.96	1.05
A3	Sample 3	2	1	14	97260	36.96	1.05
A3	Sample 3	2	1	15	102260	36.96	1.04
A4	Sample 4	2	1	1	32230	36.96	1.03
A4	Sample 4	2	1	2	37280	36.96	1.03
A4	Sample 4	2	1	3	42260	36.96	1.03
A4	Sample 4	2	1	4	47260	36.96	1.02
A4	Sample 4	2	1	5	52270	37	1.03
A4	Sample 4	2	1	6	57260	37	1.02
A4	Sample 4	2	1	7	62270	37	1.03
A4	Sample 4	2	1	8	67260	36.96	1.03
A4	Sample 4	2	1	9	72260	37	1.03
A4	Sample 4	2	1	10	77280	36.96	1.03
A4	Sample 4	2	1	11	82270	37	1.02
A4	Sample 4	2	1	12	87260	36.96	1.03
A4	Sample 4	2	1	13	92260	36.96	1.03
A4	Sample 4	2	1	14	97260	36.96	1.03
A4	Sample 4	2	1	15	102260	36.96	1.03
A5	Sample 5	2	1	1	32230	36.96	0.92
A5	Sample 5	2	1	2	37280	36.96	0.93
A5	Sample 5	2	1	3	42260	36.96	0.92
A5	Sample 5	2	1	4	47260	36.96	0.92
A5	Sample 5	2	1	5	52270	37	0.92
A5	Sample 5	2	1	6	57260	37	0.92
A5	Sample 5	2	1	7	62270	37	0.92
A5	Sample 5	2	1	8	67260	36.96	0.92
A5	Sample 5	2	1	9	72260	37	0.92
A5	Sample 5	2	1	10	77280	36.96	0.92
A5	Sample 5	2	1	11	82270	37	0.91
A5	Sample 5	2	1	12	87260	36.96	0.92
A5	Sample 5	2	1	13	92260	36.96	0.92
A5	Sample 5	2	1	14	97260	36.96	0.93
A5	Sample 5	2	1	15	102260	36.96	0.92
A6	Sample 6	2	1	1	32230	36.96	0.97
A6	Sample 6	2	1	2	37280	36.96	0.98
A6	Sample 6	2	1	3	42260	36.96	0.97
A6	Sample 6	2	1	4	47260	36.96	0.97
A6	Sample 6	2	1	5	52270	37	0.97
A6	Sample 6	2	1	6	57260	37	0.97
A6	Sample 6	2	1	7	62270	37	0.97
A6	Sample 6	2	1	8	67260	36.96	0.97
A6	Sample 6	2	1	9	72260	37	0.97
A6	Sample 6	2	1	10	77280	36.96	0.97
A6	Sample 6	2	1	11	82270	37	0.97
A6	Sample 6	2	1	12	87260	36.96	0.97
A6	Sample 6	2	1	13	92260	36.96	0.97
A6	Sample 6	2	1	14	97260	36.96	0.97
A6	Sample 6	2	1	15	102260	36.96	0.97
A7	Sample 7	2	1	1	32230	36.96	0.91
A7	Sample 7	2	1	2	37280	36.96	0.92
A7	Sample 7	2	1	3	42260	36.96	0.91
A7	Sample 7	2	1	4	47260	36.96	0.91
A7	Sample 7	2	1	5	52270	37	0.91
A7	Sample 7	2	1	6	57260	37	0.90
A7	Sample 7	2	1	7	62270	37	0.91
A7	Sample 7	2	1	8	67260	36.96	0.90
A7	Sample 7	2	1	9	72260	37	0.91
A7	Sample 7	2	1	10	77280	36.96	0.91
A7	Sample 7	2	1	11	82270	37	0.90
A7	Sample 7	2	1	12	87260	36.96	0.90
A7	Sample 7	2	1	13	92260	36.96	0.90
A7	Sample 7	2	1	14	97260	36.96	0.91
A7	Sample 7	2	1	15	102260	36.96	0.90
A8	Sample 8	2	1	1	32230	36.96	0.96
A8	Sample 8	2	1	2	37280	36.96	0.97
A8	Sample 8	2	1	3	42260	36.96	0.96
A8	Sample 8	2	1	4	47260	36.96	0.96
A8	Sample 8	2	1	5	52270	37	0.96
A8	Sample 8	2	1	6	57260	37	0.96
A8	Sample 8	2	1	7	62270	37	0.96
A8	Sample 8	2	1	8	67260	36.96	0.96
A8	Sample 8	2	1	9	72260	37	0.96
A8	Sample 8	2	1	10	77280	36.96	0.95
A8	Sample 8	2	1	11	82270	37	0.96
A8	Sample 8	2	1	12	87260	36.96	0.96
A8	Sample 8	2	1	13	92260	36.96	0.96
A8	Sample 8	2	1	14	97260	36.96	0.96
A8	Sample 8	2	1	15	102260	36.96	0.96
A9	Sample 9	2	1	1	32230	36.96	0.82
A9	Sample 9	2	1	2	37280	36.96	0.82
A9	Sample 9	2	1	3	42260	36.96	0.82
A9	Sample 9	2	1	4	47260	36.96	0.82
A9	Sample 9	2	1	5	52270	37	0.82
A9	Sample 9	2	1	6	57260	37	0.82
A9	Sample 9	2	1	7	62270	37	0.82
A9	Sample 9	2	1	8	67260	36.96	0.82
A9	Sample 9	2	1	9	72260	37	0.82
A9	Sample 9	2	1	10	77280	36.96	0.82
A9	Sample 9	2	1	11	82270	37	0.81
A9	Sample 9	2	1	12	87260	36.96	0.82
A9	Sample 9	2	1	13	92260	36.96	0.81
A9	Sample 9	2	1	14	97260	36.96	0.82
A9	Sample 9	2	1	15	102260	36.96	0.82
A10	Sample 10	2	1	1	32230	36.96	0.85
A10	Sample 10	2	1	2	37280	36.96	0.85
A10	Sample 10	2	1	3	42260	36.96	0.84
A10	Sample 10	2	1	4	47260	36.96	0.84
A10	Sample 10	2	1	5	52270	37	0.84
A10	Sample 10	2	1	6	57260	37	0.84
A10	Sample 10	2	1	7	62270	37	0.84
A10	Sample 10	2	1	8	67260	36.96	0.84
A10	Sample 10	2	1	9	72260	37	0.84
A10	Sample 10	2	1	10	77280	36.96	0.84
A10	Sample 10	2	1	11	82270	37	0.84
A10	Sample 10	2	1	12	87260	36.96	0.83
A10	Sample 10	2	1	13	92260	36.96	0.84
A10	Sample 10	2	1	14	97260	36.96	0.84
A10	Sample 10	2	1	15	102260	36.96	0.84
A11	Sample 11	2	1	1	32230	36.96	0.88
A11	Sample 11	2	1	2	37280	36.96	0.89
A11	Sample 11	2	1	3	42260	36.96	0.88
A11	Sample 11	2	1	4	47260	36.96	0.88
A11	Sample 11	2	1	5	52270	37	0.88
A11	Sample 11	2	1	6	57260	37	0.88
A11	Sample 11	2	1	7	62270	37	0.88
A11	Sample 11	2	1	8	67260	36.96	0.88
A11	Sample 11	2	1	9	72260	37	0.88
A11	Sample 11	2	1	10	77280	36.96	0.87
A11	Sample 11	2	1	11	82270	37	0.87
A11	Sample 11	2	1	12	87260	36.96	0.87
A11	Sample 11	2	1	13	92260	36.96	0.88
A11	Sample 11	2	1	14	97260	36.96	0.88
A11	Sample 11	2	1	15	102260	36.96	0.88
A12	Sample 12	2	1	1	32230	36.96	0.76
A12	Sample 12	2	1	2	37280	36.96	0.76
A12	Sample 12	2	1	3	42260	36.96	0.76
A12	Sample 12	2	1	4	47260	36.96	0.76
A12	Sample 12	2	1	5	52270	37	0.76
A12	Sample 12	2	1	6	57260	37	0.76
A12	Sample 12	2	1	7	62270	37	0.77
A12	Sample 12	2	1	8	67260	36.96	0.76
A12	Sample 12	2	1	9	72260	37	0.76
A12	Sample 12	2	1	10	77280	36.96	0.76
A12	Sample 12	2	1	11	82270	37	0.75
A12	Sample 12	2	1	12	87260	36.96	0.76
A12	Sample 12	2	1	13	92260	36.96	0.76
A12	Sample 12	2	1	14	97260	36.96	0.76
A12	Sample 12	2	1	15	102260	36.96	0.77
B1	Sample 13	2	1	1	32230	36.96	0.83
B1	Sample 13	2	1	2	37280	36.96	0.84
B1	Sample 13	2	1	3	42260	36.96	0.84
B1	Sample 13	2	1	4	47260	36.96	0.83
B1	Sample 13	2	1	5	52270	37	0.83
B1	Sample 13	2	1	6	57260	37	0.84
B1	Sample 13	2	1	7	62270	37	0.84
B1	Sample 13	2	1	8	67260	36.96	0.84
B1	Sample 13	2	1	9	72260	37	0.84
B1	Sample 13	2	1	10	77280	36.96	0.83
B1	Sample 13	2	1	11	82270	37	0.84
B1	Sample 13	2	1	12	87260	36.96	0.83
B1	Sample 13	2	1	13	92260	36.96	0.83
B1	Sample 13	2	1	14	97260	36.96	0.84
B1	Sample 13	2	1	15	102260	36.96	0.83
B2	Sample 14	2	1	1	32230	36.96	0.86
B2	Sample 14	2	1	2	37280	36.96	0.86
B2	Sample 14	2	1	3	42260	36.96	0.86
B2	Sample 14	2	1	4	47260	36.96	0.86
B2	Sample 14	2	1	5	52270	37	0.86
B2	Sample 14	2	1	6	57260	37	0.86
B2	Sample 14	2	1	7	62270	37	0.86
B2	Sample 14	2	1	8	67260	36.96	0.86
B2	Sample 14	2	1	9	72260	37	0.86
B2	Sample 14	2	1	10	77280	36.96	0.85
B2	Sample 14	2	1	11	82270	37	0.86
B2	Sample 14	2	1	12	87260	36.96	0.86
B2	Sample 14	2	1	13	92260	36.96	0.85
B2	Sample 14	2	1	14	97260	36.96	0.86
B2	Sample 14	2	1	15	102260	36.96	0.85
B3	Sample 15	2	1	1	32230	36.96	0.97
B3	Sample 15	2	1	2	37280	36.96	0.98
B3	Sample 15	2	1	3	42260	36.96	0.98
B3	Sample 15	2	1	4	47260	36.96	0.97
B3	Sample 15	2	1	5	52270	37	0.97
B3	Sample 15	2	1	6	57260	37	0.97
B3	Sample 15	2	1	7	62270	37	0.97
B3	Sample 15	2	1	8	67260	36.96	0.97
B3	Sample 15	2	1	9	72260	37	0.97
B3	Sample 15	2	1	10	77280	36.96	0.97
B3	Sample 15	2	1	11	82270	37	0.97
B3	Sample 15	2	1	12	87260	36.96	0.97
B3	Sample 15	2	1	13	92260	36.96	0.96
B3	Sample 15	2	1	14	97260	36.96	0.97
B3	Sample 15	2	1	15	102260	36.96	0.97
B4	Sample 16	2	1	1	32230	36.96	0.99
B4	Sample 16	2	1	2	37280	36.96	0.99
B4	Sample 16	2	1	3	42260	36.96	0.99
B4	Sample 16	2	1	4	47260	36.96	0.98
B4	Sample 16	2	1	5	52270	37	0.98
B4	Sample 16	2	1	6	57260	37	0.99
B4	Sample 16	2	1	7	62270	37	0.99
B4	Sample 16	2	1	8	67260	36.96	0.98
B4	Sample 16	2	1	9	72260	37	0.99
B4	Sample 16	2	1	10	77280	36.96	0.99
B4	Sample 16	2	1	11	82270	37	0.98
B4	Sample 16	2	1	12	87260	36.96	0.99
B4	Sample 16	2	1	13	92260	36.96	0.98
B4	Sample 16	2	1	14	97260	36.96	0.99
B4	Sample 16	2	1	15	102260	36.96	0.98
B5	Sample 17	2	1	1	32230	36.96	0.85
B5	Sample 17	2	1	2	37280	36.96	0.86
B5	Sample 17	2	1	3	42260	36.96	0.86
B5	Sample 17	2	1	4	47260	36.96	0.86
B5	Sample 17	2	1	5	52270	37	0.85
B5	Sample 17	2	1	6	57260	37	0.86
B5	Sample 17	2	1	7	62270	37	0.86
B5	Sample 17	2	1	8	67260	36.96	0.85
B5	Sample 17	2	1	9	72260	37	0.86
B5	Sample 17	2	1	10	77280	36.96	0.85
B5	Sample 17	2	1	11	82270	37	0.85
B5	Sample 17	2	1	12	87260	36.96	0.85
B5	Sample 17	2	1	13	92260	36.96	0.85
B5	Sample 17	2	1	14	97260	36.96	0.86
B5	Sample 17	2	1	15	102260	36.96	0.85
B6	Sample 18	2	1	1	32230	36.96	0.90
B6	Sample 18	2	1	2	37280	36.96	0.91
B6	Sample 18	2	1	3	42260	36.96	0.90
B6	Sample 18	2	1	4	47260	36.96	0.90
B6	Sample 18	2	1	5	52270	37	0.89
B6	Sample 18	2	1	6	57260	37	0.90
B6	Sample 18	2	1	7	62270	37	0.90
B6	Sample 18	2	1	8	67260	36.96	0.89
B6	Sample 18	2	1	9	72260	37	0.90
B6	Sample 18	2	1	10	77280	36.96	0.89
B6	Sample 18	2	1	11	82270	37	0.90
B6	Sample 18	2	1	12	87260	36.96	0.90
B6	Sample 18	2	1	13	92260	36.96	0.89
B6	Sample 18	2	1	14	97260	36.96	0.89
B6	Sample 18	2	1	15	102260	36.96	0.89
B7	Sample 19	2	1	1	32230	36.96	0.87
B7	Sample 19	2	1	2	37280	36.96	0.88
B7	Sample 19	2	1	3	42260	36.96	0.87
B7	Sample 19	2	1	4	47260	36.96	0.87
B7	Sample 19	2	1	5	52270	37	0.87
B7	Sample 19	2	1	6	57260	37	0.87
B7	Sample 19	2	1	7	62270	37	0.87
B7	Sample 19	2	1	8	67260	36.96	0.87
B7	Sample 19	2	1	9	72260	37	0.87
B7	Sample 19	2	1	10	77280	36.96	0.86
B7	Sample 19	2	1	11	82270	37	0.86
B7	Sample 19	2	1	12	87260	36.96	0.87
B7	Sample 19	2	1	13	92260	36.96	0.86
B7	Sample 19	2	1	14	97260	36.96	0.87
B7	Sample 19	2	1	15	102260	36.96	0.86
B8	Sample 20	2	1	1	32230	36.96	0.90
B8	Sample 20	2	1	2	37280	36.96	0.90
B8	Sample 20	2	1	3	42260	36.96	0.89
B8	Sample 20	2	1	4	47260	36.96	0.89
B8	Sample 20	2	1	5	52270	37	0.89
B8	Sample 20	2	1	6	57260	37	0.89
B8	Sample 20	2	1	7	62270	37	0.89
B8	Sample 20	2	1	8	67260	36.96	0.88
B8	Sample 20	2	1	9	72260	37	0.88
B8	Sample 20	2	1	10	77280	36.96	0.88
B8	Sample 20	2	1	11	82270	37	0.88
B8	Sample 20	2	1	12	87260	36.96	0.88
B8	Sample 20	2	1	13	92260	36.96	0.88
B8	Sample 20	2	1	14	97260	36.96	0.88
B8	Sample 20	2	1	15	102260	36.96	0.88
B9	Sample 21	2	1	1	32230	36.96	0.80
B9	Sample 21	2	1	2	37280	36.96	0.81
B9	Sample 21	2	1	3	42260	36.96	0.82
B9	Sample 21	2	1	4	47260	36.96	0.81
B9	Sample 21	2	1	5	52270	37	0.80
B9	Sample 21	2	1	6	57260	37	0.81
B9	Sample 21	2	1	7	62270	37	0.81
B9	Sample 21	2	1	8	67260	36.96	0.80
B9	Sample 21	2	1	9	72260	37	0.81
B9	Sample 21	2	1	10	77280	36.96	0.80
B9	Sample 21	2	1	11	82270	37	0.81
B9	Sample 21	2	1	12	87260	36.96	0.81
B9	Sample 21	2	1	13	92260	36.96	0.80
B9	Sample 21	2	1	14	97260	36.96	0.80
B9	Sample 21	2	1	15	102260	36.96	0.80
B10	Sample 22	2	1	1	32230	36.96	0.84
B10	Sample 22	2	1	2	37280	36.96	0.84
B10	Sample 22	2	1	3	42260	36.96	0.83
B10	Sample 22	2	1	4	47260	36.96	0.84
B10	Sample 22	2	1	5	52270	37	0.83
B10	Sample 22	2	1	6	57260	37	0.84
B10	Sample 22	2	1	7	62270	37	0.84
B10	Sample 22	2	1	8	67260	36.96	0.82
B10	Sample 22	2	1	9	72260	37	0.84
B10	Sample 22	2	1	10	77280	36.96	0.83
B10	Sample 22	2	1	11	82270	37	0.83
B10	Sample 22	2	1	12	87260	36.96	0.83
B10	Sample 22	2	1	13	92260	36.96	0.83
B10	Sample 22	2	1	14	97260	36.96	0.84
B10	Sample 22	2	1	15	102260	36.96	0.83
B11	Sample 23	2	1	1	32230	36.96	0.92
B11	Sample 23	2	1	2	37280	36.96	0.92
B11	Sample 23	2	1	3	42260	36.96	0.92
B11	Sample 23	2	1	4	47260	36.96	0.92
B11	Sample 23	2	1	5	52270	37	0.91
B11	Sample 23	2	1	6	57260	37	0.92
B11	Sample 23	2	1	7	62270	37	0.92
B11	Sample 23	2	1	8	67260	36.96	0.92
B11	Sample 23	2	1	9	72260	37	0.92
B11	Sample 23	2	1	10	77280	36.96	0.91
B11	Sample 23	2	1	11	82270	37	0.91
B11	Sample 23	2	1	12	87260	36.96	0.91
B11	Sample 23	2	1	13	92260	36.96	0.91
B11	Sample 23	2	1	14	97260	36.96	0.92
B11	Sample 23	2	1	15	102260	36.96	0.91
B12	Sample 24	2	1	1	32230	36.96	0.82
B12	Sample 24	2	1	2	37280	36.96	0.83
B12	Sample 24	2	1	3	42260	36.96	0.83
B12	Sample 24	2	1	4	47260	36.96	0.82
B12	Sample 24	2	1	5	52270	37	0.82
B12	Sample 24	2	1	6	57260	37	0.82
B12	Sample 24	2	1	7	62270	37	0.82
B12	Sample 24	2	1	8	67260	36.96	0.81
B12	Sample 24	2	1	9	72260	37	0.82
B12	Sample 24	2	1	10	77280	36.96	0.81
B12	Sample 24	2	1	11	82270	37	0.81
B12	Sample 24	2	1	12	87260	36.96	0.82
B12	Sample 24	2	1	13	92260	36.96	0.81
B12	Sample 24	2	1	14	97260	36.96	0.82
B12	Sample 24	2	1	15	102260	36.96	0.81
C1	Sample 25	2	1	1	32230	36.96	0.86
C1	Sample 25	2	1	2	37280	36.96	0.86
C1	Sample 25	2	1	3	42260	36.96	0.86
C1	Sample 25	2	1	4	47260	36.96	0.86
C1	Sample 25	2	1	5	52270	37	0.86
C1	Sample 25	2	1	6	57260	37	0.86
C1	Sample 25	2	1	7	62270	37	0.86
C1	Sample 25	2	1	8	67260	36.96	0.86
C1	Sample 25	2	1	9	72260	37	0.85
C1	Sample 25	2	1	10	77280	36.96	0.85
C1	Sample 25	2	1	11	82270	37	0.85
C1	Sample 25	2	1	12	87260	36.96	0.86
C1	Sample 25	2	1	13	92260	36.96	0.86
C1	Sample 25	2	1	14	97260	36.96	0.85
C1	Sample 25	2	1	15	102260	36.96	0.85
C2	Sample 26	2	1	1	32230	36.96	0.90
C2	Sample 26	2	1	2	37280	36.96	0.89
C2	Sample 26	2	1	3	42260	36.96	0.90
C2	Sample 26	2	1	4	47260	36.96	0.90
C2	Sample 26	2	1	5	52270	37	0.90
C2	Sample 26	2	1	6	57260	37	0.90
C2	Sample 26	2	1	7	62270	37	0.90
C2	Sample 26	2	1	8	67260	36.96	0.90
C2	Sample 26	2	1	9	72260	37	0.89
C2	Sample 26	2	1	10	77280	36.96	0.90
C2	Sample 26	2	1	11	82270	37	0.89
C2	Sample 26	2	1	12	87260	36.96	0.89
C2	Sample 26	2	1	13	92260	36.96	0.90
C2	Sample 26	2	1	14	97260	36.96	0.89
C2	Sample 26	2	1	15	102260	36.96	0.89
C3	Sample 27	2	1	1	32230	36.96	1.01
C3	Sample 27	2	1	2	37280	36.96	1.01
C3	Sample 27	2	1	3	42260	36.96	1.01
C3	Sample 27	2	1	4	47260	36.96	1.01
C3	Sample 27	2	1	5	52270	37	1.01
C3	Sample 27	2	1	6	57260	37	1.01
C3	Sample 27	2	1	7	62270	37	1.01
C3	Sample 27	2	1	8	67260	36.96	1.01
C3	Sample 27	2	1	9	72260	37	1.01
C3	Sample 27	2	1	10	77280	36.96	1.01
C3	Sample 27	2	1	11	82270	37	1.01
C3	Sample 27	2	1	12	87260	36.96	1.01
C3	Sample 27	2	1	13	92260	36.96	1.00
C3	Sample 27	2	1	14	97260	36.96	1.01
C3	Sample 27	2	1	15	102260	36.96	1.00
C4	Sample 28	2	1	1	32230	36.96	0.98
C4	Sample 28	2	1	2	37280	36.96	0.98
C4	Sample 28	2	1	3	42260	36.96	0.98
C4	Sample 28	2	1	4	47260	36.96	0.98
C4	Sample 28	2	1	5	52270	37	0.98
C4	Sample 28	2	1	6	57260	37	0.97
C4	Sample 28	2	1	7	62270	37	0.98
C4	Sample 28	2	1	8	67260	36.96	0.98
C4	Sample 28	2	1	9	72260	37	0.98
C4	Sample 28	2	1	10	77280	36.96	0.98
C4	Sample 28	2	1	11	82270	37	0.97
C4	Sample 28	2	1	12	87260	36.96	0.97
C4	Sample 28	2	1	13	92260	36.96	0.98
C4	Sample 28	2	1	14	97260	36.96	0.97
C4	Sample 28	2	1	15	102260	36.96	0.97
C5	Sample 29	2	1	1	32230	36.96	0.84
C5	Sample 29	2	1	2	37280	36.96	0.84
C5	Sample 29	2	1	3	42260	36.96	0.84
C5	Sample 29	2	1	4	47260	36.96	0.84
C5	Sample 29	2	1	5	52270	37	0.85
C5	Sample 29	2	1	6	57260	37	0.84
C5	Sample 29	2	1	7	62270	37	0.84
C5	Sample 29	2	1	8	67260	36.96	0.84
C5	Sample 29	2	1	9	72260	37	0.83
C5	Sample 29	2	1	10	77280	36.96	0.83
C5	Sample 29	2	1	11	82270	37	0.83
C5	Sample 29	2	1	12	87260	36.96	0.83
C5	Sample 29	2	1	13	92260	36.96	0.83
C5	Sample 29	2	1	14	97260	36.96	0.83
C5	Sample 29	2	1	15	102260	36.96	0.83
C6	Sample 30	2	1	1	32230	36.96	0.95
C6	Sample 30	2	1	2	37280	36.96	0.94
C6	Sample 30	2	1	3	42260	36.96	0.94
C6	Sample 30	2	1	4	47260	36.96	0.93
C6	Sample 30	2	1	5	52270	37	0.93
C6	Sample 30	2	1	6	57260	37	0.94
C6	Sample 30	2	1	7	62270	37	0.94
C6	Sample 30	2	1	8	67260	36.96	0.94
C6	Sample 30	2	1	9	72260	37	0.93
C6	Sample 30	2	1	10	77280	36.96	0.93
C6	Sample 30	2	1	11	82270	37	0.93
C6	Sample 30	2	1	12	87260	36.96	0.93
C6	Sample 30	2	1	13	92260	36.96	0.94
C6	Sample 30	2	1	14	97260	36.96	0.93
C6	Sample 30	2	1	15	102260	36.96	0.93
C7	Sample 31	2	1	1	32230	36.96	0.89
C7	Sample 31	2	1	2	37280	36.96	0.88
C7	Sample 31	2	1	3	42260	36.96	0.88
C7	Sample 31	2	1	4	47260	36.96	0.88
C7	Sample 31	2	1	5	52270	37	0.88
C7	Sample 31	2	1	6	57260	37	0.88
C7	Sample 31	2	1	7	62270	37	0.88
C7	Sample 31	2	1	8	67260	36.96	0.88
C7	Sample 31	2	1	9	72260	37	0.88
C7	Sample 31	2	1	10	77280	36.96	0.87
C7	Sample 31	2	1	11	82270	37	0.87
C7	Sample 31	2	1	12	87260	36.96	0.88
C7	Sample 31	2	1	13	92260	36.96	0.88
C7	Sample 31	2	1	14	97260	36.96	0.87
C7	Sample 31	2	1	15	102260	36.96	0.87
C8	Sample 32	2	1	1	32230	36.96	0.88
C8	Sample 32	2	1	2	37280	36.96	0.87
C8	Sample 32	2	1	3	42260	36.96	0.87
C8	Sample 32	2	1	4	47260	36.96	0.87
C8	Sample 32	2	1	5	52270	37	0.87
C8	Sample 32	2	1	6	57260	37	0.87
C8	Sample 32	2	1	7	62270	37	0.87
C8	Sample 32	2	1	8	67260	36.96	0.87
C8	Sample 32	2	1	9	72260	37	0.86
C8	Sample 32	2	1	10	77280	36.96	0.86
C8	Sample 32	2	1	11	82270	37	0.86
C8	Sample 32	2	1	12	87260	36.96	0.86
C8	Sample 32	2	1	13	92260	36.96	0.86
C8	Sample 32	2	1	14	97260	36.96	0.86
C8	Sample 32	2	1	15	102260	36.96	0.86
C9	Sample 33	2	1	1	32230	36.96	0.84
C9	Sample 33	2	1	2	37280	36.96	0.84
C9	Sample 33	2	1	3	42260	36.96	0.83
C9	Sample 33	2	1	4	47260	36.96	0.83
C9	Sample 33	2	1	5	52270	37	0.84
C9	Sample 33	2	1	6	57260	37	0.83
C9	Sample 33	2	1	7	62270	37	0.83
C9	Sample 33	2	1	8	67260	36.96	0.83
C9	Sample 33	2	1	9	72260	37	0.82
C9	Sample 33	2	1	10	77280	36.96	0.83
C9	Sample 33	2	1	11	82270	37	0.83
C9	Sample 33	2	1	12	87260	36.96	0.83
C9	Sample 33	2	1	13	92260	36.96	0.82
C9	Sample 33	2	1	14	97260	36.96	0.83
C9	Sample 33	2	1	15	102260	36.96	0.82
C10	Sample 34	2	1	1	32230	36.96	0.84
C10	Sample 34	2	1	2	37280	36.96	0.84
C10	Sample 34	2	1	3	42260	36.96	0.84
C10	Sample 34	2	1	4	47260	36.96	0.84
C10	Sample 34	2	1	5	52270	37	0.84
C10	Sample 34	2	1	6	57260	37	0.84
C10	Sample 34	2	1	7	62270	37	0.83
C10	Sample 34	2	1	8	67260	36.96	0.84
C10	Sample 34	2	1	9	72260	37	0.84
C10	Sample 34	2	1	10	77280	36.96	0.83
C10	Sample 34	2	1	11	82270	37	0.83
C10	Sample 34	2	1	12	87260	36.96	0.83
C10	Sample 34	2	1	13	92260	36.96	0.83
C10	Sample 34	2	1	14	97260	36.96	0.83
C10	Sample 34	2	1	15	102260	36.96	0.83
C11	Sample 35	2	1	1	32230	36.96	0.87
C11	Sample 35	2	1	2	37280	36.96	0.87
C11	Sample 35	2	1	3	42260	36.96	0.86
C11	Sample 35	2	1	4	47260	36.96	0.86
C11	Sample 35	2	1	5	52270	37	0.86
C11	Sample 35	2	1	6	57260	37	0.86
C11	Sample 35	2	1	7	62270	37	0.87
C11	Sample 35	2	1	8	67260	36.96	0.86
C11	Sample 35	2	1	9	72260	37	0.87
C11	Sample 35	2	1	10	77280	36.96	0.86
C11	Sample 35	2	1	11	82270	37	0.86
C11	Sample 35	2	1	12	87260	36.96	0.86
C11	Sample 35	2	1	13	92260	36.96	0.86
C11	Sample 35	2	1	14	97260	36.96	0.86
C11	Sample 35	2	1	15	102260	36.96	0.85
C12	Sample 36	2	1	1	32230	36.96	0.80
C12	Sample 36	2	1	2	37280	36.96	0.79
C12	Sample 36	2	1	3	42260	36.96	0.79
C12	Sample 36	2	1	4	47260	36.96	0.79
C12	Sample 36	2	1	5	52270	37	0.80
C12	Sample 36	2	1	6	57260	37	0.79
C12	Sample 36	2	1	7	62270	37	0.80
C12	Sample 36	2	1	8	67260	36.96	0.79
C12	Sample 36	2	1	9	72260	37	0.79
C12	Sample 36	2	1	10	77280	36.96	0.79
C12	Sample 36	2	1	11	82270	37	0.79
C12	Sample 36	2	1	12	87260	36.96	0.80
C12	Sample 36	2	1	13	92260	36.96	0.80
C12	Sample 36	2	1	14	97260	36.96	0.79
C12	Sample 36	2	1	15	102260	36.96	0.79
D1	Sample 37	2	1	1	32230	36.96	0.89
D1	Sample 37	2	1	2	37280	36.96	0.89
D1	Sample 37	2	1	3	42260	36.96	0.89
D1	Sample 37	2	1	4	47260	36.96	0.89
D1	Sample 37	2	1	5	52270	37	0.89
D1	Sample 37	2	1	6	57260	37	0.88
D1	Sample 37	2	1	7	62270	37	0.89
D1	Sample 37	2	1	8	67260	36.96	0.89
D1	Sample 37	2	1	9	72260	37	0.88
D1	Sample 37	2	1	10	77280	36.96	0.90
D1	Sample 37	2	1	11	82270	37	0.88
D1	Sample 37	2	1	12	87260	36.96	0.89
D1	Sample 37	2	1	13	92260	36.96	0.89
D1	Sample 37	2	1	14	97260	36.96	0.89
D1	Sample 37	2	1	15	102260	36.96	0.89
D2	Sample 38	2	1	1	32230	36.96	0.88
D2	Sample 38	2	1	2	37280	36.96	0.88
D2	Sample 38	2	1	3	42260	36.96	0.88
D2	Sample 38	2	1	4	47260	36.96	0.87
D2	Sample 38	2	1	5	52270	37	0.87
D2	Sample 38	2	1	6	57260	37	0.87
D2	Sample 38	2	1	7	62270	37	0.88
D2	Sample 38	2	1	8	67260	36.96	0.88
D2	Sample 38	2	1	9	72260	37	0.88
D2	Sample 38	2	1	10	77280	36.96	0.88
D2	Sample 38	2	1	11	82270	37	0.88
D2	Sample 38	2	1	12	87260	36.96	0.87
D2	Sample 38	2	1	13	92260	36.96	0.88
D2	Sample 38	2	1	14	97260	36.96	0.88
D2	Sample 38	2	1	15	102260	36.96	0.87
D3	Sample 39	2	1	1	32230	36.96	1.00
D3	Sample 39	2	1	2	37280	36.96	1.00
D3	Sample 39	2	1	3	42260	36.96	1.00
D3	Sample 39	2	1	4	47260	36.96	0.99
D3	Sample 39	2	1	5	52270	37	1.00
D3	Sample 39	2	1	6	57260	37	0.99
D3	Sample 39	2	1	7	62270	37	1.00
D3	Sample 39	2	1	8	67260	36.96	0.99
D3	Sample 39	2	1	9	72260	37	1.00
D3	Sample 39	2	1	10	77280	36.96	1.00
D3	Sample 39	2	1	11	82270	37	0.99
D3	Sample 39	2	1	12	87260	36.96	0.99
D3	Sample 39	2	1	13	92260	36.96	1.00
D3	Sample 39	2	1	14	97260	36.96	0.99
D3	Sample 39	2	1	15	102260	36.96	0.99
D4	Sample 40	2	1	1	32230	36.96	0.97
D4	Sample 40	2	1	2	37280	36.96	0.96
D4	Sample 40	2	1	3	42260	36.96	0.96
D4	Sample 40	2	1	4	47260	36.96	0.96
D4	Sample 40	2	1	5	52270	37	0.96
D4	Sample 40	2	1	6	57260	37	0.96
D4	Sample 40	2	1	7	62270	37	0.97
D4	Sample 40	2	1	8	67260	36.96	0.96
D4	Sample 40	2	1	9	72260	37	0.96
D4	Sample 40	2	1	10	77280	36.96	0.96
D4	Sample 40	2	1	11	82270	37	0.96
D4	Sample 40	2	1	12	87260	36.96	0.96
D4	Sample 40	2	1	13	92260	36.96	0.97
D4	Sample 40	2	1	14	97260	36.96	0.96
D4	Sample 40	2	1	15	102260	36.96	0.97
D5	Sample 41	2	1	1	32230	36.96	0.84
D5	Sample 41	2	1	2	37280	36.96	0.84
D5	Sample 41	2	1	3	42260	36.96	0.84
D5	Sample 41	2	1	4	47260	36.96	0.84
D5	Sample 41	2	1	5	52270	37	0.84
D5	Sample 41	2	1	6	57260	37	0.84
D5	Sample 41	2	1	7	62270	37	0.84
D5	Sample 41	2	1	8	67260	36.96	0.83
D5	Sample 41	2	1	9	72260	37	0.84
D5	Sample 41	2	1	10	77280	36.96	0.84
D5	Sample 41	2	1	11	82270	37	0.84
D5	Sample 41	2	1	12	87260	36.96	0.83
D5	Sample 41	2	1	13	92260	36.96	0.83
D5	Sample 41	2	1	14	97260	36.96	0.83
D5	Sample 41	2	1	15	102260	36.96	0.83
D6	Sample 42	2	1	1	32230	36.96	0.89
D6	Sample 42	2	1	2	37280	36.96	0.89
D6	Sample 42	2	1	3	42260	36.96	0.89
D6	Sample 42	2	1	4	47260	36.96	0.89
D6	Sample 42	2	1	5	52270	37	0.89
D6	Sample 42	2	1	6	57260	37	0.88
D6	Sample 42	2	1	7	62270	37	0.88
D6	Sample 42	2	1	8	67260	36.96	0.88
D6	Sample 42	2	1	9	72260	37	0.88
D6	Sample 42	2	1	10	77280	36.96	0.88
D6	Sample 42	2	1	11	82270	37	0.88
D6	Sample 42	2	1	12	87260	36.96	0.88
D6	Sample 42	2	1	13	92260	36.96	0.88
D6	Sample 42	2	1	14	97260	36.96	0.88
D6	Sample 42	2	1	15	102260	36.96	0.88
D7	Sample 43	2	1	1	32230	36.96	0.88
D7	Sample 43	2	1	2	37280	36.96	0.88
D7	Sample 43	2	1	3	42260	36.96	0.88
D7	Sample 43	2	1	4	47260	36.96	0.88
D7	Sample 43	2	1	5	52270	37	0.89
D7	Sample 43	2	1	6	57260	37	0.88
D7	Sample 43	2	1	7	62270	37	0.88
D7	Sample 43	2	1	8	67260	36.96	0.88
D7	Sample 43	2	1	9	72260	37	0.88
D7	Sample 43	2	1	10	77280	36.96	0.88
D7	Sample 43	2	1	11	82270	37	0.88
D7	Sample 43	2	1	12	87260	36.96	0.88
D7	Sample 43	2	1	13	92260	36.96	0.88
D7	Sample 43	2	1	14	97260	36.96	0.88
D7	Sample 43	2	1	15	102260	36.96	0.87
D8	Sample 44	2	1	1	32230	36.96	0.89
D8	Sample 44	2	1	2	37280	36.96	0.88
D8	Sample 44	2	1	3	42260	36.96	0.89
D8	Sample 44	2	1	4	47260	36.96	0.89
D8	Sample 44	2	1	5	52270	37	0.89
D8	Sample 44	2	1	6	57260	37	0.88
D8	Sample 44	2	1	7	62270	37	0.89
D8	Sample 44	2	1	8	67260	36.96	0.88
D8	Sample 44	2	1	9	72260	37	0.89
D8	Sample 44	2	1	10	77280	36.96	0.88
D8	Sample 44	2	1	11	82270	37	0.88
D8	Sample 44	2	1	12	87260	36.96	0.88
D8	Sample 44	2	1	13	92260	36.96	0.88
D8	Sample 44	2	1	14	97260	36.96	0.88
D8	Sample 44	2	1	15	102260	36.96	0.88
D9	Sample 45	2	1	1	32230	36.96	0.83
D9	Sample 45	2	1	2	37280	36.96	0.83
D9	Sample 45	2	1	3	42260	36.96	0.83
D9	Sample 45	2	1	4	47260	36.96	0.83
D9	Sample 45	2	1	5	52270	37	0.83
D9	Sample 45	2	1	6	57260	37	0.83
D9	Sample 45	2	1	7	62270	37	0.83
D9	Sample 45	2	1	8	67260	36.96	0.82
D9	Sample 45	2	1	9	72260	37	0.83
D9	Sample 45	2	1	10	77280	36.96	0.83
D9	Sample 45	2	1	11	82270	37	0.83
D9	Sample 45	2	1	12	87260	36.96	0.83
D9	Sample 45	2	1	13	92260	36.96	0.83
D9	Sample 45	2	1	14	97260	36.96	0.83
D9	Sample 45	2	1	15	102260	36.96	0.83
D10	Sample 46	2	1	1	32230	36.96	0.84
D10	Sample 46	2	1	2	37280	36.96	0.84
D10	Sample 46	2	1	3	42260	36.96	0.84
D10	Sample 46	2	1	4	47260	36.96	0.83
D10	Sample 46	2	1	5	52270	37	0.84
D10	Sample 46	2	1	6	57260	37	0.83
D10	Sample 46	2	1	7	62270	37	0.84
D10	Sample 46	2	1	8	67260	36.96	0.83
D10	Sample 46	2	1	9	72260	37	0.84
D10	Sample 46	2	1	10	77280	36.96	0.83
D10	Sample 46	2	1	11	82270	37	0.83
D10	Sample 46	2	1	12	87260	36.96	0.83
D10	Sample 46	2	1	13	92260	36.96	0.84
D10	Sample 46	2	1	14	97260	36.96	0.83
D10	Sample 46	2	1	15	102260	36.96	0.83
D11	Sample 47	2	1	1	32230	36.96	0.87
D11	Sample 47	2	1	2	37280	36.96	0.87
D11	Sample 47	2	1	3	42260	36.96	0.86
D11	Sample 47	2	1	4	47260	36.96	0.86
D11	Sample 47	2	1	5	52270	37	0.87
D11	Sample 47	2	1	6	57260	37	0.86
D11	Sample 47	2	1	7	62270	37	0.86
D11	Sample 47	2	1	8	67260	36.96	0.86
D11	Sample 47	2	1	9	72260	37	0.86
D11	Sample 47	2	1	10	77280	36.96	0.86
D11	Sample 47	2	1	11	82270	37	0.86
D11	Sample 47	2	1	12	87260	36.96	0.85
D11	Sample 47	2	1	13	92260	36.96	0.86
D11	Sample 47	2	1	14	97260	36.96	0.85
D11	Sample 47	2	1	15	102260	36.96	0.86
D12	Sample 48	2	1	1	32230	36.96	0.76
D12	Sample 48	2	1	2	37280	36.96	0.76
D12	Sample 48	2	1	3	42260	36.96	0.76
D12	Sample 48	2	1	4	47260	36.96	0.75
D12	Sample 48	2	1	5	52270	37	0.75
D12	Sample 48	2	1	6	57260	37	0.75
D12	Sample 48	2	1	7	62270	37	0.76
D12	Sample 48	2	1	8	67260	36.96	0.75
D12	Sample 48	2	1	9	72260	37	0.76
D12	Sample 48	2	1	10	77280	36.96	0.76
D12	Sample 48	2	1	11	82270	37	0.75
D12	Sample 48	2	1	12	87260	36.96	0.75
D12	Sample 48	2	1	13	92260	36.96	0.75
D12	Sample 48	2	1	14	97260	36.96	0.75
D12	Sample 48	2	1	15	102260	36.96	0.75
E1	Sample 49	2	1	1	32230	36.96	0.89
E1	Sample 49	2	1	2	37280	36.96	0.89
E1	Sample 49	2	1	3	42260	36.96	0.89
E1	Sample 49	2	1	4	47260	36.96	0.88
E1	Sample 49	2	1	5	52270	37	0.88
E1	Sample 49	2	1	6	57260	37	0.89
E1	Sample 49	2	1	7	62270	37	0.89
E1	Sample 49	2	1	8	67260	36.96	0.88
E1	Sample 49	2	1	9	72260	37	0.89
E1	Sample 49	2	1	10	77280	36.96	0.88
E1	Sample 49	2	1	11	82270	37	0.89
E1	Sample 49	2	1	12	87260	36.96	0.88
E1	Sample 49	2	1	13	92260	36.96	0.88
E1	Sample 49	2	1	14	97260	36.96	0.89
E1	Sample 49	2	1	15	102260	36.96	0.88
E2	Sample 50	2	1	1	32230	36.96	0.87
E2	Sample 50	2	1	2	37280	36.96	0.87
E2	Sample 50	2	1	3	42260	36.96	0.87
E2	Sample 50	2	1	4	47260	36.96	0.87
E2	Sample 50	2	1	5	52270	37	0.87
E2	Sample 50	2	1	6	57260	37	0.87
E2	Sample 50	2	1	7	62270	37	0.87
E2	Sample 50	2	1	8	67260	36.96	0.87
E2	Sample 50	2	1	9	72260	37	0.87
E2	Sample 50	2	1	10	77280	36.96	0.86
E2	Sample 50	2	1	11	82270	37	0.86
E2	Sample 50	2	1	12	87260	36.96	0.86
E2	Sample 50	2	1	13	92260	36.96	0.86
E2	Sample 50	2	1	14	97260	36.96	0.86
E2	Sample 50	2	1	15	102260	36.96	0.85
E3	Sample 51	2	1	1	32230	36.96	1.20
E3	Sample 51	2	1	2	37280	36.96	1.20
E3	Sample 51	2	1	3	42260	36.96	1.20
E3	Sample 51	2	1	4	47260	36.96	1.19
E3	Sample 51	2	1	5	52270	37	1.19
E3	Sample 51	2	1	6	57260	37	1.19
E3	Sample 51	2	1	7	62270	37	1.19
E3	Sample 51	2	1	8	67260	36.96	1.19
E3	Sample 51	2	1	9	72260	37	1.19
E3	Sample 51	2	1	10	77280	36.96	1.19
E3	Sample 51	2	1	11	82270	37	1.19
E3	Sample 51	2	1	12	87260	36.96	1.19
E3	Sample 51	2	1	13	92260	36.96	1.19
E3	Sample 51	2	1	14	97260	36.96	1.19
E3	Sample 51	2	1	15	102260	36.96	1.18
E4	Sample 52	2	1	1	32230	36.96	1.21
E4	Sample 52	2	1	2	37280	36.96	1.21
E4	Sample 52	2	1	3	42260	36.96	1.21
E4	Sample 52	2	1	4	47260	36.96	1.21
E4	Sample 52	2	1	5	52270	37	1.22
E4	Sample 52	2	1	6	57260	37	1.21
E4	Sample 52	2	1	7	62270	37	1.20
E4	Sample 52	2	1	8	67260	36.96	1.20
E4	Sample 52	2	1	9	72260	37	1.21
E4	Sample 52	2	1	10	77280	36.96	1.20
E4	Sample 52	2	1	11	82270	37	1.20
E4	Sample 52	2	1	12	87260	36.96	1.20
E4	Sample 52	2	1	13	92260	36.96	1.20
E4	Sample 52	2	1	14	97260	36.96	1.21
E4	Sample 52	2	1	15	102260	36.96	1.20
E5	Sample 53	2	1	1	32230	36.96	0.89
E5	Sample 53	2	1	2	37280	36.96	0.89
E5	Sample 53	2	1	3	42260	36.96	0.89
E5	Sample 53	2	1	4	47260	36.96	0.88
E5	Sample 53	2	1	5	52270	37	0.88
E5	Sample 53	2	1	6	57260	37	0.89
E5	Sample 53	2	1	7	62270	37	0.88
E5	Sample 53	2	1	8	67260	36.96	0.88
E5	Sample 53	2	1	9	72260	37	0.89
E5	Sample 53	2	1	10	77280	36.96	0.87
E5	Sample 53	2	1	11	82270	37	0.87
E5	Sample 53	2	1	12	87260	36.96	0.88
E5	Sample 53	2	1	13	92260	36.96	0.88
E5	Sample 53	2	1	14	97260	36.96	0.88
E5	Sample 53	2	1	15	102260	36.96	0.87
E6	Sample 54	2	1	1	32230	36.96	0.90
E6	Sample 54	2	1	2	37280	36.96	0.89
E6	Sample 54	2	1	3	42260	36.96	0.89
E6	Sample 54	2	1	4	47260	36.96	0.89
E6	Sample 54	2	1	5	52270	37	0.88
E6	Sample 54	2	1	6	57260	37	0.89
E6	Sample 54	2	1	7	62270	37	0.89
E6	Sample 54	2	1	8	67260	36.96	0.88
E6	Sample 54	2	1	9	72260	37	0.89
E6	Sample 54	2	1	10	77280	36.96	0.88
E6	Sample 54	2	1	11	82270	37	0.88
E6	Sample 54	2	1	12	87260	36.96	0.88
E6	Sample 54	2	1	13	92260	36.96	0.88
E6	Sample 54	2	1	14	97260	36.96	0.89
E6	Sample 54	2	1	15	102260	36.96	0.87
E7	Sample 55	2	1	1	32230	36.96	0.83
E7	Sample 55	2	1	2	37280	36.96	0.83
E7	Sample 55	2	1	3	42260	36.96	0.83
E7	Sample 55	2	1	4	47260	36.96	0.82
E7	Sample 55	2	1	5	52270	37	0.82
E7	Sample 55	2	1	6	57260	37	0.83
E7	Sample 55	2	1	7	62270	37	0.82
E7	Sample 55	2	1	8	67260	36.96	0.82
E7	Sample 55	2	1	9	72260	37	0.82
E7	Sample 55	2	1	10	77280	36.96	0.82
E7	Sample 55	2	1	11	82270	37	0.82
E7	Sample 55	2	1	12	87260	36.96	0.82
E7	Sample 55	2	1	13	92260	36.96	0.82
E7	Sample 55	2	1	14	97260	36.96	0.82
E7	Sample 55	2	1	15	102260	36.96	0.82
E8	Sample 56	2	1	1	32230	36.96	0.83
E8	Sample 56	2	1	2	37280	36.96	0.83
E8	Sample 56	2	1	3	42260	36.96	0.83
E8	Sample 56	2	1	4	47260	36.96	0.83
E8	Sample 56	2	1	5	52270	37	0.83
E8	Sample 56	2	1	6	57260	37	0.83
E8	Sample 56	2	1	7	62270	37	0.83
E8	Sample 56	2	1	8	67260	36.96	0.82
E8	Sample 56	2	1	9	72260	37	0.83
E8	Sample 56	2	1	10	77280	36.96	0.82
E8	Sample 56	2	1	11	82270	37	0.83
E8	Sample 56	2	1	12	87260	36.96	0.82
E8	Sample 56	2	1	13	92260	36.96	0.83
E8	Sample 56	2	1	14	97260	36.96	0.83
E8	Sample 56	2	1	15	102260	36.96	0.82
E9	Sample 57	2	1	1	32230	36.96	0.78
E9	Sample 57	2	1	2	37280	36.96	0.78
E9	Sample 57	2	1	3	42260	36.96	0.78
E9	Sample 57	2	1	4	47260	36.96	0.78
E9	Sample 57	2	1	5	52270	37	0.77
E9	Sample 57	2	1	6	57260	37	0.77
E9	Sample 57	2	1	7	62270	37	0.77
E9	Sample 57	2	1	8	67260	36.96	0.77
E9	Sample 57	2	1	9	72260	37	0.77
E9	Sample 57	2	1	10	77280	36.96	0.77
E9	Sample 57	2	1	11	82270	37	0.77
E9	Sample 57	2	1	12	87260	36.96	0.77
E9	Sample 57	2	1	13	92260	36.96	0.77
E9	Sample 57	2	1	14	97260	36.96	0.77
E9	Sample 57	2	1	15	102260	36.96	0.76
E10	Sample 58	2	1	1	32230	36.96	0.79
E10	Sample 58	2	1	2	37280	36.96	0.79
E10	Sample 58	2	1	3	42260	36.96	0.79
E10	Sample 58	2	1	4	47260	36.96	0.79
E10	Sample 58	2	1	5	52270	37	0.79
E10	Sample 58	2	1	6	57260	37	0.79
E10	Sample 58	2	1	7	62270	37	0.79
E10	Sample 58	2	1	8	67260	36.96	0.78
E10	Sample 58	2	1	9	72260	37	0.79
E10	Sample 58	2	1	10	77280	36.96	0.78
E10	Sample 58	2	1	11	82270	37	0.78
E10	Sample 58	2	1	12	87260	36.96	0.78
E10	Sample 58	2	1	13	92260	36.96	0.78
E10	Sample 58	2	1	14	97260	36.96	0.79
E10	Sample 58	2	1	15	102260	36.96	0.78
E11	Sample 59	2	1	1	32230	36.96	0.83
E11	Sample 59	2	1	2	37280	36.96	0.83
E11	Sample 59	2	1	3	42260	36.96	0.83
E11	Sample 59	2	1	4	47260	36.96	0.82
E11	Sample 59	2	1	5	52270	37	0.82
E11	Sample 59	2	1	6	57260	37	0.83
E11	Sample 59	2	1	7	62270	37	0.83
E11	Sample 59	2	1	8	67260	36.96	0.82
E11	Sample 59	2	1	9	72260	37	0.83
E11	Sample 59	2	1	10	77280	36.96	0.82
E11	Sample 59	2	1	11	82270	37	0.82
E11	Sample 59	2	1	12	87260	36.96	0.82
E11	Sample 59	2	1	13	92260	36.96	0.82
E11	Sample 59	2	1	14	97260	36.96	0.83
E11	Sample 59	2	1	15	102260	36.96	0.82
E12	Sample 60	2	1	1	32230	36.96	0.78
E12	Sample 60	2	1	2	37280	36.96	0.78
E12	Sample 60	2	1	3	42260	36.96	0.78
E12	Sample 60	2	1	4	47260	36.96	0.77
E12	Sample 60	2	1	5	52270	37	0.78
E12	Sample 60	2	1	6	57260	37	0.78
E12	Sample 60	2	1	7	62270	37	0.78
E12	Sample 60	2	1	8	67260	36.96	0.78
E12	Sample 60	2	1	9	72260	37	0.78
E12	Sample 60	2	1	10	77280	36.96	0.77
E12	Sample 60	2	1	11	82270	37	0.77
E12	Sample 60	2	1	12	87260	36.96	0.77
E12	Sample 60	2	1	13	92260	36.96	0.78
E12	Sample 60	2	1	14	97260	36.96	0.78
E12	Sample 60	2	1	15	102260	36.96	0.77
F1	Sample 61	2	1	1	32230	36.96	0.86
F1	Sample 61	2	1	2	37280	36.96	0.86
F1	Sample 61	2	1	3	42260	36.96	0.87
F1	Sample 61	2	1	4	47260	36.96	0.86
F1	Sample 61	2	1	5	52270	37	0.86
F1	Sample 61	2	1	6	57260	37	0.85
F1	Sample 61	2	1	7	62270	37	0.87
F1	Sample 61	2	1	8	67260	36.96	0.86
F1	Sample 61	2	1	9	72260	37	0.86
F1	Sample 61	2	1	10	77280	36.96	0.86
F1	Sample 61	2	1	11	82270	37	0.86
F1	Sample 61	2	1	12	87260	36.96	0.86
F1	Sample 61	2	1	13	92260	36.96	0.85
F1	Sample 61	2	1	14	97260	36.96	0.85
F1	Sample 61	2	1	15	102260	36.96	0.86
F2	Sample 62	2	1	1	32230	36.96	0.88
F2	Sample 62	2	1	2	37280	36.96	0.89
F2	Sample 62	2	1	3	42260	36.96	0.89
F2	Sample 62	2	1	4	47260	36.96	0.88
F2	Sample 62	2	1	5	52270	37	0.89
F2	Sample 62	2	1	6	57260	37	0.88
F2	Sample 62	2	1	7	62270	37	0.88
F2	Sample 62	2	1	8	67260	36.96	0.88
F2	Sample 62	2	1	9	72260	37	0.88
F2	Sample 62	2	1	10	77280	36.96	0.88
F2	Sample 62	2	1	11	82270	37	0.88
F2	Sample 62	2	1	12	87260	36.96	0.88
F2	Sample 62	2	1	13	92260	36.96	0.88
F2	Sample 62	2	1	14	97260	36.96	0.88
F2	Sample 62	2	1	15	102260	36.96	0.88
F3	Sample 63	2	1	1	32230	36.96	1.31
F3	Sample 63	2	1	2	37280	36.96	1.31
F3	Sample 63	2	1	3	42260	36.96	1.31
F3	Sample 63	2	1	4	47260	36.96	1.31
F3	Sample 63	2	1	5	52270	37	1.30
F3	Sample 63	2	1	6	57260	37	1.30
F3	Sample 63	2	1	7	62270	37	1.30
F3	Sample 63	2	1	8	67260	36.96	1.30
F3	Sample 63	2	1	9	72260	37	1.30
F3	Sample 63	2	1	10	77280	36.96	1.30
F3	Sample 63	2	1	11	82270	37	1.30
F3	Sample 63	2	1	12	87260	36.96	1.30
F3	Sample 63	2	1	13	92260	36.96	1.30
F3	Sample 63	2	1	14	97260	36.96	1.30
F3	Sample 63	2	1	15	102260	36.96	1.30
F4	Sample 64	2	1	1	32230	36.96	1.34
F4	Sample 64	2	1	2	37280	36.96	1.33
F4	Sample 64	2	1	3	42260	36.96	1.34
F4	Sample 64	2	1	4	47260	36.96	1.34
F4	Sample 64	2	1	5	52270	37	1.32
F4	Sample 64	2	1	6	57260	37	1.34
F4	Sample 64	2	1	7	62270	37	1.34
F4	Sample 64	2	1	8	67260	36.96	1.33
F4	Sample 64	2	1	9	72260	37	1.34
F4	Sample 64	2	1	10	77280	36.96	1.34
F4	Sample 64	2	1	11	82270	37	1.33
F4	Sample 64	2	1	12	87260	36.96	1.33
F4	Sample 64	2	1	13	92260	36.96	1.32
F4	Sample 64	2	1	14	97260	36.96	1.33
F4	Sample 64	2	1	15	102260	36.96	1.32
F5	Sample 65	2	1	1	32230	36.96	0.83
F5	Sample 65	2	1	2	37280	36.96	0.83
F5	Sample 65	2	1	3	42260	36.96	0.83
F5	Sample 65	2	1	4	47260	36.96	0.82
F5	Sample 65	2	1	5	52270	37	0.82
F5	Sample 65	2	1	6	57260	37	0.82
F5	Sample 65	2	1	7	62270	37	0.82
F5	Sample 65	2	1	8	67260	36.96	0.82
F5	Sample 65	2	1	9	72260	37	0.83
F5	Sample 65	2	1	10	77280	36.96	0.82
F5	Sample 65	2	1	11	82270	37	0.81
F5	Sample 65	2	1	12	87260	36.96	0.82
F5	Sample 65	2	1	13	92260	36.96	0.82
F5	Sample 65	2	1	14	97260	36.96	0.82
F5	Sample 65	2	1	15	102260	36.96	0.82
F6	Sample 66	2	1	1	32230	36.96	0.83
F6	Sample 66	2	1	2	37280	36.96	0.83
F6	Sample 66	2	1	3	42260	36.96	0.83
F6	Sample 66	2	1	4	47260	36.96	0.83
F6	Sample 66	2	1	5	52270	37	0.83
F6	Sample 66	2	1	6	57260	37	0.83
F6	Sample 66	2	1	7	62270	37	0.82
F6	Sample 66	2	1	8	67260	36.96	0.82
F6	Sample 66	2	1	9	72260	37	0.83
F6	Sample 66	2	1	10	77280	36.96	0.82
F6	Sample 66	2	1	11	82270	37	0.82
F6	Sample 66	2	1	12	87260	36.96	0.83
F6	Sample 66	2	1	13	92260	36.96	0.82
F6	Sample 66	2	1	14	97260	36.96	0.83
F6	Sample 66	2	1	15	102260	36.96	0.82
F7	Sample 67	2	1	1	32230	36.96	0.96
F7	Sample 67	2	1	2	37280	36.96	0.96
F7	Sample 67	2	1	3	42260	36.96	0.96
F7	Sample 67	2	1	4	47260	36.96	0.96
F7	Sample 67	2	1	5	52270	37	0.95
F7	Sample 67	2	1	6	57260	37	0.96
F7	Sample 67	2	1	7	62270	37	0.96
F7	Sample 67	2	1	8	67260	36.96	0.95
F7	Sample 67	2	1	9	72260	37	0.95
F7	Sample 67	2	1	10	77280	36.96	0.95
F7	Sample 67	2	1	11	82270	37	0.95
F7	Sample 67	2	1	12	87260	36.96	0.96
F7	Sample 67	2	1	13	92260	36.96	0.95
F7	Sample 67	2	1	14	97260	36.96	0.95
F7	Sample 67	2	1	15	102260	36.96	0.95
F8	Sample 68	2	1	1	32230	36.96	0.99
F8	Sample 68	2	1	2	37280	36.96	0.99
F8	Sample 68	2	1	3	42260	36.96	0.99
F8	Sample 68	2	1	4	47260	36.96	0.99
F8	Sample 68	2	1	5	52270	37	0.99
F8	Sample 68	2	1	6	57260	37	0.99
F8	Sample 68	2	1	7	62270	37	0.99
F8	Sample 68	2	1	8	67260	36.96	0.98
F8	Sample 68	2	1	9	72260	37	0.99
F8	Sample 68	2	1	10	77280	36.96	0.98
F8	Sample 68	2	1	11	82270	37	0.98
F8	Sample 68	2	1	12	87260	36.96	0.98
F8	Sample 68	2	1	13	92260	36.96	0.98
F8	Sample 68	2	1	14	97260	36.96	0.98
F8	Sample 68	2	1	15	102260	36.96	0.98
F9	Sample 69	2	1	1	32230	36.96	0.83
F9	Sample 69	2	1	2	37280	36.96	0.83
F9	Sample 69	2	1	3	42260	36.96	0.83
F9	Sample 69	2	1	4	47260	36.96	0.82
F9	Sample 69	2	1	5	52270	37	0.83
F9	Sample 69	2	1	6	57260	37	0.82
F9	Sample 69	2	1	7	62270	37	0.83
F9	Sample 69	2	1	8	67260	36.96	0.82
F9	Sample 69	2	1	9	72260	37	0.82
F9	Sample 69	2	1	10	77280	36.96	0.82
F9	Sample 69	2	1	11	82270	37	0.81
F9	Sample 69	2	1	12	87260	36.96	0.82
F9	Sample 69	2	1	13	92260	36.96	0.82
F9	Sample 69	2	1	14	97260	36.96	0.82
F9	Sample 69	2	1	15	102260	36.96	0.82
F10	Sample 70	2	1	1	32230	36.96	0.83
F10	Sample 70	2	1	2	37280	36.96	0.83
F10	Sample 70	2	1	3	42260	36.96	0.83
F10	Sample 70	2	1	4	47260	36.96	0.83
F10	Sample 70	2	1	5	52270	37	0.84
F10	Sample 70	2	1	6	57260	37	0.83
F10	Sample 70	2	1	7	62270	37	0.83
F10	Sample 70	2	1	8	67260	36.96	0.82
F10	Sample 70	2	1	9	72260	37	0.82
F10	Sample 70	2	1	10	77280	36.96	0.82
F10	Sample 70	2	1	11	82270	37	0.82
F10	Sample 70	2	1	12	87260	36.96	0.83
F10	Sample 70	2	1	13	92260	36.96	0.83
F10	Sample 70	2	1	14	97260	36.96	0.83
F10	Sample 70	2	1	15	102260	36.96	0.83
F11	Sample 71	2	1	1	32230	36.96	1.13
F11	Sample 71	2	1	2	37280	36.96	1.13
F11	Sample 71	2	1	3	42260	36.96	1.13
F11	Sample 71	2	1	4	47260	36.96	1.13
F11	Sample 71	2	1	5	52270	37	1.12
F11	Sample 71	2	1	6	57260	37	1.13
F11	Sample 71	2	1	7	62270	37	1.13
F11	Sample 71	2	1	8	67260	36.96	1.13
F11	Sample 71	2	1	9	72260	37	1.12
F11	Sample 71	2	1	10	77280	36.96	1.12
F11	Sample 71	2	1	11	82270	37	1.12
F11	Sample 71	2	1	12	87260	36.96	1.12
F11	Sample 71	2	1	13	92260	36.96	1.12
F11	Sample 71	2	1	14	97260	36.96	1.13
F11	Sample 71	2	1	15	102260	36.96	1.12
F12	Sample 72	2	1	1	32230	36.96	1.01
F12	Sample 72	2	1	2	37280	36.96	1.02
F12	Sample 72	2	1	3	42260	36.96	1.02
F12	Sample 72	2	1	4	47260	36.96	1.01
F12	Sample 72	2	1	5	52270	37	1.01
F12	Sample 72	2	1	6	57260	37	1.02
F12	Sample 72	2	1	7	62270	37	1.01
F12	Sample 72	2	1	8	67260	36.96	1.01
F12	Sample 72	2	1	9	72260	37	1.02
F12	Sample 72	2	1	10	77280	36.96	1.01
F12	Sample 72	2	1	11	82270	37	1.00
F12	Sample 72	2	1	12	87260	36.96	1.02
F12	Sample 72	2	1	13	92260	36.96	1.02
F12	Sample 72	2	1	14	97260	36.96	1.02
F12	Sample 72	2	1	15	102260	36.96	1.01
G1	Sample 73	2	1	1	32230	36.96	0.89
G1	Sample 73	2	1	2	37280	36.96	0.89
G1	Sample 73	2	1	3	42260	36.96	0.89
G1	Sample 73	2	1	4	47260	36.96	0.88
G1	Sample 73	2	1	5	52270	37	0.89
G1	Sample 73	2	1	6	57260	37	0.89
G1	Sample 73	2	1	7	62270	37	0.90
G1	Sample 73	2	1	8	67260	36.96	0.88
G1	Sample 73	2	1	9	72260	37	0.89
G1	Sample 73	2	1	10	77280	36.96	0.88
G1	Sample 73	2	1	11	82270	37	0.88
G1	Sample 73	2	1	12	87260	36.96	0.88
G1	Sample 73	2	1	13	92260	36.96	0.88
G1	Sample 73	2	1	14	97260	36.96	0.87
G1	Sample 73	2	1	15	102260	36.96	0.88
G2	Sample 74	2	1	1	32230	36.96	0.90
G2	Sample 74	2	1	2	37280	36.96	0.90
G2	Sample 74	2	1	3	42260	36.96	0.90
G2	Sample 74	2	1	4	47260	36.96	0.90
G2	Sample 74	2	1	5	52270	37	0.89
G2	Sample 74	2	1	6	57260	37	0.90
G2	Sample 74	2	1	7	62270	37	0.89
G2	Sample 74	2	1	8	67260	36.96	0.89
G2	Sample 74	2	1	9	72260	37	0.90
G2	Sample 74	2	1	10	77280	36.96	0.90
G2	Sample 74	2	1	11	82270	37	0.89
G2	Sample 74	2	1	12	87260	36.96	0.89
G2	Sample 74	2	1	13	92260	36.96	0.89
G2	Sample 74	2	1	14	97260	36.96	0.89
G2	Sample 74	2	1	15	102260	36.96	0.89
G3	Sample 75	2	1	1	32230	36.96	1.37
G3	Sample 75	2	1	2	37280	36.96	1.37
G3	Sample 75	2	1	3	42260	36.96	1.38
G3	Sample 75	2	1	4	47260	36.96	1.38
G3	Sample 75	2	1	5	52270	37	1.38
G3	Sample 75	2	1	6	57260	37	1.37
G3	Sample 75	2	1	7	62270	37	1.37
G3	Sample 75	2	1	8	67260	36.96	1.37
G3	Sample 75	2	1	9	72260	37	1.38
G3	Sample 75	2	1	10	77280	36.96	1.38
G3	Sample 75	2	1	11	82270	37	1.37
G3	Sample 75	2	1	12	87260	36.96	1.37
G3	Sample 75	2	1	13	92260	36.96	1.38
G3	Sample 75	2	1	14	97260	36.96	1.37
G3	Sample 75	2	1	15	102260	36.96	1.37
G4	Sample 76	2	1	1	32230	36.96	1.36
G4	Sample 76	2	1	2	37280	36.96	1.37
G4	Sample 76	2	1	3	42260	36.96	1.37
G4	Sample 76	2	1	4	47260	36.96	1.37
G4	Sample 76	2	1	5	52270	37	1.36
G4	Sample 76	2	1	6	57260	37	1.35
G4	Sample 76	2	1	7	62270	37	1.37
G4	Sample 76	2	1	8	67260	36.96	1.37
G4	Sample 76	2	1	9	72260	37	1.36
G4	Sample 76	2	1	10	77280	36.96	1.37
G4	Sample 76	2	1	11	82270	37	1.36
G4	Sample 76	2	1	12	87260	36.96	1.36
G4	Sample 76	2	1	13	92260	36.96	1.36
G4	Sample 76	2	1	14	97260	36.96	1.36
G4	Sample 76	2	1	15	102260	36.96	1.36
G5	Sample 77	2	1	1	32230	36.96	0.97
G5	Sample 77	2	1	2	37280	36.96	0.97
G5	Sample 77	2	1	3	42260	36.96	0.96
G5	Sample 77	2	1	4	47260	36.96	0.96
G5	Sample 77	2	1	5	52270	37	0.96
G5	Sample 77	2	1	6	57260	37	0.96
G5	Sample 77	2	1	7	62270	37	0.97
G5	Sample 77	2	1	8	67260	36.96	0.96
G5	Sample 77	2	1	9	72260	37	0.97
G5	Sample 77	2	1	10	77280	36.96	0.97
G5	Sample 77	2	1	11	82270	37	0.96
G5	Sample 77	2	1	12	87260	36.96	0.96
G5	Sample 77	2	1	13	92260	36.96	0.96
G5	Sample 77	2	1	14	97260	36.96	0.96
G5	Sample 77	2	1	15	102260	36.96	0.96
G6	Sample 78	2	1	1	32230	36.96	0.97
G6	Sample 78	2	1	2	37280	36.96	0.96
G6	Sample 78	2	1	3	42260	36.96	0.96
G6	Sample 78	2	1	4	47260	36.96	0.96
G6	Sample 78	2	1	5	52270	37	0.97
G6	Sample 78	2	1	6	57260	37	0.96
G6	Sample 78	2	1	7	62270	37	0.96
G6	Sample 78	2	1	8	67260	36.96	0.96
G6	Sample 78	2	1	9	72260	37	0.97
G6	Sample 78	2	1	10	77280	36.96	0.97
G6	Sample 78	2	1	11	82270	37	0.96
G6	Sample 78	2	1	12	87260	36.96	0.97
G6	Sample 78	2	1	13	92260	36.96	0.96
G6	Sample 78	2	1	14	97260	36.96	0.96
G6	Sample 78	2	1	15	102260	36.96	0.95
G7	Sample 79	2	1	1	32230	36.96	1.01
G7	Sample 79	2	1	2	37280	36.96	1.00
G7	Sample 79	2	1	3	42260	36.96	1.01
G7	Sample 79	2	1	4	47260	36.96	1.00
G7	Sample 79	2	1	5	52270	37	1.00
G7	Sample 79	2	1	6	57260	37	1.00
G7	Sample 79	2	1	7	62270	37	1.01
G7	Sample 79	2	1	8	67260	36.96	1.00
G7	Sample 79	2	1	9	72260	37	1.00
G7	Sample 79	2	1	10	77280	36.96	1.00
G7	Sample 79	2	1	11	82270	37	1.00
G7	Sample 79	2	1	12	87260	36.96	1.00
G7	Sample 79	2	1	13	92260	36.96	1.00
G7	Sample 79	2	1	14	97260	36.96	1.00
G7	Sample 79	2	1	15	102260	36.96	1.00
G8	Sample 80	2	1	1	32230	36.96	0.98
G8	Sample 80	2	1	2	37280	36.96	0.98
G8	Sample 80	2	1	3	42260	36.96	0.99
G8	Sample 80	2	1	4	47260	36.96	0.98
G8	Sample 80	2	1	5	52270	37	0.99
G8	Sample 80	2	1	6	57260	37	0.98
G8	Sample 80	2	1	7	62270	37	0.98
G8	Sample 80	2	1	8	67260	36.96	0.97
G8	Sample 80	2	1	9	72260	37	0.98
G8	Sample 80	2	1	10	77280	36.96	0.99
G8	Sample 80	2	1	11	82270	37	0.98
G8	Sample 80	2	1	12	87260	36.96	0.98
G8	Sample 80	2	1	13	92260	36.96	0.98
G8	Sample 80	2	1	14	97260	36.96	0.98
G8	Sample 80	2	1	15	102260	36.96	0.98
G9	Sample 81	2	1	1	32230	36.96	1.01
G9	Sample 81	2	1	2	37280	36.96	1.00
G9	Sample 81	2	1	3	42260	36.96	1.00
G9	Sample 81	2	1	4	47260	36.96	1.00
G9	Sample 81	2	1	5	52270	37	1.00
G9	Sample 81	2	1	6	57260	37	1.00
G9	Sample 81	2	1	7	62270	37	1.01
G9	Sample 81	2	1	8	67260	36.96	1.00
G9	Sample 81	2	1	9	72260	37	1.00
G9	Sample 81	2	1	10	77280	36.96	1.01
G9	Sample 81	2	1	11	82270	37	1.00
G9	Sample 81	2	1	12	87260	36.96	1.00
G9	Sample 81	2	1	13	92260	36.96	0.99
G9	Sample 81	2	1	14	97260	36.96	1.00
G9	Sample 81	2	1	15	102260	36.96	1.00
G10	Sample 82	2	1	1	32230	36.96	1.05
G10	Sample 82	2	1	2	37280	36.96	1.05
G10	Sample 82	2	1	3	42260	36.96	1.05
G10	Sample 82	2	1	4	47260	36.96	1.05
G10	Sample 82	2	1	5	52270	37	1.05
G10	Sample 82	2	1	6	57260	37	1.04
G10	Sample 82	2	1	7	62270	37	1.04
G10	Sample 82	2	1	8	67260	36.96	1.04
G10	Sample 82	2	1	9	72260	37	1.05
G10	Sample 82	2	1	10	77280	36.96	1.05
G10	Sample 82	2	1	11	82270	37	1.05
G10	Sample 82	2	1	12	87260	36.96	1.05
G10	Sample 82	2	1	13	92260	36.96	1.04
G10	Sample 82	2	1	14	97260	36.96	1.04
G10	Sample 82	2	1	15	102260	36.96	1.04
G11	Sample 83	2	1	1	32230	36.96	1.17
G11	Sample 83	2	1	2	37280	36.96	1.16
G11	Sample 83	2	1	3	42260	36.96	1.16
G11	Sample 83	2	1	4	47260	36.96	1.16
G11	Sample 83	2	1	5	52270	37	1.16
G11	Sample 83	2	1	6	57260	37	1.16
G11	Sample 83	2	1	7	62270	37	1.16
G11	Sample 83	2	1	8	67260	36.96	1.16
G11	Sample 83	2	1	9	72260	37	1.17
G11	Sample 83	2	1	10	77280	36.96	1.17
G11	Sample 83	2	1	11	82270	37	1.16
G11	Sample 83	2	1	12	87260	36.96	1.16
G11	Sample 83	2	1	13	92260	36.96	1.16
G11	Sample 83	2	1	14	97260	36.96	1.15
G11	Sample 83	2	1	15	102260	36.96	1.15
G12	Sample 84	2	1	1	32230	36.96	1.04
G12	Sample 84	2	1	2	37280	36.96	1.04
G12	Sample 84	2	1	3	42260	36.96	1.04
G12	Sample 84	2	1	4	47260	36.96	1.04
G12	Sample 84	2	1	5	52270	37	1.04
G12	Sample 84	2	1	6	57260	37	1.04
G12	Sample 84	2	1	7	62270	37	1.04
G12	Sample 84	2	1	8	67260	36.96	1.04
G12	Sample 84	2	1	9	72260	37	1.04
G12	Sample 84	2	1	10	77280	36.96	1.04
G12	Sample 84	2	1	11	82270	37	1.04
G12	Sample 84	2	1	12	87260	36.96	1.04
G12	Sample 84	2	1	13	92260	36.96	1.04
G12	Sample 84	2	1	14	97260	36.96	1.04
G12	Sample 84	2	1	15	102260	36.96	1.04
H1	Sample 85	2	1	1	32230	36.96	1.22
H1	Sample 85	2	1	2	37280	36.96	1.22
H1	Sample 85	2	1	3	42260	36.96	1.22
H1	Sample 85	2	1	4	47260	36.96	1.22
H1	Sample 85	2	1	5	52270	37	1.22
H1	Sample 85	2	1	6	57260	37	1.23
H1	Sample 85	2	1	7	62270	37	1.23
H1	Sample 85	2	1	8	67260	36.96	1.23
H1	Sample 85	2	1	9	72260	37	1.23
H1	Sample 85	2	1	10	77280	36.96	1.23
H1	Sample 85	2	1	11	82270	37	1.23
H1	Sample 85	2	1	12	87260	36.96	1.23
H1	Sample 85	2	1	13	92260	36.96	1.24
H1	Sample 85	2	1	14	97260	36.96	1.23
H1	Sample 85	2	1	15	102260	36.96	1.22
H2	Sample 86	2	1	1	32230	36.96	1.18
H2	Sample 86	2	1	2	37280	36.96	1.18
H2	Sample 86	2	1	3	42260	36.96	1.18
H2	Sample 86	2	1	4	47260	36.96	1.18
H2	Sample 86	2	1	5	52270	37	1.18
H2	Sample 86	2	1	6	57260	37	1.18
H2	Sample 86	2	1	7	62270	37	1.18
H2	Sample 86	2	1	8	67260	36.96	1.18
H2	Sample 86	2	1	9	72260	37	1.19
H2	Sample 86	2	1	10	77280	36.96	1.18
H2	Sample 86	2	1	11	82270	37	1.18
H2	Sample 86	2	1	12	87260	36.96	1.19
H2	Sample 86	2	1	13	92260	36.96	1.18
H2	Sample 86	2	1	14	97260	36.96	1.18
H2	Sample 86	2	1	15	102260	36.96	1.18
H3	Sample 87	2	1	1	32230	36.96	1.35
H3	Sample 87	2	1	2	37280	36.96	1.35
H3	Sample 87	2	1	3	42260	36.96	1.34
H3	Sample 87	2	1	4	47260	36.96	1.34
H3	Sample 87	2	1	5	52270	37	1.34
H3	Sample 87	2	1	6	57260	37	1.34
H3	Sample 87	2	1	7	62270	37	1.35
H3	Sample 87	2	1	8	67260	36.96	1.34
H3	Sample 87	2	1	9	72260	37	1.35
H3	Sample 87	2	1	10	77280	36.96	1.35
H3	Sample 87	2	1	11	82270	37	1.35
H3	Sample 87	2	1	12	87260	36.96	1.34
H3	Sample 87	2	1	13	92260	36.96	1.34
H3	Sample 87	2	1	14	97260	36.96	1.34
H3	Sample 87	2	1	15	102260	36.96	1.34
H4	Sample 88	2	1	1	32230	36.96	1.31
H4	Sample 88	2	1	2	37280	36.96	1.31
H4	Sample 88	2	1	3	42260	36.96	1.31
H4	Sample 88	2	1	4	47260	36.96	1.31
H4	Sample 88	2	1	5	52270	37	1.31
H4	Sample 88	2	1	6	57260	37	1.31
H4	Sample 88	2	1	7	62270	37	1.31
H4	Sample 88	2	1	8	67260	36.96	1.31
H4	Sample 88	2	1	9	72260	37	1.32
H4	Sample 88	2	1	10	77280	36.96	1.31
H4	Sample 88	2	1	11	82270	37	1.31
H4	Sample 88	2	1	12	87260	36.96	1.31
H4	Sample 88	2	1	13	92260	36.96	1.31
H4	Sample 88	2	1	14	97260	36.96	1.31
H4	Sample 88	2	1	15	102260	36.96	1.31
H5	Sample 89	2	1	1	32230	36.96	1.09
H5	Sample 89	2	1	2	37280	36.96	1.09
H5	Sample 89	2	1	3	42260	36.96	1.09
H5	Sample 89	2	1	4	47260	36.96	1.09
H5	Sample 89	2	1	5	52270	37	1.10
H5	Sample 89	2	1	6	57260	37	1.09
H5	Sample 89	2	1	7	62270	37	1.10
H5	Sample 89	2	1	8	67260	36.96	1.09
H5	Sample 89	2	1	9	72260	37	1.09
H5	Sample 89	2	1	10	77280	36.96	1.09
H5	Sample 89	2	1	11	82270	37	1.08
H5	Sample 89	2	1	12	87260	36.96	1.09
H5	Sample 89	2	1	13	92260	36.96	1.09
H5	Sample 89	2	1	14	97260	36.96	1.09
H5	Sample 89	2	1	15	102260	36.96	1.08
H6	Sample 90	2	1	1	32230	36.96	1.07
H6	Sample 90	2	1	2	37280	36.96	1.07
H6	Sample 90	2	1	3	42260	36.96	1.07
H6	Sample 90	2	1	4	47260	36.96	1.06
H6	Sample 90	2	1	5	52270	37	1.07
H6	Sample 90	2	1	6	57260	37	1.07
H6	Sample 90	2	1	7	62270	37	1.08
H6	Sample 90	2	1	8	67260	36.96	1.06
H6	Sample 90	2	1	9	72260	37	1.07
H6	Sample 90	2	1	10	77280	36.96	1.07
H6	Sample 90	2	1	11	82270	37	1.06
H6	Sample 90	2	1	12	87260	36.96	1.06
H6	Sample 90	2	1	13	92260	36.96	1.06
H6	Sample 90	2	1	14	97260	36.96	1.06
H6	Sample 90	2	1	15	102260	36.96	1.07
H7	Sample 91	2	1	1	32230	36.96	1.02
H7	Sample 91	2	1	2	37280	36.96	1.03
H7	Sample 91	2	1	3	42260	36.96	1.02
H7	Sample 91	2	1	4	47260	36.96	1.02
H7	Sample 91	2	1	5	52270	37	1.02
H7	Sample 91	2	1	6	57260	37	1.02
H7	Sample 91	2	1	7	62270	37	1.02
H7	Sample 91	2	1	8	67260	36.96	1.02
H7	Sample 91	2	1	9	72260	37	1.03
H7	Sample 91	2	1	10	77280	36.96	1.02
H7	Sample 91	2	1	11	82270	37	1.02
H7	Sample 91	2	1	12	87260	36.96	1.02
H7	Sample 91	2	1	13	92260	36.96	1.02
H7	Sample 91	2	1	14	97260	36.96	1.02
H7	Sample 91	2	1	15	102260	36.96	1.02
H8	Sample 92	2	1	1	32230	36.96	0.99
H8	Sample 92	2	1	2	37280	36.96	1.00
H8	Sample 92	2	1	3	42260	36.96	1.00
H8	Sample 92	2	1	4	47260	36.96	0.99
H8	Sample 92	2	1	5	52270	37	1.00
H8	Sample 92	2	1	6	57260	37	0.99
H8	Sample 92	2	1	7	62270	37	1.00
H8	Sample 92	2	1	8	67260	36.96	1.00
H8	Sample 92	2	1	9	72260	37	1.00
H8	Sample 92	2	1	10	77280	36.96	1.00
H8	Sample 92	2	1	11	82270	37	1.00
H8	Sample 92	2	1	12	87260	36.96	1.00
H8	Sample 92	2	1	13	92260	36.96	1.00
H8	Sample 92	2	1	14	97260	36.96	0.99
H8	Sample 92	2	1	15	102260	36.96	0.99
H9	Sample 93	2	1	1	32230	36.96	1.11
H9	Sample 93	2	1	2	37280	36.96	1.11
H9	Sample 93	2	1	3	42260	36.96	1.12
H9	Sample 93	2	1	4	47260	36.96	1.11
H9	Sample 93	2	1	5	52270	37	1.11
H9	Sample 93	2	1	6	57260	37	1.11
H9	Sample 93	2	1	7	62270	37	1.12
H9	Sample 93	2	1	8	67260	36.96	1.11
H9	Sample 93	2	1	9	72260	37	1.12
H9	Sample 93	2	1	10	77280	36.96	1.11
H9	Sample 93	2	1	11	82270	37	1.11
H9	Sample 93	2	1	12	87260	36.96	1.11
H9	Sample 93	2	1	13	92260	36.96	1.11
H9	Sample 93	2	1	14	97260	36.96	1.12
H9	Sample 93	2	1	15	102260	36.96	1.11
H10	Sample 94	2	1	1	32230	36.96	1.03
H10	Sample 94	2	1	2	37280	36.96	1.03
H10	Sample 94	2	1	3	42260	36.96	1.04
H10	Sample 94	2	1	4	47260	36.96	1.03
H10	Sample 94	2	1	5	52270	37	1.03
H10	Sample 94	2	1	6	57260	37	1.04
H10	Sample 94	2	1	7	62270	37	1.04
H10	Sample 94	2	1	8	67260	36.96	1.03
H10	Sample 94	2	1	9	72260	37	1.04
H10	Sample 94	2	1	10	77280	36.96	1.03
H10	Sample 94	2	1	11	82270	37	1.04
H10	Sample 94	2	1	12	87260	36.96	1.03
H10	Sample 94	2	1	13	92260	36.96	1.04
H10	Sample 94	2	1	14	97260	36.96	1.04
H10	Sample 94	2	1	15	102260	36.96	1.04
H11	Sample 95	2	1	1	32230	36.96	1.03
H11	Sample 95	2	1	2	37280	36.96	1.04
H11	Sample 95	2	1	3	42260	36.96	1.03
H11	Sample 95	2	1	4	47260	36.96	1.03
H11	Sample 95	2	1	5	52270	37	1.03
H11	Sample 95	2	1	6	57260	37	1.03
H11	Sample 95	2	1	7	62270	37	1.04
H11	Sample 95	2	1	8	67260	36.96	1.03
H11	Sample 95	2	1	9	72260	37	1.04
H11	Sample 95	2	1	10	77280	36.96	1.03
H11	Sample 95	2	1	11	82270	37	1.03
H11	Sample 95	2	1	12	87260	36.96	1.03
H11	Sample 95	2	1	13	92260	36.96	1.04
H11	Sample 95	2	1	14	97260	36.96	1.04
H11	Sample 95	2	1	15	102260	36.96	1.03
H12	Sample 96	2	1	1	32230	36.96	1.01
H12	Sample 96	2	1	2	37280	36.96	1.01
H12	Sample 96	2	1	3	42260	36.96	1.01
H12	Sample 96	2	1	4	47260	36.96	1.01
H12	Sample 96	2	1	5	52270	37	1.01
H12	Sample 96	2	1	6	57260	37	1.01
H12	Sample 96	2	1	7	62270	37	1.01
H12	Sample 96	2	1	8	67260	36.96	1.00
H12	Sample 96	2	1	9	72260	37	1.01
H12	Sample 96	2	1	10	77280	36.96	1.02
H12	Sample 96	2	1	11	82270	37	1.01
H12	Sample 96	2	1	12	87260	36.96	1.01
H12	Sample 96	2	1	13	92260	36.96	1.01
H12	Sample 96	2	1	14	97260	36.96	1.01
H12	Sample 96	2	1	15	102260	36.96	1.01
