Raw Data 		Experiment - evIC50_8_plate6_21APRIL2026 (Run on LCS480 1.5.1.62)
SamplePos	SampleName	Prog#	Seg#	Cycle#	Time	Temp	465-510	
A1	Sample 1	2	1	1	32160	36.96	0.85
A1	Sample 1	2	1	2	37180	36.91	0.84
A1	Sample 1	2	1	3	42190	36.96	0.83
A1	Sample 1	2	1	4	47190	36.96	0.83
A1	Sample 1	2	1	5	52180	37	0.82
A1	Sample 1	2	1	6	57180	36.96	0.81
A1	Sample 1	2	1	7	62170	37	0.81
A1	Sample 1	2	1	8	67180	37	0.81
A1	Sample 1	2	1	9	72180	37	0.81
A1	Sample 1	2	1	10	77170	37	0.81
A1	Sample 1	2	1	11	82180	37	0.82
A1	Sample 1	2	1	12	87170	37	0.81
A1	Sample 1	2	1	13	92190	36.96	0.81
A1	Sample 1	2	1	14	97180	37	0.81
A1	Sample 1	2	1	15	102180	36.96	0.82
A2	Sample 2	2	1	1	32160	36.96	0.86
A2	Sample 2	2	1	2	37180	36.91	0.85
A2	Sample 2	2	1	3	42190	36.96	0.85
A2	Sample 2	2	1	4	47190	36.96	0.85
A2	Sample 2	2	1	5	52180	37	0.84
A2	Sample 2	2	1	6	57180	36.96	0.84
A2	Sample 2	2	1	7	62170	37	0.83
A2	Sample 2	2	1	8	67180	37	0.83
A2	Sample 2	2	1	9	72180	37	0.82
A2	Sample 2	2	1	10	77170	37	0.82
A2	Sample 2	2	1	11	82180	37	0.83
A2	Sample 2	2	1	12	87170	37	0.82
A2	Sample 2	2	1	13	92190	36.96	0.82
A2	Sample 2	2	1	14	97180	37	0.83
A2	Sample 2	2	1	15	102180	36.96	0.83
A3	Sample 3	2	1	1	32160	36.96	0.94
A3	Sample 3	2	1	2	37180	36.91	0.93
A3	Sample 3	2	1	3	42190	36.96	0.93
A3	Sample 3	2	1	4	47190	36.96	0.92
A3	Sample 3	2	1	5	52180	37	0.91
A3	Sample 3	2	1	6	57180	36.96	0.90
A3	Sample 3	2	1	7	62170	37	0.91
A3	Sample 3	2	1	8	67180	37	0.90
A3	Sample 3	2	1	9	72180	37	0.90
A3	Sample 3	2	1	10	77170	37	0.90
A3	Sample 3	2	1	11	82180	37	0.89
A3	Sample 3	2	1	12	87170	37	0.89
A3	Sample 3	2	1	13	92190	36.96	0.90
A3	Sample 3	2	1	14	97180	37	0.90
A3	Sample 3	2	1	15	102180	36.96	0.91
A4	Sample 4	2	1	1	32160	36.96	0.93
A4	Sample 4	2	1	2	37180	36.91	0.92
A4	Sample 4	2	1	3	42190	36.96	0.91
A4	Sample 4	2	1	4	47190	36.96	0.91
A4	Sample 4	2	1	5	52180	37	0.90
A4	Sample 4	2	1	6	57180	36.96	0.89
A4	Sample 4	2	1	7	62170	37	0.89
A4	Sample 4	2	1	8	67180	37	0.89
A4	Sample 4	2	1	9	72180	37	0.89
A4	Sample 4	2	1	10	77170	37	0.89
A4	Sample 4	2	1	11	82180	37	0.89
A4	Sample 4	2	1	12	87170	37	0.88
A4	Sample 4	2	1	13	92190	36.96	0.89
A4	Sample 4	2	1	14	97180	37	0.89
A4	Sample 4	2	1	15	102180	36.96	0.89
A5	Sample 5	2	1	1	32160	36.96	1.83
A5	Sample 5	2	1	2	37180	36.91	1.80
A5	Sample 5	2	1	3	42190	36.96	1.78
A5	Sample 5	2	1	4	47190	36.96	1.78
A5	Sample 5	2	1	5	52180	37	1.76
A5	Sample 5	2	1	6	57180	36.96	1.76
A5	Sample 5	2	1	7	62170	37	1.74
A5	Sample 5	2	1	8	67180	37	1.74
A5	Sample 5	2	1	9	72180	37	1.74
A5	Sample 5	2	1	10	77170	37	1.74
A5	Sample 5	2	1	11	82180	37	1.74
A5	Sample 5	2	1	12	87170	37	1.74
A5	Sample 5	2	1	13	92190	36.96	1.74
A5	Sample 5	2	1	14	97180	37	1.74
A5	Sample 5	2	1	15	102180	36.96	1.75
A6	Sample 6	2	1	1	32160	36.96	1.84
A6	Sample 6	2	1	2	37180	36.91	1.82
A6	Sample 6	2	1	3	42190	36.96	1.82
A6	Sample 6	2	1	4	47190	36.96	1.79
A6	Sample 6	2	1	5	52180	37	1.77
A6	Sample 6	2	1	6	57180	36.96	1.77
A6	Sample 6	2	1	7	62170	37	1.76
A6	Sample 6	2	1	8	67180	37	1.76
A6	Sample 6	2	1	9	72180	37	1.76
A6	Sample 6	2	1	10	77170	37	1.75
A6	Sample 6	2	1	11	82180	37	1.76
A6	Sample 6	2	1	12	87170	37	1.76
A6	Sample 6	2	1	13	92190	36.96	1.76
A6	Sample 6	2	1	14	97180	37	1.76
A6	Sample 6	2	1	15	102180	36.96	1.76
A7	Sample 7	2	1	1	32160	36.96	1.92
A7	Sample 7	2	1	2	37180	36.91	1.88
A7	Sample 7	2	1	3	42190	36.96	1.88
A7	Sample 7	2	1	4	47190	36.96	1.87
A7	Sample 7	2	1	5	52180	37	1.86
A7	Sample 7	2	1	6	57180	36.96	1.85
A7	Sample 7	2	1	7	62170	37	1.85
A7	Sample 7	2	1	8	67180	37	1.85
A7	Sample 7	2	1	9	72180	37	1.84
A7	Sample 7	2	1	10	77170	37	1.83
A7	Sample 7	2	1	11	82180	37	1.84
A7	Sample 7	2	1	12	87170	37	1.83
A7	Sample 7	2	1	13	92190	36.96	1.84
A7	Sample 7	2	1	14	97180	37	1.85
A7	Sample 7	2	1	15	102180	36.96	1.85
A8	Sample 8	2	1	1	32160	36.96	1.95
A8	Sample 8	2	1	2	37180	36.91	1.92
A8	Sample 8	2	1	3	42190	36.96	1.91
A8	Sample 8	2	1	4	47190	36.96	1.91
A8	Sample 8	2	1	5	52180	37	1.89
A8	Sample 8	2	1	6	57180	36.96	1.88
A8	Sample 8	2	1	7	62170	37	1.88
A8	Sample 8	2	1	8	67180	37	1.88
A8	Sample 8	2	1	9	72180	37	1.88
A8	Sample 8	2	1	10	77170	37	1.86
A8	Sample 8	2	1	11	82180	37	1.87
A8	Sample 8	2	1	12	87170	37	1.87
A8	Sample 8	2	1	13	92190	36.96	1.86
A8	Sample 8	2	1	14	97180	37	1.87
A8	Sample 8	2	1	15	102180	36.96	1.87
A9	Sample 9	2	1	1	32160	36.96	1.25
A9	Sample 9	2	1	2	37180	36.91	1.23
A9	Sample 9	2	1	3	42190	36.96	1.23
A9	Sample 9	2	1	4	47190	36.96	1.22
A9	Sample 9	2	1	5	52180	37	1.22
A9	Sample 9	2	1	6	57180	36.96	1.21
A9	Sample 9	2	1	7	62170	37	1.22
A9	Sample 9	2	1	8	67180	37	1.22
A9	Sample 9	2	1	9	72180	37	1.22
A9	Sample 9	2	1	10	77170	37	1.21
A9	Sample 9	2	1	11	82180	37	1.22
A9	Sample 9	2	1	12	87170	37	1.21
A9	Sample 9	2	1	13	92190	36.96	1.21
A9	Sample 9	2	1	14	97180	37	1.22
A9	Sample 9	2	1	15	102180	36.96	1.22
A10	Sample 10	2	1	1	32160	36.96	1.22
A10	Sample 10	2	1	2	37180	36.91	1.21
A10	Sample 10	2	1	3	42190	36.96	1.20
A10	Sample 10	2	1	4	47190	36.96	1.19
A10	Sample 10	2	1	5	52180	37	1.19
A10	Sample 10	2	1	6	57180	36.96	1.18
A10	Sample 10	2	1	7	62170	37	1.18
A10	Sample 10	2	1	8	67180	37	1.17
A10	Sample 10	2	1	9	72180	37	1.17
A10	Sample 10	2	1	10	77170	37	1.17
A10	Sample 10	2	1	11	82180	37	1.17
A10	Sample 10	2	1	12	87170	37	1.17
A10	Sample 10	2	1	13	92190	36.96	1.17
A10	Sample 10	2	1	14	97180	37	1.17
A10	Sample 10	2	1	15	102180	36.96	1.17
A11	Sample 11	2	1	1	32160	36.96	1.22
A11	Sample 11	2	1	2	37180	36.91	1.21
A11	Sample 11	2	1	3	42190	36.96	1.20
A11	Sample 11	2	1	4	47190	36.96	1.19
A11	Sample 11	2	1	5	52180	37	1.18
A11	Sample 11	2	1	6	57180	36.96	1.18
A11	Sample 11	2	1	7	62170	37	1.18
A11	Sample 11	2	1	8	67180	37	1.18
A11	Sample 11	2	1	9	72180	37	1.17
A11	Sample 11	2	1	10	77170	37	1.17
A11	Sample 11	2	1	11	82180	37	1.17
A11	Sample 11	2	1	12	87170	37	1.17
A11	Sample 11	2	1	13	92190	36.96	1.16
A11	Sample 11	2	1	14	97180	37	1.18
A11	Sample 11	2	1	15	102180	36.96	1.18
A12	Sample 12	2	1	1	32160	36.96	1.14
A12	Sample 12	2	1	2	37180	36.91	1.13
A12	Sample 12	2	1	3	42190	36.96	1.13
A12	Sample 12	2	1	4	47190	36.96	1.12
A12	Sample 12	2	1	5	52180	37	1.12
A12	Sample 12	2	1	6	57180	36.96	1.11
A12	Sample 12	2	1	7	62170	37	1.11
A12	Sample 12	2	1	8	67180	37	1.10
A12	Sample 12	2	1	9	72180	37	1.10
A12	Sample 12	2	1	10	77170	37	1.10
A12	Sample 12	2	1	11	82180	37	1.10
A12	Sample 12	2	1	12	87170	37	1.10
A12	Sample 12	2	1	13	92190	36.96	1.10
A12	Sample 12	2	1	14	97180	37	1.10
A12	Sample 12	2	1	15	102180	36.96	1.11
B1	Sample 13	2	1	1	32160	36.96	0.82
B1	Sample 13	2	1	2	37180	36.91	0.81
B1	Sample 13	2	1	3	42190	36.96	0.80
B1	Sample 13	2	1	4	47190	36.96	0.80
B1	Sample 13	2	1	5	52180	37	0.80
B1	Sample 13	2	1	6	57180	36.96	0.79
B1	Sample 13	2	1	7	62170	37	0.79
B1	Sample 13	2	1	8	67180	37	0.79
B1	Sample 13	2	1	9	72180	37	0.79
B1	Sample 13	2	1	10	77170	37	0.80
B1	Sample 13	2	1	11	82180	37	0.79
B1	Sample 13	2	1	12	87170	37	0.79
B1	Sample 13	2	1	13	92190	36.96	0.79
B1	Sample 13	2	1	14	97180	37	0.79
B1	Sample 13	2	1	15	102180	36.96	0.79
B2	Sample 14	2	1	1	32160	36.96	0.80
B2	Sample 14	2	1	2	37180	36.91	0.79
B2	Sample 14	2	1	3	42190	36.96	0.78
B2	Sample 14	2	1	4	47190	36.96	0.78
B2	Sample 14	2	1	5	52180	37	0.78
B2	Sample 14	2	1	6	57180	36.96	0.78
B2	Sample 14	2	1	7	62170	37	0.77
B2	Sample 14	2	1	8	67180	37	0.77
B2	Sample 14	2	1	9	72180	37	0.77
B2	Sample 14	2	1	10	77170	37	0.77
B2	Sample 14	2	1	11	82180	37	0.77
B2	Sample 14	2	1	12	87170	37	0.77
B2	Sample 14	2	1	13	92190	36.96	0.77
B2	Sample 14	2	1	14	97180	37	0.77
B2	Sample 14	2	1	15	102180	36.96	0.78
B3	Sample 15	2	1	1	32160	36.96	0.89
B3	Sample 15	2	1	2	37180	36.91	0.88
B3	Sample 15	2	1	3	42190	36.96	0.88
B3	Sample 15	2	1	4	47190	36.96	0.86
B3	Sample 15	2	1	5	52180	37	0.85
B3	Sample 15	2	1	6	57180	36.96	0.85
B3	Sample 15	2	1	7	62170	37	0.85
B3	Sample 15	2	1	8	67180	37	0.85
B3	Sample 15	2	1	9	72180	37	0.85
B3	Sample 15	2	1	10	77170	37	0.86
B3	Sample 15	2	1	11	82180	37	0.85
B3	Sample 15	2	1	12	87170	37	0.86
B3	Sample 15	2	1	13	92190	36.96	0.85
B3	Sample 15	2	1	14	97180	37	0.86
B3	Sample 15	2	1	15	102180	36.96	0.86
B4	Sample 16	2	1	1	32160	36.96	0.88
B4	Sample 16	2	1	2	37180	36.91	0.87
B4	Sample 16	2	1	3	42190	36.96	0.86
B4	Sample 16	2	1	4	47190	36.96	0.86
B4	Sample 16	2	1	5	52180	37	0.85
B4	Sample 16	2	1	6	57180	36.96	0.85
B4	Sample 16	2	1	7	62170	37	0.84
B4	Sample 16	2	1	8	67180	37	0.85
B4	Sample 16	2	1	9	72180	37	0.84
B4	Sample 16	2	1	10	77170	37	0.84
B4	Sample 16	2	1	11	82180	37	0.84
B4	Sample 16	2	1	12	87170	37	0.84
B4	Sample 16	2	1	13	92190	36.96	0.84
B4	Sample 16	2	1	14	97180	37	0.83
B4	Sample 16	2	1	15	102180	36.96	0.84
B5	Sample 17	2	1	1	32160	36.96	1.72
B5	Sample 17	2	1	2	37180	36.91	1.69
B5	Sample 17	2	1	3	42190	36.96	1.68
B5	Sample 17	2	1	4	47190	36.96	1.67
B5	Sample 17	2	1	5	52180	37	1.66
B5	Sample 17	2	1	6	57180	36.96	1.65
B5	Sample 17	2	1	7	62170	37	1.64
B5	Sample 17	2	1	8	67180	37	1.64
B5	Sample 17	2	1	9	72180	37	1.63
B5	Sample 17	2	1	10	77170	37	1.64
B5	Sample 17	2	1	11	82180	37	1.64
B5	Sample 17	2	1	12	87170	37	1.63
B5	Sample 17	2	1	13	92190	36.96	1.63
B5	Sample 17	2	1	14	97180	37	1.64
B5	Sample 17	2	1	15	102180	36.96	1.63
B6	Sample 18	2	1	1	32160	36.96	1.69
B6	Sample 18	2	1	2	37180	36.91	1.66
B6	Sample 18	2	1	3	42190	36.96	1.65
B6	Sample 18	2	1	4	47190	36.96	1.64
B6	Sample 18	2	1	5	52180	37	1.63
B6	Sample 18	2	1	6	57180	36.96	1.63
B6	Sample 18	2	1	7	62170	37	1.62
B6	Sample 18	2	1	8	67180	37	1.60
B6	Sample 18	2	1	9	72180	37	1.60
B6	Sample 18	2	1	10	77170	37	1.61
B6	Sample 18	2	1	11	82180	37	1.60
B6	Sample 18	2	1	12	87170	37	1.60
B6	Sample 18	2	1	13	92190	36.96	1.61
B6	Sample 18	2	1	14	97180	37	1.61
B6	Sample 18	2	1	15	102180	36.96	1.61
B7	Sample 19	2	1	1	32160	36.96	1.76
B7	Sample 19	2	1	2	37180	36.91	1.74
B7	Sample 19	2	1	3	42190	36.96	1.73
B7	Sample 19	2	1	4	47190	36.96	1.72
B7	Sample 19	2	1	5	52180	37	1.70
B7	Sample 19	2	1	6	57180	36.96	1.70
B7	Sample 19	2	1	7	62170	37	1.69
B7	Sample 19	2	1	8	67180	37	1.69
B7	Sample 19	2	1	9	72180	37	1.69
B7	Sample 19	2	1	10	77170	37	1.70
B7	Sample 19	2	1	11	82180	37	1.69
B7	Sample 19	2	1	12	87170	37	1.69
B7	Sample 19	2	1	13	92190	36.96	1.69
B7	Sample 19	2	1	14	97180	37	1.70
B7	Sample 19	2	1	15	102180	36.96	1.70
B8	Sample 20	2	1	1	32160	36.96	1.70
B8	Sample 20	2	1	2	37180	36.91	1.68
B8	Sample 20	2	1	3	42190	36.96	1.66
B8	Sample 20	2	1	4	47190	36.96	1.65
B8	Sample 20	2	1	5	52180	37	1.63
B8	Sample 20	2	1	6	57180	36.96	1.64
B8	Sample 20	2	1	7	62170	37	1.63
B8	Sample 20	2	1	8	67180	37	1.62
B8	Sample 20	2	1	9	72180	37	1.62
B8	Sample 20	2	1	10	77170	37	1.62
B8	Sample 20	2	1	11	82180	37	1.61
B8	Sample 20	2	1	12	87170	37	1.61
B8	Sample 20	2	1	13	92190	36.96	1.61
B8	Sample 20	2	1	14	97180	37	1.62
B8	Sample 20	2	1	15	102180	36.96	1.62
B9	Sample 21	2	1	1	32160	36.96	1.20
B9	Sample 21	2	1	2	37180	36.91	1.19
B9	Sample 21	2	1	3	42190	36.96	1.18
B9	Sample 21	2	1	4	47190	36.96	1.17
B9	Sample 21	2	1	5	52180	37	1.16
B9	Sample 21	2	1	6	57180	36.96	1.16
B9	Sample 21	2	1	7	62170	37	1.15
B9	Sample 21	2	1	8	67180	37	1.16
B9	Sample 21	2	1	9	72180	37	1.15
B9	Sample 21	2	1	10	77170	37	1.16
B9	Sample 21	2	1	11	82180	37	1.15
B9	Sample 21	2	1	12	87170	37	1.15
B9	Sample 21	2	1	13	92190	36.96	1.15
B9	Sample 21	2	1	14	97180	37	1.16
B9	Sample 21	2	1	15	102180	36.96	1.16
B10	Sample 22	2	1	1	32160	36.96	1.16
B10	Sample 22	2	1	2	37180	36.91	1.14
B10	Sample 22	2	1	3	42190	36.96	1.13
B10	Sample 22	2	1	4	47190	36.96	1.12
B10	Sample 22	2	1	5	52180	37	1.12
B10	Sample 22	2	1	6	57180	36.96	1.12
B10	Sample 22	2	1	7	62170	37	1.11
B10	Sample 22	2	1	8	67180	37	1.11
B10	Sample 22	2	1	9	72180	37	1.11
B10	Sample 22	2	1	10	77170	37	1.12
B10	Sample 22	2	1	11	82180	37	1.11
B10	Sample 22	2	1	12	87170	37	1.11
B10	Sample 22	2	1	13	92190	36.96	1.10
B10	Sample 22	2	1	14	97180	37	1.12
B10	Sample 22	2	1	15	102180	36.96	1.12
B11	Sample 23	2	1	1	32160	36.96	1.19
B11	Sample 23	2	1	2	37180	36.91	1.18
B11	Sample 23	2	1	3	42190	36.96	1.17
B11	Sample 23	2	1	4	47190	36.96	1.16
B11	Sample 23	2	1	5	52180	37	1.16
B11	Sample 23	2	1	6	57180	36.96	1.15
B11	Sample 23	2	1	7	62170	37	1.16
B11	Sample 23	2	1	8	67180	37	1.15
B11	Sample 23	2	1	9	72180	37	1.14
B11	Sample 23	2	1	10	77170	37	1.15
B11	Sample 23	2	1	11	82180	37	1.14
B11	Sample 23	2	1	12	87170	37	1.15
B11	Sample 23	2	1	13	92190	36.96	1.14
B11	Sample 23	2	1	14	97180	37	1.15
B11	Sample 23	2	1	15	102180	36.96	1.16
B12	Sample 24	2	1	1	32160	36.96	1.09
B12	Sample 24	2	1	2	37180	36.91	1.08
B12	Sample 24	2	1	3	42190	36.96	1.06
B12	Sample 24	2	1	4	47190	36.96	1.05
B12	Sample 24	2	1	5	52180	37	1.06
B12	Sample 24	2	1	6	57180	36.96	1.06
B12	Sample 24	2	1	7	62170	37	1.05
B12	Sample 24	2	1	8	67180	37	1.05
B12	Sample 24	2	1	9	72180	37	1.05
B12	Sample 24	2	1	10	77170	37	1.05
B12	Sample 24	2	1	11	82180	37	1.04
B12	Sample 24	2	1	12	87170	37	1.05
B12	Sample 24	2	1	13	92190	36.96	1.04
B12	Sample 24	2	1	14	97180	37	1.05
B12	Sample 24	2	1	15	102180	36.96	1.05
C1	Sample 25	2	1	1	32160	36.96	0.83
C1	Sample 25	2	1	2	37180	36.91	0.82
C1	Sample 25	2	1	3	42190	36.96	0.82
C1	Sample 25	2	1	4	47190	36.96	0.80
C1	Sample 25	2	1	5	52180	37	0.80
C1	Sample 25	2	1	6	57180	36.96	0.80
C1	Sample 25	2	1	7	62170	37	0.80
C1	Sample 25	2	1	8	67180	37	0.80
C1	Sample 25	2	1	9	72180	37	0.80
C1	Sample 25	2	1	10	77170	37	0.79
C1	Sample 25	2	1	11	82180	37	0.80
C1	Sample 25	2	1	12	87170	37	0.80
C1	Sample 25	2	1	13	92190	36.96	0.79
C1	Sample 25	2	1	14	97180	37	0.79
C1	Sample 25	2	1	15	102180	36.96	0.80
C2	Sample 26	2	1	1	32160	36.96	0.82
C2	Sample 26	2	1	2	37180	36.91	0.80
C2	Sample 26	2	1	3	42190	36.96	0.81
C2	Sample 26	2	1	4	47190	36.96	0.79
C2	Sample 26	2	1	5	52180	37	0.79
C2	Sample 26	2	1	6	57180	36.96	0.79
C2	Sample 26	2	1	7	62170	37	0.78
C2	Sample 26	2	1	8	67180	37	0.78
C2	Sample 26	2	1	9	72180	37	0.78
C2	Sample 26	2	1	10	77170	37	0.79
C2	Sample 26	2	1	11	82180	37	0.78
C2	Sample 26	2	1	12	87170	37	0.78
C2	Sample 26	2	1	13	92190	36.96	0.77
C2	Sample 26	2	1	14	97180	37	0.78
C2	Sample 26	2	1	15	102180	36.96	0.78
C3	Sample 27	2	1	1	32160	36.96	0.87
C3	Sample 27	2	1	2	37180	36.91	0.86
C3	Sample 27	2	1	3	42190	36.96	0.87
C3	Sample 27	2	1	4	47190	36.96	0.85
C3	Sample 27	2	1	5	52180	37	0.84
C3	Sample 27	2	1	6	57180	36.96	0.84
C3	Sample 27	2	1	7	62170	37	0.85
C3	Sample 27	2	1	8	67180	37	0.84
C3	Sample 27	2	1	9	72180	37	0.84
C3	Sample 27	2	1	10	77170	37	0.84
C3	Sample 27	2	1	11	82180	37	0.84
C3	Sample 27	2	1	12	87170	37	0.84
C3	Sample 27	2	1	13	92190	36.96	0.84
C3	Sample 27	2	1	14	97180	37	0.84
C3	Sample 27	2	1	15	102180	36.96	0.85
C4	Sample 28	2	1	1	32160	36.96	0.86
C4	Sample 28	2	1	2	37180	36.91	0.86
C4	Sample 28	2	1	3	42190	36.96	0.85
C4	Sample 28	2	1	4	47190	36.96	0.84
C4	Sample 28	2	1	5	52180	37	0.84
C4	Sample 28	2	1	6	57180	36.96	0.83
C4	Sample 28	2	1	7	62170	37	0.83
C4	Sample 28	2	1	8	67180	37	0.82
C4	Sample 28	2	1	9	72180	37	0.82
C4	Sample 28	2	1	10	77170	37	0.83
C4	Sample 28	2	1	11	82180	37	0.82
C4	Sample 28	2	1	12	87170	37	0.82
C4	Sample 28	2	1	13	92190	36.96	0.82
C4	Sample 28	2	1	14	97180	37	0.83
C4	Sample 28	2	1	15	102180	36.96	0.83
C5	Sample 29	2	1	1	32160	36.96	1.66
C5	Sample 29	2	1	2	37180	36.91	1.63
C5	Sample 29	2	1	3	42190	36.96	1.62
C5	Sample 29	2	1	4	47190	36.96	1.61
C5	Sample 29	2	1	5	52180	37	1.59
C5	Sample 29	2	1	6	57180	36.96	1.59
C5	Sample 29	2	1	7	62170	37	1.58
C5	Sample 29	2	1	8	67180	37	1.58
C5	Sample 29	2	1	9	72180	37	1.58
C5	Sample 29	2	1	10	77170	37	1.57
C5	Sample 29	2	1	11	82180	37	1.57
C5	Sample 29	2	1	12	87170	37	1.56
C5	Sample 29	2	1	13	92190	36.96	1.57
C5	Sample 29	2	1	14	97180	37	1.58
C5	Sample 29	2	1	15	102180	36.96	1.57
C6	Sample 30	2	1	1	32160	36.96	1.73
C6	Sample 30	2	1	2	37180	36.91	1.71
C6	Sample 30	2	1	3	42190	36.96	1.70
C6	Sample 30	2	1	4	47190	36.96	1.69
C6	Sample 30	2	1	5	52180	37	1.67
C6	Sample 30	2	1	6	57180	36.96	1.66
C6	Sample 30	2	1	7	62170	37	1.65
C6	Sample 30	2	1	8	67180	37	1.65
C6	Sample 30	2	1	9	72180	37	1.65
C6	Sample 30	2	1	10	77170	37	1.64
C6	Sample 30	2	1	11	82180	37	1.65
C6	Sample 30	2	1	12	87170	37	1.65
C6	Sample 30	2	1	13	92190	36.96	1.64
C6	Sample 30	2	1	14	97180	37	1.65
C6	Sample 30	2	1	15	102180	36.96	1.66
C7	Sample 31	2	1	1	32160	36.96	1.81
C7	Sample 31	2	1	2	37180	36.91	1.78
C7	Sample 31	2	1	3	42190	36.96	1.78
C7	Sample 31	2	1	4	47190	36.96	1.76
C7	Sample 31	2	1	5	52180	37	1.75
C7	Sample 31	2	1	6	57180	36.96	1.75
C7	Sample 31	2	1	7	62170	37	1.74
C7	Sample 31	2	1	8	67180	37	1.74
C7	Sample 31	2	1	9	72180	37	1.74
C7	Sample 31	2	1	10	77170	37	1.73
C7	Sample 31	2	1	11	82180	37	1.73
C7	Sample 31	2	1	12	87170	37	1.74
C7	Sample 31	2	1	13	92190	36.96	1.74
C7	Sample 31	2	1	14	97180	37	1.73
C7	Sample 31	2	1	15	102180	36.96	1.74
C8	Sample 32	2	1	1	32160	36.96	1.74
C8	Sample 32	2	1	2	37180	36.91	1.72
C8	Sample 32	2	1	3	42190	36.96	1.72
C8	Sample 32	2	1	4	47190	36.96	1.70
C8	Sample 32	2	1	5	52180	37	1.68
C8	Sample 32	2	1	6	57180	36.96	1.68
C8	Sample 32	2	1	7	62170	37	1.68
C8	Sample 32	2	1	8	67180	37	1.67
C8	Sample 32	2	1	9	72180	37	1.67
C8	Sample 32	2	1	10	77170	37	1.66
C8	Sample 32	2	1	11	82180	37	1.66
C8	Sample 32	2	1	12	87170	37	1.66
C8	Sample 32	2	1	13	92190	36.96	1.66
C8	Sample 32	2	1	14	97180	37	1.67
C8	Sample 32	2	1	15	102180	36.96	1.67
C9	Sample 33	2	1	1	32160	36.96	1.22
C9	Sample 33	2	1	2	37180	36.91	1.20
C9	Sample 33	2	1	3	42190	36.96	1.21
C9	Sample 33	2	1	4	47190	36.96	1.20
C9	Sample 33	2	1	5	52180	37	1.19
C9	Sample 33	2	1	6	57180	36.96	1.18
C9	Sample 33	2	1	7	62170	37	1.18
C9	Sample 33	2	1	8	67180	37	1.17
C9	Sample 33	2	1	9	72180	37	1.18
C9	Sample 33	2	1	10	77170	37	1.18
C9	Sample 33	2	1	11	82180	37	1.17
C9	Sample 33	2	1	12	87170	37	1.18
C9	Sample 33	2	1	13	92190	36.96	1.18
C9	Sample 33	2	1	14	97180	37	1.18
C9	Sample 33	2	1	15	102180	36.96	1.18
C10	Sample 34	2	1	1	32160	36.96	1.14
C10	Sample 34	2	1	2	37180	36.91	1.13
C10	Sample 34	2	1	3	42190	36.96	1.12
C10	Sample 34	2	1	4	47190	36.96	1.11
C10	Sample 34	2	1	5	52180	37	1.10
C10	Sample 34	2	1	6	57180	36.96	1.10
C10	Sample 34	2	1	7	62170	37	1.09
C10	Sample 34	2	1	8	67180	37	1.09
C10	Sample 34	2	1	9	72180	37	1.08
C10	Sample 34	2	1	10	77170	37	1.09
C10	Sample 34	2	1	11	82180	37	1.09
C10	Sample 34	2	1	12	87170	37	1.09
C10	Sample 34	2	1	13	92190	36.96	1.09
C10	Sample 34	2	1	14	97180	37	1.09
C10	Sample 34	2	1	15	102180	36.96	1.10
C11	Sample 35	2	1	1	32160	36.96	1.20
C11	Sample 35	2	1	2	37180	36.91	1.18
C11	Sample 35	2	1	3	42190	36.96	1.18
C11	Sample 35	2	1	4	47190	36.96	1.16
C11	Sample 35	2	1	5	52180	37	1.16
C11	Sample 35	2	1	6	57180	36.96	1.14
C11	Sample 35	2	1	7	62170	37	1.14
C11	Sample 35	2	1	8	67180	37	1.14
C11	Sample 35	2	1	9	72180	37	1.14
C11	Sample 35	2	1	10	77170	37	1.14
C11	Sample 35	2	1	11	82180	37	1.14
C11	Sample 35	2	1	12	87170	37	1.14
C11	Sample 35	2	1	13	92190	36.96	1.14
C11	Sample 35	2	1	14	97180	37	1.15
C11	Sample 35	2	1	15	102180	36.96	1.15
C12	Sample 36	2	1	1	32160	36.96	1.11
C12	Sample 36	2	1	2	37180	36.91	1.10
C12	Sample 36	2	1	3	42190	36.96	1.10
C12	Sample 36	2	1	4	47190	36.96	1.09
C12	Sample 36	2	1	5	52180	37	1.08
C12	Sample 36	2	1	6	57180	36.96	1.08
C12	Sample 36	2	1	7	62170	37	1.07
C12	Sample 36	2	1	8	67180	37	1.07
C12	Sample 36	2	1	9	72180	37	1.07
C12	Sample 36	2	1	10	77170	37	1.07
C12	Sample 36	2	1	11	82180	37	1.06
C12	Sample 36	2	1	12	87170	37	1.06
C12	Sample 36	2	1	13	92190	36.96	1.06
C12	Sample 36	2	1	14	97180	37	1.07
C12	Sample 36	2	1	15	102180	36.96	1.07
D1	Sample 37	2	1	1	32160	36.96	0.85
D1	Sample 37	2	1	2	37180	36.91	0.85
D1	Sample 37	2	1	3	42190	36.96	0.84
D1	Sample 37	2	1	4	47190	36.96	0.83
D1	Sample 37	2	1	5	52180	37	0.82
D1	Sample 37	2	1	6	57180	36.96	0.82
D1	Sample 37	2	1	7	62170	37	0.82
D1	Sample 37	2	1	8	67180	37	0.81
D1	Sample 37	2	1	9	72180	37	0.81
D1	Sample 37	2	1	10	77170	37	0.81
D1	Sample 37	2	1	11	82180	37	0.81
D1	Sample 37	2	1	12	87170	37	0.81
D1	Sample 37	2	1	13	92190	36.96	0.81
D1	Sample 37	2	1	14	97180	37	0.81
D1	Sample 37	2	1	15	102180	36.96	0.82
D2	Sample 38	2	1	1	32160	36.96	0.80
D2	Sample 38	2	1	2	37180	36.91	0.79
D2	Sample 38	2	1	3	42190	36.96	0.79
D2	Sample 38	2	1	4	47190	36.96	0.77
D2	Sample 38	2	1	5	52180	37	0.77
D2	Sample 38	2	1	6	57180	36.96	0.77
D2	Sample 38	2	1	7	62170	37	0.77
D2	Sample 38	2	1	8	67180	37	0.76
D2	Sample 38	2	1	9	72180	37	0.76
D2	Sample 38	2	1	10	77170	37	0.76
D2	Sample 38	2	1	11	82180	37	0.75
D2	Sample 38	2	1	12	87170	37	0.75
D2	Sample 38	2	1	13	92190	36.96	0.76
D2	Sample 38	2	1	14	97180	37	0.76
D2	Sample 38	2	1	15	102180	36.96	0.76
D3	Sample 39	2	1	1	32160	36.96	0.87
D3	Sample 39	2	1	2	37180	36.91	0.85
D3	Sample 39	2	1	3	42190	36.96	0.85
D3	Sample 39	2	1	4	47190	36.96	0.84
D3	Sample 39	2	1	5	52180	37	0.84
D3	Sample 39	2	1	6	57180	36.96	0.84
D3	Sample 39	2	1	7	62170	37	0.83
D3	Sample 39	2	1	8	67180	37	0.83
D3	Sample 39	2	1	9	72180	37	0.82
D3	Sample 39	2	1	10	77170	37	0.82
D3	Sample 39	2	1	11	82180	37	0.82
D3	Sample 39	2	1	12	87170	37	0.83
D3	Sample 39	2	1	13	92190	36.96	0.83
D3	Sample 39	2	1	14	97180	37	0.82
D3	Sample 39	2	1	15	102180	36.96	0.83
D4	Sample 40	2	1	1	32160	36.96	0.85
D4	Sample 40	2	1	2	37180	36.91	0.85
D4	Sample 40	2	1	3	42190	36.96	0.85
D4	Sample 40	2	1	4	47190	36.96	0.84
D4	Sample 40	2	1	5	52180	37	0.83
D4	Sample 40	2	1	6	57180	36.96	0.83
D4	Sample 40	2	1	7	62170	37	0.83
D4	Sample 40	2	1	8	67180	37	0.82
D4	Sample 40	2	1	9	72180	37	0.81
D4	Sample 40	2	1	10	77170	37	0.82
D4	Sample 40	2	1	11	82180	37	0.82
D4	Sample 40	2	1	12	87170	37	0.82
D4	Sample 40	2	1	13	92190	36.96	0.82
D4	Sample 40	2	1	14	97180	37	0.82
D4	Sample 40	2	1	15	102180	36.96	0.83
D5	Sample 41	2	1	1	32160	36.96	1.69
D5	Sample 41	2	1	2	37180	36.91	1.67
D5	Sample 41	2	1	3	42190	36.96	1.66
D5	Sample 41	2	1	4	47190	36.96	1.65
D5	Sample 41	2	1	5	52180	37	1.63
D5	Sample 41	2	1	6	57180	36.96	1.62
D5	Sample 41	2	1	7	62170	37	1.61
D5	Sample 41	2	1	8	67180	37	1.61
D5	Sample 41	2	1	9	72180	37	1.61
D5	Sample 41	2	1	10	77170	37	1.61
D5	Sample 41	2	1	11	82180	37	1.60
D5	Sample 41	2	1	12	87170	37	1.60
D5	Sample 41	2	1	13	92190	36.96	1.62
D5	Sample 41	2	1	14	97180	37	1.61
D5	Sample 41	2	1	15	102180	36.96	1.61
D6	Sample 42	2	1	1	32160	36.96	1.67
D6	Sample 42	2	1	2	37180	36.91	1.65
D6	Sample 42	2	1	3	42190	36.96	1.63
D6	Sample 42	2	1	4	47190	36.96	1.62
D6	Sample 42	2	1	5	52180	37	1.61
D6	Sample 42	2	1	6	57180	36.96	1.60
D6	Sample 42	2	1	7	62170	37	1.60
D6	Sample 42	2	1	8	67180	37	1.59
D6	Sample 42	2	1	9	72180	37	1.59
D6	Sample 42	2	1	10	77170	37	1.59
D6	Sample 42	2	1	11	82180	37	1.58
D6	Sample 42	2	1	12	87170	37	1.58
D6	Sample 42	2	1	13	92190	36.96	1.59
D6	Sample 42	2	1	14	97180	37	1.59
D6	Sample 42	2	1	15	102180	36.96	1.60
D7	Sample 43	2	1	1	32160	36.96	1.82
D7	Sample 43	2	1	2	37180	36.91	1.80
D7	Sample 43	2	1	3	42190	36.96	1.78
D7	Sample 43	2	1	4	47190	36.96	1.77
D7	Sample 43	2	1	5	52180	37	1.76
D7	Sample 43	2	1	6	57180	36.96	1.76
D7	Sample 43	2	1	7	62170	37	1.75
D7	Sample 43	2	1	8	67180	37	1.75
D7	Sample 43	2	1	9	72180	37	1.74
D7	Sample 43	2	1	10	77170	37	1.75
D7	Sample 43	2	1	11	82180	37	1.74
D7	Sample 43	2	1	12	87170	37	1.73
D7	Sample 43	2	1	13	92190	36.96	1.74
D7	Sample 43	2	1	14	97180	37	1.74
D7	Sample 43	2	1	15	102180	36.96	1.75
D8	Sample 44	2	1	1	32160	36.96	1.76
D8	Sample 44	2	1	2	37180	36.91	1.74
D8	Sample 44	2	1	3	42190	36.96	1.73
D8	Sample 44	2	1	4	47190	36.96	1.71
D8	Sample 44	2	1	5	52180	37	1.70
D8	Sample 44	2	1	6	57180	36.96	1.70
D8	Sample 44	2	1	7	62170	37	1.69
D8	Sample 44	2	1	8	67180	37	1.68
D8	Sample 44	2	1	9	72180	37	1.68
D8	Sample 44	2	1	10	77170	37	1.68
D8	Sample 44	2	1	11	82180	37	1.68
D8	Sample 44	2	1	12	87170	37	1.68
D8	Sample 44	2	1	13	92190	36.96	1.68
D8	Sample 44	2	1	14	97180	37	1.68
D8	Sample 44	2	1	15	102180	36.96	1.68
D9	Sample 45	2	1	1	32160	36.96	1.20
D9	Sample 45	2	1	2	37180	36.91	1.18
D9	Sample 45	2	1	3	42190	36.96	1.17
D9	Sample 45	2	1	4	47190	36.96	1.17
D9	Sample 45	2	1	5	52180	37	1.15
D9	Sample 45	2	1	6	57180	36.96	1.15
D9	Sample 45	2	1	7	62170	37	1.15
D9	Sample 45	2	1	8	67180	37	1.15
D9	Sample 45	2	1	9	72180	37	1.14
D9	Sample 45	2	1	10	77170	37	1.14
D9	Sample 45	2	1	11	82180	37	1.15
D9	Sample 45	2	1	12	87170	37	1.14
D9	Sample 45	2	1	13	92190	36.96	1.15
D9	Sample 45	2	1	14	97180	37	1.15
D9	Sample 45	2	1	15	102180	36.96	1.16
D10	Sample 46	2	1	1	32160	36.96	1.16
D10	Sample 46	2	1	2	37180	36.91	1.14
D10	Sample 46	2	1	3	42190	36.96	1.13
D10	Sample 46	2	1	4	47190	36.96	1.12
D10	Sample 46	2	1	5	52180	37	1.12
D10	Sample 46	2	1	6	57180	36.96	1.11
D10	Sample 46	2	1	7	62170	37	1.11
D10	Sample 46	2	1	8	67180	37	1.10
D10	Sample 46	2	1	9	72180	37	1.10
D10	Sample 46	2	1	10	77170	37	1.10
D10	Sample 46	2	1	11	82180	37	1.09
D10	Sample 46	2	1	12	87170	37	1.10
D10	Sample 46	2	1	13	92190	36.96	1.10
D10	Sample 46	2	1	14	97180	37	1.10
D10	Sample 46	2	1	15	102180	36.96	1.11
D11	Sample 47	2	1	1	32160	36.96	1.20
D11	Sample 47	2	1	2	37180	36.91	1.19
D11	Sample 47	2	1	3	42190	36.96	1.18
D11	Sample 47	2	1	4	47190	36.96	1.17
D11	Sample 47	2	1	5	52180	37	1.16
D11	Sample 47	2	1	6	57180	36.96	1.15
D11	Sample 47	2	1	7	62170	37	1.16
D11	Sample 47	2	1	8	67180	37	1.14
D11	Sample 47	2	1	9	72180	37	1.14
D11	Sample 47	2	1	10	77170	37	1.14
D11	Sample 47	2	1	11	82180	37	1.15
D11	Sample 47	2	1	12	87170	37	1.15
D11	Sample 47	2	1	13	92190	36.96	1.15
D11	Sample 47	2	1	14	97180	37	1.15
D11	Sample 47	2	1	15	102180	36.96	1.16
D12	Sample 48	2	1	1	32160	36.96	1.08
D12	Sample 48	2	1	2	37180	36.91	1.07
D12	Sample 48	2	1	3	42190	36.96	1.06
D12	Sample 48	2	1	4	47190	36.96	1.05
D12	Sample 48	2	1	5	52180	37	1.04
D12	Sample 48	2	1	6	57180	36.96	1.04
D12	Sample 48	2	1	7	62170	37	1.04
D12	Sample 48	2	1	8	67180	37	1.04
D12	Sample 48	2	1	9	72180	37	1.03
D12	Sample 48	2	1	10	77170	37	1.04
D12	Sample 48	2	1	11	82180	37	1.03
D12	Sample 48	2	1	12	87170	37	1.04
D12	Sample 48	2	1	13	92190	36.96	1.04
D12	Sample 48	2	1	14	97180	37	1.03
D12	Sample 48	2	1	15	102180	36.96	1.04
E1	Sample 49	2	1	1	32160	36.96	0.84
E1	Sample 49	2	1	2	37180	36.91	0.82
E1	Sample 49	2	1	3	42190	36.96	0.81
E1	Sample 49	2	1	4	47190	36.96	0.81
E1	Sample 49	2	1	5	52180	37	0.81
E1	Sample 49	2	1	6	57180	36.96	0.81
E1	Sample 49	2	1	7	62170	37	0.80
E1	Sample 49	2	1	8	67180	37	0.80
E1	Sample 49	2	1	9	72180	37	0.80
E1	Sample 49	2	1	10	77170	37	0.80
E1	Sample 49	2	1	11	82180	37	0.80
E1	Sample 49	2	1	12	87170	37	0.80
E1	Sample 49	2	1	13	92190	36.96	0.80
E1	Sample 49	2	1	14	97180	37	0.80
E1	Sample 49	2	1	15	102180	36.96	0.80
E2	Sample 50	2	1	1	32160	36.96	0.84
E2	Sample 50	2	1	2	37180	36.91	0.82
E2	Sample 50	2	1	3	42190	36.96	0.81
E2	Sample 50	2	1	4	47190	36.96	0.80
E2	Sample 50	2	1	5	52180	37	0.80
E2	Sample 50	2	1	6	57180	36.96	0.80
E2	Sample 50	2	1	7	62170	37	0.80
E2	Sample 50	2	1	8	67180	37	0.80
E2	Sample 50	2	1	9	72180	37	0.80
E2	Sample 50	2	1	10	77170	37	0.80
E2	Sample 50	2	1	11	82180	37	0.80
E2	Sample 50	2	1	12	87170	37	0.80
E2	Sample 50	2	1	13	92190	36.96	0.80
E2	Sample 50	2	1	14	97180	37	0.80
E2	Sample 50	2	1	15	102180	36.96	0.80
E3	Sample 51	2	1	1	32160	36.96	0.88
E3	Sample 51	2	1	2	37180	36.91	0.86
E3	Sample 51	2	1	3	42190	36.96	0.85
E3	Sample 51	2	1	4	47190	36.96	0.85
E3	Sample 51	2	1	5	52180	37	0.84
E3	Sample 51	2	1	6	57180	36.96	0.84
E3	Sample 51	2	1	7	62170	37	0.83
E3	Sample 51	2	1	8	67180	37	0.84
E3	Sample 51	2	1	9	72180	37	0.84
E3	Sample 51	2	1	10	77170	37	0.83
E3	Sample 51	2	1	11	82180	37	0.83
E3	Sample 51	2	1	12	87170	37	0.84
E3	Sample 51	2	1	13	92190	36.96	0.83
E3	Sample 51	2	1	14	97180	37	0.84
E3	Sample 51	2	1	15	102180	36.96	0.83
E4	Sample 52	2	1	1	32160	36.96	0.89
E4	Sample 52	2	1	2	37180	36.91	0.87
E4	Sample 52	2	1	3	42190	36.96	0.86
E4	Sample 52	2	1	4	47190	36.96	0.86
E4	Sample 52	2	1	5	52180	37	0.85
E4	Sample 52	2	1	6	57180	36.96	0.85
E4	Sample 52	2	1	7	62170	37	0.85
E4	Sample 52	2	1	8	67180	37	0.85
E4	Sample 52	2	1	9	72180	37	0.85
E4	Sample 52	2	1	10	77170	37	0.84
E4	Sample 52	2	1	11	82180	37	0.84
E4	Sample 52	2	1	12	87170	37	0.84
E4	Sample 52	2	1	13	92190	36.96	0.84
E4	Sample 52	2	1	14	97180	37	0.85
E4	Sample 52	2	1	15	102180	36.96	0.85
E5	Sample 53	2	1	1	32160	36.96	1.86
E5	Sample 53	2	1	2	37180	36.91	1.83
E5	Sample 53	2	1	3	42190	36.96	1.81
E5	Sample 53	2	1	4	47190	36.96	1.80
E5	Sample 53	2	1	5	52180	37	1.80
E5	Sample 53	2	1	6	57180	36.96	1.79
E5	Sample 53	2	1	7	62170	37	1.78
E5	Sample 53	2	1	8	67180	37	1.78
E5	Sample 53	2	1	9	72180	37	1.78
E5	Sample 53	2	1	10	77170	37	1.77
E5	Sample 53	2	1	11	82180	37	1.78
E5	Sample 53	2	1	12	87170	37	1.77
E5	Sample 53	2	1	13	92190	36.96	1.77
E5	Sample 53	2	1	14	97180	37	1.77
E5	Sample 53	2	1	15	102180	36.96	1.78
E6	Sample 54	2	1	1	32160	36.96	1.78
E6	Sample 54	2	1	2	37180	36.91	1.76
E6	Sample 54	2	1	3	42190	36.96	1.75
E6	Sample 54	2	1	4	47190	36.96	1.73
E6	Sample 54	2	1	5	52180	37	1.71
E6	Sample 54	2	1	6	57180	36.96	1.72
E6	Sample 54	2	1	7	62170	37	1.71
E6	Sample 54	2	1	8	67180	37	1.70
E6	Sample 54	2	1	9	72180	37	1.71
E6	Sample 54	2	1	10	77170	37	1.70
E6	Sample 54	2	1	11	82180	37	1.71
E6	Sample 54	2	1	12	87170	37	1.71
E6	Sample 54	2	1	13	92190	36.96	1.70
E6	Sample 54	2	1	14	97180	37	1.71
E6	Sample 54	2	1	15	102180	36.96	1.71
E7	Sample 55	2	1	1	32160	36.96	1.95
E7	Sample 55	2	1	2	37180	36.91	1.93
E7	Sample 55	2	1	3	42190	36.96	1.90
E7	Sample 55	2	1	4	47190	36.96	1.89
E7	Sample 55	2	1	5	52180	37	1.89
E7	Sample 55	2	1	6	57180	36.96	1.88
E7	Sample 55	2	1	7	62170	37	1.88
E7	Sample 55	2	1	8	67180	37	1.88
E7	Sample 55	2	1	9	72180	37	1.87
E7	Sample 55	2	1	10	77170	37	1.87
E7	Sample 55	2	1	11	82180	37	1.86
E7	Sample 55	2	1	12	87170	37	1.87
E7	Sample 55	2	1	13	92190	36.96	1.88
E7	Sample 55	2	1	14	97180	37	1.87
E7	Sample 55	2	1	15	102180	36.96	1.88
E8	Sample 56	2	1	1	32160	36.96	1.71
E8	Sample 56	2	1	2	37180	36.91	1.70
E8	Sample 56	2	1	3	42190	36.96	1.68
E8	Sample 56	2	1	4	47190	36.96	1.66
E8	Sample 56	2	1	5	52180	37	1.66
E8	Sample 56	2	1	6	57180	36.96	1.65
E8	Sample 56	2	1	7	62170	37	1.65
E8	Sample 56	2	1	8	67180	37	1.65
E8	Sample 56	2	1	9	72180	37	1.65
E8	Sample 56	2	1	10	77170	37	1.65
E8	Sample 56	2	1	11	82180	37	1.64
E8	Sample 56	2	1	12	87170	37	1.64
E8	Sample 56	2	1	13	92190	36.96	1.63
E8	Sample 56	2	1	14	97180	37	1.64
E8	Sample 56	2	1	15	102180	36.96	1.64
E9	Sample 57	2	1	1	32160	36.96	1.17
E9	Sample 57	2	1	2	37180	36.91	1.16
E9	Sample 57	2	1	3	42190	36.96	1.15
E9	Sample 57	2	1	4	47190	36.96	1.14
E9	Sample 57	2	1	5	52180	37	1.13
E9	Sample 57	2	1	6	57180	36.96	1.13
E9	Sample 57	2	1	7	62170	37	1.12
E9	Sample 57	2	1	8	67180	37	1.12
E9	Sample 57	2	1	9	72180	37	1.10
E9	Sample 57	2	1	10	77170	37	1.11
E9	Sample 57	2	1	11	82180	37	1.10
E9	Sample 57	2	1	12	87170	37	1.10
E9	Sample 57	2	1	13	92190	36.96	1.11
E9	Sample 57	2	1	14	97180	37	1.10
E9	Sample 57	2	1	15	102180	36.96	1.11
E10	Sample 58	2	1	1	32160	36.96	1.16
E10	Sample 58	2	1	2	37180	36.91	1.14
E10	Sample 58	2	1	3	42190	36.96	1.13
E10	Sample 58	2	1	4	47190	36.96	1.13
E10	Sample 58	2	1	5	52180	37	1.12
E10	Sample 58	2	1	6	57180	36.96	1.12
E10	Sample 58	2	1	7	62170	37	1.12
E10	Sample 58	2	1	8	67180	37	1.12
E10	Sample 58	2	1	9	72180	37	1.12
E10	Sample 58	2	1	10	77170	37	1.12
E10	Sample 58	2	1	11	82180	37	1.12
E10	Sample 58	2	1	12	87170	37	1.12
E10	Sample 58	2	1	13	92190	36.96	1.12
E10	Sample 58	2	1	14	97180	37	1.12
E10	Sample 58	2	1	15	102180	36.96	1.12
E11	Sample 59	2	1	1	32160	36.96	1.25
E11	Sample 59	2	1	2	37180	36.91	1.24
E11	Sample 59	2	1	3	42190	36.96	1.22
E11	Sample 59	2	1	4	47190	36.96	1.22
E11	Sample 59	2	1	5	52180	37	1.22
E11	Sample 59	2	1	6	57180	36.96	1.22
E11	Sample 59	2	1	7	62170	37	1.21
E11	Sample 59	2	1	8	67180	37	1.21
E11	Sample 59	2	1	9	72180	37	1.21
E11	Sample 59	2	1	10	77170	37	1.21
E11	Sample 59	2	1	11	82180	37	1.21
E11	Sample 59	2	1	12	87170	37	1.21
E11	Sample 59	2	1	13	92190	36.96	1.21
E11	Sample 59	2	1	14	97180	37	1.21
E11	Sample 59	2	1	15	102180	36.96	1.22
E12	Sample 60	2	1	1	32160	36.96	1.10
E12	Sample 60	2	1	2	37180	36.91	1.09
E12	Sample 60	2	1	3	42190	36.96	1.08
E12	Sample 60	2	1	4	47190	36.96	1.08
E12	Sample 60	2	1	5	52180	37	1.07
E12	Sample 60	2	1	6	57180	36.96	1.07
E12	Sample 60	2	1	7	62170	37	1.06
E12	Sample 60	2	1	8	67180	37	1.06
E12	Sample 60	2	1	9	72180	37	1.06
E12	Sample 60	2	1	10	77170	37	1.06
E12	Sample 60	2	1	11	82180	37	1.06
E12	Sample 60	2	1	12	87170	37	1.06
E12	Sample 60	2	1	13	92190	36.96	1.06
E12	Sample 60	2	1	14	97180	37	1.06
E12	Sample 60	2	1	15	102180	36.96	1.06
F1	Sample 61	2	1	1	32160	36.96	0.83
F1	Sample 61	2	1	2	37180	36.91	0.83
F1	Sample 61	2	1	3	42190	36.96	0.82
F1	Sample 61	2	1	4	47190	36.96	0.81
F1	Sample 61	2	1	5	52180	37	0.81
F1	Sample 61	2	1	6	57180	36.96	0.81
F1	Sample 61	2	1	7	62170	37	0.80
F1	Sample 61	2	1	8	67180	37	0.80
F1	Sample 61	2	1	9	72180	37	0.79
F1	Sample 61	2	1	10	77170	37	0.80
F1	Sample 61	2	1	11	82180	37	0.79
F1	Sample 61	2	1	12	87170	37	0.80
F1	Sample 61	2	1	13	92190	36.96	0.80
F1	Sample 61	2	1	14	97180	37	0.80
F1	Sample 61	2	1	15	102180	36.96	0.80
F2	Sample 62	2	1	1	32160	36.96	0.89
F2	Sample 62	2	1	2	37180	36.91	0.88
F2	Sample 62	2	1	3	42190	36.96	0.87
F2	Sample 62	2	1	4	47190	36.96	0.86
F2	Sample 62	2	1	5	52180	37	0.86
F2	Sample 62	2	1	6	57180	36.96	0.86
F2	Sample 62	2	1	7	62170	37	0.86
F2	Sample 62	2	1	8	67180	37	0.85
F2	Sample 62	2	1	9	72180	37	0.85
F2	Sample 62	2	1	10	77170	37	0.85
F2	Sample 62	2	1	11	82180	37	0.85
F2	Sample 62	2	1	12	87170	37	0.84
F2	Sample 62	2	1	13	92190	36.96	0.85
F2	Sample 62	2	1	14	97180	37	0.85
F2	Sample 62	2	1	15	102180	36.96	0.86
F3	Sample 63	2	1	1	32160	36.96	0.88
F3	Sample 63	2	1	2	37180	36.91	0.87
F3	Sample 63	2	1	3	42190	36.96	0.86
F3	Sample 63	2	1	4	47190	36.96	0.86
F3	Sample 63	2	1	5	52180	37	0.86
F3	Sample 63	2	1	6	57180	36.96	0.85
F3	Sample 63	2	1	7	62170	37	0.85
F3	Sample 63	2	1	8	67180	37	0.85
F3	Sample 63	2	1	9	72180	37	0.85
F3	Sample 63	2	1	10	77170	37	0.85
F3	Sample 63	2	1	11	82180	37	0.85
F3	Sample 63	2	1	12	87170	37	0.85
F3	Sample 63	2	1	13	92190	36.96	0.85
F3	Sample 63	2	1	14	97180	37	0.85
F3	Sample 63	2	1	15	102180	36.96	0.85
F4	Sample 64	2	1	1	32160	36.96	0.88
F4	Sample 64	2	1	2	37180	36.91	0.87
F4	Sample 64	2	1	3	42190	36.96	0.87
F4	Sample 64	2	1	4	47190	36.96	0.86
F4	Sample 64	2	1	5	52180	37	0.85
F4	Sample 64	2	1	6	57180	36.96	0.85
F4	Sample 64	2	1	7	62170	37	0.85
F4	Sample 64	2	1	8	67180	37	0.84
F4	Sample 64	2	1	9	72180	37	0.84
F4	Sample 64	2	1	10	77170	37	0.84
F4	Sample 64	2	1	11	82180	37	0.84
F4	Sample 64	2	1	12	87170	37	0.83
F4	Sample 64	2	1	13	92190	36.96	0.85
F4	Sample 64	2	1	14	97180	37	0.84
F4	Sample 64	2	1	15	102180	36.96	0.86
F5	Sample 65	2	1	1	32160	36.96	1.95
F5	Sample 65	2	1	2	37180	36.91	1.92
F5	Sample 65	2	1	3	42190	36.96	1.91
F5	Sample 65	2	1	4	47190	36.96	1.89
F5	Sample 65	2	1	5	52180	37	1.89
F5	Sample 65	2	1	6	57180	36.96	1.88
F5	Sample 65	2	1	7	62170	37	1.89
F5	Sample 65	2	1	8	67180	37	1.88
F5	Sample 65	2	1	9	72180	37	1.88
F5	Sample 65	2	1	10	77170	37	1.88
F5	Sample 65	2	1	11	82180	37	1.88
F5	Sample 65	2	1	12	87170	37	1.87
F5	Sample 65	2	1	13	92190	36.96	1.89
F5	Sample 65	2	1	14	97180	37	1.89
F5	Sample 65	2	1	15	102180	36.96	1.89
F6	Sample 66	2	1	1	32160	36.96	1.81
F6	Sample 66	2	1	2	37180	36.91	1.79
F6	Sample 66	2	1	3	42190	36.96	1.77
F6	Sample 66	2	1	4	47190	36.96	1.77
F6	Sample 66	2	1	5	52180	37	1.76
F6	Sample 66	2	1	6	57180	36.96	1.75
F6	Sample 66	2	1	7	62170	37	1.75
F6	Sample 66	2	1	8	67180	37	1.75
F6	Sample 66	2	1	9	72180	37	1.74
F6	Sample 66	2	1	10	77170	37	1.75
F6	Sample 66	2	1	11	82180	37	1.74
F6	Sample 66	2	1	12	87170	37	1.74
F6	Sample 66	2	1	13	92190	36.96	1.75
F6	Sample 66	2	1	14	97180	37	1.74
F6	Sample 66	2	1	15	102180	36.96	1.75
F7	Sample 67	2	1	1	32160	36.96	1.97
F7	Sample 67	2	1	2	37180	36.91	1.96
F7	Sample 67	2	1	3	42190	36.96	1.93
F7	Sample 67	2	1	4	47190	36.96	1.93
F7	Sample 67	2	1	5	52180	37	1.92
F7	Sample 67	2	1	6	57180	36.96	1.91
F7	Sample 67	2	1	7	62170	37	1.90
F7	Sample 67	2	1	8	67180	37	1.89
F7	Sample 67	2	1	9	72180	37	1.89
F7	Sample 67	2	1	10	77170	37	1.91
F7	Sample 67	2	1	11	82180	37	1.89
F7	Sample 67	2	1	12	87170	37	1.89
F7	Sample 67	2	1	13	92190	36.96	1.89
F7	Sample 67	2	1	14	97180	37	1.90
F7	Sample 67	2	1	15	102180	36.96	1.91
F8	Sample 68	2	1	1	32160	36.96	1.76
F8	Sample 68	2	1	2	37180	36.91	1.73
F8	Sample 68	2	1	3	42190	36.96	1.72
F8	Sample 68	2	1	4	47190	36.96	1.70
F8	Sample 68	2	1	5	52180	37	1.70
F8	Sample 68	2	1	6	57180	36.96	1.69
F8	Sample 68	2	1	7	62170	37	1.68
F8	Sample 68	2	1	8	67180	37	1.69
F8	Sample 68	2	1	9	72180	37	1.68
F8	Sample 68	2	1	10	77170	37	1.68
F8	Sample 68	2	1	11	82180	37	1.67
F8	Sample 68	2	1	12	87170	37	1.67
F8	Sample 68	2	1	13	92190	36.96	1.68
F8	Sample 68	2	1	14	97180	37	1.68
F8	Sample 68	2	1	15	102180	36.96	1.69
F9	Sample 69	2	1	1	32160	36.96	1.21
F9	Sample 69	2	1	2	37180	36.91	1.19
F9	Sample 69	2	1	3	42190	36.96	1.18
F9	Sample 69	2	1	4	47190	36.96	1.18
F9	Sample 69	2	1	5	52180	37	1.18
F9	Sample 69	2	1	6	57180	36.96	1.17
F9	Sample 69	2	1	7	62170	37	1.17
F9	Sample 69	2	1	8	67180	37	1.17
F9	Sample 69	2	1	9	72180	37	1.16
F9	Sample 69	2	1	10	77170	37	1.17
F9	Sample 69	2	1	11	82180	37	1.17
F9	Sample 69	2	1	12	87170	37	1.16
F9	Sample 69	2	1	13	92190	36.96	1.17
F9	Sample 69	2	1	14	97180	37	1.16
F9	Sample 69	2	1	15	102180	36.96	1.17
F10	Sample 70	2	1	1	32160	36.96	1.19
F10	Sample 70	2	1	2	37180	36.91	1.19
F10	Sample 70	2	1	3	42190	36.96	1.18
F10	Sample 70	2	1	4	47190	36.96	1.18
F10	Sample 70	2	1	5	52180	37	1.17
F10	Sample 70	2	1	6	57180	36.96	1.17
F10	Sample 70	2	1	7	62170	37	1.17
F10	Sample 70	2	1	8	67180	37	1.16
F10	Sample 70	2	1	9	72180	37	1.16
F10	Sample 70	2	1	10	77170	37	1.16
F10	Sample 70	2	1	11	82180	37	1.15
F10	Sample 70	2	1	12	87170	37	1.15
F10	Sample 70	2	1	13	92190	36.96	1.15
F10	Sample 70	2	1	14	97180	37	1.15
F10	Sample 70	2	1	15	102180	36.96	1.16
F11	Sample 71	2	1	1	32160	36.96	1.19
F11	Sample 71	2	1	2	37180	36.91	1.18
F11	Sample 71	2	1	3	42190	36.96	1.17
F11	Sample 71	2	1	4	47190	36.96	1.17
F11	Sample 71	2	1	5	52180	37	1.16
F11	Sample 71	2	1	6	57180	36.96	1.16
F11	Sample 71	2	1	7	62170	37	1.15
F11	Sample 71	2	1	8	67180	37	1.15
F11	Sample 71	2	1	9	72180	37	1.16
F11	Sample 71	2	1	10	77170	37	1.15
F11	Sample 71	2	1	11	82180	37	1.15
F11	Sample 71	2	1	12	87170	37	1.15
F11	Sample 71	2	1	13	92190	36.96	1.15
F11	Sample 71	2	1	14	97180	37	1.15
F11	Sample 71	2	1	15	102180	36.96	1.16
F12	Sample 72	2	1	1	32160	36.96	1.08
F12	Sample 72	2	1	2	37180	36.91	1.06
F12	Sample 72	2	1	3	42190	36.96	1.05
F12	Sample 72	2	1	4	47190	36.96	1.05
F12	Sample 72	2	1	5	52180	37	1.05
F12	Sample 72	2	1	6	57180	36.96	1.04
F12	Sample 72	2	1	7	62170	37	1.04
F12	Sample 72	2	1	8	67180	37	1.03
F12	Sample 72	2	1	9	72180	37	1.03
F12	Sample 72	2	1	10	77170	37	1.04
F12	Sample 72	2	1	11	82180	37	1.03
F12	Sample 72	2	1	12	87170	37	1.02
F12	Sample 72	2	1	13	92190	36.96	1.03
F12	Sample 72	2	1	14	97180	37	1.03
F12	Sample 72	2	1	15	102180	36.96	1.03
G1	Sample 73	2	1	1	32160	36.96	0.84
G1	Sample 73	2	1	2	37180	36.91	0.83
G1	Sample 73	2	1	3	42190	36.96	0.83
G1	Sample 73	2	1	4	47190	36.96	0.82
G1	Sample 73	2	1	5	52180	37	0.82
G1	Sample 73	2	1	6	57180	36.96	0.81
G1	Sample 73	2	1	7	62170	37	0.81
G1	Sample 73	2	1	8	67180	37	0.81
G1	Sample 73	2	1	9	72180	37	0.81
G1	Sample 73	2	1	10	77170	37	0.81
G1	Sample 73	2	1	11	82180	37	0.81
G1	Sample 73	2	1	12	87170	37	0.80
G1	Sample 73	2	1	13	92190	36.96	0.81
G1	Sample 73	2	1	14	97180	37	0.81
G1	Sample 73	2	1	15	102180	36.96	0.81
G2	Sample 74	2	1	1	32160	36.96	0.91
G2	Sample 74	2	1	2	37180	36.91	0.90
G2	Sample 74	2	1	3	42190	36.96	0.90
G2	Sample 74	2	1	4	47190	36.96	0.89
G2	Sample 74	2	1	5	52180	37	0.89
G2	Sample 74	2	1	6	57180	36.96	0.88
G2	Sample 74	2	1	7	62170	37	0.88
G2	Sample 74	2	1	8	67180	37	0.88
G2	Sample 74	2	1	9	72180	37	0.88
G2	Sample 74	2	1	10	77170	37	0.88
G2	Sample 74	2	1	11	82180	37	0.88
G2	Sample 74	2	1	12	87170	37	0.87
G2	Sample 74	2	1	13	92190	36.96	0.87
G2	Sample 74	2	1	14	97180	37	0.88
G2	Sample 74	2	1	15	102180	36.96	0.89
G3	Sample 75	2	1	1	32160	36.96	0.90
G3	Sample 75	2	1	2	37180	36.91	0.90
G3	Sample 75	2	1	3	42190	36.96	0.89
G3	Sample 75	2	1	4	47190	36.96	0.89
G3	Sample 75	2	1	5	52180	37	0.88
G3	Sample 75	2	1	6	57180	36.96	0.88
G3	Sample 75	2	1	7	62170	37	0.87
G3	Sample 75	2	1	8	67180	37	0.88
G3	Sample 75	2	1	9	72180	37	0.87
G3	Sample 75	2	1	10	77170	37	0.88
G3	Sample 75	2	1	11	82180	37	0.87
G3	Sample 75	2	1	12	87170	37	0.86
G3	Sample 75	2	1	13	92190	36.96	0.87
G3	Sample 75	2	1	14	97180	37	0.87
G3	Sample 75	2	1	15	102180	36.96	0.88
G4	Sample 76	2	1	1	32160	36.96	0.87
G4	Sample 76	2	1	2	37180	36.91	0.86
G4	Sample 76	2	1	3	42190	36.96	0.86
G4	Sample 76	2	1	4	47190	36.96	0.85
G4	Sample 76	2	1	5	52180	37	0.83
G4	Sample 76	2	1	6	57180	36.96	0.84
G4	Sample 76	2	1	7	62170	37	0.83
G4	Sample 76	2	1	8	67180	37	0.84
G4	Sample 76	2	1	9	72180	37	0.83
G4	Sample 76	2	1	10	77170	37	0.83
G4	Sample 76	2	1	11	82180	37	0.84
G4	Sample 76	2	1	12	87170	37	0.83
G4	Sample 76	2	1	13	92190	36.96	0.82
G4	Sample 76	2	1	14	97180	37	0.84
G4	Sample 76	2	1	15	102180	36.96	0.84
G5	Sample 77	2	1	1	32160	36.96	1.97
G5	Sample 77	2	1	2	37180	36.91	1.95
G5	Sample 77	2	1	3	42190	36.96	1.94
G5	Sample 77	2	1	4	47190	36.96	1.93
G5	Sample 77	2	1	5	52180	37	1.92
G5	Sample 77	2	1	6	57180	36.96	1.90
G5	Sample 77	2	1	7	62170	37	1.91
G5	Sample 77	2	1	8	67180	37	1.90
G5	Sample 77	2	1	9	72180	37	1.89
G5	Sample 77	2	1	10	77170	37	1.90
G5	Sample 77	2	1	11	82180	37	1.91
G5	Sample 77	2	1	12	87170	37	1.90
G5	Sample 77	2	1	13	92190	36.96	1.90
G5	Sample 77	2	1	14	97180	37	1.90
G5	Sample 77	2	1	15	102180	36.96	1.91
G6	Sample 78	2	1	1	32160	36.96	1.88
G6	Sample 78	2	1	2	37180	36.91	1.86
G6	Sample 78	2	1	3	42190	36.96	1.84
G6	Sample 78	2	1	4	47190	36.96	1.83
G6	Sample 78	2	1	5	52180	37	1.80
G6	Sample 78	2	1	6	57180	36.96	1.80
G6	Sample 78	2	1	7	62170	37	1.80
G6	Sample 78	2	1	8	67180	37	1.80
G6	Sample 78	2	1	9	72180	37	1.79
G6	Sample 78	2	1	10	77170	37	1.79
G6	Sample 78	2	1	11	82180	37	1.79
G6	Sample 78	2	1	12	87170	37	1.79
G6	Sample 78	2	1	13	92190	36.96	1.79
G6	Sample 78	2	1	14	97180	37	1.80
G6	Sample 78	2	1	15	102180	36.96	1.79
G7	Sample 79	2	1	1	32160	36.96	1.90
G7	Sample 79	2	1	2	37180	36.91	1.88
G7	Sample 79	2	1	3	42190	36.96	1.87
G7	Sample 79	2	1	4	47190	36.96	1.85
G7	Sample 79	2	1	5	52180	37	1.85
G7	Sample 79	2	1	6	57180	36.96	1.85
G7	Sample 79	2	1	7	62170	37	1.84
G7	Sample 79	2	1	8	67180	37	1.84
G7	Sample 79	2	1	9	72180	37	1.84
G7	Sample 79	2	1	10	77170	37	1.84
G7	Sample 79	2	1	11	82180	37	1.83
G7	Sample 79	2	1	12	87170	37	1.84
G7	Sample 79	2	1	13	92190	36.96	1.84
G7	Sample 79	2	1	14	97180	37	1.84
G7	Sample 79	2	1	15	102180	36.96	1.84
G8	Sample 80	2	1	1	32160	36.96	1.83
G8	Sample 80	2	1	2	37180	36.91	1.82
G8	Sample 80	2	1	3	42190	36.96	1.80
G8	Sample 80	2	1	4	47190	36.96	1.80
G8	Sample 80	2	1	5	52180	37	1.79
G8	Sample 80	2	1	6	57180	36.96	1.78
G8	Sample 80	2	1	7	62170	37	1.79
G8	Sample 80	2	1	8	67180	37	1.77
G8	Sample 80	2	1	9	72180	37	1.77
G8	Sample 80	2	1	10	77170	37	1.78
G8	Sample 80	2	1	11	82180	37	1.78
G8	Sample 80	2	1	12	87170	37	1.77
G8	Sample 80	2	1	13	92190	36.96	1.77
G8	Sample 80	2	1	14	97180	37	1.77
G8	Sample 80	2	1	15	102180	36.96	1.78
G9	Sample 81	2	1	1	32160	36.96	1.16
G9	Sample 81	2	1	2	37180	36.91	1.15
G9	Sample 81	2	1	3	42190	36.96	1.14
G9	Sample 81	2	1	4	47190	36.96	1.14
G9	Sample 81	2	1	5	52180	37	1.12
G9	Sample 81	2	1	6	57180	36.96	1.12
G9	Sample 81	2	1	7	62170	37	1.12
G9	Sample 81	2	1	8	67180	37	1.12
G9	Sample 81	2	1	9	72180	37	1.12
G9	Sample 81	2	1	10	77170	37	1.12
G9	Sample 81	2	1	11	82180	37	1.12
G9	Sample 81	2	1	12	87170	37	1.11
G9	Sample 81	2	1	13	92190	36.96	1.11
G9	Sample 81	2	1	14	97180	37	1.11
G9	Sample 81	2	1	15	102180	36.96	1.12
G10	Sample 82	2	1	1	32160	36.96	1.17
G10	Sample 82	2	1	2	37180	36.91	1.16
G10	Sample 82	2	1	3	42190	36.96	1.15
G10	Sample 82	2	1	4	47190	36.96	1.15
G10	Sample 82	2	1	5	52180	37	1.14
G10	Sample 82	2	1	6	57180	36.96	1.13
G10	Sample 82	2	1	7	62170	37	1.13
G10	Sample 82	2	1	8	67180	37	1.13
G10	Sample 82	2	1	9	72180	37	1.12
G10	Sample 82	2	1	10	77170	37	1.13
G10	Sample 82	2	1	11	82180	37	1.13
G10	Sample 82	2	1	12	87170	37	1.13
G10	Sample 82	2	1	13	92190	36.96	1.12
G10	Sample 82	2	1	14	97180	37	1.13
G10	Sample 82	2	1	15	102180	36.96	1.13
G11	Sample 83	2	1	1	32160	36.96	1.18
G11	Sample 83	2	1	2	37180	36.91	1.16
G11	Sample 83	2	1	3	42190	36.96	1.16
G11	Sample 83	2	1	4	47190	36.96	1.15
G11	Sample 83	2	1	5	52180	37	1.14
G11	Sample 83	2	1	6	57180	36.96	1.14
G11	Sample 83	2	1	7	62170	37	1.14
G11	Sample 83	2	1	8	67180	37	1.14
G11	Sample 83	2	1	9	72180	37	1.13
G11	Sample 83	2	1	10	77170	37	1.13
G11	Sample 83	2	1	11	82180	37	1.13
G11	Sample 83	2	1	12	87170	37	1.13
G11	Sample 83	2	1	13	92190	36.96	1.13
G11	Sample 83	2	1	14	97180	37	1.13
G11	Sample 83	2	1	15	102180	36.96	1.14
G12	Sample 84	2	1	1	32160	36.96	1.00
G12	Sample 84	2	1	2	37180	36.91	1.00
G12	Sample 84	2	1	3	42190	36.96	0.99
G12	Sample 84	2	1	4	47190	36.96	0.99
G12	Sample 84	2	1	5	52180	37	0.98
G12	Sample 84	2	1	6	57180	36.96	0.98
G12	Sample 84	2	1	7	62170	37	0.98
G12	Sample 84	2	1	8	67180	37	0.97
G12	Sample 84	2	1	9	72180	37	0.96
G12	Sample 84	2	1	10	77170	37	0.96
G12	Sample 84	2	1	11	82180	37	0.97
G12	Sample 84	2	1	12	87170	37	0.96
G12	Sample 84	2	1	13	92190	36.96	0.97
G12	Sample 84	2	1	14	97180	37	0.97
G12	Sample 84	2	1	15	102180	36.96	0.98
H1	Sample 85	2	1	1	32160	36.96	0.79
H1	Sample 85	2	1	2	37180	36.91	0.79
H1	Sample 85	2	1	3	42190	36.96	0.77
H1	Sample 85	2	1	4	47190	36.96	0.78
H1	Sample 85	2	1	5	52180	37	0.77
H1	Sample 85	2	1	6	57180	36.96	0.78
H1	Sample 85	2	1	7	62170	37	0.76
H1	Sample 85	2	1	8	67180	37	0.77
H1	Sample 85	2	1	9	72180	37	0.77
H1	Sample 85	2	1	10	77170	37	0.77
H1	Sample 85	2	1	11	82180	37	0.77
H1	Sample 85	2	1	12	87170	37	0.77
H1	Sample 85	2	1	13	92190	36.96	0.77
H1	Sample 85	2	1	14	97180	37	0.77
H1	Sample 85	2	1	15	102180	36.96	0.77
H2	Sample 86	2	1	1	32160	36.96	0.82
H2	Sample 86	2	1	2	37180	36.91	0.81
H2	Sample 86	2	1	3	42190	36.96	0.80
H2	Sample 86	2	1	4	47190	36.96	0.79
H2	Sample 86	2	1	5	52180	37	0.80
H2	Sample 86	2	1	6	57180	36.96	0.80
H2	Sample 86	2	1	7	62170	37	0.80
H2	Sample 86	2	1	8	67180	37	0.79
H2	Sample 86	2	1	9	72180	37	0.79
H2	Sample 86	2	1	10	77170	37	0.79
H2	Sample 86	2	1	11	82180	37	0.79
H2	Sample 86	2	1	12	87170	37	0.78
H2	Sample 86	2	1	13	92190	36.96	0.78
H2	Sample 86	2	1	14	97180	37	0.79
H2	Sample 86	2	1	15	102180	36.96	0.79
H3	Sample 87	2	1	1	32160	36.96	0.86
H3	Sample 87	2	1	2	37180	36.91	0.85
H3	Sample 87	2	1	3	42190	36.96	0.84
H3	Sample 87	2	1	4	47190	36.96	0.84
H3	Sample 87	2	1	5	52180	37	0.84
H3	Sample 87	2	1	6	57180	36.96	0.84
H3	Sample 87	2	1	7	62170	37	0.83
H3	Sample 87	2	1	8	67180	37	0.83
H3	Sample 87	2	1	9	72180	37	0.83
H3	Sample 87	2	1	10	77170	37	0.82
H3	Sample 87	2	1	11	82180	37	0.83
H3	Sample 87	2	1	12	87170	37	0.82
H3	Sample 87	2	1	13	92190	36.96	0.82
H3	Sample 87	2	1	14	97180	37	0.82
H3	Sample 87	2	1	15	102180	36.96	0.83
H4	Sample 88	2	1	1	32160	36.96	0.86
H4	Sample 88	2	1	2	37180	36.91	0.85
H4	Sample 88	2	1	3	42190	36.96	0.85
H4	Sample 88	2	1	4	47190	36.96	0.84
H4	Sample 88	2	1	5	52180	37	0.84
H4	Sample 88	2	1	6	57180	36.96	0.83
H4	Sample 88	2	1	7	62170	37	0.82
H4	Sample 88	2	1	8	67180	37	0.83
H4	Sample 88	2	1	9	72180	37	0.84
H4	Sample 88	2	1	10	77170	37	0.83
H4	Sample 88	2	1	11	82180	37	0.83
H4	Sample 88	2	1	12	87170	37	0.83
H4	Sample 88	2	1	13	92190	36.96	0.83
H4	Sample 88	2	1	14	97180	37	0.83
H4	Sample 88	2	1	15	102180	36.96	0.84
H5	Sample 89	2	1	1	32160	36.96	1.89
H5	Sample 89	2	1	2	37180	36.91	1.87
H5	Sample 89	2	1	3	42190	36.96	1.86
H5	Sample 89	2	1	4	47190	36.96	1.86
H5	Sample 89	2	1	5	52180	37	1.85
H5	Sample 89	2	1	6	57180	36.96	1.84
H5	Sample 89	2	1	7	62170	37	1.83
H5	Sample 89	2	1	8	67180	37	1.84
H5	Sample 89	2	1	9	72180	37	1.84
H5	Sample 89	2	1	10	77170	37	1.83
H5	Sample 89	2	1	11	82180	37	1.84
H5	Sample 89	2	1	12	87170	37	1.83
H5	Sample 89	2	1	13	92190	36.96	1.83
H5	Sample 89	2	1	14	97180	37	1.84
H5	Sample 89	2	1	15	102180	36.96	1.83
H6	Sample 90	2	1	1	32160	36.96	1.89
H6	Sample 90	2	1	2	37180	36.91	1.87
H6	Sample 90	2	1	3	42190	36.96	1.85
H6	Sample 90	2	1	4	47190	36.96	1.85
H6	Sample 90	2	1	5	52180	37	1.84
H6	Sample 90	2	1	6	57180	36.96	1.83
H6	Sample 90	2	1	7	62170	37	1.83
H6	Sample 90	2	1	8	67180	37	1.83
H6	Sample 90	2	1	9	72180	37	1.82
H6	Sample 90	2	1	10	77170	37	1.82
H6	Sample 90	2	1	11	82180	37	1.82
H6	Sample 90	2	1	12	87170	37	1.82
H6	Sample 90	2	1	13	92190	36.96	1.82
H6	Sample 90	2	1	14	97180	37	1.82
H6	Sample 90	2	1	15	102180	36.96	1.82
H7	Sample 91	2	1	1	32160	36.96	1.96
H7	Sample 91	2	1	2	37180	36.91	1.93
H7	Sample 91	2	1	3	42190	36.96	1.92
H7	Sample 91	2	1	4	47190	36.96	1.91
H7	Sample 91	2	1	5	52180	37	1.90
H7	Sample 91	2	1	6	57180	36.96	1.89
H7	Sample 91	2	1	7	62170	37	1.88
H7	Sample 91	2	1	8	67180	37	1.89
H7	Sample 91	2	1	9	72180	37	1.88
H7	Sample 91	2	1	10	77170	37	1.88
H7	Sample 91	2	1	11	82180	37	1.88
H7	Sample 91	2	1	12	87170	37	1.87
H7	Sample 91	2	1	13	92190	36.96	1.88
H7	Sample 91	2	1	14	97180	37	1.88
H7	Sample 91	2	1	15	102180	36.96	1.88
H8	Sample 92	2	1	1	32160	36.96	1.85
H8	Sample 92	2	1	2	37180	36.91	1.83
H8	Sample 92	2	1	3	42190	36.96	1.81
H8	Sample 92	2	1	4	47190	36.96	1.81
H8	Sample 92	2	1	5	52180	37	1.80
H8	Sample 92	2	1	6	57180	36.96	1.79
H8	Sample 92	2	1	7	62170	37	1.79
H8	Sample 92	2	1	8	67180	37	1.79
H8	Sample 92	2	1	9	72180	37	1.78
H8	Sample 92	2	1	10	77170	37	1.78
H8	Sample 92	2	1	11	82180	37	1.77
H8	Sample 92	2	1	12	87170	37	1.78
H8	Sample 92	2	1	13	92190	36.96	1.78
H8	Sample 92	2	1	14	97180	37	1.78
H8	Sample 92	2	1	15	102180	36.96	1.78
H9	Sample 93	2	1	1	32160	36.96	1.13
H9	Sample 93	2	1	2	37180	36.91	1.13
H9	Sample 93	2	1	3	42190	36.96	1.12
H9	Sample 93	2	1	4	47190	36.96	1.11
H9	Sample 93	2	1	5	52180	37	1.11
H9	Sample 93	2	1	6	57180	36.96	1.11
H9	Sample 93	2	1	7	62170	37	1.10
H9	Sample 93	2	1	8	67180	37	1.10
H9	Sample 93	2	1	9	72180	37	1.10
H9	Sample 93	2	1	10	77170	37	1.10
H9	Sample 93	2	1	11	82180	37	1.09
H9	Sample 93	2	1	12	87170	37	1.09
H9	Sample 93	2	1	13	92190	36.96	1.09
H9	Sample 93	2	1	14	97180	37	1.10
H9	Sample 93	2	1	15	102180	36.96	1.10
H10	Sample 94	2	1	1	32160	36.96	1.09
H10	Sample 94	2	1	2	37180	36.91	1.08
H10	Sample 94	2	1	3	42190	36.96	1.07
H10	Sample 94	2	1	4	47190	36.96	1.07
H10	Sample 94	2	1	5	52180	37	1.07
H10	Sample 94	2	1	6	57180	36.96	1.06
H10	Sample 94	2	1	7	62170	37	1.06
H10	Sample 94	2	1	8	67180	37	1.06
H10	Sample 94	2	1	9	72180	37	1.05
H10	Sample 94	2	1	10	77170	37	1.05
H10	Sample 94	2	1	11	82180	37	1.05
H10	Sample 94	2	1	12	87170	37	1.05
H10	Sample 94	2	1	13	92190	36.96	1.05
H10	Sample 94	2	1	14	97180	37	1.06
H10	Sample 94	2	1	15	102180	36.96	1.05
H11	Sample 95	2	1	1	32160	36.96	1.10
H11	Sample 95	2	1	2	37180	36.91	1.10
H11	Sample 95	2	1	3	42190	36.96	1.09
H11	Sample 95	2	1	4	47190	36.96	1.08
H11	Sample 95	2	1	5	52180	37	1.08
H11	Sample 95	2	1	6	57180	36.96	1.08
H11	Sample 95	2	1	7	62170	37	1.07
H11	Sample 95	2	1	8	67180	37	1.08
H11	Sample 95	2	1	9	72180	37	1.07
H11	Sample 95	2	1	10	77170	37	1.07
H11	Sample 95	2	1	11	82180	37	1.08
H11	Sample 95	2	1	12	87170	37	1.07
H11	Sample 95	2	1	13	92190	36.96	1.07
H11	Sample 95	2	1	14	97180	37	1.07
H11	Sample 95	2	1	15	102180	36.96	1.06
H12	Sample 96	2	1	1	32160	36.96	1.04
H12	Sample 96	2	1	2	37180	36.91	1.03
H12	Sample 96	2	1	3	42190	36.96	1.03
H12	Sample 96	2	1	4	47190	36.96	1.02
H12	Sample 96	2	1	5	52180	37	1.02
H12	Sample 96	2	1	6	57180	36.96	1.02
H12	Sample 96	2	1	7	62170	37	1.01
H12	Sample 96	2	1	8	67180	37	1.01
H12	Sample 96	2	1	9	72180	37	1.02
H12	Sample 96	2	1	10	77170	37	1.01
H12	Sample 96	2	1	11	82180	37	1.01
H12	Sample 96	2	1	12	87170	37	1.00
H12	Sample 96	2	1	13	92190	36.96	1.01
H12	Sample 96	2	1	14	97180	37	1.00
H12	Sample 96	2	1	15	102180	36.96	1.01
