Raw Data 		Experiment - evIC50_9_plate2_22APRIL2026 (Run on LCS480 1.5.1.62)
SamplePos	SampleName	Prog#	Seg#	Cycle#	Time	Temp	465-510	
A1	Sample 1	2	1	1	34750	36.86	0.50
A1	Sample 1	2	1	2	39770	36.91	0.49
A1	Sample 1	2	1	3	44760	36.96	0.49
A1	Sample 1	2	1	4	49770	36.96	0.50
A1	Sample 1	2	1	5	54770	36.96	0.49
A1	Sample 1	2	1	6	59770	36.96	0.49
A1	Sample 1	2	1	7	64770	36.96	0.49
A1	Sample 1	2	1	8	69770	37	0.49
A1	Sample 1	2	1	9	74770	36.96	0.48
A1	Sample 1	2	1	10	79780	36.96	0.49
A1	Sample 1	2	1	11	84780	36.96	0.49
A1	Sample 1	2	1	12	89770	36.96	0.48
A1	Sample 1	2	1	13	94770	37	0.48
A1	Sample 1	2	1	14	99770	37	0.48
A1	Sample 1	2	1	15	104770	36.96	0.48
A2	Sample 2	2	1	1	34750	36.86	0.50
A2	Sample 2	2	1	2	39770	36.91	0.49
A2	Sample 2	2	1	3	44760	36.96	0.48
A2	Sample 2	2	1	4	49770	36.96	0.48
A2	Sample 2	2	1	5	54770	36.96	0.49
A2	Sample 2	2	1	6	59770	36.96	0.48
A2	Sample 2	2	1	7	64770	36.96	0.48
A2	Sample 2	2	1	8	69770	37	0.48
A2	Sample 2	2	1	9	74770	36.96	0.48
A2	Sample 2	2	1	10	79780	36.96	0.48
A2	Sample 2	2	1	11	84780	36.96	0.47
A2	Sample 2	2	1	12	89770	36.96	0.47
A2	Sample 2	2	1	13	94770	37	0.47
A2	Sample 2	2	1	14	99770	37	0.47
A2	Sample 2	2	1	15	104770	36.96	0.47
A3	Sample 3	2	1	1	34750	36.86	0.54
A3	Sample 3	2	1	2	39770	36.91	0.54
A3	Sample 3	2	1	3	44760	36.96	0.52
A3	Sample 3	2	1	4	49770	36.96	0.52
A3	Sample 3	2	1	5	54770	36.96	0.53
A3	Sample 3	2	1	6	59770	36.96	0.52
A3	Sample 3	2	1	7	64770	36.96	0.53
A3	Sample 3	2	1	8	69770	37	0.52
A3	Sample 3	2	1	9	74770	36.96	0.52
A3	Sample 3	2	1	10	79780	36.96	0.52
A3	Sample 3	2	1	11	84780	36.96	0.52
A3	Sample 3	2	1	12	89770	36.96	0.52
A3	Sample 3	2	1	13	94770	37	0.52
A3	Sample 3	2	1	14	99770	37	0.52
A3	Sample 3	2	1	15	104770	36.96	0.52
A4	Sample 4	2	1	1	34750	36.86	0.54
A4	Sample 4	2	1	2	39770	36.91	0.54
A4	Sample 4	2	1	3	44760	36.96	0.53
A4	Sample 4	2	1	4	49770	36.96	0.53
A4	Sample 4	2	1	5	54770	36.96	0.53
A4	Sample 4	2	1	6	59770	36.96	0.53
A4	Sample 4	2	1	7	64770	36.96	0.53
A4	Sample 4	2	1	8	69770	37	0.53
A4	Sample 4	2	1	9	74770	36.96	0.52
A4	Sample 4	2	1	10	79780	36.96	0.52
A4	Sample 4	2	1	11	84780	36.96	0.52
A4	Sample 4	2	1	12	89770	36.96	0.52
A4	Sample 4	2	1	13	94770	37	0.52
A4	Sample 4	2	1	14	99770	37	0.52
A4	Sample 4	2	1	15	104770	36.96	0.52
A5	Sample 5	2	1	1	34750	36.86	0.69
A5	Sample 5	2	1	2	39770	36.91	0.68
A5	Sample 5	2	1	3	44760	36.96	0.67
A5	Sample 5	2	1	4	49770	36.96	0.67
A5	Sample 5	2	1	5	54770	36.96	0.68
A5	Sample 5	2	1	6	59770	36.96	0.68
A5	Sample 5	2	1	7	64770	36.96	0.67
A5	Sample 5	2	1	8	69770	37	0.67
A5	Sample 5	2	1	9	74770	36.96	0.67
A5	Sample 5	2	1	10	79780	36.96	0.67
A5	Sample 5	2	1	11	84780	36.96	0.66
A5	Sample 5	2	1	12	89770	36.96	0.67
A5	Sample 5	2	1	13	94770	37	0.67
A5	Sample 5	2	1	14	99770	37	0.66
A5	Sample 5	2	1	15	104770	36.96	0.66
A6	Sample 6	2	1	1	34750	36.86	0.68
A6	Sample 6	2	1	2	39770	36.91	0.68
A6	Sample 6	2	1	3	44760	36.96	0.67
A6	Sample 6	2	1	4	49770	36.96	0.67
A6	Sample 6	2	1	5	54770	36.96	0.66
A6	Sample 6	2	1	6	59770	36.96	0.66
A6	Sample 6	2	1	7	64770	36.96	0.67
A6	Sample 6	2	1	8	69770	37	0.67
A6	Sample 6	2	1	9	74770	36.96	0.66
A6	Sample 6	2	1	10	79780	36.96	0.66
A6	Sample 6	2	1	11	84780	36.96	0.65
A6	Sample 6	2	1	12	89770	36.96	0.66
A6	Sample 6	2	1	13	94770	37	0.66
A6	Sample 6	2	1	14	99770	37	0.66
A6	Sample 6	2	1	15	104770	36.96	0.66
A7	Sample 7	2	1	1	34750	36.86	0.70
A7	Sample 7	2	1	2	39770	36.91	0.70
A7	Sample 7	2	1	3	44760	36.96	0.68
A7	Sample 7	2	1	4	49770	36.96	0.68
A7	Sample 7	2	1	5	54770	36.96	0.69
A7	Sample 7	2	1	6	59770	36.96	0.68
A7	Sample 7	2	1	7	64770	36.96	0.68
A7	Sample 7	2	1	8	69770	37	0.68
A7	Sample 7	2	1	9	74770	36.96	0.67
A7	Sample 7	2	1	10	79780	36.96	0.68
A7	Sample 7	2	1	11	84780	36.96	0.68
A7	Sample 7	2	1	12	89770	36.96	0.67
A7	Sample 7	2	1	13	94770	37	0.68
A7	Sample 7	2	1	14	99770	37	0.67
A7	Sample 7	2	1	15	104770	36.96	0.67
A8	Sample 8	2	1	1	34750	36.86	0.66
A8	Sample 8	2	1	2	39770	36.91	0.66
A8	Sample 8	2	1	3	44760	36.96	0.65
A8	Sample 8	2	1	4	49770	36.96	0.65
A8	Sample 8	2	1	5	54770	36.96	0.65
A8	Sample 8	2	1	6	59770	36.96	0.64
A8	Sample 8	2	1	7	64770	36.96	0.64
A8	Sample 8	2	1	8	69770	37	0.64
A8	Sample 8	2	1	9	74770	36.96	0.64
A8	Sample 8	2	1	10	79780	36.96	0.63
A8	Sample 8	2	1	11	84780	36.96	0.63
A8	Sample 8	2	1	12	89770	36.96	0.63
A8	Sample 8	2	1	13	94770	37	0.64
A8	Sample 8	2	1	14	99770	37	0.63
A8	Sample 8	2	1	15	104770	36.96	0.64
A9	Sample 9	2	1	1	34750	36.86	0.53
A9	Sample 9	2	1	2	39770	36.91	0.53
A9	Sample 9	2	1	3	44760	36.96	0.53
A9	Sample 9	2	1	4	49770	36.96	0.52
A9	Sample 9	2	1	5	54770	36.96	0.53
A9	Sample 9	2	1	6	59770	36.96	0.52
A9	Sample 9	2	1	7	64770	36.96	0.52
A9	Sample 9	2	1	8	69770	37	0.52
A9	Sample 9	2	1	9	74770	36.96	0.51
A9	Sample 9	2	1	10	79780	36.96	0.52
A9	Sample 9	2	1	11	84780	36.96	0.51
A9	Sample 9	2	1	12	89770	36.96	0.51
A9	Sample 9	2	1	13	94770	37	0.51
A9	Sample 9	2	1	14	99770	37	0.51
A9	Sample 9	2	1	15	104770	36.96	0.51
A10	Sample 10	2	1	1	34750	36.86	0.51
A10	Sample 10	2	1	2	39770	36.91	0.50
A10	Sample 10	2	1	3	44760	36.96	0.50
A10	Sample 10	2	1	4	49770	36.96	0.50
A10	Sample 10	2	1	5	54770	36.96	0.50
A10	Sample 10	2	1	6	59770	36.96	0.49
A10	Sample 10	2	1	7	64770	36.96	0.49
A10	Sample 10	2	1	8	69770	37	0.49
A10	Sample 10	2	1	9	74770	36.96	0.48
A10	Sample 10	2	1	10	79780	36.96	0.49
A10	Sample 10	2	1	11	84780	36.96	0.49
A10	Sample 10	2	1	12	89770	36.96	0.48
A10	Sample 10	2	1	13	94770	37	0.48
A10	Sample 10	2	1	14	99770	37	0.48
A10	Sample 10	2	1	15	104770	36.96	0.49
A11	Sample 11	2	1	1	34750	36.86	0.53
A11	Sample 11	2	1	2	39770	36.91	0.52
A11	Sample 11	2	1	3	44760	36.96	0.52
A11	Sample 11	2	1	4	49770	36.96	0.52
A11	Sample 11	2	1	5	54770	36.96	0.52
A11	Sample 11	2	1	6	59770	36.96	0.52
A11	Sample 11	2	1	7	64770	36.96	0.52
A11	Sample 11	2	1	8	69770	37	0.52
A11	Sample 11	2	1	9	74770	36.96	0.51
A11	Sample 11	2	1	10	79780	36.96	0.51
A11	Sample 11	2	1	11	84780	36.96	0.51
A11	Sample 11	2	1	12	89770	36.96	0.51
A11	Sample 11	2	1	13	94770	37	0.51
A11	Sample 11	2	1	14	99770	37	0.51
A11	Sample 11	2	1	15	104770	36.96	0.51
A12	Sample 12	2	1	1	34750	36.86	0.48
A12	Sample 12	2	1	2	39770	36.91	0.47
A12	Sample 12	2	1	3	44760	36.96	0.47
A12	Sample 12	2	1	4	49770	36.96	0.47
A12	Sample 12	2	1	5	54770	36.96	0.47
A12	Sample 12	2	1	6	59770	36.96	0.46
A12	Sample 12	2	1	7	64770	36.96	0.47
A12	Sample 12	2	1	8	69770	37	0.46
A12	Sample 12	2	1	9	74770	36.96	0.46
A12	Sample 12	2	1	10	79780	36.96	0.46
A12	Sample 12	2	1	11	84780	36.96	0.46
A12	Sample 12	2	1	12	89770	36.96	0.46
A12	Sample 12	2	1	13	94770	37	0.46
A12	Sample 12	2	1	14	99770	37	0.45
A12	Sample 12	2	1	15	104770	36.96	0.46
B1	Sample 13	2	1	1	34750	36.86	0.46
B1	Sample 13	2	1	2	39770	36.91	0.46
B1	Sample 13	2	1	3	44760	36.96	0.46
B1	Sample 13	2	1	4	49770	36.96	0.46
B1	Sample 13	2	1	5	54770	36.96	0.46
B1	Sample 13	2	1	6	59770	36.96	0.46
B1	Sample 13	2	1	7	64770	36.96	0.46
B1	Sample 13	2	1	8	69770	37	0.46
B1	Sample 13	2	1	9	74770	36.96	0.46
B1	Sample 13	2	1	10	79780	36.96	0.45
B1	Sample 13	2	1	11	84780	36.96	0.45
B1	Sample 13	2	1	12	89770	36.96	0.45
B1	Sample 13	2	1	13	94770	37	0.46
B1	Sample 13	2	1	14	99770	37	0.45
B1	Sample 13	2	1	15	104770	36.96	0.44
B2	Sample 14	2	1	1	34750	36.86	0.46
B2	Sample 14	2	1	2	39770	36.91	0.46
B2	Sample 14	2	1	3	44760	36.96	0.45
B2	Sample 14	2	1	4	49770	36.96	0.45
B2	Sample 14	2	1	5	54770	36.96	0.45
B2	Sample 14	2	1	6	59770	36.96	0.45
B2	Sample 14	2	1	7	64770	36.96	0.45
B2	Sample 14	2	1	8	69770	37	0.45
B2	Sample 14	2	1	9	74770	36.96	0.45
B2	Sample 14	2	1	10	79780	36.96	0.44
B2	Sample 14	2	1	11	84780	36.96	0.44
B2	Sample 14	2	1	12	89770	36.96	0.44
B2	Sample 14	2	1	13	94770	37	0.45
B2	Sample 14	2	1	14	99770	37	0.44
B2	Sample 14	2	1	15	104770	36.96	0.44
B3	Sample 15	2	1	1	34750	36.86	0.51
B3	Sample 15	2	1	2	39770	36.91	0.50
B3	Sample 15	2	1	3	44760	36.96	0.50
B3	Sample 15	2	1	4	49770	36.96	0.50
B3	Sample 15	2	1	5	54770	36.96	0.50
B3	Sample 15	2	1	6	59770	36.96	0.50
B3	Sample 15	2	1	7	64770	36.96	0.49
B3	Sample 15	2	1	8	69770	37	0.50
B3	Sample 15	2	1	9	74770	36.96	0.50
B3	Sample 15	2	1	10	79780	36.96	0.49
B3	Sample 15	2	1	11	84780	36.96	0.49
B3	Sample 15	2	1	12	89770	36.96	0.49
B3	Sample 15	2	1	13	94770	37	0.49
B3	Sample 15	2	1	14	99770	37	0.49
B3	Sample 15	2	1	15	104770	36.96	0.49
B4	Sample 16	2	1	1	34750	36.86	0.52
B4	Sample 16	2	1	2	39770	36.91	0.51
B4	Sample 16	2	1	3	44760	36.96	0.50
B4	Sample 16	2	1	4	49770	36.96	0.50
B4	Sample 16	2	1	5	54770	36.96	0.50
B4	Sample 16	2	1	6	59770	36.96	0.50
B4	Sample 16	2	1	7	64770	36.96	0.49
B4	Sample 16	2	1	8	69770	37	0.50
B4	Sample 16	2	1	9	74770	36.96	0.49
B4	Sample 16	2	1	10	79780	36.96	0.49
B4	Sample 16	2	1	11	84780	36.96	0.49
B4	Sample 16	2	1	12	89770	36.96	0.49
B4	Sample 16	2	1	13	94770	37	0.50
B4	Sample 16	2	1	14	99770	37	0.49
B4	Sample 16	2	1	15	104770	36.96	0.49
B5	Sample 17	2	1	1	34750	36.86	0.65
B5	Sample 17	2	1	2	39770	36.91	0.64
B5	Sample 17	2	1	3	44760	36.96	0.64
B5	Sample 17	2	1	4	49770	36.96	0.63
B5	Sample 17	2	1	5	54770	36.96	0.63
B5	Sample 17	2	1	6	59770	36.96	0.63
B5	Sample 17	2	1	7	64770	36.96	0.62
B5	Sample 17	2	1	8	69770	37	0.62
B5	Sample 17	2	1	9	74770	36.96	0.62
B5	Sample 17	2	1	10	79780	36.96	0.62
B5	Sample 17	2	1	11	84780	36.96	0.62
B5	Sample 17	2	1	12	89770	36.96	0.62
B5	Sample 17	2	1	13	94770	37	0.62
B5	Sample 17	2	1	14	99770	37	0.62
B5	Sample 17	2	1	15	104770	36.96	0.62
B6	Sample 18	2	1	1	34750	36.86	0.63
B6	Sample 18	2	1	2	39770	36.91	0.62
B6	Sample 18	2	1	3	44760	36.96	0.61
B6	Sample 18	2	1	4	49770	36.96	0.61
B6	Sample 18	2	1	5	54770	36.96	0.61
B6	Sample 18	2	1	6	59770	36.96	0.61
B6	Sample 18	2	1	7	64770	36.96	0.61
B6	Sample 18	2	1	8	69770	37	0.61
B6	Sample 18	2	1	9	74770	36.96	0.60
B6	Sample 18	2	1	10	79780	36.96	0.60
B6	Sample 18	2	1	11	84780	36.96	0.60
B6	Sample 18	2	1	12	89770	36.96	0.60
B6	Sample 18	2	1	13	94770	37	0.61
B6	Sample 18	2	1	14	99770	37	0.61
B6	Sample 18	2	1	15	104770	36.96	0.60
B7	Sample 19	2	1	1	34750	36.86	0.68
B7	Sample 19	2	1	2	39770	36.91	0.67
B7	Sample 19	2	1	3	44760	36.96	0.65
B7	Sample 19	2	1	4	49770	36.96	0.66
B7	Sample 19	2	1	5	54770	36.96	0.65
B7	Sample 19	2	1	6	59770	36.96	0.65
B7	Sample 19	2	1	7	64770	36.96	0.65
B7	Sample 19	2	1	8	69770	37	0.65
B7	Sample 19	2	1	9	74770	36.96	0.65
B7	Sample 19	2	1	10	79780	36.96	0.65
B7	Sample 19	2	1	11	84780	36.96	0.65
B7	Sample 19	2	1	12	89770	36.96	0.64
B7	Sample 19	2	1	13	94770	37	0.65
B7	Sample 19	2	1	14	99770	37	0.65
B7	Sample 19	2	1	15	104770	36.96	0.64
B8	Sample 20	2	1	1	34750	36.86	0.62
B8	Sample 20	2	1	2	39770	36.91	0.62
B8	Sample 20	2	1	3	44760	36.96	0.61
B8	Sample 20	2	1	4	49770	36.96	0.60
B8	Sample 20	2	1	5	54770	36.96	0.60
B8	Sample 20	2	1	6	59770	36.96	0.60
B8	Sample 20	2	1	7	64770	36.96	0.60
B8	Sample 20	2	1	8	69770	37	0.60
B8	Sample 20	2	1	9	74770	36.96	0.60
B8	Sample 20	2	1	10	79780	36.96	0.60
B8	Sample 20	2	1	11	84780	36.96	0.61
B8	Sample 20	2	1	12	89770	36.96	0.59
B8	Sample 20	2	1	13	94770	37	0.60
B8	Sample 20	2	1	14	99770	37	0.60
B8	Sample 20	2	1	15	104770	36.96	0.60
B9	Sample 21	2	1	1	34750	36.86	0.49
B9	Sample 21	2	1	2	39770	36.91	0.48
B9	Sample 21	2	1	3	44760	36.96	0.48
B9	Sample 21	2	1	4	49770	36.96	0.48
B9	Sample 21	2	1	5	54770	36.96	0.48
B9	Sample 21	2	1	6	59770	36.96	0.48
B9	Sample 21	2	1	7	64770	36.96	0.48
B9	Sample 21	2	1	8	69770	37	0.48
B9	Sample 21	2	1	9	74770	36.96	0.47
B9	Sample 21	2	1	10	79780	36.96	0.47
B9	Sample 21	2	1	11	84780	36.96	0.47
B9	Sample 21	2	1	12	89770	36.96	0.47
B9	Sample 21	2	1	13	94770	37	0.48
B9	Sample 21	2	1	14	99770	37	0.47
B9	Sample 21	2	1	15	104770	36.96	0.47
B10	Sample 22	2	1	1	34750	36.86	0.48
B10	Sample 22	2	1	2	39770	36.91	0.47
B10	Sample 22	2	1	3	44760	36.96	0.47
B10	Sample 22	2	1	4	49770	36.96	0.47
B10	Sample 22	2	1	5	54770	36.96	0.47
B10	Sample 22	2	1	6	59770	36.96	0.47
B10	Sample 22	2	1	7	64770	36.96	0.46
B10	Sample 22	2	1	8	69770	37	0.46
B10	Sample 22	2	1	9	74770	36.96	0.47
B10	Sample 22	2	1	10	79780	36.96	0.46
B10	Sample 22	2	1	11	84780	36.96	0.46
B10	Sample 22	2	1	12	89770	36.96	0.46
B10	Sample 22	2	1	13	94770	37	0.46
B10	Sample 22	2	1	14	99770	37	0.47
B10	Sample 22	2	1	15	104770	36.96	0.46
B11	Sample 23	2	1	1	34750	36.86	0.52
B11	Sample 23	2	1	2	39770	36.91	0.52
B11	Sample 23	2	1	3	44760	36.96	0.51
B11	Sample 23	2	1	4	49770	36.96	0.51
B11	Sample 23	2	1	5	54770	36.96	0.51
B11	Sample 23	2	1	6	59770	36.96	0.51
B11	Sample 23	2	1	7	64770	36.96	0.51
B11	Sample 23	2	1	8	69770	37	0.51
B11	Sample 23	2	1	9	74770	36.96	0.51
B11	Sample 23	2	1	10	79780	36.96	0.51
B11	Sample 23	2	1	11	84780	36.96	0.51
B11	Sample 23	2	1	12	89770	36.96	0.50
B11	Sample 23	2	1	13	94770	37	0.51
B11	Sample 23	2	1	14	99770	37	0.51
B11	Sample 23	2	1	15	104770	36.96	0.51
B12	Sample 24	2	1	1	34750	36.86	0.48
B12	Sample 24	2	1	2	39770	36.91	0.47
B12	Sample 24	2	1	3	44760	36.96	0.47
B12	Sample 24	2	1	4	49770	36.96	0.46
B12	Sample 24	2	1	5	54770	36.96	0.47
B12	Sample 24	2	1	6	59770	36.96	0.46
B12	Sample 24	2	1	7	64770	36.96	0.46
B12	Sample 24	2	1	8	69770	37	0.46
B12	Sample 24	2	1	9	74770	36.96	0.46
B12	Sample 24	2	1	10	79780	36.96	0.45
B12	Sample 24	2	1	11	84780	36.96	0.45
B12	Sample 24	2	1	12	89770	36.96	0.45
B12	Sample 24	2	1	13	94770	37	0.46
B12	Sample 24	2	1	14	99770	37	0.46
B12	Sample 24	2	1	15	104770	36.96	0.45
C1	Sample 25	2	1	1	34750	36.86	0.48
C1	Sample 25	2	1	2	39770	36.91	0.47
C1	Sample 25	2	1	3	44760	36.96	0.47
C1	Sample 25	2	1	4	49770	36.96	0.47
C1	Sample 25	2	1	5	54770	36.96	0.47
C1	Sample 25	2	1	6	59770	36.96	0.47
C1	Sample 25	2	1	7	64770	36.96	0.47
C1	Sample 25	2	1	8	69770	37	0.46
C1	Sample 25	2	1	9	74770	36.96	0.46
C1	Sample 25	2	1	10	79780	36.96	0.46
C1	Sample 25	2	1	11	84780	36.96	0.46
C1	Sample 25	2	1	12	89770	36.96	0.46
C1	Sample 25	2	1	13	94770	37	0.46
C1	Sample 25	2	1	14	99770	37	0.47
C1	Sample 25	2	1	15	104770	36.96	0.47
C2	Sample 26	2	1	1	34750	36.86	0.48
C2	Sample 26	2	1	2	39770	36.91	0.46
C2	Sample 26	2	1	3	44760	36.96	0.46
C2	Sample 26	2	1	4	49770	36.96	0.46
C2	Sample 26	2	1	5	54770	36.96	0.46
C2	Sample 26	2	1	6	59770	36.96	0.46
C2	Sample 26	2	1	7	64770	36.96	0.46
C2	Sample 26	2	1	8	69770	37	0.46
C2	Sample 26	2	1	9	74770	36.96	0.45
C2	Sample 26	2	1	10	79780	36.96	0.46
C2	Sample 26	2	1	11	84780	36.96	0.45
C2	Sample 26	2	1	12	89770	36.96	0.46
C2	Sample 26	2	1	13	94770	37	0.45
C2	Sample 26	2	1	14	99770	37	0.46
C2	Sample 26	2	1	15	104770	36.96	0.45
C3	Sample 27	2	1	1	34750	36.86	0.50
C3	Sample 27	2	1	2	39770	36.91	0.49
C3	Sample 27	2	1	3	44760	36.96	0.49
C3	Sample 27	2	1	4	49770	36.96	0.49
C3	Sample 27	2	1	5	54770	36.96	0.48
C3	Sample 27	2	1	6	59770	36.96	0.49
C3	Sample 27	2	1	7	64770	36.96	0.48
C3	Sample 27	2	1	8	69770	37	0.49
C3	Sample 27	2	1	9	74770	36.96	0.49
C3	Sample 27	2	1	10	79780	36.96	0.49
C3	Sample 27	2	1	11	84780	36.96	0.48
C3	Sample 27	2	1	12	89770	36.96	0.49
C3	Sample 27	2	1	13	94770	37	0.48
C3	Sample 27	2	1	14	99770	37	0.49
C3	Sample 27	2	1	15	104770	36.96	0.49
C4	Sample 28	2	1	1	34750	36.86	0.51
C4	Sample 28	2	1	2	39770	36.91	0.50
C4	Sample 28	2	1	3	44760	36.96	0.50
C4	Sample 28	2	1	4	49770	36.96	0.50
C4	Sample 28	2	1	5	54770	36.96	0.49
C4	Sample 28	2	1	6	59770	36.96	0.50
C4	Sample 28	2	1	7	64770	36.96	0.49
C4	Sample 28	2	1	8	69770	37	0.49
C4	Sample 28	2	1	9	74770	36.96	0.49
C4	Sample 28	2	1	10	79780	36.96	0.49
C4	Sample 28	2	1	11	84780	36.96	0.49
C4	Sample 28	2	1	12	89770	36.96	0.49
C4	Sample 28	2	1	13	94770	37	0.49
C4	Sample 28	2	1	14	99770	37	0.50
C4	Sample 28	2	1	15	104770	36.96	0.49
C5	Sample 29	2	1	1	34750	36.86	0.63
C5	Sample 29	2	1	2	39770	36.91	0.62
C5	Sample 29	2	1	3	44760	36.96	0.62
C5	Sample 29	2	1	4	49770	36.96	0.61
C5	Sample 29	2	1	5	54770	36.96	0.60
C5	Sample 29	2	1	6	59770	36.96	0.60
C5	Sample 29	2	1	7	64770	36.96	0.60
C5	Sample 29	2	1	8	69770	37	0.60
C5	Sample 29	2	1	9	74770	36.96	0.59
C5	Sample 29	2	1	10	79780	36.96	0.60
C5	Sample 29	2	1	11	84780	36.96	0.59
C5	Sample 29	2	1	12	89770	36.96	0.60
C5	Sample 29	2	1	13	94770	37	0.60
C5	Sample 29	2	1	14	99770	37	0.60
C5	Sample 29	2	1	15	104770	36.96	0.60
C6	Sample 30	2	1	1	34750	36.86	0.65
C6	Sample 30	2	1	2	39770	36.91	0.64
C6	Sample 30	2	1	3	44760	36.96	0.64
C6	Sample 30	2	1	4	49770	36.96	0.64
C6	Sample 30	2	1	5	54770	36.96	0.63
C6	Sample 30	2	1	6	59770	36.96	0.63
C6	Sample 30	2	1	7	64770	36.96	0.63
C6	Sample 30	2	1	8	69770	37	0.63
C6	Sample 30	2	1	9	74770	36.96	0.64
C6	Sample 30	2	1	10	79780	36.96	0.64
C6	Sample 30	2	1	11	84780	36.96	0.63
C6	Sample 30	2	1	12	89770	36.96	0.63
C6	Sample 30	2	1	13	94770	37	0.63
C6	Sample 30	2	1	14	99770	37	0.64
C6	Sample 30	2	1	15	104770	36.96	0.63
C7	Sample 31	2	1	1	34750	36.86	0.67
C7	Sample 31	2	1	2	39770	36.91	0.65
C7	Sample 31	2	1	3	44760	36.96	0.66
C7	Sample 31	2	1	4	49770	36.96	0.66
C7	Sample 31	2	1	5	54770	36.96	0.65
C7	Sample 31	2	1	6	59770	36.96	0.66
C7	Sample 31	2	1	7	64770	36.96	0.65
C7	Sample 31	2	1	8	69770	37	0.66
C7	Sample 31	2	1	9	74770	36.96	0.64
C7	Sample 31	2	1	10	79780	36.96	0.65
C7	Sample 31	2	1	11	84780	36.96	0.64
C7	Sample 31	2	1	12	89770	36.96	0.65
C7	Sample 31	2	1	13	94770	37	0.64
C7	Sample 31	2	1	14	99770	37	0.65
C7	Sample 31	2	1	15	104770	36.96	0.65
C8	Sample 32	2	1	1	34750	36.86	0.63
C8	Sample 32	2	1	2	39770	36.91	0.62
C8	Sample 32	2	1	3	44760	36.96	0.61
C8	Sample 32	2	1	4	49770	36.96	0.61
C8	Sample 32	2	1	5	54770	36.96	0.60
C8	Sample 32	2	1	6	59770	36.96	0.61
C8	Sample 32	2	1	7	64770	36.96	0.60
C8	Sample 32	2	1	8	69770	37	0.61
C8	Sample 32	2	1	9	74770	36.96	0.60
C8	Sample 32	2	1	10	79780	36.96	0.60
C8	Sample 32	2	1	11	84780	36.96	0.60
C8	Sample 32	2	1	12	89770	36.96	0.61
C8	Sample 32	2	1	13	94770	37	0.60
C8	Sample 32	2	1	14	99770	37	0.60
C8	Sample 32	2	1	15	104770	36.96	0.60
C9	Sample 33	2	1	1	34750	36.86	0.49
C9	Sample 33	2	1	2	39770	36.91	0.49
C9	Sample 33	2	1	3	44760	36.96	0.49
C9	Sample 33	2	1	4	49770	36.96	0.49
C9	Sample 33	2	1	5	54770	36.96	0.48
C9	Sample 33	2	1	6	59770	36.96	0.49
C9	Sample 33	2	1	7	64770	36.96	0.48
C9	Sample 33	2	1	8	69770	37	0.48
C9	Sample 33	2	1	9	74770	36.96	0.48
C9	Sample 33	2	1	10	79780	36.96	0.48
C9	Sample 33	2	1	11	84780	36.96	0.47
C9	Sample 33	2	1	12	89770	36.96	0.48
C9	Sample 33	2	1	13	94770	37	0.48
C9	Sample 33	2	1	14	99770	37	0.47
C9	Sample 33	2	1	15	104770	36.96	0.48
C10	Sample 34	2	1	1	34750	36.86	0.47
C10	Sample 34	2	1	2	39770	36.91	0.47
C10	Sample 34	2	1	3	44760	36.96	0.46
C10	Sample 34	2	1	4	49770	36.96	0.46
C10	Sample 34	2	1	5	54770	36.96	0.46
C10	Sample 34	2	1	6	59770	36.96	0.46
C10	Sample 34	2	1	7	64770	36.96	0.46
C10	Sample 34	2	1	8	69770	37	0.45
C10	Sample 34	2	1	9	74770	36.96	0.45
C10	Sample 34	2	1	10	79780	36.96	0.46
C10	Sample 34	2	1	11	84780	36.96	0.45
C10	Sample 34	2	1	12	89770	36.96	0.45
C10	Sample 34	2	1	13	94770	37	0.45
C10	Sample 34	2	1	14	99770	37	0.45
C10	Sample 34	2	1	15	104770	36.96	0.45
C11	Sample 35	2	1	1	34750	36.86	0.49
C11	Sample 35	2	1	2	39770	36.91	0.49
C11	Sample 35	2	1	3	44760	36.96	0.49
C11	Sample 35	2	1	4	49770	36.96	0.49
C11	Sample 35	2	1	5	54770	36.96	0.49
C11	Sample 35	2	1	6	59770	36.96	0.49
C11	Sample 35	2	1	7	64770	36.96	0.49
C11	Sample 35	2	1	8	69770	37	0.49
C11	Sample 35	2	1	9	74770	36.96	0.49
C11	Sample 35	2	1	10	79780	36.96	0.49
C11	Sample 35	2	1	11	84780	36.96	0.48
C11	Sample 35	2	1	12	89770	36.96	0.48
C11	Sample 35	2	1	13	94770	37	0.48
C11	Sample 35	2	1	14	99770	37	0.48
C11	Sample 35	2	1	15	104770	36.96	0.48
C12	Sample 36	2	1	1	34750	36.86	0.47
C12	Sample 36	2	1	2	39770	36.91	0.47
C12	Sample 36	2	1	3	44760	36.96	0.47
C12	Sample 36	2	1	4	49770	36.96	0.47
C12	Sample 36	2	1	5	54770	36.96	0.46
C12	Sample 36	2	1	6	59770	36.96	0.47
C12	Sample 36	2	1	7	64770	36.96	0.47
C12	Sample 36	2	1	8	69770	37	0.47
C12	Sample 36	2	1	9	74770	36.96	0.47
C12	Sample 36	2	1	10	79780	36.96	0.47
C12	Sample 36	2	1	11	84780	36.96	0.46
C12	Sample 36	2	1	12	89770	36.96	0.47
C12	Sample 36	2	1	13	94770	37	0.46
C12	Sample 36	2	1	14	99770	37	0.46
C12	Sample 36	2	1	15	104770	36.96	0.47
D1	Sample 37	2	1	1	34750	36.86	0.49
D1	Sample 37	2	1	2	39770	36.91	0.48
D1	Sample 37	2	1	3	44760	36.96	0.48
D1	Sample 37	2	1	4	49770	36.96	0.49
D1	Sample 37	2	1	5	54770	36.96	0.48
D1	Sample 37	2	1	6	59770	36.96	0.48
D1	Sample 37	2	1	7	64770	36.96	0.48
D1	Sample 37	2	1	8	69770	37	0.47
D1	Sample 37	2	1	9	74770	36.96	0.48
D1	Sample 37	2	1	10	79780	36.96	0.47
D1	Sample 37	2	1	11	84780	36.96	0.47
D1	Sample 37	2	1	12	89770	36.96	0.48
D1	Sample 37	2	1	13	94770	37	0.48
D1	Sample 37	2	1	14	99770	37	0.47
D1	Sample 37	2	1	15	104770	36.96	0.47
D2	Sample 38	2	1	1	34750	36.86	0.48
D2	Sample 38	2	1	2	39770	36.91	0.47
D2	Sample 38	2	1	3	44760	36.96	0.47
D2	Sample 38	2	1	4	49770	36.96	0.47
D2	Sample 38	2	1	5	54770	36.96	0.47
D2	Sample 38	2	1	6	59770	36.96	0.46
D2	Sample 38	2	1	7	64770	36.96	0.46
D2	Sample 38	2	1	8	69770	37	0.46
D2	Sample 38	2	1	9	74770	36.96	0.46
D2	Sample 38	2	1	10	79780	36.96	0.46
D2	Sample 38	2	1	11	84780	36.96	0.45
D2	Sample 38	2	1	12	89770	36.96	0.46
D2	Sample 38	2	1	13	94770	37	0.46
D2	Sample 38	2	1	14	99770	37	0.45
D2	Sample 38	2	1	15	104770	36.96	0.46
D3	Sample 39	2	1	1	34750	36.86	0.50
D3	Sample 39	2	1	2	39770	36.91	0.50
D3	Sample 39	2	1	3	44760	36.96	0.50
D3	Sample 39	2	1	4	49770	36.96	0.49
D3	Sample 39	2	1	5	54770	36.96	0.50
D3	Sample 39	2	1	6	59770	36.96	0.49
D3	Sample 39	2	1	7	64770	36.96	0.49
D3	Sample 39	2	1	8	69770	37	0.49
D3	Sample 39	2	1	9	74770	36.96	0.49
D3	Sample 39	2	1	10	79780	36.96	0.48
D3	Sample 39	2	1	11	84780	36.96	0.49
D3	Sample 39	2	1	12	89770	36.96	0.49
D3	Sample 39	2	1	13	94770	37	0.49
D3	Sample 39	2	1	14	99770	37	0.48
D3	Sample 39	2	1	15	104770	36.96	0.49
D4	Sample 40	2	1	1	34750	36.86	0.49
D4	Sample 40	2	1	2	39770	36.91	0.49
D4	Sample 40	2	1	3	44760	36.96	0.49
D4	Sample 40	2	1	4	49770	36.96	0.48
D4	Sample 40	2	1	5	54770	36.96	0.48
D4	Sample 40	2	1	6	59770	36.96	0.48
D4	Sample 40	2	1	7	64770	36.96	0.48
D4	Sample 40	2	1	8	69770	37	0.48
D4	Sample 40	2	1	9	74770	36.96	0.48
D4	Sample 40	2	1	10	79780	36.96	0.47
D4	Sample 40	2	1	11	84780	36.96	0.47
D4	Sample 40	2	1	12	89770	36.96	0.47
D4	Sample 40	2	1	13	94770	37	0.48
D4	Sample 40	2	1	14	99770	37	0.47
D4	Sample 40	2	1	15	104770	36.96	0.48
D5	Sample 41	2	1	1	34750	36.86	0.63
D5	Sample 41	2	1	2	39770	36.91	0.61
D5	Sample 41	2	1	3	44760	36.96	0.61
D5	Sample 41	2	1	4	49770	36.96	0.61
D5	Sample 41	2	1	5	54770	36.96	0.61
D5	Sample 41	2	1	6	59770	36.96	0.60
D5	Sample 41	2	1	7	64770	36.96	0.60
D5	Sample 41	2	1	8	69770	37	0.60
D5	Sample 41	2	1	9	74770	36.96	0.60
D5	Sample 41	2	1	10	79780	36.96	0.60
D5	Sample 41	2	1	11	84780	36.96	0.59
D5	Sample 41	2	1	12	89770	36.96	0.60
D5	Sample 41	2	1	13	94770	37	0.60
D5	Sample 41	2	1	14	99770	37	0.59
D5	Sample 41	2	1	15	104770	36.96	0.60
D6	Sample 42	2	1	1	34750	36.86	0.62
D6	Sample 42	2	1	2	39770	36.91	0.61
D6	Sample 42	2	1	3	44760	36.96	0.61
D6	Sample 42	2	1	4	49770	36.96	0.61
D6	Sample 42	2	1	5	54770	36.96	0.61
D6	Sample 42	2	1	6	59770	36.96	0.59
D6	Sample 42	2	1	7	64770	36.96	0.60
D6	Sample 42	2	1	8	69770	37	0.60
D6	Sample 42	2	1	9	74770	36.96	0.60
D6	Sample 42	2	1	10	79780	36.96	0.59
D6	Sample 42	2	1	11	84780	36.96	0.59
D6	Sample 42	2	1	12	89770	36.96	0.59
D6	Sample 42	2	1	13	94770	37	0.60
D6	Sample 42	2	1	14	99770	37	0.59
D6	Sample 42	2	1	15	104770	36.96	0.59
D7	Sample 43	2	1	1	34750	36.86	0.85
D7	Sample 43	2	1	2	39770	36.91	0.85
D7	Sample 43	2	1	3	44760	36.96	0.84
D7	Sample 43	2	1	4	49770	36.96	0.84
D7	Sample 43	2	1	5	54770	36.96	0.84
D7	Sample 43	2	1	6	59770	36.96	0.83
D7	Sample 43	2	1	7	64770	36.96	0.83
D7	Sample 43	2	1	8	69770	37	0.83
D7	Sample 43	2	1	9	74770	36.96	0.83
D7	Sample 43	2	1	10	79780	36.96	0.82
D7	Sample 43	2	1	11	84780	36.96	0.82
D7	Sample 43	2	1	12	89770	36.96	0.83
D7	Sample 43	2	1	13	94770	37	0.83
D7	Sample 43	2	1	14	99770	37	0.82
D7	Sample 43	2	1	15	104770	36.96	0.82
D8	Sample 44	2	1	1	34750	36.86	0.81
D8	Sample 44	2	1	2	39770	36.91	0.81
D8	Sample 44	2	1	3	44760	36.96	0.80
D8	Sample 44	2	1	4	49770	36.96	0.79
D8	Sample 44	2	1	5	54770	36.96	0.80
D8	Sample 44	2	1	6	59770	36.96	0.78
D8	Sample 44	2	1	7	64770	36.96	0.78
D8	Sample 44	2	1	8	69770	37	0.79
D8	Sample 44	2	1	9	74770	36.96	0.78
D8	Sample 44	2	1	10	79780	36.96	0.78
D8	Sample 44	2	1	11	84780	36.96	0.78
D8	Sample 44	2	1	12	89770	36.96	0.78
D8	Sample 44	2	1	13	94770	37	0.79
D8	Sample 44	2	1	14	99770	37	0.78
D8	Sample 44	2	1	15	104770	36.96	0.79
D9	Sample 45	2	1	1	34750	36.86	0.49
D9	Sample 45	2	1	2	39770	36.91	0.49
D9	Sample 45	2	1	3	44760	36.96	0.49
D9	Sample 45	2	1	4	49770	36.96	0.48
D9	Sample 45	2	1	5	54770	36.96	0.49
D9	Sample 45	2	1	6	59770	36.96	0.48
D9	Sample 45	2	1	7	64770	36.96	0.48
D9	Sample 45	2	1	8	69770	37	0.48
D9	Sample 45	2	1	9	74770	36.96	0.48
D9	Sample 45	2	1	10	79780	36.96	0.47
D9	Sample 45	2	1	11	84780	36.96	0.47
D9	Sample 45	2	1	12	89770	36.96	0.47
D9	Sample 45	2	1	13	94770	37	0.48
D9	Sample 45	2	1	14	99770	37	0.47
D9	Sample 45	2	1	15	104770	36.96	0.48
D10	Sample 46	2	1	1	34750	36.86	0.48
D10	Sample 46	2	1	2	39770	36.91	0.48
D10	Sample 46	2	1	3	44760	36.96	0.48
D10	Sample 46	2	1	4	49770	36.96	0.48
D10	Sample 46	2	1	5	54770	36.96	0.47
D10	Sample 46	2	1	6	59770	36.96	0.48
D10	Sample 46	2	1	7	64770	36.96	0.47
D10	Sample 46	2	1	8	69770	37	0.47
D10	Sample 46	2	1	9	74770	36.96	0.47
D10	Sample 46	2	1	10	79780	36.96	0.46
D10	Sample 46	2	1	11	84780	36.96	0.46
D10	Sample 46	2	1	12	89770	36.96	0.46
D10	Sample 46	2	1	13	94770	37	0.46
D10	Sample 46	2	1	14	99770	37	0.46
D10	Sample 46	2	1	15	104770	36.96	0.47
D11	Sample 47	2	1	1	34750	36.86	0.49
D11	Sample 47	2	1	2	39770	36.91	0.48
D11	Sample 47	2	1	3	44760	36.96	0.49
D11	Sample 47	2	1	4	49770	36.96	0.49
D11	Sample 47	2	1	5	54770	36.96	0.49
D11	Sample 47	2	1	6	59770	36.96	0.48
D11	Sample 47	2	1	7	64770	36.96	0.49
D11	Sample 47	2	1	8	69770	37	0.49
D11	Sample 47	2	1	9	74770	36.96	0.49
D11	Sample 47	2	1	10	79780	36.96	0.48
D11	Sample 47	2	1	11	84780	36.96	0.48
D11	Sample 47	2	1	12	89770	36.96	0.49
D11	Sample 47	2	1	13	94770	37	0.49
D11	Sample 47	2	1	14	99770	37	0.49
D11	Sample 47	2	1	15	104770	36.96	0.48
D12	Sample 48	2	1	1	34750	36.86	0.46
D12	Sample 48	2	1	2	39770	36.91	0.45
D12	Sample 48	2	1	3	44760	36.96	0.46
D12	Sample 48	2	1	4	49770	36.96	0.45
D12	Sample 48	2	1	5	54770	36.96	0.45
D12	Sample 48	2	1	6	59770	36.96	0.44
D12	Sample 48	2	1	7	64770	36.96	0.45
D12	Sample 48	2	1	8	69770	37	0.45
D12	Sample 48	2	1	9	74770	36.96	0.44
D12	Sample 48	2	1	10	79780	36.96	0.44
D12	Sample 48	2	1	11	84780	36.96	0.44
D12	Sample 48	2	1	12	89770	36.96	0.45
D12	Sample 48	2	1	13	94770	37	0.44
D12	Sample 48	2	1	14	99770	37	0.44
D12	Sample 48	2	1	15	104770	36.96	0.44
E1	Sample 49	2	1	1	34750	36.86	0.51
E1	Sample 49	2	1	2	39770	36.91	0.51
E1	Sample 49	2	1	3	44760	36.96	0.50
E1	Sample 49	2	1	4	49770	36.96	0.50
E1	Sample 49	2	1	5	54770	36.96	0.51
E1	Sample 49	2	1	6	59770	36.96	0.50
E1	Sample 49	2	1	7	64770	36.96	0.50
E1	Sample 49	2	1	8	69770	37	0.50
E1	Sample 49	2	1	9	74770	36.96	0.50
E1	Sample 49	2	1	10	79780	36.96	0.50
E1	Sample 49	2	1	11	84780	36.96	0.49
E1	Sample 49	2	1	12	89770	36.96	0.49
E1	Sample 49	2	1	13	94770	37	0.50
E1	Sample 49	2	1	14	99770	37	0.50
E1	Sample 49	2	1	15	104770	36.96	0.49
E2	Sample 50	2	1	1	34750	36.86	0.48
E2	Sample 50	2	1	2	39770	36.91	0.47
E2	Sample 50	2	1	3	44760	36.96	0.47
E2	Sample 50	2	1	4	49770	36.96	0.47
E2	Sample 50	2	1	5	54770	36.96	0.47
E2	Sample 50	2	1	6	59770	36.96	0.47
E2	Sample 50	2	1	7	64770	36.96	0.47
E2	Sample 50	2	1	8	69770	37	0.47
E2	Sample 50	2	1	9	74770	36.96	0.46
E2	Sample 50	2	1	10	79780	36.96	0.47
E2	Sample 50	2	1	11	84780	36.96	0.46
E2	Sample 50	2	1	12	89770	36.96	0.47
E2	Sample 50	2	1	13	94770	37	0.46
E2	Sample 50	2	1	14	99770	37	0.46
E2	Sample 50	2	1	15	104770	36.96	0.46
E3	Sample 51	2	1	1	34750	36.86	0.53
E3	Sample 51	2	1	2	39770	36.91	0.52
E3	Sample 51	2	1	3	44760	36.96	0.52
E3	Sample 51	2	1	4	49770	36.96	0.51
E3	Sample 51	2	1	5	54770	36.96	0.52
E3	Sample 51	2	1	6	59770	36.96	0.51
E3	Sample 51	2	1	7	64770	36.96	0.51
E3	Sample 51	2	1	8	69770	37	0.51
E3	Sample 51	2	1	9	74770	36.96	0.51
E3	Sample 51	2	1	10	79780	36.96	0.51
E3	Sample 51	2	1	11	84780	36.96	0.51
E3	Sample 51	2	1	12	89770	36.96	0.51
E3	Sample 51	2	1	13	94770	37	0.51
E3	Sample 51	2	1	14	99770	37	0.51
E3	Sample 51	2	1	15	104770	36.96	0.51
E4	Sample 52	2	1	1	34750	36.86	0.54
E4	Sample 52	2	1	2	39770	36.91	0.52
E4	Sample 52	2	1	3	44760	36.96	0.52
E4	Sample 52	2	1	4	49770	36.96	0.52
E4	Sample 52	2	1	5	54770	36.96	0.52
E4	Sample 52	2	1	6	59770	36.96	0.52
E4	Sample 52	2	1	7	64770	36.96	0.52
E4	Sample 52	2	1	8	69770	37	0.52
E4	Sample 52	2	1	9	74770	36.96	0.51
E4	Sample 52	2	1	10	79780	36.96	0.51
E4	Sample 52	2	1	11	84780	36.96	0.51
E4	Sample 52	2	1	12	89770	36.96	0.51
E4	Sample 52	2	1	13	94770	37	0.51
E4	Sample 52	2	1	14	99770	37	0.52
E4	Sample 52	2	1	15	104770	36.96	0.52
E5	Sample 53	2	1	1	34750	36.86	0.67
E5	Sample 53	2	1	2	39770	36.91	0.66
E5	Sample 53	2	1	3	44760	36.96	0.65
E5	Sample 53	2	1	4	49770	36.96	0.65
E5	Sample 53	2	1	5	54770	36.96	0.65
E5	Sample 53	2	1	6	59770	36.96	0.65
E5	Sample 53	2	1	7	64770	36.96	0.65
E5	Sample 53	2	1	8	69770	37	0.65
E5	Sample 53	2	1	9	74770	36.96	0.64
E5	Sample 53	2	1	10	79780	36.96	0.65
E5	Sample 53	2	1	11	84780	36.96	0.64
E5	Sample 53	2	1	12	89770	36.96	0.64
E5	Sample 53	2	1	13	94770	37	0.64
E5	Sample 53	2	1	14	99770	37	0.64
E5	Sample 53	2	1	15	104770	36.96	0.64
E6	Sample 54	2	1	1	34750	36.86	0.65
E6	Sample 54	2	1	2	39770	36.91	0.65
E6	Sample 54	2	1	3	44760	36.96	0.64
E6	Sample 54	2	1	4	49770	36.96	0.65
E6	Sample 54	2	1	5	54770	36.96	0.64
E6	Sample 54	2	1	6	59770	36.96	0.64
E6	Sample 54	2	1	7	64770	36.96	0.64
E6	Sample 54	2	1	8	69770	37	0.63
E6	Sample 54	2	1	9	74770	36.96	0.63
E6	Sample 54	2	1	10	79780	36.96	0.63
E6	Sample 54	2	1	11	84780	36.96	0.63
E6	Sample 54	2	1	12	89770	36.96	0.63
E6	Sample 54	2	1	13	94770	37	0.63
E6	Sample 54	2	1	14	99770	37	0.63
E6	Sample 54	2	1	15	104770	36.96	0.62
E7	Sample 55	2	1	1	34750	36.86	0.90
E7	Sample 55	2	1	2	39770	36.91	0.89
E7	Sample 55	2	1	3	44760	36.96	0.88
E7	Sample 55	2	1	4	49770	36.96	0.88
E7	Sample 55	2	1	5	54770	36.96	0.87
E7	Sample 55	2	1	6	59770	36.96	0.87
E7	Sample 55	2	1	7	64770	36.96	0.87
E7	Sample 55	2	1	8	69770	37	0.87
E7	Sample 55	2	1	9	74770	36.96	0.86
E7	Sample 55	2	1	10	79780	36.96	0.87
E7	Sample 55	2	1	11	84780	36.96	0.86
E7	Sample 55	2	1	12	89770	36.96	0.86
E7	Sample 55	2	1	13	94770	37	0.86
E7	Sample 55	2	1	14	99770	37	0.86
E7	Sample 55	2	1	15	104770	36.96	0.87
E8	Sample 56	2	1	1	34750	36.86	0.84
E8	Sample 56	2	1	2	39770	36.91	0.82
E8	Sample 56	2	1	3	44760	36.96	0.82
E8	Sample 56	2	1	4	49770	36.96	0.81
E8	Sample 56	2	1	5	54770	36.96	0.81
E8	Sample 56	2	1	6	59770	36.96	0.80
E8	Sample 56	2	1	7	64770	36.96	0.80
E8	Sample 56	2	1	8	69770	37	0.80
E8	Sample 56	2	1	9	74770	36.96	0.79
E8	Sample 56	2	1	10	79780	36.96	0.80
E8	Sample 56	2	1	11	84780	36.96	0.80
E8	Sample 56	2	1	12	89770	36.96	0.80
E8	Sample 56	2	1	13	94770	37	0.79
E8	Sample 56	2	1	14	99770	37	0.80
E8	Sample 56	2	1	15	104770	36.96	0.80
E9	Sample 57	2	1	1	34750	36.86	0.50
E9	Sample 57	2	1	2	39770	36.91	0.49
E9	Sample 57	2	1	3	44760	36.96	0.49
E9	Sample 57	2	1	4	49770	36.96	0.49
E9	Sample 57	2	1	5	54770	36.96	0.48
E9	Sample 57	2	1	6	59770	36.96	0.48
E9	Sample 57	2	1	7	64770	36.96	0.48
E9	Sample 57	2	1	8	69770	37	0.49
E9	Sample 57	2	1	9	74770	36.96	0.48
E9	Sample 57	2	1	10	79780	36.96	0.48
E9	Sample 57	2	1	11	84780	36.96	0.48
E9	Sample 57	2	1	12	89770	36.96	0.48
E9	Sample 57	2	1	13	94770	37	0.47
E9	Sample 57	2	1	14	99770	37	0.48
E9	Sample 57	2	1	15	104770	36.96	0.48
E10	Sample 58	2	1	1	34750	36.86	0.48
E10	Sample 58	2	1	2	39770	36.91	0.47
E10	Sample 58	2	1	3	44760	36.96	0.47
E10	Sample 58	2	1	4	49770	36.96	0.47
E10	Sample 58	2	1	5	54770	36.96	0.47
E10	Sample 58	2	1	6	59770	36.96	0.47
E10	Sample 58	2	1	7	64770	36.96	0.47
E10	Sample 58	2	1	8	69770	37	0.47
E10	Sample 58	2	1	9	74770	36.96	0.46
E10	Sample 58	2	1	10	79780	36.96	0.47
E10	Sample 58	2	1	11	84780	36.96	0.47
E10	Sample 58	2	1	12	89770	36.96	0.46
E10	Sample 58	2	1	13	94770	37	0.46
E10	Sample 58	2	1	14	99770	37	0.46
E10	Sample 58	2	1	15	104770	36.96	0.46
E11	Sample 59	2	1	1	34750	36.86	0.74
E11	Sample 59	2	1	2	39770	36.91	0.72
E11	Sample 59	2	1	3	44760	36.96	0.72
E11	Sample 59	2	1	4	49770	36.96	0.72
E11	Sample 59	2	1	5	54770	36.96	0.72
E11	Sample 59	2	1	6	59770	36.96	0.72
E11	Sample 59	2	1	7	64770	36.96	0.71
E11	Sample 59	2	1	8	69770	37	0.71
E11	Sample 59	2	1	9	74770	36.96	0.71
E11	Sample 59	2	1	10	79780	36.96	0.71
E11	Sample 59	2	1	11	84780	36.96	0.71
E11	Sample 59	2	1	12	89770	36.96	0.71
E11	Sample 59	2	1	13	94770	37	0.71
E11	Sample 59	2	1	14	99770	37	0.71
E11	Sample 59	2	1	15	104770	36.96	0.71
E12	Sample 60	2	1	1	34750	36.86	0.76
E12	Sample 60	2	1	2	39770	36.91	0.76
E12	Sample 60	2	1	3	44760	36.96	0.76
E12	Sample 60	2	1	4	49770	36.96	0.75
E12	Sample 60	2	1	5	54770	36.96	0.75
E12	Sample 60	2	1	6	59770	36.96	0.75
E12	Sample 60	2	1	7	64770	36.96	0.74
E12	Sample 60	2	1	8	69770	37	0.74
E12	Sample 60	2	1	9	74770	36.96	0.74
E12	Sample 60	2	1	10	79780	36.96	0.74
E12	Sample 60	2	1	11	84780	36.96	0.74
E12	Sample 60	2	1	12	89770	36.96	0.74
E12	Sample 60	2	1	13	94770	37	0.74
E12	Sample 60	2	1	14	99770	37	0.73
E12	Sample 60	2	1	15	104770	36.96	0.73
F1	Sample 61	2	1	1	34750	36.86	0.54
F1	Sample 61	2	1	2	39770	36.91	0.53
F1	Sample 61	2	1	3	44760	36.96	0.54
F1	Sample 61	2	1	4	49770	36.96	0.53
F1	Sample 61	2	1	5	54770	36.96	0.53
F1	Sample 61	2	1	6	59770	36.96	0.53
F1	Sample 61	2	1	7	64770	36.96	0.53
F1	Sample 61	2	1	8	69770	37	0.53
F1	Sample 61	2	1	9	74770	36.96	0.52
F1	Sample 61	2	1	10	79780	36.96	0.53
F1	Sample 61	2	1	11	84780	36.96	0.52
F1	Sample 61	2	1	12	89770	36.96	0.52
F1	Sample 61	2	1	13	94770	37	0.52
F1	Sample 61	2	1	14	99770	37	0.51
F1	Sample 61	2	1	15	104770	36.96	0.53
F2	Sample 62	2	1	1	34750	36.86	0.51
F2	Sample 62	2	1	2	39770	36.91	0.51
F2	Sample 62	2	1	3	44760	36.96	0.51
F2	Sample 62	2	1	4	49770	36.96	0.51
F2	Sample 62	2	1	5	54770	36.96	0.51
F2	Sample 62	2	1	6	59770	36.96	0.50
F2	Sample 62	2	1	7	64770	36.96	0.51
F2	Sample 62	2	1	8	69770	37	0.50
F2	Sample 62	2	1	9	74770	36.96	0.50
F2	Sample 62	2	1	10	79780	36.96	0.51
F2	Sample 62	2	1	11	84780	36.96	0.50
F2	Sample 62	2	1	12	89770	36.96	0.50
F2	Sample 62	2	1	13	94770	37	0.50
F2	Sample 62	2	1	14	99770	37	0.49
F2	Sample 62	2	1	15	104770	36.96	0.50
F3	Sample 63	2	1	1	34750	36.86	0.55
F3	Sample 63	2	1	2	39770	36.91	0.55
F3	Sample 63	2	1	3	44760	36.96	0.55
F3	Sample 63	2	1	4	49770	36.96	0.55
F3	Sample 63	2	1	5	54770	36.96	0.55
F3	Sample 63	2	1	6	59770	36.96	0.54
F3	Sample 63	2	1	7	64770	36.96	0.54
F3	Sample 63	2	1	8	69770	37	0.54
F3	Sample 63	2	1	9	74770	36.96	0.55
F3	Sample 63	2	1	10	79780	36.96	0.54
F3	Sample 63	2	1	11	84780	36.96	0.54
F3	Sample 63	2	1	12	89770	36.96	0.53
F3	Sample 63	2	1	13	94770	37	0.54
F3	Sample 63	2	1	14	99770	37	0.54
F3	Sample 63	2	1	15	104770	36.96	0.54
F4	Sample 64	2	1	1	34750	36.86	0.55
F4	Sample 64	2	1	2	39770	36.91	0.55
F4	Sample 64	2	1	3	44760	36.96	0.55
F4	Sample 64	2	1	4	49770	36.96	0.55
F4	Sample 64	2	1	5	54770	36.96	0.55
F4	Sample 64	2	1	6	59770	36.96	0.54
F4	Sample 64	2	1	7	64770	36.96	0.54
F4	Sample 64	2	1	8	69770	37	0.54
F4	Sample 64	2	1	9	74770	36.96	0.54
F4	Sample 64	2	1	10	79780	36.96	0.54
F4	Sample 64	2	1	11	84780	36.96	0.54
F4	Sample 64	2	1	12	89770	36.96	0.53
F4	Sample 64	2	1	13	94770	37	0.54
F4	Sample 64	2	1	14	99770	37	0.54
F4	Sample 64	2	1	15	104770	36.96	0.54
F5	Sample 65	2	1	1	34750	36.86	0.84
F5	Sample 65	2	1	2	39770	36.91	0.82
F5	Sample 65	2	1	3	44760	36.96	0.82
F5	Sample 65	2	1	4	49770	36.96	0.82
F5	Sample 65	2	1	5	54770	36.96	0.81
F5	Sample 65	2	1	6	59770	36.96	0.81
F5	Sample 65	2	1	7	64770	36.96	0.81
F5	Sample 65	2	1	8	69770	37	0.81
F5	Sample 65	2	1	9	74770	36.96	0.80
F5	Sample 65	2	1	10	79780	36.96	0.80
F5	Sample 65	2	1	11	84780	36.96	0.81
F5	Sample 65	2	1	12	89770	36.96	0.80
F5	Sample 65	2	1	13	94770	37	0.80
F5	Sample 65	2	1	14	99770	37	0.80
F5	Sample 65	2	1	15	104770	36.96	0.81
F6	Sample 66	2	1	1	34750	36.86	0.79
F6	Sample 66	2	1	2	39770	36.91	0.78
F6	Sample 66	2	1	3	44760	36.96	0.78
F6	Sample 66	2	1	4	49770	36.96	0.77
F6	Sample 66	2	1	5	54770	36.96	0.77
F6	Sample 66	2	1	6	59770	36.96	0.77
F6	Sample 66	2	1	7	64770	36.96	0.76
F6	Sample 66	2	1	8	69770	37	0.77
F6	Sample 66	2	1	9	74770	36.96	0.76
F6	Sample 66	2	1	10	79780	36.96	0.76
F6	Sample 66	2	1	11	84780	36.96	0.75
F6	Sample 66	2	1	12	89770	36.96	0.76
F6	Sample 66	2	1	13	94770	37	0.76
F6	Sample 66	2	1	14	99770	37	0.76
F6	Sample 66	2	1	15	104770	36.96	0.77
F7	Sample 67	2	1	1	34750	36.86	0.95
F7	Sample 67	2	1	2	39770	36.91	0.95
F7	Sample 67	2	1	3	44760	36.96	0.94
F7	Sample 67	2	1	4	49770	36.96	0.94
F7	Sample 67	2	1	5	54770	36.96	0.93
F7	Sample 67	2	1	6	59770	36.96	0.93
F7	Sample 67	2	1	7	64770	36.96	0.93
F7	Sample 67	2	1	8	69770	37	0.93
F7	Sample 67	2	1	9	74770	36.96	0.93
F7	Sample 67	2	1	10	79780	36.96	0.92
F7	Sample 67	2	1	11	84780	36.96	0.92
F7	Sample 67	2	1	12	89770	36.96	0.92
F7	Sample 67	2	1	13	94770	37	0.92
F7	Sample 67	2	1	14	99770	37	0.91
F7	Sample 67	2	1	15	104770	36.96	0.92
F8	Sample 68	2	1	1	34750	36.86	0.92
F8	Sample 68	2	1	2	39770	36.91	0.91
F8	Sample 68	2	1	3	44760	36.96	0.91
F8	Sample 68	2	1	4	49770	36.96	0.90
F8	Sample 68	2	1	5	54770	36.96	0.90
F8	Sample 68	2	1	6	59770	36.96	0.90
F8	Sample 68	2	1	7	64770	36.96	0.89
F8	Sample 68	2	1	8	69770	37	0.89
F8	Sample 68	2	1	9	74770	36.96	0.89
F8	Sample 68	2	1	10	79780	36.96	0.88
F8	Sample 68	2	1	11	84780	36.96	0.88
F8	Sample 68	2	1	12	89770	36.96	0.88
F8	Sample 68	2	1	13	94770	37	0.88
F8	Sample 68	2	1	14	99770	37	0.88
F8	Sample 68	2	1	15	104770	36.96	0.88
F9	Sample 69	2	1	1	34750	36.86	0.86
F9	Sample 69	2	1	2	39770	36.91	0.85
F9	Sample 69	2	1	3	44760	36.96	0.85
F9	Sample 69	2	1	4	49770	36.96	0.84
F9	Sample 69	2	1	5	54770	36.96	0.84
F9	Sample 69	2	1	6	59770	36.96	0.84
F9	Sample 69	2	1	7	64770	36.96	0.83
F9	Sample 69	2	1	8	69770	37	0.83
F9	Sample 69	2	1	9	74770	36.96	0.83
F9	Sample 69	2	1	10	79780	36.96	0.83
F9	Sample 69	2	1	11	84780	36.96	0.83
F9	Sample 69	2	1	12	89770	36.96	0.82
F9	Sample 69	2	1	13	94770	37	0.83
F9	Sample 69	2	1	14	99770	37	0.82
F9	Sample 69	2	1	15	104770	36.96	0.83
F10	Sample 70	2	1	1	34750	36.86	0.80
F10	Sample 70	2	1	2	39770	36.91	0.79
F10	Sample 70	2	1	3	44760	36.96	0.79
F10	Sample 70	2	1	4	49770	36.96	0.79
F10	Sample 70	2	1	5	54770	36.96	0.78
F10	Sample 70	2	1	6	59770	36.96	0.78
F10	Sample 70	2	1	7	64770	36.96	0.77
F10	Sample 70	2	1	8	69770	37	0.78
F10	Sample 70	2	1	9	74770	36.96	0.78
F10	Sample 70	2	1	10	79780	36.96	0.77
F10	Sample 70	2	1	11	84780	36.96	0.77
F10	Sample 70	2	1	12	89770	36.96	0.77
F10	Sample 70	2	1	13	94770	37	0.77
F10	Sample 70	2	1	14	99770	37	0.77
F10	Sample 70	2	1	15	104770	36.96	0.77
F11	Sample 71	2	1	1	34750	36.86	0.95
F11	Sample 71	2	1	2	39770	36.91	0.95
F11	Sample 71	2	1	3	44760	36.96	0.95
F11	Sample 71	2	1	4	49770	36.96	0.94
F11	Sample 71	2	1	5	54770	36.96	0.94
F11	Sample 71	2	1	6	59770	36.96	0.93
F11	Sample 71	2	1	7	64770	36.96	0.93
F11	Sample 71	2	1	8	69770	37	0.93
F11	Sample 71	2	1	9	74770	36.96	0.93
F11	Sample 71	2	1	10	79780	36.96	0.93
F11	Sample 71	2	1	11	84780	36.96	0.92
F11	Sample 71	2	1	12	89770	36.96	0.92
F11	Sample 71	2	1	13	94770	37	0.93
F11	Sample 71	2	1	14	99770	37	0.92
F11	Sample 71	2	1	15	104770	36.96	0.94
F12	Sample 72	2	1	1	34750	36.86	0.91
F12	Sample 72	2	1	2	39770	36.91	0.91
F12	Sample 72	2	1	3	44760	36.96	0.90
F12	Sample 72	2	1	4	49770	36.96	0.89
F12	Sample 72	2	1	5	54770	36.96	0.89
F12	Sample 72	2	1	6	59770	36.96	0.89
F12	Sample 72	2	1	7	64770	36.96	0.89
F12	Sample 72	2	1	8	69770	37	0.88
F12	Sample 72	2	1	9	74770	36.96	0.89
F12	Sample 72	2	1	10	79780	36.96	0.88
F12	Sample 72	2	1	11	84780	36.96	0.88
F12	Sample 72	2	1	12	89770	36.96	0.87
F12	Sample 72	2	1	13	94770	37	0.88
F12	Sample 72	2	1	14	99770	37	0.88
F12	Sample 72	2	1	15	104770	36.96	0.88
G1	Sample 73	2	1	1	34750	36.86	0.59
G1	Sample 73	2	1	2	39770	36.91	0.59
G1	Sample 73	2	1	3	44760	36.96	0.59
G1	Sample 73	2	1	4	49770	36.96	0.58
G1	Sample 73	2	1	5	54770	36.96	0.59
G1	Sample 73	2	1	6	59770	36.96	0.59
G1	Sample 73	2	1	7	64770	36.96	0.59
G1	Sample 73	2	1	8	69770	37	0.60
G1	Sample 73	2	1	9	74770	36.96	0.58
G1	Sample 73	2	1	10	79780	36.96	0.58
G1	Sample 73	2	1	11	84780	36.96	0.58
G1	Sample 73	2	1	12	89770	36.96	0.59
G1	Sample 73	2	1	13	94770	37	0.59
G1	Sample 73	2	1	14	99770	37	0.59
G1	Sample 73	2	1	15	104770	36.96	0.58
G2	Sample 74	2	1	1	34750	36.86	0.57
G2	Sample 74	2	1	2	39770	36.91	0.57
G2	Sample 74	2	1	3	44760	36.96	0.57
G2	Sample 74	2	1	4	49770	36.96	0.56
G2	Sample 74	2	1	5	54770	36.96	0.56
G2	Sample 74	2	1	6	59770	36.96	0.56
G2	Sample 74	2	1	7	64770	36.96	0.56
G2	Sample 74	2	1	8	69770	37	0.56
G2	Sample 74	2	1	9	74770	36.96	0.55
G2	Sample 74	2	1	10	79780	36.96	0.56
G2	Sample 74	2	1	11	84780	36.96	0.55
G2	Sample 74	2	1	12	89770	36.96	0.55
G2	Sample 74	2	1	13	94770	37	0.56
G2	Sample 74	2	1	14	99770	37	0.55
G2	Sample 74	2	1	15	104770	36.96	0.55
G3	Sample 75	2	1	1	34750	36.86	0.57
G3	Sample 75	2	1	2	39770	36.91	0.56
G3	Sample 75	2	1	3	44760	36.96	0.56
G3	Sample 75	2	1	4	49770	36.96	0.56
G3	Sample 75	2	1	5	54770	36.96	0.55
G3	Sample 75	2	1	6	59770	36.96	0.56
G3	Sample 75	2	1	7	64770	36.96	0.55
G3	Sample 75	2	1	8	69770	37	0.56
G3	Sample 75	2	1	9	74770	36.96	0.54
G3	Sample 75	2	1	10	79780	36.96	0.55
G3	Sample 75	2	1	11	84780	36.96	0.55
G3	Sample 75	2	1	12	89770	36.96	0.55
G3	Sample 75	2	1	13	94770	37	0.55
G3	Sample 75	2	1	14	99770	37	0.55
G3	Sample 75	2	1	15	104770	36.96	0.55
G4	Sample 76	2	1	1	34750	36.86	0.57
G4	Sample 76	2	1	2	39770	36.91	0.57
G4	Sample 76	2	1	3	44760	36.96	0.56
G4	Sample 76	2	1	4	49770	36.96	0.56
G4	Sample 76	2	1	5	54770	36.96	0.55
G4	Sample 76	2	1	6	59770	36.96	0.56
G4	Sample 76	2	1	7	64770	36.96	0.55
G4	Sample 76	2	1	8	69770	37	0.56
G4	Sample 76	2	1	9	74770	36.96	0.54
G4	Sample 76	2	1	10	79780	36.96	0.55
G4	Sample 76	2	1	11	84780	36.96	0.55
G4	Sample 76	2	1	12	89770	36.96	0.55
G4	Sample 76	2	1	13	94770	37	0.55
G4	Sample 76	2	1	14	99770	37	0.55
G4	Sample 76	2	1	15	104770	36.96	0.55
G5	Sample 77	2	1	1	34750	36.86	0.95
G5	Sample 77	2	1	2	39770	36.91	0.94
G5	Sample 77	2	1	3	44760	36.96	0.93
G5	Sample 77	2	1	4	49770	36.96	0.92
G5	Sample 77	2	1	5	54770	36.96	0.92
G5	Sample 77	2	1	6	59770	36.96	0.93
G5	Sample 77	2	1	7	64770	36.96	0.92
G5	Sample 77	2	1	8	69770	37	0.92
G5	Sample 77	2	1	9	74770	36.96	0.91
G5	Sample 77	2	1	10	79780	36.96	0.91
G5	Sample 77	2	1	11	84780	36.96	0.91
G5	Sample 77	2	1	12	89770	36.96	0.91
G5	Sample 77	2	1	13	94770	37	0.92
G5	Sample 77	2	1	14	99770	37	0.92
G5	Sample 77	2	1	15	104770	36.96	0.91
G6	Sample 78	2	1	1	34750	36.86	0.88
G6	Sample 78	2	1	2	39770	36.91	0.88
G6	Sample 78	2	1	3	44760	36.96	0.87
G6	Sample 78	2	1	4	49770	36.96	0.87
G6	Sample 78	2	1	5	54770	36.96	0.86
G6	Sample 78	2	1	6	59770	36.96	0.87
G6	Sample 78	2	1	7	64770	36.96	0.86
G6	Sample 78	2	1	8	69770	37	0.87
G6	Sample 78	2	1	9	74770	36.96	0.86
G6	Sample 78	2	1	10	79780	36.96	0.86
G6	Sample 78	2	1	11	84780	36.96	0.85
G6	Sample 78	2	1	12	89770	36.96	0.86
G6	Sample 78	2	1	13	94770	37	0.86
G6	Sample 78	2	1	14	99770	37	0.85
G6	Sample 78	2	1	15	104770	36.96	0.85
G7	Sample 79	2	1	1	34750	36.86	0.95
G7	Sample 79	2	1	2	39770	36.91	0.94
G7	Sample 79	2	1	3	44760	36.96	0.93
G7	Sample 79	2	1	4	49770	36.96	0.92
G7	Sample 79	2	1	5	54770	36.96	0.92
G7	Sample 79	2	1	6	59770	36.96	0.93
G7	Sample 79	2	1	7	64770	36.96	0.93
G7	Sample 79	2	1	8	69770	37	0.93
G7	Sample 79	2	1	9	74770	36.96	0.91
G7	Sample 79	2	1	10	79780	36.96	0.91
G7	Sample 79	2	1	11	84780	36.96	0.91
G7	Sample 79	2	1	12	89770	36.96	0.92
G7	Sample 79	2	1	13	94770	37	0.92
G7	Sample 79	2	1	14	99770	37	0.92
G7	Sample 79	2	1	15	104770	36.96	0.92
G8	Sample 80	2	1	1	34750	36.86	0.90
G8	Sample 80	2	1	2	39770	36.91	0.89
G8	Sample 80	2	1	3	44760	36.96	0.88
G8	Sample 80	2	1	4	49770	36.96	0.88
G8	Sample 80	2	1	5	54770	36.96	0.87
G8	Sample 80	2	1	6	59770	36.96	0.87
G8	Sample 80	2	1	7	64770	36.96	0.87
G8	Sample 80	2	1	8	69770	37	0.88
G8	Sample 80	2	1	9	74770	36.96	0.86
G8	Sample 80	2	1	10	79780	36.96	0.87
G8	Sample 80	2	1	11	84780	36.96	0.87
G8	Sample 80	2	1	12	89770	36.96	0.87
G8	Sample 80	2	1	13	94770	37	0.87
G8	Sample 80	2	1	14	99770	37	0.87
G8	Sample 80	2	1	15	104770	36.96	0.87
G9	Sample 81	2	1	1	34750	36.86	0.98
G9	Sample 81	2	1	2	39770	36.91	0.98
G9	Sample 81	2	1	3	44760	36.96	0.97
G9	Sample 81	2	1	4	49770	36.96	0.96
G9	Sample 81	2	1	5	54770	36.96	0.96
G9	Sample 81	2	1	6	59770	36.96	0.96
G9	Sample 81	2	1	7	64770	36.96	0.96
G9	Sample 81	2	1	8	69770	37	0.96
G9	Sample 81	2	1	9	74770	36.96	0.95
G9	Sample 81	2	1	10	79780	36.96	0.95
G9	Sample 81	2	1	11	84780	36.96	0.94
G9	Sample 81	2	1	12	89770	36.96	0.95
G9	Sample 81	2	1	13	94770	37	0.95
G9	Sample 81	2	1	14	99770	37	0.95
G9	Sample 81	2	1	15	104770	36.96	0.95
G10	Sample 82	2	1	1	34750	36.86	0.95
G10	Sample 82	2	1	2	39770	36.91	0.94
G10	Sample 82	2	1	3	44760	36.96	0.94
G10	Sample 82	2	1	4	49770	36.96	0.94
G10	Sample 82	2	1	5	54770	36.96	0.93
G10	Sample 82	2	1	6	59770	36.96	0.93
G10	Sample 82	2	1	7	64770	36.96	0.92
G10	Sample 82	2	1	8	69770	37	0.93
G10	Sample 82	2	1	9	74770	36.96	0.92
G10	Sample 82	2	1	10	79780	36.96	0.92
G10	Sample 82	2	1	11	84780	36.96	0.92
G10	Sample 82	2	1	12	89770	36.96	0.92
G10	Sample 82	2	1	13	94770	37	0.93
G10	Sample 82	2	1	14	99770	37	0.92
G10	Sample 82	2	1	15	104770	36.96	0.92
G11	Sample 83	2	1	1	34750	36.86	0.99
G11	Sample 83	2	1	2	39770	36.91	0.98
G11	Sample 83	2	1	3	44760	36.96	0.97
G11	Sample 83	2	1	4	49770	36.96	0.97
G11	Sample 83	2	1	5	54770	36.96	0.96
G11	Sample 83	2	1	6	59770	36.96	0.97
G11	Sample 83	2	1	7	64770	36.96	0.96
G11	Sample 83	2	1	8	69770	37	0.97
G11	Sample 83	2	1	9	74770	36.96	0.95
G11	Sample 83	2	1	10	79780	36.96	0.95
G11	Sample 83	2	1	11	84780	36.96	0.95
G11	Sample 83	2	1	12	89770	36.96	0.96
G11	Sample 83	2	1	13	94770	37	0.95
G11	Sample 83	2	1	14	99770	37	0.95
G11	Sample 83	2	1	15	104770	36.96	0.95
G12	Sample 84	2	1	1	34750	36.86	0.91
G12	Sample 84	2	1	2	39770	36.91	0.90
G12	Sample 84	2	1	3	44760	36.96	0.89
G12	Sample 84	2	1	4	49770	36.96	0.89
G12	Sample 84	2	1	5	54770	36.96	0.88
G12	Sample 84	2	1	6	59770	36.96	0.89
G12	Sample 84	2	1	7	64770	36.96	0.88
G12	Sample 84	2	1	8	69770	37	0.88
G12	Sample 84	2	1	9	74770	36.96	0.87
G12	Sample 84	2	1	10	79780	36.96	0.87
G12	Sample 84	2	1	11	84780	36.96	0.87
G12	Sample 84	2	1	12	89770	36.96	0.87
G12	Sample 84	2	1	13	94770	37	0.87
G12	Sample 84	2	1	14	99770	37	0.87
G12	Sample 84	2	1	15	104770	36.96	0.87
H1	Sample 85	2	1	1	34750	36.86	0.54
H1	Sample 85	2	1	2	39770	36.91	0.55
H1	Sample 85	2	1	3	44760	36.96	0.54
H1	Sample 85	2	1	4	49770	36.96	0.54
H1	Sample 85	2	1	5	54770	36.96	0.54
H1	Sample 85	2	1	6	59770	36.96	0.53
H1	Sample 85	2	1	7	64770	36.96	0.54
H1	Sample 85	2	1	8	69770	37	0.53
H1	Sample 85	2	1	9	74770	36.96	0.54
H1	Sample 85	2	1	10	79780	36.96	0.53
H1	Sample 85	2	1	11	84780	36.96	0.53
H1	Sample 85	2	1	12	89770	36.96	0.53
H1	Sample 85	2	1	13	94770	37	0.53
H1	Sample 85	2	1	14	99770	37	0.54
H1	Sample 85	2	1	15	104770	36.96	0.54
H2	Sample 86	2	1	1	34750	36.86	0.52
H2	Sample 86	2	1	2	39770	36.91	0.52
H2	Sample 86	2	1	3	44760	36.96	0.52
H2	Sample 86	2	1	4	49770	36.96	0.52
H2	Sample 86	2	1	5	54770	36.96	0.52
H2	Sample 86	2	1	6	59770	36.96	0.51
H2	Sample 86	2	1	7	64770	36.96	0.52
H2	Sample 86	2	1	8	69770	37	0.51
H2	Sample 86	2	1	9	74770	36.96	0.51
H2	Sample 86	2	1	10	79780	36.96	0.51
H2	Sample 86	2	1	11	84780	36.96	0.51
H2	Sample 86	2	1	12	89770	36.96	0.51
H2	Sample 86	2	1	13	94770	37	0.52
H2	Sample 86	2	1	14	99770	37	0.51
H2	Sample 86	2	1	15	104770	36.96	0.51
H3	Sample 87	2	1	1	34750	36.86	0.56
H3	Sample 87	2	1	2	39770	36.91	0.55
H3	Sample 87	2	1	3	44760	36.96	0.56
H3	Sample 87	2	1	4	49770	36.96	0.55
H3	Sample 87	2	1	5	54770	36.96	0.55
H3	Sample 87	2	1	6	59770	36.96	0.55
H3	Sample 87	2	1	7	64770	36.96	0.56
H3	Sample 87	2	1	8	69770	37	0.55
H3	Sample 87	2	1	9	74770	36.96	0.54
H3	Sample 87	2	1	10	79780	36.96	0.55
H3	Sample 87	2	1	11	84780	36.96	0.55
H3	Sample 87	2	1	12	89770	36.96	0.55
H3	Sample 87	2	1	13	94770	37	0.55
H3	Sample 87	2	1	14	99770	37	0.54
H3	Sample 87	2	1	15	104770	36.96	0.55
H4	Sample 88	2	1	1	34750	36.86	0.54
H4	Sample 88	2	1	2	39770	36.91	0.54
H4	Sample 88	2	1	3	44760	36.96	0.54
H4	Sample 88	2	1	4	49770	36.96	0.53
H4	Sample 88	2	1	5	54770	36.96	0.53
H4	Sample 88	2	1	6	59770	36.96	0.52
H4	Sample 88	2	1	7	64770	36.96	0.53
H4	Sample 88	2	1	8	69770	37	0.53
H4	Sample 88	2	1	9	74770	36.96	0.53
H4	Sample 88	2	1	10	79780	36.96	0.52
H4	Sample 88	2	1	11	84780	36.96	0.52
H4	Sample 88	2	1	12	89770	36.96	0.53
H4	Sample 88	2	1	13	94770	37	0.53
H4	Sample 88	2	1	14	99770	37	0.52
H4	Sample 88	2	1	15	104770	36.96	0.53
H5	Sample 89	2	1	1	34750	36.86	0.99
H5	Sample 89	2	1	2	39770	36.91	0.99
H5	Sample 89	2	1	3	44760	36.96	0.98
H5	Sample 89	2	1	4	49770	36.96	0.98
H5	Sample 89	2	1	5	54770	36.96	0.97
H5	Sample 89	2	1	6	59770	36.96	0.96
H5	Sample 89	2	1	7	64770	36.96	0.97
H5	Sample 89	2	1	8	69770	37	0.96
H5	Sample 89	2	1	9	74770	36.96	0.96
H5	Sample 89	2	1	10	79780	36.96	0.96
H5	Sample 89	2	1	11	84780	36.96	0.96
H5	Sample 89	2	1	12	89770	36.96	0.97
H5	Sample 89	2	1	13	94770	37	0.96
H5	Sample 89	2	1	14	99770	37	0.96
H5	Sample 89	2	1	15	104770	36.96	0.96
H6	Sample 90	2	1	1	34750	36.86	0.96
H6	Sample 90	2	1	2	39770	36.91	0.96
H6	Sample 90	2	1	3	44760	36.96	0.96
H6	Sample 90	2	1	4	49770	36.96	0.95
H6	Sample 90	2	1	5	54770	36.96	0.96
H6	Sample 90	2	1	6	59770	36.96	0.95
H6	Sample 90	2	1	7	64770	36.96	0.95
H6	Sample 90	2	1	8	69770	37	0.94
H6	Sample 90	2	1	9	74770	36.96	0.94
H6	Sample 90	2	1	10	79780	36.96	0.94
H6	Sample 90	2	1	11	84780	36.96	0.93
H6	Sample 90	2	1	12	89770	36.96	0.94
H6	Sample 90	2	1	13	94770	37	0.94
H6	Sample 90	2	1	14	99770	37	0.94
H6	Sample 90	2	1	15	104770	36.96	0.94
H7	Sample 91	2	1	1	34750	36.86	0.98
H7	Sample 91	2	1	2	39770	36.91	0.98
H7	Sample 91	2	1	3	44760	36.96	0.97
H7	Sample 91	2	1	4	49770	36.96	0.96
H7	Sample 91	2	1	5	54770	36.96	0.96
H7	Sample 91	2	1	6	59770	36.96	0.96
H7	Sample 91	2	1	7	64770	36.96	0.96
H7	Sample 91	2	1	8	69770	37	0.96
H7	Sample 91	2	1	9	74770	36.96	0.95
H7	Sample 91	2	1	10	79780	36.96	0.95
H7	Sample 91	2	1	11	84780	36.96	0.95
H7	Sample 91	2	1	12	89770	36.96	0.95
H7	Sample 91	2	1	13	94770	37	0.95
H7	Sample 91	2	1	14	99770	37	0.95
H7	Sample 91	2	1	15	104770	36.96	0.95
H8	Sample 92	2	1	1	34750	36.86	0.93
H8	Sample 92	2	1	2	39770	36.91	0.93
H8	Sample 92	2	1	3	44760	36.96	0.92
H8	Sample 92	2	1	4	49770	36.96	0.92
H8	Sample 92	2	1	5	54770	36.96	0.92
H8	Sample 92	2	1	6	59770	36.96	0.91
H8	Sample 92	2	1	7	64770	36.96	0.90
H8	Sample 92	2	1	8	69770	37	0.90
H8	Sample 92	2	1	9	74770	36.96	0.90
H8	Sample 92	2	1	10	79780	36.96	0.90
H8	Sample 92	2	1	11	84780	36.96	0.89
H8	Sample 92	2	1	12	89770	36.96	0.90
H8	Sample 92	2	1	13	94770	37	0.90
H8	Sample 92	2	1	14	99770	37	0.90
H8	Sample 92	2	1	15	104770	36.96	0.90
H9	Sample 93	2	1	1	34750	36.86	0.94
H9	Sample 93	2	1	2	39770	36.91	0.94
H9	Sample 93	2	1	3	44760	36.96	0.94
H9	Sample 93	2	1	4	49770	36.96	0.94
H9	Sample 93	2	1	5	54770	36.96	0.94
H9	Sample 93	2	1	6	59770	36.96	0.93
H9	Sample 93	2	1	7	64770	36.96	0.93
H9	Sample 93	2	1	8	69770	37	0.92
H9	Sample 93	2	1	9	74770	36.96	0.92
H9	Sample 93	2	1	10	79780	36.96	0.92
H9	Sample 93	2	1	11	84780	36.96	0.91
H9	Sample 93	2	1	12	89770	36.96	0.92
H9	Sample 93	2	1	13	94770	37	0.91
H9	Sample 93	2	1	14	99770	37	0.92
H9	Sample 93	2	1	15	104770	36.96	0.91
H10	Sample 94	2	1	1	34750	36.86	0.90
H10	Sample 94	2	1	2	39770	36.91	0.89
H10	Sample 94	2	1	3	44760	36.96	0.89
H10	Sample 94	2	1	4	49770	36.96	0.89
H10	Sample 94	2	1	5	54770	36.96	0.89
H10	Sample 94	2	1	6	59770	36.96	0.88
H10	Sample 94	2	1	7	64770	36.96	0.88
H10	Sample 94	2	1	8	69770	37	0.88
H10	Sample 94	2	1	9	74770	36.96	0.88
H10	Sample 94	2	1	10	79780	36.96	0.86
H10	Sample 94	2	1	11	84780	36.96	0.86
H10	Sample 94	2	1	12	89770	36.96	0.87
H10	Sample 94	2	1	13	94770	37	0.87
H10	Sample 94	2	1	14	99770	37	0.87
H10	Sample 94	2	1	15	104770	36.96	0.86
H11	Sample 95	2	1	1	34750	36.86	0.90
H11	Sample 95	2	1	2	39770	36.91	0.89
H11	Sample 95	2	1	3	44760	36.96	0.89
H11	Sample 95	2	1	4	49770	36.96	0.89
H11	Sample 95	2	1	5	54770	36.96	0.89
H11	Sample 95	2	1	6	59770	36.96	0.88
H11	Sample 95	2	1	7	64770	36.96	0.88
H11	Sample 95	2	1	8	69770	37	0.88
H11	Sample 95	2	1	9	74770	36.96	0.87
H11	Sample 95	2	1	10	79780	36.96	0.87
H11	Sample 95	2	1	11	84780	36.96	0.87
H11	Sample 95	2	1	12	89770	36.96	0.87
H11	Sample 95	2	1	13	94770	37	0.87
H11	Sample 95	2	1	14	99770	37	0.87
H11	Sample 95	2	1	15	104770	36.96	0.87
H12	Sample 96	2	1	1	34750	36.86	0.88
H12	Sample 96	2	1	2	39770	36.91	0.89
H12	Sample 96	2	1	3	44760	36.96	0.89
H12	Sample 96	2	1	4	49770	36.96	0.89
H12	Sample 96	2	1	5	54770	36.96	0.89
H12	Sample 96	2	1	6	59770	36.96	0.89
H12	Sample 96	2	1	7	64770	36.96	0.89
H12	Sample 96	2	1	8	69770	37	0.89
H12	Sample 96	2	1	9	74770	36.96	0.89
H12	Sample 96	2	1	10	79780	36.96	0.89
H12	Sample 96	2	1	11	84780	36.96	0.88
H12	Sample 96	2	1	12	89770	36.96	0.88
H12	Sample 96	2	1	13	94770	37	0.88
H12	Sample 96	2	1	14	99770	37	0.88
H12	Sample 96	2	1	15	104770	36.96	0.88
