Raw Data 		Experiment - evIC50_10_plate3_23APRIL2026 (Run on LCS480 1.5.1.62)
SamplePos	SampleName	Prog#	Seg#	Cycle#	Time	Temp	465-510	
A1	Sample 1	2	1	1	31230	37	1.40
A1	Sample 1	2	1	2	36250	36.96	1.38
A1	Sample 1	2	1	3	41250	36.96	1.39
A1	Sample 1	2	1	4	46260	37	1.39
A1	Sample 1	2	1	5	51250	37	1.41
A1	Sample 1	2	1	6	56250	37	1.45
A1	Sample 1	2	1	7	61250	36.96	1.47
A1	Sample 1	2	1	8	66250	37	1.50
A1	Sample 1	2	1	9	71260	37	1.51
A1	Sample 1	2	1	10	76240	36.96	1.52
A1	Sample 1	2	1	11	81250	37	1.54
A1	Sample 1	2	1	12	86260	37	1.54
A1	Sample 1	2	1	13	91270	37	1.54
A1	Sample 1	2	1	14	96280	37	1.54
A1	Sample 1	2	1	15	101270	36.96	1.54
A2	Sample 2	2	1	1	31230	37	1.46
A2	Sample 2	2	1	2	36250	36.96	1.45
A2	Sample 2	2	1	3	41250	36.96	1.48
A2	Sample 2	2	1	4	46260	37	1.51
A2	Sample 2	2	1	5	51250	37	1.55
A2	Sample 2	2	1	6	56250	37	1.58
A2	Sample 2	2	1	7	61250	36.96	1.58
A2	Sample 2	2	1	8	66250	37	1.59
A2	Sample 2	2	1	9	71260	37	1.59
A2	Sample 2	2	1	10	76240	36.96	1.61
A2	Sample 2	2	1	11	81250	37	1.61
A2	Sample 2	2	1	12	86260	37	1.60
A2	Sample 2	2	1	13	91270	37	1.61
A2	Sample 2	2	1	14	96280	37	1.61
A2	Sample 2	2	1	15	101270	36.96	1.61
A3	Sample 3	2	1	1	31230	37	1.59
A3	Sample 3	2	1	2	36250	36.96	1.58
A3	Sample 3	2	1	3	41250	36.96	1.61
A3	Sample 3	2	1	4	46260	37	1.65
A3	Sample 3	2	1	5	51250	37	1.68
A3	Sample 3	2	1	6	56250	37	1.71
A3	Sample 3	2	1	7	61250	36.96	1.72
A3	Sample 3	2	1	8	66250	37	1.74
A3	Sample 3	2	1	9	71260	37	1.73
A3	Sample 3	2	1	10	76240	36.96	1.75
A3	Sample 3	2	1	11	81250	37	1.75
A3	Sample 3	2	1	12	86260	37	1.76
A3	Sample 3	2	1	13	91270	37	1.75
A3	Sample 3	2	1	14	96280	37	1.76
A3	Sample 3	2	1	15	101270	36.96	1.76
A4	Sample 4	2	1	1	31230	37	1.82
A4	Sample 4	2	1	2	36250	36.96	1.81
A4	Sample 4	2	1	3	41250	36.96	1.81
A4	Sample 4	2	1	4	46260	37	1.79
A4	Sample 4	2	1	5	51250	37	1.78
A4	Sample 4	2	1	6	56250	37	1.79
A4	Sample 4	2	1	7	61250	36.96	1.78
A4	Sample 4	2	1	8	66250	37	1.78
A4	Sample 4	2	1	9	71260	37	1.77
A4	Sample 4	2	1	10	76240	36.96	1.77
A4	Sample 4	2	1	11	81250	37	1.77
A4	Sample 4	2	1	12	86260	37	1.77
A4	Sample 4	2	1	13	91270	37	1.77
A4	Sample 4	2	1	14	96280	37	1.77
A4	Sample 4	2	1	15	101270	36.96	1.77
A5	Sample 5	2	1	1	31230	37	0.53
A5	Sample 5	2	1	2	36250	36.96	0.53
A5	Sample 5	2	1	3	41250	36.96	0.53
A5	Sample 5	2	1	4	46260	37	0.52
A5	Sample 5	2	1	5	51250	37	0.52
A5	Sample 5	2	1	6	56250	37	0.52
A5	Sample 5	2	1	7	61250	36.96	0.52
A5	Sample 5	2	1	8	66250	37	0.52
A5	Sample 5	2	1	9	71260	37	0.52
A5	Sample 5	2	1	10	76240	36.96	0.52
A5	Sample 5	2	1	11	81250	37	0.51
A5	Sample 5	2	1	12	86260	37	0.52
A5	Sample 5	2	1	13	91270	37	0.52
A5	Sample 5	2	1	14	96280	37	0.52
A5	Sample 5	2	1	15	101270	36.96	0.52
A6	Sample 6	2	1	1	31230	37	0.55
A6	Sample 6	2	1	2	36250	36.96	0.54
A6	Sample 6	2	1	3	41250	36.96	0.54
A6	Sample 6	2	1	4	46260	37	0.54
A6	Sample 6	2	1	5	51250	37	0.54
A6	Sample 6	2	1	6	56250	37	0.54
A6	Sample 6	2	1	7	61250	36.96	0.53
A6	Sample 6	2	1	8	66250	37	0.54
A6	Sample 6	2	1	9	71260	37	0.53
A6	Sample 6	2	1	10	76240	36.96	0.53
A6	Sample 6	2	1	11	81250	37	0.53
A6	Sample 6	2	1	12	86260	37	0.53
A6	Sample 6	2	1	13	91270	37	0.53
A6	Sample 6	2	1	14	96280	37	0.54
A6	Sample 6	2	1	15	101270	36.96	0.53
A7	Sample 7	2	1	1	31230	37	0.56
A7	Sample 7	2	1	2	36250	36.96	0.55
A7	Sample 7	2	1	3	41250	36.96	0.55
A7	Sample 7	2	1	4	46260	37	0.55
A7	Sample 7	2	1	5	51250	37	0.54
A7	Sample 7	2	1	6	56250	37	0.55
A7	Sample 7	2	1	7	61250	36.96	0.54
A7	Sample 7	2	1	8	66250	37	0.54
A7	Sample 7	2	1	9	71260	37	0.54
A7	Sample 7	2	1	10	76240	36.96	0.54
A7	Sample 7	2	1	11	81250	37	0.54
A7	Sample 7	2	1	12	86260	37	0.53
A7	Sample 7	2	1	13	91270	37	0.54
A7	Sample 7	2	1	14	96280	37	0.54
A7	Sample 7	2	1	15	101270	36.96	0.54
A8	Sample 8	2	1	1	31230	37	0.55
A8	Sample 8	2	1	2	36250	36.96	0.54
A8	Sample 8	2	1	3	41250	36.96	0.54
A8	Sample 8	2	1	4	46260	37	0.54
A8	Sample 8	2	1	5	51250	37	0.53
A8	Sample 8	2	1	6	56250	37	0.54
A8	Sample 8	2	1	7	61250	36.96	0.53
A8	Sample 8	2	1	8	66250	37	0.53
A8	Sample 8	2	1	9	71260	37	0.53
A8	Sample 8	2	1	10	76240	36.96	0.53
A8	Sample 8	2	1	11	81250	37	0.53
A8	Sample 8	2	1	12	86260	37	0.53
A8	Sample 8	2	1	13	91270	37	0.53
A8	Sample 8	2	1	14	96280	37	0.53
A8	Sample 8	2	1	15	101270	36.96	0.53
A9	Sample 9	2	1	1	31230	37	0.70
A9	Sample 9	2	1	2	36250	36.96	0.69
A9	Sample 9	2	1	3	41250	36.96	0.69
A9	Sample 9	2	1	4	46260	37	0.69
A9	Sample 9	2	1	5	51250	37	0.68
A9	Sample 9	2	1	6	56250	37	0.68
A9	Sample 9	2	1	7	61250	36.96	0.67
A9	Sample 9	2	1	8	66250	37	0.68
A9	Sample 9	2	1	9	71260	37	0.68
A9	Sample 9	2	1	10	76240	36.96	0.68
A9	Sample 9	2	1	11	81250	37	0.67
A9	Sample 9	2	1	12	86260	37	0.68
A9	Sample 9	2	1	13	91270	37	0.68
A9	Sample 9	2	1	14	96280	37	0.67
A9	Sample 9	2	1	15	101270	36.96	0.68
A10	Sample 10	2	1	1	31230	37	0.72
A10	Sample 10	2	1	2	36250	36.96	0.71
A10	Sample 10	2	1	3	41250	36.96	0.71
A10	Sample 10	2	1	4	46260	37	0.70
A10	Sample 10	2	1	5	51250	37	0.70
A10	Sample 10	2	1	6	56250	37	0.70
A10	Sample 10	2	1	7	61250	36.96	0.69
A10	Sample 10	2	1	8	66250	37	0.70
A10	Sample 10	2	1	9	71260	37	0.69
A10	Sample 10	2	1	10	76240	36.96	0.70
A10	Sample 10	2	1	11	81250	37	0.70
A10	Sample 10	2	1	12	86260	37	0.70
A10	Sample 10	2	1	13	91270	37	0.70
A10	Sample 10	2	1	14	96280	37	0.70
A10	Sample 10	2	1	15	101270	36.96	0.70
A11	Sample 11	2	1	1	31230	37	0.70
A11	Sample 11	2	1	2	36250	36.96	0.69
A11	Sample 11	2	1	3	41250	36.96	0.69
A11	Sample 11	2	1	4	46260	37	0.69
A11	Sample 11	2	1	5	51250	37	0.68
A11	Sample 11	2	1	6	56250	37	0.68
A11	Sample 11	2	1	7	61250	36.96	0.68
A11	Sample 11	2	1	8	66250	37	0.69
A11	Sample 11	2	1	9	71260	37	0.68
A11	Sample 11	2	1	10	76240	36.96	0.68
A11	Sample 11	2	1	11	81250	37	0.68
A11	Sample 11	2	1	12	86260	37	0.68
A11	Sample 11	2	1	13	91270	37	0.68
A11	Sample 11	2	1	14	96280	37	0.68
A11	Sample 11	2	1	15	101270	36.96	0.68
A12	Sample 12	2	1	1	31230	37	0.64
A12	Sample 12	2	1	2	36250	36.96	0.63
A12	Sample 12	2	1	3	41250	36.96	0.63
A12	Sample 12	2	1	4	46260	37	0.62
A12	Sample 12	2	1	5	51250	37	0.62
A12	Sample 12	2	1	6	56250	37	0.62
A12	Sample 12	2	1	7	61250	36.96	0.61
A12	Sample 12	2	1	8	66250	37	0.61
A12	Sample 12	2	1	9	71260	37	0.61
A12	Sample 12	2	1	10	76240	36.96	0.61
A12	Sample 12	2	1	11	81250	37	0.61
A12	Sample 12	2	1	12	86260	37	0.62
A12	Sample 12	2	1	13	91270	37	0.62
A12	Sample 12	2	1	14	96280	37	0.61
A12	Sample 12	2	1	15	101270	36.96	0.62
B1	Sample 13	2	1	1	31230	37	1.33
B1	Sample 13	2	1	2	36250	36.96	1.33
B1	Sample 13	2	1	3	41250	36.96	1.35
B1	Sample 13	2	1	4	46260	37	1.38
B1	Sample 13	2	1	5	51250	37	1.42
B1	Sample 13	2	1	6	56250	37	1.44
B1	Sample 13	2	1	7	61250	36.96	1.46
B1	Sample 13	2	1	8	66250	37	1.46
B1	Sample 13	2	1	9	71260	37	1.48
B1	Sample 13	2	1	10	76240	36.96	1.48
B1	Sample 13	2	1	11	81250	37	1.48
B1	Sample 13	2	1	12	86260	37	1.49
B1	Sample 13	2	1	13	91270	37	1.49
B1	Sample 13	2	1	14	96280	37	1.49
B1	Sample 13	2	1	15	101270	36.96	1.49
B2	Sample 14	2	1	1	31230	37	1.55
B2	Sample 14	2	1	2	36250	36.96	1.53
B2	Sample 14	2	1	3	41250	36.96	1.52
B2	Sample 14	2	1	4	46260	37	1.51
B2	Sample 14	2	1	5	51250	37	1.50
B2	Sample 14	2	1	6	56250	37	1.50
B2	Sample 14	2	1	7	61250	36.96	1.50
B2	Sample 14	2	1	8	66250	37	1.50
B2	Sample 14	2	1	9	71260	37	1.50
B2	Sample 14	2	1	10	76240	36.96	1.51
B2	Sample 14	2	1	11	81250	37	1.50
B2	Sample 14	2	1	12	86260	37	1.51
B2	Sample 14	2	1	13	91270	37	1.50
B2	Sample 14	2	1	14	96280	37	1.50
B2	Sample 14	2	1	15	101270	36.96	1.51
B3	Sample 15	2	1	1	31230	37	1.60
B3	Sample 15	2	1	2	36250	36.96	1.61
B3	Sample 15	2	1	3	41250	36.96	1.60
B3	Sample 15	2	1	4	46260	37	1.60
B3	Sample 15	2	1	5	51250	37	1.60
B3	Sample 15	2	1	6	56250	37	1.60
B3	Sample 15	2	1	7	61250	36.96	1.60
B3	Sample 15	2	1	8	66250	37	1.60
B3	Sample 15	2	1	9	71260	37	1.60
B3	Sample 15	2	1	10	76240	36.96	1.60
B3	Sample 15	2	1	11	81250	37	1.60
B3	Sample 15	2	1	12	86260	37	1.61
B3	Sample 15	2	1	13	91270	37	1.60
B3	Sample 15	2	1	14	96280	37	1.60
B3	Sample 15	2	1	15	101270	36.96	1.61
B4	Sample 16	2	1	1	31230	37	1.67
B4	Sample 16	2	1	2	36250	36.96	1.65
B4	Sample 16	2	1	3	41250	36.96	1.64
B4	Sample 16	2	1	4	46260	37	1.63
B4	Sample 16	2	1	5	51250	37	1.62
B4	Sample 16	2	1	6	56250	37	1.61
B4	Sample 16	2	1	7	61250	36.96	1.60
B4	Sample 16	2	1	8	66250	37	1.60
B4	Sample 16	2	1	9	71260	37	1.61
B4	Sample 16	2	1	10	76240	36.96	1.61
B4	Sample 16	2	1	11	81250	37	1.61
B4	Sample 16	2	1	12	86260	37	1.61
B4	Sample 16	2	1	13	91270	37	1.61
B4	Sample 16	2	1	14	96280	37	1.61
B4	Sample 16	2	1	15	101270	36.96	1.61
B5	Sample 17	2	1	1	31230	37	0.51
B5	Sample 17	2	1	2	36250	36.96	0.50
B5	Sample 17	2	1	3	41250	36.96	0.50
B5	Sample 17	2	1	4	46260	37	0.49
B5	Sample 17	2	1	5	51250	37	0.49
B5	Sample 17	2	1	6	56250	37	0.49
B5	Sample 17	2	1	7	61250	36.96	0.49
B5	Sample 17	2	1	8	66250	37	0.49
B5	Sample 17	2	1	9	71260	37	0.49
B5	Sample 17	2	1	10	76240	36.96	0.49
B5	Sample 17	2	1	11	81250	37	0.49
B5	Sample 17	2	1	12	86260	37	0.50
B5	Sample 17	2	1	13	91270	37	0.49
B5	Sample 17	2	1	14	96280	37	0.49
B5	Sample 17	2	1	15	101270	36.96	0.49
B6	Sample 18	2	1	1	31230	37	0.54
B6	Sample 18	2	1	2	36250	36.96	0.53
B6	Sample 18	2	1	3	41250	36.96	0.53
B6	Sample 18	2	1	4	46260	37	0.52
B6	Sample 18	2	1	5	51250	37	0.52
B6	Sample 18	2	1	6	56250	37	0.51
B6	Sample 18	2	1	7	61250	36.96	0.51
B6	Sample 18	2	1	8	66250	37	0.51
B6	Sample 18	2	1	9	71260	37	0.52
B6	Sample 18	2	1	10	76240	36.96	0.52
B6	Sample 18	2	1	11	81250	37	0.52
B6	Sample 18	2	1	12	86260	37	0.52
B6	Sample 18	2	1	13	91270	37	0.52
B6	Sample 18	2	1	14	96280	37	0.51
B6	Sample 18	2	1	15	101270	36.96	0.52
B7	Sample 19	2	1	1	31230	37	0.52
B7	Sample 19	2	1	2	36250	36.96	0.52
B7	Sample 19	2	1	3	41250	36.96	0.51
B7	Sample 19	2	1	4	46260	37	0.51
B7	Sample 19	2	1	5	51250	37	0.51
B7	Sample 19	2	1	6	56250	37	0.51
B7	Sample 19	2	1	7	61250	36.96	0.50
B7	Sample 19	2	1	8	66250	37	0.51
B7	Sample 19	2	1	9	71260	37	0.51
B7	Sample 19	2	1	10	76240	36.96	0.51
B7	Sample 19	2	1	11	81250	37	0.50
B7	Sample 19	2	1	12	86260	37	0.51
B7	Sample 19	2	1	13	91270	37	0.51
B7	Sample 19	2	1	14	96280	37	0.50
B7	Sample 19	2	1	15	101270	36.96	0.51
B8	Sample 20	2	1	1	31230	37	0.51
B8	Sample 20	2	1	2	36250	36.96	0.51
B8	Sample 20	2	1	3	41250	36.96	0.51
B8	Sample 20	2	1	4	46260	37	0.50
B8	Sample 20	2	1	5	51250	37	0.50
B8	Sample 20	2	1	6	56250	37	0.49
B8	Sample 20	2	1	7	61250	36.96	0.49
B8	Sample 20	2	1	8	66250	37	0.49
B8	Sample 20	2	1	9	71260	37	0.50
B8	Sample 20	2	1	10	76240	36.96	0.49
B8	Sample 20	2	1	11	81250	37	0.50
B8	Sample 20	2	1	12	86260	37	0.50
B8	Sample 20	2	1	13	91270	37	0.50
B8	Sample 20	2	1	14	96280	37	0.49
B8	Sample 20	2	1	15	101270	36.96	0.50
B9	Sample 21	2	1	1	31230	37	0.67
B9	Sample 21	2	1	2	36250	36.96	0.67
B9	Sample 21	2	1	3	41250	36.96	0.66
B9	Sample 21	2	1	4	46260	37	0.65
B9	Sample 21	2	1	5	51250	37	0.65
B9	Sample 21	2	1	6	56250	37	0.65
B9	Sample 21	2	1	7	61250	36.96	0.65
B9	Sample 21	2	1	8	66250	37	0.65
B9	Sample 21	2	1	9	71260	37	0.65
B9	Sample 21	2	1	10	76240	36.96	0.64
B9	Sample 21	2	1	11	81250	37	0.64
B9	Sample 21	2	1	12	86260	37	0.65
B9	Sample 21	2	1	13	91270	37	0.64
B9	Sample 21	2	1	14	96280	37	0.65
B9	Sample 21	2	1	15	101270	36.96	0.65
B10	Sample 22	2	1	1	31230	37	0.68
B10	Sample 22	2	1	2	36250	36.96	0.68
B10	Sample 22	2	1	3	41250	36.96	0.67
B10	Sample 22	2	1	4	46260	37	0.67
B10	Sample 22	2	1	5	51250	37	0.67
B10	Sample 22	2	1	6	56250	37	0.67
B10	Sample 22	2	1	7	61250	36.96	0.66
B10	Sample 22	2	1	8	66250	37	0.66
B10	Sample 22	2	1	9	71260	37	0.66
B10	Sample 22	2	1	10	76240	36.96	0.66
B10	Sample 22	2	1	11	81250	37	0.66
B10	Sample 22	2	1	12	86260	37	0.66
B10	Sample 22	2	1	13	91270	37	0.66
B10	Sample 22	2	1	14	96280	37	0.66
B10	Sample 22	2	1	15	101270	36.96	0.66
B11	Sample 23	2	1	1	31230	37	0.71
B11	Sample 23	2	1	2	36250	36.96	0.71
B11	Sample 23	2	1	3	41250	36.96	0.70
B11	Sample 23	2	1	4	46260	37	0.69
B11	Sample 23	2	1	5	51250	37	0.69
B11	Sample 23	2	1	6	56250	37	0.69
B11	Sample 23	2	1	7	61250	36.96	0.69
B11	Sample 23	2	1	8	66250	37	0.69
B11	Sample 23	2	1	9	71260	37	0.69
B11	Sample 23	2	1	10	76240	36.96	0.69
B11	Sample 23	2	1	11	81250	37	0.69
B11	Sample 23	2	1	12	86260	37	0.69
B11	Sample 23	2	1	13	91270	37	0.69
B11	Sample 23	2	1	14	96280	37	0.70
B11	Sample 23	2	1	15	101270	36.96	0.69
B12	Sample 24	2	1	1	31230	37	0.66
B12	Sample 24	2	1	2	36250	36.96	0.65
B12	Sample 24	2	1	3	41250	36.96	0.65
B12	Sample 24	2	1	4	46260	37	0.65
B12	Sample 24	2	1	5	51250	37	0.64
B12	Sample 24	2	1	6	56250	37	0.64
B12	Sample 24	2	1	7	61250	36.96	0.64
B12	Sample 24	2	1	8	66250	37	0.64
B12	Sample 24	2	1	9	71260	37	0.64
B12	Sample 24	2	1	10	76240	36.96	0.64
B12	Sample 24	2	1	11	81250	37	0.64
B12	Sample 24	2	1	12	86260	37	0.65
B12	Sample 24	2	1	13	91270	37	0.64
B12	Sample 24	2	1	14	96280	37	0.64
B12	Sample 24	2	1	15	101270	36.96	0.64
C1	Sample 25	2	1	1	31230	37	1.36
C1	Sample 25	2	1	2	36250	36.96	1.36
C1	Sample 25	2	1	3	41250	36.96	1.40
C1	Sample 25	2	1	4	46260	37	1.42
C1	Sample 25	2	1	5	51250	37	1.46
C1	Sample 25	2	1	6	56250	37	1.48
C1	Sample 25	2	1	7	61250	36.96	1.49
C1	Sample 25	2	1	8	66250	37	1.50
C1	Sample 25	2	1	9	71260	37	1.52
C1	Sample 25	2	1	10	76240	36.96	1.52
C1	Sample 25	2	1	11	81250	37	1.51
C1	Sample 25	2	1	12	86260	37	1.52
C1	Sample 25	2	1	13	91270	37	1.53
C1	Sample 25	2	1	14	96280	37	1.52
C1	Sample 25	2	1	15	101270	36.96	1.53
C2	Sample 26	2	1	1	31230	37	1.48
C2	Sample 26	2	1	2	36250	36.96	1.50
C2	Sample 26	2	1	3	41250	36.96	1.52
C2	Sample 26	2	1	4	46260	37	1.53
C2	Sample 26	2	1	5	51250	37	1.54
C2	Sample 26	2	1	6	56250	37	1.54
C2	Sample 26	2	1	7	61250	36.96	1.54
C2	Sample 26	2	1	8	66250	37	1.54
C2	Sample 26	2	1	9	71260	37	1.54
C2	Sample 26	2	1	10	76240	36.96	1.54
C2	Sample 26	2	1	11	81250	37	1.54
C2	Sample 26	2	1	12	86260	37	1.55
C2	Sample 26	2	1	13	91270	37	1.54
C2	Sample 26	2	1	14	96280	37	1.55
C2	Sample 26	2	1	15	101270	36.96	1.54
C3	Sample 27	2	1	1	31230	37	1.61
C3	Sample 27	2	1	2	36250	36.96	1.61
C3	Sample 27	2	1	3	41250	36.96	1.63
C3	Sample 27	2	1	4	46260	37	1.63
C3	Sample 27	2	1	5	51250	37	1.64
C3	Sample 27	2	1	6	56250	37	1.65
C3	Sample 27	2	1	7	61250	36.96	1.64
C3	Sample 27	2	1	8	66250	37	1.64
C3	Sample 27	2	1	9	71260	37	1.65
C3	Sample 27	2	1	10	76240	36.96	1.64
C3	Sample 27	2	1	11	81250	37	1.64
C3	Sample 27	2	1	12	86260	37	1.64
C3	Sample 27	2	1	13	91270	37	1.64
C3	Sample 27	2	1	14	96280	37	1.65
C3	Sample 27	2	1	15	101270	36.96	1.64
C4	Sample 28	2	1	1	31230	37	1.76
C4	Sample 28	2	1	2	36250	36.96	1.73
C4	Sample 28	2	1	3	41250	36.96	1.71
C4	Sample 28	2	1	4	46260	37	1.71
C4	Sample 28	2	1	5	51250	37	1.70
C4	Sample 28	2	1	6	56250	37	1.69
C4	Sample 28	2	1	7	61250	36.96	1.68
C4	Sample 28	2	1	8	66250	37	1.68
C4	Sample 28	2	1	9	71260	37	1.68
C4	Sample 28	2	1	10	76240	36.96	1.67
C4	Sample 28	2	1	11	81250	37	1.66
C4	Sample 28	2	1	12	86260	37	1.67
C4	Sample 28	2	1	13	91270	37	1.66
C4	Sample 28	2	1	14	96280	37	1.66
C4	Sample 28	2	1	15	101270	36.96	1.66
C5	Sample 29	2	1	1	31230	37	0.48
C5	Sample 29	2	1	2	36250	36.96	0.48
C5	Sample 29	2	1	3	41250	36.96	0.49
C5	Sample 29	2	1	4	46260	37	0.49
C5	Sample 29	2	1	5	51250	37	0.49
C5	Sample 29	2	1	6	56250	37	0.49
C5	Sample 29	2	1	7	61250	36.96	0.49
C5	Sample 29	2	1	8	66250	37	0.49
C5	Sample 29	2	1	9	71260	37	0.50
C5	Sample 29	2	1	10	76240	36.96	0.50
C5	Sample 29	2	1	11	81250	37	0.48
C5	Sample 29	2	1	12	86260	37	0.50
C5	Sample 29	2	1	13	91270	37	0.49
C5	Sample 29	2	1	14	96280	37	0.49
C5	Sample 29	2	1	15	101270	36.96	0.49
C6	Sample 30	2	1	1	31230	37	0.57
C6	Sample 30	2	1	2	36250	36.96	0.55
C6	Sample 30	2	1	3	41250	36.96	0.55
C6	Sample 30	2	1	4	46260	37	0.55
C6	Sample 30	2	1	5	51250	37	0.55
C6	Sample 30	2	1	6	56250	37	0.55
C6	Sample 30	2	1	7	61250	36.96	0.54
C6	Sample 30	2	1	8	66250	37	0.54
C6	Sample 30	2	1	9	71260	37	0.54
C6	Sample 30	2	1	10	76240	36.96	0.55
C6	Sample 30	2	1	11	81250	37	0.54
C6	Sample 30	2	1	12	86260	37	0.55
C6	Sample 30	2	1	13	91270	37	0.54
C6	Sample 30	2	1	14	96280	37	0.54
C6	Sample 30	2	1	15	101270	36.96	0.55
C7	Sample 31	2	1	1	31230	37	0.53
C7	Sample 31	2	1	2	36250	36.96	0.53
C7	Sample 31	2	1	3	41250	36.96	0.53
C7	Sample 31	2	1	4	46260	37	0.53
C7	Sample 31	2	1	5	51250	37	0.53
C7	Sample 31	2	1	6	56250	37	0.53
C7	Sample 31	2	1	7	61250	36.96	0.52
C7	Sample 31	2	1	8	66250	37	0.53
C7	Sample 31	2	1	9	71260	37	0.53
C7	Sample 31	2	1	10	76240	36.96	0.53
C7	Sample 31	2	1	11	81250	37	0.52
C7	Sample 31	2	1	12	86260	37	0.52
C7	Sample 31	2	1	13	91270	37	0.53
C7	Sample 31	2	1	14	96280	37	0.52
C7	Sample 31	2	1	15	101270	36.96	0.53
C8	Sample 32	2	1	1	31230	37	0.50
C8	Sample 32	2	1	2	36250	36.96	0.50
C8	Sample 32	2	1	3	41250	36.96	0.50
C8	Sample 32	2	1	4	46260	37	0.50
C8	Sample 32	2	1	5	51250	37	0.50
C8	Sample 32	2	1	6	56250	37	0.49
C8	Sample 32	2	1	7	61250	36.96	0.49
C8	Sample 32	2	1	8	66250	37	0.50
C8	Sample 32	2	1	9	71260	37	0.50
C8	Sample 32	2	1	10	76240	36.96	0.49
C8	Sample 32	2	1	11	81250	37	0.48
C8	Sample 32	2	1	12	86260	37	0.50
C8	Sample 32	2	1	13	91270	37	0.49
C8	Sample 32	2	1	14	96280	37	0.49
C8	Sample 32	2	1	15	101270	36.96	0.49
C9	Sample 33	2	1	1	31230	37	0.69
C9	Sample 33	2	1	2	36250	36.96	0.68
C9	Sample 33	2	1	3	41250	36.96	0.68
C9	Sample 33	2	1	4	46260	37	0.68
C9	Sample 33	2	1	5	51250	37	0.68
C9	Sample 33	2	1	6	56250	37	0.68
C9	Sample 33	2	1	7	61250	36.96	0.67
C9	Sample 33	2	1	8	66250	37	0.68
C9	Sample 33	2	1	9	71260	37	0.68
C9	Sample 33	2	1	10	76240	36.96	0.67
C9	Sample 33	2	1	11	81250	37	0.66
C9	Sample 33	2	1	12	86260	37	0.67
C9	Sample 33	2	1	13	91270	37	0.67
C9	Sample 33	2	1	14	96280	37	0.67
C9	Sample 33	2	1	15	101270	36.96	0.67
C10	Sample 34	2	1	1	31230	37	0.67
C10	Sample 34	2	1	2	36250	36.96	0.66
C10	Sample 34	2	1	3	41250	36.96	0.66
C10	Sample 34	2	1	4	46260	37	0.66
C10	Sample 34	2	1	5	51250	37	0.65
C10	Sample 34	2	1	6	56250	37	0.66
C10	Sample 34	2	1	7	61250	36.96	0.65
C10	Sample 34	2	1	8	66250	37	0.65
C10	Sample 34	2	1	9	71260	37	0.65
C10	Sample 34	2	1	10	76240	36.96	0.64
C10	Sample 34	2	1	11	81250	37	0.64
C10	Sample 34	2	1	12	86260	37	0.65
C10	Sample 34	2	1	13	91270	37	0.64
C10	Sample 34	2	1	14	96280	37	0.64
C10	Sample 34	2	1	15	101270	36.96	0.64
C11	Sample 35	2	1	1	31230	37	0.69
C11	Sample 35	2	1	2	36250	36.96	0.68
C11	Sample 35	2	1	3	41250	36.96	0.68
C11	Sample 35	2	1	4	46260	37	0.67
C11	Sample 35	2	1	5	51250	37	0.67
C11	Sample 35	2	1	6	56250	37	0.67
C11	Sample 35	2	1	7	61250	36.96	0.66
C11	Sample 35	2	1	8	66250	37	0.67
C11	Sample 35	2	1	9	71260	37	0.66
C11	Sample 35	2	1	10	76240	36.96	0.67
C11	Sample 35	2	1	11	81250	37	0.66
C11	Sample 35	2	1	12	86260	37	0.67
C11	Sample 35	2	1	13	91270	37	0.66
C11	Sample 35	2	1	14	96280	37	0.67
C11	Sample 35	2	1	15	101270	36.96	0.67
C12	Sample 36	2	1	1	31230	37	0.66
C12	Sample 36	2	1	2	36250	36.96	0.65
C12	Sample 36	2	1	3	41250	36.96	0.66
C12	Sample 36	2	1	4	46260	37	0.65
C12	Sample 36	2	1	5	51250	37	0.65
C12	Sample 36	2	1	6	56250	37	0.64
C12	Sample 36	2	1	7	61250	36.96	0.64
C12	Sample 36	2	1	8	66250	37	0.65
C12	Sample 36	2	1	9	71260	37	0.65
C12	Sample 36	2	1	10	76240	36.96	0.64
C12	Sample 36	2	1	11	81250	37	0.63
C12	Sample 36	2	1	12	86260	37	0.64
C12	Sample 36	2	1	13	91270	37	0.64
C12	Sample 36	2	1	14	96280	37	0.64
C12	Sample 36	2	1	15	101270	36.96	0.64
D1	Sample 37	2	1	1	31230	37	1.47
D1	Sample 37	2	1	2	36250	36.96	1.48
D1	Sample 37	2	1	3	41250	36.96	1.51
D1	Sample 37	2	1	4	46260	37	1.54
D1	Sample 37	2	1	5	51250	37	1.56
D1	Sample 37	2	1	6	56250	37	1.57
D1	Sample 37	2	1	7	61250	36.96	1.58
D1	Sample 37	2	1	8	66250	37	1.58
D1	Sample 37	2	1	9	71260	37	1.59
D1	Sample 37	2	1	10	76240	36.96	1.59
D1	Sample 37	2	1	11	81250	37	1.59
D1	Sample 37	2	1	12	86260	37	1.59
D1	Sample 37	2	1	13	91270	37	1.60
D1	Sample 37	2	1	14	96280	37	1.59
D1	Sample 37	2	1	15	101270	36.96	1.60
D2	Sample 38	2	1	1	31230	37	1.56
D2	Sample 38	2	1	2	36250	36.96	1.59
D2	Sample 38	2	1	3	41250	36.96	1.60
D2	Sample 38	2	1	4	46260	37	1.63
D2	Sample 38	2	1	5	51250	37	1.63
D2	Sample 38	2	1	6	56250	37	1.65
D2	Sample 38	2	1	7	61250	36.96	1.65
D2	Sample 38	2	1	8	66250	37	1.66
D2	Sample 38	2	1	9	71260	37	1.66
D2	Sample 38	2	1	10	76240	36.96	1.66
D2	Sample 38	2	1	11	81250	37	1.66
D2	Sample 38	2	1	12	86260	37	1.66
D2	Sample 38	2	1	13	91270	37	1.67
D2	Sample 38	2	1	14	96280	37	1.67
D2	Sample 38	2	1	15	101270	36.96	1.66
D3	Sample 39	2	1	1	31230	37	1.57
D3	Sample 39	2	1	2	36250	36.96	1.58
D3	Sample 39	2	1	3	41250	36.96	1.58
D3	Sample 39	2	1	4	46260	37	1.57
D3	Sample 39	2	1	5	51250	37	1.57
D3	Sample 39	2	1	6	56250	37	1.58
D3	Sample 39	2	1	7	61250	36.96	1.58
D3	Sample 39	2	1	8	66250	37	1.58
D3	Sample 39	2	1	9	71260	37	1.58
D3	Sample 39	2	1	10	76240	36.96	1.58
D3	Sample 39	2	1	11	81250	37	1.58
D3	Sample 39	2	1	12	86260	37	1.58
D3	Sample 39	2	1	13	91270	37	1.58
D3	Sample 39	2	1	14	96280	37	1.59
D3	Sample 39	2	1	15	101270	36.96	1.59
D4	Sample 40	2	1	1	31230	37	1.52
D4	Sample 40	2	1	2	36250	36.96	1.55
D4	Sample 40	2	1	3	41250	36.96	1.56
D4	Sample 40	2	1	4	46260	37	1.58
D4	Sample 40	2	1	5	51250	37	1.59
D4	Sample 40	2	1	6	56250	37	1.60
D4	Sample 40	2	1	7	61250	36.96	1.60
D4	Sample 40	2	1	8	66250	37	1.61
D4	Sample 40	2	1	9	71260	37	1.60
D4	Sample 40	2	1	10	76240	36.96	1.61
D4	Sample 40	2	1	11	81250	37	1.62
D4	Sample 40	2	1	12	86260	37	1.62
D4	Sample 40	2	1	13	91270	37	1.63
D4	Sample 40	2	1	14	96280	37	1.62
D4	Sample 40	2	1	15	101270	36.96	1.62
D5	Sample 41	2	1	1	31230	37	0.48
D5	Sample 41	2	1	2	36250	36.96	0.49
D5	Sample 41	2	1	3	41250	36.96	0.49
D5	Sample 41	2	1	4	46260	37	0.49
D5	Sample 41	2	1	5	51250	37	0.49
D5	Sample 41	2	1	6	56250	37	0.49
D5	Sample 41	2	1	7	61250	36.96	0.49
D5	Sample 41	2	1	8	66250	37	0.49
D5	Sample 41	2	1	9	71260	37	0.49
D5	Sample 41	2	1	10	76240	36.96	0.49
D5	Sample 41	2	1	11	81250	37	0.49
D5	Sample 41	2	1	12	86260	37	0.49
D5	Sample 41	2	1	13	91270	37	0.49
D5	Sample 41	2	1	14	96280	37	0.49
D5	Sample 41	2	1	15	101270	36.96	0.49
D6	Sample 42	2	1	1	31230	37	0.51
D6	Sample 42	2	1	2	36250	36.96	0.51
D6	Sample 42	2	1	3	41250	36.96	0.50
D6	Sample 42	2	1	4	46260	37	0.49
D6	Sample 42	2	1	5	51250	37	0.49
D6	Sample 42	2	1	6	56250	37	0.50
D6	Sample 42	2	1	7	61250	36.96	0.48
D6	Sample 42	2	1	8	66250	37	0.49
D6	Sample 42	2	1	9	71260	37	0.49
D6	Sample 42	2	1	10	76240	36.96	0.49
D6	Sample 42	2	1	11	81250	37	0.49
D6	Sample 42	2	1	12	86260	37	0.49
D6	Sample 42	2	1	13	91270	37	0.49
D6	Sample 42	2	1	14	96280	37	0.49
D6	Sample 42	2	1	15	101270	36.96	0.48
D7	Sample 43	2	1	1	31230	37	0.57
D7	Sample 43	2	1	2	36250	36.96	0.56
D7	Sample 43	2	1	3	41250	36.96	0.56
D7	Sample 43	2	1	4	46260	37	0.55
D7	Sample 43	2	1	5	51250	37	0.54
D7	Sample 43	2	1	6	56250	37	0.54
D7	Sample 43	2	1	7	61250	36.96	0.54
D7	Sample 43	2	1	8	66250	37	0.54
D7	Sample 43	2	1	9	71260	37	0.54
D7	Sample 43	2	1	10	76240	36.96	0.54
D7	Sample 43	2	1	11	81250	37	0.54
D7	Sample 43	2	1	12	86260	37	0.54
D7	Sample 43	2	1	13	91270	37	0.54
D7	Sample 43	2	1	14	96280	37	0.54
D7	Sample 43	2	1	15	101270	36.96	0.54
D8	Sample 44	2	1	1	31230	37	0.56
D8	Sample 44	2	1	2	36250	36.96	0.55
D8	Sample 44	2	1	3	41250	36.96	0.55
D8	Sample 44	2	1	4	46260	37	0.54
D8	Sample 44	2	1	5	51250	37	0.54
D8	Sample 44	2	1	6	56250	37	0.54
D8	Sample 44	2	1	7	61250	36.96	0.53
D8	Sample 44	2	1	8	66250	37	0.53
D8	Sample 44	2	1	9	71260	37	0.53
D8	Sample 44	2	1	10	76240	36.96	0.53
D8	Sample 44	2	1	11	81250	37	0.52
D8	Sample 44	2	1	12	86260	37	0.53
D8	Sample 44	2	1	13	91270	37	0.54
D8	Sample 44	2	1	14	96280	37	0.53
D8	Sample 44	2	1	15	101270	36.96	0.53
D9	Sample 45	2	1	1	31230	37	0.67
D9	Sample 45	2	1	2	36250	36.96	0.67
D9	Sample 45	2	1	3	41250	36.96	0.66
D9	Sample 45	2	1	4	46260	37	0.66
D9	Sample 45	2	1	5	51250	37	0.66
D9	Sample 45	2	1	6	56250	37	0.66
D9	Sample 45	2	1	7	61250	36.96	0.65
D9	Sample 45	2	1	8	66250	37	0.65
D9	Sample 45	2	1	9	71260	37	0.65
D9	Sample 45	2	1	10	76240	36.96	0.65
D9	Sample 45	2	1	11	81250	37	0.66
D9	Sample 45	2	1	12	86260	37	0.65
D9	Sample 45	2	1	13	91270	37	0.65
D9	Sample 45	2	1	14	96280	37	0.65
D9	Sample 45	2	1	15	101270	36.96	0.65
D10	Sample 46	2	1	1	31230	37	0.69
D10	Sample 46	2	1	2	36250	36.96	0.68
D10	Sample 46	2	1	3	41250	36.96	0.68
D10	Sample 46	2	1	4	46260	37	0.67
D10	Sample 46	2	1	5	51250	37	0.67
D10	Sample 46	2	1	6	56250	37	0.67
D10	Sample 46	2	1	7	61250	36.96	0.65
D10	Sample 46	2	1	8	66250	37	0.66
D10	Sample 46	2	1	9	71260	37	0.65
D10	Sample 46	2	1	10	76240	36.96	0.66
D10	Sample 46	2	1	11	81250	37	0.65
D10	Sample 46	2	1	12	86260	37	0.66
D10	Sample 46	2	1	13	91270	37	0.66
D10	Sample 46	2	1	14	96280	37	0.65
D10	Sample 46	2	1	15	101270	36.96	0.65
D11	Sample 47	2	1	1	31230	37	0.75
D11	Sample 47	2	1	2	36250	36.96	0.74
D11	Sample 47	2	1	3	41250	36.96	0.74
D11	Sample 47	2	1	4	46260	37	0.73
D11	Sample 47	2	1	5	51250	37	0.73
D11	Sample 47	2	1	6	56250	37	0.73
D11	Sample 47	2	1	7	61250	36.96	0.72
D11	Sample 47	2	1	8	66250	37	0.72
D11	Sample 47	2	1	9	71260	37	0.72
D11	Sample 47	2	1	10	76240	36.96	0.72
D11	Sample 47	2	1	11	81250	37	0.72
D11	Sample 47	2	1	12	86260	37	0.72
D11	Sample 47	2	1	13	91270	37	0.72
D11	Sample 47	2	1	14	96280	37	0.72
D11	Sample 47	2	1	15	101270	36.96	0.72
D12	Sample 48	2	1	1	31230	37	0.74
D12	Sample 48	2	1	2	36250	36.96	0.73
D12	Sample 48	2	1	3	41250	36.96	0.72
D12	Sample 48	2	1	4	46260	37	0.71
D12	Sample 48	2	1	5	51250	37	0.71
D12	Sample 48	2	1	6	56250	37	0.71
D12	Sample 48	2	1	7	61250	36.96	0.71
D12	Sample 48	2	1	8	66250	37	0.70
D12	Sample 48	2	1	9	71260	37	0.70
D12	Sample 48	2	1	10	76240	36.96	0.70
D12	Sample 48	2	1	11	81250	37	0.70
D12	Sample 48	2	1	12	86260	37	0.70
D12	Sample 48	2	1	13	91270	37	0.70
D12	Sample 48	2	1	14	96280	37	0.70
D12	Sample 48	2	1	15	101270	36.96	0.70
E1	Sample 49	2	1	1	31230	37	1.44
E1	Sample 49	2	1	2	36250	36.96	1.46
E1	Sample 49	2	1	3	41250	36.96	1.48
E1	Sample 49	2	1	4	46260	37	1.50
E1	Sample 49	2	1	5	51250	37	1.51
E1	Sample 49	2	1	6	56250	37	1.52
E1	Sample 49	2	1	7	61250	36.96	1.51
E1	Sample 49	2	1	8	66250	37	1.51
E1	Sample 49	2	1	9	71260	37	1.53
E1	Sample 49	2	1	10	76240	36.96	1.52
E1	Sample 49	2	1	11	81250	37	1.53
E1	Sample 49	2	1	12	86260	37	1.51
E1	Sample 49	2	1	13	91270	37	1.52
E1	Sample 49	2	1	14	96280	37	1.53
E1	Sample 49	2	1	15	101270	36.96	1.53
E2	Sample 50	2	1	1	31230	37	1.61
E2	Sample 50	2	1	2	36250	36.96	1.59
E2	Sample 50	2	1	3	41250	36.96	1.59
E2	Sample 50	2	1	4	46260	37	1.59
E2	Sample 50	2	1	5	51250	37	1.58
E2	Sample 50	2	1	6	56250	37	1.58
E2	Sample 50	2	1	7	61250	36.96	1.57
E2	Sample 50	2	1	8	66250	37	1.57
E2	Sample 50	2	1	9	71260	37	1.57
E2	Sample 50	2	1	10	76240	36.96	1.57
E2	Sample 50	2	1	11	81250	37	1.57
E2	Sample 50	2	1	12	86260	37	1.57
E2	Sample 50	2	1	13	91270	37	1.57
E2	Sample 50	2	1	14	96280	37	1.57
E2	Sample 50	2	1	15	101270	36.96	1.56
E3	Sample 51	2	1	1	31230	37	1.65
E3	Sample 51	2	1	2	36250	36.96	1.64
E3	Sample 51	2	1	3	41250	36.96	1.62
E3	Sample 51	2	1	4	46260	37	1.61
E3	Sample 51	2	1	5	51250	37	1.61
E3	Sample 51	2	1	6	56250	37	1.60
E3	Sample 51	2	1	7	61250	36.96	1.58
E3	Sample 51	2	1	8	66250	37	1.59
E3	Sample 51	2	1	9	71260	37	1.59
E3	Sample 51	2	1	10	76240	36.96	1.59
E3	Sample 51	2	1	11	81250	37	1.59
E3	Sample 51	2	1	12	86260	37	1.59
E3	Sample 51	2	1	13	91270	37	1.58
E3	Sample 51	2	1	14	96280	37	1.59
E3	Sample 51	2	1	15	101270	36.96	1.59
E4	Sample 52	2	1	1	31230	37	1.73
E4	Sample 52	2	1	2	36250	36.96	1.72
E4	Sample 52	2	1	3	41250	36.96	1.71
E4	Sample 52	2	1	4	46260	37	1.69
E4	Sample 52	2	1	5	51250	37	1.67
E4	Sample 52	2	1	6	56250	37	1.67
E4	Sample 52	2	1	7	61250	36.96	1.66
E4	Sample 52	2	1	8	66250	37	1.65
E4	Sample 52	2	1	9	71260	37	1.66
E4	Sample 52	2	1	10	76240	36.96	1.65
E4	Sample 52	2	1	11	81250	37	1.65
E4	Sample 52	2	1	12	86260	37	1.65
E4	Sample 52	2	1	13	91270	37	1.66
E4	Sample 52	2	1	14	96280	37	1.66
E4	Sample 52	2	1	15	101270	36.96	1.65
E5	Sample 53	2	1	1	31230	37	0.57
E5	Sample 53	2	1	2	36250	36.96	0.57
E5	Sample 53	2	1	3	41250	36.96	0.56
E5	Sample 53	2	1	4	46260	37	0.55
E5	Sample 53	2	1	5	51250	37	0.55
E5	Sample 53	2	1	6	56250	37	0.56
E5	Sample 53	2	1	7	61250	36.96	0.55
E5	Sample 53	2	1	8	66250	37	0.55
E5	Sample 53	2	1	9	71260	37	0.55
E5	Sample 53	2	1	10	76240	36.96	0.55
E5	Sample 53	2	1	11	81250	37	0.55
E5	Sample 53	2	1	12	86260	37	0.55
E5	Sample 53	2	1	13	91270	37	0.55
E5	Sample 53	2	1	14	96280	37	0.55
E5	Sample 53	2	1	15	101270	36.96	0.55
E6	Sample 54	2	1	1	31230	37	0.53
E6	Sample 54	2	1	2	36250	36.96	0.52
E6	Sample 54	2	1	3	41250	36.96	0.52
E6	Sample 54	2	1	4	46260	37	0.51
E6	Sample 54	2	1	5	51250	37	0.51
E6	Sample 54	2	1	6	56250	37	0.51
E6	Sample 54	2	1	7	61250	36.96	0.50
E6	Sample 54	2	1	8	66250	37	0.51
E6	Sample 54	2	1	9	71260	37	0.51
E6	Sample 54	2	1	10	76240	36.96	0.51
E6	Sample 54	2	1	11	81250	37	0.51
E6	Sample 54	2	1	12	86260	37	0.51
E6	Sample 54	2	1	13	91270	37	0.50
E6	Sample 54	2	1	14	96280	37	0.51
E6	Sample 54	2	1	15	101270	36.96	0.51
E7	Sample 55	2	1	1	31230	37	0.70
E7	Sample 55	2	1	2	36250	36.96	0.69
E7	Sample 55	2	1	3	41250	36.96	0.68
E7	Sample 55	2	1	4	46260	37	0.67
E7	Sample 55	2	1	5	51250	37	0.67
E7	Sample 55	2	1	6	56250	37	0.67
E7	Sample 55	2	1	7	61250	36.96	0.66
E7	Sample 55	2	1	8	66250	37	0.66
E7	Sample 55	2	1	9	71260	37	0.66
E7	Sample 55	2	1	10	76240	36.96	0.66
E7	Sample 55	2	1	11	81250	37	0.66
E7	Sample 55	2	1	12	86260	37	0.67
E7	Sample 55	2	1	13	91270	37	0.66
E7	Sample 55	2	1	14	96280	37	0.67
E7	Sample 55	2	1	15	101270	36.96	0.66
E8	Sample 56	2	1	1	31230	37	0.65
E8	Sample 56	2	1	2	36250	36.96	0.63
E8	Sample 56	2	1	3	41250	36.96	0.63
E8	Sample 56	2	1	4	46260	37	0.62
E8	Sample 56	2	1	5	51250	37	0.62
E8	Sample 56	2	1	6	56250	37	0.62
E8	Sample 56	2	1	7	61250	36.96	0.61
E8	Sample 56	2	1	8	66250	37	0.61
E8	Sample 56	2	1	9	71260	37	0.62
E8	Sample 56	2	1	10	76240	36.96	0.61
E8	Sample 56	2	1	11	81250	37	0.61
E8	Sample 56	2	1	12	86260	37	0.61
E8	Sample 56	2	1	13	91270	37	0.60
E8	Sample 56	2	1	14	96280	37	0.62
E8	Sample 56	2	1	15	101270	36.96	0.61
E9	Sample 57	2	1	1	31230	37	0.76
E9	Sample 57	2	1	2	36250	36.96	0.76
E9	Sample 57	2	1	3	41250	36.96	0.75
E9	Sample 57	2	1	4	46260	37	0.74
E9	Sample 57	2	1	5	51250	37	0.74
E9	Sample 57	2	1	6	56250	37	0.74
E9	Sample 57	2	1	7	61250	36.96	0.73
E9	Sample 57	2	1	8	66250	37	0.73
E9	Sample 57	2	1	9	71260	37	0.73
E9	Sample 57	2	1	10	76240	36.96	0.74
E9	Sample 57	2	1	11	81250	37	0.73
E9	Sample 57	2	1	12	86260	37	0.74
E9	Sample 57	2	1	13	91270	37	0.73
E9	Sample 57	2	1	14	96280	37	0.74
E9	Sample 57	2	1	15	101270	36.96	0.72
E10	Sample 58	2	1	1	31230	37	0.71
E10	Sample 58	2	1	2	36250	36.96	0.70
E10	Sample 58	2	1	3	41250	36.96	0.70
E10	Sample 58	2	1	4	46260	37	0.68
E10	Sample 58	2	1	5	51250	37	0.68
E10	Sample 58	2	1	6	56250	37	0.69
E10	Sample 58	2	1	7	61250	36.96	0.68
E10	Sample 58	2	1	8	66250	37	0.67
E10	Sample 58	2	1	9	71260	37	0.68
E10	Sample 58	2	1	10	76240	36.96	0.68
E10	Sample 58	2	1	11	81250	37	0.67
E10	Sample 58	2	1	12	86260	37	0.68
E10	Sample 58	2	1	13	91270	37	0.68
E10	Sample 58	2	1	14	96280	37	0.69
E10	Sample 58	2	1	15	101270	36.96	0.68
E11	Sample 59	2	1	1	31230	37	1.01
E11	Sample 59	2	1	2	36250	36.96	1.00
E11	Sample 59	2	1	3	41250	36.96	1.00
E11	Sample 59	2	1	4	46260	37	0.99
E11	Sample 59	2	1	5	51250	37	0.98
E11	Sample 59	2	1	6	56250	37	0.98
E11	Sample 59	2	1	7	61250	36.96	0.97
E11	Sample 59	2	1	8	66250	37	0.97
E11	Sample 59	2	1	9	71260	37	0.98
E11	Sample 59	2	1	10	76240	36.96	0.98
E11	Sample 59	2	1	11	81250	37	0.98
E11	Sample 59	2	1	12	86260	37	0.98
E11	Sample 59	2	1	13	91270	37	0.98
E11	Sample 59	2	1	14	96280	37	0.99
E11	Sample 59	2	1	15	101270	36.96	0.99
E12	Sample 60	2	1	1	31230	37	0.97
E12	Sample 60	2	1	2	36250	36.96	0.95
E12	Sample 60	2	1	3	41250	36.96	0.95
E12	Sample 60	2	1	4	46260	37	0.95
E12	Sample 60	2	1	5	51250	37	0.95
E12	Sample 60	2	1	6	56250	37	0.94
E12	Sample 60	2	1	7	61250	36.96	0.94
E12	Sample 60	2	1	8	66250	37	0.94
E12	Sample 60	2	1	9	71260	37	0.94
E12	Sample 60	2	1	10	76240	36.96	0.93
E12	Sample 60	2	1	11	81250	37	0.93
E12	Sample 60	2	1	12	86260	37	0.94
E12	Sample 60	2	1	13	91270	37	0.93
E12	Sample 60	2	1	14	96280	37	0.94
E12	Sample 60	2	1	15	101270	36.96	0.93
F1	Sample 61	2	1	1	31230	37	1.44
F1	Sample 61	2	1	2	36250	36.96	1.47
F1	Sample 61	2	1	3	41250	36.96	1.50
F1	Sample 61	2	1	4	46260	37	1.50
F1	Sample 61	2	1	5	51250	37	1.51
F1	Sample 61	2	1	6	56250	37	1.52
F1	Sample 61	2	1	7	61250	36.96	1.53
F1	Sample 61	2	1	8	66250	37	1.52
F1	Sample 61	2	1	9	71260	37	1.52
F1	Sample 61	2	1	10	76240	36.96	1.53
F1	Sample 61	2	1	11	81250	37	1.52
F1	Sample 61	2	1	12	86260	37	1.52
F1	Sample 61	2	1	13	91270	37	1.53
F1	Sample 61	2	1	14	96280	37	1.53
F1	Sample 61	2	1	15	101270	36.96	1.53
F2	Sample 62	2	1	1	31230	37	1.61
F2	Sample 62	2	1	2	36250	36.96	1.59
F2	Sample 62	2	1	3	41250	36.96	1.59
F2	Sample 62	2	1	4	46260	37	1.57
F2	Sample 62	2	1	5	51250	37	1.57
F2	Sample 62	2	1	6	56250	37	1.57
F2	Sample 62	2	1	7	61250	36.96	1.56
F2	Sample 62	2	1	8	66250	37	1.56
F2	Sample 62	2	1	9	71260	37	1.56
F2	Sample 62	2	1	10	76240	36.96	1.55
F2	Sample 62	2	1	11	81250	37	1.55
F2	Sample 62	2	1	12	86260	37	1.56
F2	Sample 62	2	1	13	91270	37	1.57
F2	Sample 62	2	1	14	96280	37	1.56
F2	Sample 62	2	1	15	101270	36.96	1.56
F3	Sample 63	2	1	1	31230	37	1.65
F3	Sample 63	2	1	2	36250	36.96	1.64
F3	Sample 63	2	1	3	41250	36.96	1.63
F3	Sample 63	2	1	4	46260	37	1.60
F3	Sample 63	2	1	5	51250	37	1.60
F3	Sample 63	2	1	6	56250	37	1.61
F3	Sample 63	2	1	7	61250	36.96	1.60
F3	Sample 63	2	1	8	66250	37	1.59
F3	Sample 63	2	1	9	71260	37	1.58
F3	Sample 63	2	1	10	76240	36.96	1.58
F3	Sample 63	2	1	11	81250	37	1.58
F3	Sample 63	2	1	12	86260	37	1.59
F3	Sample 63	2	1	13	91270	37	1.59
F3	Sample 63	2	1	14	96280	37	1.58
F3	Sample 63	2	1	15	101270	36.96	1.59
F4	Sample 64	2	1	1	31230	37	1.71
F4	Sample 64	2	1	2	36250	36.96	1.67
F4	Sample 64	2	1	3	41250	36.96	1.68
F4	Sample 64	2	1	4	46260	37	1.64
F4	Sample 64	2	1	5	51250	37	1.64
F4	Sample 64	2	1	6	56250	37	1.64
F4	Sample 64	2	1	7	61250	36.96	1.63
F4	Sample 64	2	1	8	66250	37	1.63
F4	Sample 64	2	1	9	71260	37	1.63
F4	Sample 64	2	1	10	76240	36.96	1.63
F4	Sample 64	2	1	11	81250	37	1.63
F4	Sample 64	2	1	12	86260	37	1.63
F4	Sample 64	2	1	13	91270	37	1.64
F4	Sample 64	2	1	14	96280	37	1.64
F4	Sample 64	2	1	15	101270	36.96	1.64
F5	Sample 65	2	1	1	31230	37	0.72
F5	Sample 65	2	1	2	36250	36.96	0.71
F5	Sample 65	2	1	3	41250	36.96	0.72
F5	Sample 65	2	1	4	46260	37	0.70
F5	Sample 65	2	1	5	51250	37	0.71
F5	Sample 65	2	1	6	56250	37	0.71
F5	Sample 65	2	1	7	61250	36.96	0.71
F5	Sample 65	2	1	8	66250	37	0.70
F5	Sample 65	2	1	9	71260	37	0.70
F5	Sample 65	2	1	10	76240	36.96	0.71
F5	Sample 65	2	1	11	81250	37	0.70
F5	Sample 65	2	1	12	86260	37	0.70
F5	Sample 65	2	1	13	91270	37	0.70
F5	Sample 65	2	1	14	96280	37	0.70
F5	Sample 65	2	1	15	101270	36.96	0.71
F6	Sample 66	2	1	1	31230	37	0.63
F6	Sample 66	2	1	2	36250	36.96	0.62
F6	Sample 66	2	1	3	41250	36.96	0.63
F6	Sample 66	2	1	4	46260	37	0.61
F6	Sample 66	2	1	5	51250	37	0.61
F6	Sample 66	2	1	6	56250	37	0.61
F6	Sample 66	2	1	7	61250	36.96	0.61
F6	Sample 66	2	1	8	66250	37	0.61
F6	Sample 66	2	1	9	71260	37	0.61
F6	Sample 66	2	1	10	76240	36.96	0.61
F6	Sample 66	2	1	11	81250	37	0.61
F6	Sample 66	2	1	12	86260	37	0.62
F6	Sample 66	2	1	13	91270	37	0.62
F6	Sample 66	2	1	14	96280	37	0.61
F6	Sample 66	2	1	15	101270	36.96	0.60
F7	Sample 67	2	1	1	31230	37	0.71
F7	Sample 67	2	1	2	36250	36.96	0.70
F7	Sample 67	2	1	3	41250	36.96	0.70
F7	Sample 67	2	1	4	46260	37	0.69
F7	Sample 67	2	1	5	51250	37	0.69
F7	Sample 67	2	1	6	56250	37	0.69
F7	Sample 67	2	1	7	61250	36.96	0.68
F7	Sample 67	2	1	8	66250	37	0.68
F7	Sample 67	2	1	9	71260	37	0.68
F7	Sample 67	2	1	10	76240	36.96	0.68
F7	Sample 67	2	1	11	81250	37	0.69
F7	Sample 67	2	1	12	86260	37	0.68
F7	Sample 67	2	1	13	91270	37	0.68
F7	Sample 67	2	1	14	96280	37	0.68
F7	Sample 67	2	1	15	101270	36.96	0.68
F8	Sample 68	2	1	1	31230	37	0.71
F8	Sample 68	2	1	2	36250	36.96	0.70
F8	Sample 68	2	1	3	41250	36.96	0.70
F8	Sample 68	2	1	4	46260	37	0.69
F8	Sample 68	2	1	5	51250	37	0.69
F8	Sample 68	2	1	6	56250	37	0.69
F8	Sample 68	2	1	7	61250	36.96	0.69
F8	Sample 68	2	1	8	66250	37	0.69
F8	Sample 68	2	1	9	71260	37	0.68
F8	Sample 68	2	1	10	76240	36.96	0.69
F8	Sample 68	2	1	11	81250	37	0.69
F8	Sample 68	2	1	12	86260	37	0.69
F8	Sample 68	2	1	13	91270	37	0.69
F8	Sample 68	2	1	14	96280	37	0.68
F8	Sample 68	2	1	15	101270	36.96	0.69
F9	Sample 69	2	1	1	31230	37	0.99
F9	Sample 69	2	1	2	36250	36.96	0.98
F9	Sample 69	2	1	3	41250	36.96	0.98
F9	Sample 69	2	1	4	46260	37	0.97
F9	Sample 69	2	1	5	51250	37	0.96
F9	Sample 69	2	1	6	56250	37	0.96
F9	Sample 69	2	1	7	61250	36.96	0.96
F9	Sample 69	2	1	8	66250	37	0.96
F9	Sample 69	2	1	9	71260	37	0.95
F9	Sample 69	2	1	10	76240	36.96	0.95
F9	Sample 69	2	1	11	81250	37	0.95
F9	Sample 69	2	1	12	86260	37	0.95
F9	Sample 69	2	1	13	91270	37	0.95
F9	Sample 69	2	1	14	96280	37	0.95
F9	Sample 69	2	1	15	101270	36.96	0.95
F10	Sample 70	2	1	1	31230	37	0.86
F10	Sample 70	2	1	2	36250	36.96	0.85
F10	Sample 70	2	1	3	41250	36.96	0.85
F10	Sample 70	2	1	4	46260	37	0.83
F10	Sample 70	2	1	5	51250	37	0.83
F10	Sample 70	2	1	6	56250	37	0.83
F10	Sample 70	2	1	7	61250	36.96	0.82
F10	Sample 70	2	1	8	66250	37	0.83
F10	Sample 70	2	1	9	71260	37	0.82
F10	Sample 70	2	1	10	76240	36.96	0.83
F10	Sample 70	2	1	11	81250	37	0.83
F10	Sample 70	2	1	12	86260	37	0.83
F10	Sample 70	2	1	13	91270	37	0.83
F10	Sample 70	2	1	14	96280	37	0.83
F10	Sample 70	2	1	15	101270	36.96	0.83
F11	Sample 71	2	1	1	31230	37	1.06
F11	Sample 71	2	1	2	36250	36.96	1.05
F11	Sample 71	2	1	3	41250	36.96	1.05
F11	Sample 71	2	1	4	46260	37	1.04
F11	Sample 71	2	1	5	51250	37	1.04
F11	Sample 71	2	1	6	56250	37	1.03
F11	Sample 71	2	1	7	61250	36.96	1.03
F11	Sample 71	2	1	8	66250	37	1.03
F11	Sample 71	2	1	9	71260	37	1.03
F11	Sample 71	2	1	10	76240	36.96	1.03
F11	Sample 71	2	1	11	81250	37	1.04
F11	Sample 71	2	1	12	86260	37	1.03
F11	Sample 71	2	1	13	91270	37	1.04
F11	Sample 71	2	1	14	96280	37	1.03
F11	Sample 71	2	1	15	101270	36.96	1.03
F12	Sample 72	2	1	1	31230	37	1.00
F12	Sample 72	2	1	2	36250	36.96	0.99
F12	Sample 72	2	1	3	41250	36.96	0.98
F12	Sample 72	2	1	4	46260	37	0.97
F12	Sample 72	2	1	5	51250	37	0.97
F12	Sample 72	2	1	6	56250	37	0.97
F12	Sample 72	2	1	7	61250	36.96	0.97
F12	Sample 72	2	1	8	66250	37	0.97
F12	Sample 72	2	1	9	71260	37	0.96
F12	Sample 72	2	1	10	76240	36.96	0.96
F12	Sample 72	2	1	11	81250	37	0.96
F12	Sample 72	2	1	12	86260	37	0.96
F12	Sample 72	2	1	13	91270	37	0.96
F12	Sample 72	2	1	14	96280	37	0.96
F12	Sample 72	2	1	15	101270	36.96	0.96
G1	Sample 73	2	1	1	31230	37	1.40
G1	Sample 73	2	1	2	36250	36.96	1.43
G1	Sample 73	2	1	3	41250	36.96	1.46
G1	Sample 73	2	1	4	46260	37	1.47
G1	Sample 73	2	1	5	51250	37	1.48
G1	Sample 73	2	1	6	56250	37	1.48
G1	Sample 73	2	1	7	61250	36.96	1.48
G1	Sample 73	2	1	8	66250	37	1.49
G1	Sample 73	2	1	9	71260	37	1.49
G1	Sample 73	2	1	10	76240	36.96	1.49
G1	Sample 73	2	1	11	81250	37	1.49
G1	Sample 73	2	1	12	86260	37	1.49
G1	Sample 73	2	1	13	91270	37	1.49
G1	Sample 73	2	1	14	96280	37	1.49
G1	Sample 73	2	1	15	101270	36.96	1.48
G2	Sample 74	2	1	1	31230	37	1.54
G2	Sample 74	2	1	2	36250	36.96	1.55
G2	Sample 74	2	1	3	41250	36.96	1.57
G2	Sample 74	2	1	4	46260	37	1.57
G2	Sample 74	2	1	5	51250	37	1.59
G2	Sample 74	2	1	6	56250	37	1.59
G2	Sample 74	2	1	7	61250	36.96	1.59
G2	Sample 74	2	1	8	66250	37	1.59
G2	Sample 74	2	1	9	71260	37	1.60
G2	Sample 74	2	1	10	76240	36.96	1.59
G2	Sample 74	2	1	11	81250	37	1.60
G2	Sample 74	2	1	12	86260	37	1.60
G2	Sample 74	2	1	13	91270	37	1.59
G2	Sample 74	2	1	14	96280	37	1.60
G2	Sample 74	2	1	15	101270	36.96	1.60
G3	Sample 75	2	1	1	31230	37	1.68
G3	Sample 75	2	1	2	36250	36.96	1.65
G3	Sample 75	2	1	3	41250	36.96	1.65
G3	Sample 75	2	1	4	46260	37	1.64
G3	Sample 75	2	1	5	51250	37	1.63
G3	Sample 75	2	1	6	56250	37	1.62
G3	Sample 75	2	1	7	61250	36.96	1.62
G3	Sample 75	2	1	8	66250	37	1.62
G3	Sample 75	2	1	9	71260	37	1.63
G3	Sample 75	2	1	10	76240	36.96	1.62
G3	Sample 75	2	1	11	81250	37	1.61
G3	Sample 75	2	1	12	86260	37	1.62
G3	Sample 75	2	1	13	91270	37	1.61
G3	Sample 75	2	1	14	96280	37	1.61
G3	Sample 75	2	1	15	101270	36.96	1.61
G4	Sample 76	2	1	1	31230	37	1.74
G4	Sample 76	2	1	2	36250	36.96	1.72
G4	Sample 76	2	1	3	41250	36.96	1.71
G4	Sample 76	2	1	4	46260	37	1.69
G4	Sample 76	2	1	5	51250	37	1.69
G4	Sample 76	2	1	6	56250	37	1.69
G4	Sample 76	2	1	7	61250	36.96	1.68
G4	Sample 76	2	1	8	66250	37	1.69
G4	Sample 76	2	1	9	71260	37	1.68
G4	Sample 76	2	1	10	76240	36.96	1.68
G4	Sample 76	2	1	11	81250	37	1.69
G4	Sample 76	2	1	12	86260	37	1.68
G4	Sample 76	2	1	13	91270	37	1.68
G4	Sample 76	2	1	14	96280	37	1.68
G4	Sample 76	2	1	15	101270	36.96	1.68
G5	Sample 77	2	1	1	31230	37	0.73
G5	Sample 77	2	1	2	36250	36.96	0.72
G5	Sample 77	2	1	3	41250	36.96	0.72
G5	Sample 77	2	1	4	46260	37	0.71
G5	Sample 77	2	1	5	51250	37	0.71
G5	Sample 77	2	1	6	56250	37	0.71
G5	Sample 77	2	1	7	61250	36.96	0.71
G5	Sample 77	2	1	8	66250	37	0.70
G5	Sample 77	2	1	9	71260	37	0.70
G5	Sample 77	2	1	10	76240	36.96	0.70
G5	Sample 77	2	1	11	81250	37	0.70
G5	Sample 77	2	1	12	86260	37	0.70
G5	Sample 77	2	1	13	91270	37	0.70
G5	Sample 77	2	1	14	96280	37	0.70
G5	Sample 77	2	1	15	101270	36.96	0.70
G6	Sample 78	2	1	1	31230	37	0.72
G6	Sample 78	2	1	2	36250	36.96	0.70
G6	Sample 78	2	1	3	41250	36.96	0.71
G6	Sample 78	2	1	4	46260	37	0.70
G6	Sample 78	2	1	5	51250	37	0.70
G6	Sample 78	2	1	6	56250	37	0.70
G6	Sample 78	2	1	7	61250	36.96	0.70
G6	Sample 78	2	1	8	66250	37	0.70
G6	Sample 78	2	1	9	71260	37	0.70
G6	Sample 78	2	1	10	76240	36.96	0.70
G6	Sample 78	2	1	11	81250	37	0.70
G6	Sample 78	2	1	12	86260	37	0.70
G6	Sample 78	2	1	13	91270	37	0.70
G6	Sample 78	2	1	14	96280	37	0.70
G6	Sample 78	2	1	15	101270	36.96	0.70
G7	Sample 79	2	1	1	31230	37	0.69
G7	Sample 79	2	1	2	36250	36.96	0.67
G7	Sample 79	2	1	3	41250	36.96	0.68
G7	Sample 79	2	1	4	46260	37	0.67
G7	Sample 79	2	1	5	51250	37	0.67
G7	Sample 79	2	1	6	56250	37	0.67
G7	Sample 79	2	1	7	61250	36.96	0.67
G7	Sample 79	2	1	8	66250	37	0.67
G7	Sample 79	2	1	9	71260	37	0.67
G7	Sample 79	2	1	10	76240	36.96	0.67
G7	Sample 79	2	1	11	81250	37	0.67
G7	Sample 79	2	1	12	86260	37	0.67
G7	Sample 79	2	1	13	91270	37	0.67
G7	Sample 79	2	1	14	96280	37	0.67
G7	Sample 79	2	1	15	101270	36.96	0.66
G8	Sample 80	2	1	1	31230	37	0.69
G8	Sample 80	2	1	2	36250	36.96	0.67
G8	Sample 80	2	1	3	41250	36.96	0.67
G8	Sample 80	2	1	4	46260	37	0.66
G8	Sample 80	2	1	5	51250	37	0.66
G8	Sample 80	2	1	6	56250	37	0.66
G8	Sample 80	2	1	7	61250	36.96	0.66
G8	Sample 80	2	1	8	66250	37	0.66
G8	Sample 80	2	1	9	71260	37	0.66
G8	Sample 80	2	1	10	76240	36.96	0.66
G8	Sample 80	2	1	11	81250	37	0.65
G8	Sample 80	2	1	12	86260	37	0.65
G8	Sample 80	2	1	13	91270	37	0.66
G8	Sample 80	2	1	14	96280	37	0.66
G8	Sample 80	2	1	15	101270	36.96	0.66
G9	Sample 81	2	1	1	31230	37	1.03
G9	Sample 81	2	1	2	36250	36.96	1.01
G9	Sample 81	2	1	3	41250	36.96	1.02
G9	Sample 81	2	1	4	46260	37	1.00
G9	Sample 81	2	1	5	51250	37	1.00
G9	Sample 81	2	1	6	56250	37	1.00
G9	Sample 81	2	1	7	61250	36.96	0.99
G9	Sample 81	2	1	8	66250	37	0.99
G9	Sample 81	2	1	9	71260	37	0.99
G9	Sample 81	2	1	10	76240	36.96	0.99
G9	Sample 81	2	1	11	81250	37	0.99
G9	Sample 81	2	1	12	86260	37	0.99
G9	Sample 81	2	1	13	91270	37	0.99
G9	Sample 81	2	1	14	96280	37	0.99
G9	Sample 81	2	1	15	101270	36.96	0.99
G10	Sample 82	2	1	1	31230	37	0.99
G10	Sample 82	2	1	2	36250	36.96	0.98
G10	Sample 82	2	1	3	41250	36.96	0.98
G10	Sample 82	2	1	4	46260	37	0.97
G10	Sample 82	2	1	5	51250	37	0.97
G10	Sample 82	2	1	6	56250	37	0.98
G10	Sample 82	2	1	7	61250	36.96	0.97
G10	Sample 82	2	1	8	66250	37	0.96
G10	Sample 82	2	1	9	71260	37	0.97
G10	Sample 82	2	1	10	76240	36.96	0.96
G10	Sample 82	2	1	11	81250	37	0.96
G10	Sample 82	2	1	12	86260	37	0.96
G10	Sample 82	2	1	13	91270	37	0.96
G10	Sample 82	2	1	14	96280	37	0.97
G10	Sample 82	2	1	15	101270	36.96	0.96
G11	Sample 83	2	1	1	31230	37	1.05
G11	Sample 83	2	1	2	36250	36.96	1.03
G11	Sample 83	2	1	3	41250	36.96	1.03
G11	Sample 83	2	1	4	46260	37	1.02
G11	Sample 83	2	1	5	51250	37	1.02
G11	Sample 83	2	1	6	56250	37	1.02
G11	Sample 83	2	1	7	61250	36.96	1.01
G11	Sample 83	2	1	8	66250	37	1.01
G11	Sample 83	2	1	9	71260	37	1.01
G11	Sample 83	2	1	10	76240	36.96	1.01
G11	Sample 83	2	1	11	81250	37	1.01
G11	Sample 83	2	1	12	86260	37	1.01
G11	Sample 83	2	1	13	91270	37	1.01
G11	Sample 83	2	1	14	96280	37	1.01
G11	Sample 83	2	1	15	101270	36.96	1.01
G12	Sample 84	2	1	1	31230	37	0.98
G12	Sample 84	2	1	2	36250	36.96	0.96
G12	Sample 84	2	1	3	41250	36.96	0.96
G12	Sample 84	2	1	4	46260	37	0.95
G12	Sample 84	2	1	5	51250	37	0.95
G12	Sample 84	2	1	6	56250	37	0.95
G12	Sample 84	2	1	7	61250	36.96	0.95
G12	Sample 84	2	1	8	66250	37	0.95
G12	Sample 84	2	1	9	71260	37	0.95
G12	Sample 84	2	1	10	76240	36.96	0.95
G12	Sample 84	2	1	11	81250	37	0.94
G12	Sample 84	2	1	12	86260	37	0.94
G12	Sample 84	2	1	13	91270	37	0.94
G12	Sample 84	2	1	14	96280	37	0.93
G12	Sample 84	2	1	15	101270	36.96	0.94
H1	Sample 85	2	1	1	31230	37	1.42
H1	Sample 85	2	1	2	36250	36.96	1.44
H1	Sample 85	2	1	3	41250	36.96	1.45
H1	Sample 85	2	1	4	46260	37	1.46
H1	Sample 85	2	1	5	51250	37	1.46
H1	Sample 85	2	1	6	56250	37	1.47
H1	Sample 85	2	1	7	61250	36.96	1.48
H1	Sample 85	2	1	8	66250	37	1.47
H1	Sample 85	2	1	9	71260	37	1.47
H1	Sample 85	2	1	10	76240	36.96	1.48
H1	Sample 85	2	1	11	81250	37	1.48
H1	Sample 85	2	1	12	86260	37	1.48
H1	Sample 85	2	1	13	91270	37	1.48
H1	Sample 85	2	1	14	96280	37	1.48
H1	Sample 85	2	1	15	101270	36.96	1.48
H2	Sample 86	2	1	1	31230	37	1.44
H2	Sample 86	2	1	2	36250	36.96	1.46
H2	Sample 86	2	1	3	41250	36.96	1.47
H2	Sample 86	2	1	4	46260	37	1.49
H2	Sample 86	2	1	5	51250	37	1.49
H2	Sample 86	2	1	6	56250	37	1.51
H2	Sample 86	2	1	7	61250	36.96	1.51
H2	Sample 86	2	1	8	66250	37	1.51
H2	Sample 86	2	1	9	71260	37	1.51
H2	Sample 86	2	1	10	76240	36.96	1.52
H2	Sample 86	2	1	11	81250	37	1.51
H2	Sample 86	2	1	12	86260	37	1.51
H2	Sample 86	2	1	13	91270	37	1.51
H2	Sample 86	2	1	14	96280	37	1.51
H2	Sample 86	2	1	15	101270	36.96	1.52
H3	Sample 87	2	1	1	31230	37	1.62
H3	Sample 87	2	1	2	36250	36.96	1.61
H3	Sample 87	2	1	3	41250	36.96	1.60
H3	Sample 87	2	1	4	46260	37	1.60
H3	Sample 87	2	1	5	51250	37	1.59
H3	Sample 87	2	1	6	56250	37	1.59
H3	Sample 87	2	1	7	61250	36.96	1.59
H3	Sample 87	2	1	8	66250	37	1.58
H3	Sample 87	2	1	9	71260	37	1.59
H3	Sample 87	2	1	10	76240	36.96	1.59
H3	Sample 87	2	1	11	81250	37	1.60
H3	Sample 87	2	1	12	86260	37	1.59
H3	Sample 87	2	1	13	91270	37	1.59
H3	Sample 87	2	1	14	96280	37	1.58
H3	Sample 87	2	1	15	101270	36.96	1.59
H4	Sample 88	2	1	1	31230	37	1.67
H4	Sample 88	2	1	2	36250	36.96	1.65
H4	Sample 88	2	1	3	41250	36.96	1.65
H4	Sample 88	2	1	4	46260	37	1.65
H4	Sample 88	2	1	5	51250	37	1.63
H4	Sample 88	2	1	6	56250	37	1.63
H4	Sample 88	2	1	7	61250	36.96	1.63
H4	Sample 88	2	1	8	66250	37	1.62
H4	Sample 88	2	1	9	71260	37	1.62
H4	Sample 88	2	1	10	76240	36.96	1.63
H4	Sample 88	2	1	11	81250	37	1.62
H4	Sample 88	2	1	12	86260	37	1.63
H4	Sample 88	2	1	13	91270	37	1.62
H4	Sample 88	2	1	14	96280	37	1.62
H4	Sample 88	2	1	15	101270	36.96	1.63
H5	Sample 89	2	1	1	31230	37	0.74
H5	Sample 89	2	1	2	36250	36.96	0.73
H5	Sample 89	2	1	3	41250	36.96	0.73
H5	Sample 89	2	1	4	46260	37	0.72
H5	Sample 89	2	1	5	51250	37	0.73
H5	Sample 89	2	1	6	56250	37	0.72
H5	Sample 89	2	1	7	61250	36.96	0.71
H5	Sample 89	2	1	8	66250	37	0.72
H5	Sample 89	2	1	9	71260	37	0.72
H5	Sample 89	2	1	10	76240	36.96	0.71
H5	Sample 89	2	1	11	81250	37	0.71
H5	Sample 89	2	1	12	86260	37	0.72
H5	Sample 89	2	1	13	91270	37	0.71
H5	Sample 89	2	1	14	96280	37	0.72
H5	Sample 89	2	1	15	101270	36.96	0.72
H6	Sample 90	2	1	1	31230	37	0.71
H6	Sample 90	2	1	2	36250	36.96	0.70
H6	Sample 90	2	1	3	41250	36.96	0.71
H6	Sample 90	2	1	4	46260	37	0.69
H6	Sample 90	2	1	5	51250	37	0.70
H6	Sample 90	2	1	6	56250	37	0.69
H6	Sample 90	2	1	7	61250	36.96	0.69
H6	Sample 90	2	1	8	66250	37	0.69
H6	Sample 90	2	1	9	71260	37	0.69
H6	Sample 90	2	1	10	76240	36.96	0.69
H6	Sample 90	2	1	11	81250	37	0.69
H6	Sample 90	2	1	12	86260	37	0.69
H6	Sample 90	2	1	13	91270	37	0.68
H6	Sample 90	2	1	14	96280	37	0.69
H6	Sample 90	2	1	15	101270	36.96	0.69
H7	Sample 91	2	1	1	31230	37	0.71
H7	Sample 91	2	1	2	36250	36.96	0.71
H7	Sample 91	2	1	3	41250	36.96	0.71
H7	Sample 91	2	1	4	46260	37	0.70
H7	Sample 91	2	1	5	51250	37	0.69
H7	Sample 91	2	1	6	56250	37	0.70
H7	Sample 91	2	1	7	61250	36.96	0.70
H7	Sample 91	2	1	8	66250	37	0.69
H7	Sample 91	2	1	9	71260	37	0.69
H7	Sample 91	2	1	10	76240	36.96	0.69
H7	Sample 91	2	1	11	81250	37	0.69
H7	Sample 91	2	1	12	86260	37	0.69
H7	Sample 91	2	1	13	91270	37	0.69
H7	Sample 91	2	1	14	96280	37	0.68
H7	Sample 91	2	1	15	101270	36.96	0.69
H8	Sample 92	2	1	1	31230	37	0.70
H8	Sample 92	2	1	2	36250	36.96	0.70
H8	Sample 92	2	1	3	41250	36.96	0.69
H8	Sample 92	2	1	4	46260	37	0.68
H8	Sample 92	2	1	5	51250	37	0.68
H8	Sample 92	2	1	6	56250	37	0.68
H8	Sample 92	2	1	7	61250	36.96	0.68
H8	Sample 92	2	1	8	66250	37	0.68
H8	Sample 92	2	1	9	71260	37	0.68
H8	Sample 92	2	1	10	76240	36.96	0.68
H8	Sample 92	2	1	11	81250	37	0.67
H8	Sample 92	2	1	12	86260	37	0.68
H8	Sample 92	2	1	13	91270	37	0.68
H8	Sample 92	2	1	14	96280	37	0.68
H8	Sample 92	2	1	15	101270	36.96	0.68
H9	Sample 93	2	1	1	31230	37	1.00
H9	Sample 93	2	1	2	36250	36.96	0.99
H9	Sample 93	2	1	3	41250	36.96	0.99
H9	Sample 93	2	1	4	46260	37	0.98
H9	Sample 93	2	1	5	51250	37	0.97
H9	Sample 93	2	1	6	56250	37	0.97
H9	Sample 93	2	1	7	61250	36.96	0.98
H9	Sample 93	2	1	8	66250	37	0.97
H9	Sample 93	2	1	9	71260	37	0.97
H9	Sample 93	2	1	10	76240	36.96	0.97
H9	Sample 93	2	1	11	81250	37	0.97
H9	Sample 93	2	1	12	86260	37	0.97
H9	Sample 93	2	1	13	91270	37	0.97
H9	Sample 93	2	1	14	96280	37	0.96
H9	Sample 93	2	1	15	101270	36.96	0.97
H10	Sample 94	2	1	1	31230	37	1.00
H10	Sample 94	2	1	2	36250	36.96	0.99
H10	Sample 94	2	1	3	41250	36.96	0.98
H10	Sample 94	2	1	4	46260	37	0.97
H10	Sample 94	2	1	5	51250	37	0.97
H10	Sample 94	2	1	6	56250	37	0.97
H10	Sample 94	2	1	7	61250	36.96	0.97
H10	Sample 94	2	1	8	66250	37	0.97
H10	Sample 94	2	1	9	71260	37	0.96
H10	Sample 94	2	1	10	76240	36.96	0.96
H10	Sample 94	2	1	11	81250	37	0.97
H10	Sample 94	2	1	12	86260	37	0.96
H10	Sample 94	2	1	13	91270	37	0.96
H10	Sample 94	2	1	14	96280	37	0.96
H10	Sample 94	2	1	15	101270	36.96	0.96
H11	Sample 95	2	1	1	31230	37	0.95
H11	Sample 95	2	1	2	36250	36.96	0.95
H11	Sample 95	2	1	3	41250	36.96	0.94
H11	Sample 95	2	1	4	46260	37	0.94
H11	Sample 95	2	1	5	51250	37	0.94
H11	Sample 95	2	1	6	56250	37	0.94
H11	Sample 95	2	1	7	61250	36.96	0.93
H11	Sample 95	2	1	8	66250	37	0.92
H11	Sample 95	2	1	9	71260	37	0.92
H11	Sample 95	2	1	10	76240	36.96	0.93
H11	Sample 95	2	1	11	81250	37	0.92
H11	Sample 95	2	1	12	86260	37	0.92
H11	Sample 95	2	1	13	91270	37	0.92
H11	Sample 95	2	1	14	96280	37	0.92
H11	Sample 95	2	1	15	101270	36.96	0.92
H12	Sample 96	2	1	1	31230	37	0.95
H12	Sample 96	2	1	2	36250	36.96	0.93
H12	Sample 96	2	1	3	41250	36.96	0.94
H12	Sample 96	2	1	4	46260	37	0.92
H12	Sample 96	2	1	5	51250	37	0.93
H12	Sample 96	2	1	6	56250	37	0.92
H12	Sample 96	2	1	7	61250	36.96	0.92
H12	Sample 96	2	1	8	66250	37	0.92
H12	Sample 96	2	1	9	71260	37	0.92
H12	Sample 96	2	1	10	76240	36.96	0.92
H12	Sample 96	2	1	11	81250	37	0.91
H12	Sample 96	2	1	12	86260	37	0.91
H12	Sample 96	2	1	13	91270	37	0.92
H12	Sample 96	2	1	14	96280	37	0.91
H12	Sample 96	2	1	15	101270	36.96	0.92
