Raw Data 		Experiment - evIC50_5_plate6_15APRIL2026 (Run on LCS480 1.5.1.62)
SamplePos	SampleName	Prog#	Seg#	Cycle#	Time	Temp	465-510	
A1	Sample 1	2	1	1	34450	36.96	1.29
A1	Sample 1	2	1	2	39480	36.96	1.30
A1	Sample 1	2	1	3	44490	37	1.30
A1	Sample 1	2	1	4	49480	36.96	1.29
A1	Sample 1	2	1	5	54490	37	1.29
A1	Sample 1	2	1	6	59490	36.96	1.29
A1	Sample 1	2	1	7	64480	37	1.29
A1	Sample 1	2	1	8	69490	36.96	1.28
A1	Sample 1	2	1	9	74490	36.96	1.29
A1	Sample 1	2	1	10	79490	37	1.29
A1	Sample 1	2	1	11	84490	37	1.29
A1	Sample 1	2	1	12	89490	37	1.29
A1	Sample 1	2	1	13	94490	37	1.29
A1	Sample 1	2	1	14	99480	36.91	1.28
A1	Sample 1	2	1	15	104490	37	1.28
A2	Sample 2	2	1	1	34450	36.96	1.37
A2	Sample 2	2	1	2	39480	36.96	1.38
A2	Sample 2	2	1	3	44490	37	1.38
A2	Sample 2	2	1	4	49480	36.96	1.37
A2	Sample 2	2	1	5	54490	37	1.37
A2	Sample 2	2	1	6	59490	36.96	1.36
A2	Sample 2	2	1	7	64480	37	1.36
A2	Sample 2	2	1	8	69490	36.96	1.36
A2	Sample 2	2	1	9	74490	36.96	1.38
A2	Sample 2	2	1	10	79490	37	1.37
A2	Sample 2	2	1	11	84490	37	1.37
A2	Sample 2	2	1	12	89490	37	1.37
A2	Sample 2	2	1	13	94490	37	1.37
A2	Sample 2	2	1	14	99480	36.91	1.37
A2	Sample 2	2	1	15	104490	37	1.36
A3	Sample 3	2	1	1	34450	36.96	1.46
A3	Sample 3	2	1	2	39480	36.96	1.46
A3	Sample 3	2	1	3	44490	37	1.46
A3	Sample 3	2	1	4	49480	36.96	1.45
A3	Sample 3	2	1	5	54490	37	1.46
A3	Sample 3	2	1	6	59490	36.96	1.45
A3	Sample 3	2	1	7	64480	37	1.45
A3	Sample 3	2	1	8	69490	36.96	1.44
A3	Sample 3	2	1	9	74490	36.96	1.45
A3	Sample 3	2	1	10	79490	37	1.46
A3	Sample 3	2	1	11	84490	37	1.45
A3	Sample 3	2	1	12	89490	37	1.45
A3	Sample 3	2	1	13	94490	37	1.45
A3	Sample 3	2	1	14	99480	36.91	1.45
A3	Sample 3	2	1	15	104490	37	1.44
A4	Sample 4	2	1	1	34450	36.96	1.47
A4	Sample 4	2	1	2	39480	36.96	1.47
A4	Sample 4	2	1	3	44490	37	1.47
A4	Sample 4	2	1	4	49480	36.96	1.47
A4	Sample 4	2	1	5	54490	37	1.46
A4	Sample 4	2	1	6	59490	36.96	1.46
A4	Sample 4	2	1	7	64480	37	1.46
A4	Sample 4	2	1	8	69490	36.96	1.45
A4	Sample 4	2	1	9	74490	36.96	1.47
A4	Sample 4	2	1	10	79490	37	1.46
A4	Sample 4	2	1	11	84490	37	1.47
A4	Sample 4	2	1	12	89490	37	1.46
A4	Sample 4	2	1	13	94490	37	1.46
A4	Sample 4	2	1	14	99480	36.91	1.46
A4	Sample 4	2	1	15	104490	37	1.46
A5	Sample 5	2	1	1	34450	36.96	0.92
A5	Sample 5	2	1	2	39480	36.96	0.93
A5	Sample 5	2	1	3	44490	37	0.92
A5	Sample 5	2	1	4	49480	36.96	0.92
A5	Sample 5	2	1	5	54490	37	0.93
A5	Sample 5	2	1	6	59490	36.96	0.92
A5	Sample 5	2	1	7	64480	37	0.91
A5	Sample 5	2	1	8	69490	36.96	0.92
A5	Sample 5	2	1	9	74490	36.96	0.92
A5	Sample 5	2	1	10	79490	37	0.92
A5	Sample 5	2	1	11	84490	37	0.92
A5	Sample 5	2	1	12	89490	37	0.92
A5	Sample 5	2	1	13	94490	37	0.91
A5	Sample 5	2	1	14	99480	36.91	0.91
A5	Sample 5	2	1	15	104490	37	0.92
A6	Sample 6	2	1	1	34450	36.96	0.82
A6	Sample 6	2	1	2	39480	36.96	0.82
A6	Sample 6	2	1	3	44490	37	0.82
A6	Sample 6	2	1	4	49480	36.96	0.81
A6	Sample 6	2	1	5	54490	37	0.83
A6	Sample 6	2	1	6	59490	36.96	0.82
A6	Sample 6	2	1	7	64480	37	0.82
A6	Sample 6	2	1	8	69490	36.96	0.82
A6	Sample 6	2	1	9	74490	36.96	0.82
A6	Sample 6	2	1	10	79490	37	0.82
A6	Sample 6	2	1	11	84490	37	0.81
A6	Sample 6	2	1	12	89490	37	0.82
A6	Sample 6	2	1	13	94490	37	0.82
A6	Sample 6	2	1	14	99480	36.91	0.81
A6	Sample 6	2	1	15	104490	37	0.82
A7	Sample 7	2	1	1	34450	36.96	0.84
A7	Sample 7	2	1	2	39480	36.96	0.84
A7	Sample 7	2	1	3	44490	37	0.84
A7	Sample 7	2	1	4	49480	36.96	0.82
A7	Sample 7	2	1	5	54490	37	0.83
A7	Sample 7	2	1	6	59490	36.96	0.82
A7	Sample 7	2	1	7	64480	37	0.83
A7	Sample 7	2	1	8	69490	36.96	0.82
A7	Sample 7	2	1	9	74490	36.96	0.83
A7	Sample 7	2	1	10	79490	37	0.83
A7	Sample 7	2	1	11	84490	37	0.82
A7	Sample 7	2	1	12	89490	37	0.83
A7	Sample 7	2	1	13	94490	37	0.82
A7	Sample 7	2	1	14	99480	36.91	0.82
A7	Sample 7	2	1	15	104490	37	0.82
A8	Sample 8	2	1	1	34450	36.96	0.81
A8	Sample 8	2	1	2	39480	36.96	0.81
A8	Sample 8	2	1	3	44490	37	0.81
A8	Sample 8	2	1	4	49480	36.96	0.81
A8	Sample 8	2	1	5	54490	37	0.81
A8	Sample 8	2	1	6	59490	36.96	0.80
A8	Sample 8	2	1	7	64480	37	0.80
A8	Sample 8	2	1	8	69490	36.96	0.79
A8	Sample 8	2	1	9	74490	36.96	0.81
A8	Sample 8	2	1	10	79490	37	0.80
A8	Sample 8	2	1	11	84490	37	0.80
A8	Sample 8	2	1	12	89490	37	0.80
A8	Sample 8	2	1	13	94490	37	0.80
A8	Sample 8	2	1	14	99480	36.91	0.80
A8	Sample 8	2	1	15	104490	37	0.80
A9	Sample 9	2	1	1	34450	36.96	3.01
A9	Sample 9	2	1	2	39480	36.96	2.99
A9	Sample 9	2	1	3	44490	37	2.99
A9	Sample 9	2	1	4	49480	36.96	2.98
A9	Sample 9	2	1	5	54490	37	2.98
A9	Sample 9	2	1	6	59490	36.96	2.98
A9	Sample 9	2	1	7	64480	37	2.97
A9	Sample 9	2	1	8	69490	36.96	2.96
A9	Sample 9	2	1	9	74490	36.96	2.98
A9	Sample 9	2	1	10	79490	37	2.98
A9	Sample 9	2	1	11	84490	37	2.98
A9	Sample 9	2	1	12	89490	37	2.98
A9	Sample 9	2	1	13	94490	37	2.98
A9	Sample 9	2	1	14	99480	36.91	2.98
A9	Sample 9	2	1	15	104490	37	2.98
A10	Sample 10	2	1	1	34450	36.96	2.99
A10	Sample 10	2	1	2	39480	36.96	2.98
A10	Sample 10	2	1	3	44490	37	2.98
A10	Sample 10	2	1	4	49480	36.96	2.97
A10	Sample 10	2	1	5	54490	37	2.97
A10	Sample 10	2	1	6	59490	36.96	2.96
A10	Sample 10	2	1	7	64480	37	2.96
A10	Sample 10	2	1	8	69490	36.96	2.96
A10	Sample 10	2	1	9	74490	36.96	2.96
A10	Sample 10	2	1	10	79490	37	2.96
A10	Sample 10	2	1	11	84490	37	2.96
A10	Sample 10	2	1	12	89490	37	2.95
A10	Sample 10	2	1	13	94490	37	2.95
A10	Sample 10	2	1	14	99480	36.91	2.96
A10	Sample 10	2	1	15	104490	37	2.96
A11	Sample 11	2	1	1	34450	36.96	2.84
A11	Sample 11	2	1	2	39480	36.96	2.84
A11	Sample 11	2	1	3	44490	37	2.83
A11	Sample 11	2	1	4	49480	36.96	2.83
A11	Sample 11	2	1	5	54490	37	2.83
A11	Sample 11	2	1	6	59490	36.96	2.82
A11	Sample 11	2	1	7	64480	37	2.81
A11	Sample 11	2	1	8	69490	36.96	2.82
A11	Sample 11	2	1	9	74490	36.96	2.83
A11	Sample 11	2	1	10	79490	37	2.82
A11	Sample 11	2	1	11	84490	37	2.83
A11	Sample 11	2	1	12	89490	37	2.82
A11	Sample 11	2	1	13	94490	37	2.82
A11	Sample 11	2	1	14	99480	36.91	2.82
A11	Sample 11	2	1	15	104490	37	2.82
A12	Sample 12	2	1	1	34450	36.96	2.46
A12	Sample 12	2	1	2	39480	36.96	2.46
A12	Sample 12	2	1	3	44490	37	2.45
A12	Sample 12	2	1	4	49480	36.96	2.45
A12	Sample 12	2	1	5	54490	37	2.45
A12	Sample 12	2	1	6	59490	36.96	2.45
A12	Sample 12	2	1	7	64480	37	2.44
A12	Sample 12	2	1	8	69490	36.96	2.44
A12	Sample 12	2	1	9	74490	36.96	2.45
A12	Sample 12	2	1	10	79490	37	2.44
A12	Sample 12	2	1	11	84490	37	2.44
A12	Sample 12	2	1	12	89490	37	2.45
A12	Sample 12	2	1	13	94490	37	2.45
A12	Sample 12	2	1	14	99480	36.91	2.45
A12	Sample 12	2	1	15	104490	37	2.44
B1	Sample 13	2	1	1	34450	36.96	1.23
B1	Sample 13	2	1	2	39480	36.96	1.22
B1	Sample 13	2	1	3	44490	37	1.22
B1	Sample 13	2	1	4	49480	36.96	1.22
B1	Sample 13	2	1	5	54490	37	1.21
B1	Sample 13	2	1	6	59490	36.96	1.22
B1	Sample 13	2	1	7	64480	37	1.22
B1	Sample 13	2	1	8	69490	36.96	1.21
B1	Sample 13	2	1	9	74490	36.96	1.22
B1	Sample 13	2	1	10	79490	37	1.21
B1	Sample 13	2	1	11	84490	37	1.21
B1	Sample 13	2	1	12	89490	37	1.22
B1	Sample 13	2	1	13	94490	37	1.21
B1	Sample 13	2	1	14	99480	36.91	1.21
B1	Sample 13	2	1	15	104490	37	1.21
B2	Sample 14	2	1	1	34450	36.96	1.35
B2	Sample 14	2	1	2	39480	36.96	1.34
B2	Sample 14	2	1	3	44490	37	1.34
B2	Sample 14	2	1	4	49480	36.96	1.34
B2	Sample 14	2	1	5	54490	37	1.33
B2	Sample 14	2	1	6	59490	36.96	1.34
B2	Sample 14	2	1	7	64480	37	1.33
B2	Sample 14	2	1	8	69490	36.96	1.33
B2	Sample 14	2	1	9	74490	36.96	1.33
B2	Sample 14	2	1	10	79490	37	1.34
B2	Sample 14	2	1	11	84490	37	1.33
B2	Sample 14	2	1	12	89490	37	1.33
B2	Sample 14	2	1	13	94490	37	1.32
B2	Sample 14	2	1	14	99480	36.91	1.32
B2	Sample 14	2	1	15	104490	37	1.32
B3	Sample 15	2	1	1	34450	36.96	1.45
B3	Sample 15	2	1	2	39480	36.96	1.44
B3	Sample 15	2	1	3	44490	37	1.45
B3	Sample 15	2	1	4	49480	36.96	1.44
B3	Sample 15	2	1	5	54490	37	1.44
B3	Sample 15	2	1	6	59490	36.96	1.44
B3	Sample 15	2	1	7	64480	37	1.44
B3	Sample 15	2	1	8	69490	36.96	1.43
B3	Sample 15	2	1	9	74490	36.96	1.44
B3	Sample 15	2	1	10	79490	37	1.44
B3	Sample 15	2	1	11	84490	37	1.44
B3	Sample 15	2	1	12	89490	37	1.43
B3	Sample 15	2	1	13	94490	37	1.44
B3	Sample 15	2	1	14	99480	36.91	1.44
B3	Sample 15	2	1	15	104490	37	1.43
B4	Sample 16	2	1	1	34450	36.96	1.46
B4	Sample 16	2	1	2	39480	36.96	1.45
B4	Sample 16	2	1	3	44490	37	1.45
B4	Sample 16	2	1	4	49480	36.96	1.45
B4	Sample 16	2	1	5	54490	37	1.45
B4	Sample 16	2	1	6	59490	36.96	1.45
B4	Sample 16	2	1	7	64480	37	1.45
B4	Sample 16	2	1	8	69490	36.96	1.44
B4	Sample 16	2	1	9	74490	36.96	1.44
B4	Sample 16	2	1	10	79490	37	1.44
B4	Sample 16	2	1	11	84490	37	1.44
B4	Sample 16	2	1	12	89490	37	1.44
B4	Sample 16	2	1	13	94490	37	1.44
B4	Sample 16	2	1	14	99480	36.91	1.44
B4	Sample 16	2	1	15	104490	37	1.43
B5	Sample 17	2	1	1	34450	36.96	0.90
B5	Sample 17	2	1	2	39480	36.96	0.90
B5	Sample 17	2	1	3	44490	37	0.89
B5	Sample 17	2	1	4	49480	36.96	0.89
B5	Sample 17	2	1	5	54490	37	0.89
B5	Sample 17	2	1	6	59490	36.96	0.89
B5	Sample 17	2	1	7	64480	37	0.89
B5	Sample 17	2	1	8	69490	36.96	0.88
B5	Sample 17	2	1	9	74490	36.96	0.88
B5	Sample 17	2	1	10	79490	37	0.89
B5	Sample 17	2	1	11	84490	37	0.89
B5	Sample 17	2	1	12	89490	37	0.88
B5	Sample 17	2	1	13	94490	37	0.88
B5	Sample 17	2	1	14	99480	36.91	0.88
B5	Sample 17	2	1	15	104490	37	0.87
B6	Sample 18	2	1	1	34450	36.96	0.79
B6	Sample 18	2	1	2	39480	36.96	0.78
B6	Sample 18	2	1	3	44490	37	0.78
B6	Sample 18	2	1	4	49480	36.96	0.78
B6	Sample 18	2	1	5	54490	37	0.79
B6	Sample 18	2	1	6	59490	36.96	0.78
B6	Sample 18	2	1	7	64480	37	0.78
B6	Sample 18	2	1	8	69490	36.96	0.77
B6	Sample 18	2	1	9	74490	36.96	0.78
B6	Sample 18	2	1	10	79490	37	0.78
B6	Sample 18	2	1	11	84490	37	0.78
B6	Sample 18	2	1	12	89490	37	0.78
B6	Sample 18	2	1	13	94490	37	0.77
B6	Sample 18	2	1	14	99480	36.91	0.77
B6	Sample 18	2	1	15	104490	37	0.77
B7	Sample 19	2	1	1	34450	36.96	0.83
B7	Sample 19	2	1	2	39480	36.96	0.82
B7	Sample 19	2	1	3	44490	37	0.82
B7	Sample 19	2	1	4	49480	36.96	0.82
B7	Sample 19	2	1	5	54490	37	0.82
B7	Sample 19	2	1	6	59490	36.96	0.82
B7	Sample 19	2	1	7	64480	37	0.82
B7	Sample 19	2	1	8	69490	36.96	0.82
B7	Sample 19	2	1	9	74490	36.96	0.82
B7	Sample 19	2	1	10	79490	37	0.82
B7	Sample 19	2	1	11	84490	37	0.82
B7	Sample 19	2	1	12	89490	37	0.82
B7	Sample 19	2	1	13	94490	37	0.81
B7	Sample 19	2	1	14	99480	36.91	0.81
B7	Sample 19	2	1	15	104490	37	0.81
B8	Sample 20	2	1	1	34450	36.96	0.76
B8	Sample 20	2	1	2	39480	36.96	0.76
B8	Sample 20	2	1	3	44490	37	0.76
B8	Sample 20	2	1	4	49480	36.96	0.76
B8	Sample 20	2	1	5	54490	37	0.76
B8	Sample 20	2	1	6	59490	36.96	0.76
B8	Sample 20	2	1	7	64480	37	0.76
B8	Sample 20	2	1	8	69490	36.96	0.76
B8	Sample 20	2	1	9	74490	36.96	0.76
B8	Sample 20	2	1	10	79490	37	0.76
B8	Sample 20	2	1	11	84490	37	0.76
B8	Sample 20	2	1	12	89490	37	0.76
B8	Sample 20	2	1	13	94490	37	0.75
B8	Sample 20	2	1	14	99480	36.91	0.75
B8	Sample 20	2	1	15	104490	37	0.75
B9	Sample 21	2	1	1	34450	36.96	3.04
B9	Sample 21	2	1	2	39480	36.96	3.03
B9	Sample 21	2	1	3	44490	37	3.04
B9	Sample 21	2	1	4	49480	36.96	3.02
B9	Sample 21	2	1	5	54490	37	3.02
B9	Sample 21	2	1	6	59490	36.96	3.03
B9	Sample 21	2	1	7	64480	37	3.02
B9	Sample 21	2	1	8	69490	36.96	3.00
B9	Sample 21	2	1	9	74490	36.96	3.02
B9	Sample 21	2	1	10	79490	37	3.01
B9	Sample 21	2	1	11	84490	37	3.01
B9	Sample 21	2	1	12	89490	37	3.02
B9	Sample 21	2	1	13	94490	37	3.01
B9	Sample 21	2	1	14	99480	36.91	3.00
B9	Sample 21	2	1	15	104490	37	3.00
B10	Sample 22	2	1	1	34450	36.96	3.01
B10	Sample 22	2	1	2	39480	36.96	3.00
B10	Sample 22	2	1	3	44490	37	2.99
B10	Sample 22	2	1	4	49480	36.96	2.99
B10	Sample 22	2	1	5	54490	37	2.98
B10	Sample 22	2	1	6	59490	36.96	2.99
B10	Sample 22	2	1	7	64480	37	2.98
B10	Sample 22	2	1	8	69490	36.96	2.97
B10	Sample 22	2	1	9	74490	36.96	2.97
B10	Sample 22	2	1	10	79490	37	2.98
B10	Sample 22	2	1	11	84490	37	2.97
B10	Sample 22	2	1	12	89490	37	2.97
B10	Sample 22	2	1	13	94490	37	2.97
B10	Sample 22	2	1	14	99480	36.91	2.97
B10	Sample 22	2	1	15	104490	37	2.96
B11	Sample 23	2	1	1	34450	36.96	3.12
B11	Sample 23	2	1	2	39480	36.96	3.11
B11	Sample 23	2	1	3	44490	37	3.11
B11	Sample 23	2	1	4	49480	36.96	3.10
B11	Sample 23	2	1	5	54490	37	3.10
B11	Sample 23	2	1	6	59490	36.96	3.09
B11	Sample 23	2	1	7	64480	37	3.09
B11	Sample 23	2	1	8	69490	36.96	3.08
B11	Sample 23	2	1	9	74490	36.96	3.08
B11	Sample 23	2	1	10	79490	37	3.09
B11	Sample 23	2	1	11	84490	37	3.08
B11	Sample 23	2	1	12	89490	37	3.09
B11	Sample 23	2	1	13	94490	37	3.08
B11	Sample 23	2	1	14	99480	36.91	3.08
B11	Sample 23	2	1	15	104490	37	3.07
B12	Sample 24	2	1	1	34450	36.96	2.71
B12	Sample 24	2	1	2	39480	36.96	2.70
B12	Sample 24	2	1	3	44490	37	2.70
B12	Sample 24	2	1	4	49480	36.96	2.70
B12	Sample 24	2	1	5	54490	37	2.71
B12	Sample 24	2	1	6	59490	36.96	2.70
B12	Sample 24	2	1	7	64480	37	2.69
B12	Sample 24	2	1	8	69490	36.96	2.69
B12	Sample 24	2	1	9	74490	36.96	2.70
B12	Sample 24	2	1	10	79490	37	2.70
B12	Sample 24	2	1	11	84490	37	2.69
B12	Sample 24	2	1	12	89490	37	2.69
B12	Sample 24	2	1	13	94490	37	2.69
B12	Sample 24	2	1	14	99480	36.91	2.69
B12	Sample 24	2	1	15	104490	37	2.69
C1	Sample 25	2	1	1	34450	36.96	1.26
C1	Sample 25	2	1	2	39480	36.96	1.26
C1	Sample 25	2	1	3	44490	37	1.25
C1	Sample 25	2	1	4	49480	36.96	1.25
C1	Sample 25	2	1	5	54490	37	1.25
C1	Sample 25	2	1	6	59490	36.96	1.25
C1	Sample 25	2	1	7	64480	37	1.24
C1	Sample 25	2	1	8	69490	36.96	1.24
C1	Sample 25	2	1	9	74490	36.96	1.25
C1	Sample 25	2	1	10	79490	37	1.25
C1	Sample 25	2	1	11	84490	37	1.24
C1	Sample 25	2	1	12	89490	37	1.25
C1	Sample 25	2	1	13	94490	37	1.24
C1	Sample 25	2	1	14	99480	36.91	1.24
C1	Sample 25	2	1	15	104490	37	1.24
C2	Sample 26	2	1	1	34450	36.96	1.37
C2	Sample 26	2	1	2	39480	36.96	1.37
C2	Sample 26	2	1	3	44490	37	1.37
C2	Sample 26	2	1	4	49480	36.96	1.36
C2	Sample 26	2	1	5	54490	37	1.36
C2	Sample 26	2	1	6	59490	36.96	1.36
C2	Sample 26	2	1	7	64480	37	1.35
C2	Sample 26	2	1	8	69490	36.96	1.35
C2	Sample 26	2	1	9	74490	36.96	1.36
C2	Sample 26	2	1	10	79490	37	1.35
C2	Sample 26	2	1	11	84490	37	1.36
C2	Sample 26	2	1	12	89490	37	1.35
C2	Sample 26	2	1	13	94490	37	1.35
C2	Sample 26	2	1	14	99480	36.91	1.35
C2	Sample 26	2	1	15	104490	37	1.34
C3	Sample 27	2	1	1	34450	36.96	1.39
C3	Sample 27	2	1	2	39480	36.96	1.38
C3	Sample 27	2	1	3	44490	37	1.37
C3	Sample 27	2	1	4	49480	36.96	1.38
C3	Sample 27	2	1	5	54490	37	1.36
C3	Sample 27	2	1	6	59490	36.96	1.37
C3	Sample 27	2	1	7	64480	37	1.36
C3	Sample 27	2	1	8	69490	36.96	1.35
C3	Sample 27	2	1	9	74490	36.96	1.37
C3	Sample 27	2	1	10	79490	37	1.36
C3	Sample 27	2	1	11	84490	37	1.38
C3	Sample 27	2	1	12	89490	37	1.37
C3	Sample 27	2	1	13	94490	37	1.36
C3	Sample 27	2	1	14	99480	36.91	1.36
C3	Sample 27	2	1	15	104490	37	1.36
C4	Sample 28	2	1	1	34450	36.96	1.43
C4	Sample 28	2	1	2	39480	36.96	1.44
C4	Sample 28	2	1	3	44490	37	1.43
C4	Sample 28	2	1	4	49480	36.96	1.43
C4	Sample 28	2	1	5	54490	37	1.42
C4	Sample 28	2	1	6	59490	36.96	1.42
C4	Sample 28	2	1	7	64480	37	1.42
C4	Sample 28	2	1	8	69490	36.96	1.41
C4	Sample 28	2	1	9	74490	36.96	1.43
C4	Sample 28	2	1	10	79490	37	1.42
C4	Sample 28	2	1	11	84490	37	1.42
C4	Sample 28	2	1	12	89490	37	1.42
C4	Sample 28	2	1	13	94490	37	1.41
C4	Sample 28	2	1	14	99480	36.91	1.42
C4	Sample 28	2	1	15	104490	37	1.41
C5	Sample 29	2	1	1	34450	36.96	0.82
C5	Sample 29	2	1	2	39480	36.96	0.83
C5	Sample 29	2	1	3	44490	37	0.82
C5	Sample 29	2	1	4	49480	36.96	0.82
C5	Sample 29	2	1	5	54490	37	0.81
C5	Sample 29	2	1	6	59490	36.96	0.82
C5	Sample 29	2	1	7	64480	37	0.81
C5	Sample 29	2	1	8	69490	36.96	0.81
C5	Sample 29	2	1	9	74490	36.96	0.81
C5	Sample 29	2	1	10	79490	37	0.81
C5	Sample 29	2	1	11	84490	37	0.82
C5	Sample 29	2	1	12	89490	37	0.81
C5	Sample 29	2	1	13	94490	37	0.80
C5	Sample 29	2	1	14	99480	36.91	0.80
C5	Sample 29	2	1	15	104490	37	0.80
C6	Sample 30	2	1	1	34450	36.96	0.80
C6	Sample 30	2	1	2	39480	36.96	0.80
C6	Sample 30	2	1	3	44490	37	0.80
C6	Sample 30	2	1	4	49480	36.96	0.80
C6	Sample 30	2	1	5	54490	37	0.80
C6	Sample 30	2	1	6	59490	36.96	0.79
C6	Sample 30	2	1	7	64480	37	0.78
C6	Sample 30	2	1	8	69490	36.96	0.78
C6	Sample 30	2	1	9	74490	36.96	0.80
C6	Sample 30	2	1	10	79490	37	0.78
C6	Sample 30	2	1	11	84490	37	0.79
C6	Sample 30	2	1	12	89490	37	0.79
C6	Sample 30	2	1	13	94490	37	0.78
C6	Sample 30	2	1	14	99480	36.91	0.79
C6	Sample 30	2	1	15	104490	37	0.78
C7	Sample 31	2	1	1	34450	36.96	0.83
C7	Sample 31	2	1	2	39480	36.96	0.82
C7	Sample 31	2	1	3	44490	37	0.82
C7	Sample 31	2	1	4	49480	36.96	0.82
C7	Sample 31	2	1	5	54490	37	0.81
C7	Sample 31	2	1	6	59490	36.96	0.81
C7	Sample 31	2	1	7	64480	37	0.81
C7	Sample 31	2	1	8	69490	36.96	0.80
C7	Sample 31	2	1	9	74490	36.96	0.81
C7	Sample 31	2	1	10	79490	37	0.81
C7	Sample 31	2	1	11	84490	37	0.81
C7	Sample 31	2	1	12	89490	37	0.81
C7	Sample 31	2	1	13	94490	37	0.81
C7	Sample 31	2	1	14	99480	36.91	0.81
C7	Sample 31	2	1	15	104490	37	0.80
C8	Sample 32	2	1	1	34450	36.96	0.77
C8	Sample 32	2	1	2	39480	36.96	0.76
C8	Sample 32	2	1	3	44490	37	0.76
C8	Sample 32	2	1	4	49480	36.96	0.76
C8	Sample 32	2	1	5	54490	37	0.76
C8	Sample 32	2	1	6	59490	36.96	0.76
C8	Sample 32	2	1	7	64480	37	0.75
C8	Sample 32	2	1	8	69490	36.96	0.75
C8	Sample 32	2	1	9	74490	36.96	0.76
C8	Sample 32	2	1	10	79490	37	0.75
C8	Sample 32	2	1	11	84490	37	0.76
C8	Sample 32	2	1	12	89490	37	0.76
C8	Sample 32	2	1	13	94490	37	0.75
C8	Sample 32	2	1	14	99480	36.91	0.76
C8	Sample 32	2	1	15	104490	37	0.76
C9	Sample 33	2	1	1	34450	36.96	2.97
C9	Sample 33	2	1	2	39480	36.96	2.98
C9	Sample 33	2	1	3	44490	37	2.97
C9	Sample 33	2	1	4	49480	36.96	2.95
C9	Sample 33	2	1	5	54490	37	2.96
C9	Sample 33	2	1	6	59490	36.96	2.95
C9	Sample 33	2	1	7	64480	37	2.94
C9	Sample 33	2	1	8	69490	36.96	2.94
C9	Sample 33	2	1	9	74490	36.96	2.95
C9	Sample 33	2	1	10	79490	37	2.95
C9	Sample 33	2	1	11	84490	37	2.94
C9	Sample 33	2	1	12	89490	37	2.94
C9	Sample 33	2	1	13	94490	37	2.93
C9	Sample 33	2	1	14	99480	36.91	2.93
C9	Sample 33	2	1	15	104490	37	2.93
C10	Sample 34	2	1	1	34450	36.96	2.98
C10	Sample 34	2	1	2	39480	36.96	2.96
C10	Sample 34	2	1	3	44490	37	2.96
C10	Sample 34	2	1	4	49480	36.96	2.95
C10	Sample 34	2	1	5	54490	37	2.95
C10	Sample 34	2	1	6	59490	36.96	2.95
C10	Sample 34	2	1	7	64480	37	2.94
C10	Sample 34	2	1	8	69490	36.96	2.93
C10	Sample 34	2	1	9	74490	36.96	2.95
C10	Sample 34	2	1	10	79490	37	2.93
C10	Sample 34	2	1	11	84490	37	2.93
C10	Sample 34	2	1	12	89490	37	2.94
C10	Sample 34	2	1	13	94490	37	2.93
C10	Sample 34	2	1	14	99480	36.91	2.93
C10	Sample 34	2	1	15	104490	37	2.92
C11	Sample 35	2	1	1	34450	36.96	2.99
C11	Sample 35	2	1	2	39480	36.96	2.97
C11	Sample 35	2	1	3	44490	37	2.97
C11	Sample 35	2	1	4	49480	36.96	2.96
C11	Sample 35	2	1	5	54490	37	2.95
C11	Sample 35	2	1	6	59490	36.96	2.95
C11	Sample 35	2	1	7	64480	37	2.94
C11	Sample 35	2	1	8	69490	36.96	2.95
C11	Sample 35	2	1	9	74490	36.96	2.95
C11	Sample 35	2	1	10	79490	37	2.94
C11	Sample 35	2	1	11	84490	37	2.94
C11	Sample 35	2	1	12	89490	37	2.94
C11	Sample 35	2	1	13	94490	37	2.92
C11	Sample 35	2	1	14	99480	36.91	2.94
C11	Sample 35	2	1	15	104490	37	2.93
C12	Sample 36	2	1	1	34450	36.96	2.67
C12	Sample 36	2	1	2	39480	36.96	2.67
C12	Sample 36	2	1	3	44490	37	2.66
C12	Sample 36	2	1	4	49480	36.96	2.65
C12	Sample 36	2	1	5	54490	37	2.65
C12	Sample 36	2	1	6	59490	36.96	2.66
C12	Sample 36	2	1	7	64480	37	2.65
C12	Sample 36	2	1	8	69490	36.96	2.65
C12	Sample 36	2	1	9	74490	36.96	2.66
C12	Sample 36	2	1	10	79490	37	2.65
C12	Sample 36	2	1	11	84490	37	2.65
C12	Sample 36	2	1	12	89490	37	2.65
C12	Sample 36	2	1	13	94490	37	2.65
C12	Sample 36	2	1	14	99480	36.91	2.66
C12	Sample 36	2	1	15	104490	37	2.65
D1	Sample 37	2	1	1	34450	36.96	1.28
D1	Sample 37	2	1	2	39480	36.96	1.28
D1	Sample 37	2	1	3	44490	37	1.27
D1	Sample 37	2	1	4	49480	36.96	1.27
D1	Sample 37	2	1	5	54490	37	1.27
D1	Sample 37	2	1	6	59490	36.96	1.27
D1	Sample 37	2	1	7	64480	37	1.28
D1	Sample 37	2	1	8	69490	36.96	1.27
D1	Sample 37	2	1	9	74490	36.96	1.27
D1	Sample 37	2	1	10	79490	37	1.27
D1	Sample 37	2	1	11	84490	37	1.27
D1	Sample 37	2	1	12	89490	37	1.27
D1	Sample 37	2	1	13	94490	37	1.27
D1	Sample 37	2	1	14	99480	36.91	1.27
D1	Sample 37	2	1	15	104490	37	1.27
D2	Sample 38	2	1	1	34450	36.96	1.32
D2	Sample 38	2	1	2	39480	36.96	1.31
D2	Sample 38	2	1	3	44490	37	1.31
D2	Sample 38	2	1	4	49480	36.96	1.31
D2	Sample 38	2	1	5	54490	37	1.31
D2	Sample 38	2	1	6	59490	36.96	1.31
D2	Sample 38	2	1	7	64480	37	1.30
D2	Sample 38	2	1	8	69490	36.96	1.30
D2	Sample 38	2	1	9	74490	36.96	1.31
D2	Sample 38	2	1	10	79490	37	1.31
D2	Sample 38	2	1	11	84490	37	1.30
D2	Sample 38	2	1	12	89490	37	1.30
D2	Sample 38	2	1	13	94490	37	1.29
D2	Sample 38	2	1	14	99480	36.91	1.29
D2	Sample 38	2	1	15	104490	37	1.30
D3	Sample 39	2	1	1	34450	36.96	1.37
D3	Sample 39	2	1	2	39480	36.96	1.37
D3	Sample 39	2	1	3	44490	37	1.35
D3	Sample 39	2	1	4	49480	36.96	1.35
D3	Sample 39	2	1	5	54490	37	1.35
D3	Sample 39	2	1	6	59490	36.96	1.35
D3	Sample 39	2	1	7	64480	37	1.34
D3	Sample 39	2	1	8	69490	36.96	1.34
D3	Sample 39	2	1	9	74490	36.96	1.35
D3	Sample 39	2	1	10	79490	37	1.35
D3	Sample 39	2	1	11	84490	37	1.34
D3	Sample 39	2	1	12	89490	37	1.34
D3	Sample 39	2	1	13	94490	37	1.34
D3	Sample 39	2	1	14	99480	36.91	1.34
D3	Sample 39	2	1	15	104490	37	1.34
D4	Sample 40	2	1	1	34450	36.96	1.37
D4	Sample 40	2	1	2	39480	36.96	1.37
D4	Sample 40	2	1	3	44490	37	1.36
D4	Sample 40	2	1	4	49480	36.96	1.36
D4	Sample 40	2	1	5	54490	37	1.37
D4	Sample 40	2	1	6	59490	36.96	1.36
D4	Sample 40	2	1	7	64480	37	1.36
D4	Sample 40	2	1	8	69490	36.96	1.35
D4	Sample 40	2	1	9	74490	36.96	1.36
D4	Sample 40	2	1	10	79490	37	1.36
D4	Sample 40	2	1	11	84490	37	1.36
D4	Sample 40	2	1	12	89490	37	1.36
D4	Sample 40	2	1	13	94490	37	1.35
D4	Sample 40	2	1	14	99480	36.91	1.35
D4	Sample 40	2	1	15	104490	37	1.35
D5	Sample 41	2	1	1	34450	36.96	0.81
D5	Sample 41	2	1	2	39480	36.96	0.80
D5	Sample 41	2	1	3	44490	37	0.80
D5	Sample 41	2	1	4	49480	36.96	0.80
D5	Sample 41	2	1	5	54490	37	0.80
D5	Sample 41	2	1	6	59490	36.96	0.80
D5	Sample 41	2	1	7	64480	37	0.80
D5	Sample 41	2	1	8	69490	36.96	0.78
D5	Sample 41	2	1	9	74490	36.96	0.80
D5	Sample 41	2	1	10	79490	37	0.79
D5	Sample 41	2	1	11	84490	37	0.79
D5	Sample 41	2	1	12	89490	37	0.80
D5	Sample 41	2	1	13	94490	37	0.79
D5	Sample 41	2	1	14	99480	36.91	0.79
D5	Sample 41	2	1	15	104490	37	0.79
D6	Sample 42	2	1	1	34450	36.96	0.78
D6	Sample 42	2	1	2	39480	36.96	0.78
D6	Sample 42	2	1	3	44490	37	0.77
D6	Sample 42	2	1	4	49480	36.96	0.77
D6	Sample 42	2	1	5	54490	37	0.77
D6	Sample 42	2	1	6	59490	36.96	0.77
D6	Sample 42	2	1	7	64480	37	0.76
D6	Sample 42	2	1	8	69490	36.96	0.76
D6	Sample 42	2	1	9	74490	36.96	0.76
D6	Sample 42	2	1	10	79490	37	0.76
D6	Sample 42	2	1	11	84490	37	0.77
D6	Sample 42	2	1	12	89490	37	0.76
D6	Sample 42	2	1	13	94490	37	0.75
D6	Sample 42	2	1	14	99480	36.91	0.75
D6	Sample 42	2	1	15	104490	37	0.76
D7	Sample 43	2	1	1	34450	36.96	0.81
D7	Sample 43	2	1	2	39480	36.96	0.81
D7	Sample 43	2	1	3	44490	37	0.80
D7	Sample 43	2	1	4	49480	36.96	0.80
D7	Sample 43	2	1	5	54490	37	0.80
D7	Sample 43	2	1	6	59490	36.96	0.80
D7	Sample 43	2	1	7	64480	37	0.80
D7	Sample 43	2	1	8	69490	36.96	0.79
D7	Sample 43	2	1	9	74490	36.96	0.79
D7	Sample 43	2	1	10	79490	37	0.80
D7	Sample 43	2	1	11	84490	37	0.80
D7	Sample 43	2	1	12	89490	37	0.80
D7	Sample 43	2	1	13	94490	37	0.79
D7	Sample 43	2	1	14	99480	36.91	0.80
D7	Sample 43	2	1	15	104490	37	0.80
D8	Sample 44	2	1	1	34450	36.96	0.77
D8	Sample 44	2	1	2	39480	36.96	0.77
D8	Sample 44	2	1	3	44490	37	0.76
D8	Sample 44	2	1	4	49480	36.96	0.76
D8	Sample 44	2	1	5	54490	37	0.77
D8	Sample 44	2	1	6	59490	36.96	0.77
D8	Sample 44	2	1	7	64480	37	0.76
D8	Sample 44	2	1	8	69490	36.96	0.76
D8	Sample 44	2	1	9	74490	36.96	0.76
D8	Sample 44	2	1	10	79490	37	0.76
D8	Sample 44	2	1	11	84490	37	0.76
D8	Sample 44	2	1	12	89490	37	0.76
D8	Sample 44	2	1	13	94490	37	0.76
D8	Sample 44	2	1	14	99480	36.91	0.76
D8	Sample 44	2	1	15	104490	37	0.76
D9	Sample 45	2	1	1	34450	36.96	3.03
D9	Sample 45	2	1	2	39480	36.96	3.01
D9	Sample 45	2	1	3	44490	37	3.02
D9	Sample 45	2	1	4	49480	36.96	3.01
D9	Sample 45	2	1	5	54490	37	3.00
D9	Sample 45	2	1	6	59490	36.96	2.99
D9	Sample 45	2	1	7	64480	37	3.00
D9	Sample 45	2	1	8	69490	36.96	2.99
D9	Sample 45	2	1	9	74490	36.96	2.99
D9	Sample 45	2	1	10	79490	37	2.99
D9	Sample 45	2	1	11	84490	37	2.98
D9	Sample 45	2	1	12	89490	37	2.99
D9	Sample 45	2	1	13	94490	37	2.98
D9	Sample 45	2	1	14	99480	36.91	2.98
D9	Sample 45	2	1	15	104490	37	2.98
D10	Sample 46	2	1	1	34450	36.96	3.00
D10	Sample 46	2	1	2	39480	36.96	2.99
D10	Sample 46	2	1	3	44490	37	2.98
D10	Sample 46	2	1	4	49480	36.96	2.98
D10	Sample 46	2	1	5	54490	37	2.97
D10	Sample 46	2	1	6	59490	36.96	2.96
D10	Sample 46	2	1	7	64480	37	2.96
D10	Sample 46	2	1	8	69490	36.96	2.95
D10	Sample 46	2	1	9	74490	36.96	2.96
D10	Sample 46	2	1	10	79490	37	2.96
D10	Sample 46	2	1	11	84490	37	2.95
D10	Sample 46	2	1	12	89490	37	2.96
D10	Sample 46	2	1	13	94490	37	2.94
D10	Sample 46	2	1	14	99480	36.91	2.95
D10	Sample 46	2	1	15	104490	37	2.94
D11	Sample 47	2	1	1	34450	36.96	2.89
D11	Sample 47	2	1	2	39480	36.96	2.88
D11	Sample 47	2	1	3	44490	37	2.87
D11	Sample 47	2	1	4	49480	36.96	2.87
D11	Sample 47	2	1	5	54490	37	2.86
D11	Sample 47	2	1	6	59490	36.96	2.86
D11	Sample 47	2	1	7	64480	37	2.85
D11	Sample 47	2	1	8	69490	36.96	2.85
D11	Sample 47	2	1	9	74490	36.96	2.86
D11	Sample 47	2	1	10	79490	37	2.85
D11	Sample 47	2	1	11	84490	37	2.85
D11	Sample 47	2	1	12	89490	37	2.85
D11	Sample 47	2	1	13	94490	37	2.84
D11	Sample 47	2	1	14	99480	36.91	2.84
D11	Sample 47	2	1	15	104490	37	2.84
D12	Sample 48	2	1	1	34450	36.96	2.58
D12	Sample 48	2	1	2	39480	36.96	2.57
D12	Sample 48	2	1	3	44490	37	2.57
D12	Sample 48	2	1	4	49480	36.96	2.56
D12	Sample 48	2	1	5	54490	37	2.57
D12	Sample 48	2	1	6	59490	36.96	2.55
D12	Sample 48	2	1	7	64480	37	2.57
D12	Sample 48	2	1	8	69490	36.96	2.56
D12	Sample 48	2	1	9	74490	36.96	2.57
D12	Sample 48	2	1	10	79490	37	2.56
D12	Sample 48	2	1	11	84490	37	2.55
D12	Sample 48	2	1	12	89490	37	2.56
D12	Sample 48	2	1	13	94490	37	2.56
D12	Sample 48	2	1	14	99480	36.91	2.55
D12	Sample 48	2	1	15	104490	37	2.55
E1	Sample 49	2	1	1	34450	36.96	1.29
E1	Sample 49	2	1	2	39480	36.96	1.29
E1	Sample 49	2	1	3	44490	37	1.29
E1	Sample 49	2	1	4	49480	36.96	1.29
E1	Sample 49	2	1	5	54490	37	1.29
E1	Sample 49	2	1	6	59490	36.96	1.29
E1	Sample 49	2	1	7	64480	37	1.28
E1	Sample 49	2	1	8	69490	36.96	1.27
E1	Sample 49	2	1	9	74490	36.96	1.28
E1	Sample 49	2	1	10	79490	37	1.28
E1	Sample 49	2	1	11	84490	37	1.28
E1	Sample 49	2	1	12	89490	37	1.28
E1	Sample 49	2	1	13	94490	37	1.28
E1	Sample 49	2	1	14	99480	36.91	1.27
E1	Sample 49	2	1	15	104490	37	1.27
E2	Sample 50	2	1	1	34450	36.96	1.31
E2	Sample 50	2	1	2	39480	36.96	1.32
E2	Sample 50	2	1	3	44490	37	1.31
E2	Sample 50	2	1	4	49480	36.96	1.31
E2	Sample 50	2	1	5	54490	37	1.31
E2	Sample 50	2	1	6	59490	36.96	1.31
E2	Sample 50	2	1	7	64480	37	1.30
E2	Sample 50	2	1	8	69490	36.96	1.29
E2	Sample 50	2	1	9	74490	36.96	1.30
E2	Sample 50	2	1	10	79490	37	1.30
E2	Sample 50	2	1	11	84490	37	1.30
E2	Sample 50	2	1	12	89490	37	1.30
E2	Sample 50	2	1	13	94490	37	1.30
E2	Sample 50	2	1	14	99480	36.91	1.30
E2	Sample 50	2	1	15	104490	37	1.29
E3	Sample 51	2	1	1	34450	36.96	1.42
E3	Sample 51	2	1	2	39480	36.96	1.42
E3	Sample 51	2	1	3	44490	37	1.41
E3	Sample 51	2	1	4	49480	36.96	1.40
E3	Sample 51	2	1	5	54490	37	1.41
E3	Sample 51	2	1	6	59490	36.96	1.41
E3	Sample 51	2	1	7	64480	37	1.40
E3	Sample 51	2	1	8	69490	36.96	1.40
E3	Sample 51	2	1	9	74490	36.96	1.41
E3	Sample 51	2	1	10	79490	37	1.40
E3	Sample 51	2	1	11	84490	37	1.40
E3	Sample 51	2	1	12	89490	37	1.41
E3	Sample 51	2	1	13	94490	37	1.40
E3	Sample 51	2	1	14	99480	36.91	1.40
E3	Sample 51	2	1	15	104490	37	1.39
E4	Sample 52	2	1	1	34450	36.96	1.46
E4	Sample 52	2	1	2	39480	36.96	1.46
E4	Sample 52	2	1	3	44490	37	1.45
E4	Sample 52	2	1	4	49480	36.96	1.45
E4	Sample 52	2	1	5	54490	37	1.45
E4	Sample 52	2	1	6	59490	36.96	1.45
E4	Sample 52	2	1	7	64480	37	1.44
E4	Sample 52	2	1	8	69490	36.96	1.43
E4	Sample 52	2	1	9	74490	36.96	1.44
E4	Sample 52	2	1	10	79490	37	1.45
E4	Sample 52	2	1	11	84490	37	1.44
E4	Sample 52	2	1	12	89490	37	1.44
E4	Sample 52	2	1	13	94490	37	1.44
E4	Sample 52	2	1	14	99480	36.91	1.44
E4	Sample 52	2	1	15	104490	37	1.44
E5	Sample 53	2	1	1	34450	36.96	0.81
E5	Sample 53	2	1	2	39480	36.96	0.81
E5	Sample 53	2	1	3	44490	37	0.81
E5	Sample 53	2	1	4	49480	36.96	0.81
E5	Sample 53	2	1	5	54490	37	0.81
E5	Sample 53	2	1	6	59490	36.96	0.81
E5	Sample 53	2	1	7	64480	37	0.81
E5	Sample 53	2	1	8	69490	36.96	0.80
E5	Sample 53	2	1	9	74490	36.96	0.81
E5	Sample 53	2	1	10	79490	37	0.81
E5	Sample 53	2	1	11	84490	37	0.80
E5	Sample 53	2	1	12	89490	37	0.81
E5	Sample 53	2	1	13	94490	37	0.80
E5	Sample 53	2	1	14	99480	36.91	0.80
E5	Sample 53	2	1	15	104490	37	0.80
E6	Sample 54	2	1	1	34450	36.96	0.79
E6	Sample 54	2	1	2	39480	36.96	0.79
E6	Sample 54	2	1	3	44490	37	0.78
E6	Sample 54	2	1	4	49480	36.96	0.78
E6	Sample 54	2	1	5	54490	37	0.78
E6	Sample 54	2	1	6	59490	36.96	0.78
E6	Sample 54	2	1	7	64480	37	0.78
E6	Sample 54	2	1	8	69490	36.96	0.78
E6	Sample 54	2	1	9	74490	36.96	0.78
E6	Sample 54	2	1	10	79490	37	0.78
E6	Sample 54	2	1	11	84490	37	0.78
E6	Sample 54	2	1	12	89490	37	0.78
E6	Sample 54	2	1	13	94490	37	0.78
E6	Sample 54	2	1	14	99480	36.91	0.77
E6	Sample 54	2	1	15	104490	37	0.77
E7	Sample 55	2	1	1	34450	36.96	0.79
E7	Sample 55	2	1	2	39480	36.96	0.79
E7	Sample 55	2	1	3	44490	37	0.79
E7	Sample 55	2	1	4	49480	36.96	0.79
E7	Sample 55	2	1	5	54490	37	0.79
E7	Sample 55	2	1	6	59490	36.96	0.79
E7	Sample 55	2	1	7	64480	37	0.78
E7	Sample 55	2	1	8	69490	36.96	0.78
E7	Sample 55	2	1	9	74490	36.96	0.79
E7	Sample 55	2	1	10	79490	37	0.78
E7	Sample 55	2	1	11	84490	37	0.79
E7	Sample 55	2	1	12	89490	37	0.78
E7	Sample 55	2	1	13	94490	37	0.78
E7	Sample 55	2	1	14	99480	36.91	0.78
E7	Sample 55	2	1	15	104490	37	0.78
E8	Sample 56	2	1	1	34450	36.96	0.76
E8	Sample 56	2	1	2	39480	36.96	0.76
E8	Sample 56	2	1	3	44490	37	0.76
E8	Sample 56	2	1	4	49480	36.96	0.76
E8	Sample 56	2	1	5	54490	37	0.76
E8	Sample 56	2	1	6	59490	36.96	0.76
E8	Sample 56	2	1	7	64480	37	0.76
E8	Sample 56	2	1	8	69490	36.96	0.75
E8	Sample 56	2	1	9	74490	36.96	0.75
E8	Sample 56	2	1	10	79490	37	0.76
E8	Sample 56	2	1	11	84490	37	0.76
E8	Sample 56	2	1	12	89490	37	0.75
E8	Sample 56	2	1	13	94490	37	0.75
E8	Sample 56	2	1	14	99480	36.91	0.76
E8	Sample 56	2	1	15	104490	37	0.75
E9	Sample 57	2	1	1	34450	36.96	2.84
E9	Sample 57	2	1	2	39480	36.96	2.83
E9	Sample 57	2	1	3	44490	37	2.83
E9	Sample 57	2	1	4	49480	36.96	2.83
E9	Sample 57	2	1	5	54490	37	2.82
E9	Sample 57	2	1	6	59490	36.96	2.82
E9	Sample 57	2	1	7	64480	37	2.81
E9	Sample 57	2	1	8	69490	36.96	2.81
E9	Sample 57	2	1	9	74490	36.96	2.82
E9	Sample 57	2	1	10	79490	37	2.81
E9	Sample 57	2	1	11	84490	37	2.80
E9	Sample 57	2	1	12	89490	37	2.81
E9	Sample 57	2	1	13	94490	37	2.81
E9	Sample 57	2	1	14	99480	36.91	2.81
E9	Sample 57	2	1	15	104490	37	2.80
E10	Sample 58	2	1	1	34450	36.96	2.83
E10	Sample 58	2	1	2	39480	36.96	2.82
E10	Sample 58	2	1	3	44490	37	2.81
E10	Sample 58	2	1	4	49480	36.96	2.82
E10	Sample 58	2	1	5	54490	37	2.80
E10	Sample 58	2	1	6	59490	36.96	2.81
E10	Sample 58	2	1	7	64480	37	2.80
E10	Sample 58	2	1	8	69490	36.96	2.79
E10	Sample 58	2	1	9	74490	36.96	2.80
E10	Sample 58	2	1	10	79490	37	2.80
E10	Sample 58	2	1	11	84490	37	2.79
E10	Sample 58	2	1	12	89490	37	2.80
E10	Sample 58	2	1	13	94490	37	2.79
E10	Sample 58	2	1	14	99480	36.91	2.79
E10	Sample 58	2	1	15	104490	37	2.79
E11	Sample 59	2	1	1	34450	36.96	2.85
E11	Sample 59	2	1	2	39480	36.96	2.85
E11	Sample 59	2	1	3	44490	37	2.84
E11	Sample 59	2	1	4	49480	36.96	2.84
E11	Sample 59	2	1	5	54490	37	2.84
E11	Sample 59	2	1	6	59490	36.96	2.84
E11	Sample 59	2	1	7	64480	37	2.83
E11	Sample 59	2	1	8	69490	36.96	2.82
E11	Sample 59	2	1	9	74490	36.96	2.83
E11	Sample 59	2	1	10	79490	37	2.83
E11	Sample 59	2	1	11	84490	37	2.83
E11	Sample 59	2	1	12	89490	37	2.83
E11	Sample 59	2	1	13	94490	37	2.82
E11	Sample 59	2	1	14	99480	36.91	2.82
E11	Sample 59	2	1	15	104490	37	2.82
E12	Sample 60	2	1	1	34450	36.96	2.63
E12	Sample 60	2	1	2	39480	36.96	2.63
E12	Sample 60	2	1	3	44490	37	2.62
E12	Sample 60	2	1	4	49480	36.96	2.62
E12	Sample 60	2	1	5	54490	37	2.62
E12	Sample 60	2	1	6	59490	36.96	2.62
E12	Sample 60	2	1	7	64480	37	2.62
E12	Sample 60	2	1	8	69490	36.96	2.60
E12	Sample 60	2	1	9	74490	36.96	2.62
E12	Sample 60	2	1	10	79490	37	2.62
E12	Sample 60	2	1	11	84490	37	2.62
E12	Sample 60	2	1	12	89490	37	2.62
E12	Sample 60	2	1	13	94490	37	2.62
E12	Sample 60	2	1	14	99480	36.91	2.62
E12	Sample 60	2	1	15	104490	37	2.61
F1	Sample 61	2	1	1	34450	36.96	1.27
F1	Sample 61	2	1	2	39480	36.96	1.27
F1	Sample 61	2	1	3	44490	37	1.27
F1	Sample 61	2	1	4	49480	36.96	1.27
F1	Sample 61	2	1	5	54490	37	1.27
F1	Sample 61	2	1	6	59490	36.96	1.27
F1	Sample 61	2	1	7	64480	37	1.27
F1	Sample 61	2	1	8	69490	36.96	1.27
F1	Sample 61	2	1	9	74490	36.96	1.27
F1	Sample 61	2	1	10	79490	37	1.26
F1	Sample 61	2	1	11	84490	37	1.27
F1	Sample 61	2	1	12	89490	37	1.27
F1	Sample 61	2	1	13	94490	37	1.27
F1	Sample 61	2	1	14	99480	36.91	1.27
F1	Sample 61	2	1	15	104490	37	1.27
F2	Sample 62	2	1	1	34450	36.96	1.33
F2	Sample 62	2	1	2	39480	36.96	1.33
F2	Sample 62	2	1	3	44490	37	1.33
F2	Sample 62	2	1	4	49480	36.96	1.34
F2	Sample 62	2	1	5	54490	37	1.33
F2	Sample 62	2	1	6	59490	36.96	1.33
F2	Sample 62	2	1	7	64480	37	1.32
F2	Sample 62	2	1	8	69490	36.96	1.32
F2	Sample 62	2	1	9	74490	36.96	1.33
F2	Sample 62	2	1	10	79490	37	1.32
F2	Sample 62	2	1	11	84490	37	1.32
F2	Sample 62	2	1	12	89490	37	1.32
F2	Sample 62	2	1	13	94490	37	1.32
F2	Sample 62	2	1	14	99480	36.91	1.32
F2	Sample 62	2	1	15	104490	37	1.31
F3	Sample 63	2	1	1	34450	36.96	1.70
F3	Sample 63	2	1	2	39480	36.96	1.69
F3	Sample 63	2	1	3	44490	37	1.69
F3	Sample 63	2	1	4	49480	36.96	1.69
F3	Sample 63	2	1	5	54490	37	1.69
F3	Sample 63	2	1	6	59490	36.96	1.68
F3	Sample 63	2	1	7	64480	37	1.68
F3	Sample 63	2	1	8	69490	36.96	1.67
F3	Sample 63	2	1	9	74490	36.96	1.69
F3	Sample 63	2	1	10	79490	37	1.68
F3	Sample 63	2	1	11	84490	37	1.68
F3	Sample 63	2	1	12	89490	37	1.68
F3	Sample 63	2	1	13	94490	37	1.68
F3	Sample 63	2	1	14	99480	36.91	1.68
F3	Sample 63	2	1	15	104490	37	1.68
F4	Sample 64	2	1	1	34450	36.96	1.70
F4	Sample 64	2	1	2	39480	36.96	1.70
F4	Sample 64	2	1	3	44490	37	1.69
F4	Sample 64	2	1	4	49480	36.96	1.69
F4	Sample 64	2	1	5	54490	37	1.69
F4	Sample 64	2	1	6	59490	36.96	1.68
F4	Sample 64	2	1	7	64480	37	1.68
F4	Sample 64	2	1	8	69490	36.96	1.68
F4	Sample 64	2	1	9	74490	36.96	1.69
F4	Sample 64	2	1	10	79490	37	1.68
F4	Sample 64	2	1	11	84490	37	1.67
F4	Sample 64	2	1	12	89490	37	1.69
F4	Sample 64	2	1	13	94490	37	1.68
F4	Sample 64	2	1	14	99480	36.91	1.67
F4	Sample 64	2	1	15	104490	37	1.68
F5	Sample 65	2	1	1	34450	36.96	0.79
F5	Sample 65	2	1	2	39480	36.96	0.78
F5	Sample 65	2	1	3	44490	37	0.78
F5	Sample 65	2	1	4	49480	36.96	0.78
F5	Sample 65	2	1	5	54490	37	0.78
F5	Sample 65	2	1	6	59490	36.96	0.78
F5	Sample 65	2	1	7	64480	37	0.77
F5	Sample 65	2	1	8	69490	36.96	0.77
F5	Sample 65	2	1	9	74490	36.96	0.78
F5	Sample 65	2	1	10	79490	37	0.78
F5	Sample 65	2	1	11	84490	37	0.77
F5	Sample 65	2	1	12	89490	37	0.77
F5	Sample 65	2	1	13	94490	37	0.77
F5	Sample 65	2	1	14	99480	36.91	0.77
F5	Sample 65	2	1	15	104490	37	0.77
F6	Sample 66	2	1	1	34450	36.96	0.72
F6	Sample 66	2	1	2	39480	36.96	0.71
F6	Sample 66	2	1	3	44490	37	0.72
F6	Sample 66	2	1	4	49480	36.96	0.72
F6	Sample 66	2	1	5	54490	37	0.71
F6	Sample 66	2	1	6	59490	36.96	0.71
F6	Sample 66	2	1	7	64480	37	0.71
F6	Sample 66	2	1	8	69490	36.96	0.71
F6	Sample 66	2	1	9	74490	36.96	0.72
F6	Sample 66	2	1	10	79490	37	0.71
F6	Sample 66	2	1	11	84490	37	0.70
F6	Sample 66	2	1	12	89490	37	0.71
F6	Sample 66	2	1	13	94490	37	0.71
F6	Sample 66	2	1	14	99480	36.91	0.70
F6	Sample 66	2	1	15	104490	37	0.71
F7	Sample 67	2	1	1	34450	36.96	0.82
F7	Sample 67	2	1	2	39480	36.96	0.81
F7	Sample 67	2	1	3	44490	37	0.81
F7	Sample 67	2	1	4	49480	36.96	0.81
F7	Sample 67	2	1	5	54490	37	0.80
F7	Sample 67	2	1	6	59490	36.96	0.81
F7	Sample 67	2	1	7	64480	37	0.80
F7	Sample 67	2	1	8	69490	36.96	0.80
F7	Sample 67	2	1	9	74490	36.96	0.81
F7	Sample 67	2	1	10	79490	37	0.80
F7	Sample 67	2	1	11	84490	37	0.80
F7	Sample 67	2	1	12	89490	37	0.80
F7	Sample 67	2	1	13	94490	37	0.80
F7	Sample 67	2	1	14	99480	36.91	0.80
F7	Sample 67	2	1	15	104490	37	0.80
F8	Sample 68	2	1	1	34450	36.96	0.80
F8	Sample 68	2	1	2	39480	36.96	0.79
F8	Sample 68	2	1	3	44490	37	0.80
F8	Sample 68	2	1	4	49480	36.96	0.80
F8	Sample 68	2	1	5	54490	37	0.79
F8	Sample 68	2	1	6	59490	36.96	0.79
F8	Sample 68	2	1	7	64480	37	0.79
F8	Sample 68	2	1	8	69490	36.96	0.78
F8	Sample 68	2	1	9	74490	36.96	0.79
F8	Sample 68	2	1	10	79490	37	0.79
F8	Sample 68	2	1	11	84490	37	0.79
F8	Sample 68	2	1	12	89490	37	0.79
F8	Sample 68	2	1	13	94490	37	0.79
F8	Sample 68	2	1	14	99480	36.91	0.79
F8	Sample 68	2	1	15	104490	37	0.79
F9	Sample 69	2	1	1	34450	36.96	2.92
F9	Sample 69	2	1	2	39480	36.96	2.91
F9	Sample 69	2	1	3	44490	37	2.90
F9	Sample 69	2	1	4	49480	36.96	2.90
F9	Sample 69	2	1	5	54490	37	2.89
F9	Sample 69	2	1	6	59490	36.96	2.89
F9	Sample 69	2	1	7	64480	37	2.88
F9	Sample 69	2	1	8	69490	36.96	2.88
F9	Sample 69	2	1	9	74490	36.96	2.88
F9	Sample 69	2	1	10	79490	37	2.88
F9	Sample 69	2	1	11	84490	37	2.88
F9	Sample 69	2	1	12	89490	37	2.87
F9	Sample 69	2	1	13	94490	37	2.87
F9	Sample 69	2	1	14	99480	36.91	2.87
F9	Sample 69	2	1	15	104490	37	2.87
F10	Sample 70	2	1	1	34450	36.96	2.88
F10	Sample 70	2	1	2	39480	36.96	2.87
F10	Sample 70	2	1	3	44490	37	2.87
F10	Sample 70	2	1	4	49480	36.96	2.86
F10	Sample 70	2	1	5	54490	37	2.85
F10	Sample 70	2	1	6	59490	36.96	2.85
F10	Sample 70	2	1	7	64480	37	2.85
F10	Sample 70	2	1	8	69490	36.96	2.85
F10	Sample 70	2	1	9	74490	36.96	2.84
F10	Sample 70	2	1	10	79490	37	2.84
F10	Sample 70	2	1	11	84490	37	2.84
F10	Sample 70	2	1	12	89490	37	2.84
F10	Sample 70	2	1	13	94490	37	2.84
F10	Sample 70	2	1	14	99480	36.91	2.84
F10	Sample 70	2	1	15	104490	37	2.84
F11	Sample 71	2	1	1	34450	36.96	2.87
F11	Sample 71	2	1	2	39480	36.96	2.86
F11	Sample 71	2	1	3	44490	37	2.86
F11	Sample 71	2	1	4	49480	36.96	2.85
F11	Sample 71	2	1	5	54490	37	2.84
F11	Sample 71	2	1	6	59490	36.96	2.85
F11	Sample 71	2	1	7	64480	37	2.85
F11	Sample 71	2	1	8	69490	36.96	2.84
F11	Sample 71	2	1	9	74490	36.96	2.85
F11	Sample 71	2	1	10	79490	37	2.83
F11	Sample 71	2	1	11	84490	37	2.83
F11	Sample 71	2	1	12	89490	37	2.84
F11	Sample 71	2	1	13	94490	37	2.83
F11	Sample 71	2	1	14	99480	36.91	2.82
F11	Sample 71	2	1	15	104490	37	2.82
F12	Sample 72	2	1	1	34450	36.96	2.54
F12	Sample 72	2	1	2	39480	36.96	2.53
F12	Sample 72	2	1	3	44490	37	2.53
F12	Sample 72	2	1	4	49480	36.96	2.52
F12	Sample 72	2	1	5	54490	37	2.52
F12	Sample 72	2	1	6	59490	36.96	2.51
F12	Sample 72	2	1	7	64480	37	2.52
F12	Sample 72	2	1	8	69490	36.96	2.52
F12	Sample 72	2	1	9	74490	36.96	2.53
F12	Sample 72	2	1	10	79490	37	2.52
F12	Sample 72	2	1	11	84490	37	2.52
F12	Sample 72	2	1	12	89490	37	2.52
F12	Sample 72	2	1	13	94490	37	2.51
F12	Sample 72	2	1	14	99480	36.91	2.51
F12	Sample 72	2	1	15	104490	37	2.52
G1	Sample 73	2	1	1	34450	36.96	1.48
G1	Sample 73	2	1	2	39480	36.96	1.49
G1	Sample 73	2	1	3	44490	37	1.48
G1	Sample 73	2	1	4	49480	36.96	1.48
G1	Sample 73	2	1	5	54490	37	1.48
G1	Sample 73	2	1	6	59490	36.96	1.48
G1	Sample 73	2	1	7	64480	37	1.48
G1	Sample 73	2	1	8	69490	36.96	1.48
G1	Sample 73	2	1	9	74490	36.96	1.48
G1	Sample 73	2	1	10	79490	37	1.47
G1	Sample 73	2	1	11	84490	37	1.48
G1	Sample 73	2	1	12	89490	37	1.48
G1	Sample 73	2	1	13	94490	37	1.48
G1	Sample 73	2	1	14	99480	36.91	1.47
G1	Sample 73	2	1	15	104490	37	1.47
G2	Sample 74	2	1	1	34450	36.96	1.53
G2	Sample 74	2	1	2	39480	36.96	1.53
G2	Sample 74	2	1	3	44490	37	1.54
G2	Sample 74	2	1	4	49480	36.96	1.53
G2	Sample 74	2	1	5	54490	37	1.53
G2	Sample 74	2	1	6	59490	36.96	1.53
G2	Sample 74	2	1	7	64480	37	1.52
G2	Sample 74	2	1	8	69490	36.96	1.52
G2	Sample 74	2	1	9	74490	36.96	1.53
G2	Sample 74	2	1	10	79490	37	1.52
G2	Sample 74	2	1	11	84490	37	1.52
G2	Sample 74	2	1	12	89490	37	1.52
G2	Sample 74	2	1	13	94490	37	1.52
G2	Sample 74	2	1	14	99480	36.91	1.52
G2	Sample 74	2	1	15	104490	37	1.52
G3	Sample 75	2	1	1	34450	36.96	1.72
G3	Sample 75	2	1	2	39480	36.96	1.73
G3	Sample 75	2	1	3	44490	37	1.72
G3	Sample 75	2	1	4	49480	36.96	1.71
G3	Sample 75	2	1	5	54490	37	1.71
G3	Sample 75	2	1	6	59490	36.96	1.71
G3	Sample 75	2	1	7	64480	37	1.70
G3	Sample 75	2	1	8	69490	36.96	1.70
G3	Sample 75	2	1	9	74490	36.96	1.71
G3	Sample 75	2	1	10	79490	37	1.71
G3	Sample 75	2	1	11	84490	37	1.71
G3	Sample 75	2	1	12	89490	37	1.70
G3	Sample 75	2	1	13	94490	37	1.70
G3	Sample 75	2	1	14	99480	36.91	1.69
G3	Sample 75	2	1	15	104490	37	1.70
G4	Sample 76	2	1	1	34450	36.96	1.71
G4	Sample 76	2	1	2	39480	36.96	1.70
G4	Sample 76	2	1	3	44490	37	1.71
G4	Sample 76	2	1	4	49480	36.96	1.70
G4	Sample 76	2	1	5	54490	37	1.70
G4	Sample 76	2	1	6	59490	36.96	1.70
G4	Sample 76	2	1	7	64480	37	1.69
G4	Sample 76	2	1	8	69490	36.96	1.69
G4	Sample 76	2	1	9	74490	36.96	1.69
G4	Sample 76	2	1	10	79490	37	1.69
G4	Sample 76	2	1	11	84490	37	1.69
G4	Sample 76	2	1	12	89490	37	1.69
G4	Sample 76	2	1	13	94490	37	1.69
G4	Sample 76	2	1	14	99480	36.91	1.68
G4	Sample 76	2	1	15	104490	37	1.69
G5	Sample 77	2	1	1	34450	36.96	0.79
G5	Sample 77	2	1	2	39480	36.96	0.79
G5	Sample 77	2	1	3	44490	37	0.78
G5	Sample 77	2	1	4	49480	36.96	0.79
G5	Sample 77	2	1	5	54490	37	0.78
G5	Sample 77	2	1	6	59490	36.96	0.78
G5	Sample 77	2	1	7	64480	37	0.77
G5	Sample 77	2	1	8	69490	36.96	0.77
G5	Sample 77	2	1	9	74490	36.96	0.79
G5	Sample 77	2	1	10	79490	37	0.77
G5	Sample 77	2	1	11	84490	37	0.78
G5	Sample 77	2	1	12	89490	37	0.78
G5	Sample 77	2	1	13	94490	37	0.78
G5	Sample 77	2	1	14	99480	36.91	0.77
G5	Sample 77	2	1	15	104490	37	0.78
G6	Sample 78	2	1	1	34450	36.96	0.76
G6	Sample 78	2	1	2	39480	36.96	0.77
G6	Sample 78	2	1	3	44490	37	0.76
G6	Sample 78	2	1	4	49480	36.96	0.76
G6	Sample 78	2	1	5	54490	37	0.75
G6	Sample 78	2	1	6	59490	36.96	0.76
G6	Sample 78	2	1	7	64480	37	0.76
G6	Sample 78	2	1	8	69490	36.96	0.75
G6	Sample 78	2	1	9	74490	36.96	0.76
G6	Sample 78	2	1	10	79490	37	0.76
G6	Sample 78	2	1	11	84490	37	0.75
G6	Sample 78	2	1	12	89490	37	0.76
G6	Sample 78	2	1	13	94490	37	0.75
G6	Sample 78	2	1	14	99480	36.91	0.75
G6	Sample 78	2	1	15	104490	37	0.76
G7	Sample 79	2	1	1	34450	36.96	0.81
G7	Sample 79	2	1	2	39480	36.96	0.81
G7	Sample 79	2	1	3	44490	37	0.80
G7	Sample 79	2	1	4	49480	36.96	0.81
G7	Sample 79	2	1	5	54490	37	0.81
G7	Sample 79	2	1	6	59490	36.96	0.81
G7	Sample 79	2	1	7	64480	37	0.80
G7	Sample 79	2	1	8	69490	36.96	0.80
G7	Sample 79	2	1	9	74490	36.96	0.81
G7	Sample 79	2	1	10	79490	37	0.80
G7	Sample 79	2	1	11	84490	37	0.80
G7	Sample 79	2	1	12	89490	37	0.81
G7	Sample 79	2	1	13	94490	37	0.80
G7	Sample 79	2	1	14	99480	36.91	0.79
G7	Sample 79	2	1	15	104490	37	0.80
G8	Sample 80	2	1	1	34450	36.96	0.78
G8	Sample 80	2	1	2	39480	36.96	0.78
G8	Sample 80	2	1	3	44490	37	0.78
G8	Sample 80	2	1	4	49480	36.96	0.78
G8	Sample 80	2	1	5	54490	37	0.78
G8	Sample 80	2	1	6	59490	36.96	0.78
G8	Sample 80	2	1	7	64480	37	0.77
G8	Sample 80	2	1	8	69490	36.96	0.77
G8	Sample 80	2	1	9	74490	36.96	0.78
G8	Sample 80	2	1	10	79490	37	0.78
G8	Sample 80	2	1	11	84490	37	0.77
G8	Sample 80	2	1	12	89490	37	0.78
G8	Sample 80	2	1	13	94490	37	0.77
G8	Sample 80	2	1	14	99480	36.91	0.77
G8	Sample 80	2	1	15	104490	37	0.77
G9	Sample 81	2	1	1	34450	36.96	2.78
G9	Sample 81	2	1	2	39480	36.96	2.77
G9	Sample 81	2	1	3	44490	37	2.76
G9	Sample 81	2	1	4	49480	36.96	2.76
G9	Sample 81	2	1	5	54490	37	2.75
G9	Sample 81	2	1	6	59490	36.96	2.75
G9	Sample 81	2	1	7	64480	37	2.75
G9	Sample 81	2	1	8	69490	36.96	2.75
G9	Sample 81	2	1	9	74490	36.96	2.75
G9	Sample 81	2	1	10	79490	37	2.73
G9	Sample 81	2	1	11	84490	37	2.74
G9	Sample 81	2	1	12	89490	37	2.75
G9	Sample 81	2	1	13	94490	37	2.73
G9	Sample 81	2	1	14	99480	36.91	2.74
G9	Sample 81	2	1	15	104490	37	2.74
G10	Sample 82	2	1	1	34450	36.96	2.78
G10	Sample 82	2	1	2	39480	36.96	2.78
G10	Sample 82	2	1	3	44490	37	2.75
G10	Sample 82	2	1	4	49480	36.96	2.76
G10	Sample 82	2	1	5	54490	37	2.76
G10	Sample 82	2	1	6	59490	36.96	2.75
G10	Sample 82	2	1	7	64480	37	2.74
G10	Sample 82	2	1	8	69490	36.96	2.74
G10	Sample 82	2	1	9	74490	36.96	2.75
G10	Sample 82	2	1	10	79490	37	2.75
G10	Sample 82	2	1	11	84490	37	2.75
G10	Sample 82	2	1	12	89490	37	2.75
G10	Sample 82	2	1	13	94490	37	2.73
G10	Sample 82	2	1	14	99480	36.91	2.74
G10	Sample 82	2	1	15	104490	37	2.74
G11	Sample 83	2	1	1	34450	36.96	2.80
G11	Sample 83	2	1	2	39480	36.96	2.80
G11	Sample 83	2	1	3	44490	37	2.79
G11	Sample 83	2	1	4	49480	36.96	2.78
G11	Sample 83	2	1	5	54490	37	2.77
G11	Sample 83	2	1	6	59490	36.96	2.77
G11	Sample 83	2	1	7	64480	37	2.77
G11	Sample 83	2	1	8	69490	36.96	2.77
G11	Sample 83	2	1	9	74490	36.96	2.77
G11	Sample 83	2	1	10	79490	37	2.77
G11	Sample 83	2	1	11	84490	37	2.77
G11	Sample 83	2	1	12	89490	37	2.77
G11	Sample 83	2	1	13	94490	37	2.77
G11	Sample 83	2	1	14	99480	36.91	2.77
G11	Sample 83	2	1	15	104490	37	2.76
G12	Sample 84	2	1	1	34450	36.96	2.48
G12	Sample 84	2	1	2	39480	36.96	2.48
G12	Sample 84	2	1	3	44490	37	2.48
G12	Sample 84	2	1	4	49480	36.96	2.48
G12	Sample 84	2	1	5	54490	37	2.48
G12	Sample 84	2	1	6	59490	36.96	2.47
G12	Sample 84	2	1	7	64480	37	2.47
G12	Sample 84	2	1	8	69490	36.96	2.46
G12	Sample 84	2	1	9	74490	36.96	2.48
G12	Sample 84	2	1	10	79490	37	2.47
G12	Sample 84	2	1	11	84490	37	2.48
G12	Sample 84	2	1	12	89490	37	2.47
G12	Sample 84	2	1	13	94490	37	2.47
G12	Sample 84	2	1	14	99480	36.91	2.47
G12	Sample 84	2	1	15	104490	37	2.47
H1	Sample 85	2	1	1	34450	36.96	1.53
H1	Sample 85	2	1	2	39480	36.96	1.52
H1	Sample 85	2	1	3	44490	37	1.52
H1	Sample 85	2	1	4	49480	36.96	1.52
H1	Sample 85	2	1	5	54490	37	1.51
H1	Sample 85	2	1	6	59490	36.96	1.51
H1	Sample 85	2	1	7	64480	37	1.52
H1	Sample 85	2	1	8	69490	36.96	1.52
H1	Sample 85	2	1	9	74490	36.96	1.52
H1	Sample 85	2	1	10	79490	37	1.52
H1	Sample 85	2	1	11	84490	37	1.52
H1	Sample 85	2	1	12	89490	37	1.52
H1	Sample 85	2	1	13	94490	37	1.51
H1	Sample 85	2	1	14	99480	36.91	1.52
H1	Sample 85	2	1	15	104490	37	1.52
H2	Sample 86	2	1	1	34450	36.96	1.63
H2	Sample 86	2	1	2	39480	36.96	1.63
H2	Sample 86	2	1	3	44490	37	1.62
H2	Sample 86	2	1	4	49480	36.96	1.62
H2	Sample 86	2	1	5	54490	37	1.63
H2	Sample 86	2	1	6	59490	36.96	1.63
H2	Sample 86	2	1	7	64480	37	1.62
H2	Sample 86	2	1	8	69490	36.96	1.62
H2	Sample 86	2	1	9	74490	36.96	1.62
H2	Sample 86	2	1	10	79490	37	1.62
H2	Sample 86	2	1	11	84490	37	1.62
H2	Sample 86	2	1	12	89490	37	1.62
H2	Sample 86	2	1	13	94490	37	1.61
H2	Sample 86	2	1	14	99480	36.91	1.62
H2	Sample 86	2	1	15	104490	37	1.62
H3	Sample 87	2	1	1	34450	36.96	1.66
H3	Sample 87	2	1	2	39480	36.96	1.66
H3	Sample 87	2	1	3	44490	37	1.66
H3	Sample 87	2	1	4	49480	36.96	1.66
H3	Sample 87	2	1	5	54490	37	1.66
H3	Sample 87	2	1	6	59490	36.96	1.66
H3	Sample 87	2	1	7	64480	37	1.65
H3	Sample 87	2	1	8	69490	36.96	1.66
H3	Sample 87	2	1	9	74490	36.96	1.66
H3	Sample 87	2	1	10	79490	37	1.65
H3	Sample 87	2	1	11	84490	37	1.66
H3	Sample 87	2	1	12	89490	37	1.66
H3	Sample 87	2	1	13	94490	37	1.65
H3	Sample 87	2	1	14	99480	36.91	1.66
H3	Sample 87	2	1	15	104490	37	1.66
H4	Sample 88	2	1	1	34450	36.96	1.69
H4	Sample 88	2	1	2	39480	36.96	1.70
H4	Sample 88	2	1	3	44490	37	1.68
H4	Sample 88	2	1	4	49480	36.96	1.68
H4	Sample 88	2	1	5	54490	37	1.67
H4	Sample 88	2	1	6	59490	36.96	1.67
H4	Sample 88	2	1	7	64480	37	1.68
H4	Sample 88	2	1	8	69490	36.96	1.68
H4	Sample 88	2	1	9	74490	36.96	1.68
H4	Sample 88	2	1	10	79490	37	1.68
H4	Sample 88	2	1	11	84490	37	1.68
H4	Sample 88	2	1	12	89490	37	1.68
H4	Sample 88	2	1	13	94490	37	1.67
H4	Sample 88	2	1	14	99480	36.91	1.68
H4	Sample 88	2	1	15	104490	37	1.68
H5	Sample 89	2	1	1	34450	36.96	0.85
H5	Sample 89	2	1	2	39480	36.96	0.86
H5	Sample 89	2	1	3	44490	37	0.85
H5	Sample 89	2	1	4	49480	36.96	0.85
H5	Sample 89	2	1	5	54490	37	0.86
H5	Sample 89	2	1	6	59490	36.96	0.86
H5	Sample 89	2	1	7	64480	37	0.85
H5	Sample 89	2	1	8	69490	36.96	0.86
H5	Sample 89	2	1	9	74490	36.96	0.85
H5	Sample 89	2	1	10	79490	37	0.85
H5	Sample 89	2	1	11	84490	37	0.85
H5	Sample 89	2	1	12	89490	37	0.85
H5	Sample 89	2	1	13	94490	37	0.85
H5	Sample 89	2	1	14	99480	36.91	0.85
H5	Sample 89	2	1	15	104490	37	0.85
H6	Sample 90	2	1	1	34450	36.96	0.82
H6	Sample 90	2	1	2	39480	36.96	0.82
H6	Sample 90	2	1	3	44490	37	0.81
H6	Sample 90	2	1	4	49480	36.96	0.81
H6	Sample 90	2	1	5	54490	37	0.81
H6	Sample 90	2	1	6	59490	36.96	0.82
H6	Sample 90	2	1	7	64480	37	0.81
H6	Sample 90	2	1	8	69490	36.96	0.81
H6	Sample 90	2	1	9	74490	36.96	0.81
H6	Sample 90	2	1	10	79490	37	0.81
H6	Sample 90	2	1	11	84490	37	0.81
H6	Sample 90	2	1	12	89490	37	0.81
H6	Sample 90	2	1	13	94490	37	0.80
H6	Sample 90	2	1	14	99480	36.91	0.81
H6	Sample 90	2	1	15	104490	37	0.81
H7	Sample 91	2	1	1	34450	36.96	0.82
H7	Sample 91	2	1	2	39480	36.96	0.82
H7	Sample 91	2	1	3	44490	37	0.81
H7	Sample 91	2	1	4	49480	36.96	0.81
H7	Sample 91	2	1	5	54490	37	0.81
H7	Sample 91	2	1	6	59490	36.96	0.81
H7	Sample 91	2	1	7	64480	37	0.81
H7	Sample 91	2	1	8	69490	36.96	0.81
H7	Sample 91	2	1	9	74490	36.96	0.82
H7	Sample 91	2	1	10	79490	37	0.82
H7	Sample 91	2	1	11	84490	37	0.82
H7	Sample 91	2	1	12	89490	37	0.81
H7	Sample 91	2	1	13	94490	37	0.81
H7	Sample 91	2	1	14	99480	36.91	0.81
H7	Sample 91	2	1	15	104490	37	0.82
H8	Sample 92	2	1	1	34450	36.96	0.80
H8	Sample 92	2	1	2	39480	36.96	0.80
H8	Sample 92	2	1	3	44490	37	0.79
H8	Sample 92	2	1	4	49480	36.96	0.80
H8	Sample 92	2	1	5	54490	37	0.80
H8	Sample 92	2	1	6	59490	36.96	0.80
H8	Sample 92	2	1	7	64480	37	0.79
H8	Sample 92	2	1	8	69490	36.96	0.80
H8	Sample 92	2	1	9	74490	36.96	0.79
H8	Sample 92	2	1	10	79490	37	0.79
H8	Sample 92	2	1	11	84490	37	0.80
H8	Sample 92	2	1	12	89490	37	0.79
H8	Sample 92	2	1	13	94490	37	0.79
H8	Sample 92	2	1	14	99480	36.91	0.79
H8	Sample 92	2	1	15	104490	37	0.79
H9	Sample 93	2	1	1	34450	36.96	2.62
H9	Sample 93	2	1	2	39480	36.96	2.62
H9	Sample 93	2	1	3	44490	37	2.61
H9	Sample 93	2	1	4	49480	36.96	2.61
H9	Sample 93	2	1	5	54490	37	2.60
H9	Sample 93	2	1	6	59490	36.96	2.61
H9	Sample 93	2	1	7	64480	37	2.60
H9	Sample 93	2	1	8	69490	36.96	2.60
H9	Sample 93	2	1	9	74490	36.96	2.60
H9	Sample 93	2	1	10	79490	37	2.60
H9	Sample 93	2	1	11	84490	37	2.61
H9	Sample 93	2	1	12	89490	37	2.60
H9	Sample 93	2	1	13	94490	37	2.60
H9	Sample 93	2	1	14	99480	36.91	2.61
H9	Sample 93	2	1	15	104490	37	2.60
H10	Sample 94	2	1	1	34450	36.96	2.56
H10	Sample 94	2	1	2	39480	36.96	2.56
H10	Sample 94	2	1	3	44490	37	2.55
H10	Sample 94	2	1	4	49480	36.96	2.55
H10	Sample 94	2	1	5	54490	37	2.54
H10	Sample 94	2	1	6	59490	36.96	2.55
H10	Sample 94	2	1	7	64480	37	2.55
H10	Sample 94	2	1	8	69490	36.96	2.54
H10	Sample 94	2	1	9	74490	36.96	2.55
H10	Sample 94	2	1	10	79490	37	2.54
H10	Sample 94	2	1	11	84490	37	2.55
H10	Sample 94	2	1	12	89490	37	2.54
H10	Sample 94	2	1	13	94490	37	2.54
H10	Sample 94	2	1	14	99480	36.91	2.53
H10	Sample 94	2	1	15	104490	37	2.53
H11	Sample 95	2	1	1	34450	36.96	2.46
H11	Sample 95	2	1	2	39480	36.96	2.45
H11	Sample 95	2	1	3	44490	37	2.44
H11	Sample 95	2	1	4	49480	36.96	2.44
H11	Sample 95	2	1	5	54490	37	2.43
H11	Sample 95	2	1	6	59490	36.96	2.45
H11	Sample 95	2	1	7	64480	37	2.43
H11	Sample 95	2	1	8	69490	36.96	2.44
H11	Sample 95	2	1	9	74490	36.96	2.43
H11	Sample 95	2	1	10	79490	37	2.44
H11	Sample 95	2	1	11	84490	37	2.44
H11	Sample 95	2	1	12	89490	37	2.44
H11	Sample 95	2	1	13	94490	37	2.44
H11	Sample 95	2	1	14	99480	36.91	2.44
H11	Sample 95	2	1	15	104490	37	2.44
H12	Sample 96	2	1	1	34450	36.96	2.40
H12	Sample 96	2	1	2	39480	36.96	2.40
H12	Sample 96	2	1	3	44490	37	2.40
H12	Sample 96	2	1	4	49480	36.96	2.39
H12	Sample 96	2	1	5	54490	37	2.39
H12	Sample 96	2	1	6	59490	36.96	2.39
H12	Sample 96	2	1	7	64480	37	2.38
H12	Sample 96	2	1	8	69490	36.96	2.39
H12	Sample 96	2	1	9	74490	36.96	2.39
H12	Sample 96	2	1	10	79490	37	2.39
H12	Sample 96	2	1	11	84490	37	2.39
H12	Sample 96	2	1	12	89490	37	2.39
H12	Sample 96	2	1	13	94490	37	2.39
H12	Sample 96	2	1	14	99480	36.91	2.39
H12	Sample 96	2	1	15	104490	37	2.38
