Raw Data 		Experiment - evIC50_6_plate8_17APRIL2026 (Run on LCS480 1.5.1.62)
SamplePos	SampleName	Prog#	Seg#	Cycle#	Time	Temp	465-510	
A1	Sample 1	2	1	1	32280	36.96	1.15
A1	Sample 1	2	1	2	37280	36.96	1.14
A1	Sample 1	2	1	3	42260	36.96	1.14
A1	Sample 1	2	1	4	47260	36.96	1.15
A1	Sample 1	2	1	5	52270	36.96	1.14
A1	Sample 1	2	1	6	57270	37.05	1.13
A1	Sample 1	2	1	7	62270	37	1.14
A1	Sample 1	2	1	8	67270	36.96	1.15
A1	Sample 1	2	1	9	72260	36.96	1.14
A1	Sample 1	2	1	10	77270	37	1.13
A1	Sample 1	2	1	11	82290	37	1.14
A1	Sample 1	2	1	12	87260	36.96	1.14
A1	Sample 1	2	1	13	92270	37	1.13
A1	Sample 1	2	1	14	97270	37	1.14
A1	Sample 1	2	1	15	102270	37.05	1.13
A2	Sample 2	2	1	1	32280	36.96	1.25
A2	Sample 2	2	1	2	37280	36.96	1.25
A2	Sample 2	2	1	3	42260	36.96	1.25
A2	Sample 2	2	1	4	47260	36.96	1.26
A2	Sample 2	2	1	5	52270	36.96	1.25
A2	Sample 2	2	1	6	57270	37.05	1.24
A2	Sample 2	2	1	7	62270	37	1.25
A2	Sample 2	2	1	8	67270	36.96	1.25
A2	Sample 2	2	1	9	72260	36.96	1.25
A2	Sample 2	2	1	10	77270	37	1.25
A2	Sample 2	2	1	11	82290	37	1.24
A2	Sample 2	2	1	12	87260	36.96	1.25
A2	Sample 2	2	1	13	92270	37	1.24
A2	Sample 2	2	1	14	97270	37	1.25
A2	Sample 2	2	1	15	102270	37.05	1.24
A3	Sample 3	2	1	1	32280	36.96	1.34
A3	Sample 3	2	1	2	37280	36.96	1.34
A3	Sample 3	2	1	3	42260	36.96	1.34
A3	Sample 3	2	1	4	47260	36.96	1.34
A3	Sample 3	2	1	5	52270	36.96	1.34
A3	Sample 3	2	1	6	57270	37.05	1.33
A3	Sample 3	2	1	7	62270	37	1.34
A3	Sample 3	2	1	8	67270	36.96	1.34
A3	Sample 3	2	1	9	72260	36.96	1.33
A3	Sample 3	2	1	10	77270	37	1.33
A3	Sample 3	2	1	11	82290	37	1.34
A3	Sample 3	2	1	12	87260	36.96	1.34
A3	Sample 3	2	1	13	92270	37	1.33
A3	Sample 3	2	1	14	97270	37	1.34
A3	Sample 3	2	1	15	102270	37.05	1.33
A4	Sample 4	2	1	1	32280	36.96	1.43
A4	Sample 4	2	1	2	37280	36.96	1.43
A4	Sample 4	2	1	3	42260	36.96	1.42
A4	Sample 4	2	1	4	47260	36.96	1.42
A4	Sample 4	2	1	5	52270	36.96	1.43
A4	Sample 4	2	1	6	57270	37.05	1.42
A4	Sample 4	2	1	7	62270	37	1.43
A4	Sample 4	2	1	8	67270	36.96	1.42
A4	Sample 4	2	1	9	72260	36.96	1.42
A4	Sample 4	2	1	10	77270	37	1.41
A4	Sample 4	2	1	11	82290	37	1.42
A4	Sample 4	2	1	12	87260	36.96	1.42
A4	Sample 4	2	1	13	92270	37	1.41
A4	Sample 4	2	1	14	97270	37	1.42
A4	Sample 4	2	1	15	102270	37.05	1.41
A5	Sample 5	2	1	1	32280	36.96	1.52
A5	Sample 5	2	1	2	37280	36.96	1.52
A5	Sample 5	2	1	3	42260	36.96	1.52
A5	Sample 5	2	1	4	47260	36.96	1.52
A5	Sample 5	2	1	5	52270	36.96	1.51
A5	Sample 5	2	1	6	57270	37.05	1.51
A5	Sample 5	2	1	7	62270	37	1.52
A5	Sample 5	2	1	8	67270	36.96	1.51
A5	Sample 5	2	1	9	72260	36.96	1.51
A5	Sample 5	2	1	10	77270	37	1.51
A5	Sample 5	2	1	11	82290	37	1.51
A5	Sample 5	2	1	12	87260	36.96	1.51
A5	Sample 5	2	1	13	92270	37	1.51
A5	Sample 5	2	1	14	97270	37	1.51
A5	Sample 5	2	1	15	102270	37.05	1.51
A6	Sample 6	2	1	1	32280	36.96	1.59
A6	Sample 6	2	1	2	37280	36.96	1.58
A6	Sample 6	2	1	3	42260	36.96	1.57
A6	Sample 6	2	1	4	47260	36.96	1.58
A6	Sample 6	2	1	5	52270	36.96	1.57
A6	Sample 6	2	1	6	57270	37.05	1.57
A6	Sample 6	2	1	7	62270	37	1.58
A6	Sample 6	2	1	8	67270	36.96	1.58
A6	Sample 6	2	1	9	72260	36.96	1.58
A6	Sample 6	2	1	10	77270	37	1.58
A6	Sample 6	2	1	11	82290	37	1.57
A6	Sample 6	2	1	12	87260	36.96	1.57
A6	Sample 6	2	1	13	92270	37	1.57
A6	Sample 6	2	1	14	97270	37	1.57
A6	Sample 6	2	1	15	102270	37.05	1.57
A7	Sample 7	2	1	1	32280	36.96	1.61
A7	Sample 7	2	1	2	37280	36.96	1.61
A7	Sample 7	2	1	3	42260	36.96	1.61
A7	Sample 7	2	1	4	47260	36.96	1.61
A7	Sample 7	2	1	5	52270	36.96	1.60
A7	Sample 7	2	1	6	57270	37.05	1.60
A7	Sample 7	2	1	7	62270	37	1.61
A7	Sample 7	2	1	8	67270	36.96	1.60
A7	Sample 7	2	1	9	72260	36.96	1.61
A7	Sample 7	2	1	10	77270	37	1.61
A7	Sample 7	2	1	11	82290	37	1.60
A7	Sample 7	2	1	12	87260	36.96	1.59
A7	Sample 7	2	1	13	92270	37	1.60
A7	Sample 7	2	1	14	97270	37	1.60
A7	Sample 7	2	1	15	102270	37.05	1.60
A8	Sample 8	2	1	1	32280	36.96	1.51
A8	Sample 8	2	1	2	37280	36.96	1.51
A8	Sample 8	2	1	3	42260	36.96	1.50
A8	Sample 8	2	1	4	47260	36.96	1.50
A8	Sample 8	2	1	5	52270	36.96	1.50
A8	Sample 8	2	1	6	57270	37.05	1.50
A8	Sample 8	2	1	7	62270	37	1.50
A8	Sample 8	2	1	8	67270	36.96	1.50
A8	Sample 8	2	1	9	72260	36.96	1.50
A8	Sample 8	2	1	10	77270	37	1.50
A8	Sample 8	2	1	11	82290	37	1.50
A8	Sample 8	2	1	12	87260	36.96	1.49
A8	Sample 8	2	1	13	92270	37	1.50
A8	Sample 8	2	1	14	97270	37	1.50
A8	Sample 8	2	1	15	102270	37.05	1.49
A9	Sample 9	2	1	1	32280	36.96	1.37
A9	Sample 9	2	1	2	37280	36.96	1.36
A9	Sample 9	2	1	3	42260	36.96	1.36
A9	Sample 9	2	1	4	47260	36.96	1.36
A9	Sample 9	2	1	5	52270	36.96	1.36
A9	Sample 9	2	1	6	57270	37.05	1.36
A9	Sample 9	2	1	7	62270	37	1.36
A9	Sample 9	2	1	8	67270	36.96	1.36
A9	Sample 9	2	1	9	72260	36.96	1.36
A9	Sample 9	2	1	10	77270	37	1.36
A9	Sample 9	2	1	11	82290	37	1.36
A9	Sample 9	2	1	12	87260	36.96	1.35
A9	Sample 9	2	1	13	92270	37	1.35
A9	Sample 9	2	1	14	97270	37	1.36
A9	Sample 9	2	1	15	102270	37.05	1.36
A10	Sample 10	2	1	1	32280	36.96	1.31
A10	Sample 10	2	1	2	37280	36.96	1.31
A10	Sample 10	2	1	3	42260	36.96	1.31
A10	Sample 10	2	1	4	47260	36.96	1.31
A10	Sample 10	2	1	5	52270	36.96	1.31
A10	Sample 10	2	1	6	57270	37.05	1.31
A10	Sample 10	2	1	7	62270	37	1.31
A10	Sample 10	2	1	8	67270	36.96	1.31
A10	Sample 10	2	1	9	72260	36.96	1.31
A10	Sample 10	2	1	10	77270	37	1.31
A10	Sample 10	2	1	11	82290	37	1.31
A10	Sample 10	2	1	12	87260	36.96	1.30
A10	Sample 10	2	1	13	92270	37	1.30
A10	Sample 10	2	1	14	97270	37	1.31
A10	Sample 10	2	1	15	102270	37.05	1.30
A11	Sample 11	2	1	1	32280	36.96	1.25
A11	Sample 11	2	1	2	37280	36.96	1.25
A11	Sample 11	2	1	3	42260	36.96	1.24
A11	Sample 11	2	1	4	47260	36.96	1.25
A11	Sample 11	2	1	5	52270	36.96	1.24
A11	Sample 11	2	1	6	57270	37.05	1.24
A11	Sample 11	2	1	7	62270	37	1.25
A11	Sample 11	2	1	8	67270	36.96	1.25
A11	Sample 11	2	1	9	72260	36.96	1.24
A11	Sample 11	2	1	10	77270	37	1.24
A11	Sample 11	2	1	11	82290	37	1.24
A11	Sample 11	2	1	12	87260	36.96	1.24
A11	Sample 11	2	1	13	92270	37	1.24
A11	Sample 11	2	1	14	97270	37	1.24
A11	Sample 11	2	1	15	102270	37.05	1.24
A12	Sample 12	2	1	1	32280	36.96	1.12
A12	Sample 12	2	1	2	37280	36.96	1.12
A12	Sample 12	2	1	3	42260	36.96	1.11
A12	Sample 12	2	1	4	47260	36.96	1.11
A12	Sample 12	2	1	5	52270	36.96	1.11
A12	Sample 12	2	1	6	57270	37.05	1.11
A12	Sample 12	2	1	7	62270	37	1.12
A12	Sample 12	2	1	8	67270	36.96	1.12
A12	Sample 12	2	1	9	72260	36.96	1.11
A12	Sample 12	2	1	10	77270	37	1.11
A12	Sample 12	2	1	11	82290	37	1.11
A12	Sample 12	2	1	12	87260	36.96	1.11
A12	Sample 12	2	1	13	92270	37	1.10
A12	Sample 12	2	1	14	97270	37	1.11
A12	Sample 12	2	1	15	102270	37.05	1.11
B1	Sample 13	2	1	1	32280	36.96	1.10
B1	Sample 13	2	1	2	37280	36.96	1.11
B1	Sample 13	2	1	3	42260	36.96	1.11
B1	Sample 13	2	1	4	47260	36.96	1.11
B1	Sample 13	2	1	5	52270	36.96	1.10
B1	Sample 13	2	1	6	57270	37.05	1.10
B1	Sample 13	2	1	7	62270	37	1.10
B1	Sample 13	2	1	8	67270	36.96	1.10
B1	Sample 13	2	1	9	72260	36.96	1.10
B1	Sample 13	2	1	10	77270	37	1.10
B1	Sample 13	2	1	11	82290	37	1.10
B1	Sample 13	2	1	12	87260	36.96	1.10
B1	Sample 13	2	1	13	92270	37	1.10
B1	Sample 13	2	1	14	97270	37	1.10
B1	Sample 13	2	1	15	102270	37.05	1.10
B2	Sample 14	2	1	1	32280	36.96	1.21
B2	Sample 14	2	1	2	37280	36.96	1.22
B2	Sample 14	2	1	3	42260	36.96	1.20
B2	Sample 14	2	1	4	47260	36.96	1.20
B2	Sample 14	2	1	5	52270	36.96	1.20
B2	Sample 14	2	1	6	57270	37.05	1.19
B2	Sample 14	2	1	7	62270	37	1.20
B2	Sample 14	2	1	8	67270	36.96	1.20
B2	Sample 14	2	1	9	72260	36.96	1.19
B2	Sample 14	2	1	10	77270	37	1.20
B2	Sample 14	2	1	11	82290	37	1.19
B2	Sample 14	2	1	12	87260	36.96	1.20
B2	Sample 14	2	1	13	92270	37	1.21
B2	Sample 14	2	1	14	97270	37	1.20
B2	Sample 14	2	1	15	102270	37.05	1.20
B3	Sample 15	2	1	1	32280	36.96	1.26
B3	Sample 15	2	1	2	37280	36.96	1.25
B3	Sample 15	2	1	3	42260	36.96	1.26
B3	Sample 15	2	1	4	47260	36.96	1.25
B3	Sample 15	2	1	5	52270	36.96	1.26
B3	Sample 15	2	1	6	57270	37.05	1.25
B3	Sample 15	2	1	7	62270	37	1.25
B3	Sample 15	2	1	8	67270	36.96	1.25
B3	Sample 15	2	1	9	72260	36.96	1.25
B3	Sample 15	2	1	10	77270	37	1.25
B3	Sample 15	2	1	11	82290	37	1.24
B3	Sample 15	2	1	12	87260	36.96	1.25
B3	Sample 15	2	1	13	92270	37	1.25
B3	Sample 15	2	1	14	97270	37	1.25
B3	Sample 15	2	1	15	102270	37.05	1.24
B4	Sample 16	2	1	1	32280	36.96	1.35
B4	Sample 16	2	1	2	37280	36.96	1.35
B4	Sample 16	2	1	3	42260	36.96	1.35
B4	Sample 16	2	1	4	47260	36.96	1.34
B4	Sample 16	2	1	5	52270	36.96	1.34
B4	Sample 16	2	1	6	57270	37.05	1.34
B4	Sample 16	2	1	7	62270	37	1.34
B4	Sample 16	2	1	8	67270	36.96	1.34
B4	Sample 16	2	1	9	72260	36.96	1.34
B4	Sample 16	2	1	10	77270	37	1.34
B4	Sample 16	2	1	11	82290	37	1.33
B4	Sample 16	2	1	12	87260	36.96	1.34
B4	Sample 16	2	1	13	92270	37	1.34
B4	Sample 16	2	1	14	97270	37	1.33
B4	Sample 16	2	1	15	102270	37.05	1.33
B5	Sample 17	2	1	1	32280	36.96	1.51
B5	Sample 17	2	1	2	37280	36.96	1.51
B5	Sample 17	2	1	3	42260	36.96	1.51
B5	Sample 17	2	1	4	47260	36.96	1.51
B5	Sample 17	2	1	5	52270	36.96	1.50
B5	Sample 17	2	1	6	57270	37.05	1.49
B5	Sample 17	2	1	7	62270	37	1.49
B5	Sample 17	2	1	8	67270	36.96	1.50
B5	Sample 17	2	1	9	72260	36.96	1.50
B5	Sample 17	2	1	10	77270	37	1.50
B5	Sample 17	2	1	11	82290	37	1.50
B5	Sample 17	2	1	12	87260	36.96	1.50
B5	Sample 17	2	1	13	92270	37	1.50
B5	Sample 17	2	1	14	97270	37	1.49
B5	Sample 17	2	1	15	102270	37.05	1.49
B6	Sample 18	2	1	1	32280	36.96	1.51
B6	Sample 18	2	1	2	37280	36.96	1.50
B6	Sample 18	2	1	3	42260	36.96	1.50
B6	Sample 18	2	1	4	47260	36.96	1.50
B6	Sample 18	2	1	5	52270	36.96	1.50
B6	Sample 18	2	1	6	57270	37.05	1.50
B6	Sample 18	2	1	7	62270	37	1.50
B6	Sample 18	2	1	8	67270	36.96	1.50
B6	Sample 18	2	1	9	72260	36.96	1.49
B6	Sample 18	2	1	10	77270	37	1.50
B6	Sample 18	2	1	11	82290	37	1.49
B6	Sample 18	2	1	12	87260	36.96	1.49
B6	Sample 18	2	1	13	92270	37	1.49
B6	Sample 18	2	1	14	97270	37	1.49
B6	Sample 18	2	1	15	102270	37.05	1.49
B7	Sample 19	2	1	1	32280	36.96	1.52
B7	Sample 19	2	1	2	37280	36.96	1.52
B7	Sample 19	2	1	3	42260	36.96	1.52
B7	Sample 19	2	1	4	47260	36.96	1.52
B7	Sample 19	2	1	5	52270	36.96	1.51
B7	Sample 19	2	1	6	57270	37.05	1.51
B7	Sample 19	2	1	7	62270	37	1.51
B7	Sample 19	2	1	8	67270	36.96	1.51
B7	Sample 19	2	1	9	72260	36.96	1.51
B7	Sample 19	2	1	10	77270	37	1.51
B7	Sample 19	2	1	11	82290	37	1.51
B7	Sample 19	2	1	12	87260	36.96	1.50
B7	Sample 19	2	1	13	92270	37	1.51
B7	Sample 19	2	1	14	97270	37	1.50
B7	Sample 19	2	1	15	102270	37.05	1.49
B8	Sample 20	2	1	1	32280	36.96	1.45
B8	Sample 20	2	1	2	37280	36.96	1.46
B8	Sample 20	2	1	3	42260	36.96	1.44
B8	Sample 20	2	1	4	47260	36.96	1.44
B8	Sample 20	2	1	5	52270	36.96	1.45
B8	Sample 20	2	1	6	57270	37.05	1.44
B8	Sample 20	2	1	7	62270	37	1.44
B8	Sample 20	2	1	8	67270	36.96	1.44
B8	Sample 20	2	1	9	72260	36.96	1.44
B8	Sample 20	2	1	10	77270	37	1.43
B8	Sample 20	2	1	11	82290	37	1.43
B8	Sample 20	2	1	12	87260	36.96	1.43
B8	Sample 20	2	1	13	92270	37	1.43
B8	Sample 20	2	1	14	97270	37	1.43
B8	Sample 20	2	1	15	102270	37.05	1.43
B9	Sample 21	2	1	1	32280	36.96	1.36
B9	Sample 21	2	1	2	37280	36.96	1.36
B9	Sample 21	2	1	3	42260	36.96	1.36
B9	Sample 21	2	1	4	47260	36.96	1.36
B9	Sample 21	2	1	5	52270	36.96	1.36
B9	Sample 21	2	1	6	57270	37.05	1.35
B9	Sample 21	2	1	7	62270	37	1.35
B9	Sample 21	2	1	8	67270	36.96	1.36
B9	Sample 21	2	1	9	72260	36.96	1.35
B9	Sample 21	2	1	10	77270	37	1.35
B9	Sample 21	2	1	11	82290	37	1.35
B9	Sample 21	2	1	12	87260	36.96	1.35
B9	Sample 21	2	1	13	92270	37	1.35
B9	Sample 21	2	1	14	97270	37	1.35
B9	Sample 21	2	1	15	102270	37.05	1.34
B10	Sample 22	2	1	1	32280	36.96	1.24
B10	Sample 22	2	1	2	37280	36.96	1.23
B10	Sample 22	2	1	3	42260	36.96	1.23
B10	Sample 22	2	1	4	47260	36.96	1.23
B10	Sample 22	2	1	5	52270	36.96	1.23
B10	Sample 22	2	1	6	57270	37.05	1.23
B10	Sample 22	2	1	7	62270	37	1.22
B10	Sample 22	2	1	8	67270	36.96	1.23
B10	Sample 22	2	1	9	72260	36.96	1.23
B10	Sample 22	2	1	10	77270	37	1.22
B10	Sample 22	2	1	11	82290	37	1.22
B10	Sample 22	2	1	12	87260	36.96	1.23
B10	Sample 22	2	1	13	92270	37	1.22
B10	Sample 22	2	1	14	97270	37	1.22
B10	Sample 22	2	1	15	102270	37.05	1.21
B11	Sample 23	2	1	1	32280	36.96	1.33
B11	Sample 23	2	1	2	37280	36.96	1.33
B11	Sample 23	2	1	3	42260	36.96	1.33
B11	Sample 23	2	1	4	47260	36.96	1.32
B11	Sample 23	2	1	5	52270	36.96	1.32
B11	Sample 23	2	1	6	57270	37.05	1.32
B11	Sample 23	2	1	7	62270	37	1.32
B11	Sample 23	2	1	8	67270	36.96	1.32
B11	Sample 23	2	1	9	72260	36.96	1.32
B11	Sample 23	2	1	10	77270	37	1.32
B11	Sample 23	2	1	11	82290	37	1.31
B11	Sample 23	2	1	12	87260	36.96	1.32
B11	Sample 23	2	1	13	92270	37	1.32
B11	Sample 23	2	1	14	97270	37	1.31
B11	Sample 23	2	1	15	102270	37.05	1.31
B12	Sample 24	2	1	1	32280	36.96	1.15
B12	Sample 24	2	1	2	37280	36.96	1.15
B12	Sample 24	2	1	3	42260	36.96	1.15
B12	Sample 24	2	1	4	47260	36.96	1.15
B12	Sample 24	2	1	5	52270	36.96	1.15
B12	Sample 24	2	1	6	57270	37.05	1.14
B12	Sample 24	2	1	7	62270	37	1.14
B12	Sample 24	2	1	8	67270	36.96	1.15
B12	Sample 24	2	1	9	72260	36.96	1.15
B12	Sample 24	2	1	10	77270	37	1.15
B12	Sample 24	2	1	11	82290	37	1.14
B12	Sample 24	2	1	12	87260	36.96	1.14
B12	Sample 24	2	1	13	92270	37	1.15
B12	Sample 24	2	1	14	97270	37	1.15
B12	Sample 24	2	1	15	102270	37.05	1.14
C1	Sample 25	2	1	1	32280	36.96	1.14
C1	Sample 25	2	1	2	37280	36.96	1.13
C1	Sample 25	2	1	3	42260	36.96	1.13
C1	Sample 25	2	1	4	47260	36.96	1.13
C1	Sample 25	2	1	5	52270	36.96	1.13
C1	Sample 25	2	1	6	57270	37.05	1.13
C1	Sample 25	2	1	7	62270	37	1.13
C1	Sample 25	2	1	8	67270	36.96	1.13
C1	Sample 25	2	1	9	72260	36.96	1.13
C1	Sample 25	2	1	10	77270	37	1.12
C1	Sample 25	2	1	11	82290	37	1.13
C1	Sample 25	2	1	12	87260	36.96	1.12
C1	Sample 25	2	1	13	92270	37	1.12
C1	Sample 25	2	1	14	97270	37	1.13
C1	Sample 25	2	1	15	102270	37.05	1.13
C2	Sample 26	2	1	1	32280	36.96	1.19
C2	Sample 26	2	1	2	37280	36.96	1.17
C2	Sample 26	2	1	3	42260	36.96	1.18
C2	Sample 26	2	1	4	47260	36.96	1.18
C2	Sample 26	2	1	5	52270	36.96	1.18
C2	Sample 26	2	1	6	57270	37.05	1.17
C2	Sample 26	2	1	7	62270	37	1.17
C2	Sample 26	2	1	8	67270	36.96	1.17
C2	Sample 26	2	1	9	72260	36.96	1.17
C2	Sample 26	2	1	10	77270	37	1.17
C2	Sample 26	2	1	11	82290	37	1.18
C2	Sample 26	2	1	12	87260	36.96	1.17
C2	Sample 26	2	1	13	92270	37	1.17
C2	Sample 26	2	1	14	97270	37	1.17
C2	Sample 26	2	1	15	102270	37.05	1.16
C3	Sample 27	2	1	1	32280	36.96	1.26
C3	Sample 27	2	1	2	37280	36.96	1.26
C3	Sample 27	2	1	3	42260	36.96	1.25
C3	Sample 27	2	1	4	47260	36.96	1.25
C3	Sample 27	2	1	5	52270	36.96	1.25
C3	Sample 27	2	1	6	57270	37.05	1.25
C3	Sample 27	2	1	7	62270	37	1.25
C3	Sample 27	2	1	8	67270	36.96	1.26
C3	Sample 27	2	1	9	72260	36.96	1.25
C3	Sample 27	2	1	10	77270	37	1.24
C3	Sample 27	2	1	11	82290	37	1.25
C3	Sample 27	2	1	12	87260	36.96	1.25
C3	Sample 27	2	1	13	92270	37	1.24
C3	Sample 27	2	1	14	97270	37	1.24
C3	Sample 27	2	1	15	102270	37.05	1.24
C4	Sample 28	2	1	1	32280	36.96	1.30
C4	Sample 28	2	1	2	37280	36.96	1.29
C4	Sample 28	2	1	3	42260	36.96	1.29
C4	Sample 28	2	1	4	47260	36.96	1.30
C4	Sample 28	2	1	5	52270	36.96	1.29
C4	Sample 28	2	1	6	57270	37.05	1.29
C4	Sample 28	2	1	7	62270	37	1.29
C4	Sample 28	2	1	8	67270	36.96	1.30
C4	Sample 28	2	1	9	72260	36.96	1.29
C4	Sample 28	2	1	10	77270	37	1.29
C4	Sample 28	2	1	11	82290	37	1.29
C4	Sample 28	2	1	12	87260	36.96	1.29
C4	Sample 28	2	1	13	92270	37	1.29
C4	Sample 28	2	1	14	97270	37	1.29
C4	Sample 28	2	1	15	102270	37.05	1.28
C5	Sample 29	2	1	1	32280	36.96	1.42
C5	Sample 29	2	1	2	37280	36.96	1.42
C5	Sample 29	2	1	3	42260	36.96	1.42
C5	Sample 29	2	1	4	47260	36.96	1.42
C5	Sample 29	2	1	5	52270	36.96	1.42
C5	Sample 29	2	1	6	57270	37.05	1.41
C5	Sample 29	2	1	7	62270	37	1.41
C5	Sample 29	2	1	8	67270	36.96	1.41
C5	Sample 29	2	1	9	72260	36.96	1.41
C5	Sample 29	2	1	10	77270	37	1.40
C5	Sample 29	2	1	11	82290	37	1.40
C5	Sample 29	2	1	12	87260	36.96	1.41
C5	Sample 29	2	1	13	92270	37	1.41
C5	Sample 29	2	1	14	97270	37	1.41
C5	Sample 29	2	1	15	102270	37.05	1.40
C6	Sample 30	2	1	1	32280	36.96	1.51
C6	Sample 30	2	1	2	37280	36.96	1.50
C6	Sample 30	2	1	3	42260	36.96	1.50
C6	Sample 30	2	1	4	47260	36.96	1.50
C6	Sample 30	2	1	5	52270	36.96	1.50
C6	Sample 30	2	1	6	57270	37.05	1.50
C6	Sample 30	2	1	7	62270	37	1.50
C6	Sample 30	2	1	8	67270	36.96	1.50
C6	Sample 30	2	1	9	72260	36.96	1.50
C6	Sample 30	2	1	10	77270	37	1.49
C6	Sample 30	2	1	11	82290	37	1.49
C6	Sample 30	2	1	12	87260	36.96	1.49
C6	Sample 30	2	1	13	92270	37	1.49
C6	Sample 30	2	1	14	97270	37	1.49
C6	Sample 30	2	1	15	102270	37.05	1.49
C7	Sample 31	2	1	1	32280	36.96	1.56
C7	Sample 31	2	1	2	37280	36.96	1.56
C7	Sample 31	2	1	3	42260	36.96	1.56
C7	Sample 31	2	1	4	47260	36.96	1.55
C7	Sample 31	2	1	5	52270	36.96	1.55
C7	Sample 31	2	1	6	57270	37.05	1.55
C7	Sample 31	2	1	7	62270	37	1.55
C7	Sample 31	2	1	8	67270	36.96	1.54
C7	Sample 31	2	1	9	72260	36.96	1.55
C7	Sample 31	2	1	10	77270	37	1.54
C7	Sample 31	2	1	11	82290	37	1.54
C7	Sample 31	2	1	12	87260	36.96	1.54
C7	Sample 31	2	1	13	92270	37	1.54
C7	Sample 31	2	1	14	97270	37	1.54
C7	Sample 31	2	1	15	102270	37.05	1.54
C8	Sample 32	2	1	1	32280	36.96	1.46
C8	Sample 32	2	1	2	37280	36.96	1.46
C8	Sample 32	2	1	3	42260	36.96	1.45
C8	Sample 32	2	1	4	47260	36.96	1.45
C8	Sample 32	2	1	5	52270	36.96	1.46
C8	Sample 32	2	1	6	57270	37.05	1.45
C8	Sample 32	2	1	7	62270	37	1.44
C8	Sample 32	2	1	8	67270	36.96	1.45
C8	Sample 32	2	1	9	72260	36.96	1.45
C8	Sample 32	2	1	10	77270	37	1.44
C8	Sample 32	2	1	11	82290	37	1.44
C8	Sample 32	2	1	12	87260	36.96	1.44
C8	Sample 32	2	1	13	92270	37	1.45
C8	Sample 32	2	1	14	97270	37	1.44
C8	Sample 32	2	1	15	102270	37.05	1.44
C9	Sample 33	2	1	1	32280	36.96	1.25
C9	Sample 33	2	1	2	37280	36.96	1.24
C9	Sample 33	2	1	3	42260	36.96	1.24
C9	Sample 33	2	1	4	47260	36.96	1.24
C9	Sample 33	2	1	5	52270	36.96	1.24
C9	Sample 33	2	1	6	57270	37.05	1.25
C9	Sample 33	2	1	7	62270	37	1.24
C9	Sample 33	2	1	8	67270	36.96	1.24
C9	Sample 33	2	1	9	72260	36.96	1.24
C9	Sample 33	2	1	10	77270	37	1.24
C9	Sample 33	2	1	11	82290	37	1.23
C9	Sample 33	2	1	12	87260	36.96	1.24
C9	Sample 33	2	1	13	92270	37	1.24
C9	Sample 33	2	1	14	97270	37	1.24
C9	Sample 33	2	1	15	102270	37.05	1.24
C10	Sample 34	2	1	1	32280	36.96	1.24
C10	Sample 34	2	1	2	37280	36.96	1.24
C10	Sample 34	2	1	3	42260	36.96	1.23
C10	Sample 34	2	1	4	47260	36.96	1.23
C10	Sample 34	2	1	5	52270	36.96	1.23
C10	Sample 34	2	1	6	57270	37.05	1.23
C10	Sample 34	2	1	7	62270	37	1.23
C10	Sample 34	2	1	8	67270	36.96	1.23
C10	Sample 34	2	1	9	72260	36.96	1.23
C10	Sample 34	2	1	10	77270	37	1.22
C10	Sample 34	2	1	11	82290	37	1.23
C10	Sample 34	2	1	12	87260	36.96	1.22
C10	Sample 34	2	1	13	92270	37	1.23
C10	Sample 34	2	1	14	97270	37	1.22
C10	Sample 34	2	1	15	102270	37.05	1.22
C11	Sample 35	2	1	1	32280	36.96	1.25
C11	Sample 35	2	1	2	37280	36.96	1.24
C11	Sample 35	2	1	3	42260	36.96	1.24
C11	Sample 35	2	1	4	47260	36.96	1.24
C11	Sample 35	2	1	5	52270	36.96	1.24
C11	Sample 35	2	1	6	57270	37.05	1.24
C11	Sample 35	2	1	7	62270	37	1.24
C11	Sample 35	2	1	8	67270	36.96	1.25
C11	Sample 35	2	1	9	72260	36.96	1.24
C11	Sample 35	2	1	10	77270	37	1.23
C11	Sample 35	2	1	11	82290	37	1.24
C11	Sample 35	2	1	12	87260	36.96	1.23
C11	Sample 35	2	1	13	92270	37	1.24
C11	Sample 35	2	1	14	97270	37	1.24
C11	Sample 35	2	1	15	102270	37.05	1.23
C12	Sample 36	2	1	1	32280	36.96	1.15
C12	Sample 36	2	1	2	37280	36.96	1.15
C12	Sample 36	2	1	3	42260	36.96	1.14
C12	Sample 36	2	1	4	47260	36.96	1.15
C12	Sample 36	2	1	5	52270	36.96	1.14
C12	Sample 36	2	1	6	57270	37.05	1.15
C12	Sample 36	2	1	7	62270	37	1.14
C12	Sample 36	2	1	8	67270	36.96	1.14
C12	Sample 36	2	1	9	72260	36.96	1.14
C12	Sample 36	2	1	10	77270	37	1.14
C12	Sample 36	2	1	11	82290	37	1.14
C12	Sample 36	2	1	12	87260	36.96	1.14
C12	Sample 36	2	1	13	92270	37	1.14
C12	Sample 36	2	1	14	97270	37	1.15
C12	Sample 36	2	1	15	102270	37.05	1.14
D1	Sample 37	2	1	1	32280	36.96	1.33
D1	Sample 37	2	1	2	37280	36.96	1.33
D1	Sample 37	2	1	3	42260	36.96	1.33
D1	Sample 37	2	1	4	47260	36.96	1.33
D1	Sample 37	2	1	5	52270	36.96	1.33
D1	Sample 37	2	1	6	57270	37.05	1.32
D1	Sample 37	2	1	7	62270	37	1.33
D1	Sample 37	2	1	8	67270	36.96	1.33
D1	Sample 37	2	1	9	72260	36.96	1.32
D1	Sample 37	2	1	10	77270	37	1.32
D1	Sample 37	2	1	11	82290	37	1.32
D1	Sample 37	2	1	12	87260	36.96	1.32
D1	Sample 37	2	1	13	92270	37	1.32
D1	Sample 37	2	1	14	97270	37	1.31
D1	Sample 37	2	1	15	102270	37.05	1.31
D2	Sample 38	2	1	1	32280	36.96	1.26
D2	Sample 38	2	1	2	37280	36.96	1.26
D2	Sample 38	2	1	3	42260	36.96	1.26
D2	Sample 38	2	1	4	47260	36.96	1.25
D2	Sample 38	2	1	5	52270	36.96	1.26
D2	Sample 38	2	1	6	57270	37.05	1.26
D2	Sample 38	2	1	7	62270	37	1.25
D2	Sample 38	2	1	8	67270	36.96	1.25
D2	Sample 38	2	1	9	72260	36.96	1.25
D2	Sample 38	2	1	10	77270	37	1.25
D2	Sample 38	2	1	11	82290	37	1.25
D2	Sample 38	2	1	12	87260	36.96	1.25
D2	Sample 38	2	1	13	92270	37	1.26
D2	Sample 38	2	1	14	97270	37	1.25
D2	Sample 38	2	1	15	102270	37.05	1.25
D3	Sample 39	2	1	1	32280	36.96	1.19
D3	Sample 39	2	1	2	37280	36.96	1.18
D3	Sample 39	2	1	3	42260	36.96	1.18
D3	Sample 39	2	1	4	47260	36.96	1.18
D3	Sample 39	2	1	5	52270	36.96	1.18
D3	Sample 39	2	1	6	57270	37.05	1.19
D3	Sample 39	2	1	7	62270	37	1.18
D3	Sample 39	2	1	8	67270	36.96	1.17
D3	Sample 39	2	1	9	72260	36.96	1.18
D3	Sample 39	2	1	10	77270	37	1.16
D3	Sample 39	2	1	11	82290	37	1.18
D3	Sample 39	2	1	12	87260	36.96	1.17
D3	Sample 39	2	1	13	92270	37	1.18
D3	Sample 39	2	1	14	97270	37	1.17
D3	Sample 39	2	1	15	102270	37.05	1.17
D4	Sample 40	2	1	1	32280	36.96	1.23
D4	Sample 40	2	1	2	37280	36.96	1.24
D4	Sample 40	2	1	3	42260	36.96	1.23
D4	Sample 40	2	1	4	47260	36.96	1.23
D4	Sample 40	2	1	5	52270	36.96	1.23
D4	Sample 40	2	1	6	57270	37.05	1.23
D4	Sample 40	2	1	7	62270	37	1.23
D4	Sample 40	2	1	8	67270	36.96	1.23
D4	Sample 40	2	1	9	72260	36.96	1.22
D4	Sample 40	2	1	10	77270	37	1.22
D4	Sample 40	2	1	11	82290	37	1.22
D4	Sample 40	2	1	12	87260	36.96	1.21
D4	Sample 40	2	1	13	92270	37	1.22
D4	Sample 40	2	1	14	97270	37	1.21
D4	Sample 40	2	1	15	102270	37.05	1.22
D5	Sample 41	2	1	1	32280	36.96	1.58
D5	Sample 41	2	1	2	37280	36.96	1.57
D5	Sample 41	2	1	3	42260	36.96	1.57
D5	Sample 41	2	1	4	47260	36.96	1.57
D5	Sample 41	2	1	5	52270	36.96	1.56
D5	Sample 41	2	1	6	57270	37.05	1.56
D5	Sample 41	2	1	7	62270	37	1.56
D5	Sample 41	2	1	8	67270	36.96	1.56
D5	Sample 41	2	1	9	72260	36.96	1.55
D5	Sample 41	2	1	10	77270	37	1.55
D5	Sample 41	2	1	11	82290	37	1.55
D5	Sample 41	2	1	12	87260	36.96	1.55
D5	Sample 41	2	1	13	92270	37	1.56
D5	Sample 41	2	1	14	97270	37	1.55
D5	Sample 41	2	1	15	102270	37.05	1.55
D6	Sample 42	2	1	1	32280	36.96	1.61
D6	Sample 42	2	1	2	37280	36.96	1.61
D6	Sample 42	2	1	3	42260	36.96	1.61
D6	Sample 42	2	1	4	47260	36.96	1.60
D6	Sample 42	2	1	5	52270	36.96	1.60
D6	Sample 42	2	1	6	57270	37.05	1.60
D6	Sample 42	2	1	7	62270	37	1.60
D6	Sample 42	2	1	8	67270	36.96	1.60
D6	Sample 42	2	1	9	72260	36.96	1.59
D6	Sample 42	2	1	10	77270	37	1.59
D6	Sample 42	2	1	11	82290	37	1.59
D6	Sample 42	2	1	12	87260	36.96	1.59
D6	Sample 42	2	1	13	92270	37	1.59
D6	Sample 42	2	1	14	97270	37	1.58
D6	Sample 42	2	1	15	102270	37.05	1.59
D7	Sample 43	2	1	1	32280	36.96	1.49
D7	Sample 43	2	1	2	37280	36.96	1.50
D7	Sample 43	2	1	3	42260	36.96	1.50
D7	Sample 43	2	1	4	47260	36.96	1.50
D7	Sample 43	2	1	5	52270	36.96	1.49
D7	Sample 43	2	1	6	57270	37.05	1.49
D7	Sample 43	2	1	7	62270	37	1.49
D7	Sample 43	2	1	8	67270	36.96	1.48
D7	Sample 43	2	1	9	72260	36.96	1.48
D7	Sample 43	2	1	10	77270	37	1.47
D7	Sample 43	2	1	11	82290	37	1.48
D7	Sample 43	2	1	12	87260	36.96	1.47
D7	Sample 43	2	1	13	92270	37	1.48
D7	Sample 43	2	1	14	97270	37	1.48
D7	Sample 43	2	1	15	102270	37.05	1.48
D8	Sample 44	2	1	1	32280	36.96	1.45
D8	Sample 44	2	1	2	37280	36.96	1.44
D8	Sample 44	2	1	3	42260	36.96	1.44
D8	Sample 44	2	1	4	47260	36.96	1.43
D8	Sample 44	2	1	5	52270	36.96	1.43
D8	Sample 44	2	1	6	57270	37.05	1.43
D8	Sample 44	2	1	7	62270	37	1.43
D8	Sample 44	2	1	8	67270	36.96	1.43
D8	Sample 44	2	1	9	72260	36.96	1.42
D8	Sample 44	2	1	10	77270	37	1.42
D8	Sample 44	2	1	11	82290	37	1.42
D8	Sample 44	2	1	12	87260	36.96	1.42
D8	Sample 44	2	1	13	92270	37	1.42
D8	Sample 44	2	1	14	97270	37	1.42
D8	Sample 44	2	1	15	102270	37.05	1.42
D9	Sample 45	2	1	1	32280	36.96	1.38
D9	Sample 45	2	1	2	37280	36.96	1.38
D9	Sample 45	2	1	3	42260	36.96	1.38
D9	Sample 45	2	1	4	47260	36.96	1.38
D9	Sample 45	2	1	5	52270	36.96	1.37
D9	Sample 45	2	1	6	57270	37.05	1.38
D9	Sample 45	2	1	7	62270	37	1.38
D9	Sample 45	2	1	8	67270	36.96	1.37
D9	Sample 45	2	1	9	72260	36.96	1.37
D9	Sample 45	2	1	10	77270	37	1.37
D9	Sample 45	2	1	11	82290	37	1.37
D9	Sample 45	2	1	12	87260	36.96	1.37
D9	Sample 45	2	1	13	92270	37	1.37
D9	Sample 45	2	1	14	97270	37	1.37
D9	Sample 45	2	1	15	102270	37.05	1.37
D10	Sample 46	2	1	1	32280	36.96	1.24
D10	Sample 46	2	1	2	37280	36.96	1.24
D10	Sample 46	2	1	3	42260	36.96	1.24
D10	Sample 46	2	1	4	47260	36.96	1.23
D10	Sample 46	2	1	5	52270	36.96	1.22
D10	Sample 46	2	1	6	57270	37.05	1.23
D10	Sample 46	2	1	7	62270	37	1.23
D10	Sample 46	2	1	8	67270	36.96	1.22
D10	Sample 46	2	1	9	72260	36.96	1.22
D10	Sample 46	2	1	10	77270	37	1.22
D10	Sample 46	2	1	11	82290	37	1.22
D10	Sample 46	2	1	12	87260	36.96	1.22
D10	Sample 46	2	1	13	92270	37	1.22
D10	Sample 46	2	1	14	97270	37	1.21
D10	Sample 46	2	1	15	102270	37.05	1.21
D11	Sample 47	2	1	1	32280	36.96	1.20
D11	Sample 47	2	1	2	37280	36.96	1.19
D11	Sample 47	2	1	3	42260	36.96	1.19
D11	Sample 47	2	1	4	47260	36.96	1.19
D11	Sample 47	2	1	5	52270	36.96	1.19
D11	Sample 47	2	1	6	57270	37.05	1.18
D11	Sample 47	2	1	7	62270	37	1.18
D11	Sample 47	2	1	8	67270	36.96	1.18
D11	Sample 47	2	1	9	72260	36.96	1.18
D11	Sample 47	2	1	10	77270	37	1.18
D11	Sample 47	2	1	11	82290	37	1.17
D11	Sample 47	2	1	12	87260	36.96	1.18
D11	Sample 47	2	1	13	92270	37	1.18
D11	Sample 47	2	1	14	97270	37	1.17
D11	Sample 47	2	1	15	102270	37.05	1.18
D12	Sample 48	2	1	1	32280	36.96	1.05
D12	Sample 48	2	1	2	37280	36.96	1.05
D12	Sample 48	2	1	3	42260	36.96	1.05
D12	Sample 48	2	1	4	47260	36.96	1.05
D12	Sample 48	2	1	5	52270	36.96	1.04
D12	Sample 48	2	1	6	57270	37.05	1.04
D12	Sample 48	2	1	7	62270	37	1.05
D12	Sample 48	2	1	8	67270	36.96	1.04
D12	Sample 48	2	1	9	72260	36.96	1.04
D12	Sample 48	2	1	10	77270	37	1.04
D12	Sample 48	2	1	11	82290	37	1.04
D12	Sample 48	2	1	12	87260	36.96	1.04
D12	Sample 48	2	1	13	92270	37	1.05
D12	Sample 48	2	1	14	97270	37	1.04
D12	Sample 48	2	1	15	102270	37.05	1.04
E1	Sample 49	2	1	1	32280	36.96	1.72
E1	Sample 49	2	1	2	37280	36.96	1.72
E1	Sample 49	2	1	3	42260	36.96	1.71
E1	Sample 49	2	1	4	47260	36.96	1.72
E1	Sample 49	2	1	5	52270	36.96	1.71
E1	Sample 49	2	1	6	57270	37.05	1.70
E1	Sample 49	2	1	7	62270	37	1.70
E1	Sample 49	2	1	8	67270	36.96	1.71
E1	Sample 49	2	1	9	72260	36.96	1.71
E1	Sample 49	2	1	10	77270	37	1.71
E1	Sample 49	2	1	11	82290	37	1.70
E1	Sample 49	2	1	12	87260	36.96	1.70
E1	Sample 49	2	1	13	92270	37	1.70
E1	Sample 49	2	1	14	97270	37	1.70
E1	Sample 49	2	1	15	102270	37.05	1.70
E2	Sample 50	2	1	1	32280	36.96	1.81
E2	Sample 50	2	1	2	37280	36.96	1.81
E2	Sample 50	2	1	3	42260	36.96	1.81
E2	Sample 50	2	1	4	47260	36.96	1.80
E2	Sample 50	2	1	5	52270	36.96	1.80
E2	Sample 50	2	1	6	57270	37.05	1.79
E2	Sample 50	2	1	7	62270	37	1.79
E2	Sample 50	2	1	8	67270	36.96	1.79
E2	Sample 50	2	1	9	72260	36.96	1.79
E2	Sample 50	2	1	10	77270	37	1.80
E2	Sample 50	2	1	11	82290	37	1.80
E2	Sample 50	2	1	12	87260	36.96	1.80
E2	Sample 50	2	1	13	92270	37	1.79
E2	Sample 50	2	1	14	97270	37	1.79
E2	Sample 50	2	1	15	102270	37.05	1.79
E3	Sample 51	2	1	1	32280	36.96	1.30
E3	Sample 51	2	1	2	37280	36.96	1.29
E3	Sample 51	2	1	3	42260	36.96	1.29
E3	Sample 51	2	1	4	47260	36.96	1.29
E3	Sample 51	2	1	5	52270	36.96	1.29
E3	Sample 51	2	1	6	57270	37.05	1.28
E3	Sample 51	2	1	7	62270	37	1.28
E3	Sample 51	2	1	8	67270	36.96	1.28
E3	Sample 51	2	1	9	72260	36.96	1.28
E3	Sample 51	2	1	10	77270	37	1.28
E3	Sample 51	2	1	11	82290	37	1.28
E3	Sample 51	2	1	12	87260	36.96	1.28
E3	Sample 51	2	1	13	92270	37	1.28
E3	Sample 51	2	1	14	97270	37	1.28
E3	Sample 51	2	1	15	102270	37.05	1.28
E4	Sample 52	2	1	1	32280	36.96	1.34
E4	Sample 52	2	1	2	37280	36.96	1.33
E4	Sample 52	2	1	3	42260	36.96	1.33
E4	Sample 52	2	1	4	47260	36.96	1.33
E4	Sample 52	2	1	5	52270	36.96	1.33
E4	Sample 52	2	1	6	57270	37.05	1.32
E4	Sample 52	2	1	7	62270	37	1.32
E4	Sample 52	2	1	8	67270	36.96	1.32
E4	Sample 52	2	1	9	72260	36.96	1.32
E4	Sample 52	2	1	10	77270	37	1.32
E4	Sample 52	2	1	11	82290	37	1.32
E4	Sample 52	2	1	12	87260	36.96	1.32
E4	Sample 52	2	1	13	92270	37	1.32
E4	Sample 52	2	1	14	97270	37	1.31
E4	Sample 52	2	1	15	102270	37.05	1.31
E5	Sample 53	2	1	1	32280	36.96	2.07
E5	Sample 53	2	1	2	37280	36.96	2.06
E5	Sample 53	2	1	3	42260	36.96	2.06
E5	Sample 53	2	1	4	47260	36.96	2.06
E5	Sample 53	2	1	5	52270	36.96	2.06
E5	Sample 53	2	1	6	57270	37.05	2.06
E5	Sample 53	2	1	7	62270	37	2.05
E5	Sample 53	2	1	8	67270	36.96	2.05
E5	Sample 53	2	1	9	72260	36.96	2.05
E5	Sample 53	2	1	10	77270	37	2.05
E5	Sample 53	2	1	11	82290	37	2.04
E5	Sample 53	2	1	12	87260	36.96	2.04
E5	Sample 53	2	1	13	92270	37	2.05
E5	Sample 53	2	1	14	97270	37	2.05
E5	Sample 53	2	1	15	102270	37.05	2.05
E6	Sample 54	2	1	1	32280	36.96	2.02
E6	Sample 54	2	1	2	37280	36.96	2.03
E6	Sample 54	2	1	3	42260	36.96	2.02
E6	Sample 54	2	1	4	47260	36.96	2.02
E6	Sample 54	2	1	5	52270	36.96	2.02
E6	Sample 54	2	1	6	57270	37.05	2.01
E6	Sample 54	2	1	7	62270	37	2.01
E6	Sample 54	2	1	8	67270	36.96	2.00
E6	Sample 54	2	1	9	72260	36.96	2.00
E6	Sample 54	2	1	10	77270	37	2.01
E6	Sample 54	2	1	11	82290	37	2.01
E6	Sample 54	2	1	12	87260	36.96	2.01
E6	Sample 54	2	1	13	92270	37	2.00
E6	Sample 54	2	1	14	97270	37	2.00
E6	Sample 54	2	1	15	102270	37.05	2.00
E7	Sample 55	2	1	1	32280	36.96	1.48
E7	Sample 55	2	1	2	37280	36.96	1.47
E7	Sample 55	2	1	3	42260	36.96	1.46
E7	Sample 55	2	1	4	47260	36.96	1.46
E7	Sample 55	2	1	5	52270	36.96	1.46
E7	Sample 55	2	1	6	57270	37.05	1.46
E7	Sample 55	2	1	7	62270	37	1.46
E7	Sample 55	2	1	8	67270	36.96	1.45
E7	Sample 55	2	1	9	72260	36.96	1.46
E7	Sample 55	2	1	10	77270	37	1.45
E7	Sample 55	2	1	11	82290	37	1.45
E7	Sample 55	2	1	12	87260	36.96	1.45
E7	Sample 55	2	1	13	92270	37	1.45
E7	Sample 55	2	1	14	97270	37	1.45
E7	Sample 55	2	1	15	102270	37.05	1.45
E8	Sample 56	2	1	1	32280	36.96	1.41
E8	Sample 56	2	1	2	37280	36.96	1.40
E8	Sample 56	2	1	3	42260	36.96	1.39
E8	Sample 56	2	1	4	47260	36.96	1.39
E8	Sample 56	2	1	5	52270	36.96	1.39
E8	Sample 56	2	1	6	57270	37.05	1.39
E8	Sample 56	2	1	7	62270	37	1.39
E8	Sample 56	2	1	8	67270	36.96	1.38
E8	Sample 56	2	1	9	72260	36.96	1.38
E8	Sample 56	2	1	10	77270	37	1.38
E8	Sample 56	2	1	11	82290	37	1.38
E8	Sample 56	2	1	12	87260	36.96	1.37
E8	Sample 56	2	1	13	92270	37	1.38
E8	Sample 56	2	1	14	97270	37	1.38
E8	Sample 56	2	1	15	102270	37.05	1.37
E9	Sample 57	2	1	1	32280	36.96	1.66
E9	Sample 57	2	1	2	37280	36.96	1.65
E9	Sample 57	2	1	3	42260	36.96	1.66
E9	Sample 57	2	1	4	47260	36.96	1.65
E9	Sample 57	2	1	5	52270	36.96	1.65
E9	Sample 57	2	1	6	57270	37.05	1.65
E9	Sample 57	2	1	7	62270	37	1.64
E9	Sample 57	2	1	8	67270	36.96	1.64
E9	Sample 57	2	1	9	72260	36.96	1.64
E9	Sample 57	2	1	10	77270	37	1.65
E9	Sample 57	2	1	11	82290	37	1.64
E9	Sample 57	2	1	12	87260	36.96	1.64
E9	Sample 57	2	1	13	92270	37	1.64
E9	Sample 57	2	1	14	97270	37	1.64
E9	Sample 57	2	1	15	102270	37.05	1.63
E10	Sample 58	2	1	1	32280	36.96	1.22
E10	Sample 58	2	1	2	37280	36.96	1.21
E10	Sample 58	2	1	3	42260	36.96	1.21
E10	Sample 58	2	1	4	47260	36.96	1.21
E10	Sample 58	2	1	5	52270	36.96	1.20
E10	Sample 58	2	1	6	57270	37.05	1.20
E10	Sample 58	2	1	7	62270	37	1.19
E10	Sample 58	2	1	8	67270	36.96	1.20
E10	Sample 58	2	1	9	72260	36.96	1.20
E10	Sample 58	2	1	10	77270	37	1.19
E10	Sample 58	2	1	11	82290	37	1.20
E10	Sample 58	2	1	12	87260	36.96	1.19
E10	Sample 58	2	1	13	92270	37	1.20
E10	Sample 58	2	1	14	97270	37	1.19
E10	Sample 58	2	1	15	102270	37.05	1.19
E11	Sample 59	2	1	1	32280	36.96	1.35
E11	Sample 59	2	1	2	37280	36.96	1.34
E11	Sample 59	2	1	3	42260	36.96	1.34
E11	Sample 59	2	1	4	47260	36.96	1.34
E11	Sample 59	2	1	5	52270	36.96	1.33
E11	Sample 59	2	1	6	57270	37.05	1.34
E11	Sample 59	2	1	7	62270	37	1.33
E11	Sample 59	2	1	8	67270	36.96	1.32
E11	Sample 59	2	1	9	72260	36.96	1.33
E11	Sample 59	2	1	10	77270	37	1.33
E11	Sample 59	2	1	11	82290	37	1.32
E11	Sample 59	2	1	12	87260	36.96	1.32
E11	Sample 59	2	1	13	92270	37	1.32
E11	Sample 59	2	1	14	97270	37	1.32
E11	Sample 59	2	1	15	102270	37.05	1.32
E12	Sample 60	2	1	1	32280	36.96	1.23
E12	Sample 60	2	1	2	37280	36.96	1.23
E12	Sample 60	2	1	3	42260	36.96	1.22
E12	Sample 60	2	1	4	47260	36.96	1.22
E12	Sample 60	2	1	5	52270	36.96	1.23
E12	Sample 60	2	1	6	57270	37.05	1.22
E12	Sample 60	2	1	7	62270	37	1.22
E12	Sample 60	2	1	8	67270	36.96	1.22
E12	Sample 60	2	1	9	72260	36.96	1.23
E12	Sample 60	2	1	10	77270	37	1.22
E12	Sample 60	2	1	11	82290	37	1.22
E12	Sample 60	2	1	12	87260	36.96	1.22
E12	Sample 60	2	1	13	92270	37	1.23
E12	Sample 60	2	1	14	97270	37	1.22
E12	Sample 60	2	1	15	102270	37.05	1.22
F1	Sample 61	2	1	1	32280	36.96	1.75
F1	Sample 61	2	1	2	37280	36.96	1.76
F1	Sample 61	2	1	3	42260	36.96	1.74
F1	Sample 61	2	1	4	47260	36.96	1.75
F1	Sample 61	2	1	5	52270	36.96	1.75
F1	Sample 61	2	1	6	57270	37.05	1.74
F1	Sample 61	2	1	7	62270	37	1.74
F1	Sample 61	2	1	8	67270	36.96	1.75
F1	Sample 61	2	1	9	72260	36.96	1.75
F1	Sample 61	2	1	10	77270	37	1.74
F1	Sample 61	2	1	11	82290	37	1.74
F1	Sample 61	2	1	12	87260	36.96	1.75
F1	Sample 61	2	1	13	92270	37	1.74
F1	Sample 61	2	1	14	97270	37	1.76
F1	Sample 61	2	1	15	102270	37.05	1.75
F2	Sample 62	2	1	1	32280	36.96	1.87
F2	Sample 62	2	1	2	37280	36.96	1.87
F2	Sample 62	2	1	3	42260	36.96	1.86
F2	Sample 62	2	1	4	47260	36.96	1.86
F2	Sample 62	2	1	5	52270	36.96	1.86
F2	Sample 62	2	1	6	57270	37.05	1.85
F2	Sample 62	2	1	7	62270	37	1.85
F2	Sample 62	2	1	8	67270	36.96	1.86
F2	Sample 62	2	1	9	72260	36.96	1.85
F2	Sample 62	2	1	10	77270	37	1.86
F2	Sample 62	2	1	11	82290	37	1.85
F2	Sample 62	2	1	12	87260	36.96	1.85
F2	Sample 62	2	1	13	92270	37	1.85
F2	Sample 62	2	1	14	97270	37	1.85
F2	Sample 62	2	1	15	102270	37.05	1.85
F3	Sample 63	2	1	1	32280	36.96	1.79
F3	Sample 63	2	1	2	37280	36.96	1.79
F3	Sample 63	2	1	3	42260	36.96	1.78
F3	Sample 63	2	1	4	47260	36.96	1.78
F3	Sample 63	2	1	5	52270	36.96	1.78
F3	Sample 63	2	1	6	57270	37.05	1.78
F3	Sample 63	2	1	7	62270	37	1.77
F3	Sample 63	2	1	8	67270	36.96	1.77
F3	Sample 63	2	1	9	72260	36.96	1.77
F3	Sample 63	2	1	10	77270	37	1.77
F3	Sample 63	2	1	11	82290	37	1.77
F3	Sample 63	2	1	12	87260	36.96	1.77
F3	Sample 63	2	1	13	92270	37	1.77
F3	Sample 63	2	1	14	97270	37	1.77
F3	Sample 63	2	1	15	102270	37.05	1.77
F4	Sample 64	2	1	1	32280	36.96	1.80
F4	Sample 64	2	1	2	37280	36.96	1.80
F4	Sample 64	2	1	3	42260	36.96	1.78
F4	Sample 64	2	1	4	47260	36.96	1.79
F4	Sample 64	2	1	5	52270	36.96	1.79
F4	Sample 64	2	1	6	57270	37.05	1.78
F4	Sample 64	2	1	7	62270	37	1.77
F4	Sample 64	2	1	8	67270	36.96	1.78
F4	Sample 64	2	1	9	72260	36.96	1.77
F4	Sample 64	2	1	10	77270	37	1.78
F4	Sample 64	2	1	11	82290	37	1.78
F4	Sample 64	2	1	12	87260	36.96	1.78
F4	Sample 64	2	1	13	92270	37	1.77
F4	Sample 64	2	1	14	97270	37	1.77
F4	Sample 64	2	1	15	102270	37.05	1.78
F5	Sample 65	2	1	1	32280	36.96	2.15
F5	Sample 65	2	1	2	37280	36.96	2.15
F5	Sample 65	2	1	3	42260	36.96	2.14
F5	Sample 65	2	1	4	47260	36.96	2.14
F5	Sample 65	2	1	5	52270	36.96	2.14
F5	Sample 65	2	1	6	57270	37.05	2.14
F5	Sample 65	2	1	7	62270	37	2.14
F5	Sample 65	2	1	8	67270	36.96	2.14
F5	Sample 65	2	1	9	72260	36.96	2.13
F5	Sample 65	2	1	10	77270	37	2.13
F5	Sample 65	2	1	11	82290	37	2.12
F5	Sample 65	2	1	12	87260	36.96	2.13
F5	Sample 65	2	1	13	92270	37	2.13
F5	Sample 65	2	1	14	97270	37	2.14
F5	Sample 65	2	1	15	102270	37.05	2.13
F6	Sample 66	2	1	1	32280	36.96	2.04
F6	Sample 66	2	1	2	37280	36.96	2.04
F6	Sample 66	2	1	3	42260	36.96	2.03
F6	Sample 66	2	1	4	47260	36.96	2.03
F6	Sample 66	2	1	5	52270	36.96	2.04
F6	Sample 66	2	1	6	57270	37.05	2.03
F6	Sample 66	2	1	7	62270	37	2.02
F6	Sample 66	2	1	8	67270	36.96	2.03
F6	Sample 66	2	1	9	72260	36.96	2.02
F6	Sample 66	2	1	10	77270	37	2.02
F6	Sample 66	2	1	11	82290	37	2.02
F6	Sample 66	2	1	12	87260	36.96	2.02
F6	Sample 66	2	1	13	92270	37	2.02
F6	Sample 66	2	1	14	97270	37	2.02
F6	Sample 66	2	1	15	102270	37.05	2.03
F7	Sample 67	2	1	1	32280	36.96	1.69
F7	Sample 67	2	1	2	37280	36.96	1.69
F7	Sample 67	2	1	3	42260	36.96	1.67
F7	Sample 67	2	1	4	47260	36.96	1.67
F7	Sample 67	2	1	5	52270	36.96	1.68
F7	Sample 67	2	1	6	57270	37.05	1.67
F7	Sample 67	2	1	7	62270	37	1.66
F7	Sample 67	2	1	8	67270	36.96	1.67
F7	Sample 67	2	1	9	72260	36.96	1.67
F7	Sample 67	2	1	10	77270	37	1.66
F7	Sample 67	2	1	11	82290	37	1.66
F7	Sample 67	2	1	12	87260	36.96	1.66
F7	Sample 67	2	1	13	92270	37	1.66
F7	Sample 67	2	1	14	97270	37	1.65
F7	Sample 67	2	1	15	102270	37.05	1.66
F8	Sample 68	2	1	1	32280	36.96	1.73
F8	Sample 68	2	1	2	37280	36.96	1.73
F8	Sample 68	2	1	3	42260	36.96	1.72
F8	Sample 68	2	1	4	47260	36.96	1.71
F8	Sample 68	2	1	5	52270	36.96	1.72
F8	Sample 68	2	1	6	57270	37.05	1.72
F8	Sample 68	2	1	7	62270	37	1.71
F8	Sample 68	2	1	8	67270	36.96	1.71
F8	Sample 68	2	1	9	72260	36.96	1.71
F8	Sample 68	2	1	10	77270	37	1.71
F8	Sample 68	2	1	11	82290	37	1.71
F8	Sample 68	2	1	12	87260	36.96	1.71
F8	Sample 68	2	1	13	92270	37	1.71
F8	Sample 68	2	1	14	97270	37	1.71
F8	Sample 68	2	1	15	102270	37.05	1.71
F9	Sample 69	2	1	1	32280	36.96	1.89
F9	Sample 69	2	1	2	37280	36.96	1.88
F9	Sample 69	2	1	3	42260	36.96	1.88
F9	Sample 69	2	1	4	47260	36.96	1.87
F9	Sample 69	2	1	5	52270	36.96	1.87
F9	Sample 69	2	1	6	57270	37.05	1.88
F9	Sample 69	2	1	7	62270	37	1.87
F9	Sample 69	2	1	8	67270	36.96	1.87
F9	Sample 69	2	1	9	72260	36.96	1.86
F9	Sample 69	2	1	10	77270	37	1.86
F9	Sample 69	2	1	11	82290	37	1.87
F9	Sample 69	2	1	12	87260	36.96	1.86
F9	Sample 69	2	1	13	92270	37	1.87
F9	Sample 69	2	1	14	97270	37	1.86
F9	Sample 69	2	1	15	102270	37.05	1.87
F10	Sample 70	2	1	1	32280	36.96	1.35
F10	Sample 70	2	1	2	37280	36.96	1.35
F10	Sample 70	2	1	3	42260	36.96	1.34
F10	Sample 70	2	1	4	47260	36.96	1.34
F10	Sample 70	2	1	5	52270	36.96	1.34
F10	Sample 70	2	1	6	57270	37.05	1.34
F10	Sample 70	2	1	7	62270	37	1.33
F10	Sample 70	2	1	8	67270	36.96	1.34
F10	Sample 70	2	1	9	72260	36.96	1.33
F10	Sample 70	2	1	10	77270	37	1.33
F10	Sample 70	2	1	11	82290	37	1.32
F10	Sample 70	2	1	12	87260	36.96	1.33
F10	Sample 70	2	1	13	92270	37	1.33
F10	Sample 70	2	1	14	97270	37	1.33
F10	Sample 70	2	1	15	102270	37.05	1.33
F11	Sample 71	2	1	1	32280	36.96	1.72
F11	Sample 71	2	1	2	37280	36.96	1.71
F11	Sample 71	2	1	3	42260	36.96	1.71
F11	Sample 71	2	1	4	47260	36.96	1.71
F11	Sample 71	2	1	5	52270	36.96	1.71
F11	Sample 71	2	1	6	57270	37.05	1.71
F11	Sample 71	2	1	7	62270	37	1.71
F11	Sample 71	2	1	8	67270	36.96	1.71
F11	Sample 71	2	1	9	72260	36.96	1.70
F11	Sample 71	2	1	10	77270	37	1.70
F11	Sample 71	2	1	11	82290	37	1.70
F11	Sample 71	2	1	12	87260	36.96	1.70
F11	Sample 71	2	1	13	92270	37	1.70
F11	Sample 71	2	1	14	97270	37	1.70
F11	Sample 71	2	1	15	102270	37.05	1.70
F12	Sample 72	2	1	1	32280	36.96	1.53
F12	Sample 72	2	1	2	37280	36.96	1.53
F12	Sample 72	2	1	3	42260	36.96	1.52
F12	Sample 72	2	1	4	47260	36.96	1.52
F12	Sample 72	2	1	5	52270	36.96	1.53
F12	Sample 72	2	1	6	57270	37.05	1.52
F12	Sample 72	2	1	7	62270	37	1.52
F12	Sample 72	2	1	8	67270	36.96	1.53
F12	Sample 72	2	1	9	72260	36.96	1.52
F12	Sample 72	2	1	10	77270	37	1.52
F12	Sample 72	2	1	11	82290	37	1.51
F12	Sample 72	2	1	12	87260	36.96	1.52
F12	Sample 72	2	1	13	92270	37	1.52
F12	Sample 72	2	1	14	97270	37	1.52
F12	Sample 72	2	1	15	102270	37.05	1.52
G1	Sample 73	2	1	1	32280	36.96	1.73
G1	Sample 73	2	1	2	37280	36.96	1.74
G1	Sample 73	2	1	3	42260	36.96	1.73
G1	Sample 73	2	1	4	47260	36.96	1.73
G1	Sample 73	2	1	5	52270	36.96	1.73
G1	Sample 73	2	1	6	57270	37.05	1.73
G1	Sample 73	2	1	7	62270	37	1.73
G1	Sample 73	2	1	8	67270	36.96	1.73
G1	Sample 73	2	1	9	72260	36.96	1.72
G1	Sample 73	2	1	10	77270	37	1.72
G1	Sample 73	2	1	11	82290	37	1.73
G1	Sample 73	2	1	12	87260	36.96	1.72
G1	Sample 73	2	1	13	92270	37	1.73
G1	Sample 73	2	1	14	97270	37	1.72
G1	Sample 73	2	1	15	102270	37.05	1.73
G2	Sample 74	2	1	1	32280	36.96	1.92
G2	Sample 74	2	1	2	37280	36.96	1.92
G2	Sample 74	2	1	3	42260	36.96	1.91
G2	Sample 74	2	1	4	47260	36.96	1.91
G2	Sample 74	2	1	5	52270	36.96	1.92
G2	Sample 74	2	1	6	57270	37.05	1.91
G2	Sample 74	2	1	7	62270	37	1.92
G2	Sample 74	2	1	8	67270	36.96	1.92
G2	Sample 74	2	1	9	72260	36.96	1.91
G2	Sample 74	2	1	10	77270	37	1.90
G2	Sample 74	2	1	11	82290	37	1.92
G2	Sample 74	2	1	12	87260	36.96	1.92
G2	Sample 74	2	1	13	92270	37	1.91
G2	Sample 74	2	1	14	97270	37	1.91
G2	Sample 74	2	1	15	102270	37.05	1.91
G3	Sample 75	2	1	1	32280	36.96	1.95
G3	Sample 75	2	1	2	37280	36.96	1.94
G3	Sample 75	2	1	3	42260	36.96	1.94
G3	Sample 75	2	1	4	47260	36.96	1.94
G3	Sample 75	2	1	5	52270	36.96	1.94
G3	Sample 75	2	1	6	57270	37.05	1.93
G3	Sample 75	2	1	7	62270	37	1.94
G3	Sample 75	2	1	8	67270	36.96	1.94
G3	Sample 75	2	1	9	72260	36.96	1.94
G3	Sample 75	2	1	10	77270	37	1.94
G3	Sample 75	2	1	11	82290	37	1.94
G3	Sample 75	2	1	12	87260	36.96	1.93
G3	Sample 75	2	1	13	92270	37	1.93
G3	Sample 75	2	1	14	97270	37	1.94
G3	Sample 75	2	1	15	102270	37.05	1.94
G4	Sample 76	2	1	1	32280	36.96	1.98
G4	Sample 76	2	1	2	37280	36.96	1.97
G4	Sample 76	2	1	3	42260	36.96	1.97
G4	Sample 76	2	1	4	47260	36.96	1.98
G4	Sample 76	2	1	5	52270	36.96	1.97
G4	Sample 76	2	1	6	57270	37.05	1.97
G4	Sample 76	2	1	7	62270	37	1.97
G4	Sample 76	2	1	8	67270	36.96	1.98
G4	Sample 76	2	1	9	72260	36.96	1.97
G4	Sample 76	2	1	10	77270	37	1.96
G4	Sample 76	2	1	11	82290	37	1.96
G4	Sample 76	2	1	12	87260	36.96	1.97
G4	Sample 76	2	1	13	92270	37	1.96
G4	Sample 76	2	1	14	97270	37	1.97
G4	Sample 76	2	1	15	102270	37.05	1.97
G5	Sample 77	2	1	1	32280	36.96	2.17
G5	Sample 77	2	1	2	37280	36.96	2.17
G5	Sample 77	2	1	3	42260	36.96	2.16
G5	Sample 77	2	1	4	47260	36.96	2.16
G5	Sample 77	2	1	5	52270	36.96	2.17
G5	Sample 77	2	1	6	57270	37.05	2.16
G5	Sample 77	2	1	7	62270	37	2.16
G5	Sample 77	2	1	8	67270	36.96	2.16
G5	Sample 77	2	1	9	72260	36.96	2.16
G5	Sample 77	2	1	10	77270	37	2.16
G5	Sample 77	2	1	11	82290	37	2.16
G5	Sample 77	2	1	12	87260	36.96	2.15
G5	Sample 77	2	1	13	92270	37	2.16
G5	Sample 77	2	1	14	97270	37	2.17
G5	Sample 77	2	1	15	102270	37.05	2.15
G6	Sample 78	2	1	1	32280	36.96	2.17
G6	Sample 78	2	1	2	37280	36.96	2.17
G6	Sample 78	2	1	3	42260	36.96	2.16
G6	Sample 78	2	1	4	47260	36.96	2.17
G6	Sample 78	2	1	5	52270	36.96	2.16
G6	Sample 78	2	1	6	57270	37.05	2.17
G6	Sample 78	2	1	7	62270	37	2.17
G6	Sample 78	2	1	8	67270	36.96	2.15
G6	Sample 78	2	1	9	72260	36.96	2.15
G6	Sample 78	2	1	10	77270	37	2.15
G6	Sample 78	2	1	11	82290	37	2.15
G6	Sample 78	2	1	12	87260	36.96	2.16
G6	Sample 78	2	1	13	92270	37	2.15
G6	Sample 78	2	1	14	97270	37	2.16
G6	Sample 78	2	1	15	102270	37.05	2.15
G7	Sample 79	2	1	1	32280	36.96	2.00
G7	Sample 79	2	1	2	37280	36.96	2.00
G7	Sample 79	2	1	3	42260	36.96	1.98
G7	Sample 79	2	1	4	47260	36.96	1.98
G7	Sample 79	2	1	5	52270	36.96	1.98
G7	Sample 79	2	1	6	57270	37.05	1.99
G7	Sample 79	2	1	7	62270	37	1.99
G7	Sample 79	2	1	8	67270	36.96	1.98
G7	Sample 79	2	1	9	72260	36.96	1.97
G7	Sample 79	2	1	10	77270	37	1.97
G7	Sample 79	2	1	11	82290	37	1.98
G7	Sample 79	2	1	12	87260	36.96	1.98
G7	Sample 79	2	1	13	92270	37	1.97
G7	Sample 79	2	1	14	97270	37	1.97
G7	Sample 79	2	1	15	102270	37.05	1.98
G8	Sample 80	2	1	1	32280	36.96	1.92
G8	Sample 80	2	1	2	37280	36.96	1.92
G8	Sample 80	2	1	3	42260	36.96	1.91
G8	Sample 80	2	1	4	47260	36.96	1.91
G8	Sample 80	2	1	5	52270	36.96	1.91
G8	Sample 80	2	1	6	57270	37.05	1.91
G8	Sample 80	2	1	7	62270	37	1.91
G8	Sample 80	2	1	8	67270	36.96	1.91
G8	Sample 80	2	1	9	72260	36.96	1.91
G8	Sample 80	2	1	10	77270	37	1.90
G8	Sample 80	2	1	11	82290	37	1.91
G8	Sample 80	2	1	12	87260	36.96	1.90
G8	Sample 80	2	1	13	92270	37	1.90
G8	Sample 80	2	1	14	97270	37	1.90
G8	Sample 80	2	1	15	102270	37.05	1.91
G9	Sample 81	2	1	1	32280	36.96	1.81
G9	Sample 81	2	1	2	37280	36.96	1.80
G9	Sample 81	2	1	3	42260	36.96	1.80
G9	Sample 81	2	1	4	47260	36.96	1.80
G9	Sample 81	2	1	5	52270	36.96	1.79
G9	Sample 81	2	1	6	57270	37.05	1.79
G9	Sample 81	2	1	7	62270	37	1.80
G9	Sample 81	2	1	8	67270	36.96	1.79
G9	Sample 81	2	1	9	72260	36.96	1.79
G9	Sample 81	2	1	10	77270	37	1.79
G9	Sample 81	2	1	11	82290	37	1.79
G9	Sample 81	2	1	12	87260	36.96	1.79
G9	Sample 81	2	1	13	92270	37	1.80
G9	Sample 81	2	1	14	97270	37	1.80
G9	Sample 81	2	1	15	102270	37.05	1.79
G10	Sample 82	2	1	1	32280	36.96	1.56
G10	Sample 82	2	1	2	37280	36.96	1.56
G10	Sample 82	2	1	3	42260	36.96	1.56
G10	Sample 82	2	1	4	47260	36.96	1.56
G10	Sample 82	2	1	5	52270	36.96	1.56
G10	Sample 82	2	1	6	57270	37.05	1.55
G10	Sample 82	2	1	7	62270	37	1.56
G10	Sample 82	2	1	8	67270	36.96	1.56
G10	Sample 82	2	1	9	72260	36.96	1.55
G10	Sample 82	2	1	10	77270	37	1.55
G10	Sample 82	2	1	11	82290	37	1.55
G10	Sample 82	2	1	12	87260	36.96	1.55
G10	Sample 82	2	1	13	92270	37	1.55
G10	Sample 82	2	1	14	97270	37	1.55
G10	Sample 82	2	1	15	102270	37.05	1.55
G11	Sample 83	2	1	1	32280	36.96	1.74
G11	Sample 83	2	1	2	37280	36.96	1.74
G11	Sample 83	2	1	3	42260	36.96	1.73
G11	Sample 83	2	1	4	47260	36.96	1.74
G11	Sample 83	2	1	5	52270	36.96	1.72
G11	Sample 83	2	1	6	57270	37.05	1.72
G11	Sample 83	2	1	7	62270	37	1.73
G11	Sample 83	2	1	8	67270	36.96	1.73
G11	Sample 83	2	1	9	72260	36.96	1.72
G11	Sample 83	2	1	10	77270	37	1.73
G11	Sample 83	2	1	11	82290	37	1.72
G11	Sample 83	2	1	12	87260	36.96	1.73
G11	Sample 83	2	1	13	92270	37	1.73
G11	Sample 83	2	1	14	97270	37	1.73
G11	Sample 83	2	1	15	102270	37.05	1.73
G12	Sample 84	2	1	1	32280	36.96	1.61
G12	Sample 84	2	1	2	37280	36.96	1.60
G12	Sample 84	2	1	3	42260	36.96	1.59
G12	Sample 84	2	1	4	47260	36.96	1.60
G12	Sample 84	2	1	5	52270	36.96	1.60
G12	Sample 84	2	1	6	57270	37.05	1.60
G12	Sample 84	2	1	7	62270	37	1.60
G12	Sample 84	2	1	8	67270	36.96	1.60
G12	Sample 84	2	1	9	72260	36.96	1.60
G12	Sample 84	2	1	10	77270	37	1.59
G12	Sample 84	2	1	11	82290	37	1.60
G12	Sample 84	2	1	12	87260	36.96	1.59
G12	Sample 84	2	1	13	92270	37	1.59
G12	Sample 84	2	1	14	97270	37	1.60
G12	Sample 84	2	1	15	102270	37.05	1.60
H1	Sample 85	2	1	1	32280	36.96	1.66
H1	Sample 85	2	1	2	37280	36.96	1.64
H1	Sample 85	2	1	3	42260	36.96	1.65
H1	Sample 85	2	1	4	47260	36.96	1.65
H1	Sample 85	2	1	5	52270	36.96	1.65
H1	Sample 85	2	1	6	57270	37.05	1.64
H1	Sample 85	2	1	7	62270	37	1.65
H1	Sample 85	2	1	8	67270	36.96	1.64
H1	Sample 85	2	1	9	72260	36.96	1.64
H1	Sample 85	2	1	10	77270	37	1.64
H1	Sample 85	2	1	11	82290	37	1.64
H1	Sample 85	2	1	12	87260	36.96	1.65
H1	Sample 85	2	1	13	92270	37	1.64
H1	Sample 85	2	1	14	97270	37	1.65
H1	Sample 85	2	1	15	102270	37.05	1.64
H2	Sample 86	2	1	1	32280	36.96	1.81
H2	Sample 86	2	1	2	37280	36.96	1.82
H2	Sample 86	2	1	3	42260	36.96	1.81
H2	Sample 86	2	1	4	47260	36.96	1.81
H2	Sample 86	2	1	5	52270	36.96	1.81
H2	Sample 86	2	1	6	57270	37.05	1.82
H2	Sample 86	2	1	7	62270	37	1.82
H2	Sample 86	2	1	8	67270	36.96	1.82
H2	Sample 86	2	1	9	72260	36.96	1.82
H2	Sample 86	2	1	10	77270	37	1.82
H2	Sample 86	2	1	11	82290	37	1.82
H2	Sample 86	2	1	12	87260	36.96	1.82
H2	Sample 86	2	1	13	92270	37	1.83
H2	Sample 86	2	1	14	97270	37	1.82
H2	Sample 86	2	1	15	102270	37.05	1.82
H3	Sample 87	2	1	1	32280	36.96	1.83
H3	Sample 87	2	1	2	37280	36.96	1.83
H3	Sample 87	2	1	3	42260	36.96	1.83
H3	Sample 87	2	1	4	47260	36.96	1.83
H3	Sample 87	2	1	5	52270	36.96	1.82
H3	Sample 87	2	1	6	57270	37.05	1.83
H3	Sample 87	2	1	7	62270	37	1.83
H3	Sample 87	2	1	8	67270	36.96	1.83
H3	Sample 87	2	1	9	72260	36.96	1.84
H3	Sample 87	2	1	10	77270	37	1.83
H3	Sample 87	2	1	11	82290	37	1.83
H3	Sample 87	2	1	12	87260	36.96	1.84
H3	Sample 87	2	1	13	92270	37	1.83
H3	Sample 87	2	1	14	97270	37	1.84
H3	Sample 87	2	1	15	102270	37.05	1.84
H4	Sample 88	2	1	1	32280	36.96	1.93
H4	Sample 88	2	1	2	37280	36.96	1.93
H4	Sample 88	2	1	3	42260	36.96	1.93
H4	Sample 88	2	1	4	47260	36.96	1.93
H4	Sample 88	2	1	5	52270	36.96	1.93
H4	Sample 88	2	1	6	57270	37.05	1.93
H4	Sample 88	2	1	7	62270	37	1.92
H4	Sample 88	2	1	8	67270	36.96	1.93
H4	Sample 88	2	1	9	72260	36.96	1.92
H4	Sample 88	2	1	10	77270	37	1.92
H4	Sample 88	2	1	11	82290	37	1.92
H4	Sample 88	2	1	12	87260	36.96	1.92
H4	Sample 88	2	1	13	92270	37	1.92
H4	Sample 88	2	1	14	97270	37	1.93
H4	Sample 88	2	1	15	102270	37.05	1.92
H5	Sample 89	2	1	1	32280	36.96	2.11
H5	Sample 89	2	1	2	37280	36.96	2.11
H5	Sample 89	2	1	3	42260	36.96	2.11
H5	Sample 89	2	1	4	47260	36.96	2.11
H5	Sample 89	2	1	5	52270	36.96	2.11
H5	Sample 89	2	1	6	57270	37.05	2.11
H5	Sample 89	2	1	7	62270	37	2.11
H5	Sample 89	2	1	8	67270	36.96	2.11
H5	Sample 89	2	1	9	72260	36.96	2.11
H5	Sample 89	2	1	10	77270	37	2.10
H5	Sample 89	2	1	11	82290	37	2.11
H5	Sample 89	2	1	12	87260	36.96	2.11
H5	Sample 89	2	1	13	92270	37	2.11
H5	Sample 89	2	1	14	97270	37	2.11
H5	Sample 89	2	1	15	102270	37.05	2.11
H6	Sample 90	2	1	1	32280	36.96	2.11
H6	Sample 90	2	1	2	37280	36.96	2.11
H6	Sample 90	2	1	3	42260	36.96	2.11
H6	Sample 90	2	1	4	47260	36.96	2.11
H6	Sample 90	2	1	5	52270	36.96	2.10
H6	Sample 90	2	1	6	57270	37.05	2.09
H6	Sample 90	2	1	7	62270	37	2.10
H6	Sample 90	2	1	8	67270	36.96	2.10
H6	Sample 90	2	1	9	72260	36.96	2.11
H6	Sample 90	2	1	10	77270	37	2.09
H6	Sample 90	2	1	11	82290	37	2.11
H6	Sample 90	2	1	12	87260	36.96	2.10
H6	Sample 90	2	1	13	92270	37	2.10
H6	Sample 90	2	1	14	97270	37	2.10
H6	Sample 90	2	1	15	102270	37.05	2.10
H7	Sample 91	2	1	1	32280	36.96	2.13
H7	Sample 91	2	1	2	37280	36.96	2.12
H7	Sample 91	2	1	3	42260	36.96	2.12
H7	Sample 91	2	1	4	47260	36.96	2.12
H7	Sample 91	2	1	5	52270	36.96	2.11
H7	Sample 91	2	1	6	57270	37.05	2.12
H7	Sample 91	2	1	7	62270	37	2.12
H7	Sample 91	2	1	8	67270	36.96	2.13
H7	Sample 91	2	1	9	72260	36.96	2.12
H7	Sample 91	2	1	10	77270	37	2.12
H7	Sample 91	2	1	11	82290	37	2.12
H7	Sample 91	2	1	12	87260	36.96	2.12
H7	Sample 91	2	1	13	92270	37	2.12
H7	Sample 91	2	1	14	97270	37	2.12
H7	Sample 91	2	1	15	102270	37.05	2.12
H8	Sample 92	2	1	1	32280	36.96	1.99
H8	Sample 92	2	1	2	37280	36.96	1.99
H8	Sample 92	2	1	3	42260	36.96	2.00
H8	Sample 92	2	1	4	47260	36.96	1.99
H8	Sample 92	2	1	5	52270	36.96	1.99
H8	Sample 92	2	1	6	57270	37.05	1.99
H8	Sample 92	2	1	7	62270	37	1.99
H8	Sample 92	2	1	8	67270	36.96	2.00
H8	Sample 92	2	1	9	72260	36.96	1.99
H8	Sample 92	2	1	10	77270	37	1.99
H8	Sample 92	2	1	11	82290	37	1.99
H8	Sample 92	2	1	12	87260	36.96	2.00
H8	Sample 92	2	1	13	92270	37	1.99
H8	Sample 92	2	1	14	97270	37	2.00
H8	Sample 92	2	1	15	102270	37.05	2.00
H9	Sample 93	2	1	1	32280	36.96	1.89
H9	Sample 93	2	1	2	37280	36.96	1.89
H9	Sample 93	2	1	3	42260	36.96	1.89
H9	Sample 93	2	1	4	47260	36.96	1.90
H9	Sample 93	2	1	5	52270	36.96	1.89
H9	Sample 93	2	1	6	57270	37.05	1.89
H9	Sample 93	2	1	7	62270	37	1.89
H9	Sample 93	2	1	8	67270	36.96	1.89
H9	Sample 93	2	1	9	72260	36.96	1.90
H9	Sample 93	2	1	10	77270	37	1.88
H9	Sample 93	2	1	11	82290	37	1.90
H9	Sample 93	2	1	12	87260	36.96	1.89
H9	Sample 93	2	1	13	92270	37	1.89
H9	Sample 93	2	1	14	97270	37	1.90
H9	Sample 93	2	1	15	102270	37.05	1.89
H10	Sample 94	2	1	1	32280	36.96	1.72
H10	Sample 94	2	1	2	37280	36.96	1.72
H10	Sample 94	2	1	3	42260	36.96	1.72
H10	Sample 94	2	1	4	47260	36.96	1.72
H10	Sample 94	2	1	5	52270	36.96	1.72
H10	Sample 94	2	1	6	57270	37.05	1.72
H10	Sample 94	2	1	7	62270	37	1.71
H10	Sample 94	2	1	8	67270	36.96	1.71
H10	Sample 94	2	1	9	72260	36.96	1.72
H10	Sample 94	2	1	10	77270	37	1.72
H10	Sample 94	2	1	11	82290	37	1.72
H10	Sample 94	2	1	12	87260	36.96	1.72
H10	Sample 94	2	1	13	92270	37	1.71
H10	Sample 94	2	1	14	97270	37	1.72
H10	Sample 94	2	1	15	102270	37.05	1.73
H11	Sample 95	2	1	1	32280	36.96	1.59
H11	Sample 95	2	1	2	37280	36.96	1.58
H11	Sample 95	2	1	3	42260	36.96	1.58
H11	Sample 95	2	1	4	47260	36.96	1.59
H11	Sample 95	2	1	5	52270	36.96	1.58
H11	Sample 95	2	1	6	57270	37.05	1.58
H11	Sample 95	2	1	7	62270	37	1.58
H11	Sample 95	2	1	8	67270	36.96	1.59
H11	Sample 95	2	1	9	72260	36.96	1.59
H11	Sample 95	2	1	10	77270	37	1.58
H11	Sample 95	2	1	11	82290	37	1.60
H11	Sample 95	2	1	12	87260	36.96	1.59
H11	Sample 95	2	1	13	92270	37	1.59
H11	Sample 95	2	1	14	97270	37	1.59
H11	Sample 95	2	1	15	102270	37.05	1.59
H12	Sample 96	2	1	1	32280	36.96	1.55
H12	Sample 96	2	1	2	37280	36.96	1.55
H12	Sample 96	2	1	3	42260	36.96	1.55
H12	Sample 96	2	1	4	47260	36.96	1.54
H12	Sample 96	2	1	5	52270	36.96	1.55
H12	Sample 96	2	1	6	57270	37.05	1.54
H12	Sample 96	2	1	7	62270	37	1.54
H12	Sample 96	2	1	8	67270	36.96	1.55
H12	Sample 96	2	1	9	72260	36.96	1.55
H12	Sample 96	2	1	10	77270	37	1.54
H12	Sample 96	2	1	11	82290	37	1.55
H12	Sample 96	2	1	12	87260	36.96	1.55
H12	Sample 96	2	1	13	92270	37	1.55
H12	Sample 96	2	1	14	97270	37	1.55
H12	Sample 96	2	1	15	102270	37.05	1.55
