Raw Data 		Experiment - evIC50_8_plate4_21APRIL2026 (Run on LCS480 1.5.1.62)
SamplePos	SampleName	Prog#	Seg#	Cycle#	Time	Temp	465-510	
A1	Sample 1	2	1	1	28530	36.91	1.95
A1	Sample 1	2	1	2	32790	36.91	1.96
A1	Sample 1	2	1	3	37090	37	1.93
A1	Sample 1	2	1	4	41410	36.91	1.91
A1	Sample 1	2	1	5	45690	37	1.93
A1	Sample 1	2	1	6	49990	37	1.89
A1	Sample 1	2	1	7	54290	36.96	1.91
A1	Sample 1	2	1	8	58590	37	1.89
A1	Sample 1	2	1	9	62890	37	1.89
A1	Sample 1	2	1	10	67190	36.96	1.89
A1	Sample 1	2	1	11	71510	36.96	1.91
A1	Sample 1	2	1	12	75800	36.96	1.87
A1	Sample 1	2	1	13	80100	36.96	1.89
A1	Sample 1	2	1	14	84400	37	1.85
A1	Sample 1	2	1	15	88680	36.96	1.89
A2	Sample 2	2	1	1	28530	36.91	1.93
A2	Sample 2	2	1	2	32790	36.91	1.94
A2	Sample 2	2	1	3	37090	37	1.92
A2	Sample 2	2	1	4	41410	36.91	1.92
A2	Sample 2	2	1	5	45690	37	1.88
A2	Sample 2	2	1	6	49990	37	1.88
A2	Sample 2	2	1	7	54290	36.96	1.90
A2	Sample 2	2	1	8	58590	37	1.88
A2	Sample 2	2	1	9	62890	37	1.86
A2	Sample 2	2	1	10	67190	36.96	1.88
A2	Sample 2	2	1	11	71510	36.96	1.84
A2	Sample 2	2	1	12	75800	36.96	1.84
A2	Sample 2	2	1	13	80100	36.96	1.86
A2	Sample 2	2	1	14	84400	37	1.86
A2	Sample 2	2	1	15	88680	36.96	1.86
A3	Sample 3	2	1	1	28530	36.91	2.14
A3	Sample 3	2	1	2	32790	36.91	2.16
A3	Sample 3	2	1	3	37090	37	2.14
A3	Sample 3	2	1	4	41410	36.91	2.16
A3	Sample 3	2	1	5	45690	37	2.12
A3	Sample 3	2	1	6	49990	37	2.11
A3	Sample 3	2	1	7	54290	36.96	2.14
A3	Sample 3	2	1	8	58590	37	2.11
A3	Sample 3	2	1	9	62890	37	2.09
A3	Sample 3	2	1	10	67190	36.96	2.11
A3	Sample 3	2	1	11	71510	36.96	2.11
A3	Sample 3	2	1	12	75800	36.96	2.07
A3	Sample 3	2	1	13	80100	36.96	2.09
A3	Sample 3	2	1	14	84400	37	2.07
A3	Sample 3	2	1	15	88680	36.96	2.09
A4	Sample 4	2	1	1	28530	36.91	2.10
A4	Sample 4	2	1	2	32790	36.91	2.08
A4	Sample 4	2	1	3	37090	37	2.08
A4	Sample 4	2	1	4	41410	36.91	2.10
A4	Sample 4	2	1	5	45690	37	2.06
A4	Sample 4	2	1	6	49990	37	2.06
A4	Sample 4	2	1	7	54290	36.96	2.06
A4	Sample 4	2	1	8	58590	37	2.05
A4	Sample 4	2	1	9	62890	37	2.05
A4	Sample 4	2	1	10	67190	36.96	2.05
A4	Sample 4	2	1	11	71510	36.96	2.05
A4	Sample 4	2	1	12	75800	36.96	2.03
A4	Sample 4	2	1	13	80100	36.96	2.03
A4	Sample 4	2	1	14	84400	37	2.01
A4	Sample 4	2	1	15	88680	36.96	2.03
A5	Sample 5	2	1	1	28530	36.91	3.72
A5	Sample 5	2	1	2	32790	36.91	3.72
A5	Sample 5	2	1	3	37090	37	3.71
A5	Sample 5	2	1	4	41410	36.91	3.69
A5	Sample 5	2	1	5	45690	37	3.69
A5	Sample 5	2	1	6	49990	37	3.65
A5	Sample 5	2	1	7	54290	36.96	3.62
A5	Sample 5	2	1	8	58590	37	3.64
A5	Sample 5	2	1	9	62890	37	3.62
A5	Sample 5	2	1	10	67190	36.96	3.62
A5	Sample 5	2	1	11	71510	36.96	3.63
A5	Sample 5	2	1	12	75800	36.96	3.60
A5	Sample 5	2	1	13	80100	36.96	3.62
A5	Sample 5	2	1	14	84400	37	3.62
A5	Sample 5	2	1	15	88680	36.96	3.64
A6	Sample 6	2	1	1	28530	36.91	3.76
A6	Sample 6	2	1	2	32790	36.91	3.70
A6	Sample 6	2	1	3	37090	37	3.68
A6	Sample 6	2	1	4	41410	36.91	3.65
A6	Sample 6	2	1	5	45690	37	3.63
A6	Sample 6	2	1	6	49990	37	3.63
A6	Sample 6	2	1	7	54290	36.96	3.63
A6	Sample 6	2	1	8	58590	37	3.63
A6	Sample 6	2	1	9	62890	37	3.58
A6	Sample 6	2	1	10	67190	36.96	3.61
A6	Sample 6	2	1	11	71510	36.96	3.61
A6	Sample 6	2	1	12	75800	36.96	3.60
A6	Sample 6	2	1	13	80100	36.96	3.58
A6	Sample 6	2	1	14	84400	37	3.60
A6	Sample 6	2	1	15	88680	36.96	3.58
A7	Sample 7	2	1	1	28530	36.91	3.77
A7	Sample 7	2	1	2	32790	36.91	3.76
A7	Sample 7	2	1	3	37090	37	3.74
A7	Sample 7	2	1	4	41410	36.91	3.74
A7	Sample 7	2	1	5	45690	37	3.72
A7	Sample 7	2	1	6	49990	37	3.70
A7	Sample 7	2	1	7	54290	36.96	3.68
A7	Sample 7	2	1	8	58590	37	3.68
A7	Sample 7	2	1	9	62890	37	3.65
A7	Sample 7	2	1	10	67190	36.96	3.70
A7	Sample 7	2	1	11	71510	36.96	3.68
A7	Sample 7	2	1	12	75800	36.96	3.63
A7	Sample 7	2	1	13	80100	36.96	3.63
A7	Sample 7	2	1	14	84400	37	3.65
A7	Sample 7	2	1	15	88680	36.96	3.65
A8	Sample 8	2	1	1	28530	36.91	3.65
A8	Sample 8	2	1	2	32790	36.91	3.63
A8	Sample 8	2	1	3	37090	37	3.63
A8	Sample 8	2	1	4	41410	36.91	3.60
A8	Sample 8	2	1	5	45690	37	3.58
A8	Sample 8	2	1	6	49990	37	3.56
A8	Sample 8	2	1	7	54290	36.96	3.58
A8	Sample 8	2	1	8	58590	37	3.56
A8	Sample 8	2	1	9	62890	37	3.54
A8	Sample 8	2	1	10	67190	36.96	3.58
A8	Sample 8	2	1	11	71510	36.96	3.56
A8	Sample 8	2	1	12	75800	36.96	3.53
A8	Sample 8	2	1	13	80100	36.96	3.54
A8	Sample 8	2	1	14	84400	37	3.53
A8	Sample 8	2	1	15	88680	36.96	3.54
A9	Sample 9	2	1	1	28530	36.91	10.49
A9	Sample 9	2	1	2	32790	36.91	10.48
A9	Sample 9	2	1	3	37090	37	10.49
A9	Sample 9	2	1	4	41410	36.91	10.49
A9	Sample 9	2	1	5	45690	37	10.44
A9	Sample 9	2	1	6	49990	37	10.48
A9	Sample 9	2	1	7	54290	36.96	10.44
A9	Sample 9	2	1	8	58590	37	10.42
A9	Sample 9	2	1	9	62890	37	10.39
A9	Sample 9	2	1	10	67190	36.96	10.42
A9	Sample 9	2	1	11	71510	36.96	10.38
A9	Sample 9	2	1	12	75800	36.96	10.37
A9	Sample 9	2	1	13	80100	36.96	10.37
A9	Sample 9	2	1	14	84400	37	10.37
A9	Sample 9	2	1	15	88680	36.96	10.39
A10	Sample 10	2	1	1	28530	36.91	11.12
A10	Sample 10	2	1	2	32790	36.91	11.14
A10	Sample 10	2	1	3	37090	37	11.16
A10	Sample 10	2	1	4	41410	36.91	11.16
A10	Sample 10	2	1	5	45690	37	11.10
A10	Sample 10	2	1	6	49990	37	11.10
A10	Sample 10	2	1	7	54290	36.96	11.10
A10	Sample 10	2	1	8	58590	37	11.08
A10	Sample 10	2	1	9	62890	37	11.07
A10	Sample 10	2	1	10	67190	36.96	11.09
A10	Sample 10	2	1	11	71510	36.96	11.05
A10	Sample 10	2	1	12	75800	36.96	11.05
A10	Sample 10	2	1	13	80100	36.96	11.03
A10	Sample 10	2	1	14	84400	37	11.01
A10	Sample 10	2	1	15	88680	36.96	11.03
A11	Sample 11	2	1	1	28530	36.91	10.77
A11	Sample 11	2	1	2	32790	36.91	10.73
A11	Sample 11	2	1	3	37090	37	10.75
A11	Sample 11	2	1	4	41410	36.91	10.77
A11	Sample 11	2	1	5	45690	37	10.75
A11	Sample 11	2	1	6	49990	37	10.75
A11	Sample 11	2	1	7	54290	36.96	10.71
A11	Sample 11	2	1	8	58590	37	10.71
A11	Sample 11	2	1	9	62890	37	10.71
A11	Sample 11	2	1	10	67190	36.96	10.72
A11	Sample 11	2	1	11	71510	36.96	10.71
A11	Sample 11	2	1	12	75800	36.96	10.70
A11	Sample 11	2	1	13	80100	36.96	10.68
A11	Sample 11	2	1	14	84400	37	10.66
A11	Sample 11	2	1	15	88680	36.96	10.68
A12	Sample 12	2	1	1	28530	36.91	10.04
A12	Sample 12	2	1	2	32790	36.91	10.04
A12	Sample 12	2	1	3	37090	37	10.04
A12	Sample 12	2	1	4	41410	36.91	10.04
A12	Sample 12	2	1	5	45690	37	10.01
A12	Sample 12	2	1	6	49990	37	10.01
A12	Sample 12	2	1	7	54290	36.96	10.03
A12	Sample 12	2	1	8	58590	37	10.01
A12	Sample 12	2	1	9	62890	37	9.95
A12	Sample 12	2	1	10	67190	36.96	9.99
A12	Sample 12	2	1	11	71510	36.96	10.01
A12	Sample 12	2	1	12	75800	36.96	9.95
A12	Sample 12	2	1	13	80100	36.96	9.95
A12	Sample 12	2	1	14	84400	37	9.92
A12	Sample 12	2	1	15	88680	36.96	9.94
B1	Sample 13	2	1	1	28530	36.91	1.91
B1	Sample 13	2	1	2	32790	36.91	1.89
B1	Sample 13	2	1	3	37090	37	1.87
B1	Sample 13	2	1	4	41410	36.91	1.86
B1	Sample 13	2	1	5	45690	37	1.86
B1	Sample 13	2	1	6	49990	37	1.85
B1	Sample 13	2	1	7	54290	36.96	1.85
B1	Sample 13	2	1	8	58590	37	1.84
B1	Sample 13	2	1	9	62890	37	1.82
B1	Sample 13	2	1	10	67190	36.96	1.82
B1	Sample 13	2	1	11	71510	36.96	1.82
B1	Sample 13	2	1	12	75800	36.96	1.80
B1	Sample 13	2	1	13	80100	36.96	1.82
B1	Sample 13	2	1	14	84400	37	1.82
B1	Sample 13	2	1	15	88680	36.96	1.82
B2	Sample 14	2	1	1	28530	36.91	1.88
B2	Sample 14	2	1	2	32790	36.91	1.86
B2	Sample 14	2	1	3	37090	37	1.84
B2	Sample 14	2	1	4	41410	36.91	1.84
B2	Sample 14	2	1	5	45690	37	1.81
B2	Sample 14	2	1	6	49990	37	1.81
B2	Sample 14	2	1	7	54290	36.96	1.83
B2	Sample 14	2	1	8	58590	37	1.81
B2	Sample 14	2	1	9	62890	37	1.79
B2	Sample 14	2	1	10	67190	36.96	1.77
B2	Sample 14	2	1	11	71510	36.96	1.77
B2	Sample 14	2	1	12	75800	36.96	1.75
B2	Sample 14	2	1	13	80100	36.96	1.81
B2	Sample 14	2	1	14	84400	37	1.77
B2	Sample 14	2	1	15	88680	36.96	1.79
B3	Sample 15	2	1	1	28530	36.91	2.03
B3	Sample 15	2	1	2	32790	36.91	2.05
B3	Sample 15	2	1	3	37090	37	2.00
B3	Sample 15	2	1	4	41410	36.91	2.00
B3	Sample 15	2	1	5	45690	37	1.98
B3	Sample 15	2	1	6	49990	37	1.98
B3	Sample 15	2	1	7	54290	36.96	1.98
B3	Sample 15	2	1	8	58590	37	1.96
B3	Sample 15	2	1	9	62890	37	1.96
B3	Sample 15	2	1	10	67190	36.96	1.96
B3	Sample 15	2	1	11	71510	36.96	1.94
B3	Sample 15	2	1	12	75800	36.96	1.94
B3	Sample 15	2	1	13	80100	36.96	1.96
B3	Sample 15	2	1	14	84400	37	1.96
B3	Sample 15	2	1	15	88680	36.96	1.96
B4	Sample 16	2	1	1	28530	36.91	2.08
B4	Sample 16	2	1	2	32790	36.91	2.06
B4	Sample 16	2	1	3	37090	37	2.01
B4	Sample 16	2	1	4	41410	36.91	2.03
B4	Sample 16	2	1	5	45690	37	1.99
B4	Sample 16	2	1	6	49990	37	2.01
B4	Sample 16	2	1	7	54290	36.96	2.01
B4	Sample 16	2	1	8	58590	37	1.97
B4	Sample 16	2	1	9	62890	37	1.95
B4	Sample 16	2	1	10	67190	36.96	1.95
B4	Sample 16	2	1	11	71510	36.96	1.94
B4	Sample 16	2	1	12	75800	36.96	1.95
B4	Sample 16	2	1	13	80100	36.96	1.97
B4	Sample 16	2	1	14	84400	37	1.97
B4	Sample 16	2	1	15	88680	36.96	1.97
B5	Sample 17	2	1	1	28530	36.91	3.66
B5	Sample 17	2	1	2	32790	36.91	3.63
B5	Sample 17	2	1	3	37090	37	3.61
B5	Sample 17	2	1	4	41410	36.91	3.57
B5	Sample 17	2	1	5	45690	37	3.56
B5	Sample 17	2	1	6	49990	37	3.54
B5	Sample 17	2	1	7	54290	36.96	3.52
B5	Sample 17	2	1	8	58590	37	3.52
B5	Sample 17	2	1	9	62890	37	3.48
B5	Sample 17	2	1	10	67190	36.96	3.50
B5	Sample 17	2	1	11	71510	36.96	3.48
B5	Sample 17	2	1	12	75800	36.96	3.48
B5	Sample 17	2	1	13	80100	36.96	3.48
B5	Sample 17	2	1	14	84400	37	3.48
B5	Sample 17	2	1	15	88680	36.96	3.48
B6	Sample 18	2	1	1	28530	36.91	3.60
B6	Sample 18	2	1	2	32790	36.91	3.57
B6	Sample 18	2	1	3	37090	37	3.55
B6	Sample 18	2	1	4	41410	36.91	3.53
B6	Sample 18	2	1	5	45690	37	3.50
B6	Sample 18	2	1	6	49990	37	3.50
B6	Sample 18	2	1	7	54290	36.96	3.48
B6	Sample 18	2	1	8	58590	37	3.48
B6	Sample 18	2	1	9	62890	37	3.44
B6	Sample 18	2	1	10	67190	36.96	3.46
B6	Sample 18	2	1	11	71510	36.96	3.44
B6	Sample 18	2	1	12	75800	36.96	3.44
B6	Sample 18	2	1	13	80100	36.96	3.46
B6	Sample 18	2	1	14	84400	37	3.48
B6	Sample 18	2	1	15	88680	36.96	3.48
B7	Sample 19	2	1	1	28530	36.91	3.62
B7	Sample 19	2	1	2	32790	36.91	3.58
B7	Sample 19	2	1	3	37090	37	3.55
B7	Sample 19	2	1	4	41410	36.91	3.55
B7	Sample 19	2	1	5	45690	37	3.51
B7	Sample 19	2	1	6	49990	37	3.51
B7	Sample 19	2	1	7	54290	36.96	3.51
B7	Sample 19	2	1	8	58590	37	3.48
B7	Sample 19	2	1	9	62890	37	3.48
B7	Sample 19	2	1	10	67190	36.96	3.46
B7	Sample 19	2	1	11	71510	36.96	3.46
B7	Sample 19	2	1	12	75800	36.96	3.46
B7	Sample 19	2	1	13	80100	36.96	3.48
B7	Sample 19	2	1	14	84400	37	3.49
B7	Sample 19	2	1	15	88680	36.96	3.48
B8	Sample 20	2	1	1	28530	36.91	3.42
B8	Sample 20	2	1	2	32790	36.91	3.37
B8	Sample 20	2	1	3	37090	37	3.35
B8	Sample 20	2	1	4	41410	36.91	3.35
B8	Sample 20	2	1	5	45690	37	3.32
B8	Sample 20	2	1	6	49990	37	3.30
B8	Sample 20	2	1	7	54290	36.96	3.28
B8	Sample 20	2	1	8	58590	37	3.28
B8	Sample 20	2	1	9	62890	37	3.26
B8	Sample 20	2	1	10	67190	36.96	3.26
B8	Sample 20	2	1	11	71510	36.96	3.26
B8	Sample 20	2	1	12	75800	36.96	3.26
B8	Sample 20	2	1	13	80100	36.96	3.28
B8	Sample 20	2	1	14	84400	37	3.26
B8	Sample 20	2	1	15	88680	36.96	3.26
B9	Sample 21	2	1	1	28530	36.91	11.30
B9	Sample 21	2	1	2	32790	36.91	11.34
B9	Sample 21	2	1	3	37090	37	11.31
B9	Sample 21	2	1	4	41410	36.91	11.29
B9	Sample 21	2	1	5	45690	37	11.27
B9	Sample 21	2	1	6	49990	37	11.29
B9	Sample 21	2	1	7	54290	36.96	11.27
B9	Sample 21	2	1	8	58590	37	11.23
B9	Sample 21	2	1	9	62890	37	11.25
B9	Sample 21	2	1	10	67190	36.96	11.24
B9	Sample 21	2	1	11	71510	36.96	11.20
B9	Sample 21	2	1	12	75800	36.96	11.14
B9	Sample 21	2	1	13	80100	36.96	11.22
B9	Sample 21	2	1	14	84400	37	11.18
B9	Sample 21	2	1	15	88680	36.96	11.16
B10	Sample 22	2	1	1	28530	36.91	11.39
B10	Sample 22	2	1	2	32790	36.91	11.39
B10	Sample 22	2	1	3	37090	37	11.35
B10	Sample 22	2	1	4	41410	36.91	11.39
B10	Sample 22	2	1	5	45690	37	11.32
B10	Sample 22	2	1	6	49990	37	11.35
B10	Sample 22	2	1	7	54290	36.96	11.30
B10	Sample 22	2	1	8	58590	37	11.30
B10	Sample 22	2	1	9	62890	37	11.30
B10	Sample 22	2	1	10	67190	36.96	11.26
B10	Sample 22	2	1	11	71510	36.96	11.28
B10	Sample 22	2	1	12	75800	36.96	11.23
B10	Sample 22	2	1	13	80100	36.96	11.26
B10	Sample 22	2	1	14	84400	37	11.25
B10	Sample 22	2	1	15	88680	36.96	11.25
B11	Sample 23	2	1	1	28530	36.91	12.24
B11	Sample 23	2	1	2	32790	36.91	12.26
B11	Sample 23	2	1	3	37090	37	12.26
B11	Sample 23	2	1	4	41410	36.91	12.26
B11	Sample 23	2	1	5	45690	37	12.22
B11	Sample 23	2	1	6	49990	37	12.18
B11	Sample 23	2	1	7	54290	36.96	12.20
B11	Sample 23	2	1	8	58590	37	12.20
B11	Sample 23	2	1	9	62890	37	12.17
B11	Sample 23	2	1	10	67190	36.96	12.15
B11	Sample 23	2	1	11	71510	36.96	12.15
B11	Sample 23	2	1	12	75800	36.96	12.09
B11	Sample 23	2	1	13	80100	36.96	12.15
B11	Sample 23	2	1	14	84400	37	12.09
B11	Sample 23	2	1	15	88680	36.96	12.08
B12	Sample 24	2	1	1	28530	36.91	10.65
B12	Sample 24	2	1	2	32790	36.91	10.67
B12	Sample 24	2	1	3	37090	37	10.67
B12	Sample 24	2	1	4	41410	36.91	10.65
B12	Sample 24	2	1	5	45690	37	10.62
B12	Sample 24	2	1	6	49990	37	10.62
B12	Sample 24	2	1	7	54290	36.96	10.63
B12	Sample 24	2	1	8	58590	37	10.62
B12	Sample 24	2	1	9	62890	37	10.58
B12	Sample 24	2	1	10	67190	36.96	10.58
B12	Sample 24	2	1	11	71510	36.96	10.60
B12	Sample 24	2	1	12	75800	36.96	10.54
B12	Sample 24	2	1	13	80100	36.96	10.62
B12	Sample 24	2	1	14	84400	37	10.58
B12	Sample 24	2	1	15	88680	36.96	10.55
C1	Sample 25	2	1	1	28530	36.91	1.95
C1	Sample 25	2	1	2	32790	36.91	1.95
C1	Sample 25	2	1	3	37090	37	1.95
C1	Sample 25	2	1	4	41410	36.91	1.93
C1	Sample 25	2	1	5	45690	37	1.93
C1	Sample 25	2	1	6	49990	37	1.91
C1	Sample 25	2	1	7	54290	36.96	1.91
C1	Sample 25	2	1	8	58590	37	1.91
C1	Sample 25	2	1	9	62890	37	1.90
C1	Sample 25	2	1	10	67190	36.96	1.90
C1	Sample 25	2	1	11	71510	36.96	1.91
C1	Sample 25	2	1	12	75800	36.96	1.90
C1	Sample 25	2	1	13	80100	36.96	1.88
C1	Sample 25	2	1	14	84400	37	1.88
C1	Sample 25	2	1	15	88680	36.96	1.88
C2	Sample 26	2	1	1	28530	36.91	1.96
C2	Sample 26	2	1	2	32790	36.91	1.92
C2	Sample 26	2	1	3	37090	37	1.88
C2	Sample 26	2	1	4	41410	36.91	1.88
C2	Sample 26	2	1	5	45690	37	1.88
C2	Sample 26	2	1	6	49990	37	1.87
C2	Sample 26	2	1	7	54290	36.96	1.87
C2	Sample 26	2	1	8	58590	37	1.87
C2	Sample 26	2	1	9	62890	37	1.85
C2	Sample 26	2	1	10	67190	36.96	1.88
C2	Sample 26	2	1	11	71510	36.96	1.87
C2	Sample 26	2	1	12	75800	36.96	1.87
C2	Sample 26	2	1	13	80100	36.96	1.83
C2	Sample 26	2	1	14	84400	37	1.83
C2	Sample 26	2	1	15	88680	36.96	1.85
C3	Sample 27	2	1	1	28530	36.91	2.09
C3	Sample 27	2	1	2	32790	36.91	2.07
C3	Sample 27	2	1	3	37090	37	2.05
C3	Sample 27	2	1	4	41410	36.91	2.05
C3	Sample 27	2	1	5	45690	37	2.02
C3	Sample 27	2	1	6	49990	37	2.02
C3	Sample 27	2	1	7	54290	36.96	2.02
C3	Sample 27	2	1	8	58590	37	2.00
C3	Sample 27	2	1	9	62890	37	2.00
C3	Sample 27	2	1	10	67190	36.96	2.02
C3	Sample 27	2	1	11	71510	36.96	2.00
C3	Sample 27	2	1	12	75800	36.96	2.00
C3	Sample 27	2	1	13	80100	36.96	1.98
C3	Sample 27	2	1	14	84400	37	1.96
C3	Sample 27	2	1	15	88680	36.96	2.00
C4	Sample 28	2	1	1	28530	36.91	2.15
C4	Sample 28	2	1	2	32790	36.91	2.12
C4	Sample 28	2	1	3	37090	37	2.10
C4	Sample 28	2	1	4	41410	36.91	2.10
C4	Sample 28	2	1	5	45690	37	2.06
C4	Sample 28	2	1	6	49990	37	2.06
C4	Sample 28	2	1	7	54290	36.96	2.06
C4	Sample 28	2	1	8	58590	37	2.03
C4	Sample 28	2	1	9	62890	37	2.04
C4	Sample 28	2	1	10	67190	36.96	2.04
C4	Sample 28	2	1	11	71510	36.96	2.03
C4	Sample 28	2	1	12	75800	36.96	2.04
C4	Sample 28	2	1	13	80100	36.96	2.03
C4	Sample 28	2	1	14	84400	37	2.01
C4	Sample 28	2	1	15	88680	36.96	2.03
C5	Sample 29	2	1	1	28530	36.91	3.61
C5	Sample 29	2	1	2	32790	36.91	3.59
C5	Sample 29	2	1	3	37090	37	3.54
C5	Sample 29	2	1	4	41410	36.91	3.54
C5	Sample 29	2	1	5	45690	37	3.50
C5	Sample 29	2	1	6	49990	37	3.49
C5	Sample 29	2	1	7	54290	36.96	3.49
C5	Sample 29	2	1	8	58590	37	3.47
C5	Sample 29	2	1	9	62890	37	3.45
C5	Sample 29	2	1	10	67190	36.96	3.47
C5	Sample 29	2	1	11	71510	36.96	3.45
C5	Sample 29	2	1	12	75800	36.96	3.45
C5	Sample 29	2	1	13	80100	36.96	3.45
C5	Sample 29	2	1	14	84400	37	3.45
C5	Sample 29	2	1	15	88680	36.96	3.45
C6	Sample 30	2	1	1	28530	36.91	3.51
C6	Sample 30	2	1	2	32790	36.91	3.50
C6	Sample 30	2	1	3	37090	37	3.46
C6	Sample 30	2	1	4	41410	36.91	3.42
C6	Sample 30	2	1	5	45690	37	3.39
C6	Sample 30	2	1	6	49990	37	3.39
C6	Sample 30	2	1	7	54290	36.96	3.37
C6	Sample 30	2	1	8	58590	37	3.39
C6	Sample 30	2	1	9	62890	37	3.39
C6	Sample 30	2	1	10	67190	36.96	3.37
C6	Sample 30	2	1	11	71510	36.96	3.37
C6	Sample 30	2	1	12	75800	36.96	3.37
C6	Sample 30	2	1	13	80100	36.96	3.37
C6	Sample 30	2	1	14	84400	37	3.35
C6	Sample 30	2	1	15	88680	36.96	3.35
C7	Sample 31	2	1	1	28530	36.91	3.63
C7	Sample 31	2	1	2	32790	36.91	3.60
C7	Sample 31	2	1	3	37090	37	3.56
C7	Sample 31	2	1	4	41410	36.91	3.53
C7	Sample 31	2	1	5	45690	37	3.55
C7	Sample 31	2	1	6	49990	37	3.53
C7	Sample 31	2	1	7	54290	36.96	3.49
C7	Sample 31	2	1	8	58590	37	3.51
C7	Sample 31	2	1	9	62890	37	3.49
C7	Sample 31	2	1	10	67190	36.96	3.51
C7	Sample 31	2	1	11	71510	36.96	3.49
C7	Sample 31	2	1	12	75800	36.96	3.49
C7	Sample 31	2	1	13	80100	36.96	3.46
C7	Sample 31	2	1	14	84400	37	3.47
C7	Sample 31	2	1	15	88680	36.96	3.49
C8	Sample 32	2	1	1	28530	36.91	3.53
C8	Sample 32	2	1	2	32790	36.91	3.49
C8	Sample 32	2	1	3	37090	37	3.46
C8	Sample 32	2	1	4	41410	36.91	3.42
C8	Sample 32	2	1	5	45690	37	3.44
C8	Sample 32	2	1	6	49990	37	3.38
C8	Sample 32	2	1	7	54290	36.96	3.40
C8	Sample 32	2	1	8	58590	37	3.37
C8	Sample 32	2	1	9	62890	37	3.38
C8	Sample 32	2	1	10	67190	36.96	3.38
C8	Sample 32	2	1	11	71510	36.96	3.37
C8	Sample 32	2	1	12	75800	36.96	3.37
C8	Sample 32	2	1	13	80100	36.96	3.35
C8	Sample 32	2	1	14	84400	37	3.35
C8	Sample 32	2	1	15	88680	36.96	3.38
C9	Sample 33	2	1	1	28530	36.91	11.44
C9	Sample 33	2	1	2	32790	36.91	11.48
C9	Sample 33	2	1	3	37090	37	11.46
C9	Sample 33	2	1	4	41410	36.91	11.43
C9	Sample 33	2	1	5	45690	37	11.45
C9	Sample 33	2	1	6	49990	37	11.41
C9	Sample 33	2	1	7	54290	36.96	11.41
C9	Sample 33	2	1	8	58590	37	11.37
C9	Sample 33	2	1	9	62890	37	11.36
C9	Sample 33	2	1	10	67190	36.96	11.37
C9	Sample 33	2	1	11	71510	36.96	11.34
C9	Sample 33	2	1	12	75800	36.96	11.34
C9	Sample 33	2	1	13	80100	36.96	11.30
C9	Sample 33	2	1	14	84400	37	11.27
C9	Sample 33	2	1	15	88680	36.96	11.30
C10	Sample 34	2	1	1	28530	36.91	11.79
C10	Sample 34	2	1	2	32790	36.91	11.82
C10	Sample 34	2	1	3	37090	37	11.79
C10	Sample 34	2	1	4	41410	36.91	11.77
C10	Sample 34	2	1	5	45690	37	11.75
C10	Sample 34	2	1	6	49990	37	11.77
C10	Sample 34	2	1	7	54290	36.96	11.75
C10	Sample 34	2	1	8	58590	37	11.75
C10	Sample 34	2	1	9	62890	37	11.70
C10	Sample 34	2	1	10	67190	36.96	11.70
C10	Sample 34	2	1	11	71510	36.96	11.73
C10	Sample 34	2	1	12	75800	36.96	11.66
C10	Sample 34	2	1	13	80100	36.96	11.66
C10	Sample 34	2	1	14	84400	37	11.63
C10	Sample 34	2	1	15	88680	36.96	11.63
C11	Sample 35	2	1	1	28530	36.91	11.04
C11	Sample 35	2	1	2	32790	36.91	11.05
C11	Sample 35	2	1	3	37090	37	11.02
C11	Sample 35	2	1	4	41410	36.91	11.02
C11	Sample 35	2	1	5	45690	37	11.06
C11	Sample 35	2	1	6	49990	37	11.00
C11	Sample 35	2	1	7	54290	36.96	10.98
C11	Sample 35	2	1	8	58590	37	11.02
C11	Sample 35	2	1	9	62890	37	10.98
C11	Sample 35	2	1	10	67190	36.96	10.97
C11	Sample 35	2	1	11	71510	36.96	10.95
C11	Sample 35	2	1	12	75800	36.96	10.98
C11	Sample 35	2	1	13	80100	36.96	10.97
C11	Sample 35	2	1	14	84400	37	10.93
C11	Sample 35	2	1	15	88680	36.96	10.93
C12	Sample 36	2	1	1	28530	36.91	10.68
C12	Sample 36	2	1	2	32790	36.91	10.74
C12	Sample 36	2	1	3	37090	37	10.69
C12	Sample 36	2	1	4	41410	36.91	10.69
C12	Sample 36	2	1	5	45690	37	10.71
C12	Sample 36	2	1	6	49990	37	10.70
C12	Sample 36	2	1	7	54290	36.96	10.67
C12	Sample 36	2	1	8	58590	37	10.67
C12	Sample 36	2	1	9	62890	37	10.65
C12	Sample 36	2	1	10	67190	36.96	10.67
C12	Sample 36	2	1	11	71510	36.96	10.63
C12	Sample 36	2	1	12	75800	36.96	10.60
C12	Sample 36	2	1	13	80100	36.96	10.62
C12	Sample 36	2	1	14	84400	37	10.60
C12	Sample 36	2	1	15	88680	36.96	10.58
D1	Sample 37	2	1	1	28530	36.91	2.05
D1	Sample 37	2	1	2	32790	36.91	2.00
D1	Sample 37	2	1	3	37090	37	2.01
D1	Sample 37	2	1	4	41410	36.91	2.02
D1	Sample 37	2	1	5	45690	37	2.02
D1	Sample 37	2	1	6	49990	37	1.98
D1	Sample 37	2	1	7	54290	36.96	1.96
D1	Sample 37	2	1	8	58590	37	1.96
D1	Sample 37	2	1	9	62890	37	1.96
D1	Sample 37	2	1	10	67190	36.96	1.94
D1	Sample 37	2	1	11	71510	36.96	1.96
D1	Sample 37	2	1	12	75800	36.96	1.94
D1	Sample 37	2	1	13	80100	36.96	1.94
D1	Sample 37	2	1	14	84400	37	1.94
D1	Sample 37	2	1	15	88680	36.96	1.96
D2	Sample 38	2	1	1	28530	36.91	1.96
D2	Sample 38	2	1	2	32790	36.91	1.93
D2	Sample 38	2	1	3	37090	37	1.93
D2	Sample 38	2	1	4	41410	36.91	1.93
D2	Sample 38	2	1	5	45690	37	1.91
D2	Sample 38	2	1	6	49990	37	1.89
D2	Sample 38	2	1	7	54290	36.96	1.89
D2	Sample 38	2	1	8	58590	37	1.89
D2	Sample 38	2	1	9	62890	37	1.87
D2	Sample 38	2	1	10	67190	36.96	1.87
D2	Sample 38	2	1	11	71510	36.96	1.86
D2	Sample 38	2	1	12	75800	36.96	1.87
D2	Sample 38	2	1	13	80100	36.96	1.86
D2	Sample 38	2	1	14	84400	37	1.87
D2	Sample 38	2	1	15	88680	36.96	1.87
D3	Sample 39	2	1	1	28530	36.91	2.12
D3	Sample 39	2	1	2	32790	36.91	2.10
D3	Sample 39	2	1	3	37090	37	2.06
D3	Sample 39	2	1	4	41410	36.91	2.06
D3	Sample 39	2	1	5	45690	37	2.06
D3	Sample 39	2	1	6	49990	37	2.04
D3	Sample 39	2	1	7	54290	36.96	2.04
D3	Sample 39	2	1	8	58590	37	2.04
D3	Sample 39	2	1	9	62890	37	2.01
D3	Sample 39	2	1	10	67190	36.96	2.01
D3	Sample 39	2	1	11	71510	36.96	2.01
D3	Sample 39	2	1	12	75800	36.96	2.01
D3	Sample 39	2	1	13	80100	36.96	2.03
D3	Sample 39	2	1	14	84400	37	2.01
D3	Sample 39	2	1	15	88680	36.96	2.01
D4	Sample 40	2	1	1	28530	36.91	2.09
D4	Sample 40	2	1	2	32790	36.91	2.05
D4	Sample 40	2	1	3	37090	37	2.03
D4	Sample 40	2	1	4	41410	36.91	2.03
D4	Sample 40	2	1	5	45690	37	2.02
D4	Sample 40	2	1	6	49990	37	2.02
D4	Sample 40	2	1	7	54290	36.96	2.00
D4	Sample 40	2	1	8	58590	37	2.00
D4	Sample 40	2	1	9	62890	37	1.98
D4	Sample 40	2	1	10	67190	36.96	1.96
D4	Sample 40	2	1	11	71510	36.96	1.96
D4	Sample 40	2	1	12	75800	36.96	1.98
D4	Sample 40	2	1	13	80100	36.96	1.98
D4	Sample 40	2	1	14	84400	37	1.96
D4	Sample 40	2	1	15	88680	36.96	1.98
D5	Sample 41	2	1	1	28530	36.91	3.58
D5	Sample 41	2	1	2	32790	36.91	3.53
D5	Sample 41	2	1	3	37090	37	3.49
D5	Sample 41	2	1	4	41410	36.91	3.48
D5	Sample 41	2	1	5	45690	37	3.46
D5	Sample 41	2	1	6	49990	37	3.46
D5	Sample 41	2	1	7	54290	36.96	3.44
D5	Sample 41	2	1	8	58590	37	3.44
D5	Sample 41	2	1	9	62890	37	3.39
D5	Sample 41	2	1	10	67190	36.96	3.41
D5	Sample 41	2	1	11	71510	36.96	3.40
D5	Sample 41	2	1	12	75800	36.96	3.41
D5	Sample 41	2	1	13	80100	36.96	3.42
D5	Sample 41	2	1	14	84400	37	3.42
D5	Sample 41	2	1	15	88680	36.96	3.41
D6	Sample 42	2	1	1	28530	36.91	3.54
D6	Sample 42	2	1	2	32790	36.91	3.50
D6	Sample 42	2	1	3	37090	37	3.47
D6	Sample 42	2	1	4	41410	36.91	3.45
D6	Sample 42	2	1	5	45690	37	3.45
D6	Sample 42	2	1	6	49990	37	3.43
D6	Sample 42	2	1	7	54290	36.96	3.41
D6	Sample 42	2	1	8	58590	37	3.41
D6	Sample 42	2	1	9	62890	37	3.40
D6	Sample 42	2	1	10	67190	36.96	3.38
D6	Sample 42	2	1	11	71510	36.96	3.38
D6	Sample 42	2	1	12	75800	36.96	3.40
D6	Sample 42	2	1	13	80100	36.96	3.38
D6	Sample 42	2	1	14	84400	37	3.38
D6	Sample 42	2	1	15	88680	36.96	3.40
D7	Sample 43	2	1	1	28530	36.91	3.69
D7	Sample 43	2	1	2	32790	36.91	3.66
D7	Sample 43	2	1	3	37090	37	3.64
D7	Sample 43	2	1	4	41410	36.91	3.62
D7	Sample 43	2	1	5	45690	37	3.59
D7	Sample 43	2	1	6	49990	37	3.55
D7	Sample 43	2	1	7	54290	36.96	3.57
D7	Sample 43	2	1	8	58590	37	3.57
D7	Sample 43	2	1	9	62890	37	3.55
D7	Sample 43	2	1	10	67190	36.96	3.55
D7	Sample 43	2	1	11	71510	36.96	3.55
D7	Sample 43	2	1	12	75800	36.96	3.53
D7	Sample 43	2	1	13	80100	36.96	3.53
D7	Sample 43	2	1	14	84400	37	3.53
D7	Sample 43	2	1	15	88680	36.96	3.55
D8	Sample 44	2	1	1	28530	36.91	3.87
D8	Sample 44	2	1	2	32790	36.91	3.82
D8	Sample 44	2	1	3	37090	37	3.83
D8	Sample 44	2	1	4	41410	36.91	3.80
D8	Sample 44	2	1	5	45690	37	3.76
D8	Sample 44	2	1	6	49990	37	3.74
D8	Sample 44	2	1	7	54290	36.96	3.73
D8	Sample 44	2	1	8	58590	37	3.74
D8	Sample 44	2	1	9	62890	37	3.71
D8	Sample 44	2	1	10	67190	36.96	3.73
D8	Sample 44	2	1	11	71510	36.96	3.71
D8	Sample 44	2	1	12	75800	36.96	3.73
D8	Sample 44	2	1	13	80100	36.96	3.73
D8	Sample 44	2	1	14	84400	37	3.73
D8	Sample 44	2	1	15	88680	36.96	3.74
D9	Sample 45	2	1	1	28530	36.91	11.64
D9	Sample 45	2	1	2	32790	36.91	11.63
D9	Sample 45	2	1	3	37090	37	11.61
D9	Sample 45	2	1	4	41410	36.91	11.58
D9	Sample 45	2	1	5	45690	37	11.58
D9	Sample 45	2	1	6	49990	37	11.56
D9	Sample 45	2	1	7	54290	36.96	11.54
D9	Sample 45	2	1	8	58590	37	11.52
D9	Sample 45	2	1	9	62890	37	11.52
D9	Sample 45	2	1	10	67190	36.96	11.49
D9	Sample 45	2	1	11	71510	36.96	11.50
D9	Sample 45	2	1	12	75800	36.96	11.47
D9	Sample 45	2	1	13	80100	36.96	11.45
D9	Sample 45	2	1	14	84400	37	11.47
D9	Sample 45	2	1	15	88680	36.96	11.45
D10	Sample 46	2	1	1	28530	36.91	11.79
D10	Sample 46	2	1	2	32790	36.91	11.73
D10	Sample 46	2	1	3	37090	37	11.70
D10	Sample 46	2	1	4	41410	36.91	11.72
D10	Sample 46	2	1	5	45690	37	11.72
D10	Sample 46	2	1	6	49990	37	11.68
D10	Sample 46	2	1	7	54290	36.96	11.68
D10	Sample 46	2	1	8	58590	37	11.66
D10	Sample 46	2	1	9	62890	37	11.66
D10	Sample 46	2	1	10	67190	36.96	11.63
D10	Sample 46	2	1	11	71510	36.96	11.63
D10	Sample 46	2	1	12	75800	36.96	11.59
D10	Sample 46	2	1	13	80100	36.96	11.61
D10	Sample 46	2	1	14	84400	37	11.57
D10	Sample 46	2	1	15	88680	36.96	11.57
D11	Sample 47	2	1	1	28530	36.91	11.53
D11	Sample 47	2	1	2	32790	36.91	11.51
D11	Sample 47	2	1	3	37090	37	11.51
D11	Sample 47	2	1	4	41410	36.91	11.57
D11	Sample 47	2	1	5	45690	37	11.48
D11	Sample 47	2	1	6	49990	37	11.49
D11	Sample 47	2	1	7	54290	36.96	11.48
D11	Sample 47	2	1	8	58590	37	11.49
D11	Sample 47	2	1	9	62890	37	11.48
D11	Sample 47	2	1	10	67190	36.96	11.46
D11	Sample 47	2	1	11	71510	36.96	11.44
D11	Sample 47	2	1	12	75800	36.96	11.40
D11	Sample 47	2	1	13	80100	36.96	11.41
D11	Sample 47	2	1	14	84400	37	11.40
D11	Sample 47	2	1	15	88680	36.96	11.37
D12	Sample 48	2	1	1	28530	36.91	10.29
D12	Sample 48	2	1	2	32790	36.91	10.33
D12	Sample 48	2	1	3	37090	37	10.31
D12	Sample 48	2	1	4	41410	36.91	10.30
D12	Sample 48	2	1	5	45690	37	10.28
D12	Sample 48	2	1	6	49990	37	10.28
D12	Sample 48	2	1	7	54290	36.96	10.28
D12	Sample 48	2	1	8	58590	37	10.28
D12	Sample 48	2	1	9	62890	37	10.26
D12	Sample 48	2	1	10	67190	36.96	10.24
D12	Sample 48	2	1	11	71510	36.96	10.22
D12	Sample 48	2	1	12	75800	36.96	10.22
D12	Sample 48	2	1	13	80100	36.96	10.21
D12	Sample 48	2	1	14	84400	37	10.21
D12	Sample 48	2	1	15	88680	36.96	10.23
E1	Sample 49	2	1	1	28530	36.91	2.03
E1	Sample 49	2	1	2	32790	36.91	2.03
E1	Sample 49	2	1	3	37090	37	1.99
E1	Sample 49	2	1	4	41410	36.91	2.01
E1	Sample 49	2	1	5	45690	37	1.97
E1	Sample 49	2	1	6	49990	37	1.97
E1	Sample 49	2	1	7	54290	36.96	1.97
E1	Sample 49	2	1	8	58590	37	1.97
E1	Sample 49	2	1	9	62890	37	1.94
E1	Sample 49	2	1	10	67190	36.96	1.94
E1	Sample 49	2	1	11	71510	36.96	1.96
E1	Sample 49	2	1	12	75800	36.96	1.94
E1	Sample 49	2	1	13	80100	36.96	1.96
E1	Sample 49	2	1	14	84400	37	1.92
E1	Sample 49	2	1	15	88680	36.96	1.94
E2	Sample 50	2	1	1	28530	36.91	2.03
E2	Sample 50	2	1	2	32790	36.91	2.03
E2	Sample 50	2	1	3	37090	37	2.00
E2	Sample 50	2	1	4	41410	36.91	2.01
E2	Sample 50	2	1	5	45690	37	1.98
E2	Sample 50	2	1	6	49990	37	1.96
E2	Sample 50	2	1	7	54290	36.96	1.98
E2	Sample 50	2	1	8	58590	37	1.96
E2	Sample 50	2	1	9	62890	37	1.96
E2	Sample 50	2	1	10	67190	36.96	1.94
E2	Sample 50	2	1	11	71510	36.96	1.94
E2	Sample 50	2	1	12	75800	36.96	1.96
E2	Sample 50	2	1	13	80100	36.96	1.96
E2	Sample 50	2	1	14	84400	37	1.96
E2	Sample 50	2	1	15	88680	36.96	1.96
E3	Sample 51	2	1	1	28530	36.91	2.33
E3	Sample 51	2	1	2	32790	36.91	2.33
E3	Sample 51	2	1	3	37090	37	2.27
E3	Sample 51	2	1	4	41410	36.91	2.26
E3	Sample 51	2	1	5	45690	37	2.27
E3	Sample 51	2	1	6	49990	37	2.26
E3	Sample 51	2	1	7	54290	36.96	2.26
E3	Sample 51	2	1	8	58590	37	2.24
E3	Sample 51	2	1	9	62890	37	2.24
E3	Sample 51	2	1	10	67190	36.96	2.22
E3	Sample 51	2	1	11	71510	36.96	2.24
E3	Sample 51	2	1	12	75800	36.96	2.22
E3	Sample 51	2	1	13	80100	36.96	2.26
E3	Sample 51	2	1	14	84400	37	2.22
E3	Sample 51	2	1	15	88680	36.96	2.22
E4	Sample 52	2	1	1	28530	36.91	2.35
E4	Sample 52	2	1	2	32790	36.91	2.33
E4	Sample 52	2	1	3	37090	37	2.32
E4	Sample 52	2	1	4	41410	36.91	2.32
E4	Sample 52	2	1	5	45690	37	2.30
E4	Sample 52	2	1	6	49990	37	2.28
E4	Sample 52	2	1	7	54290	36.96	2.26
E4	Sample 52	2	1	8	58590	37	2.26
E4	Sample 52	2	1	9	62890	37	2.26
E4	Sample 52	2	1	10	67190	36.96	2.24
E4	Sample 52	2	1	11	71510	36.96	2.24
E4	Sample 52	2	1	12	75800	36.96	2.23
E4	Sample 52	2	1	13	80100	36.96	2.26
E4	Sample 52	2	1	14	84400	37	2.24
E4	Sample 52	2	1	15	88680	36.96	2.26
E5	Sample 53	2	1	1	28530	36.91	3.75
E5	Sample 53	2	1	2	32790	36.91	3.71
E5	Sample 53	2	1	3	37090	37	3.67
E5	Sample 53	2	1	4	41410	36.91	3.66
E5	Sample 53	2	1	5	45690	37	3.62
E5	Sample 53	2	1	6	49990	37	3.62
E5	Sample 53	2	1	7	54290	36.96	3.60
E5	Sample 53	2	1	8	58590	37	3.58
E5	Sample 53	2	1	9	62890	37	3.58
E5	Sample 53	2	1	10	67190	36.96	3.57
E5	Sample 53	2	1	11	71510	36.96	3.57
E5	Sample 53	2	1	12	75800	36.96	3.57
E5	Sample 53	2	1	13	80100	36.96	3.57
E5	Sample 53	2	1	14	84400	37	3.55
E5	Sample 53	2	1	15	88680	36.96	3.58
E6	Sample 54	2	1	1	28530	36.91	3.59
E6	Sample 54	2	1	2	32790	36.91	3.57
E6	Sample 54	2	1	3	37090	37	3.52
E6	Sample 54	2	1	4	41410	36.91	3.52
E6	Sample 54	2	1	5	45690	37	3.47
E6	Sample 54	2	1	6	49990	37	3.46
E6	Sample 54	2	1	7	54290	36.96	3.46
E6	Sample 54	2	1	8	58590	37	3.45
E6	Sample 54	2	1	9	62890	37	3.43
E6	Sample 54	2	1	10	67190	36.96	3.43
E6	Sample 54	2	1	11	71510	36.96	3.41
E6	Sample 54	2	1	12	75800	36.96	3.39
E6	Sample 54	2	1	13	80100	36.96	3.45
E6	Sample 54	2	1	14	84400	37	3.43
E6	Sample 54	2	1	15	88680	36.96	3.41
E7	Sample 55	2	1	1	28530	36.91	3.69
E7	Sample 55	2	1	2	32790	36.91	3.69
E7	Sample 55	2	1	3	37090	37	3.62
E7	Sample 55	2	1	4	41410	36.91	3.60
E7	Sample 55	2	1	5	45690	37	3.58
E7	Sample 55	2	1	6	49990	37	3.55
E7	Sample 55	2	1	7	54290	36.96	3.56
E7	Sample 55	2	1	8	58590	37	3.56
E7	Sample 55	2	1	9	62890	37	3.56
E7	Sample 55	2	1	10	67190	36.96	3.55
E7	Sample 55	2	1	11	71510	36.96	3.55
E7	Sample 55	2	1	12	75800	36.96	3.55
E7	Sample 55	2	1	13	80100	36.96	3.56
E7	Sample 55	2	1	14	84400	37	3.56
E7	Sample 55	2	1	15	88680	36.96	3.53
E8	Sample 56	2	1	1	28530	36.91	3.43
E8	Sample 56	2	1	2	32790	36.91	3.45
E8	Sample 56	2	1	3	37090	37	3.38
E8	Sample 56	2	1	4	41410	36.91	3.38
E8	Sample 56	2	1	5	45690	37	3.35
E8	Sample 56	2	1	6	49990	37	3.31
E8	Sample 56	2	1	7	54290	36.96	3.33
E8	Sample 56	2	1	8	58590	37	3.31
E8	Sample 56	2	1	9	62890	37	3.31
E8	Sample 56	2	1	10	67190	36.96	3.29
E8	Sample 56	2	1	11	71510	36.96	3.33
E8	Sample 56	2	1	12	75800	36.96	3.31
E8	Sample 56	2	1	13	80100	36.96	3.29
E8	Sample 56	2	1	14	84400	37	3.29
E8	Sample 56	2	1	15	88680	36.96	3.31
E9	Sample 57	2	1	1	28530	36.91	11.19
E9	Sample 57	2	1	2	32790	36.91	11.21
E9	Sample 57	2	1	3	37090	37	11.16
E9	Sample 57	2	1	4	41410	36.91	11.18
E9	Sample 57	2	1	5	45690	37	11.13
E9	Sample 57	2	1	6	49990	37	11.11
E9	Sample 57	2	1	7	54290	36.96	11.11
E9	Sample 57	2	1	8	58590	37	11.11
E9	Sample 57	2	1	9	62890	37	11.09
E9	Sample 57	2	1	10	67190	36.96	11.05
E9	Sample 57	2	1	11	71510	36.96	11.09
E9	Sample 57	2	1	12	75800	36.96	11.05
E9	Sample 57	2	1	13	80100	36.96	11.05
E9	Sample 57	2	1	14	84400	37	11.02
E9	Sample 57	2	1	15	88680	36.96	11.04
E10	Sample 58	2	1	1	28530	36.91	11.79
E10	Sample 58	2	1	2	32790	36.91	11.80
E10	Sample 58	2	1	3	37090	37	11.74
E10	Sample 58	2	1	4	41410	36.91	11.74
E10	Sample 58	2	1	5	45690	37	11.71
E10	Sample 58	2	1	6	49990	37	11.72
E10	Sample 58	2	1	7	54290	36.96	11.72
E10	Sample 58	2	1	8	58590	37	11.71
E10	Sample 58	2	1	9	62890	37	11.67
E10	Sample 58	2	1	10	67190	36.96	11.65
E10	Sample 58	2	1	11	71510	36.96	11.65
E10	Sample 58	2	1	12	75800	36.96	11.67
E10	Sample 58	2	1	13	80100	36.96	11.62
E10	Sample 58	2	1	14	84400	37	11.62
E10	Sample 58	2	1	15	88680	36.96	11.62
E11	Sample 59	2	1	1	28530	36.91	11.28
E11	Sample 59	2	1	2	32790	36.91	11.30
E11	Sample 59	2	1	3	37090	37	11.30
E11	Sample 59	2	1	4	41410	36.91	11.28
E11	Sample 59	2	1	5	45690	37	11.28
E11	Sample 59	2	1	6	49990	37	11.30
E11	Sample 59	2	1	7	54290	36.96	11.23
E11	Sample 59	2	1	8	58590	37	11.28
E11	Sample 59	2	1	9	62890	37	11.23
E11	Sample 59	2	1	10	67190	36.96	11.19
E11	Sample 59	2	1	11	71510	36.96	11.19
E11	Sample 59	2	1	12	75800	36.96	11.19
E11	Sample 59	2	1	13	80100	36.96	11.21
E11	Sample 59	2	1	14	84400	37	11.19
E11	Sample 59	2	1	15	88680	36.96	11.17
E12	Sample 60	2	1	1	28530	36.91	10.34
E12	Sample 60	2	1	2	32790	36.91	10.33
E12	Sample 60	2	1	3	37090	37	10.27
E12	Sample 60	2	1	4	41410	36.91	10.33
E12	Sample 60	2	1	5	45690	37	10.29
E12	Sample 60	2	1	6	49990	37	10.29
E12	Sample 60	2	1	7	54290	36.96	10.27
E12	Sample 60	2	1	8	58590	37	10.29
E12	Sample 60	2	1	9	62890	37	10.25
E12	Sample 60	2	1	10	67190	36.96	10.27
E12	Sample 60	2	1	11	71510	36.96	10.23
E12	Sample 60	2	1	12	75800	36.96	10.24
E12	Sample 60	2	1	13	80100	36.96	10.24
E12	Sample 60	2	1	14	84400	37	10.24
E12	Sample 60	2	1	15	88680	36.96	10.22
F1	Sample 61	2	1	1	28530	36.91	2.22
F1	Sample 61	2	1	2	32790	36.91	2.18
F1	Sample 61	2	1	3	37090	37	2.18
F1	Sample 61	2	1	4	41410	36.91	2.18
F1	Sample 61	2	1	5	45690	37	2.16
F1	Sample 61	2	1	6	49990	37	2.12
F1	Sample 61	2	1	7	54290	36.96	2.16
F1	Sample 61	2	1	8	58590	37	2.12
F1	Sample 61	2	1	9	62890	37	2.14
F1	Sample 61	2	1	10	67190	36.96	2.12
F1	Sample 61	2	1	11	71510	36.96	2.14
F1	Sample 61	2	1	12	75800	36.96	2.10
F1	Sample 61	2	1	13	80100	36.96	2.10
F1	Sample 61	2	1	14	84400	37	2.12
F1	Sample 61	2	1	15	88680	36.96	2.12
F2	Sample 62	2	1	1	28530	36.91	2.22
F2	Sample 62	2	1	2	32790	36.91	2.20
F2	Sample 62	2	1	3	37090	37	2.20
F2	Sample 62	2	1	4	41410	36.91	2.16
F2	Sample 62	2	1	5	45690	37	2.14
F2	Sample 62	2	1	6	49990	37	2.14
F2	Sample 62	2	1	7	54290	36.96	2.16
F2	Sample 62	2	1	8	58590	37	2.12
F2	Sample 62	2	1	9	62890	37	2.12
F2	Sample 62	2	1	10	67190	36.96	2.11
F2	Sample 62	2	1	11	71510	36.96	2.11
F2	Sample 62	2	1	12	75800	36.96	2.11
F2	Sample 62	2	1	13	80100	36.96	2.12
F2	Sample 62	2	1	14	84400	37	2.09
F2	Sample 62	2	1	15	88680	36.96	2.11
F3	Sample 63	2	1	1	28530	36.91	2.40
F3	Sample 63	2	1	2	32790	36.91	2.37
F3	Sample 63	2	1	3	37090	37	2.35
F3	Sample 63	2	1	4	41410	36.91	2.37
F3	Sample 63	2	1	5	45690	37	2.35
F3	Sample 63	2	1	6	49990	37	2.31
F3	Sample 63	2	1	7	54290	36.96	2.33
F3	Sample 63	2	1	8	58590	37	2.31
F3	Sample 63	2	1	9	62890	37	2.29
F3	Sample 63	2	1	10	67190	36.96	2.31
F3	Sample 63	2	1	11	71510	36.96	2.33
F3	Sample 63	2	1	12	75800	36.96	2.29
F3	Sample 63	2	1	13	80100	36.96	2.29
F3	Sample 63	2	1	14	84400	37	2.29
F3	Sample 63	2	1	15	88680	36.96	2.29
F4	Sample 64	2	1	1	28530	36.91	2.41
F4	Sample 64	2	1	2	32790	36.91	2.37
F4	Sample 64	2	1	3	37090	37	2.37
F4	Sample 64	2	1	4	41410	36.91	2.35
F4	Sample 64	2	1	5	45690	37	2.33
F4	Sample 64	2	1	6	49990	37	2.33
F4	Sample 64	2	1	7	54290	36.96	2.32
F4	Sample 64	2	1	8	58590	37	2.30
F4	Sample 64	2	1	9	62890	37	2.30
F4	Sample 64	2	1	10	67190	36.96	2.30
F4	Sample 64	2	1	11	71510	36.96	2.32
F4	Sample 64	2	1	12	75800	36.96	2.26
F4	Sample 64	2	1	13	80100	36.96	2.30
F4	Sample 64	2	1	14	84400	37	2.26
F4	Sample 64	2	1	15	88680	36.96	2.28
F5	Sample 65	2	1	1	28530	36.91	3.68
F5	Sample 65	2	1	2	32790	36.91	3.67
F5	Sample 65	2	1	3	37090	37	3.61
F5	Sample 65	2	1	4	41410	36.91	3.61
F5	Sample 65	2	1	5	45690	37	3.61
F5	Sample 65	2	1	6	49990	37	3.57
F5	Sample 65	2	1	7	54290	36.96	3.59
F5	Sample 65	2	1	8	58590	37	3.54
F5	Sample 65	2	1	9	62890	37	3.56
F5	Sample 65	2	1	10	67190	36.96	3.56
F5	Sample 65	2	1	11	71510	36.96	3.57
F5	Sample 65	2	1	12	75800	36.96	3.56
F5	Sample 65	2	1	13	80100	36.96	3.58
F5	Sample 65	2	1	14	84400	37	3.52
F5	Sample 65	2	1	15	88680	36.96	3.56
F6	Sample 66	2	1	1	28530	36.91	3.52
F6	Sample 66	2	1	2	32790	36.91	3.49
F6	Sample 66	2	1	3	37090	37	3.47
F6	Sample 66	2	1	4	41410	36.91	3.45
F6	Sample 66	2	1	5	45690	37	3.42
F6	Sample 66	2	1	6	49990	37	3.42
F6	Sample 66	2	1	7	54290	36.96	3.40
F6	Sample 66	2	1	8	58590	37	3.36
F6	Sample 66	2	1	9	62890	37	3.36
F6	Sample 66	2	1	10	67190	36.96	3.38
F6	Sample 66	2	1	11	71510	36.96	3.38
F6	Sample 66	2	1	12	75800	36.96	3.34
F6	Sample 66	2	1	13	80100	36.96	3.36
F6	Sample 66	2	1	14	84400	37	3.36
F6	Sample 66	2	1	15	88680	36.96	3.36
F7	Sample 67	2	1	1	28530	36.91	3.64
F7	Sample 67	2	1	2	32790	36.91	3.64
F7	Sample 67	2	1	3	37090	37	3.59
F7	Sample 67	2	1	4	41410	36.91	3.59
F7	Sample 67	2	1	5	45690	37	3.57
F7	Sample 67	2	1	6	49990	37	3.57
F7	Sample 67	2	1	7	54290	36.96	3.55
F7	Sample 67	2	1	8	58590	37	3.53
F7	Sample 67	2	1	9	62890	37	3.53
F7	Sample 67	2	1	10	67190	36.96	3.53
F7	Sample 67	2	1	11	71510	36.96	3.51
F7	Sample 67	2	1	12	75800	36.96	3.51
F7	Sample 67	2	1	13	80100	36.96	3.53
F7	Sample 67	2	1	14	84400	37	3.51
F7	Sample 67	2	1	15	88680	36.96	3.53
F8	Sample 68	2	1	1	28530	36.91	3.53
F8	Sample 68	2	1	2	32790	36.91	3.53
F8	Sample 68	2	1	3	37090	37	3.51
F8	Sample 68	2	1	4	41410	36.91	3.47
F8	Sample 68	2	1	5	45690	37	3.47
F8	Sample 68	2	1	6	49990	37	3.44
F8	Sample 68	2	1	7	54290	36.96	3.44
F8	Sample 68	2	1	8	58590	37	3.42
F8	Sample 68	2	1	9	62890	37	3.40
F8	Sample 68	2	1	10	67190	36.96	3.40
F8	Sample 68	2	1	11	71510	36.96	3.42
F8	Sample 68	2	1	12	75800	36.96	3.38
F8	Sample 68	2	1	13	80100	36.96	3.40
F8	Sample 68	2	1	14	84400	37	3.38
F8	Sample 68	2	1	15	88680	36.96	3.42
F9	Sample 69	2	1	1	28530	36.91	11.67
F9	Sample 69	2	1	2	32790	36.91	11.65
F9	Sample 69	2	1	3	37090	37	11.60
F9	Sample 69	2	1	4	41410	36.91	11.61
F9	Sample 69	2	1	5	45690	37	11.58
F9	Sample 69	2	1	6	49990	37	11.60
F9	Sample 69	2	1	7	54290	36.96	11.54
F9	Sample 69	2	1	8	58590	37	11.54
F9	Sample 69	2	1	9	62890	37	11.52
F9	Sample 69	2	1	10	67190	36.96	11.54
F9	Sample 69	2	1	11	71510	36.96	11.50
F9	Sample 69	2	1	12	75800	36.96	11.49
F9	Sample 69	2	1	13	80100	36.96	11.47
F9	Sample 69	2	1	14	84400	37	11.51
F9	Sample 69	2	1	15	88680	36.96	11.49
F10	Sample 70	2	1	1	28530	36.91	11.80
F10	Sample 70	2	1	2	32790	36.91	11.74
F10	Sample 70	2	1	3	37090	37	11.74
F10	Sample 70	2	1	4	41410	36.91	11.73
F10	Sample 70	2	1	5	45690	37	11.73
F10	Sample 70	2	1	6	49990	37	11.76
F10	Sample 70	2	1	7	54290	36.96	11.71
F10	Sample 70	2	1	8	58590	37	11.69
F10	Sample 70	2	1	9	62890	37	11.69
F10	Sample 70	2	1	10	67190	36.96	11.65
F10	Sample 70	2	1	11	71510	36.96	11.69
F10	Sample 70	2	1	12	75800	36.96	11.60
F10	Sample 70	2	1	13	80100	36.96	11.62
F10	Sample 70	2	1	14	84400	37	11.58
F10	Sample 70	2	1	15	88680	36.96	11.62
F11	Sample 71	2	1	1	28530	36.91	11.42
F11	Sample 71	2	1	2	32790	36.91	11.43
F11	Sample 71	2	1	3	37090	37	11.38
F11	Sample 71	2	1	4	41410	36.91	11.40
F11	Sample 71	2	1	5	45690	37	11.40
F11	Sample 71	2	1	6	49990	37	11.36
F11	Sample 71	2	1	7	54290	36.96	11.36
F11	Sample 71	2	1	8	58590	37	11.34
F11	Sample 71	2	1	9	62890	37	11.34
F11	Sample 71	2	1	10	67190	36.96	11.33
F11	Sample 71	2	1	11	71510	36.96	11.31
F11	Sample 71	2	1	12	75800	36.96	11.31
F11	Sample 71	2	1	13	80100	36.96	11.27
F11	Sample 71	2	1	14	84400	37	11.27
F11	Sample 71	2	1	15	88680	36.96	11.27
F12	Sample 72	2	1	1	28530	36.91	10.69
F12	Sample 72	2	1	2	32790	36.91	10.67
F12	Sample 72	2	1	3	37090	37	10.72
F12	Sample 72	2	1	4	41410	36.91	10.67
F12	Sample 72	2	1	5	45690	37	10.65
F12	Sample 72	2	1	6	49990	37	10.65
F12	Sample 72	2	1	7	54290	36.96	10.69
F12	Sample 72	2	1	8	58590	37	10.63
F12	Sample 72	2	1	9	62890	37	10.65
F12	Sample 72	2	1	10	67190	36.96	10.65
F12	Sample 72	2	1	11	71510	36.96	10.63
F12	Sample 72	2	1	12	75800	36.96	10.58
F12	Sample 72	2	1	13	80100	36.96	10.56
F12	Sample 72	2	1	14	84400	37	10.56
F12	Sample 72	2	1	15	88680	36.96	10.60
G1	Sample 73	2	1	1	28530	36.91	2.22
G1	Sample 73	2	1	2	32790	36.91	2.20
G1	Sample 73	2	1	3	37090	37	2.18
G1	Sample 73	2	1	4	41410	36.91	2.17
G1	Sample 73	2	1	5	45690	37	2.19
G1	Sample 73	2	1	6	49990	37	2.17
G1	Sample 73	2	1	7	54290	36.96	2.15
G1	Sample 73	2	1	8	58590	37	2.15
G1	Sample 73	2	1	9	62890	37	2.13
G1	Sample 73	2	1	10	67190	36.96	2.13
G1	Sample 73	2	1	11	71510	36.96	2.13
G1	Sample 73	2	1	12	75800	36.96	2.13
G1	Sample 73	2	1	13	80100	36.96	2.13
G1	Sample 73	2	1	14	84400	37	2.13
G1	Sample 73	2	1	15	88680	36.96	2.13
G2	Sample 74	2	1	1	28530	36.91	2.20
G2	Sample 74	2	1	2	32790	36.91	2.20
G2	Sample 74	2	1	3	37090	37	2.19
G2	Sample 74	2	1	4	41410	36.91	2.17
G2	Sample 74	2	1	5	45690	37	2.19
G2	Sample 74	2	1	6	49990	37	2.17
G2	Sample 74	2	1	7	54290	36.96	2.15
G2	Sample 74	2	1	8	58590	37	2.13
G2	Sample 74	2	1	9	62890	37	2.13
G2	Sample 74	2	1	10	67190	36.96	2.11
G2	Sample 74	2	1	11	71510	36.96	2.13
G2	Sample 74	2	1	12	75800	36.96	2.13
G2	Sample 74	2	1	13	80100	36.96	2.11
G2	Sample 74	2	1	14	84400	37	2.11
G2	Sample 74	2	1	15	88680	36.96	2.11
G3	Sample 75	2	1	1	28530	36.91	2.45
G3	Sample 75	2	1	2	32790	36.91	2.43
G3	Sample 75	2	1	3	37090	37	2.39
G3	Sample 75	2	1	4	41410	36.91	2.37
G3	Sample 75	2	1	5	45690	37	2.39
G3	Sample 75	2	1	6	49990	37	2.37
G3	Sample 75	2	1	7	54290	36.96	2.35
G3	Sample 75	2	1	8	58590	37	2.35
G3	Sample 75	2	1	9	62890	37	2.35
G3	Sample 75	2	1	10	67190	36.96	2.34
G3	Sample 75	2	1	11	71510	36.96	2.34
G3	Sample 75	2	1	12	75800	36.96	2.34
G3	Sample 75	2	1	13	80100	36.96	2.34
G3	Sample 75	2	1	14	84400	37	2.34
G3	Sample 75	2	1	15	88680	36.96	2.35
G4	Sample 76	2	1	1	28530	36.91	2.34
G4	Sample 76	2	1	2	32790	36.91	2.30
G4	Sample 76	2	1	3	37090	37	2.27
G4	Sample 76	2	1	4	41410	36.91	2.27
G4	Sample 76	2	1	5	45690	37	2.27
G4	Sample 76	2	1	6	49990	37	2.27
G4	Sample 76	2	1	7	54290	36.96	2.23
G4	Sample 76	2	1	8	58590	37	2.25
G4	Sample 76	2	1	9	62890	37	2.23
G4	Sample 76	2	1	10	67190	36.96	2.23
G4	Sample 76	2	1	11	71510	36.96	2.25
G4	Sample 76	2	1	12	75800	36.96	2.23
G4	Sample 76	2	1	13	80100	36.96	2.23
G4	Sample 76	2	1	14	84400	37	2.23
G4	Sample 76	2	1	15	88680	36.96	2.23
G5	Sample 77	2	1	1	28530	36.91	3.68
G5	Sample 77	2	1	2	32790	36.91	3.63
G5	Sample 77	2	1	3	37090	37	3.57
G5	Sample 77	2	1	4	41410	36.91	3.55
G5	Sample 77	2	1	5	45690	37	3.54
G5	Sample 77	2	1	6	49990	37	3.52
G5	Sample 77	2	1	7	54290	36.96	3.50
G5	Sample 77	2	1	8	58590	37	3.54
G5	Sample 77	2	1	9	62890	37	3.48
G5	Sample 77	2	1	10	67190	36.96	3.48
G5	Sample 77	2	1	11	71510	36.96	3.48
G5	Sample 77	2	1	12	75800	36.96	3.48
G5	Sample 77	2	1	13	80100	36.96	3.48
G5	Sample 77	2	1	14	84400	37	3.48
G5	Sample 77	2	1	15	88680	36.96	3.48
G6	Sample 78	2	1	1	28530	36.91	3.52
G6	Sample 78	2	1	2	32790	36.91	3.47
G6	Sample 78	2	1	3	37090	37	3.45
G6	Sample 78	2	1	4	41410	36.91	3.43
G6	Sample 78	2	1	5	45690	37	3.43
G6	Sample 78	2	1	6	49990	37	3.41
G6	Sample 78	2	1	7	54290	36.96	3.39
G6	Sample 78	2	1	8	58590	37	3.39
G6	Sample 78	2	1	9	62890	37	3.37
G6	Sample 78	2	1	10	67190	36.96	3.36
G6	Sample 78	2	1	11	71510	36.96	3.36
G6	Sample 78	2	1	12	75800	36.96	3.37
G6	Sample 78	2	1	13	80100	36.96	3.37
G6	Sample 78	2	1	14	84400	37	3.36
G6	Sample 78	2	1	15	88680	36.96	3.37
G7	Sample 79	2	1	1	28530	36.91	3.49
G7	Sample 79	2	1	2	32790	36.91	3.45
G7	Sample 79	2	1	3	37090	37	3.44
G7	Sample 79	2	1	4	41410	36.91	3.40
G7	Sample 79	2	1	5	45690	37	3.44
G7	Sample 79	2	1	6	49990	37	3.42
G7	Sample 79	2	1	7	54290	36.96	3.40
G7	Sample 79	2	1	8	58590	37	3.38
G7	Sample 79	2	1	9	62890	37	3.36
G7	Sample 79	2	1	10	67190	36.96	3.38
G7	Sample 79	2	1	11	71510	36.96	3.38
G7	Sample 79	2	1	12	75800	36.96	3.38
G7	Sample 79	2	1	13	80100	36.96	3.38
G7	Sample 79	2	1	14	84400	37	3.36
G7	Sample 79	2	1	15	88680	36.96	3.36
G8	Sample 80	2	1	1	28530	36.91	3.37
G8	Sample 80	2	1	2	32790	36.91	3.34
G8	Sample 80	2	1	3	37090	37	3.34
G8	Sample 80	2	1	4	41410	36.91	3.30
G8	Sample 80	2	1	5	45690	37	3.34
G8	Sample 80	2	1	6	49990	37	3.30
G8	Sample 80	2	1	7	54290	36.96	3.32
G8	Sample 80	2	1	8	58590	37	3.28
G8	Sample 80	2	1	9	62890	37	3.28
G8	Sample 80	2	1	10	67190	36.96	3.26
G8	Sample 80	2	1	11	71510	36.96	3.26
G8	Sample 80	2	1	12	75800	36.96	3.26
G8	Sample 80	2	1	13	80100	36.96	3.28
G8	Sample 80	2	1	14	84400	37	3.28
G8	Sample 80	2	1	15	88680	36.96	3.25
G9	Sample 81	2	1	1	28530	36.91	10.83
G9	Sample 81	2	1	2	32790	36.91	10.83
G9	Sample 81	2	1	3	37090	37	10.85
G9	Sample 81	2	1	4	41410	36.91	10.80
G9	Sample 81	2	1	5	45690	37	10.80
G9	Sample 81	2	1	6	49990	37	10.80
G9	Sample 81	2	1	7	54290	36.96	10.78
G9	Sample 81	2	1	8	58590	37	10.76
G9	Sample 81	2	1	9	62890	37	10.72
G9	Sample 81	2	1	10	67190	36.96	10.74
G9	Sample 81	2	1	11	71510	36.96	10.78
G9	Sample 81	2	1	12	75800	36.96	10.70
G9	Sample 81	2	1	13	80100	36.96	10.74
G9	Sample 81	2	1	14	84400	37	10.72
G9	Sample 81	2	1	15	88680	36.96	10.71
G10	Sample 82	2	1	1	28530	36.91	10.79
G10	Sample 82	2	1	2	32790	36.91	10.76
G10	Sample 82	2	1	3	37090	37	10.76
G10	Sample 82	2	1	4	41410	36.91	10.76
G10	Sample 82	2	1	5	45690	37	10.74
G10	Sample 82	2	1	6	49990	37	10.74
G10	Sample 82	2	1	7	54290	36.96	10.74
G10	Sample 82	2	1	8	58590	37	10.72
G10	Sample 82	2	1	9	62890	37	10.72
G10	Sample 82	2	1	10	67190	36.96	10.70
G10	Sample 82	2	1	11	71510	36.96	10.70
G10	Sample 82	2	1	12	75800	36.96	10.68
G10	Sample 82	2	1	13	80100	36.96	10.69
G10	Sample 82	2	1	14	84400	37	10.68
G10	Sample 82	2	1	15	88680	36.96	10.67
G11	Sample 83	2	1	1	28530	36.91	11.34
G11	Sample 83	2	1	2	32790	36.91	11.36
G11	Sample 83	2	1	3	37090	37	11.35
G11	Sample 83	2	1	4	41410	36.91	11.31
G11	Sample 83	2	1	5	45690	37	11.36
G11	Sample 83	2	1	6	49990	37	11.31
G11	Sample 83	2	1	7	54290	36.96	11.29
G11	Sample 83	2	1	8	58590	37	11.29
G11	Sample 83	2	1	9	62890	37	11.33
G11	Sample 83	2	1	10	67190	36.96	11.26
G11	Sample 83	2	1	11	71510	36.96	11.24
G11	Sample 83	2	1	12	75800	36.96	11.27
G11	Sample 83	2	1	13	80100	36.96	11.24
G11	Sample 83	2	1	14	84400	37	11.22
G11	Sample 83	2	1	15	88680	36.96	11.22
G12	Sample 84	2	1	1	28530	36.91	10.13
G12	Sample 84	2	1	2	32790	36.91	10.11
G12	Sample 84	2	1	3	37090	37	10.10
G12	Sample 84	2	1	4	41410	36.91	10.11
G12	Sample 84	2	1	5	45690	37	10.13
G12	Sample 84	2	1	6	49990	37	10.11
G12	Sample 84	2	1	7	54290	36.96	10.10
G12	Sample 84	2	1	8	58590	37	10.08
G12	Sample 84	2	1	9	62890	37	10.08
G12	Sample 84	2	1	10	67190	36.96	10.06
G12	Sample 84	2	1	11	71510	36.96	10.08
G12	Sample 84	2	1	12	75800	36.96	10.06
G12	Sample 84	2	1	13	80100	36.96	10.06
G12	Sample 84	2	1	14	84400	37	10.04
G12	Sample 84	2	1	15	88680	36.96	10.04
H1	Sample 85	2	1	1	28530	36.91	2.14
H1	Sample 85	2	1	2	32790	36.91	2.10
H1	Sample 85	2	1	3	37090	37	2.10
H1	Sample 85	2	1	4	41410	36.91	2.08
H1	Sample 85	2	1	5	45690	37	2.06
H1	Sample 85	2	1	6	49990	37	2.04
H1	Sample 85	2	1	7	54290	36.96	2.08
H1	Sample 85	2	1	8	58590	37	2.08
H1	Sample 85	2	1	9	62890	37	2.06
H1	Sample 85	2	1	10	67190	36.96	2.06
H1	Sample 85	2	1	11	71510	36.96	2.06
H1	Sample 85	2	1	12	75800	36.96	2.04
H1	Sample 85	2	1	13	80100	36.96	2.04
H1	Sample 85	2	1	14	84400	37	2.04
H1	Sample 85	2	1	15	88680	36.96	2.04
H2	Sample 86	2	1	1	28530	36.91	2.16
H2	Sample 86	2	1	2	32790	36.91	2.14
H2	Sample 86	2	1	3	37090	37	2.14
H2	Sample 86	2	1	4	41410	36.91	2.14
H2	Sample 86	2	1	5	45690	37	2.10
H2	Sample 86	2	1	6	49990	37	2.08
H2	Sample 86	2	1	7	54290	36.96	2.08
H2	Sample 86	2	1	8	58590	37	2.10
H2	Sample 86	2	1	9	62890	37	2.06
H2	Sample 86	2	1	10	67190	36.96	2.08
H2	Sample 86	2	1	11	71510	36.96	2.08
H2	Sample 86	2	1	12	75800	36.96	2.06
H2	Sample 86	2	1	13	80100	36.96	2.06
H2	Sample 86	2	1	14	84400	37	2.08
H2	Sample 86	2	1	15	88680	36.96	2.08
H3	Sample 87	2	1	1	28530	36.91	2.31
H3	Sample 87	2	1	2	32790	36.91	2.31
H3	Sample 87	2	1	3	37090	37	2.31
H3	Sample 87	2	1	4	41410	36.91	2.29
H3	Sample 87	2	1	5	45690	37	2.25
H3	Sample 87	2	1	6	49990	37	2.25
H3	Sample 87	2	1	7	54290	36.96	2.27
H3	Sample 87	2	1	8	58590	37	2.25
H3	Sample 87	2	1	9	62890	37	2.23
H3	Sample 87	2	1	10	67190	36.96	2.25
H3	Sample 87	2	1	11	71510	36.96	2.27
H3	Sample 87	2	1	12	75800	36.96	2.23
H3	Sample 87	2	1	13	80100	36.96	2.23
H3	Sample 87	2	1	14	84400	37	2.22
H3	Sample 87	2	1	15	88680	36.96	2.25
H4	Sample 88	2	1	1	28530	36.91	2.31
H4	Sample 88	2	1	2	32790	36.91	2.28
H4	Sample 88	2	1	3	37090	37	2.29
H4	Sample 88	2	1	4	41410	36.91	2.29
H4	Sample 88	2	1	5	45690	37	2.26
H4	Sample 88	2	1	6	49990	37	2.26
H4	Sample 88	2	1	7	54290	36.96	2.24
H4	Sample 88	2	1	8	58590	37	2.24
H4	Sample 88	2	1	9	62890	37	2.26
H4	Sample 88	2	1	10	67190	36.96	2.24
H4	Sample 88	2	1	11	71510	36.96	2.24
H4	Sample 88	2	1	12	75800	36.96	2.22
H4	Sample 88	2	1	13	80100	36.96	2.24
H4	Sample 88	2	1	14	84400	37	2.24
H4	Sample 88	2	1	15	88680	36.96	2.24
H5	Sample 89	2	1	1	28530	36.91	3.71
H5	Sample 89	2	1	2	32790	36.91	3.69
H5	Sample 89	2	1	3	37090	37	3.67
H5	Sample 89	2	1	4	41410	36.91	3.67
H5	Sample 89	2	1	5	45690	37	3.62
H5	Sample 89	2	1	6	49990	37	3.60
H5	Sample 89	2	1	7	54290	36.96	3.63
H5	Sample 89	2	1	8	58590	37	3.60
H5	Sample 89	2	1	9	62890	37	3.58
H5	Sample 89	2	1	10	67190	36.96	3.60
H5	Sample 89	2	1	11	71510	36.96	3.60
H5	Sample 89	2	1	12	75800	36.96	3.62
H5	Sample 89	2	1	13	80100	36.96	3.60
H5	Sample 89	2	1	14	84400	37	3.58
H5	Sample 89	2	1	15	88680	36.96	3.58
H6	Sample 90	2	1	1	28530	36.91	3.54
H6	Sample 90	2	1	2	32790	36.91	3.49
H6	Sample 90	2	1	3	37090	37	3.47
H6	Sample 90	2	1	4	41410	36.91	3.47
H6	Sample 90	2	1	5	45690	37	3.45
H6	Sample 90	2	1	6	49990	37	3.45
H6	Sample 90	2	1	7	54290	36.96	3.43
H6	Sample 90	2	1	8	58590	37	3.43
H6	Sample 90	2	1	9	62890	37	3.43
H6	Sample 90	2	1	10	67190	36.96	3.41
H6	Sample 90	2	1	11	71510	36.96	3.41
H6	Sample 90	2	1	12	75800	36.96	3.39
H6	Sample 90	2	1	13	80100	36.96	3.39
H6	Sample 90	2	1	14	84400	37	3.41
H6	Sample 90	2	1	15	88680	36.96	3.41
H7	Sample 91	2	1	1	28530	36.91	3.55
H7	Sample 91	2	1	2	32790	36.91	3.55
H7	Sample 91	2	1	3	37090	37	3.55
H7	Sample 91	2	1	4	41410	36.91	3.51
H7	Sample 91	2	1	5	45690	37	3.49
H7	Sample 91	2	1	6	49990	37	3.47
H7	Sample 91	2	1	7	54290	36.96	3.47
H7	Sample 91	2	1	8	58590	37	3.47
H7	Sample 91	2	1	9	62890	37	3.47
H7	Sample 91	2	1	10	67190	36.96	3.47
H7	Sample 91	2	1	11	71510	36.96	3.47
H7	Sample 91	2	1	12	75800	36.96	3.44
H7	Sample 91	2	1	13	80100	36.96	3.44
H7	Sample 91	2	1	14	84400	37	3.44
H7	Sample 91	2	1	15	88680	36.96	3.46
H8	Sample 92	2	1	1	28530	36.91	3.46
H8	Sample 92	2	1	2	32790	36.91	3.44
H8	Sample 92	2	1	3	37090	37	3.44
H8	Sample 92	2	1	4	41410	36.91	3.41
H8	Sample 92	2	1	5	45690	37	3.39
H8	Sample 92	2	1	6	49990	37	3.39
H8	Sample 92	2	1	7	54290	36.96	3.41
H8	Sample 92	2	1	8	58590	37	3.41
H8	Sample 92	2	1	9	62890	37	3.35
H8	Sample 92	2	1	10	67190	36.96	3.37
H8	Sample 92	2	1	11	71510	36.96	3.37
H8	Sample 92	2	1	12	75800	36.96	3.35
H8	Sample 92	2	1	13	80100	36.96	3.35
H8	Sample 92	2	1	14	84400	37	3.35
H8	Sample 92	2	1	15	88680	36.96	3.35
H9	Sample 93	2	1	1	28530	36.91	9.93
H9	Sample 93	2	1	2	32790	36.91	9.91
H9	Sample 93	2	1	3	37090	37	9.90
H9	Sample 93	2	1	4	41410	36.91	9.91
H9	Sample 93	2	1	5	45690	37	9.88
H9	Sample 93	2	1	6	49990	37	9.86
H9	Sample 93	2	1	7	54290	36.96	9.90
H9	Sample 93	2	1	8	58590	37	9.88
H9	Sample 93	2	1	9	62890	37	9.86
H9	Sample 93	2	1	10	67190	36.96	9.84
H9	Sample 93	2	1	11	71510	36.96	9.88
H9	Sample 93	2	1	12	75800	36.96	9.86
H9	Sample 93	2	1	13	80100	36.96	9.86
H9	Sample 93	2	1	14	84400	37	9.82
H9	Sample 93	2	1	15	88680	36.96	9.84
H10	Sample 94	2	1	1	28530	36.91	9.85
H10	Sample 94	2	1	2	32790	36.91	9.81
H10	Sample 94	2	1	3	37090	37	9.87
H10	Sample 94	2	1	4	41410	36.91	9.91
H10	Sample 94	2	1	5	45690	37	9.82
H10	Sample 94	2	1	6	49990	37	9.89
H10	Sample 94	2	1	7	54290	36.96	9.85
H10	Sample 94	2	1	8	58590	37	9.85
H10	Sample 94	2	1	9	62890	37	9.78
H10	Sample 94	2	1	10	67190	36.96	9.83
H10	Sample 94	2	1	11	71510	36.96	9.83
H10	Sample 94	2	1	12	75800	36.96	9.80
H10	Sample 94	2	1	13	80100	36.96	9.82
H10	Sample 94	2	1	14	84400	37	9.80
H10	Sample 94	2	1	15	88680	36.96	9.83
H11	Sample 95	2	1	1	28530	36.91	9.52
H11	Sample 95	2	1	2	32790	36.91	9.52
H11	Sample 95	2	1	3	37090	37	9.52
H11	Sample 95	2	1	4	41410	36.91	9.53
H11	Sample 95	2	1	5	45690	37	9.51
H11	Sample 95	2	1	6	49990	37	9.51
H11	Sample 95	2	1	7	54290	36.96	9.52
H11	Sample 95	2	1	8	58590	37	9.51
H11	Sample 95	2	1	9	62890	37	9.51
H11	Sample 95	2	1	10	67190	36.96	9.51
H11	Sample 95	2	1	11	71510	36.96	9.49
H11	Sample 95	2	1	12	75800	36.96	9.47
H11	Sample 95	2	1	13	80100	36.96	9.47
H11	Sample 95	2	1	14	84400	37	9.43
H11	Sample 95	2	1	15	88680	36.96	9.47
H12	Sample 96	2	1	1	28530	36.91	9.88
H12	Sample 96	2	1	2	32790	36.91	9.88
H12	Sample 96	2	1	3	37090	37	9.87
H12	Sample 96	2	1	4	41410	36.91	9.92
H12	Sample 96	2	1	5	45690	37	9.89
H12	Sample 96	2	1	6	49990	37	9.85
H12	Sample 96	2	1	7	54290	36.96	9.87
H12	Sample 96	2	1	8	58590	37	9.85
H12	Sample 96	2	1	9	62890	37	9.85
H12	Sample 96	2	1	10	67190	36.96	9.87
H12	Sample 96	2	1	11	71510	36.96	9.87
H12	Sample 96	2	1	12	75800	36.96	9.81
H12	Sample 96	2	1	13	80100	36.96	9.79
H12	Sample 96	2	1	14	84400	37	9.81
H12	Sample 96	2	1	15	88680	36.96	9.81
