Raw Data 		Experiment - evIC50_8_plate1_21APRIL2026 (Run on LCS480 1.5.1.62)
SamplePos	SampleName	Prog#	Seg#	Cycle#	Time	Temp	465-510	
A1	Sample 1	2	1	1	33720	36.91	0.40
A1	Sample 1	2	1	2	38730	36.96	0.40
A1	Sample 1	2	1	3	43740	36.96	0.39
A1	Sample 1	2	1	4	48730	37	0.39
A1	Sample 1	2	1	5	53750	36.96	0.40
A1	Sample 1	2	1	6	58740	37	0.39
A1	Sample 1	2	1	7	63750	36.96	0.40
A1	Sample 1	2	1	8	68730	37	0.40
A1	Sample 1	2	1	9	73740	37	0.39
A1	Sample 1	2	1	10	78740	36.96	0.39
A1	Sample 1	2	1	11	83740	37	0.40
A1	Sample 1	2	1	12	88740	36.96	0.39
A1	Sample 1	2	1	13	93730	36.96	0.40
A1	Sample 1	2	1	14	98740	36.96	0.40
A1	Sample 1	2	1	15	103740	36.96	0.39
A2	Sample 2	2	1	1	33720	36.91	0.40
A2	Sample 2	2	1	2	38730	36.96	0.40
A2	Sample 2	2	1	3	43740	36.96	0.40
A2	Sample 2	2	1	4	48730	37	0.40
A2	Sample 2	2	1	5	53750	36.96	0.40
A2	Sample 2	2	1	6	58740	37	0.40
A2	Sample 2	2	1	7	63750	36.96	0.40
A2	Sample 2	2	1	8	68730	37	0.40
A2	Sample 2	2	1	9	73740	37	0.40
A2	Sample 2	2	1	10	78740	36.96	0.40
A2	Sample 2	2	1	11	83740	37	0.40
A2	Sample 2	2	1	12	88740	36.96	0.40
A2	Sample 2	2	1	13	93730	36.96	0.40
A2	Sample 2	2	1	14	98740	36.96	0.40
A2	Sample 2	2	1	15	103740	36.96	0.40
A3	Sample 3	2	1	1	33720	36.91	0.45
A3	Sample 3	2	1	2	38730	36.96	0.45
A3	Sample 3	2	1	3	43740	36.96	0.45
A3	Sample 3	2	1	4	48730	37	0.44
A3	Sample 3	2	1	5	53750	36.96	0.44
A3	Sample 3	2	1	6	58740	37	0.44
A3	Sample 3	2	1	7	63750	36.96	0.44
A3	Sample 3	2	1	8	68730	37	0.44
A3	Sample 3	2	1	9	73740	37	0.44
A3	Sample 3	2	1	10	78740	36.96	0.44
A3	Sample 3	2	1	11	83740	37	0.44
A3	Sample 3	2	1	12	88740	36.96	0.44
A3	Sample 3	2	1	13	93730	36.96	0.44
A3	Sample 3	2	1	14	98740	36.96	0.44
A3	Sample 3	2	1	15	103740	36.96	0.44
A4	Sample 4	2	1	1	33720	36.91	0.45
A4	Sample 4	2	1	2	38730	36.96	0.44
A4	Sample 4	2	1	3	43740	36.96	0.44
A4	Sample 4	2	1	4	48730	37	0.44
A4	Sample 4	2	1	5	53750	36.96	0.44
A4	Sample 4	2	1	6	58740	37	0.44
A4	Sample 4	2	1	7	63750	36.96	0.44
A4	Sample 4	2	1	8	68730	37	0.45
A4	Sample 4	2	1	9	73740	37	0.44
A4	Sample 4	2	1	10	78740	36.96	0.43
A4	Sample 4	2	1	11	83740	37	0.44
A4	Sample 4	2	1	12	88740	36.96	0.44
A4	Sample 4	2	1	13	93730	36.96	0.44
A4	Sample 4	2	1	14	98740	36.96	0.44
A4	Sample 4	2	1	15	103740	36.96	0.44
A5	Sample 5	2	1	1	33720	36.91	0.55
A5	Sample 5	2	1	2	38730	36.96	0.55
A5	Sample 5	2	1	3	43740	36.96	0.55
A5	Sample 5	2	1	4	48730	37	0.55
A5	Sample 5	2	1	5	53750	36.96	0.55
A5	Sample 5	2	1	6	58740	37	0.54
A5	Sample 5	2	1	7	63750	36.96	0.55
A5	Sample 5	2	1	8	68730	37	0.54
A5	Sample 5	2	1	9	73740	37	0.53
A5	Sample 5	2	1	10	78740	36.96	0.53
A5	Sample 5	2	1	11	83740	37	0.54
A5	Sample 5	2	1	12	88740	36.96	0.54
A5	Sample 5	2	1	13	93730	36.96	0.53
A5	Sample 5	2	1	14	98740	36.96	0.54
A5	Sample 5	2	1	15	103740	36.96	0.53
A6	Sample 6	2	1	1	33720	36.91	0.54
A6	Sample 6	2	1	2	38730	36.96	0.54
A6	Sample 6	2	1	3	43740	36.96	0.53
A6	Sample 6	2	1	4	48730	37	0.53
A6	Sample 6	2	1	5	53750	36.96	0.53
A6	Sample 6	2	1	6	58740	37	0.53
A6	Sample 6	2	1	7	63750	36.96	0.53
A6	Sample 6	2	1	8	68730	37	0.53
A6	Sample 6	2	1	9	73740	37	0.52
A6	Sample 6	2	1	10	78740	36.96	0.52
A6	Sample 6	2	1	11	83740	37	0.52
A6	Sample 6	2	1	12	88740	36.96	0.52
A6	Sample 6	2	1	13	93730	36.96	0.52
A6	Sample 6	2	1	14	98740	36.96	0.52
A6	Sample 6	2	1	15	103740	36.96	0.52
A7	Sample 7	2	1	1	33720	36.91	0.57
A7	Sample 7	2	1	2	38730	36.96	0.56
A7	Sample 7	2	1	3	43740	36.96	0.56
A7	Sample 7	2	1	4	48730	37	0.56
A7	Sample 7	2	1	5	53750	36.96	0.56
A7	Sample 7	2	1	6	58740	37	0.56
A7	Sample 7	2	1	7	63750	36.96	0.56
A7	Sample 7	2	1	8	68730	37	0.55
A7	Sample 7	2	1	9	73740	37	0.55
A7	Sample 7	2	1	10	78740	36.96	0.55
A7	Sample 7	2	1	11	83740	37	0.56
A7	Sample 7	2	1	12	88740	36.96	0.55
A7	Sample 7	2	1	13	93730	36.96	0.55
A7	Sample 7	2	1	14	98740	36.96	0.56
A7	Sample 7	2	1	15	103740	36.96	0.55
A8	Sample 8	2	1	1	33720	36.91	0.55
A8	Sample 8	2	1	2	38730	36.96	0.55
A8	Sample 8	2	1	3	43740	36.96	0.54
A8	Sample 8	2	1	4	48730	37	0.54
A8	Sample 8	2	1	5	53750	36.96	0.54
A8	Sample 8	2	1	6	58740	37	0.53
A8	Sample 8	2	1	7	63750	36.96	0.54
A8	Sample 8	2	1	8	68730	37	0.53
A8	Sample 8	2	1	9	73740	37	0.53
A8	Sample 8	2	1	10	78740	36.96	0.52
A8	Sample 8	2	1	11	83740	37	0.53
A8	Sample 8	2	1	12	88740	36.96	0.53
A8	Sample 8	2	1	13	93730	36.96	0.53
A8	Sample 8	2	1	14	98740	36.96	0.53
A8	Sample 8	2	1	15	103740	36.96	0.53
A9	Sample 9	2	1	1	33720	36.91	0.96
A9	Sample 9	2	1	2	38730	36.96	0.96
A9	Sample 9	2	1	3	43740	36.96	0.95
A9	Sample 9	2	1	4	48730	37	0.95
A9	Sample 9	2	1	5	53750	36.96	0.95
A9	Sample 9	2	1	6	58740	37	0.94
A9	Sample 9	2	1	7	63750	36.96	0.95
A9	Sample 9	2	1	8	68730	37	0.94
A9	Sample 9	2	1	9	73740	37	0.93
A9	Sample 9	2	1	10	78740	36.96	0.93
A9	Sample 9	2	1	11	83740	37	0.95
A9	Sample 9	2	1	12	88740	36.96	0.94
A9	Sample 9	2	1	13	93730	36.96	0.93
A9	Sample 9	2	1	14	98740	36.96	0.94
A9	Sample 9	2	1	15	103740	36.96	0.93
A10	Sample 10	2	1	1	33720	36.91	0.96
A10	Sample 10	2	1	2	38730	36.96	0.95
A10	Sample 10	2	1	3	43740	36.96	0.95
A10	Sample 10	2	1	4	48730	37	0.94
A10	Sample 10	2	1	5	53750	36.96	0.94
A10	Sample 10	2	1	6	58740	37	0.94
A10	Sample 10	2	1	7	63750	36.96	0.94
A10	Sample 10	2	1	8	68730	37	0.94
A10	Sample 10	2	1	9	73740	37	0.93
A10	Sample 10	2	1	10	78740	36.96	0.93
A10	Sample 10	2	1	11	83740	37	0.93
A10	Sample 10	2	1	12	88740	36.96	0.93
A10	Sample 10	2	1	13	93730	36.96	0.93
A10	Sample 10	2	1	14	98740	36.96	0.93
A10	Sample 10	2	1	15	103740	36.96	0.93
A11	Sample 11	2	1	1	33720	36.91	0.94
A11	Sample 11	2	1	2	38730	36.96	0.93
A11	Sample 11	2	1	3	43740	36.96	0.93
A11	Sample 11	2	1	4	48730	37	0.93
A11	Sample 11	2	1	5	53750	36.96	0.93
A11	Sample 11	2	1	6	58740	37	0.92
A11	Sample 11	2	1	7	63750	36.96	0.93
A11	Sample 11	2	1	8	68730	37	0.92
A11	Sample 11	2	1	9	73740	37	0.91
A11	Sample 11	2	1	10	78740	36.96	0.91
A11	Sample 11	2	1	11	83740	37	0.91
A11	Sample 11	2	1	12	88740	36.96	0.91
A11	Sample 11	2	1	13	93730	36.96	0.91
A11	Sample 11	2	1	14	98740	36.96	0.91
A11	Sample 11	2	1	15	103740	36.96	0.91
A12	Sample 12	2	1	1	33720	36.91	0.84
A12	Sample 12	2	1	2	38730	36.96	0.83
A12	Sample 12	2	1	3	43740	36.96	0.83
A12	Sample 12	2	1	4	48730	37	0.82
A12	Sample 12	2	1	5	53750	36.96	0.83
A12	Sample 12	2	1	6	58740	37	0.83
A12	Sample 12	2	1	7	63750	36.96	0.83
A12	Sample 12	2	1	8	68730	37	0.82
A12	Sample 12	2	1	9	73740	37	0.82
A12	Sample 12	2	1	10	78740	36.96	0.82
A12	Sample 12	2	1	11	83740	37	0.82
A12	Sample 12	2	1	12	88740	36.96	0.82
A12	Sample 12	2	1	13	93730	36.96	0.82
A12	Sample 12	2	1	14	98740	36.96	0.82
A12	Sample 12	2	1	15	103740	36.96	0.82
B1	Sample 13	2	1	1	33720	36.91	0.36
B1	Sample 13	2	1	2	38730	36.96	0.35
B1	Sample 13	2	1	3	43740	36.96	0.35
B1	Sample 13	2	1	4	48730	37	0.35
B1	Sample 13	2	1	5	53750	36.96	0.36
B1	Sample 13	2	1	6	58740	37	0.35
B1	Sample 13	2	1	7	63750	36.96	0.35
B1	Sample 13	2	1	8	68730	37	0.34
B1	Sample 13	2	1	9	73740	37	0.34
B1	Sample 13	2	1	10	78740	36.96	0.34
B1	Sample 13	2	1	11	83740	37	0.35
B1	Sample 13	2	1	12	88740	36.96	0.35
B1	Sample 13	2	1	13	93730	36.96	0.34
B1	Sample 13	2	1	14	98740	36.96	0.35
B1	Sample 13	2	1	15	103740	36.96	0.35
B2	Sample 14	2	1	1	33720	36.91	0.37
B2	Sample 14	2	1	2	38730	36.96	0.36
B2	Sample 14	2	1	3	43740	36.96	0.37
B2	Sample 14	2	1	4	48730	37	0.36
B2	Sample 14	2	1	5	53750	36.96	0.36
B2	Sample 14	2	1	6	58740	37	0.36
B2	Sample 14	2	1	7	63750	36.96	0.36
B2	Sample 14	2	1	8	68730	37	0.35
B2	Sample 14	2	1	9	73740	37	0.36
B2	Sample 14	2	1	10	78740	36.96	0.36
B2	Sample 14	2	1	11	83740	37	0.36
B2	Sample 14	2	1	12	88740	36.96	0.36
B2	Sample 14	2	1	13	93730	36.96	0.35
B2	Sample 14	2	1	14	98740	36.96	0.36
B2	Sample 14	2	1	15	103740	36.96	0.36
B3	Sample 15	2	1	1	33720	36.91	0.43
B3	Sample 15	2	1	2	38730	36.96	0.42
B3	Sample 15	2	1	3	43740	36.96	0.43
B3	Sample 15	2	1	4	48730	37	0.43
B3	Sample 15	2	1	5	53750	36.96	0.43
B3	Sample 15	2	1	6	58740	37	0.42
B3	Sample 15	2	1	7	63750	36.96	0.43
B3	Sample 15	2	1	8	68730	37	0.42
B3	Sample 15	2	1	9	73740	37	0.43
B3	Sample 15	2	1	10	78740	36.96	0.42
B3	Sample 15	2	1	11	83740	37	0.43
B3	Sample 15	2	1	12	88740	36.96	0.43
B3	Sample 15	2	1	13	93730	36.96	0.42
B3	Sample 15	2	1	14	98740	36.96	0.43
B3	Sample 15	2	1	15	103740	36.96	0.42
B4	Sample 16	2	1	1	33720	36.91	0.40
B4	Sample 16	2	1	2	38730	36.96	0.39
B4	Sample 16	2	1	3	43740	36.96	0.40
B4	Sample 16	2	1	4	48730	37	0.39
B4	Sample 16	2	1	5	53750	36.96	0.39
B4	Sample 16	2	1	6	58740	37	0.39
B4	Sample 16	2	1	7	63750	36.96	0.39
B4	Sample 16	2	1	8	68730	37	0.38
B4	Sample 16	2	1	9	73740	37	0.39
B4	Sample 16	2	1	10	78740	36.96	0.38
B4	Sample 16	2	1	11	83740	37	0.39
B4	Sample 16	2	1	12	88740	36.96	0.39
B4	Sample 16	2	1	13	93730	36.96	0.39
B4	Sample 16	2	1	14	98740	36.96	0.40
B4	Sample 16	2	1	15	103740	36.96	0.39
B5	Sample 17	2	1	1	33720	36.91	0.52
B5	Sample 17	2	1	2	38730	36.96	0.51
B5	Sample 17	2	1	3	43740	36.96	0.51
B5	Sample 17	2	1	4	48730	37	0.51
B5	Sample 17	2	1	5	53750	36.96	0.52
B5	Sample 17	2	1	6	58740	37	0.51
B5	Sample 17	2	1	7	63750	36.96	0.51
B5	Sample 17	2	1	8	68730	37	0.50
B5	Sample 17	2	1	9	73740	37	0.50
B5	Sample 17	2	1	10	78740	36.96	0.50
B5	Sample 17	2	1	11	83740	37	0.50
B5	Sample 17	2	1	12	88740	36.96	0.50
B5	Sample 17	2	1	13	93730	36.96	0.50
B5	Sample 17	2	1	14	98740	36.96	0.51
B5	Sample 17	2	1	15	103740	36.96	0.51
B6	Sample 18	2	1	1	33720	36.91	0.51
B6	Sample 18	2	1	2	38730	36.96	0.50
B6	Sample 18	2	1	3	43740	36.96	0.51
B6	Sample 18	2	1	4	48730	37	0.50
B6	Sample 18	2	1	5	53750	36.96	0.50
B6	Sample 18	2	1	6	58740	37	0.50
B6	Sample 18	2	1	7	63750	36.96	0.49
B6	Sample 18	2	1	8	68730	37	0.49
B6	Sample 18	2	1	9	73740	37	0.49
B6	Sample 18	2	1	10	78740	36.96	0.48
B6	Sample 18	2	1	11	83740	37	0.50
B6	Sample 18	2	1	12	88740	36.96	0.49
B6	Sample 18	2	1	13	93730	36.96	0.49
B6	Sample 18	2	1	14	98740	36.96	0.50
B6	Sample 18	2	1	15	103740	36.96	0.49
B7	Sample 19	2	1	1	33720	36.91	0.53
B7	Sample 19	2	1	2	38730	36.96	0.52
B7	Sample 19	2	1	3	43740	36.96	0.53
B7	Sample 19	2	1	4	48730	37	0.53
B7	Sample 19	2	1	5	53750	36.96	0.53
B7	Sample 19	2	1	6	58740	37	0.52
B7	Sample 19	2	1	7	63750	36.96	0.52
B7	Sample 19	2	1	8	68730	37	0.52
B7	Sample 19	2	1	9	73740	37	0.52
B7	Sample 19	2	1	10	78740	36.96	0.52
B7	Sample 19	2	1	11	83740	37	0.52
B7	Sample 19	2	1	12	88740	36.96	0.52
B7	Sample 19	2	1	13	93730	36.96	0.52
B7	Sample 19	2	1	14	98740	36.96	0.52
B7	Sample 19	2	1	15	103740	36.96	0.52
B8	Sample 20	2	1	1	33720	36.91	0.51
B8	Sample 20	2	1	2	38730	36.96	0.50
B8	Sample 20	2	1	3	43740	36.96	0.50
B8	Sample 20	2	1	4	48730	37	0.50
B8	Sample 20	2	1	5	53750	36.96	0.50
B8	Sample 20	2	1	6	58740	37	0.50
B8	Sample 20	2	1	7	63750	36.96	0.49
B8	Sample 20	2	1	8	68730	37	0.50
B8	Sample 20	2	1	9	73740	37	0.49
B8	Sample 20	2	1	10	78740	36.96	0.48
B8	Sample 20	2	1	11	83740	37	0.49
B8	Sample 20	2	1	12	88740	36.96	0.50
B8	Sample 20	2	1	13	93730	36.96	0.48
B8	Sample 20	2	1	14	98740	36.96	0.49
B8	Sample 20	2	1	15	103740	36.96	0.49
B9	Sample 21	2	1	1	33720	36.91	0.91
B9	Sample 21	2	1	2	38730	36.96	0.91
B9	Sample 21	2	1	3	43740	36.96	0.91
B9	Sample 21	2	1	4	48730	37	0.90
B9	Sample 21	2	1	5	53750	36.96	0.90
B9	Sample 21	2	1	6	58740	37	0.89
B9	Sample 21	2	1	7	63750	36.96	0.89
B9	Sample 21	2	1	8	68730	37	0.89
B9	Sample 21	2	1	9	73740	37	0.89
B9	Sample 21	2	1	10	78740	36.96	0.88
B9	Sample 21	2	1	11	83740	37	0.88
B9	Sample 21	2	1	12	88740	36.96	0.90
B9	Sample 21	2	1	13	93730	36.96	0.89
B9	Sample 21	2	1	14	98740	36.96	0.89
B9	Sample 21	2	1	15	103740	36.96	0.89
B10	Sample 22	2	1	1	33720	36.91	0.94
B10	Sample 22	2	1	2	38730	36.96	0.93
B10	Sample 22	2	1	3	43740	36.96	0.93
B10	Sample 22	2	1	4	48730	37	0.92
B10	Sample 22	2	1	5	53750	36.96	0.92
B10	Sample 22	2	1	6	58740	37	0.92
B10	Sample 22	2	1	7	63750	36.96	0.92
B10	Sample 22	2	1	8	68730	37	0.92
B10	Sample 22	2	1	9	73740	37	0.92
B10	Sample 22	2	1	10	78740	36.96	0.91
B10	Sample 22	2	1	11	83740	37	0.92
B10	Sample 22	2	1	12	88740	36.96	0.92
B10	Sample 22	2	1	13	93730	36.96	0.91
B10	Sample 22	2	1	14	98740	36.96	0.92
B10	Sample 22	2	1	15	103740	36.96	0.92
B11	Sample 23	2	1	1	33720	36.91	0.97
B11	Sample 23	2	1	2	38730	36.96	0.95
B11	Sample 23	2	1	3	43740	36.96	0.95
B11	Sample 23	2	1	4	48730	37	0.95
B11	Sample 23	2	1	5	53750	36.96	0.94
B11	Sample 23	2	1	6	58740	37	0.94
B11	Sample 23	2	1	7	63750	36.96	0.94
B11	Sample 23	2	1	8	68730	37	0.93
B11	Sample 23	2	1	9	73740	37	0.93
B11	Sample 23	2	1	10	78740	36.96	0.93
B11	Sample 23	2	1	11	83740	37	0.94
B11	Sample 23	2	1	12	88740	36.96	0.94
B11	Sample 23	2	1	13	93730	36.96	0.93
B11	Sample 23	2	1	14	98740	36.96	0.94
B11	Sample 23	2	1	15	103740	36.96	0.94
B12	Sample 24	2	1	1	33720	36.91	0.86
B12	Sample 24	2	1	2	38730	36.96	0.85
B12	Sample 24	2	1	3	43740	36.96	0.85
B12	Sample 24	2	1	4	48730	37	0.85
B12	Sample 24	2	1	5	53750	36.96	0.84
B12	Sample 24	2	1	6	58740	37	0.83
B12	Sample 24	2	1	7	63750	36.96	0.84
B12	Sample 24	2	1	8	68730	37	0.83
B12	Sample 24	2	1	9	73740	37	0.83
B12	Sample 24	2	1	10	78740	36.96	0.83
B12	Sample 24	2	1	11	83740	37	0.84
B12	Sample 24	2	1	12	88740	36.96	0.83
B12	Sample 24	2	1	13	93730	36.96	0.83
B12	Sample 24	2	1	14	98740	36.96	0.83
B12	Sample 24	2	1	15	103740	36.96	0.83
C1	Sample 25	2	1	1	33720	36.91	0.38
C1	Sample 25	2	1	2	38730	36.96	0.38
C1	Sample 25	2	1	3	43740	36.96	0.37
C1	Sample 25	2	1	4	48730	37	0.37
C1	Sample 25	2	1	5	53750	36.96	0.37
C1	Sample 25	2	1	6	58740	37	0.37
C1	Sample 25	2	1	7	63750	36.96	0.37
C1	Sample 25	2	1	8	68730	37	0.36
C1	Sample 25	2	1	9	73740	37	0.36
C1	Sample 25	2	1	10	78740	36.96	0.36
C1	Sample 25	2	1	11	83740	37	0.37
C1	Sample 25	2	1	12	88740	36.96	0.37
C1	Sample 25	2	1	13	93730	36.96	0.36
C1	Sample 25	2	1	14	98740	36.96	0.36
C1	Sample 25	2	1	15	103740	36.96	0.37
C2	Sample 26	2	1	1	33720	36.91	0.39
C2	Sample 26	2	1	2	38730	36.96	0.38
C2	Sample 26	2	1	3	43740	36.96	0.39
C2	Sample 26	2	1	4	48730	37	0.38
C2	Sample 26	2	1	5	53750	36.96	0.38
C2	Sample 26	2	1	6	58740	37	0.38
C2	Sample 26	2	1	7	63750	36.96	0.38
C2	Sample 26	2	1	8	68730	37	0.38
C2	Sample 26	2	1	9	73740	37	0.38
C2	Sample 26	2	1	10	78740	36.96	0.38
C2	Sample 26	2	1	11	83740	37	0.38
C2	Sample 26	2	1	12	88740	36.96	0.38
C2	Sample 26	2	1	13	93730	36.96	0.38
C2	Sample 26	2	1	14	98740	36.96	0.38
C2	Sample 26	2	1	15	103740	36.96	0.38
C3	Sample 27	2	1	1	33720	36.91	0.42
C3	Sample 27	2	1	2	38730	36.96	0.42
C3	Sample 27	2	1	3	43740	36.96	0.42
C3	Sample 27	2	1	4	48730	37	0.41
C3	Sample 27	2	1	5	53750	36.96	0.41
C3	Sample 27	2	1	6	58740	37	0.41
C3	Sample 27	2	1	7	63750	36.96	0.41
C3	Sample 27	2	1	8	68730	37	0.41
C3	Sample 27	2	1	9	73740	37	0.41
C3	Sample 27	2	1	10	78740	36.96	0.40
C3	Sample 27	2	1	11	83740	37	0.41
C3	Sample 27	2	1	12	88740	36.96	0.41
C3	Sample 27	2	1	13	93730	36.96	0.40
C3	Sample 27	2	1	14	98740	36.96	0.41
C3	Sample 27	2	1	15	103740	36.96	0.41
C4	Sample 28	2	1	1	33720	36.91	0.44
C4	Sample 28	2	1	2	38730	36.96	0.44
C4	Sample 28	2	1	3	43740	36.96	0.43
C4	Sample 28	2	1	4	48730	37	0.43
C4	Sample 28	2	1	5	53750	36.96	0.43
C4	Sample 28	2	1	6	58740	37	0.43
C4	Sample 28	2	1	7	63750	36.96	0.43
C4	Sample 28	2	1	8	68730	37	0.43
C4	Sample 28	2	1	9	73740	37	0.43
C4	Sample 28	2	1	10	78740	36.96	0.42
C4	Sample 28	2	1	11	83740	37	0.42
C4	Sample 28	2	1	12	88740	36.96	0.43
C4	Sample 28	2	1	13	93730	36.96	0.43
C4	Sample 28	2	1	14	98740	36.96	0.43
C4	Sample 28	2	1	15	103740	36.96	0.43
C5	Sample 29	2	1	1	33720	36.91	0.51
C5	Sample 29	2	1	2	38730	36.96	0.51
C5	Sample 29	2	1	3	43740	36.96	0.51
C5	Sample 29	2	1	4	48730	37	0.51
C5	Sample 29	2	1	5	53750	36.96	0.50
C5	Sample 29	2	1	6	58740	37	0.50
C5	Sample 29	2	1	7	63750	36.96	0.50
C5	Sample 29	2	1	8	68730	37	0.50
C5	Sample 29	2	1	9	73740	37	0.50
C5	Sample 29	2	1	10	78740	36.96	0.49
C5	Sample 29	2	1	11	83740	37	0.50
C5	Sample 29	2	1	12	88740	36.96	0.50
C5	Sample 29	2	1	13	93730	36.96	0.50
C5	Sample 29	2	1	14	98740	36.96	0.50
C5	Sample 29	2	1	15	103740	36.96	0.50
C6	Sample 30	2	1	1	33720	36.91	0.55
C6	Sample 30	2	1	2	38730	36.96	0.55
C6	Sample 30	2	1	3	43740	36.96	0.55
C6	Sample 30	2	1	4	48730	37	0.55
C6	Sample 30	2	1	5	53750	36.96	0.55
C6	Sample 30	2	1	6	58740	37	0.55
C6	Sample 30	2	1	7	63750	36.96	0.54
C6	Sample 30	2	1	8	68730	37	0.54
C6	Sample 30	2	1	9	73740	37	0.54
C6	Sample 30	2	1	10	78740	36.96	0.54
C6	Sample 30	2	1	11	83740	37	0.55
C6	Sample 30	2	1	12	88740	36.96	0.54
C6	Sample 30	2	1	13	93730	36.96	0.55
C6	Sample 30	2	1	14	98740	36.96	0.54
C6	Sample 30	2	1	15	103740	36.96	0.55
C7	Sample 31	2	1	1	33720	36.91	0.56
C7	Sample 31	2	1	2	38730	36.96	0.56
C7	Sample 31	2	1	3	43740	36.96	0.56
C7	Sample 31	2	1	4	48730	37	0.56
C7	Sample 31	2	1	5	53750	36.96	0.55
C7	Sample 31	2	1	6	58740	37	0.55
C7	Sample 31	2	1	7	63750	36.96	0.55
C7	Sample 31	2	1	8	68730	37	0.55
C7	Sample 31	2	1	9	73740	37	0.55
C7	Sample 31	2	1	10	78740	36.96	0.54
C7	Sample 31	2	1	11	83740	37	0.55
C7	Sample 31	2	1	12	88740	36.96	0.55
C7	Sample 31	2	1	13	93730	36.96	0.55
C7	Sample 31	2	1	14	98740	36.96	0.56
C7	Sample 31	2	1	15	103740	36.96	0.55
C8	Sample 32	2	1	1	33720	36.91	0.50
C8	Sample 32	2	1	2	38730	36.96	0.50
C8	Sample 32	2	1	3	43740	36.96	0.50
C8	Sample 32	2	1	4	48730	37	0.50
C8	Sample 32	2	1	5	53750	36.96	0.50
C8	Sample 32	2	1	6	58740	37	0.49
C8	Sample 32	2	1	7	63750	36.96	0.49
C8	Sample 32	2	1	8	68730	37	0.49
C8	Sample 32	2	1	9	73740	37	0.49
C8	Sample 32	2	1	10	78740	36.96	0.49
C8	Sample 32	2	1	11	83740	37	0.49
C8	Sample 32	2	1	12	88740	36.96	0.49
C8	Sample 32	2	1	13	93730	36.96	0.49
C8	Sample 32	2	1	14	98740	36.96	0.49
C8	Sample 32	2	1	15	103740	36.96	0.49
C9	Sample 33	2	1	1	33720	36.91	0.94
C9	Sample 33	2	1	2	38730	36.96	0.93
C9	Sample 33	2	1	3	43740	36.96	0.93
C9	Sample 33	2	1	4	48730	37	0.93
C9	Sample 33	2	1	5	53750	36.96	0.93
C9	Sample 33	2	1	6	58740	37	0.92
C9	Sample 33	2	1	7	63750	36.96	0.92
C9	Sample 33	2	1	8	68730	37	0.92
C9	Sample 33	2	1	9	73740	37	0.92
C9	Sample 33	2	1	10	78740	36.96	0.91
C9	Sample 33	2	1	11	83740	37	0.91
C9	Sample 33	2	1	12	88740	36.96	0.92
C9	Sample 33	2	1	13	93730	36.96	0.92
C9	Sample 33	2	1	14	98740	36.96	0.92
C9	Sample 33	2	1	15	103740	36.96	0.91
C10	Sample 34	2	1	1	33720	36.91	0.97
C10	Sample 34	2	1	2	38730	36.96	0.96
C10	Sample 34	2	1	3	43740	36.96	0.96
C10	Sample 34	2	1	4	48730	37	0.95
C10	Sample 34	2	1	5	53750	36.96	0.95
C10	Sample 34	2	1	6	58740	37	0.95
C10	Sample 34	2	1	7	63750	36.96	0.95
C10	Sample 34	2	1	8	68730	37	0.94
C10	Sample 34	2	1	9	73740	37	0.94
C10	Sample 34	2	1	10	78740	36.96	0.94
C10	Sample 34	2	1	11	83740	37	0.94
C10	Sample 34	2	1	12	88740	36.96	0.94
C10	Sample 34	2	1	13	93730	36.96	0.93
C10	Sample 34	2	1	14	98740	36.96	0.94
C10	Sample 34	2	1	15	103740	36.96	0.93
C11	Sample 35	2	1	1	33720	36.91	0.93
C11	Sample 35	2	1	2	38730	36.96	0.93
C11	Sample 35	2	1	3	43740	36.96	0.93
C11	Sample 35	2	1	4	48730	37	0.92
C11	Sample 35	2	1	5	53750	36.96	0.92
C11	Sample 35	2	1	6	58740	37	0.92
C11	Sample 35	2	1	7	63750	36.96	0.92
C11	Sample 35	2	1	8	68730	37	0.92
C11	Sample 35	2	1	9	73740	37	0.92
C11	Sample 35	2	1	10	78740	36.96	0.91
C11	Sample 35	2	1	11	83740	37	0.91
C11	Sample 35	2	1	12	88740	36.96	0.92
C11	Sample 35	2	1	13	93730	36.96	0.91
C11	Sample 35	2	1	14	98740	36.96	0.92
C11	Sample 35	2	1	15	103740	36.96	0.92
C12	Sample 36	2	1	1	33720	36.91	0.88
C12	Sample 36	2	1	2	38730	36.96	0.88
C12	Sample 36	2	1	3	43740	36.96	0.87
C12	Sample 36	2	1	4	48730	37	0.87
C12	Sample 36	2	1	5	53750	36.96	0.87
C12	Sample 36	2	1	6	58740	37	0.86
C12	Sample 36	2	1	7	63750	36.96	0.86
C12	Sample 36	2	1	8	68730	37	0.86
C12	Sample 36	2	1	9	73740	37	0.86
C12	Sample 36	2	1	10	78740	36.96	0.86
C12	Sample 36	2	1	11	83740	37	0.86
C12	Sample 36	2	1	12	88740	36.96	0.86
C12	Sample 36	2	1	13	93730	36.96	0.86
C12	Sample 36	2	1	14	98740	36.96	0.87
C12	Sample 36	2	1	15	103740	36.96	0.86
D1	Sample 37	2	1	1	33720	36.91	0.38
D1	Sample 37	2	1	2	38730	36.96	0.38
D1	Sample 37	2	1	3	43740	36.96	0.38
D1	Sample 37	2	1	4	48730	37	0.38
D1	Sample 37	2	1	5	53750	36.96	0.38
D1	Sample 37	2	1	6	58740	37	0.37
D1	Sample 37	2	1	7	63750	36.96	0.38
D1	Sample 37	2	1	8	68730	37	0.38
D1	Sample 37	2	1	9	73740	37	0.37
D1	Sample 37	2	1	10	78740	36.96	0.37
D1	Sample 37	2	1	11	83740	37	0.38
D1	Sample 37	2	1	12	88740	36.96	0.38
D1	Sample 37	2	1	13	93730	36.96	0.37
D1	Sample 37	2	1	14	98740	36.96	0.38
D1	Sample 37	2	1	15	103740	36.96	0.38
D2	Sample 38	2	1	1	33720	36.91	0.39
D2	Sample 38	2	1	2	38730	36.96	0.39
D2	Sample 38	2	1	3	43740	36.96	0.39
D2	Sample 38	2	1	4	48730	37	0.38
D2	Sample 38	2	1	5	53750	36.96	0.38
D2	Sample 38	2	1	6	58740	37	0.38
D2	Sample 38	2	1	7	63750	36.96	0.38
D2	Sample 38	2	1	8	68730	37	0.39
D2	Sample 38	2	1	9	73740	37	0.38
D2	Sample 38	2	1	10	78740	36.96	0.38
D2	Sample 38	2	1	11	83740	37	0.38
D2	Sample 38	2	1	12	88740	36.96	0.38
D2	Sample 38	2	1	13	93730	36.96	0.38
D2	Sample 38	2	1	14	98740	36.96	0.38
D2	Sample 38	2	1	15	103740	36.96	0.38
D3	Sample 39	2	1	1	33720	36.91	0.64
D3	Sample 39	2	1	2	38730	36.96	0.64
D3	Sample 39	2	1	3	43740	36.96	0.64
D3	Sample 39	2	1	4	48730	37	0.63
D3	Sample 39	2	1	5	53750	36.96	0.63
D3	Sample 39	2	1	6	58740	37	0.63
D3	Sample 39	2	1	7	63750	36.96	0.63
D3	Sample 39	2	1	8	68730	37	0.63
D3	Sample 39	2	1	9	73740	37	0.63
D3	Sample 39	2	1	10	78740	36.96	0.62
D3	Sample 39	2	1	11	83740	37	0.64
D3	Sample 39	2	1	12	88740	36.96	0.63
D3	Sample 39	2	1	13	93730	36.96	0.63
D3	Sample 39	2	1	14	98740	36.96	0.63
D3	Sample 39	2	1	15	103740	36.96	0.63
D4	Sample 40	2	1	1	33720	36.91	0.63
D4	Sample 40	2	1	2	38730	36.96	0.62
D4	Sample 40	2	1	3	43740	36.96	0.62
D4	Sample 40	2	1	4	48730	37	0.62
D4	Sample 40	2	1	5	53750	36.96	0.61
D4	Sample 40	2	1	6	58740	37	0.61
D4	Sample 40	2	1	7	63750	36.96	0.61
D4	Sample 40	2	1	8	68730	37	0.62
D4	Sample 40	2	1	9	73740	37	0.61
D4	Sample 40	2	1	10	78740	36.96	0.61
D4	Sample 40	2	1	11	83740	37	0.62
D4	Sample 40	2	1	12	88740	36.96	0.61
D4	Sample 40	2	1	13	93730	36.96	0.61
D4	Sample 40	2	1	14	98740	36.96	0.61
D4	Sample 40	2	1	15	103740	36.96	0.61
D5	Sample 41	2	1	1	33720	36.91	0.76
D5	Sample 41	2	1	2	38730	36.96	0.76
D5	Sample 41	2	1	3	43740	36.96	0.75
D5	Sample 41	2	1	4	48730	37	0.75
D5	Sample 41	2	1	5	53750	36.96	0.74
D5	Sample 41	2	1	6	58740	37	0.74
D5	Sample 41	2	1	7	63750	36.96	0.74
D5	Sample 41	2	1	8	68730	37	0.75
D5	Sample 41	2	1	9	73740	37	0.75
D5	Sample 41	2	1	10	78740	36.96	0.74
D5	Sample 41	2	1	11	83740	37	0.75
D5	Sample 41	2	1	12	88740	36.96	0.75
D5	Sample 41	2	1	13	93730	36.96	0.74
D5	Sample 41	2	1	14	98740	36.96	0.75
D5	Sample 41	2	1	15	103740	36.96	0.75
D6	Sample 42	2	1	1	33720	36.91	0.81
D6	Sample 42	2	1	2	38730	36.96	0.81
D6	Sample 42	2	1	3	43740	36.96	0.80
D6	Sample 42	2	1	4	48730	37	0.80
D6	Sample 42	2	1	5	53750	36.96	0.79
D6	Sample 42	2	1	6	58740	37	0.79
D6	Sample 42	2	1	7	63750	36.96	0.79
D6	Sample 42	2	1	8	68730	37	0.80
D6	Sample 42	2	1	9	73740	37	0.79
D6	Sample 42	2	1	10	78740	36.96	0.78
D6	Sample 42	2	1	11	83740	37	0.79
D6	Sample 42	2	1	12	88740	36.96	0.79
D6	Sample 42	2	1	13	93730	36.96	0.79
D6	Sample 42	2	1	14	98740	36.96	0.79
D6	Sample 42	2	1	15	103740	36.96	0.79
D7	Sample 43	2	1	1	33720	36.91	0.73
D7	Sample 43	2	1	2	38730	36.96	0.73
D7	Sample 43	2	1	3	43740	36.96	0.72
D7	Sample 43	2	1	4	48730	37	0.73
D7	Sample 43	2	1	5	53750	36.96	0.72
D7	Sample 43	2	1	6	58740	37	0.72
D7	Sample 43	2	1	7	63750	36.96	0.72
D7	Sample 43	2	1	8	68730	37	0.72
D7	Sample 43	2	1	9	73740	37	0.72
D7	Sample 43	2	1	10	78740	36.96	0.72
D7	Sample 43	2	1	11	83740	37	0.72
D7	Sample 43	2	1	12	88740	36.96	0.73
D7	Sample 43	2	1	13	93730	36.96	0.72
D7	Sample 43	2	1	14	98740	36.96	0.72
D7	Sample 43	2	1	15	103740	36.96	0.72
D8	Sample 44	2	1	1	33720	36.91	0.80
D8	Sample 44	2	1	2	38730	36.96	0.79
D8	Sample 44	2	1	3	43740	36.96	0.79
D8	Sample 44	2	1	4	48730	37	0.78
D8	Sample 44	2	1	5	53750	36.96	0.78
D8	Sample 44	2	1	6	58740	37	0.77
D8	Sample 44	2	1	7	63750	36.96	0.78
D8	Sample 44	2	1	8	68730	37	0.77
D8	Sample 44	2	1	9	73740	37	0.77
D8	Sample 44	2	1	10	78740	36.96	0.78
D8	Sample 44	2	1	11	83740	37	0.78
D8	Sample 44	2	1	12	88740	36.96	0.78
D8	Sample 44	2	1	13	93730	36.96	0.78
D8	Sample 44	2	1	14	98740	36.96	0.79
D8	Sample 44	2	1	15	103740	36.96	0.77
D9	Sample 45	2	1	1	33720	36.91	0.93
D9	Sample 45	2	1	2	38730	36.96	0.93
D9	Sample 45	2	1	3	43740	36.96	0.92
D9	Sample 45	2	1	4	48730	37	0.92
D9	Sample 45	2	1	5	53750	36.96	0.91
D9	Sample 45	2	1	6	58740	37	0.91
D9	Sample 45	2	1	7	63750	36.96	0.91
D9	Sample 45	2	1	8	68730	37	0.91
D9	Sample 45	2	1	9	73740	37	0.91
D9	Sample 45	2	1	10	78740	36.96	0.91
D9	Sample 45	2	1	11	83740	37	0.91
D9	Sample 45	2	1	12	88740	36.96	0.91
D9	Sample 45	2	1	13	93730	36.96	0.90
D9	Sample 45	2	1	14	98740	36.96	0.91
D9	Sample 45	2	1	15	103740	36.96	0.90
D10	Sample 46	2	1	1	33720	36.91	0.94
D10	Sample 46	2	1	2	38730	36.96	0.94
D10	Sample 46	2	1	3	43740	36.96	0.94
D10	Sample 46	2	1	4	48730	37	0.93
D10	Sample 46	2	1	5	53750	36.96	0.93
D10	Sample 46	2	1	6	58740	37	0.93
D10	Sample 46	2	1	7	63750	36.96	0.94
D10	Sample 46	2	1	8	68730	37	0.93
D10	Sample 46	2	1	9	73740	37	0.93
D10	Sample 46	2	1	10	78740	36.96	0.93
D10	Sample 46	2	1	11	83740	37	0.93
D10	Sample 46	2	1	12	88740	36.96	0.93
D10	Sample 46	2	1	13	93730	36.96	0.93
D10	Sample 46	2	1	14	98740	36.96	0.93
D10	Sample 46	2	1	15	103740	36.96	0.92
D11	Sample 47	2	1	1	33720	36.91	0.93
D11	Sample 47	2	1	2	38730	36.96	0.94
D11	Sample 47	2	1	3	43740	36.96	0.92
D11	Sample 47	2	1	4	48730	37	0.92
D11	Sample 47	2	1	5	53750	36.96	0.91
D11	Sample 47	2	1	6	58740	37	0.91
D11	Sample 47	2	1	7	63750	36.96	0.92
D11	Sample 47	2	1	8	68730	37	0.92
D11	Sample 47	2	1	9	73740	37	0.91
D11	Sample 47	2	1	10	78740	36.96	0.91
D11	Sample 47	2	1	11	83740	37	0.92
D11	Sample 47	2	1	12	88740	36.96	0.91
D11	Sample 47	2	1	13	93730	36.96	0.91
D11	Sample 47	2	1	14	98740	36.96	0.91
D11	Sample 47	2	1	15	103740	36.96	0.92
D12	Sample 48	2	1	1	33720	36.91	0.86
D12	Sample 48	2	1	2	38730	36.96	0.86
D12	Sample 48	2	1	3	43740	36.96	0.86
D12	Sample 48	2	1	4	48730	37	0.85
D12	Sample 48	2	1	5	53750	36.96	0.84
D12	Sample 48	2	1	6	58740	37	0.84
D12	Sample 48	2	1	7	63750	36.96	0.85
D12	Sample 48	2	1	8	68730	37	0.85
D12	Sample 48	2	1	9	73740	37	0.84
D12	Sample 48	2	1	10	78740	36.96	0.84
D12	Sample 48	2	1	11	83740	37	0.85
D12	Sample 48	2	1	12	88740	36.96	0.84
D12	Sample 48	2	1	13	93730	36.96	0.84
D12	Sample 48	2	1	14	98740	36.96	0.85
D12	Sample 48	2	1	15	103740	36.96	0.84
E1	Sample 49	2	1	1	33720	36.91	0.42
E1	Sample 49	2	1	2	38730	36.96	0.42
E1	Sample 49	2	1	3	43740	36.96	0.42
E1	Sample 49	2	1	4	48730	37	0.41
E1	Sample 49	2	1	5	53750	36.96	0.41
E1	Sample 49	2	1	6	58740	37	0.42
E1	Sample 49	2	1	7	63750	36.96	0.41
E1	Sample 49	2	1	8	68730	37	0.41
E1	Sample 49	2	1	9	73740	37	0.41
E1	Sample 49	2	1	10	78740	36.96	0.40
E1	Sample 49	2	1	11	83740	37	0.41
E1	Sample 49	2	1	12	88740	36.96	0.40
E1	Sample 49	2	1	13	93730	36.96	0.40
E1	Sample 49	2	1	14	98740	36.96	0.40
E1	Sample 49	2	1	15	103740	36.96	0.40
E2	Sample 50	2	1	1	33720	36.91	0.41
E2	Sample 50	2	1	2	38730	36.96	0.40
E2	Sample 50	2	1	3	43740	36.96	0.40
E2	Sample 50	2	1	4	48730	37	0.40
E2	Sample 50	2	1	5	53750	36.96	0.40
E2	Sample 50	2	1	6	58740	37	0.40
E2	Sample 50	2	1	7	63750	36.96	0.40
E2	Sample 50	2	1	8	68730	37	0.40
E2	Sample 50	2	1	9	73740	37	0.40
E2	Sample 50	2	1	10	78740	36.96	0.39
E2	Sample 50	2	1	11	83740	37	0.40
E2	Sample 50	2	1	12	88740	36.96	0.39
E2	Sample 50	2	1	13	93730	36.96	0.40
E2	Sample 50	2	1	14	98740	36.96	0.40
E2	Sample 50	2	1	15	103740	36.96	0.40
E3	Sample 51	2	1	1	33720	36.91	0.71
E3	Sample 51	2	1	2	38730	36.96	0.71
E3	Sample 51	2	1	3	43740	36.96	0.71
E3	Sample 51	2	1	4	48730	37	0.70
E3	Sample 51	2	1	5	53750	36.96	0.70
E3	Sample 51	2	1	6	58740	37	0.71
E3	Sample 51	2	1	7	63750	36.96	0.70
E3	Sample 51	2	1	8	68730	37	0.69
E3	Sample 51	2	1	9	73740	37	0.70
E3	Sample 51	2	1	10	78740	36.96	0.69
E3	Sample 51	2	1	11	83740	37	0.70
E3	Sample 51	2	1	12	88740	36.96	0.70
E3	Sample 51	2	1	13	93730	36.96	0.69
E3	Sample 51	2	1	14	98740	36.96	0.70
E3	Sample 51	2	1	15	103740	36.96	0.70
E4	Sample 52	2	1	1	33720	36.91	0.71
E4	Sample 52	2	1	2	38730	36.96	0.70
E4	Sample 52	2	1	3	43740	36.96	0.70
E4	Sample 52	2	1	4	48730	37	0.70
E4	Sample 52	2	1	5	53750	36.96	0.69
E4	Sample 52	2	1	6	58740	37	0.70
E4	Sample 52	2	1	7	63750	36.96	0.69
E4	Sample 52	2	1	8	68730	37	0.69
E4	Sample 52	2	1	9	73740	37	0.69
E4	Sample 52	2	1	10	78740	36.96	0.68
E4	Sample 52	2	1	11	83740	37	0.69
E4	Sample 52	2	1	12	88740	36.96	0.69
E4	Sample 52	2	1	13	93730	36.96	0.69
E4	Sample 52	2	1	14	98740	36.96	0.69
E4	Sample 52	2	1	15	103740	36.96	0.69
E5	Sample 53	2	1	1	33720	36.91	1.14
E5	Sample 53	2	1	2	38730	36.96	1.12
E5	Sample 53	2	1	3	43740	36.96	1.13
E5	Sample 53	2	1	4	48730	37	1.12
E5	Sample 53	2	1	5	53750	36.96	1.12
E5	Sample 53	2	1	6	58740	37	1.12
E5	Sample 53	2	1	7	63750	36.96	1.12
E5	Sample 53	2	1	8	68730	37	1.11
E5	Sample 53	2	1	9	73740	37	1.11
E5	Sample 53	2	1	10	78740	36.96	1.11
E5	Sample 53	2	1	11	83740	37	1.11
E5	Sample 53	2	1	12	88740	36.96	1.11
E5	Sample 53	2	1	13	93730	36.96	1.10
E5	Sample 53	2	1	14	98740	36.96	1.10
E5	Sample 53	2	1	15	103740	36.96	1.11
E6	Sample 54	2	1	1	33720	36.91	1.08
E6	Sample 54	2	1	2	38730	36.96	1.08
E6	Sample 54	2	1	3	43740	36.96	1.08
E6	Sample 54	2	1	4	48730	37	1.07
E6	Sample 54	2	1	5	53750	36.96	1.07
E6	Sample 54	2	1	6	58740	37	1.07
E6	Sample 54	2	1	7	63750	36.96	1.06
E6	Sample 54	2	1	8	68730	37	1.06
E6	Sample 54	2	1	9	73740	37	1.06
E6	Sample 54	2	1	10	78740	36.96	1.05
E6	Sample 54	2	1	11	83740	37	1.06
E6	Sample 54	2	1	12	88740	36.96	1.05
E6	Sample 54	2	1	13	93730	36.96	1.05
E6	Sample 54	2	1	14	98740	36.96	1.06
E6	Sample 54	2	1	15	103740	36.96	1.06
E7	Sample 55	2	1	1	33720	36.91	1.05
E7	Sample 55	2	1	2	38730	36.96	1.04
E7	Sample 55	2	1	3	43740	36.96	1.04
E7	Sample 55	2	1	4	48730	37	1.03
E7	Sample 55	2	1	5	53750	36.96	1.03
E7	Sample 55	2	1	6	58740	37	1.03
E7	Sample 55	2	1	7	63750	36.96	1.03
E7	Sample 55	2	1	8	68730	37	1.03
E7	Sample 55	2	1	9	73740	37	1.02
E7	Sample 55	2	1	10	78740	36.96	1.03
E7	Sample 55	2	1	11	83740	37	1.03
E7	Sample 55	2	1	12	88740	36.96	1.03
E7	Sample 55	2	1	13	93730	36.96	1.03
E7	Sample 55	2	1	14	98740	36.96	1.03
E7	Sample 55	2	1	15	103740	36.96	1.03
E8	Sample 56	2	1	1	33720	36.91	1.01
E8	Sample 56	2	1	2	38730	36.96	1.00
E8	Sample 56	2	1	3	43740	36.96	1.00
E8	Sample 56	2	1	4	48730	37	1.00
E8	Sample 56	2	1	5	53750	36.96	0.99
E8	Sample 56	2	1	6	58740	37	1.00
E8	Sample 56	2	1	7	63750	36.96	0.99
E8	Sample 56	2	1	8	68730	37	0.99
E8	Sample 56	2	1	9	73740	37	0.99
E8	Sample 56	2	1	10	78740	36.96	0.98
E8	Sample 56	2	1	11	83740	37	0.99
E8	Sample 56	2	1	12	88740	36.96	0.99
E8	Sample 56	2	1	13	93730	36.96	0.98
E8	Sample 56	2	1	14	98740	36.96	0.99
E8	Sample 56	2	1	15	103740	36.96	0.99
E9	Sample 57	2	1	1	33720	36.91	0.90
E9	Sample 57	2	1	2	38730	36.96	0.89
E9	Sample 57	2	1	3	43740	36.96	0.89
E9	Sample 57	2	1	4	48730	37	0.89
E9	Sample 57	2	1	5	53750	36.96	0.88
E9	Sample 57	2	1	6	58740	37	0.89
E9	Sample 57	2	1	7	63750	36.96	0.87
E9	Sample 57	2	1	8	68730	37	0.88
E9	Sample 57	2	1	9	73740	37	0.88
E9	Sample 57	2	1	10	78740	36.96	0.87
E9	Sample 57	2	1	11	83740	37	0.88
E9	Sample 57	2	1	12	88740	36.96	0.88
E9	Sample 57	2	1	13	93730	36.96	0.87
E9	Sample 57	2	1	14	98740	36.96	0.87
E9	Sample 57	2	1	15	103740	36.96	0.88
E10	Sample 58	2	1	1	33720	36.91	0.91
E10	Sample 58	2	1	2	38730	36.96	0.89
E10	Sample 58	2	1	3	43740	36.96	0.89
E10	Sample 58	2	1	4	48730	37	0.89
E10	Sample 58	2	1	5	53750	36.96	0.89
E10	Sample 58	2	1	6	58740	37	0.89
E10	Sample 58	2	1	7	63750	36.96	0.89
E10	Sample 58	2	1	8	68730	37	0.88
E10	Sample 58	2	1	9	73740	37	0.88
E10	Sample 58	2	1	10	78740	36.96	0.88
E10	Sample 58	2	1	11	83740	37	0.89
E10	Sample 58	2	1	12	88740	36.96	0.88
E10	Sample 58	2	1	13	93730	36.96	0.88
E10	Sample 58	2	1	14	98740	36.96	0.88
E10	Sample 58	2	1	15	103740	36.96	0.88
E11	Sample 59	2	1	1	33720	36.91	0.91
E11	Sample 59	2	1	2	38730	36.96	0.91
E11	Sample 59	2	1	3	43740	36.96	0.91
E11	Sample 59	2	1	4	48730	37	0.91
E11	Sample 59	2	1	5	53750	36.96	0.91
E11	Sample 59	2	1	6	58740	37	0.91
E11	Sample 59	2	1	7	63750	36.96	0.90
E11	Sample 59	2	1	8	68730	37	0.90
E11	Sample 59	2	1	9	73740	37	0.90
E11	Sample 59	2	1	10	78740	36.96	0.89
E11	Sample 59	2	1	11	83740	37	0.90
E11	Sample 59	2	1	12	88740	36.96	0.90
E11	Sample 59	2	1	13	93730	36.96	0.89
E11	Sample 59	2	1	14	98740	36.96	0.90
E11	Sample 59	2	1	15	103740	36.96	0.89
E12	Sample 60	2	1	1	33720	36.91	0.84
E12	Sample 60	2	1	2	38730	36.96	0.83
E12	Sample 60	2	1	3	43740	36.96	0.84
E12	Sample 60	2	1	4	48730	37	0.83
E12	Sample 60	2	1	5	53750	36.96	0.83
E12	Sample 60	2	1	6	58740	37	0.83
E12	Sample 60	2	1	7	63750	36.96	0.82
E12	Sample 60	2	1	8	68730	37	0.83
E12	Sample 60	2	1	9	73740	37	0.82
E12	Sample 60	2	1	10	78740	36.96	0.82
E12	Sample 60	2	1	11	83740	37	0.83
E12	Sample 60	2	1	12	88740	36.96	0.82
E12	Sample 60	2	1	13	93730	36.96	0.82
E12	Sample 60	2	1	14	98740	36.96	0.83
E12	Sample 60	2	1	15	103740	36.96	0.83
F1	Sample 61	2	1	1	33720	36.91	0.58
F1	Sample 61	2	1	2	38730	36.96	0.57
F1	Sample 61	2	1	3	43740	36.96	0.56
F1	Sample 61	2	1	4	48730	37	0.56
F1	Sample 61	2	1	5	53750	36.96	0.56
F1	Sample 61	2	1	6	58740	37	0.56
F1	Sample 61	2	1	7	63750	36.96	0.56
F1	Sample 61	2	1	8	68730	37	0.55
F1	Sample 61	2	1	9	73740	37	0.56
F1	Sample 61	2	1	10	78740	36.96	0.55
F1	Sample 61	2	1	11	83740	37	0.56
F1	Sample 61	2	1	12	88740	36.96	0.56
F1	Sample 61	2	1	13	93730	36.96	0.55
F1	Sample 61	2	1	14	98740	36.96	0.56
F1	Sample 61	2	1	15	103740	36.96	0.56
F2	Sample 62	2	1	1	33720	36.91	0.56
F2	Sample 62	2	1	2	38730	36.96	0.55
F2	Sample 62	2	1	3	43740	36.96	0.55
F2	Sample 62	2	1	4	48730	37	0.55
F2	Sample 62	2	1	5	53750	36.96	0.55
F2	Sample 62	2	1	6	58740	37	0.55
F2	Sample 62	2	1	7	63750	36.96	0.55
F2	Sample 62	2	1	8	68730	37	0.55
F2	Sample 62	2	1	9	73740	37	0.55
F2	Sample 62	2	1	10	78740	36.96	0.54
F2	Sample 62	2	1	11	83740	37	0.55
F2	Sample 62	2	1	12	88740	36.96	0.55
F2	Sample 62	2	1	13	93730	36.96	0.54
F2	Sample 62	2	1	14	98740	36.96	0.55
F2	Sample 62	2	1	15	103740	36.96	0.55
F3	Sample 63	2	1	1	33720	36.91	0.76
F3	Sample 63	2	1	2	38730	36.96	0.76
F3	Sample 63	2	1	3	43740	36.96	0.76
F3	Sample 63	2	1	4	48730	37	0.76
F3	Sample 63	2	1	5	53750	36.96	0.76
F3	Sample 63	2	1	6	58740	37	0.74
F3	Sample 63	2	1	7	63750	36.96	0.75
F3	Sample 63	2	1	8	68730	37	0.75
F3	Sample 63	2	1	9	73740	37	0.75
F3	Sample 63	2	1	10	78740	36.96	0.75
F3	Sample 63	2	1	11	83740	37	0.75
F3	Sample 63	2	1	12	88740	36.96	0.74
F3	Sample 63	2	1	13	93730	36.96	0.75
F3	Sample 63	2	1	14	98740	36.96	0.75
F3	Sample 63	2	1	15	103740	36.96	0.75
F4	Sample 64	2	1	1	33720	36.91	0.77
F4	Sample 64	2	1	2	38730	36.96	0.76
F4	Sample 64	2	1	3	43740	36.96	0.76
F4	Sample 64	2	1	4	48730	37	0.76
F4	Sample 64	2	1	5	53750	36.96	0.75
F4	Sample 64	2	1	6	58740	37	0.75
F4	Sample 64	2	1	7	63750	36.96	0.75
F4	Sample 64	2	1	8	68730	37	0.75
F4	Sample 64	2	1	9	73740	37	0.75
F4	Sample 64	2	1	10	78740	36.96	0.75
F4	Sample 64	2	1	11	83740	37	0.75
F4	Sample 64	2	1	12	88740	36.96	0.75
F4	Sample 64	2	1	13	93730	36.96	0.75
F4	Sample 64	2	1	14	98740	36.96	0.76
F4	Sample 64	2	1	15	103740	36.96	0.75
F5	Sample 65	2	1	1	33720	36.91	1.13
F5	Sample 65	2	1	2	38730	36.96	1.12
F5	Sample 65	2	1	3	43740	36.96	1.12
F5	Sample 65	2	1	4	48730	37	1.11
F5	Sample 65	2	1	5	53750	36.96	1.11
F5	Sample 65	2	1	6	58740	37	1.11
F5	Sample 65	2	1	7	63750	36.96	1.11
F5	Sample 65	2	1	8	68730	37	1.11
F5	Sample 65	2	1	9	73740	37	1.12
F5	Sample 65	2	1	10	78740	36.96	1.11
F5	Sample 65	2	1	11	83740	37	1.11
F5	Sample 65	2	1	12	88740	36.96	1.11
F5	Sample 65	2	1	13	93730	36.96	1.11
F5	Sample 65	2	1	14	98740	36.96	1.11
F5	Sample 65	2	1	15	103740	36.96	1.11
F6	Sample 66	2	1	1	33720	36.91	1.04
F6	Sample 66	2	1	2	38730	36.96	1.04
F6	Sample 66	2	1	3	43740	36.96	1.04
F6	Sample 66	2	1	4	48730	37	1.04
F6	Sample 66	2	1	5	53750	36.96	1.03
F6	Sample 66	2	1	6	58740	37	1.03
F6	Sample 66	2	1	7	63750	36.96	1.03
F6	Sample 66	2	1	8	68730	37	1.03
F6	Sample 66	2	1	9	73740	37	1.03
F6	Sample 66	2	1	10	78740	36.96	1.03
F6	Sample 66	2	1	11	83740	37	1.04
F6	Sample 66	2	1	12	88740	36.96	1.03
F6	Sample 66	2	1	13	93730	36.96	1.02
F6	Sample 66	2	1	14	98740	36.96	1.03
F6	Sample 66	2	1	15	103740	36.96	1.02
F7	Sample 67	2	1	1	33720	36.91	1.10
F7	Sample 67	2	1	2	38730	36.96	1.09
F7	Sample 67	2	1	3	43740	36.96	1.09
F7	Sample 67	2	1	4	48730	37	1.08
F7	Sample 67	2	1	5	53750	36.96	1.09
F7	Sample 67	2	1	6	58740	37	1.09
F7	Sample 67	2	1	7	63750	36.96	1.09
F7	Sample 67	2	1	8	68730	37	1.07
F7	Sample 67	2	1	9	73740	37	1.08
F7	Sample 67	2	1	10	78740	36.96	1.07
F7	Sample 67	2	1	11	83740	37	1.08
F7	Sample 67	2	1	12	88740	36.96	1.08
F7	Sample 67	2	1	13	93730	36.96	1.07
F7	Sample 67	2	1	14	98740	36.96	1.08
F7	Sample 67	2	1	15	103740	36.96	1.08
F8	Sample 68	2	1	1	33720	36.91	1.05
F8	Sample 68	2	1	2	38730	36.96	1.04
F8	Sample 68	2	1	3	43740	36.96	1.04
F8	Sample 68	2	1	4	48730	37	1.03
F8	Sample 68	2	1	5	53750	36.96	1.03
F8	Sample 68	2	1	6	58740	37	1.04
F8	Sample 68	2	1	7	63750	36.96	1.03
F8	Sample 68	2	1	8	68730	37	1.03
F8	Sample 68	2	1	9	73740	37	1.03
F8	Sample 68	2	1	10	78740	36.96	1.03
F8	Sample 68	2	1	11	83740	37	1.03
F8	Sample 68	2	1	12	88740	36.96	1.03
F8	Sample 68	2	1	13	93730	36.96	1.02
F8	Sample 68	2	1	14	98740	36.96	1.03
F8	Sample 68	2	1	15	103740	36.96	1.03
F9	Sample 69	2	1	1	33720	36.91	0.94
F9	Sample 69	2	1	2	38730	36.96	0.93
F9	Sample 69	2	1	3	43740	36.96	0.93
F9	Sample 69	2	1	4	48730	37	0.92
F9	Sample 69	2	1	5	53750	36.96	0.92
F9	Sample 69	2	1	6	58740	37	0.92
F9	Sample 69	2	1	7	63750	36.96	0.92
F9	Sample 69	2	1	8	68730	37	0.92
F9	Sample 69	2	1	9	73740	37	0.92
F9	Sample 69	2	1	10	78740	36.96	0.92
F9	Sample 69	2	1	11	83740	37	0.92
F9	Sample 69	2	1	12	88740	36.96	0.92
F9	Sample 69	2	1	13	93730	36.96	0.91
F9	Sample 69	2	1	14	98740	36.96	0.91
F9	Sample 69	2	1	15	103740	36.96	0.91
F10	Sample 70	2	1	1	33720	36.91	0.94
F10	Sample 70	2	1	2	38730	36.96	0.93
F10	Sample 70	2	1	3	43740	36.96	0.93
F10	Sample 70	2	1	4	48730	37	0.92
F10	Sample 70	2	1	5	53750	36.96	0.92
F10	Sample 70	2	1	6	58740	37	0.93
F10	Sample 70	2	1	7	63750	36.96	0.92
F10	Sample 70	2	1	8	68730	37	0.92
F10	Sample 70	2	1	9	73740	37	0.92
F10	Sample 70	2	1	10	78740	36.96	0.91
F10	Sample 70	2	1	11	83740	37	0.92
F10	Sample 70	2	1	12	88740	36.96	0.92
F10	Sample 70	2	1	13	93730	36.96	0.91
F10	Sample 70	2	1	14	98740	36.96	0.92
F10	Sample 70	2	1	15	103740	36.96	0.91
F11	Sample 71	2	1	1	33720	36.91	0.93
F11	Sample 71	2	1	2	38730	36.96	0.92
F11	Sample 71	2	1	3	43740	36.96	0.92
F11	Sample 71	2	1	4	48730	37	0.92
F11	Sample 71	2	1	5	53750	36.96	0.91
F11	Sample 71	2	1	6	58740	37	0.91
F11	Sample 71	2	1	7	63750	36.96	0.91
F11	Sample 71	2	1	8	68730	37	0.91
F11	Sample 71	2	1	9	73740	37	0.91
F11	Sample 71	2	1	10	78740	36.96	0.91
F11	Sample 71	2	1	11	83740	37	0.91
F11	Sample 71	2	1	12	88740	36.96	0.91
F11	Sample 71	2	1	13	93730	36.96	0.91
F11	Sample 71	2	1	14	98740	36.96	0.91
F11	Sample 71	2	1	15	103740	36.96	0.91
F12	Sample 72	2	1	1	33720	36.91	0.85
F12	Sample 72	2	1	2	38730	36.96	0.84
F12	Sample 72	2	1	3	43740	36.96	0.83
F12	Sample 72	2	1	4	48730	37	0.83
F12	Sample 72	2	1	5	53750	36.96	0.83
F12	Sample 72	2	1	6	58740	37	0.83
F12	Sample 72	2	1	7	63750	36.96	0.83
F12	Sample 72	2	1	8	68730	37	0.83
F12	Sample 72	2	1	9	73740	37	0.83
F12	Sample 72	2	1	10	78740	36.96	0.83
F12	Sample 72	2	1	11	83740	37	0.82
F12	Sample 72	2	1	12	88740	36.96	0.83
F12	Sample 72	2	1	13	93730	36.96	0.83
F12	Sample 72	2	1	14	98740	36.96	0.83
F12	Sample 72	2	1	15	103740	36.96	0.83
G1	Sample 73	2	1	1	33720	36.91	0.71
G1	Sample 73	2	1	2	38730	36.96	0.71
G1	Sample 73	2	1	3	43740	36.96	0.71
G1	Sample 73	2	1	4	48730	37	0.70
G1	Sample 73	2	1	5	53750	36.96	0.70
G1	Sample 73	2	1	6	58740	37	0.70
G1	Sample 73	2	1	7	63750	36.96	0.69
G1	Sample 73	2	1	8	68730	37	0.69
G1	Sample 73	2	1	9	73740	37	0.70
G1	Sample 73	2	1	10	78740	36.96	0.69
G1	Sample 73	2	1	11	83740	37	0.69
G1	Sample 73	2	1	12	88740	36.96	0.69
G1	Sample 73	2	1	13	93730	36.96	0.69
G1	Sample 73	2	1	14	98740	36.96	0.69
G1	Sample 73	2	1	15	103740	36.96	0.69
G2	Sample 74	2	1	1	33720	36.91	0.73
G2	Sample 74	2	1	2	38730	36.96	0.72
G2	Sample 74	2	1	3	43740	36.96	0.73
G2	Sample 74	2	1	4	48730	37	0.72
G2	Sample 74	2	1	5	53750	36.96	0.72
G2	Sample 74	2	1	6	58740	37	0.72
G2	Sample 74	2	1	7	63750	36.96	0.72
G2	Sample 74	2	1	8	68730	37	0.71
G2	Sample 74	2	1	9	73740	37	0.72
G2	Sample 74	2	1	10	78740	36.96	0.71
G2	Sample 74	2	1	11	83740	37	0.72
G2	Sample 74	2	1	12	88740	36.96	0.72
G2	Sample 74	2	1	13	93730	36.96	0.72
G2	Sample 74	2	1	14	98740	36.96	0.71
G2	Sample 74	2	1	15	103740	36.96	0.71
G3	Sample 75	2	1	1	33720	36.91	0.74
G3	Sample 75	2	1	2	38730	36.96	0.73
G3	Sample 75	2	1	3	43740	36.96	0.73
G3	Sample 75	2	1	4	48730	37	0.72
G3	Sample 75	2	1	5	53750	36.96	0.73
G3	Sample 75	2	1	6	58740	37	0.73
G3	Sample 75	2	1	7	63750	36.96	0.72
G3	Sample 75	2	1	8	68730	37	0.72
G3	Sample 75	2	1	9	73740	37	0.72
G3	Sample 75	2	1	10	78740	36.96	0.72
G3	Sample 75	2	1	11	83740	37	0.72
G3	Sample 75	2	1	12	88740	36.96	0.73
G3	Sample 75	2	1	13	93730	36.96	0.73
G3	Sample 75	2	1	14	98740	36.96	0.73
G3	Sample 75	2	1	15	103740	36.96	0.72
G4	Sample 76	2	1	1	33720	36.91	0.81
G4	Sample 76	2	1	2	38730	36.96	0.81
G4	Sample 76	2	1	3	43740	36.96	0.80
G4	Sample 76	2	1	4	48730	37	0.80
G4	Sample 76	2	1	5	53750	36.96	0.80
G4	Sample 76	2	1	6	58740	37	0.80
G4	Sample 76	2	1	7	63750	36.96	0.79
G4	Sample 76	2	1	8	68730	37	0.78
G4	Sample 76	2	1	9	73740	37	0.79
G4	Sample 76	2	1	10	78740	36.96	0.79
G4	Sample 76	2	1	11	83740	37	0.79
G4	Sample 76	2	1	12	88740	36.96	0.79
G4	Sample 76	2	1	13	93730	36.96	0.79
G4	Sample 76	2	1	14	98740	36.96	0.79
G4	Sample 76	2	1	15	103740	36.96	0.79
G5	Sample 77	2	1	1	33720	36.91	1.13
G5	Sample 77	2	1	2	38730	36.96	1.11
G5	Sample 77	2	1	3	43740	36.96	1.11
G5	Sample 77	2	1	4	48730	37	1.11
G5	Sample 77	2	1	5	53750	36.96	1.11
G5	Sample 77	2	1	6	58740	37	1.12
G5	Sample 77	2	1	7	63750	36.96	1.11
G5	Sample 77	2	1	8	68730	37	1.10
G5	Sample 77	2	1	9	73740	37	1.10
G5	Sample 77	2	1	10	78740	36.96	1.10
G5	Sample 77	2	1	11	83740	37	1.10
G5	Sample 77	2	1	12	88740	36.96	1.10
G5	Sample 77	2	1	13	93730	36.96	1.10
G5	Sample 77	2	1	14	98740	36.96	1.11
G5	Sample 77	2	1	15	103740	36.96	1.10
G6	Sample 78	2	1	1	33720	36.91	1.08
G6	Sample 78	2	1	2	38730	36.96	1.07
G6	Sample 78	2	1	3	43740	36.96	1.07
G6	Sample 78	2	1	4	48730	37	1.06
G6	Sample 78	2	1	5	53750	36.96	1.06
G6	Sample 78	2	1	6	58740	37	1.06
G6	Sample 78	2	1	7	63750	36.96	1.06
G6	Sample 78	2	1	8	68730	37	1.05
G6	Sample 78	2	1	9	73740	37	1.05
G6	Sample 78	2	1	10	78740	36.96	1.05
G6	Sample 78	2	1	11	83740	37	1.06
G6	Sample 78	2	1	12	88740	36.96	1.05
G6	Sample 78	2	1	13	93730	36.96	1.05
G6	Sample 78	2	1	14	98740	36.96	1.05
G6	Sample 78	2	1	15	103740	36.96	1.05
G7	Sample 79	2	1	1	33720	36.91	1.05
G7	Sample 79	2	1	2	38730	36.96	1.04
G7	Sample 79	2	1	3	43740	36.96	1.04
G7	Sample 79	2	1	4	48730	37	1.04
G7	Sample 79	2	1	5	53750	36.96	1.04
G7	Sample 79	2	1	6	58740	37	1.04
G7	Sample 79	2	1	7	63750	36.96	1.03
G7	Sample 79	2	1	8	68730	37	1.03
G7	Sample 79	2	1	9	73740	37	1.04
G7	Sample 79	2	1	10	78740	36.96	1.02
G7	Sample 79	2	1	11	83740	37	1.03
G7	Sample 79	2	1	12	88740	36.96	1.04
G7	Sample 79	2	1	13	93730	36.96	1.03
G7	Sample 79	2	1	14	98740	36.96	1.03
G7	Sample 79	2	1	15	103740	36.96	1.03
G8	Sample 80	2	1	1	33720	36.91	1.03
G8	Sample 80	2	1	2	38730	36.96	1.03
G8	Sample 80	2	1	3	43740	36.96	1.03
G8	Sample 80	2	1	4	48730	37	1.02
G8	Sample 80	2	1	5	53750	36.96	1.02
G8	Sample 80	2	1	6	58740	37	1.02
G8	Sample 80	2	1	7	63750	36.96	1.02
G8	Sample 80	2	1	8	68730	37	1.01
G8	Sample 80	2	1	9	73740	37	1.02
G8	Sample 80	2	1	10	78740	36.96	1.02
G8	Sample 80	2	1	11	83740	37	1.02
G8	Sample 80	2	1	12	88740	36.96	1.02
G8	Sample 80	2	1	13	93730	36.96	1.02
G8	Sample 80	2	1	14	98740	36.96	1.02
G8	Sample 80	2	1	15	103740	36.96	1.01
G9	Sample 81	2	1	1	33720	36.91	0.92
G9	Sample 81	2	1	2	38730	36.96	0.91
G9	Sample 81	2	1	3	43740	36.96	0.91
G9	Sample 81	2	1	4	48730	37	0.91
G9	Sample 81	2	1	5	53750	36.96	0.91
G9	Sample 81	2	1	6	58740	37	0.91
G9	Sample 81	2	1	7	63750	36.96	0.90
G9	Sample 81	2	1	8	68730	37	0.90
G9	Sample 81	2	1	9	73740	37	0.90
G9	Sample 81	2	1	10	78740	36.96	0.90
G9	Sample 81	2	1	11	83740	37	0.90
G9	Sample 81	2	1	12	88740	36.96	0.90
G9	Sample 81	2	1	13	93730	36.96	0.90
G9	Sample 81	2	1	14	98740	36.96	0.90
G9	Sample 81	2	1	15	103740	36.96	0.90
G10	Sample 82	2	1	1	33720	36.91	0.93
G10	Sample 82	2	1	2	38730	36.96	0.92
G10	Sample 82	2	1	3	43740	36.96	0.91
G10	Sample 82	2	1	4	48730	37	0.91
G10	Sample 82	2	1	5	53750	36.96	0.91
G10	Sample 82	2	1	6	58740	37	0.91
G10	Sample 82	2	1	7	63750	36.96	0.91
G10	Sample 82	2	1	8	68730	37	0.90
G10	Sample 82	2	1	9	73740	37	0.91
G10	Sample 82	2	1	10	78740	36.96	0.91
G10	Sample 82	2	1	11	83740	37	0.91
G10	Sample 82	2	1	12	88740	36.96	0.91
G10	Sample 82	2	1	13	93730	36.96	0.90
G10	Sample 82	2	1	14	98740	36.96	0.90
G10	Sample 82	2	1	15	103740	36.96	0.91
G11	Sample 83	2	1	1	33720	36.91	0.91
G11	Sample 83	2	1	2	38730	36.96	0.90
G11	Sample 83	2	1	3	43740	36.96	0.90
G11	Sample 83	2	1	4	48730	37	0.89
G11	Sample 83	2	1	5	53750	36.96	0.90
G11	Sample 83	2	1	6	58740	37	0.90
G11	Sample 83	2	1	7	63750	36.96	0.90
G11	Sample 83	2	1	8	68730	37	0.89
G11	Sample 83	2	1	9	73740	37	0.89
G11	Sample 83	2	1	10	78740	36.96	0.89
G11	Sample 83	2	1	11	83740	37	0.89
G11	Sample 83	2	1	12	88740	36.96	0.90
G11	Sample 83	2	1	13	93730	36.96	0.89
G11	Sample 83	2	1	14	98740	36.96	0.90
G11	Sample 83	2	1	15	103740	36.96	0.89
G12	Sample 84	2	1	1	33720	36.91	0.85
G12	Sample 84	2	1	2	38730	36.96	0.84
G12	Sample 84	2	1	3	43740	36.96	0.84
G12	Sample 84	2	1	4	48730	37	0.84
G12	Sample 84	2	1	5	53750	36.96	0.83
G12	Sample 84	2	1	6	58740	37	0.84
G12	Sample 84	2	1	7	63750	36.96	0.83
G12	Sample 84	2	1	8	68730	37	0.83
G12	Sample 84	2	1	9	73740	37	0.83
G12	Sample 84	2	1	10	78740	36.96	0.83
G12	Sample 84	2	1	11	83740	37	0.83
G12	Sample 84	2	1	12	88740	36.96	0.83
G12	Sample 84	2	1	13	93730	36.96	0.83
G12	Sample 84	2	1	14	98740	36.96	0.83
G12	Sample 84	2	1	15	103740	36.96	0.83
H1	Sample 85	2	1	1	33720	36.91	0.73
H1	Sample 85	2	1	2	38730	36.96	0.73
H1	Sample 85	2	1	3	43740	36.96	0.72
H1	Sample 85	2	1	4	48730	37	0.72
H1	Sample 85	2	1	5	53750	36.96	0.72
H1	Sample 85	2	1	6	58740	37	0.71
H1	Sample 85	2	1	7	63750	36.96	0.71
H1	Sample 85	2	1	8	68730	37	0.71
H1	Sample 85	2	1	9	73740	37	0.71
H1	Sample 85	2	1	10	78740	36.96	0.70
H1	Sample 85	2	1	11	83740	37	0.71
H1	Sample 85	2	1	12	88740	36.96	0.71
H1	Sample 85	2	1	13	93730	36.96	0.71
H1	Sample 85	2	1	14	98740	36.96	0.72
H1	Sample 85	2	1	15	103740	36.96	0.72
H2	Sample 86	2	1	1	33720	36.91	0.74
H2	Sample 86	2	1	2	38730	36.96	0.74
H2	Sample 86	2	1	3	43740	36.96	0.74
H2	Sample 86	2	1	4	48730	37	0.73
H2	Sample 86	2	1	5	53750	36.96	0.73
H2	Sample 86	2	1	6	58740	37	0.73
H2	Sample 86	2	1	7	63750	36.96	0.73
H2	Sample 86	2	1	8	68730	37	0.72
H2	Sample 86	2	1	9	73740	37	0.73
H2	Sample 86	2	1	10	78740	36.96	0.72
H2	Sample 86	2	1	11	83740	37	0.73
H2	Sample 86	2	1	12	88740	36.96	0.73
H2	Sample 86	2	1	13	93730	36.96	0.72
H2	Sample 86	2	1	14	98740	36.96	0.73
H2	Sample 86	2	1	15	103740	36.96	0.73
H3	Sample 87	2	1	1	33720	36.91	0.79
H3	Sample 87	2	1	2	38730	36.96	0.79
H3	Sample 87	2	1	3	43740	36.96	0.79
H3	Sample 87	2	1	4	48730	37	0.79
H3	Sample 87	2	1	5	53750	36.96	0.79
H3	Sample 87	2	1	6	58740	37	0.78
H3	Sample 87	2	1	7	63750	36.96	0.77
H3	Sample 87	2	1	8	68730	37	0.77
H3	Sample 87	2	1	9	73740	37	0.78
H3	Sample 87	2	1	10	78740	36.96	0.76
H3	Sample 87	2	1	11	83740	37	0.77
H3	Sample 87	2	1	12	88740	36.96	0.77
H3	Sample 87	2	1	13	93730	36.96	0.77
H3	Sample 87	2	1	14	98740	36.96	0.77
H3	Sample 87	2	1	15	103740	36.96	0.78
H4	Sample 88	2	1	1	33720	36.91	0.78
H4	Sample 88	2	1	2	38730	36.96	0.77
H4	Sample 88	2	1	3	43740	36.96	0.77
H4	Sample 88	2	1	4	48730	37	0.77
H4	Sample 88	2	1	5	53750	36.96	0.77
H4	Sample 88	2	1	6	58740	37	0.76
H4	Sample 88	2	1	7	63750	36.96	0.76
H4	Sample 88	2	1	8	68730	37	0.76
H4	Sample 88	2	1	9	73740	37	0.76
H4	Sample 88	2	1	10	78740	36.96	0.76
H4	Sample 88	2	1	11	83740	37	0.75
H4	Sample 88	2	1	12	88740	36.96	0.76
H4	Sample 88	2	1	13	93730	36.96	0.75
H4	Sample 88	2	1	14	98740	36.96	0.75
H4	Sample 88	2	1	15	103740	36.96	0.75
H5	Sample 89	2	1	1	33720	36.91	1.15
H5	Sample 89	2	1	2	38730	36.96	1.14
H5	Sample 89	2	1	3	43740	36.96	1.14
H5	Sample 89	2	1	4	48730	37	1.13
H5	Sample 89	2	1	5	53750	36.96	1.14
H5	Sample 89	2	1	6	58740	37	1.12
H5	Sample 89	2	1	7	63750	36.96	1.13
H5	Sample 89	2	1	8	68730	37	1.12
H5	Sample 89	2	1	9	73740	37	1.12
H5	Sample 89	2	1	10	78740	36.96	1.12
H5	Sample 89	2	1	11	83740	37	1.12
H5	Sample 89	2	1	12	88740	36.96	1.12
H5	Sample 89	2	1	13	93730	36.96	1.11
H5	Sample 89	2	1	14	98740	36.96	1.13
H5	Sample 89	2	1	15	103740	36.96	1.12
H6	Sample 90	2	1	1	33720	36.91	1.09
H6	Sample 90	2	1	2	38730	36.96	1.08
H6	Sample 90	2	1	3	43740	36.96	1.08
H6	Sample 90	2	1	4	48730	37	1.08
H6	Sample 90	2	1	5	53750	36.96	1.09
H6	Sample 90	2	1	6	58740	37	1.07
H6	Sample 90	2	1	7	63750	36.96	1.07
H6	Sample 90	2	1	8	68730	37	1.07
H6	Sample 90	2	1	9	73740	37	1.08
H6	Sample 90	2	1	10	78740	36.96	1.07
H6	Sample 90	2	1	11	83740	37	1.07
H6	Sample 90	2	1	12	88740	36.96	1.07
H6	Sample 90	2	1	13	93730	36.96	1.07
H6	Sample 90	2	1	14	98740	36.96	1.08
H6	Sample 90	2	1	15	103740	36.96	1.08
H7	Sample 91	2	1	1	33720	36.91	1.12
H7	Sample 91	2	1	2	38730	36.96	1.12
H7	Sample 91	2	1	3	43740	36.96	1.11
H7	Sample 91	2	1	4	48730	37	1.11
H7	Sample 91	2	1	5	53750	36.96	1.11
H7	Sample 91	2	1	6	58740	37	1.10
H7	Sample 91	2	1	7	63750	36.96	1.10
H7	Sample 91	2	1	8	68730	37	1.11
H7	Sample 91	2	1	9	73740	37	1.10
H7	Sample 91	2	1	10	78740	36.96	1.10
H7	Sample 91	2	1	11	83740	37	1.11
H7	Sample 91	2	1	12	88740	36.96	1.10
H7	Sample 91	2	1	13	93730	36.96	1.10
H7	Sample 91	2	1	14	98740	36.96	1.10
H7	Sample 91	2	1	15	103740	36.96	1.10
H8	Sample 92	2	1	1	33720	36.91	1.08
H8	Sample 92	2	1	2	38730	36.96	1.07
H8	Sample 92	2	1	3	43740	36.96	1.07
H8	Sample 92	2	1	4	48730	37	1.07
H8	Sample 92	2	1	5	53750	36.96	1.07
H8	Sample 92	2	1	6	58740	37	1.06
H8	Sample 92	2	1	7	63750	36.96	1.06
H8	Sample 92	2	1	8	68730	37	1.06
H8	Sample 92	2	1	9	73740	37	1.06
H8	Sample 92	2	1	10	78740	36.96	1.06
H8	Sample 92	2	1	11	83740	37	1.06
H8	Sample 92	2	1	12	88740	36.96	1.05
H8	Sample 92	2	1	13	93730	36.96	1.05
H8	Sample 92	2	1	14	98740	36.96	1.06
H8	Sample 92	2	1	15	103740	36.96	1.06
H9	Sample 93	2	1	1	33720	36.91	0.88
H9	Sample 93	2	1	2	38730	36.96	0.87
H9	Sample 93	2	1	3	43740	36.96	0.87
H9	Sample 93	2	1	4	48730	37	0.86
H9	Sample 93	2	1	5	53750	36.96	0.86
H9	Sample 93	2	1	6	58740	37	0.86
H9	Sample 93	2	1	7	63750	36.96	0.86
H9	Sample 93	2	1	8	68730	37	0.85
H9	Sample 93	2	1	9	73740	37	0.86
H9	Sample 93	2	1	10	78740	36.96	0.85
H9	Sample 93	2	1	11	83740	37	0.86
H9	Sample 93	2	1	12	88740	36.96	0.85
H9	Sample 93	2	1	13	93730	36.96	0.85
H9	Sample 93	2	1	14	98740	36.96	0.86
H9	Sample 93	2	1	15	103740	36.96	0.86
H10	Sample 94	2	1	1	33720	36.91	0.85
H10	Sample 94	2	1	2	38730	36.96	0.86
H10	Sample 94	2	1	3	43740	36.96	0.86
H10	Sample 94	2	1	4	48730	37	0.85
H10	Sample 94	2	1	5	53750	36.96	0.85
H10	Sample 94	2	1	6	58740	37	0.84
H10	Sample 94	2	1	7	63750	36.96	0.84
H10	Sample 94	2	1	8	68730	37	0.84
H10	Sample 94	2	1	9	73740	37	0.84
H10	Sample 94	2	1	10	78740	36.96	0.84
H10	Sample 94	2	1	11	83740	37	0.85
H10	Sample 94	2	1	12	88740	36.96	0.84
H10	Sample 94	2	1	13	93730	36.96	0.84
H10	Sample 94	2	1	14	98740	36.96	0.85
H10	Sample 94	2	1	15	103740	36.96	0.84
H11	Sample 95	2	1	1	33720	36.91	0.83
H11	Sample 95	2	1	2	38730	36.96	0.83
H11	Sample 95	2	1	3	43740	36.96	0.82
H11	Sample 95	2	1	4	48730	37	0.82
H11	Sample 95	2	1	5	53750	36.96	0.83
H11	Sample 95	2	1	6	58740	37	0.82
H11	Sample 95	2	1	7	63750	36.96	0.82
H11	Sample 95	2	1	8	68730	37	0.82
H11	Sample 95	2	1	9	73740	37	0.82
H11	Sample 95	2	1	10	78740	36.96	0.81
H11	Sample 95	2	1	11	83740	37	0.82
H11	Sample 95	2	1	12	88740	36.96	0.81
H11	Sample 95	2	1	13	93730	36.96	0.80
H11	Sample 95	2	1	14	98740	36.96	0.82
H11	Sample 95	2	1	15	103740	36.96	0.81
H12	Sample 96	2	1	1	33720	36.91	0.81
H12	Sample 96	2	1	2	38730	36.96	0.80
H12	Sample 96	2	1	3	43740	36.96	0.80
H12	Sample 96	2	1	4	48730	37	0.80
H12	Sample 96	2	1	5	53750	36.96	0.80
H12	Sample 96	2	1	6	58740	37	0.80
H12	Sample 96	2	1	7	63750	36.96	0.79
H12	Sample 96	2	1	8	68730	37	0.79
H12	Sample 96	2	1	9	73740	37	0.79
H12	Sample 96	2	1	10	78740	36.96	0.80
H12	Sample 96	2	1	11	83740	37	0.79
H12	Sample 96	2	1	12	88740	36.96	0.79
H12	Sample 96	2	1	13	93730	36.96	0.78
H12	Sample 96	2	1	14	98740	36.96	0.79
H12	Sample 96	2	1	15	103740	36.96	0.79
