Raw Data 		Experiment - evIC50_5_plate5_15APRIL2026 (Run on LCS480 1.5.1.62)
SamplePos	SampleName	Prog#	Seg#	Cycle#	Time	Temp	465-510	
A1	Sample 1	2	1	1	31110	36.96	1.13
A1	Sample 1	2	1	2	36120	36.96	1.12
A1	Sample 1	2	1	3	41120	36.96	1.12
A1	Sample 1	2	1	4	46130	36.96	1.13
A1	Sample 1	2	1	5	51120	37	1.13
A1	Sample 1	2	1	6	56120	37	1.12
A1	Sample 1	2	1	7	61140	37	1.12
A1	Sample 1	2	1	8	66140	37	1.12
A1	Sample 1	2	1	9	71120	36.96	1.12
A1	Sample 1	2	1	10	76130	36.96	1.12
A1	Sample 1	2	1	11	81120	36.96	1.12
A1	Sample 1	2	1	12	86120	37	1.12
A1	Sample 1	2	1	13	91120	37	1.11
A1	Sample 1	2	1	14	96120	37	1.11
A1	Sample 1	2	1	15	101130	37	1.12
A2	Sample 2	2	1	1	31110	36.96	1.15
A2	Sample 2	2	1	2	36120	36.96	1.15
A2	Sample 2	2	1	3	41120	36.96	1.14
A2	Sample 2	2	1	4	46130	36.96	1.14
A2	Sample 2	2	1	5	51120	37	1.14
A2	Sample 2	2	1	6	56120	37	1.14
A2	Sample 2	2	1	7	61140	37	1.14
A2	Sample 2	2	1	8	66140	37	1.14
A2	Sample 2	2	1	9	71120	36.96	1.14
A2	Sample 2	2	1	10	76130	36.96	1.14
A2	Sample 2	2	1	11	81120	36.96	1.14
A2	Sample 2	2	1	12	86120	37	1.14
A2	Sample 2	2	1	13	91120	37	1.13
A2	Sample 2	2	1	14	96120	37	1.14
A2	Sample 2	2	1	15	101130	37	1.14
A3	Sample 3	2	1	1	31110	36.96	1.32
A3	Sample 3	2	1	2	36120	36.96	1.32
A3	Sample 3	2	1	3	41120	36.96	1.32
A3	Sample 3	2	1	4	46130	36.96	1.32
A3	Sample 3	2	1	5	51120	37	1.31
A3	Sample 3	2	1	6	56120	37	1.31
A3	Sample 3	2	1	7	61140	37	1.31
A3	Sample 3	2	1	8	66140	37	1.31
A3	Sample 3	2	1	9	71120	36.96	1.31
A3	Sample 3	2	1	10	76130	36.96	1.31
A3	Sample 3	2	1	11	81120	36.96	1.31
A3	Sample 3	2	1	12	86120	37	1.31
A3	Sample 3	2	1	13	91120	37	1.31
A3	Sample 3	2	1	14	96120	37	1.31
A3	Sample 3	2	1	15	101130	37	1.31
A4	Sample 4	2	1	1	31110	36.96	1.38
A4	Sample 4	2	1	2	36120	36.96	1.38
A4	Sample 4	2	1	3	41120	36.96	1.37
A4	Sample 4	2	1	4	46130	36.96	1.36
A4	Sample 4	2	1	5	51120	37	1.37
A4	Sample 4	2	1	6	56120	37	1.36
A4	Sample 4	2	1	7	61140	37	1.36
A4	Sample 4	2	1	8	66140	37	1.37
A4	Sample 4	2	1	9	71120	36.96	1.37
A4	Sample 4	2	1	10	76130	36.96	1.36
A4	Sample 4	2	1	11	81120	36.96	1.37
A4	Sample 4	2	1	12	86120	37	1.36
A4	Sample 4	2	1	13	91120	37	1.36
A4	Sample 4	2	1	14	96120	37	1.36
A4	Sample 4	2	1	15	101130	37	1.37
A5	Sample 5	2	1	1	31110	36.96	2.04
A5	Sample 5	2	1	2	36120	36.96	2.04
A5	Sample 5	2	1	3	41120	36.96	2.03
A5	Sample 5	2	1	4	46130	36.96	2.03
A5	Sample 5	2	1	5	51120	37	2.03
A5	Sample 5	2	1	6	56120	37	2.02
A5	Sample 5	2	1	7	61140	37	2.03
A5	Sample 5	2	1	8	66140	37	2.02
A5	Sample 5	2	1	9	71120	36.96	2.02
A5	Sample 5	2	1	10	76130	36.96	2.02
A5	Sample 5	2	1	11	81120	36.96	2.03
A5	Sample 5	2	1	12	86120	37	2.02
A5	Sample 5	2	1	13	91120	37	2.02
A5	Sample 5	2	1	14	96120	37	2.03
A5	Sample 5	2	1	15	101130	37	2.03
A6	Sample 6	2	1	1	31110	36.96	2.04
A6	Sample 6	2	1	2	36120	36.96	2.03
A6	Sample 6	2	1	3	41120	36.96	2.02
A6	Sample 6	2	1	4	46130	36.96	2.02
A6	Sample 6	2	1	5	51120	37	2.02
A6	Sample 6	2	1	6	56120	37	2.01
A6	Sample 6	2	1	7	61140	37	2.02
A6	Sample 6	2	1	8	66140	37	2.03
A6	Sample 6	2	1	9	71120	36.96	2.02
A6	Sample 6	2	1	10	76130	36.96	2.02
A6	Sample 6	2	1	11	81120	36.96	2.02
A6	Sample 6	2	1	12	86120	37	2.02
A6	Sample 6	2	1	13	91120	37	2.02
A6	Sample 6	2	1	14	96120	37	2.02
A6	Sample 6	2	1	15	101130	37	2.02
A7	Sample 7	2	1	1	31110	36.96	2.06
A7	Sample 7	2	1	2	36120	36.96	2.05
A7	Sample 7	2	1	3	41120	36.96	2.03
A7	Sample 7	2	1	4	46130	36.96	2.04
A7	Sample 7	2	1	5	51120	37	2.04
A7	Sample 7	2	1	6	56120	37	2.03
A7	Sample 7	2	1	7	61140	37	2.04
A7	Sample 7	2	1	8	66140	37	2.03
A7	Sample 7	2	1	9	71120	36.96	2.03
A7	Sample 7	2	1	10	76130	36.96	2.03
A7	Sample 7	2	1	11	81120	36.96	2.03
A7	Sample 7	2	1	12	86120	37	2.03
A7	Sample 7	2	1	13	91120	37	2.02
A7	Sample 7	2	1	14	96120	37	2.03
A7	Sample 7	2	1	15	101130	37	2.03
A8	Sample 8	2	1	1	31110	36.96	1.99
A8	Sample 8	2	1	2	36120	36.96	1.99
A8	Sample 8	2	1	3	41120	36.96	1.97
A8	Sample 8	2	1	4	46130	36.96	1.98
A8	Sample 8	2	1	5	51120	37	1.98
A8	Sample 8	2	1	6	56120	37	1.98
A8	Sample 8	2	1	7	61140	37	1.98
A8	Sample 8	2	1	8	66140	37	1.97
A8	Sample 8	2	1	9	71120	36.96	1.97
A8	Sample 8	2	1	10	76130	36.96	1.98
A8	Sample 8	2	1	11	81120	36.96	1.98
A8	Sample 8	2	1	12	86120	37	1.98
A8	Sample 8	2	1	13	91120	37	1.97
A8	Sample 8	2	1	14	96120	37	1.98
A8	Sample 8	2	1	15	101130	37	1.97
A9	Sample 9	2	1	1	31110	36.96	1.26
A9	Sample 9	2	1	2	36120	36.96	1.27
A9	Sample 9	2	1	3	41120	36.96	1.26
A9	Sample 9	2	1	4	46130	36.96	1.26
A9	Sample 9	2	1	5	51120	37	1.26
A9	Sample 9	2	1	6	56120	37	1.25
A9	Sample 9	2	1	7	61140	37	1.25
A9	Sample 9	2	1	8	66140	37	1.25
A9	Sample 9	2	1	9	71120	36.96	1.25
A9	Sample 9	2	1	10	76130	36.96	1.26
A9	Sample 9	2	1	11	81120	36.96	1.25
A9	Sample 9	2	1	12	86120	37	1.26
A9	Sample 9	2	1	13	91120	37	1.24
A9	Sample 9	2	1	14	96120	37	1.25
A9	Sample 9	2	1	15	101130	37	1.25
A10	Sample 10	2	1	1	31110	36.96	1.24
A10	Sample 10	2	1	2	36120	36.96	1.23
A10	Sample 10	2	1	3	41120	36.96	1.22
A10	Sample 10	2	1	4	46130	36.96	1.22
A10	Sample 10	2	1	5	51120	37	1.22
A10	Sample 10	2	1	6	56120	37	1.22
A10	Sample 10	2	1	7	61140	37	1.23
A10	Sample 10	2	1	8	66140	37	1.23
A10	Sample 10	2	1	9	71120	36.96	1.22
A10	Sample 10	2	1	10	76130	36.96	1.21
A10	Sample 10	2	1	11	81120	36.96	1.22
A10	Sample 10	2	1	12	86120	37	1.22
A10	Sample 10	2	1	13	91120	37	1.21
A10	Sample 10	2	1	14	96120	37	1.22
A10	Sample 10	2	1	15	101130	37	1.22
A11	Sample 11	2	1	1	31110	36.96	1.28
A11	Sample 11	2	1	2	36120	36.96	1.27
A11	Sample 11	2	1	3	41120	36.96	1.26
A11	Sample 11	2	1	4	46130	36.96	1.26
A11	Sample 11	2	1	5	51120	37	1.27
A11	Sample 11	2	1	6	56120	37	1.26
A11	Sample 11	2	1	7	61140	37	1.26
A11	Sample 11	2	1	8	66140	37	1.26
A11	Sample 11	2	1	9	71120	36.96	1.26
A11	Sample 11	2	1	10	76130	36.96	1.26
A11	Sample 11	2	1	11	81120	36.96	1.27
A11	Sample 11	2	1	12	86120	37	1.27
A11	Sample 11	2	1	13	91120	37	1.26
A11	Sample 11	2	1	14	96120	37	1.26
A11	Sample 11	2	1	15	101130	37	1.26
A12	Sample 12	2	1	1	31110	36.96	1.12
A12	Sample 12	2	1	2	36120	36.96	1.11
A12	Sample 12	2	1	3	41120	36.96	1.11
A12	Sample 12	2	1	4	46130	36.96	1.11
A12	Sample 12	2	1	5	51120	37	1.11
A12	Sample 12	2	1	6	56120	37	1.10
A12	Sample 12	2	1	7	61140	37	1.11
A12	Sample 12	2	1	8	66140	37	1.11
A12	Sample 12	2	1	9	71120	36.96	1.11
A12	Sample 12	2	1	10	76130	36.96	1.10
A12	Sample 12	2	1	11	81120	36.96	1.11
A12	Sample 12	2	1	12	86120	37	1.11
A12	Sample 12	2	1	13	91120	37	1.11
A12	Sample 12	2	1	14	96120	37	1.10
A12	Sample 12	2	1	15	101130	37	1.11
B1	Sample 13	2	1	1	31110	36.96	1.04
B1	Sample 13	2	1	2	36120	36.96	1.04
B1	Sample 13	2	1	3	41120	36.96	1.04
B1	Sample 13	2	1	4	46130	36.96	1.04
B1	Sample 13	2	1	5	51120	37	1.04
B1	Sample 13	2	1	6	56120	37	1.03
B1	Sample 13	2	1	7	61140	37	1.03
B1	Sample 13	2	1	8	66140	37	1.03
B1	Sample 13	2	1	9	71120	36.96	1.03
B1	Sample 13	2	1	10	76130	36.96	1.03
B1	Sample 13	2	1	11	81120	36.96	1.03
B1	Sample 13	2	1	12	86120	37	1.03
B1	Sample 13	2	1	13	91120	37	1.02
B1	Sample 13	2	1	14	96120	37	1.02
B1	Sample 13	2	1	15	101130	37	1.03
B2	Sample 14	2	1	1	31110	36.96	1.07
B2	Sample 14	2	1	2	36120	36.96	1.07
B2	Sample 14	2	1	3	41120	36.96	1.07
B2	Sample 14	2	1	4	46130	36.96	1.07
B2	Sample 14	2	1	5	51120	37	1.06
B2	Sample 14	2	1	6	56120	37	1.06
B2	Sample 14	2	1	7	61140	37	1.06
B2	Sample 14	2	1	8	66140	37	1.06
B2	Sample 14	2	1	9	71120	36.96	1.06
B2	Sample 14	2	1	10	76130	36.96	1.06
B2	Sample 14	2	1	11	81120	36.96	1.06
B2	Sample 14	2	1	12	86120	37	1.06
B2	Sample 14	2	1	13	91120	37	1.05
B2	Sample 14	2	1	14	96120	37	1.06
B2	Sample 14	2	1	15	101130	37	1.06
B3	Sample 15	2	1	1	31110	36.96	1.20
B3	Sample 15	2	1	2	36120	36.96	1.19
B3	Sample 15	2	1	3	41120	36.96	1.18
B3	Sample 15	2	1	4	46130	36.96	1.19
B3	Sample 15	2	1	5	51120	37	1.18
B3	Sample 15	2	1	6	56120	37	1.17
B3	Sample 15	2	1	7	61140	37	1.17
B3	Sample 15	2	1	8	66140	37	1.17
B3	Sample 15	2	1	9	71120	36.96	1.17
B3	Sample 15	2	1	10	76130	36.96	1.17
B3	Sample 15	2	1	11	81120	36.96	1.17
B3	Sample 15	2	1	12	86120	37	1.17
B3	Sample 15	2	1	13	91120	37	1.17
B3	Sample 15	2	1	14	96120	37	1.17
B3	Sample 15	2	1	15	101130	37	1.18
B4	Sample 16	2	1	1	31110	36.96	1.28
B4	Sample 16	2	1	2	36120	36.96	1.28
B4	Sample 16	2	1	3	41120	36.96	1.27
B4	Sample 16	2	1	4	46130	36.96	1.27
B4	Sample 16	2	1	5	51120	37	1.26
B4	Sample 16	2	1	6	56120	37	1.26
B4	Sample 16	2	1	7	61140	37	1.26
B4	Sample 16	2	1	8	66140	37	1.26
B4	Sample 16	2	1	9	71120	36.96	1.26
B4	Sample 16	2	1	10	76130	36.96	1.26
B4	Sample 16	2	1	11	81120	36.96	1.26
B4	Sample 16	2	1	12	86120	37	1.25
B4	Sample 16	2	1	13	91120	37	1.26
B4	Sample 16	2	1	14	96120	37	1.26
B4	Sample 16	2	1	15	101130	37	1.26
B5	Sample 17	2	1	1	31110	36.96	1.87
B5	Sample 17	2	1	2	36120	36.96	1.86
B5	Sample 17	2	1	3	41120	36.96	1.86
B5	Sample 17	2	1	4	46130	36.96	1.85
B5	Sample 17	2	1	5	51120	37	1.84
B5	Sample 17	2	1	6	56120	37	1.84
B5	Sample 17	2	1	7	61140	37	1.84
B5	Sample 17	2	1	8	66140	37	1.85
B5	Sample 17	2	1	9	71120	36.96	1.84
B5	Sample 17	2	1	10	76130	36.96	1.85
B5	Sample 17	2	1	11	81120	36.96	1.84
B5	Sample 17	2	1	12	86120	37	1.84
B5	Sample 17	2	1	13	91120	37	1.84
B5	Sample 17	2	1	14	96120	37	1.84
B5	Sample 17	2	1	15	101130	37	1.85
B6	Sample 18	2	1	1	31110	36.96	1.87
B6	Sample 18	2	1	2	36120	36.96	1.86
B6	Sample 18	2	1	3	41120	36.96	1.85
B6	Sample 18	2	1	4	46130	36.96	1.86
B6	Sample 18	2	1	5	51120	37	1.85
B6	Sample 18	2	1	6	56120	37	1.84
B6	Sample 18	2	1	7	61140	37	1.83
B6	Sample 18	2	1	8	66140	37	1.84
B6	Sample 18	2	1	9	71120	36.96	1.83
B6	Sample 18	2	1	10	76130	36.96	1.84
B6	Sample 18	2	1	11	81120	36.96	1.84
B6	Sample 18	2	1	12	86120	37	1.84
B6	Sample 18	2	1	13	91120	37	1.83
B6	Sample 18	2	1	14	96120	37	1.84
B6	Sample 18	2	1	15	101130	37	1.84
B7	Sample 19	2	1	1	31110	36.96	1.91
B7	Sample 19	2	1	2	36120	36.96	1.90
B7	Sample 19	2	1	3	41120	36.96	1.90
B7	Sample 19	2	1	4	46130	36.96	1.90
B7	Sample 19	2	1	5	51120	37	1.89
B7	Sample 19	2	1	6	56120	37	1.88
B7	Sample 19	2	1	7	61140	37	1.87
B7	Sample 19	2	1	8	66140	37	1.88
B7	Sample 19	2	1	9	71120	36.96	1.88
B7	Sample 19	2	1	10	76130	36.96	1.89
B7	Sample 19	2	1	11	81120	36.96	1.88
B7	Sample 19	2	1	12	86120	37	1.87
B7	Sample 19	2	1	13	91120	37	1.87
B7	Sample 19	2	1	14	96120	37	1.87
B7	Sample 19	2	1	15	101130	37	1.89
B8	Sample 20	2	1	1	31110	36.96	1.88
B8	Sample 20	2	1	2	36120	36.96	1.87
B8	Sample 20	2	1	3	41120	36.96	1.86
B8	Sample 20	2	1	4	46130	36.96	1.85
B8	Sample 20	2	1	5	51120	37	1.86
B8	Sample 20	2	1	6	56120	37	1.85
B8	Sample 20	2	1	7	61140	37	1.85
B8	Sample 20	2	1	8	66140	37	1.85
B8	Sample 20	2	1	9	71120	36.96	1.85
B8	Sample 20	2	1	10	76130	36.96	1.86
B8	Sample 20	2	1	11	81120	36.96	1.85
B8	Sample 20	2	1	12	86120	37	1.85
B8	Sample 20	2	1	13	91120	37	1.85
B8	Sample 20	2	1	14	96120	37	1.85
B8	Sample 20	2	1	15	101130	37	1.86
B9	Sample 21	2	1	1	31110	36.96	1.16
B9	Sample 21	2	1	2	36120	36.96	1.15
B9	Sample 21	2	1	3	41120	36.96	1.15
B9	Sample 21	2	1	4	46130	36.96	1.15
B9	Sample 21	2	1	5	51120	37	1.14
B9	Sample 21	2	1	6	56120	37	1.14
B9	Sample 21	2	1	7	61140	37	1.13
B9	Sample 21	2	1	8	66140	37	1.14
B9	Sample 21	2	1	9	71120	36.96	1.14
B9	Sample 21	2	1	10	76130	36.96	1.14
B9	Sample 21	2	1	11	81120	36.96	1.14
B9	Sample 21	2	1	12	86120	37	1.13
B9	Sample 21	2	1	13	91120	37	1.13
B9	Sample 21	2	1	14	96120	37	1.14
B9	Sample 21	2	1	15	101130	37	1.14
B10	Sample 22	2	1	1	31110	36.96	1.16
B10	Sample 22	2	1	2	36120	36.96	1.16
B10	Sample 22	2	1	3	41120	36.96	1.15
B10	Sample 22	2	1	4	46130	36.96	1.16
B10	Sample 22	2	1	5	51120	37	1.15
B10	Sample 22	2	1	6	56120	37	1.14
B10	Sample 22	2	1	7	61140	37	1.14
B10	Sample 22	2	1	8	66140	37	1.14
B10	Sample 22	2	1	9	71120	36.96	1.14
B10	Sample 22	2	1	10	76130	36.96	1.14
B10	Sample 22	2	1	11	81120	36.96	1.14
B10	Sample 22	2	1	12	86120	37	1.14
B10	Sample 22	2	1	13	91120	37	1.14
B10	Sample 22	2	1	14	96120	37	1.14
B10	Sample 22	2	1	15	101130	37	1.14
B11	Sample 23	2	1	1	31110	36.96	1.27
B11	Sample 23	2	1	2	36120	36.96	1.27
B11	Sample 23	2	1	3	41120	36.96	1.27
B11	Sample 23	2	1	4	46130	36.96	1.26
B11	Sample 23	2	1	5	51120	37	1.26
B11	Sample 23	2	1	6	56120	37	1.26
B11	Sample 23	2	1	7	61140	37	1.25
B11	Sample 23	2	1	8	66140	37	1.26
B11	Sample 23	2	1	9	71120	36.96	1.26
B11	Sample 23	2	1	10	76130	36.96	1.26
B11	Sample 23	2	1	11	81120	36.96	1.26
B11	Sample 23	2	1	12	86120	37	1.26
B11	Sample 23	2	1	13	91120	37	1.25
B11	Sample 23	2	1	14	96120	37	1.25
B11	Sample 23	2	1	15	101130	37	1.26
B12	Sample 24	2	1	1	31110	36.96	1.15
B12	Sample 24	2	1	2	36120	36.96	1.14
B12	Sample 24	2	1	3	41120	36.96	1.14
B12	Sample 24	2	1	4	46130	36.96	1.14
B12	Sample 24	2	1	5	51120	37	1.13
B12	Sample 24	2	1	6	56120	37	1.13
B12	Sample 24	2	1	7	61140	37	1.13
B12	Sample 24	2	1	8	66140	37	1.14
B12	Sample 24	2	1	9	71120	36.96	1.13
B12	Sample 24	2	1	10	76130	36.96	1.13
B12	Sample 24	2	1	11	81120	36.96	1.13
B12	Sample 24	2	1	12	86120	37	1.13
B12	Sample 24	2	1	13	91120	37	1.13
B12	Sample 24	2	1	14	96120	37	1.13
B12	Sample 24	2	1	15	101130	37	1.13
C1	Sample 25	2	1	1	31110	36.96	1.07
C1	Sample 25	2	1	2	36120	36.96	1.07
C1	Sample 25	2	1	3	41120	36.96	1.06
C1	Sample 25	2	1	4	46130	36.96	1.06
C1	Sample 25	2	1	5	51120	37	1.06
C1	Sample 25	2	1	6	56120	37	1.06
C1	Sample 25	2	1	7	61140	37	1.06
C1	Sample 25	2	1	8	66140	37	1.06
C1	Sample 25	2	1	9	71120	36.96	1.06
C1	Sample 25	2	1	10	76130	36.96	1.06
C1	Sample 25	2	1	11	81120	36.96	1.06
C1	Sample 25	2	1	12	86120	37	1.06
C1	Sample 25	2	1	13	91120	37	1.05
C1	Sample 25	2	1	14	96120	37	1.06
C1	Sample 25	2	1	15	101130	37	1.05
C2	Sample 26	2	1	1	31110	36.96	1.12
C2	Sample 26	2	1	2	36120	36.96	1.12
C2	Sample 26	2	1	3	41120	36.96	1.11
C2	Sample 26	2	1	4	46130	36.96	1.11
C2	Sample 26	2	1	5	51120	37	1.11
C2	Sample 26	2	1	6	56120	37	1.11
C2	Sample 26	2	1	7	61140	37	1.10
C2	Sample 26	2	1	8	66140	37	1.11
C2	Sample 26	2	1	9	71120	36.96	1.10
C2	Sample 26	2	1	10	76130	36.96	1.10
C2	Sample 26	2	1	11	81120	36.96	1.10
C2	Sample 26	2	1	12	86120	37	1.10
C2	Sample 26	2	1	13	91120	37	1.09
C2	Sample 26	2	1	14	96120	37	1.10
C2	Sample 26	2	1	15	101130	37	1.10
C3	Sample 27	2	1	1	31110	36.96	1.19
C3	Sample 27	2	1	2	36120	36.96	1.19
C3	Sample 27	2	1	3	41120	36.96	1.18
C3	Sample 27	2	1	4	46130	36.96	1.19
C3	Sample 27	2	1	5	51120	37	1.18
C3	Sample 27	2	1	6	56120	37	1.17
C3	Sample 27	2	1	7	61140	37	1.17
C3	Sample 27	2	1	8	66140	37	1.17
C3	Sample 27	2	1	9	71120	36.96	1.17
C3	Sample 27	2	1	10	76130	36.96	1.18
C3	Sample 27	2	1	11	81120	36.96	1.18
C3	Sample 27	2	1	12	86120	37	1.17
C3	Sample 27	2	1	13	91120	37	1.16
C3	Sample 27	2	1	14	96120	37	1.17
C3	Sample 27	2	1	15	101130	37	1.16
C4	Sample 28	2	1	1	31110	36.96	1.28
C4	Sample 28	2	1	2	36120	36.96	1.28
C4	Sample 28	2	1	3	41120	36.96	1.27
C4	Sample 28	2	1	4	46130	36.96	1.27
C4	Sample 28	2	1	5	51120	37	1.26
C4	Sample 28	2	1	6	56120	37	1.26
C4	Sample 28	2	1	7	61140	37	1.26
C4	Sample 28	2	1	8	66140	37	1.26
C4	Sample 28	2	1	9	71120	36.96	1.26
C4	Sample 28	2	1	10	76130	36.96	1.26
C4	Sample 28	2	1	11	81120	36.96	1.26
C4	Sample 28	2	1	12	86120	37	1.25
C4	Sample 28	2	1	13	91120	37	1.25
C4	Sample 28	2	1	14	96120	37	1.26
C4	Sample 28	2	1	15	101130	37	1.25
C5	Sample 29	2	1	1	31110	36.96	1.84
C5	Sample 29	2	1	2	36120	36.96	1.84
C5	Sample 29	2	1	3	41120	36.96	1.84
C5	Sample 29	2	1	4	46130	36.96	1.83
C5	Sample 29	2	1	5	51120	37	1.83
C5	Sample 29	2	1	6	56120	37	1.82
C5	Sample 29	2	1	7	61140	37	1.82
C5	Sample 29	2	1	8	66140	37	1.82
C5	Sample 29	2	1	9	71120	36.96	1.82
C5	Sample 29	2	1	10	76130	36.96	1.83
C5	Sample 29	2	1	11	81120	36.96	1.83
C5	Sample 29	2	1	12	86120	37	1.82
C5	Sample 29	2	1	13	91120	37	1.81
C5	Sample 29	2	1	14	96120	37	1.82
C5	Sample 29	2	1	15	101130	37	1.82
C6	Sample 30	2	1	1	31110	36.96	1.89
C6	Sample 30	2	1	2	36120	36.96	1.89
C6	Sample 30	2	1	3	41120	36.96	1.88
C6	Sample 30	2	1	4	46130	36.96	1.87
C6	Sample 30	2	1	5	51120	37	1.87
C6	Sample 30	2	1	6	56120	37	1.87
C6	Sample 30	2	1	7	61140	37	1.87
C6	Sample 30	2	1	8	66140	37	1.87
C6	Sample 30	2	1	9	71120	36.96	1.86
C6	Sample 30	2	1	10	76130	36.96	1.87
C6	Sample 30	2	1	11	81120	36.96	1.87
C6	Sample 30	2	1	12	86120	37	1.86
C6	Sample 30	2	1	13	91120	37	1.86
C6	Sample 30	2	1	14	96120	37	1.86
C6	Sample 30	2	1	15	101130	37	1.86
C7	Sample 31	2	1	1	31110	36.96	1.94
C7	Sample 31	2	1	2	36120	36.96	1.93
C7	Sample 31	2	1	3	41120	36.96	1.92
C7	Sample 31	2	1	4	46130	36.96	1.92
C7	Sample 31	2	1	5	51120	37	1.91
C7	Sample 31	2	1	6	56120	37	1.91
C7	Sample 31	2	1	7	61140	37	1.91
C7	Sample 31	2	1	8	66140	37	1.91
C7	Sample 31	2	1	9	71120	36.96	1.90
C7	Sample 31	2	1	10	76130	36.96	1.91
C7	Sample 31	2	1	11	81120	36.96	1.90
C7	Sample 31	2	1	12	86120	37	1.90
C7	Sample 31	2	1	13	91120	37	1.89
C7	Sample 31	2	1	14	96120	37	1.91
C7	Sample 31	2	1	15	101130	37	1.90
C8	Sample 32	2	1	1	31110	36.96	1.91
C8	Sample 32	2	1	2	36120	36.96	1.91
C8	Sample 32	2	1	3	41120	36.96	1.90
C8	Sample 32	2	1	4	46130	36.96	1.89
C8	Sample 32	2	1	5	51120	37	1.89
C8	Sample 32	2	1	6	56120	37	1.88
C8	Sample 32	2	1	7	61140	37	1.89
C8	Sample 32	2	1	8	66140	37	1.89
C8	Sample 32	2	1	9	71120	36.96	1.88
C8	Sample 32	2	1	10	76130	36.96	1.88
C8	Sample 32	2	1	11	81120	36.96	1.89
C8	Sample 32	2	1	12	86120	37	1.88
C8	Sample 32	2	1	13	91120	37	1.88
C8	Sample 32	2	1	14	96120	37	1.88
C8	Sample 32	2	1	15	101130	37	1.88
C9	Sample 33	2	1	1	31110	36.96	1.21
C9	Sample 33	2	1	2	36120	36.96	1.20
C9	Sample 33	2	1	3	41120	36.96	1.19
C9	Sample 33	2	1	4	46130	36.96	1.19
C9	Sample 33	2	1	5	51120	37	1.19
C9	Sample 33	2	1	6	56120	37	1.18
C9	Sample 33	2	1	7	61140	37	1.18
C9	Sample 33	2	1	8	66140	37	1.19
C9	Sample 33	2	1	9	71120	36.96	1.19
C9	Sample 33	2	1	10	76130	36.96	1.19
C9	Sample 33	2	1	11	81120	36.96	1.20
C9	Sample 33	2	1	12	86120	37	1.19
C9	Sample 33	2	1	13	91120	37	1.18
C9	Sample 33	2	1	14	96120	37	1.19
C9	Sample 33	2	1	15	101130	37	1.18
C10	Sample 34	2	1	1	31110	36.96	1.16
C10	Sample 34	2	1	2	36120	36.96	1.15
C10	Sample 34	2	1	3	41120	36.96	1.14
C10	Sample 34	2	1	4	46130	36.96	1.15
C10	Sample 34	2	1	5	51120	37	1.14
C10	Sample 34	2	1	6	56120	37	1.14
C10	Sample 34	2	1	7	61140	37	1.14
C10	Sample 34	2	1	8	66140	37	1.14
C10	Sample 34	2	1	9	71120	36.96	1.14
C10	Sample 34	2	1	10	76130	36.96	1.14
C10	Sample 34	2	1	11	81120	36.96	1.15
C10	Sample 34	2	1	12	86120	37	1.14
C10	Sample 34	2	1	13	91120	37	1.13
C10	Sample 34	2	1	14	96120	37	1.13
C10	Sample 34	2	1	15	101130	37	1.14
C11	Sample 35	2	1	1	31110	36.96	1.24
C11	Sample 35	2	1	2	36120	36.96	1.23
C11	Sample 35	2	1	3	41120	36.96	1.24
C11	Sample 35	2	1	4	46130	36.96	1.22
C11	Sample 35	2	1	5	51120	37	1.23
C11	Sample 35	2	1	6	56120	37	1.23
C11	Sample 35	2	1	7	61140	37	1.22
C11	Sample 35	2	1	8	66140	37	1.22
C11	Sample 35	2	1	9	71120	36.96	1.22
C11	Sample 35	2	1	10	76130	36.96	1.22
C11	Sample 35	2	1	11	81120	36.96	1.23
C11	Sample 35	2	1	12	86120	37	1.22
C11	Sample 35	2	1	13	91120	37	1.22
C11	Sample 35	2	1	14	96120	37	1.22
C11	Sample 35	2	1	15	101130	37	1.21
C12	Sample 36	2	1	1	31110	36.96	1.14
C12	Sample 36	2	1	2	36120	36.96	1.13
C12	Sample 36	2	1	3	41120	36.96	1.12
C12	Sample 36	2	1	4	46130	36.96	1.13
C12	Sample 36	2	1	5	51120	37	1.12
C12	Sample 36	2	1	6	56120	37	1.12
C12	Sample 36	2	1	7	61140	37	1.12
C12	Sample 36	2	1	8	66140	37	1.12
C12	Sample 36	2	1	9	71120	36.96	1.12
C12	Sample 36	2	1	10	76130	36.96	1.12
C12	Sample 36	2	1	11	81120	36.96	1.13
C12	Sample 36	2	1	12	86120	37	1.12
C12	Sample 36	2	1	13	91120	37	1.12
C12	Sample 36	2	1	14	96120	37	1.12
C12	Sample 36	2	1	15	101130	37	1.12
D1	Sample 37	2	1	1	31110	36.96	1.08
D1	Sample 37	2	1	2	36120	36.96	1.08
D1	Sample 37	2	1	3	41120	36.96	1.08
D1	Sample 37	2	1	4	46130	36.96	1.07
D1	Sample 37	2	1	5	51120	37	1.07
D1	Sample 37	2	1	6	56120	37	1.07
D1	Sample 37	2	1	7	61140	37	1.07
D1	Sample 37	2	1	8	66140	37	1.07
D1	Sample 37	2	1	9	71120	36.96	1.07
D1	Sample 37	2	1	10	76130	36.96	1.07
D1	Sample 37	2	1	11	81120	36.96	1.08
D1	Sample 37	2	1	12	86120	37	1.06
D1	Sample 37	2	1	13	91120	37	1.06
D1	Sample 37	2	1	14	96120	37	1.08
D1	Sample 37	2	1	15	101130	37	1.07
D2	Sample 38	2	1	1	31110	36.96	1.10
D2	Sample 38	2	1	2	36120	36.96	1.10
D2	Sample 38	2	1	3	41120	36.96	1.10
D2	Sample 38	2	1	4	46130	36.96	1.10
D2	Sample 38	2	1	5	51120	37	1.09
D2	Sample 38	2	1	6	56120	37	1.10
D2	Sample 38	2	1	7	61140	37	1.09
D2	Sample 38	2	1	8	66140	37	1.09
D2	Sample 38	2	1	9	71120	36.96	1.09
D2	Sample 38	2	1	10	76130	36.96	1.09
D2	Sample 38	2	1	11	81120	36.96	1.10
D2	Sample 38	2	1	12	86120	37	1.09
D2	Sample 38	2	1	13	91120	37	1.09
D2	Sample 38	2	1	14	96120	37	1.09
D2	Sample 38	2	1	15	101130	37	1.10
D3	Sample 39	2	1	1	31110	36.96	1.30
D3	Sample 39	2	1	2	36120	36.96	1.31
D3	Sample 39	2	1	3	41120	36.96	1.29
D3	Sample 39	2	1	4	46130	36.96	1.30
D3	Sample 39	2	1	5	51120	37	1.29
D3	Sample 39	2	1	6	56120	37	1.29
D3	Sample 39	2	1	7	61140	37	1.29
D3	Sample 39	2	1	8	66140	37	1.29
D3	Sample 39	2	1	9	71120	36.96	1.29
D3	Sample 39	2	1	10	76130	36.96	1.29
D3	Sample 39	2	1	11	81120	36.96	1.29
D3	Sample 39	2	1	12	86120	37	1.28
D3	Sample 39	2	1	13	91120	37	1.28
D3	Sample 39	2	1	14	96120	37	1.29
D3	Sample 39	2	1	15	101130	37	1.29
D4	Sample 40	2	1	1	31110	36.96	1.34
D4	Sample 40	2	1	2	36120	36.96	1.35
D4	Sample 40	2	1	3	41120	36.96	1.34
D4	Sample 40	2	1	4	46130	36.96	1.32
D4	Sample 40	2	1	5	51120	37	1.32
D4	Sample 40	2	1	6	56120	37	1.32
D4	Sample 40	2	1	7	61140	37	1.32
D4	Sample 40	2	1	8	66140	37	1.32
D4	Sample 40	2	1	9	71120	36.96	1.31
D4	Sample 40	2	1	10	76130	36.96	1.31
D4	Sample 40	2	1	11	81120	36.96	1.32
D4	Sample 40	2	1	12	86120	37	1.31
D4	Sample 40	2	1	13	91120	37	1.30
D4	Sample 40	2	1	14	96120	37	1.32
D4	Sample 40	2	1	15	101130	37	1.32
D5	Sample 41	2	1	1	31110	36.96	1.81
D5	Sample 41	2	1	2	36120	36.96	1.80
D5	Sample 41	2	1	3	41120	36.96	1.80
D5	Sample 41	2	1	4	46130	36.96	1.79
D5	Sample 41	2	1	5	51120	37	1.79
D5	Sample 41	2	1	6	56120	37	1.79
D5	Sample 41	2	1	7	61140	37	1.79
D5	Sample 41	2	1	8	66140	37	1.78
D5	Sample 41	2	1	9	71120	36.96	1.79
D5	Sample 41	2	1	10	76130	36.96	1.79
D5	Sample 41	2	1	11	81120	36.96	1.79
D5	Sample 41	2	1	12	86120	37	1.78
D5	Sample 41	2	1	13	91120	37	1.77
D5	Sample 41	2	1	14	96120	37	1.78
D5	Sample 41	2	1	15	101130	37	1.79
D6	Sample 42	2	1	1	31110	36.96	1.81
D6	Sample 42	2	1	2	36120	36.96	1.81
D6	Sample 42	2	1	3	41120	36.96	1.80
D6	Sample 42	2	1	4	46130	36.96	1.79
D6	Sample 42	2	1	5	51120	37	1.78
D6	Sample 42	2	1	6	56120	37	1.78
D6	Sample 42	2	1	7	61140	37	1.78
D6	Sample 42	2	1	8	66140	37	1.78
D6	Sample 42	2	1	9	71120	36.96	1.78
D6	Sample 42	2	1	10	76130	36.96	1.79
D6	Sample 42	2	1	11	81120	36.96	1.78
D6	Sample 42	2	1	12	86120	37	1.78
D6	Sample 42	2	1	13	91120	37	1.77
D6	Sample 42	2	1	14	96120	37	1.77
D6	Sample 42	2	1	15	101130	37	1.78
D7	Sample 43	2	1	1	31110	36.96	1.96
D7	Sample 43	2	1	2	36120	36.96	1.95
D7	Sample 43	2	1	3	41120	36.96	1.94
D7	Sample 43	2	1	4	46130	36.96	1.94
D7	Sample 43	2	1	5	51120	37	1.93
D7	Sample 43	2	1	6	56120	37	1.93
D7	Sample 43	2	1	7	61140	37	1.93
D7	Sample 43	2	1	8	66140	37	1.92
D7	Sample 43	2	1	9	71120	36.96	1.92
D7	Sample 43	2	1	10	76130	36.96	1.93
D7	Sample 43	2	1	11	81120	36.96	1.93
D7	Sample 43	2	1	12	86120	37	1.92
D7	Sample 43	2	1	13	91120	37	1.92
D7	Sample 43	2	1	14	96120	37	1.93
D7	Sample 43	2	1	15	101130	37	1.93
D8	Sample 44	2	1	1	31110	36.96	1.89
D8	Sample 44	2	1	2	36120	36.96	1.90
D8	Sample 44	2	1	3	41120	36.96	1.89
D8	Sample 44	2	1	4	46130	36.96	1.89
D8	Sample 44	2	1	5	51120	37	1.87
D8	Sample 44	2	1	6	56120	37	1.88
D8	Sample 44	2	1	7	61140	37	1.88
D8	Sample 44	2	1	8	66140	37	1.87
D8	Sample 44	2	1	9	71120	36.96	1.88
D8	Sample 44	2	1	10	76130	36.96	1.88
D8	Sample 44	2	1	11	81120	36.96	1.88
D8	Sample 44	2	1	12	86120	37	1.87
D8	Sample 44	2	1	13	91120	37	1.88
D8	Sample 44	2	1	14	96120	37	1.87
D8	Sample 44	2	1	15	101130	37	1.87
D9	Sample 45	2	1	1	31110	36.96	1.21
D9	Sample 45	2	1	2	36120	36.96	1.21
D9	Sample 45	2	1	3	41120	36.96	1.20
D9	Sample 45	2	1	4	46130	36.96	1.20
D9	Sample 45	2	1	5	51120	37	1.19
D9	Sample 45	2	1	6	56120	37	1.20
D9	Sample 45	2	1	7	61140	37	1.20
D9	Sample 45	2	1	8	66140	37	1.20
D9	Sample 45	2	1	9	71120	36.96	1.19
D9	Sample 45	2	1	10	76130	36.96	1.19
D9	Sample 45	2	1	11	81120	36.96	1.20
D9	Sample 45	2	1	12	86120	37	1.18
D9	Sample 45	2	1	13	91120	37	1.18
D9	Sample 45	2	1	14	96120	37	1.19
D9	Sample 45	2	1	15	101130	37	1.20
D10	Sample 46	2	1	1	31110	36.96	1.23
D10	Sample 46	2	1	2	36120	36.96	1.23
D10	Sample 46	2	1	3	41120	36.96	1.22
D10	Sample 46	2	1	4	46130	36.96	1.22
D10	Sample 46	2	1	5	51120	37	1.21
D10	Sample 46	2	1	6	56120	37	1.21
D10	Sample 46	2	1	7	61140	37	1.21
D10	Sample 46	2	1	8	66140	37	1.22
D10	Sample 46	2	1	9	71120	36.96	1.21
D10	Sample 46	2	1	10	76130	36.96	1.21
D10	Sample 46	2	1	11	81120	36.96	1.22
D10	Sample 46	2	1	12	86120	37	1.20
D10	Sample 46	2	1	13	91120	37	1.20
D10	Sample 46	2	1	14	96120	37	1.21
D10	Sample 46	2	1	15	101130	37	1.21
D11	Sample 47	2	1	1	31110	36.96	1.24
D11	Sample 47	2	1	2	36120	36.96	1.24
D11	Sample 47	2	1	3	41120	36.96	1.23
D11	Sample 47	2	1	4	46130	36.96	1.23
D11	Sample 47	2	1	5	51120	37	1.22
D11	Sample 47	2	1	6	56120	37	1.22
D11	Sample 47	2	1	7	61140	37	1.23
D11	Sample 47	2	1	8	66140	37	1.22
D11	Sample 47	2	1	9	71120	36.96	1.23
D11	Sample 47	2	1	10	76130	36.96	1.23
D11	Sample 47	2	1	11	81120	36.96	1.23
D11	Sample 47	2	1	12	86120	37	1.22
D11	Sample 47	2	1	13	91120	37	1.22
D11	Sample 47	2	1	14	96120	37	1.23
D11	Sample 47	2	1	15	101130	37	1.23
D12	Sample 48	2	1	1	31110	36.96	1.11
D12	Sample 48	2	1	2	36120	36.96	1.12
D12	Sample 48	2	1	3	41120	36.96	1.10
D12	Sample 48	2	1	4	46130	36.96	1.11
D12	Sample 48	2	1	5	51120	37	1.10
D12	Sample 48	2	1	6	56120	37	1.10
D12	Sample 48	2	1	7	61140	37	1.10
D12	Sample 48	2	1	8	66140	37	1.10
D12	Sample 48	2	1	9	71120	36.96	1.10
D12	Sample 48	2	1	10	76130	36.96	1.10
D12	Sample 48	2	1	11	81120	36.96	1.11
D12	Sample 48	2	1	12	86120	37	1.10
D12	Sample 48	2	1	13	91120	37	1.09
D12	Sample 48	2	1	14	96120	37	1.10
D12	Sample 48	2	1	15	101130	37	1.10
E1	Sample 49	2	1	1	31110	36.96	1.11
E1	Sample 49	2	1	2	36120	36.96	1.11
E1	Sample 49	2	1	3	41120	36.96	1.10
E1	Sample 49	2	1	4	46130	36.96	1.11
E1	Sample 49	2	1	5	51120	37	1.10
E1	Sample 49	2	1	6	56120	37	1.10
E1	Sample 49	2	1	7	61140	37	1.10
E1	Sample 49	2	1	8	66140	37	1.09
E1	Sample 49	2	1	9	71120	36.96	1.10
E1	Sample 49	2	1	10	76130	36.96	1.09
E1	Sample 49	2	1	11	81120	36.96	1.09
E1	Sample 49	2	1	12	86120	37	1.09
E1	Sample 49	2	1	13	91120	37	1.08
E1	Sample 49	2	1	14	96120	37	1.09
E1	Sample 49	2	1	15	101130	37	1.09
E2	Sample 50	2	1	1	31110	36.96	1.08
E2	Sample 50	2	1	2	36120	36.96	1.08
E2	Sample 50	2	1	3	41120	36.96	1.08
E2	Sample 50	2	1	4	46130	36.96	1.07
E2	Sample 50	2	1	5	51120	37	1.07
E2	Sample 50	2	1	6	56120	37	1.07
E2	Sample 50	2	1	7	61140	37	1.06
E2	Sample 50	2	1	8	66140	37	1.07
E2	Sample 50	2	1	9	71120	36.96	1.07
E2	Sample 50	2	1	10	76130	36.96	1.07
E2	Sample 50	2	1	11	81120	36.96	1.07
E2	Sample 50	2	1	12	86120	37	1.06
E2	Sample 50	2	1	13	91120	37	1.07
E2	Sample 50	2	1	14	96120	37	1.07
E2	Sample 50	2	1	15	101130	37	1.06
E3	Sample 51	2	1	1	31110	36.96	1.46
E3	Sample 51	2	1	2	36120	36.96	1.45
E3	Sample 51	2	1	3	41120	36.96	1.45
E3	Sample 51	2	1	4	46130	36.96	1.45
E3	Sample 51	2	1	5	51120	37	1.44
E3	Sample 51	2	1	6	56120	37	1.44
E3	Sample 51	2	1	7	61140	37	1.44
E3	Sample 51	2	1	8	66140	37	1.45
E3	Sample 51	2	1	9	71120	36.96	1.44
E3	Sample 51	2	1	10	76130	36.96	1.44
E3	Sample 51	2	1	11	81120	36.96	1.44
E3	Sample 51	2	1	12	86120	37	1.44
E3	Sample 51	2	1	13	91120	37	1.43
E3	Sample 51	2	1	14	96120	37	1.44
E3	Sample 51	2	1	15	101130	37	1.43
E4	Sample 52	2	1	1	31110	36.96	1.56
E4	Sample 52	2	1	2	36120	36.96	1.56
E4	Sample 52	2	1	3	41120	36.96	1.55
E4	Sample 52	2	1	4	46130	36.96	1.55
E4	Sample 52	2	1	5	51120	37	1.54
E4	Sample 52	2	1	6	56120	37	1.54
E4	Sample 52	2	1	7	61140	37	1.54
E4	Sample 52	2	1	8	66140	37	1.54
E4	Sample 52	2	1	9	71120	36.96	1.53
E4	Sample 52	2	1	10	76130	36.96	1.53
E4	Sample 52	2	1	11	81120	36.96	1.54
E4	Sample 52	2	1	12	86120	37	1.53
E4	Sample 52	2	1	13	91120	37	1.52
E4	Sample 52	2	1	14	96120	37	1.52
E4	Sample 52	2	1	15	101130	37	1.53
E5	Sample 53	2	1	1	31110	36.96	1.93
E5	Sample 53	2	1	2	36120	36.96	1.93
E5	Sample 53	2	1	3	41120	36.96	1.92
E5	Sample 53	2	1	4	46130	36.96	1.92
E5	Sample 53	2	1	5	51120	37	1.91
E5	Sample 53	2	1	6	56120	37	1.91
E5	Sample 53	2	1	7	61140	37	1.91
E5	Sample 53	2	1	8	66140	37	1.91
E5	Sample 53	2	1	9	71120	36.96	1.90
E5	Sample 53	2	1	10	76130	36.96	1.91
E5	Sample 53	2	1	11	81120	36.96	1.91
E5	Sample 53	2	1	12	86120	37	1.91
E5	Sample 53	2	1	13	91120	37	1.90
E5	Sample 53	2	1	14	96120	37	1.91
E5	Sample 53	2	1	15	101130	37	1.90
E6	Sample 54	2	1	1	31110	36.96	1.83
E6	Sample 54	2	1	2	36120	36.96	1.82
E6	Sample 54	2	1	3	41120	36.96	1.81
E6	Sample 54	2	1	4	46130	36.96	1.81
E6	Sample 54	2	1	5	51120	37	1.80
E6	Sample 54	2	1	6	56120	37	1.80
E6	Sample 54	2	1	7	61140	37	1.81
E6	Sample 54	2	1	8	66140	37	1.81
E6	Sample 54	2	1	9	71120	36.96	1.80
E6	Sample 54	2	1	10	76130	36.96	1.80
E6	Sample 54	2	1	11	81120	36.96	1.81
E6	Sample 54	2	1	12	86120	37	1.80
E6	Sample 54	2	1	13	91120	37	1.79
E6	Sample 54	2	1	14	96120	37	1.79
E6	Sample 54	2	1	15	101130	37	1.80
E7	Sample 55	2	1	1	31110	36.96	1.90
E7	Sample 55	2	1	2	36120	36.96	1.90
E7	Sample 55	2	1	3	41120	36.96	1.89
E7	Sample 55	2	1	4	46130	36.96	1.89
E7	Sample 55	2	1	5	51120	37	1.88
E7	Sample 55	2	1	6	56120	37	1.88
E7	Sample 55	2	1	7	61140	37	1.88
E7	Sample 55	2	1	8	66140	37	1.88
E7	Sample 55	2	1	9	71120	36.96	1.87
E7	Sample 55	2	1	10	76130	36.96	1.87
E7	Sample 55	2	1	11	81120	36.96	1.88
E7	Sample 55	2	1	12	86120	37	1.88
E7	Sample 55	2	1	13	91120	37	1.86
E7	Sample 55	2	1	14	96120	37	1.88
E7	Sample 55	2	1	15	101130	37	1.87
E8	Sample 56	2	1	1	31110	36.96	1.85
E8	Sample 56	2	1	2	36120	36.96	1.84
E8	Sample 56	2	1	3	41120	36.96	1.85
E8	Sample 56	2	1	4	46130	36.96	1.84
E8	Sample 56	2	1	5	51120	37	1.83
E8	Sample 56	2	1	6	56120	37	1.84
E8	Sample 56	2	1	7	61140	37	1.83
E8	Sample 56	2	1	8	66140	37	1.84
E8	Sample 56	2	1	9	71120	36.96	1.83
E8	Sample 56	2	1	10	76130	36.96	1.83
E8	Sample 56	2	1	11	81120	36.96	1.83
E8	Sample 56	2	1	12	86120	37	1.83
E8	Sample 56	2	1	13	91120	37	1.82
E8	Sample 56	2	1	14	96120	37	1.82
E8	Sample 56	2	1	15	101130	37	1.83
E9	Sample 57	2	1	1	31110	36.96	1.14
E9	Sample 57	2	1	2	36120	36.96	1.14
E9	Sample 57	2	1	3	41120	36.96	1.14
E9	Sample 57	2	1	4	46130	36.96	1.14
E9	Sample 57	2	1	5	51120	37	1.13
E9	Sample 57	2	1	6	56120	37	1.13
E9	Sample 57	2	1	7	61140	37	1.14
E9	Sample 57	2	1	8	66140	37	1.13
E9	Sample 57	2	1	9	71120	36.96	1.13
E9	Sample 57	2	1	10	76130	36.96	1.13
E9	Sample 57	2	1	11	81120	36.96	1.13
E9	Sample 57	2	1	12	86120	37	1.13
E9	Sample 57	2	1	13	91120	37	1.12
E9	Sample 57	2	1	14	96120	37	1.13
E9	Sample 57	2	1	15	101130	37	1.13
E10	Sample 58	2	1	1	31110	36.96	1.14
E10	Sample 58	2	1	2	36120	36.96	1.14
E10	Sample 58	2	1	3	41120	36.96	1.13
E10	Sample 58	2	1	4	46130	36.96	1.13
E10	Sample 58	2	1	5	51120	37	1.13
E10	Sample 58	2	1	6	56120	37	1.12
E10	Sample 58	2	1	7	61140	37	1.13
E10	Sample 58	2	1	8	66140	37	1.12
E10	Sample 58	2	1	9	71120	36.96	1.12
E10	Sample 58	2	1	10	76130	36.96	1.12
E10	Sample 58	2	1	11	81120	36.96	1.12
E10	Sample 58	2	1	12	86120	37	1.12
E10	Sample 58	2	1	13	91120	37	1.12
E10	Sample 58	2	1	14	96120	37	1.12
E10	Sample 58	2	1	15	101130	37	1.12
E11	Sample 59	2	1	1	31110	36.96	1.37
E11	Sample 59	2	1	2	36120	36.96	1.37
E11	Sample 59	2	1	3	41120	36.96	1.36
E11	Sample 59	2	1	4	46130	36.96	1.36
E11	Sample 59	2	1	5	51120	37	1.36
E11	Sample 59	2	1	6	56120	37	1.35
E11	Sample 59	2	1	7	61140	37	1.35
E11	Sample 59	2	1	8	66140	37	1.36
E11	Sample 59	2	1	9	71120	36.96	1.35
E11	Sample 59	2	1	10	76130	36.96	1.35
E11	Sample 59	2	1	11	81120	36.96	1.36
E11	Sample 59	2	1	12	86120	37	1.35
E11	Sample 59	2	1	13	91120	37	1.35
E11	Sample 59	2	1	14	96120	37	1.35
E11	Sample 59	2	1	15	101130	37	1.35
E12	Sample 60	2	1	1	31110	36.96	1.26
E12	Sample 60	2	1	2	36120	36.96	1.26
E12	Sample 60	2	1	3	41120	36.96	1.25
E12	Sample 60	2	1	4	46130	36.96	1.26
E12	Sample 60	2	1	5	51120	37	1.25
E12	Sample 60	2	1	6	56120	37	1.25
E12	Sample 60	2	1	7	61140	37	1.25
E12	Sample 60	2	1	8	66140	37	1.25
E12	Sample 60	2	1	9	71120	36.96	1.25
E12	Sample 60	2	1	10	76130	36.96	1.25
E12	Sample 60	2	1	11	81120	36.96	1.26
E12	Sample 60	2	1	12	86120	37	1.25
E12	Sample 60	2	1	13	91120	37	1.25
E12	Sample 60	2	1	14	96120	37	1.25
E12	Sample 60	2	1	15	101130	37	1.25
F1	Sample 61	2	1	1	31110	36.96	1.11
F1	Sample 61	2	1	2	36120	36.96	1.11
F1	Sample 61	2	1	3	41120	36.96	1.11
F1	Sample 61	2	1	4	46130	36.96	1.11
F1	Sample 61	2	1	5	51120	37	1.10
F1	Sample 61	2	1	6	56120	37	1.10
F1	Sample 61	2	1	7	61140	37	1.10
F1	Sample 61	2	1	8	66140	37	1.10
F1	Sample 61	2	1	9	71120	36.96	1.10
F1	Sample 61	2	1	10	76130	36.96	1.10
F1	Sample 61	2	1	11	81120	36.96	1.11
F1	Sample 61	2	1	12	86120	37	1.10
F1	Sample 61	2	1	13	91120	37	1.09
F1	Sample 61	2	1	14	96120	37	1.11
F1	Sample 61	2	1	15	101130	37	1.10
F2	Sample 62	2	1	1	31110	36.96	1.14
F2	Sample 62	2	1	2	36120	36.96	1.13
F2	Sample 62	2	1	3	41120	36.96	1.12
F2	Sample 62	2	1	4	46130	36.96	1.13
F2	Sample 62	2	1	5	51120	37	1.12
F2	Sample 62	2	1	6	56120	37	1.12
F2	Sample 62	2	1	7	61140	37	1.12
F2	Sample 62	2	1	8	66140	37	1.12
F2	Sample 62	2	1	9	71120	36.96	1.12
F2	Sample 62	2	1	10	76130	36.96	1.12
F2	Sample 62	2	1	11	81120	36.96	1.13
F2	Sample 62	2	1	12	86120	37	1.12
F2	Sample 62	2	1	13	91120	37	1.11
F2	Sample 62	2	1	14	96120	37	1.13
F2	Sample 62	2	1	15	101130	37	1.12
F3	Sample 63	2	1	1	31110	36.96	1.72
F3	Sample 63	2	1	2	36120	36.96	1.71
F3	Sample 63	2	1	3	41120	36.96	1.71
F3	Sample 63	2	1	4	46130	36.96	1.70
F3	Sample 63	2	1	5	51120	37	1.71
F3	Sample 63	2	1	6	56120	37	1.70
F3	Sample 63	2	1	7	61140	37	1.70
F3	Sample 63	2	1	8	66140	37	1.70
F3	Sample 63	2	1	9	71120	36.96	1.70
F3	Sample 63	2	1	10	76130	36.96	1.70
F3	Sample 63	2	1	11	81120	36.96	1.70
F3	Sample 63	2	1	12	86120	37	1.69
F3	Sample 63	2	1	13	91120	37	1.69
F3	Sample 63	2	1	14	96120	37	1.69
F3	Sample 63	2	1	15	101130	37	1.70
F4	Sample 64	2	1	1	31110	36.96	1.81
F4	Sample 64	2	1	2	36120	36.96	1.81
F4	Sample 64	2	1	3	41120	36.96	1.80
F4	Sample 64	2	1	4	46130	36.96	1.80
F4	Sample 64	2	1	5	51120	37	1.80
F4	Sample 64	2	1	6	56120	37	1.79
F4	Sample 64	2	1	7	61140	37	1.79
F4	Sample 64	2	1	8	66140	37	1.79
F4	Sample 64	2	1	9	71120	36.96	1.79
F4	Sample 64	2	1	10	76130	36.96	1.78
F4	Sample 64	2	1	11	81120	36.96	1.80
F4	Sample 64	2	1	12	86120	37	1.79
F4	Sample 64	2	1	13	91120	37	1.78
F4	Sample 64	2	1	14	96120	37	1.78
F4	Sample 64	2	1	15	101130	37	1.79
F5	Sample 65	2	1	1	31110	36.96	1.88
F5	Sample 65	2	1	2	36120	36.96	1.88
F5	Sample 65	2	1	3	41120	36.96	1.87
F5	Sample 65	2	1	4	46130	36.96	1.87
F5	Sample 65	2	1	5	51120	37	1.86
F5	Sample 65	2	1	6	56120	37	1.85
F5	Sample 65	2	1	7	61140	37	1.86
F5	Sample 65	2	1	8	66140	37	1.85
F5	Sample 65	2	1	9	71120	36.96	1.86
F5	Sample 65	2	1	10	76130	36.96	1.85
F5	Sample 65	2	1	11	81120	36.96	1.86
F5	Sample 65	2	1	12	86120	37	1.85
F5	Sample 65	2	1	13	91120	37	1.85
F5	Sample 65	2	1	14	96120	37	1.85
F5	Sample 65	2	1	15	101130	37	1.85
F6	Sample 66	2	1	1	31110	36.96	1.79
F6	Sample 66	2	1	2	36120	36.96	1.78
F6	Sample 66	2	1	3	41120	36.96	1.79
F6	Sample 66	2	1	4	46130	36.96	1.78
F6	Sample 66	2	1	5	51120	37	1.77
F6	Sample 66	2	1	6	56120	37	1.77
F6	Sample 66	2	1	7	61140	37	1.76
F6	Sample 66	2	1	8	66140	37	1.77
F6	Sample 66	2	1	9	71120	36.96	1.77
F6	Sample 66	2	1	10	76130	36.96	1.76
F6	Sample 66	2	1	11	81120	36.96	1.77
F6	Sample 66	2	1	12	86120	37	1.76
F6	Sample 66	2	1	13	91120	37	1.76
F6	Sample 66	2	1	14	96120	37	1.77
F6	Sample 66	2	1	15	101130	37	1.76
F7	Sample 67	2	1	1	31110	36.96	2.03
F7	Sample 67	2	1	2	36120	36.96	2.03
F7	Sample 67	2	1	3	41120	36.96	2.02
F7	Sample 67	2	1	4	46130	36.96	2.03
F7	Sample 67	2	1	5	51120	37	2.02
F7	Sample 67	2	1	6	56120	37	2.01
F7	Sample 67	2	1	7	61140	37	2.01
F7	Sample 67	2	1	8	66140	37	2.01
F7	Sample 67	2	1	9	71120	36.96	2.01
F7	Sample 67	2	1	10	76130	36.96	2.00
F7	Sample 67	2	1	11	81120	36.96	2.02
F7	Sample 67	2	1	12	86120	37	2.00
F7	Sample 67	2	1	13	91120	37	2.00
F7	Sample 67	2	1	14	96120	37	2.00
F7	Sample 67	2	1	15	101130	37	2.00
F8	Sample 68	2	1	1	31110	36.96	2.01
F8	Sample 68	2	1	2	36120	36.96	2.00
F8	Sample 68	2	1	3	41120	36.96	1.99
F8	Sample 68	2	1	4	46130	36.96	1.99
F8	Sample 68	2	1	5	51120	37	1.97
F8	Sample 68	2	1	6	56120	37	1.98
F8	Sample 68	2	1	7	61140	37	1.98
F8	Sample 68	2	1	8	66140	37	1.97
F8	Sample 68	2	1	9	71120	36.96	1.98
F8	Sample 68	2	1	10	76130	36.96	1.98
F8	Sample 68	2	1	11	81120	36.96	1.99
F8	Sample 68	2	1	12	86120	37	1.98
F8	Sample 68	2	1	13	91120	37	1.97
F8	Sample 68	2	1	14	96120	37	1.98
F8	Sample 68	2	1	15	101130	37	1.98
F9	Sample 69	2	1	1	31110	36.96	1.49
F9	Sample 69	2	1	2	36120	36.96	1.48
F9	Sample 69	2	1	3	41120	36.96	1.48
F9	Sample 69	2	1	4	46130	36.96	1.48
F9	Sample 69	2	1	5	51120	37	1.46
F9	Sample 69	2	1	6	56120	37	1.47
F9	Sample 69	2	1	7	61140	37	1.47
F9	Sample 69	2	1	8	66140	37	1.47
F9	Sample 69	2	1	9	71120	36.96	1.47
F9	Sample 69	2	1	10	76130	36.96	1.46
F9	Sample 69	2	1	11	81120	36.96	1.47
F9	Sample 69	2	1	12	86120	37	1.47
F9	Sample 69	2	1	13	91120	37	1.46
F9	Sample 69	2	1	14	96120	37	1.47
F9	Sample 69	2	1	15	101130	37	1.46
F10	Sample 70	2	1	1	31110	36.96	1.35
F10	Sample 70	2	1	2	36120	36.96	1.35
F10	Sample 70	2	1	3	41120	36.96	1.34
F10	Sample 70	2	1	4	46130	36.96	1.35
F10	Sample 70	2	1	5	51120	37	1.34
F10	Sample 70	2	1	6	56120	37	1.34
F10	Sample 70	2	1	7	61140	37	1.34
F10	Sample 70	2	1	8	66140	37	1.34
F10	Sample 70	2	1	9	71120	36.96	1.34
F10	Sample 70	2	1	10	76130	36.96	1.34
F10	Sample 70	2	1	11	81120	36.96	1.34
F10	Sample 70	2	1	12	86120	37	1.34
F10	Sample 70	2	1	13	91120	37	1.33
F10	Sample 70	2	1	14	96120	37	1.34
F10	Sample 70	2	1	15	101130	37	1.34
F11	Sample 71	2	1	1	31110	36.96	1.83
F11	Sample 71	2	1	2	36120	36.96	1.82
F11	Sample 71	2	1	3	41120	36.96	1.82
F11	Sample 71	2	1	4	46130	36.96	1.81
F11	Sample 71	2	1	5	51120	37	1.81
F11	Sample 71	2	1	6	56120	37	1.80
F11	Sample 71	2	1	7	61140	37	1.80
F11	Sample 71	2	1	8	66140	37	1.80
F11	Sample 71	2	1	9	71120	36.96	1.80
F11	Sample 71	2	1	10	76130	36.96	1.80
F11	Sample 71	2	1	11	81120	36.96	1.81
F11	Sample 71	2	1	12	86120	37	1.80
F11	Sample 71	2	1	13	91120	37	1.80
F11	Sample 71	2	1	14	96120	37	1.80
F11	Sample 71	2	1	15	101130	37	1.81
F12	Sample 72	2	1	1	31110	36.96	1.68
F12	Sample 72	2	1	2	36120	36.96	1.67
F12	Sample 72	2	1	3	41120	36.96	1.66
F12	Sample 72	2	1	4	46130	36.96	1.67
F12	Sample 72	2	1	5	51120	37	1.66
F12	Sample 72	2	1	6	56120	37	1.66
F12	Sample 72	2	1	7	61140	37	1.66
F12	Sample 72	2	1	8	66140	37	1.66
F12	Sample 72	2	1	9	71120	36.96	1.66
F12	Sample 72	2	1	10	76130	36.96	1.65
F12	Sample 72	2	1	11	81120	36.96	1.67
F12	Sample 72	2	1	12	86120	37	1.66
F12	Sample 72	2	1	13	91120	37	1.65
F12	Sample 72	2	1	14	96120	37	1.67
F12	Sample 72	2	1	15	101130	37	1.66
G1	Sample 73	2	1	1	31110	36.96	1.26
G1	Sample 73	2	1	2	36120	36.96	1.25
G1	Sample 73	2	1	3	41120	36.96	1.24
G1	Sample 73	2	1	4	46130	36.96	1.24
G1	Sample 73	2	1	5	51120	37	1.24
G1	Sample 73	2	1	6	56120	37	1.23
G1	Sample 73	2	1	7	61140	37	1.24
G1	Sample 73	2	1	8	66140	37	1.23
G1	Sample 73	2	1	9	71120	36.96	1.23
G1	Sample 73	2	1	10	76130	36.96	1.24
G1	Sample 73	2	1	11	81120	36.96	1.24
G1	Sample 73	2	1	12	86120	37	1.24
G1	Sample 73	2	1	13	91120	37	1.23
G1	Sample 73	2	1	14	96120	37	1.24
G1	Sample 73	2	1	15	101130	37	1.24
G2	Sample 74	2	1	1	31110	36.96	1.30
G2	Sample 74	2	1	2	36120	36.96	1.29
G2	Sample 74	2	1	3	41120	36.96	1.29
G2	Sample 74	2	1	4	46130	36.96	1.30
G2	Sample 74	2	1	5	51120	37	1.28
G2	Sample 74	2	1	6	56120	37	1.28
G2	Sample 74	2	1	7	61140	37	1.28
G2	Sample 74	2	1	8	66140	37	1.29
G2	Sample 74	2	1	9	71120	36.96	1.29
G2	Sample 74	2	1	10	76130	36.96	1.28
G2	Sample 74	2	1	11	81120	36.96	1.29
G2	Sample 74	2	1	12	86120	37	1.28
G2	Sample 74	2	1	13	91120	37	1.28
G2	Sample 74	2	1	14	96120	37	1.28
G2	Sample 74	2	1	15	101130	37	1.28
G3	Sample 75	2	1	1	31110	36.96	1.84
G3	Sample 75	2	1	2	36120	36.96	1.83
G3	Sample 75	2	1	3	41120	36.96	1.82
G3	Sample 75	2	1	4	46130	36.96	1.82
G3	Sample 75	2	1	5	51120	37	1.82
G3	Sample 75	2	1	6	56120	37	1.82
G3	Sample 75	2	1	7	61140	37	1.81
G3	Sample 75	2	1	8	66140	37	1.81
G3	Sample 75	2	1	9	71120	36.96	1.81
G3	Sample 75	2	1	10	76130	36.96	1.81
G3	Sample 75	2	1	11	81120	36.96	1.82
G3	Sample 75	2	1	12	86120	37	1.80
G3	Sample 75	2	1	13	91120	37	1.80
G3	Sample 75	2	1	14	96120	37	1.81
G3	Sample 75	2	1	15	101130	37	1.80
G4	Sample 76	2	1	1	31110	36.96	1.88
G4	Sample 76	2	1	2	36120	36.96	1.87
G4	Sample 76	2	1	3	41120	36.96	1.87
G4	Sample 76	2	1	4	46130	36.96	1.87
G4	Sample 76	2	1	5	51120	37	1.86
G4	Sample 76	2	1	6	56120	37	1.86
G4	Sample 76	2	1	7	61140	37	1.87
G4	Sample 76	2	1	8	66140	37	1.86
G4	Sample 76	2	1	9	71120	36.96	1.85
G4	Sample 76	2	1	10	76130	36.96	1.85
G4	Sample 76	2	1	11	81120	36.96	1.86
G4	Sample 76	2	1	12	86120	37	1.85
G4	Sample 76	2	1	13	91120	37	1.85
G4	Sample 76	2	1	14	96120	37	1.85
G4	Sample 76	2	1	15	101130	37	1.85
G5	Sample 77	2	1	1	31110	36.96	1.96
G5	Sample 77	2	1	2	36120	36.96	1.96
G5	Sample 77	2	1	3	41120	36.96	1.94
G5	Sample 77	2	1	4	46130	36.96	1.94
G5	Sample 77	2	1	5	51120	37	1.94
G5	Sample 77	2	1	6	56120	37	1.94
G5	Sample 77	2	1	7	61140	37	1.94
G5	Sample 77	2	1	8	66140	37	1.94
G5	Sample 77	2	1	9	71120	36.96	1.94
G5	Sample 77	2	1	10	76130	36.96	1.93
G5	Sample 77	2	1	11	81120	36.96	1.93
G5	Sample 77	2	1	12	86120	37	1.93
G5	Sample 77	2	1	13	91120	37	1.94
G5	Sample 77	2	1	14	96120	37	1.94
G5	Sample 77	2	1	15	101130	37	1.93
G6	Sample 78	2	1	1	31110	36.96	1.86
G6	Sample 78	2	1	2	36120	36.96	1.85
G6	Sample 78	2	1	3	41120	36.96	1.85
G6	Sample 78	2	1	4	46130	36.96	1.84
G6	Sample 78	2	1	5	51120	37	1.84
G6	Sample 78	2	1	6	56120	37	1.83
G6	Sample 78	2	1	7	61140	37	1.84
G6	Sample 78	2	1	8	66140	37	1.83
G6	Sample 78	2	1	9	71120	36.96	1.83
G6	Sample 78	2	1	10	76130	36.96	1.83
G6	Sample 78	2	1	11	81120	36.96	1.84
G6	Sample 78	2	1	12	86120	37	1.83
G6	Sample 78	2	1	13	91120	37	1.84
G6	Sample 78	2	1	14	96120	37	1.84
G6	Sample 78	2	1	15	101130	37	1.83
G7	Sample 79	2	1	1	31110	36.96	2.00
G7	Sample 79	2	1	2	36120	36.96	2.00
G7	Sample 79	2	1	3	41120	36.96	1.99
G7	Sample 79	2	1	4	46130	36.96	1.99
G7	Sample 79	2	1	5	51120	37	1.99
G7	Sample 79	2	1	6	56120	37	1.97
G7	Sample 79	2	1	7	61140	37	1.98
G7	Sample 79	2	1	8	66140	37	1.99
G7	Sample 79	2	1	9	71120	36.96	1.99
G7	Sample 79	2	1	10	76130	36.96	1.98
G7	Sample 79	2	1	11	81120	36.96	1.98
G7	Sample 79	2	1	12	86120	37	1.98
G7	Sample 79	2	1	13	91120	37	1.98
G7	Sample 79	2	1	14	96120	37	1.98
G7	Sample 79	2	1	15	101130	37	1.98
G8	Sample 80	2	1	1	31110	36.96	1.99
G8	Sample 80	2	1	2	36120	36.96	1.99
G8	Sample 80	2	1	3	41120	36.96	1.99
G8	Sample 80	2	1	4	46130	36.96	1.99
G8	Sample 80	2	1	5	51120	37	1.97
G8	Sample 80	2	1	6	56120	37	1.97
G8	Sample 80	2	1	7	61140	37	1.97
G8	Sample 80	2	1	8	66140	37	1.97
G8	Sample 80	2	1	9	71120	36.96	1.96
G8	Sample 80	2	1	10	76130	36.96	1.97
G8	Sample 80	2	1	11	81120	36.96	1.98
G8	Sample 80	2	1	12	86120	37	1.97
G8	Sample 80	2	1	13	91120	37	1.97
G8	Sample 80	2	1	14	96120	37	1.97
G8	Sample 80	2	1	15	101130	37	1.97
G9	Sample 81	2	1	1	31110	36.96	1.81
G9	Sample 81	2	1	2	36120	36.96	1.80
G9	Sample 81	2	1	3	41120	36.96	1.79
G9	Sample 81	2	1	4	46130	36.96	1.79
G9	Sample 81	2	1	5	51120	37	1.79
G9	Sample 81	2	1	6	56120	37	1.79
G9	Sample 81	2	1	7	61140	37	1.79
G9	Sample 81	2	1	8	66140	37	1.79
G9	Sample 81	2	1	9	71120	36.96	1.78
G9	Sample 81	2	1	10	76130	36.96	1.79
G9	Sample 81	2	1	11	81120	36.96	1.79
G9	Sample 81	2	1	12	86120	37	1.78
G9	Sample 81	2	1	13	91120	37	1.78
G9	Sample 81	2	1	14	96120	37	1.79
G9	Sample 81	2	1	15	101130	37	1.79
G10	Sample 82	2	1	1	31110	36.96	1.67
G10	Sample 82	2	1	2	36120	36.96	1.67
G10	Sample 82	2	1	3	41120	36.96	1.66
G10	Sample 82	2	1	4	46130	36.96	1.66
G10	Sample 82	2	1	5	51120	37	1.65
G10	Sample 82	2	1	6	56120	37	1.65
G10	Sample 82	2	1	7	61140	37	1.65
G10	Sample 82	2	1	8	66140	37	1.65
G10	Sample 82	2	1	9	71120	36.96	1.64
G10	Sample 82	2	1	10	76130	36.96	1.65
G10	Sample 82	2	1	11	81120	36.96	1.65
G10	Sample 82	2	1	12	86120	37	1.65
G10	Sample 82	2	1	13	91120	37	1.64
G10	Sample 82	2	1	14	96120	37	1.65
G10	Sample 82	2	1	15	101130	37	1.65
G11	Sample 83	2	1	1	31110	36.96	1.92
G11	Sample 83	2	1	2	36120	36.96	1.90
G11	Sample 83	2	1	3	41120	36.96	1.89
G11	Sample 83	2	1	4	46130	36.96	1.89
G11	Sample 83	2	1	5	51120	37	1.88
G11	Sample 83	2	1	6	56120	37	1.88
G11	Sample 83	2	1	7	61140	37	1.89
G11	Sample 83	2	1	8	66140	37	1.89
G11	Sample 83	2	1	9	71120	36.96	1.88
G11	Sample 83	2	1	10	76130	36.96	1.89
G11	Sample 83	2	1	11	81120	36.96	1.89
G11	Sample 83	2	1	12	86120	37	1.89
G11	Sample 83	2	1	13	91120	37	1.88
G11	Sample 83	2	1	14	96120	37	1.89
G11	Sample 83	2	1	15	101130	37	1.89
G12	Sample 84	2	1	1	31110	36.96	1.76
G12	Sample 84	2	1	2	36120	36.96	1.75
G12	Sample 84	2	1	3	41120	36.96	1.75
G12	Sample 84	2	1	4	46130	36.96	1.75
G12	Sample 84	2	1	5	51120	37	1.74
G12	Sample 84	2	1	6	56120	37	1.74
G12	Sample 84	2	1	7	61140	37	1.74
G12	Sample 84	2	1	8	66140	37	1.73
G12	Sample 84	2	1	9	71120	36.96	1.73
G12	Sample 84	2	1	10	76130	36.96	1.74
G12	Sample 84	2	1	11	81120	36.96	1.74
G12	Sample 84	2	1	12	86120	37	1.73
G12	Sample 84	2	1	13	91120	37	1.74
G12	Sample 84	2	1	14	96120	37	1.74
G12	Sample 84	2	1	15	101130	37	1.75
H1	Sample 85	2	1	1	31110	36.96	1.62
H1	Sample 85	2	1	2	36120	36.96	1.61
H1	Sample 85	2	1	3	41120	36.96	1.61
H1	Sample 85	2	1	4	46130	36.96	1.61
H1	Sample 85	2	1	5	51120	37	1.61
H1	Sample 85	2	1	6	56120	37	1.61
H1	Sample 85	2	1	7	61140	37	1.60
H1	Sample 85	2	1	8	66140	37	1.60
H1	Sample 85	2	1	9	71120	36.96	1.60
H1	Sample 85	2	1	10	76130	36.96	1.61
H1	Sample 85	2	1	11	81120	36.96	1.61
H1	Sample 85	2	1	12	86120	37	1.61
H1	Sample 85	2	1	13	91120	37	1.60
H1	Sample 85	2	1	14	96120	37	1.60
H1	Sample 85	2	1	15	101130	37	1.61
H2	Sample 86	2	1	1	31110	36.96	1.65
H2	Sample 86	2	1	2	36120	36.96	1.64
H2	Sample 86	2	1	3	41120	36.96	1.64
H2	Sample 86	2	1	4	46130	36.96	1.64
H2	Sample 86	2	1	5	51120	37	1.64
H2	Sample 86	2	1	6	56120	37	1.64
H2	Sample 86	2	1	7	61140	37	1.64
H2	Sample 86	2	1	8	66140	37	1.64
H2	Sample 86	2	1	9	71120	36.96	1.64
H2	Sample 86	2	1	10	76130	36.96	1.63
H2	Sample 86	2	1	11	81120	36.96	1.64
H2	Sample 86	2	1	12	86120	37	1.64
H2	Sample 86	2	1	13	91120	37	1.63
H2	Sample 86	2	1	14	96120	37	1.64
H2	Sample 86	2	1	15	101130	37	1.64
H3	Sample 87	2	1	1	31110	36.96	1.79
H3	Sample 87	2	1	2	36120	36.96	1.79
H3	Sample 87	2	1	3	41120	36.96	1.79
H3	Sample 87	2	1	4	46130	36.96	1.79
H3	Sample 87	2	1	5	51120	37	1.78
H3	Sample 87	2	1	6	56120	37	1.78
H3	Sample 87	2	1	7	61140	37	1.78
H3	Sample 87	2	1	8	66140	37	1.77
H3	Sample 87	2	1	9	71120	36.96	1.78
H3	Sample 87	2	1	10	76130	36.96	1.78
H3	Sample 87	2	1	11	81120	36.96	1.80
H3	Sample 87	2	1	12	86120	37	1.78
H3	Sample 87	2	1	13	91120	37	1.77
H3	Sample 87	2	1	14	96120	37	1.78
H3	Sample 87	2	1	15	101130	37	1.78
H4	Sample 88	2	1	1	31110	36.96	1.79
H4	Sample 88	2	1	2	36120	36.96	1.77
H4	Sample 88	2	1	3	41120	36.96	1.78
H4	Sample 88	2	1	4	46130	36.96	1.78
H4	Sample 88	2	1	5	51120	37	1.77
H4	Sample 88	2	1	6	56120	37	1.77
H4	Sample 88	2	1	7	61140	37	1.78
H4	Sample 88	2	1	8	66140	37	1.78
H4	Sample 88	2	1	9	71120	36.96	1.78
H4	Sample 88	2	1	10	76130	36.96	1.78
H4	Sample 88	2	1	11	81120	36.96	1.78
H4	Sample 88	2	1	12	86120	37	1.77
H4	Sample 88	2	1	13	91120	37	1.77
H4	Sample 88	2	1	14	96120	37	1.77
H4	Sample 88	2	1	15	101130	37	1.77
H5	Sample 89	2	1	1	31110	36.96	2.05
H5	Sample 89	2	1	2	36120	36.96	2.04
H5	Sample 89	2	1	3	41120	36.96	2.03
H5	Sample 89	2	1	4	46130	36.96	2.04
H5	Sample 89	2	1	5	51120	37	2.03
H5	Sample 89	2	1	6	56120	37	2.03
H5	Sample 89	2	1	7	61140	37	2.03
H5	Sample 89	2	1	8	66140	37	2.03
H5	Sample 89	2	1	9	71120	36.96	2.03
H5	Sample 89	2	1	10	76130	36.96	2.03
H5	Sample 89	2	1	11	81120	36.96	2.03
H5	Sample 89	2	1	12	86120	37	2.04
H5	Sample 89	2	1	13	91120	37	2.03
H5	Sample 89	2	1	14	96120	37	2.04
H5	Sample 89	2	1	15	101130	37	2.04
H6	Sample 90	2	1	1	31110	36.96	2.00
H6	Sample 90	2	1	2	36120	36.96	2.00
H6	Sample 90	2	1	3	41120	36.96	1.99
H6	Sample 90	2	1	4	46130	36.96	1.99
H6	Sample 90	2	1	5	51120	37	1.98
H6	Sample 90	2	1	6	56120	37	1.97
H6	Sample 90	2	1	7	61140	37	1.98
H6	Sample 90	2	1	8	66140	37	1.98
H6	Sample 90	2	1	9	71120	36.96	1.98
H6	Sample 90	2	1	10	76130	36.96	1.98
H6	Sample 90	2	1	11	81120	36.96	1.98
H6	Sample 90	2	1	12	86120	37	1.98
H6	Sample 90	2	1	13	91120	37	1.98
H6	Sample 90	2	1	14	96120	37	1.98
H6	Sample 90	2	1	15	101130	37	1.98
H7	Sample 91	2	1	1	31110	36.96	2.05
H7	Sample 91	2	1	2	36120	36.96	2.05
H7	Sample 91	2	1	3	41120	36.96	2.04
H7	Sample 91	2	1	4	46130	36.96	2.05
H7	Sample 91	2	1	5	51120	37	2.03
H7	Sample 91	2	1	6	56120	37	2.04
H7	Sample 91	2	1	7	61140	37	2.04
H7	Sample 91	2	1	8	66140	37	2.03
H7	Sample 91	2	1	9	71120	36.96	2.04
H7	Sample 91	2	1	10	76130	36.96	2.03
H7	Sample 91	2	1	11	81120	36.96	2.04
H7	Sample 91	2	1	12	86120	37	2.04
H7	Sample 91	2	1	13	91120	37	2.04
H7	Sample 91	2	1	14	96120	37	2.03
H7	Sample 91	2	1	15	101130	37	2.04
H8	Sample 92	2	1	1	31110	36.96	2.03
H8	Sample 92	2	1	2	36120	36.96	2.02
H8	Sample 92	2	1	3	41120	36.96	2.02
H8	Sample 92	2	1	4	46130	36.96	2.02
H8	Sample 92	2	1	5	51120	37	2.02
H8	Sample 92	2	1	6	56120	37	2.01
H8	Sample 92	2	1	7	61140	37	2.02
H8	Sample 92	2	1	8	66140	37	2.01
H8	Sample 92	2	1	9	71120	36.96	2.01
H8	Sample 92	2	1	10	76130	36.96	2.02
H8	Sample 92	2	1	11	81120	36.96	2.02
H8	Sample 92	2	1	12	86120	37	2.02
H8	Sample 92	2	1	13	91120	37	2.02
H8	Sample 92	2	1	14	96120	37	2.01
H8	Sample 92	2	1	15	101130	37	2.01
H9	Sample 93	2	1	1	31110	36.96	1.84
H9	Sample 93	2	1	2	36120	36.96	1.84
H9	Sample 93	2	1	3	41120	36.96	1.83
H9	Sample 93	2	1	4	46130	36.96	1.84
H9	Sample 93	2	1	5	51120	37	1.82
H9	Sample 93	2	1	6	56120	37	1.82
H9	Sample 93	2	1	7	61140	37	1.83
H9	Sample 93	2	1	8	66140	37	1.83
H9	Sample 93	2	1	9	71120	36.96	1.82
H9	Sample 93	2	1	10	76130	36.96	1.83
H9	Sample 93	2	1	11	81120	36.96	1.83
H9	Sample 93	2	1	12	86120	37	1.82
H9	Sample 93	2	1	13	91120	37	1.82
H9	Sample 93	2	1	14	96120	37	1.83
H9	Sample 93	2	1	15	101130	37	1.83
H10	Sample 94	2	1	1	31110	36.96	1.73
H10	Sample 94	2	1	2	36120	36.96	1.72
H10	Sample 94	2	1	3	41120	36.96	1.72
H10	Sample 94	2	1	4	46130	36.96	1.72
H10	Sample 94	2	1	5	51120	37	1.71
H10	Sample 94	2	1	6	56120	37	1.71
H10	Sample 94	2	1	7	61140	37	1.71
H10	Sample 94	2	1	8	66140	37	1.71
H10	Sample 94	2	1	9	71120	36.96	1.70
H10	Sample 94	2	1	10	76130	36.96	1.72
H10	Sample 94	2	1	11	81120	36.96	1.72
H10	Sample 94	2	1	12	86120	37	1.71
H10	Sample 94	2	1	13	91120	37	1.71
H10	Sample 94	2	1	14	96120	37	1.71
H10	Sample 94	2	1	15	101130	37	1.71
H11	Sample 95	2	1	1	31110	36.96	1.78
H11	Sample 95	2	1	2	36120	36.96	1.77
H11	Sample 95	2	1	3	41120	36.96	1.77
H11	Sample 95	2	1	4	46130	36.96	1.77
H11	Sample 95	2	1	5	51120	37	1.76
H11	Sample 95	2	1	6	56120	37	1.76
H11	Sample 95	2	1	7	61140	37	1.76
H11	Sample 95	2	1	8	66140	37	1.76
H11	Sample 95	2	1	9	71120	36.96	1.76
H11	Sample 95	2	1	10	76130	36.96	1.76
H11	Sample 95	2	1	11	81120	36.96	1.77
H11	Sample 95	2	1	12	86120	37	1.75
H11	Sample 95	2	1	13	91120	37	1.75
H11	Sample 95	2	1	14	96120	37	1.75
H11	Sample 95	2	1	15	101130	37	1.76
H12	Sample 96	2	1	1	31110	36.96	1.69
H12	Sample 96	2	1	2	36120	36.96	1.68
H12	Sample 96	2	1	3	41120	36.96	1.68
H12	Sample 96	2	1	4	46130	36.96	1.69
H12	Sample 96	2	1	5	51120	37	1.68
H12	Sample 96	2	1	6	56120	37	1.68
H12	Sample 96	2	1	7	61140	37	1.68
H12	Sample 96	2	1	8	66140	37	1.68
H12	Sample 96	2	1	9	71120	36.96	1.68
H12	Sample 96	2	1	10	76130	36.96	1.68
H12	Sample 96	2	1	11	81120	36.96	1.68
H12	Sample 96	2	1	12	86120	37	1.68
H12	Sample 96	2	1	13	91120	37	1.67
H12	Sample 96	2	1	14	96120	37	1.68
H12	Sample 96	2	1	15	101130	37	1.68
