Raw Data 		Experiment - evIC50_7_plate5_19APRIL2026 (Run on LCS480 1.5.1.62)
SamplePos	SampleName	Prog#	Seg#	Cycle#	Time	Temp	465-510	
A1	Sample 1	2	1	1	31810	36.96	0.96
A1	Sample 1	2	1	2	36840	36.96	0.95
A1	Sample 1	2	1	3	41840	37	0.95
A1	Sample 1	2	1	4	46830	37	0.95
A1	Sample 1	2	1	5	51830	37	0.94
A1	Sample 1	2	1	6	56820	37	0.95
A1	Sample 1	2	1	7	61830	37	0.95
A1	Sample 1	2	1	8	66830	37	0.94
A1	Sample 1	2	1	9	71820	36.96	0.94
A1	Sample 1	2	1	10	76830	36.96	0.93
A1	Sample 1	2	1	11	81840	37	0.94
A1	Sample 1	2	1	12	86830	37	0.94
A1	Sample 1	2	1	13	91820	36.96	0.94
A1	Sample 1	2	1	14	96830	37	0.94
A1	Sample 1	2	1	15	101830	36.96	0.94
A2	Sample 2	2	1	1	31810	36.96	0.92
A2	Sample 2	2	1	2	36840	36.96	0.91
A2	Sample 2	2	1	3	41840	37	0.91
A2	Sample 2	2	1	4	46830	37	0.91
A2	Sample 2	2	1	5	51830	37	0.91
A2	Sample 2	2	1	6	56820	37	0.90
A2	Sample 2	2	1	7	61830	37	0.90
A2	Sample 2	2	1	8	66830	37	0.90
A2	Sample 2	2	1	9	71820	36.96	0.91
A2	Sample 2	2	1	10	76830	36.96	0.90
A2	Sample 2	2	1	11	81840	37	0.90
A2	Sample 2	2	1	12	86830	37	0.90
A2	Sample 2	2	1	13	91820	36.96	0.90
A2	Sample 2	2	1	14	96830	37	0.89
A2	Sample 2	2	1	15	101830	36.96	0.90
A3	Sample 3	2	1	1	31810	36.96	1.03
A3	Sample 3	2	1	2	36840	36.96	1.02
A3	Sample 3	2	1	3	41840	37	1.01
A3	Sample 3	2	1	4	46830	37	1.01
A3	Sample 3	2	1	5	51830	37	1.01
A3	Sample 3	2	1	6	56820	37	1.01
A3	Sample 3	2	1	7	61830	37	1.00
A3	Sample 3	2	1	8	66830	37	1.00
A3	Sample 3	2	1	9	71820	36.96	1.00
A3	Sample 3	2	1	10	76830	36.96	1.00
A3	Sample 3	2	1	11	81840	37	1.00
A3	Sample 3	2	1	12	86830	37	1.00
A3	Sample 3	2	1	13	91820	36.96	1.00
A3	Sample 3	2	1	14	96830	37	0.99
A3	Sample 3	2	1	15	101830	36.96	1.00
A4	Sample 4	2	1	1	31810	36.96	1.01
A4	Sample 4	2	1	2	36840	36.96	1.01
A4	Sample 4	2	1	3	41840	37	1.00
A4	Sample 4	2	1	4	46830	37	1.00
A4	Sample 4	2	1	5	51830	37	1.00
A4	Sample 4	2	1	6	56820	37	0.99
A4	Sample 4	2	1	7	61830	37	0.99
A4	Sample 4	2	1	8	66830	37	0.98
A4	Sample 4	2	1	9	71820	36.96	0.99
A4	Sample 4	2	1	10	76830	36.96	0.98
A4	Sample 4	2	1	11	81840	37	0.98
A4	Sample 4	2	1	12	86830	37	0.99
A4	Sample 4	2	1	13	91820	36.96	0.98
A4	Sample 4	2	1	14	96830	37	0.98
A4	Sample 4	2	1	15	101830	36.96	0.99
A5	Sample 5	2	1	1	31810	36.96	0.69
A5	Sample 5	2	1	2	36840	36.96	0.69
A5	Sample 5	2	1	3	41840	37	0.69
A5	Sample 5	2	1	4	46830	37	0.69
A5	Sample 5	2	1	5	51830	37	0.68
A5	Sample 5	2	1	6	56820	37	0.68
A5	Sample 5	2	1	7	61830	37	0.68
A5	Sample 5	2	1	8	66830	37	0.68
A5	Sample 5	2	1	9	71820	36.96	0.68
A5	Sample 5	2	1	10	76830	36.96	0.67
A5	Sample 5	2	1	11	81840	37	0.67
A5	Sample 5	2	1	12	86830	37	0.68
A5	Sample 5	2	1	13	91820	36.96	0.68
A5	Sample 5	2	1	14	96830	37	0.67
A5	Sample 5	2	1	15	101830	36.96	0.68
A6	Sample 6	2	1	1	31810	36.96	0.68
A6	Sample 6	2	1	2	36840	36.96	0.67
A6	Sample 6	2	1	3	41840	37	0.66
A6	Sample 6	2	1	4	46830	37	0.66
A6	Sample 6	2	1	5	51830	37	0.66
A6	Sample 6	2	1	6	56820	37	0.66
A6	Sample 6	2	1	7	61830	37	0.66
A6	Sample 6	2	1	8	66830	37	0.66
A6	Sample 6	2	1	9	71820	36.96	0.66
A6	Sample 6	2	1	10	76830	36.96	0.66
A6	Sample 6	2	1	11	81840	37	0.66
A6	Sample 6	2	1	12	86830	37	0.66
A6	Sample 6	2	1	13	91820	36.96	0.66
A6	Sample 6	2	1	14	96830	37	0.66
A6	Sample 6	2	1	15	101830	36.96	0.66
A7	Sample 7	2	1	1	31810	36.96	0.72
A7	Sample 7	2	1	2	36840	36.96	0.72
A7	Sample 7	2	1	3	41840	37	0.72
A7	Sample 7	2	1	4	46830	37	0.72
A7	Sample 7	2	1	5	51830	37	0.71
A7	Sample 7	2	1	6	56820	37	0.71
A7	Sample 7	2	1	7	61830	37	0.71
A7	Sample 7	2	1	8	66830	37	0.71
A7	Sample 7	2	1	9	71820	36.96	0.71
A7	Sample 7	2	1	10	76830	36.96	0.70
A7	Sample 7	2	1	11	81840	37	0.71
A7	Sample 7	2	1	12	86830	37	0.72
A7	Sample 7	2	1	13	91820	36.96	0.70
A7	Sample 7	2	1	14	96830	37	0.70
A7	Sample 7	2	1	15	101830	36.96	0.71
A8	Sample 8	2	1	1	31810	36.96	0.70
A8	Sample 8	2	1	2	36840	36.96	0.69
A8	Sample 8	2	1	3	41840	37	0.69
A8	Sample 8	2	1	4	46830	37	0.69
A8	Sample 8	2	1	5	51830	37	0.68
A8	Sample 8	2	1	6	56820	37	0.69
A8	Sample 8	2	1	7	61830	37	0.69
A8	Sample 8	2	1	8	66830	37	0.68
A8	Sample 8	2	1	9	71820	36.96	0.68
A8	Sample 8	2	1	10	76830	36.96	0.68
A8	Sample 8	2	1	11	81840	37	0.68
A8	Sample 8	2	1	12	86830	37	0.68
A8	Sample 8	2	1	13	91820	36.96	0.68
A8	Sample 8	2	1	14	96830	37	0.68
A8	Sample 8	2	1	15	101830	36.96	0.68
A9	Sample 9	2	1	1	31810	36.96	1.01
A9	Sample 9	2	1	2	36840	36.96	1.00
A9	Sample 9	2	1	3	41840	37	1.00
A9	Sample 9	2	1	4	46830	37	0.99
A9	Sample 9	2	1	5	51830	37	0.99
A9	Sample 9	2	1	6	56820	37	1.00
A9	Sample 9	2	1	7	61830	37	0.98
A9	Sample 9	2	1	8	66830	37	0.98
A9	Sample 9	2	1	9	71820	36.96	0.98
A9	Sample 9	2	1	10	76830	36.96	0.97
A9	Sample 9	2	1	11	81840	37	0.98
A9	Sample 9	2	1	12	86830	37	0.98
A9	Sample 9	2	1	13	91820	36.96	0.98
A9	Sample 9	2	1	14	96830	37	0.97
A9	Sample 9	2	1	15	101830	36.96	0.97
A10	Sample 10	2	1	1	31810	36.96	0.95
A10	Sample 10	2	1	2	36840	36.96	0.94
A10	Sample 10	2	1	3	41840	37	0.94
A10	Sample 10	2	1	4	46830	37	0.95
A10	Sample 10	2	1	5	51830	37	0.93
A10	Sample 10	2	1	6	56820	37	0.93
A10	Sample 10	2	1	7	61830	37	0.92
A10	Sample 10	2	1	8	66830	37	0.92
A10	Sample 10	2	1	9	71820	36.96	0.93
A10	Sample 10	2	1	10	76830	36.96	0.91
A10	Sample 10	2	1	11	81840	37	0.92
A10	Sample 10	2	1	12	86830	37	0.93
A10	Sample 10	2	1	13	91820	36.96	0.92
A10	Sample 10	2	1	14	96830	37	0.92
A10	Sample 10	2	1	15	101830	36.96	0.93
A11	Sample 11	2	1	1	31810	36.96	0.99
A11	Sample 11	2	1	2	36840	36.96	0.99
A11	Sample 11	2	1	3	41840	37	0.99
A11	Sample 11	2	1	4	46830	37	0.98
A11	Sample 11	2	1	5	51830	37	0.98
A11	Sample 11	2	1	6	56820	37	0.98
A11	Sample 11	2	1	7	61830	37	0.98
A11	Sample 11	2	1	8	66830	37	0.98
A11	Sample 11	2	1	9	71820	36.96	0.99
A11	Sample 11	2	1	10	76830	36.96	0.98
A11	Sample 11	2	1	11	81840	37	0.98
A11	Sample 11	2	1	12	86830	37	0.98
A11	Sample 11	2	1	13	91820	36.96	0.98
A11	Sample 11	2	1	14	96830	37	0.98
A11	Sample 11	2	1	15	101830	36.96	0.98
A12	Sample 12	2	1	1	31810	36.96	0.88
A12	Sample 12	2	1	2	36840	36.96	0.87
A12	Sample 12	2	1	3	41840	37	0.87
A12	Sample 12	2	1	4	46830	37	0.87
A12	Sample 12	2	1	5	51830	37	0.87
A12	Sample 12	2	1	6	56820	37	0.87
A12	Sample 12	2	1	7	61830	37	0.86
A12	Sample 12	2	1	8	66830	37	0.86
A12	Sample 12	2	1	9	71820	36.96	0.86
A12	Sample 12	2	1	10	76830	36.96	0.85
A12	Sample 12	2	1	11	81840	37	0.85
A12	Sample 12	2	1	12	86830	37	0.86
A12	Sample 12	2	1	13	91820	36.96	0.86
A12	Sample 12	2	1	14	96830	37	0.85
A12	Sample 12	2	1	15	101830	36.96	0.85
B1	Sample 13	2	1	1	31810	36.96	0.86
B1	Sample 13	2	1	2	36840	36.96	0.85
B1	Sample 13	2	1	3	41840	37	0.85
B1	Sample 13	2	1	4	46830	37	0.85
B1	Sample 13	2	1	5	51830	37	0.85
B1	Sample 13	2	1	6	56820	37	0.85
B1	Sample 13	2	1	7	61830	37	0.85
B1	Sample 13	2	1	8	66830	37	0.84
B1	Sample 13	2	1	9	71820	36.96	0.85
B1	Sample 13	2	1	10	76830	36.96	0.85
B1	Sample 13	2	1	11	81840	37	0.84
B1	Sample 13	2	1	12	86830	37	0.84
B1	Sample 13	2	1	13	91820	36.96	0.85
B1	Sample 13	2	1	14	96830	37	0.83
B1	Sample 13	2	1	15	101830	36.96	0.84
B2	Sample 14	2	1	1	31810	36.96	0.85
B2	Sample 14	2	1	2	36840	36.96	0.85
B2	Sample 14	2	1	3	41840	37	0.84
B2	Sample 14	2	1	4	46830	37	0.83
B2	Sample 14	2	1	5	51830	37	0.83
B2	Sample 14	2	1	6	56820	37	0.84
B2	Sample 14	2	1	7	61830	37	0.83
B2	Sample 14	2	1	8	66830	37	0.83
B2	Sample 14	2	1	9	71820	36.96	0.83
B2	Sample 14	2	1	10	76830	36.96	0.83
B2	Sample 14	2	1	11	81840	37	0.83
B2	Sample 14	2	1	12	86830	37	0.84
B2	Sample 14	2	1	13	91820	36.96	0.83
B2	Sample 14	2	1	14	96830	37	0.83
B2	Sample 14	2	1	15	101830	36.96	0.82
B3	Sample 15	2	1	1	31810	36.96	0.94
B3	Sample 15	2	1	2	36840	36.96	0.92
B3	Sample 15	2	1	3	41840	37	0.92
B3	Sample 15	2	1	4	46830	37	0.92
B3	Sample 15	2	1	5	51830	37	0.91
B3	Sample 15	2	1	6	56820	37	0.92
B3	Sample 15	2	1	7	61830	37	0.91
B3	Sample 15	2	1	8	66830	37	0.90
B3	Sample 15	2	1	9	71820	36.96	0.91
B3	Sample 15	2	1	10	76830	36.96	0.90
B3	Sample 15	2	1	11	81840	37	0.89
B3	Sample 15	2	1	12	86830	37	0.90
B3	Sample 15	2	1	13	91820	36.96	0.90
B3	Sample 15	2	1	14	96830	37	0.91
B3	Sample 15	2	1	15	101830	36.96	0.90
B4	Sample 16	2	1	1	31810	36.96	0.99
B4	Sample 16	2	1	2	36840	36.96	0.98
B4	Sample 16	2	1	3	41840	37	0.98
B4	Sample 16	2	1	4	46830	37	0.97
B4	Sample 16	2	1	5	51830	37	0.97
B4	Sample 16	2	1	6	56820	37	0.96
B4	Sample 16	2	1	7	61830	37	0.96
B4	Sample 16	2	1	8	66830	37	0.95
B4	Sample 16	2	1	9	71820	36.96	0.95
B4	Sample 16	2	1	10	76830	36.96	0.96
B4	Sample 16	2	1	11	81840	37	0.95
B4	Sample 16	2	1	12	86830	37	0.95
B4	Sample 16	2	1	13	91820	36.96	0.95
B4	Sample 16	2	1	14	96830	37	0.95
B4	Sample 16	2	1	15	101830	36.96	0.95
B5	Sample 17	2	1	1	31810	36.96	0.65
B5	Sample 17	2	1	2	36840	36.96	0.65
B5	Sample 17	2	1	3	41840	37	0.65
B5	Sample 17	2	1	4	46830	37	0.64
B5	Sample 17	2	1	5	51830	37	0.63
B5	Sample 17	2	1	6	56820	37	0.64
B5	Sample 17	2	1	7	61830	37	0.63
B5	Sample 17	2	1	8	66830	37	0.63
B5	Sample 17	2	1	9	71820	36.96	0.64
B5	Sample 17	2	1	10	76830	36.96	0.63
B5	Sample 17	2	1	11	81840	37	0.62
B5	Sample 17	2	1	12	86830	37	0.63
B5	Sample 17	2	1	13	91820	36.96	0.63
B5	Sample 17	2	1	14	96830	37	0.63
B5	Sample 17	2	1	15	101830	36.96	0.63
B6	Sample 18	2	1	1	31810	36.96	0.62
B6	Sample 18	2	1	2	36840	36.96	0.62
B6	Sample 18	2	1	3	41840	37	0.61
B6	Sample 18	2	1	4	46830	37	0.61
B6	Sample 18	2	1	5	51830	37	0.61
B6	Sample 18	2	1	6	56820	37	0.61
B6	Sample 18	2	1	7	61830	37	0.60
B6	Sample 18	2	1	8	66830	37	0.60
B6	Sample 18	2	1	9	71820	36.96	0.61
B6	Sample 18	2	1	10	76830	36.96	0.60
B6	Sample 18	2	1	11	81840	37	0.60
B6	Sample 18	2	1	12	86830	37	0.61
B6	Sample 18	2	1	13	91820	36.96	0.60
B6	Sample 18	2	1	14	96830	37	0.60
B6	Sample 18	2	1	15	101830	36.96	0.60
B7	Sample 19	2	1	1	31810	36.96	0.68
B7	Sample 19	2	1	2	36840	36.96	0.68
B7	Sample 19	2	1	3	41840	37	0.67
B7	Sample 19	2	1	4	46830	37	0.67
B7	Sample 19	2	1	5	51830	37	0.67
B7	Sample 19	2	1	6	56820	37	0.67
B7	Sample 19	2	1	7	61830	37	0.67
B7	Sample 19	2	1	8	66830	37	0.67
B7	Sample 19	2	1	9	71820	36.96	0.67
B7	Sample 19	2	1	10	76830	36.96	0.67
B7	Sample 19	2	1	11	81840	37	0.66
B7	Sample 19	2	1	12	86830	37	0.66
B7	Sample 19	2	1	13	91820	36.96	0.66
B7	Sample 19	2	1	14	96830	37	0.67
B7	Sample 19	2	1	15	101830	36.96	0.66
B8	Sample 20	2	1	1	31810	36.96	0.65
B8	Sample 20	2	1	2	36840	36.96	0.65
B8	Sample 20	2	1	3	41840	37	0.64
B8	Sample 20	2	1	4	46830	37	0.64
B8	Sample 20	2	1	5	51830	37	0.63
B8	Sample 20	2	1	6	56820	37	0.64
B8	Sample 20	2	1	7	61830	37	0.64
B8	Sample 20	2	1	8	66830	37	0.63
B8	Sample 20	2	1	9	71820	36.96	0.63
B8	Sample 20	2	1	10	76830	36.96	0.63
B8	Sample 20	2	1	11	81840	37	0.63
B8	Sample 20	2	1	12	86830	37	0.64
B8	Sample 20	2	1	13	91820	36.96	0.63
B8	Sample 20	2	1	14	96830	37	0.63
B8	Sample 20	2	1	15	101830	36.96	0.63
B9	Sample 21	2	1	1	31810	36.96	0.98
B9	Sample 21	2	1	2	36840	36.96	0.97
B9	Sample 21	2	1	3	41840	37	0.97
B9	Sample 21	2	1	4	46830	37	0.96
B9	Sample 21	2	1	5	51830	37	0.96
B9	Sample 21	2	1	6	56820	37	0.96
B9	Sample 21	2	1	7	61830	37	0.95
B9	Sample 21	2	1	8	66830	37	0.94
B9	Sample 21	2	1	9	71820	36.96	0.95
B9	Sample 21	2	1	10	76830	36.96	0.95
B9	Sample 21	2	1	11	81840	37	0.94
B9	Sample 21	2	1	12	86830	37	0.95
B9	Sample 21	2	1	13	91820	36.96	0.94
B9	Sample 21	2	1	14	96830	37	0.95
B9	Sample 21	2	1	15	101830	36.96	0.94
B10	Sample 22	2	1	1	31810	36.96	0.96
B10	Sample 22	2	1	2	36840	36.96	0.95
B10	Sample 22	2	1	3	41840	37	0.94
B10	Sample 22	2	1	4	46830	37	0.94
B10	Sample 22	2	1	5	51830	37	0.93
B10	Sample 22	2	1	6	56820	37	0.93
B10	Sample 22	2	1	7	61830	37	0.93
B10	Sample 22	2	1	8	66830	37	0.93
B10	Sample 22	2	1	9	71820	36.96	0.93
B10	Sample 22	2	1	10	76830	36.96	0.93
B10	Sample 22	2	1	11	81840	37	0.92
B10	Sample 22	2	1	12	86830	37	0.93
B10	Sample 22	2	1	13	91820	36.96	0.93
B10	Sample 22	2	1	14	96830	37	0.93
B10	Sample 22	2	1	15	101830	36.96	0.92
B11	Sample 23	2	1	1	31810	36.96	1.04
B11	Sample 23	2	1	2	36840	36.96	1.04
B11	Sample 23	2	1	3	41840	37	1.03
B11	Sample 23	2	1	4	46830	37	1.03
B11	Sample 23	2	1	5	51830	37	1.02
B11	Sample 23	2	1	6	56820	37	1.02
B11	Sample 23	2	1	7	61830	37	1.02
B11	Sample 23	2	1	8	66830	37	1.02
B11	Sample 23	2	1	9	71820	36.96	1.02
B11	Sample 23	2	1	10	76830	36.96	1.01
B11	Sample 23	2	1	11	81840	37	1.01
B11	Sample 23	2	1	12	86830	37	1.02
B11	Sample 23	2	1	13	91820	36.96	1.01
B11	Sample 23	2	1	14	96830	37	1.02
B11	Sample 23	2	1	15	101830	36.96	1.02
B12	Sample 24	2	1	1	31810	36.96	0.94
B12	Sample 24	2	1	2	36840	36.96	0.93
B12	Sample 24	2	1	3	41840	37	0.93
B12	Sample 24	2	1	4	46830	37	0.92
B12	Sample 24	2	1	5	51830	37	0.92
B12	Sample 24	2	1	6	56820	37	0.91
B12	Sample 24	2	1	7	61830	37	0.91
B12	Sample 24	2	1	8	66830	37	0.91
B12	Sample 24	2	1	9	71820	36.96	0.91
B12	Sample 24	2	1	10	76830	36.96	0.91
B12	Sample 24	2	1	11	81840	37	0.91
B12	Sample 24	2	1	12	86830	37	0.91
B12	Sample 24	2	1	13	91820	36.96	0.91
B12	Sample 24	2	1	14	96830	37	0.91
B12	Sample 24	2	1	15	101830	36.96	0.91
C1	Sample 25	2	1	1	31810	36.96	0.88
C1	Sample 25	2	1	2	36840	36.96	0.87
C1	Sample 25	2	1	3	41840	37	0.87
C1	Sample 25	2	1	4	46830	37	0.87
C1	Sample 25	2	1	5	51830	37	0.86
C1	Sample 25	2	1	6	56820	37	0.86
C1	Sample 25	2	1	7	61830	37	0.86
C1	Sample 25	2	1	8	66830	37	0.86
C1	Sample 25	2	1	9	71820	36.96	0.85
C1	Sample 25	2	1	10	76830	36.96	0.85
C1	Sample 25	2	1	11	81840	37	0.85
C1	Sample 25	2	1	12	86830	37	0.85
C1	Sample 25	2	1	13	91820	36.96	0.85
C1	Sample 25	2	1	14	96830	37	0.85
C1	Sample 25	2	1	15	101830	36.96	0.85
C2	Sample 26	2	1	1	31810	36.96	0.88
C2	Sample 26	2	1	2	36840	36.96	0.86
C2	Sample 26	2	1	3	41840	37	0.86
C2	Sample 26	2	1	4	46830	37	0.86
C2	Sample 26	2	1	5	51830	37	0.85
C2	Sample 26	2	1	6	56820	37	0.85
C2	Sample 26	2	1	7	61830	37	0.84
C2	Sample 26	2	1	8	66830	37	0.85
C2	Sample 26	2	1	9	71820	36.96	0.85
C2	Sample 26	2	1	10	76830	36.96	0.84
C2	Sample 26	2	1	11	81840	37	0.85
C2	Sample 26	2	1	12	86830	37	0.84
C2	Sample 26	2	1	13	91820	36.96	0.84
C2	Sample 26	2	1	14	96830	37	0.84
C2	Sample 26	2	1	15	101830	36.96	0.84
C3	Sample 27	2	1	1	31810	36.96	0.94
C3	Sample 27	2	1	2	36840	36.96	0.93
C3	Sample 27	2	1	3	41840	37	0.93
C3	Sample 27	2	1	4	46830	37	0.93
C3	Sample 27	2	1	5	51830	37	0.92
C3	Sample 27	2	1	6	56820	37	0.92
C3	Sample 27	2	1	7	61830	37	0.92
C3	Sample 27	2	1	8	66830	37	0.92
C3	Sample 27	2	1	9	71820	36.96	0.92
C3	Sample 27	2	1	10	76830	36.96	0.91
C3	Sample 27	2	1	11	81840	37	0.91
C3	Sample 27	2	1	12	86830	37	0.91
C3	Sample 27	2	1	13	91820	36.96	0.91
C3	Sample 27	2	1	14	96830	37	0.91
C3	Sample 27	2	1	15	101830	36.96	0.91
C4	Sample 28	2	1	1	31810	36.96	0.94
C4	Sample 28	2	1	2	36840	36.96	0.93
C4	Sample 28	2	1	3	41840	37	0.93
C4	Sample 28	2	1	4	46830	37	0.92
C4	Sample 28	2	1	5	51830	37	0.92
C4	Sample 28	2	1	6	56820	37	0.92
C4	Sample 28	2	1	7	61830	37	0.92
C4	Sample 28	2	1	8	66830	37	0.91
C4	Sample 28	2	1	9	71820	36.96	0.91
C4	Sample 28	2	1	10	76830	36.96	0.91
C4	Sample 28	2	1	11	81840	37	0.91
C4	Sample 28	2	1	12	86830	37	0.90
C4	Sample 28	2	1	13	91820	36.96	0.91
C4	Sample 28	2	1	14	96830	37	0.90
C4	Sample 28	2	1	15	101830	36.96	0.91
C5	Sample 29	2	1	1	31810	36.96	0.64
C5	Sample 29	2	1	2	36840	36.96	0.63
C5	Sample 29	2	1	3	41840	37	0.62
C5	Sample 29	2	1	4	46830	37	0.62
C5	Sample 29	2	1	5	51830	37	0.62
C5	Sample 29	2	1	6	56820	37	0.62
C5	Sample 29	2	1	7	61830	37	0.61
C5	Sample 29	2	1	8	66830	37	0.61
C5	Sample 29	2	1	9	71820	36.96	0.61
C5	Sample 29	2	1	10	76830	36.96	0.61
C5	Sample 29	2	1	11	81840	37	0.61
C5	Sample 29	2	1	12	86830	37	0.61
C5	Sample 29	2	1	13	91820	36.96	0.61
C5	Sample 29	2	1	14	96830	37	0.61
C5	Sample 29	2	1	15	101830	36.96	0.61
C6	Sample 30	2	1	1	31810	36.96	0.66
C6	Sample 30	2	1	2	36840	36.96	0.65
C6	Sample 30	2	1	3	41840	37	0.65
C6	Sample 30	2	1	4	46830	37	0.65
C6	Sample 30	2	1	5	51830	37	0.64
C6	Sample 30	2	1	6	56820	37	0.64
C6	Sample 30	2	1	7	61830	37	0.64
C6	Sample 30	2	1	8	66830	37	0.64
C6	Sample 30	2	1	9	71820	36.96	0.64
C6	Sample 30	2	1	10	76830	36.96	0.64
C6	Sample 30	2	1	11	81840	37	0.64
C6	Sample 30	2	1	12	86830	37	0.64
C6	Sample 30	2	1	13	91820	36.96	0.64
C6	Sample 30	2	1	14	96830	37	0.63
C6	Sample 30	2	1	15	101830	36.96	0.64
C7	Sample 31	2	1	1	31810	36.96	0.69
C7	Sample 31	2	1	2	36840	36.96	0.68
C7	Sample 31	2	1	3	41840	37	0.68
C7	Sample 31	2	1	4	46830	37	0.68
C7	Sample 31	2	1	5	51830	37	0.67
C7	Sample 31	2	1	6	56820	37	0.67
C7	Sample 31	2	1	7	61830	37	0.67
C7	Sample 31	2	1	8	66830	37	0.67
C7	Sample 31	2	1	9	71820	36.96	0.67
C7	Sample 31	2	1	10	76830	36.96	0.67
C7	Sample 31	2	1	11	81840	37	0.67
C7	Sample 31	2	1	12	86830	37	0.66
C7	Sample 31	2	1	13	91820	36.96	0.67
C7	Sample 31	2	1	14	96830	37	0.67
C7	Sample 31	2	1	15	101830	36.96	0.67
C8	Sample 32	2	1	1	31810	36.96	0.64
C8	Sample 32	2	1	2	36840	36.96	0.63
C8	Sample 32	2	1	3	41840	37	0.63
C8	Sample 32	2	1	4	46830	37	0.63
C8	Sample 32	2	1	5	51830	37	0.63
C8	Sample 32	2	1	6	56820	37	0.63
C8	Sample 32	2	1	7	61830	37	0.62
C8	Sample 32	2	1	8	66830	37	0.62
C8	Sample 32	2	1	9	71820	36.96	0.63
C8	Sample 32	2	1	10	76830	36.96	0.62
C8	Sample 32	2	1	11	81840	37	0.62
C8	Sample 32	2	1	12	86830	37	0.62
C8	Sample 32	2	1	13	91820	36.96	0.62
C8	Sample 32	2	1	14	96830	37	0.61
C8	Sample 32	2	1	15	101830	36.96	0.62
C9	Sample 33	2	1	1	31810	36.96	0.96
C9	Sample 33	2	1	2	36840	36.96	0.94
C9	Sample 33	2	1	3	41840	37	0.94
C9	Sample 33	2	1	4	46830	37	0.95
C9	Sample 33	2	1	5	51830	37	0.93
C9	Sample 33	2	1	6	56820	37	0.93
C9	Sample 33	2	1	7	61830	37	0.93
C9	Sample 33	2	1	8	66830	37	0.92
C9	Sample 33	2	1	9	71820	36.96	0.93
C9	Sample 33	2	1	10	76830	36.96	0.92
C9	Sample 33	2	1	11	81840	37	0.92
C9	Sample 33	2	1	12	86830	37	0.92
C9	Sample 33	2	1	13	91820	36.96	0.92
C9	Sample 33	2	1	14	96830	37	0.91
C9	Sample 33	2	1	15	101830	36.96	0.93
C10	Sample 34	2	1	1	31810	36.96	0.94
C10	Sample 34	2	1	2	36840	36.96	0.92
C10	Sample 34	2	1	3	41840	37	0.92
C10	Sample 34	2	1	4	46830	37	0.92
C10	Sample 34	2	1	5	51830	37	0.91
C10	Sample 34	2	1	6	56820	37	0.91
C10	Sample 34	2	1	7	61830	37	0.90
C10	Sample 34	2	1	8	66830	37	0.91
C10	Sample 34	2	1	9	71820	36.96	0.90
C10	Sample 34	2	1	10	76830	36.96	0.90
C10	Sample 34	2	1	11	81840	37	0.90
C10	Sample 34	2	1	12	86830	37	0.90
C10	Sample 34	2	1	13	91820	36.96	0.90
C10	Sample 34	2	1	14	96830	37	0.89
C10	Sample 34	2	1	15	101830	36.96	0.90
C11	Sample 35	2	1	1	31810	36.96	0.99
C11	Sample 35	2	1	2	36840	36.96	0.98
C11	Sample 35	2	1	3	41840	37	0.99
C11	Sample 35	2	1	4	46830	37	0.98
C11	Sample 35	2	1	5	51830	37	0.97
C11	Sample 35	2	1	6	56820	37	0.97
C11	Sample 35	2	1	7	61830	37	0.97
C11	Sample 35	2	1	8	66830	37	0.96
C11	Sample 35	2	1	9	71820	36.96	0.96
C11	Sample 35	2	1	10	76830	36.96	0.96
C11	Sample 35	2	1	11	81840	37	0.96
C11	Sample 35	2	1	12	86830	37	0.96
C11	Sample 35	2	1	13	91820	36.96	0.96
C11	Sample 35	2	1	14	96830	37	0.95
C11	Sample 35	2	1	15	101830	36.96	0.96
C12	Sample 36	2	1	1	31810	36.96	0.94
C12	Sample 36	2	1	2	36840	36.96	0.93
C12	Sample 36	2	1	3	41840	37	0.93
C12	Sample 36	2	1	4	46830	37	0.92
C12	Sample 36	2	1	5	51830	37	0.92
C12	Sample 36	2	1	6	56820	37	0.91
C12	Sample 36	2	1	7	61830	37	0.91
C12	Sample 36	2	1	8	66830	37	0.91
C12	Sample 36	2	1	9	71820	36.96	0.91
C12	Sample 36	2	1	10	76830	36.96	0.91
C12	Sample 36	2	1	11	81840	37	0.91
C12	Sample 36	2	1	12	86830	37	0.90
C12	Sample 36	2	1	13	91820	36.96	0.91
C12	Sample 36	2	1	14	96830	37	0.90
C12	Sample 36	2	1	15	101830	36.96	0.91
D1	Sample 37	2	1	1	31810	36.96	0.95
D1	Sample 37	2	1	2	36840	36.96	0.95
D1	Sample 37	2	1	3	41840	37	0.94
D1	Sample 37	2	1	4	46830	37	0.94
D1	Sample 37	2	1	5	51830	37	0.93
D1	Sample 37	2	1	6	56820	37	0.93
D1	Sample 37	2	1	7	61830	37	0.93
D1	Sample 37	2	1	8	66830	37	0.93
D1	Sample 37	2	1	9	71820	36.96	0.93
D1	Sample 37	2	1	10	76830	36.96	0.93
D1	Sample 37	2	1	11	81840	37	0.93
D1	Sample 37	2	1	12	86830	37	0.91
D1	Sample 37	2	1	13	91820	36.96	0.93
D1	Sample 37	2	1	14	96830	37	0.92
D1	Sample 37	2	1	15	101830	36.96	0.93
D2	Sample 38	2	1	1	31810	36.96	0.92
D2	Sample 38	2	1	2	36840	36.96	0.91
D2	Sample 38	2	1	3	41840	37	0.90
D2	Sample 38	2	1	4	46830	37	0.90
D2	Sample 38	2	1	5	51830	37	0.89
D2	Sample 38	2	1	6	56820	37	0.90
D2	Sample 38	2	1	7	61830	37	0.90
D2	Sample 38	2	1	8	66830	37	0.89
D2	Sample 38	2	1	9	71820	36.96	0.88
D2	Sample 38	2	1	10	76830	36.96	0.89
D2	Sample 38	2	1	11	81840	37	0.89
D2	Sample 38	2	1	12	86830	37	0.88
D2	Sample 38	2	1	13	91820	36.96	0.88
D2	Sample 38	2	1	14	96830	37	0.88
D2	Sample 38	2	1	15	101830	36.96	0.89
D3	Sample 39	2	1	1	31810	36.96	1.10
D3	Sample 39	2	1	2	36840	36.96	1.09
D3	Sample 39	2	1	3	41840	37	1.08
D3	Sample 39	2	1	4	46830	37	1.07
D3	Sample 39	2	1	5	51830	37	1.07
D3	Sample 39	2	1	6	56820	37	1.07
D3	Sample 39	2	1	7	61830	37	1.06
D3	Sample 39	2	1	8	66830	37	1.06
D3	Sample 39	2	1	9	71820	36.96	1.06
D3	Sample 39	2	1	10	76830	36.96	1.07
D3	Sample 39	2	1	11	81840	37	1.07
D3	Sample 39	2	1	12	86830	37	1.05
D3	Sample 39	2	1	13	91820	36.96	1.06
D3	Sample 39	2	1	14	96830	37	1.06
D3	Sample 39	2	1	15	101830	36.96	1.06
D4	Sample 40	2	1	1	31810	36.96	1.09
D4	Sample 40	2	1	2	36840	36.96	1.08
D4	Sample 40	2	1	3	41840	37	1.07
D4	Sample 40	2	1	4	46830	37	1.07
D4	Sample 40	2	1	5	51830	37	1.06
D4	Sample 40	2	1	6	56820	37	1.06
D4	Sample 40	2	1	7	61830	37	1.05
D4	Sample 40	2	1	8	66830	37	1.06
D4	Sample 40	2	1	9	71820	36.96	1.05
D4	Sample 40	2	1	10	76830	36.96	1.06
D4	Sample 40	2	1	11	81840	37	1.06
D4	Sample 40	2	1	12	86830	37	1.05
D4	Sample 40	2	1	13	91820	36.96	1.06
D4	Sample 40	2	1	14	96830	37	1.06
D4	Sample 40	2	1	15	101830	36.96	1.05
D5	Sample 41	2	1	1	31810	36.96	0.64
D5	Sample 41	2	1	2	36840	36.96	0.63
D5	Sample 41	2	1	3	41840	37	0.63
D5	Sample 41	2	1	4	46830	37	0.63
D5	Sample 41	2	1	5	51830	37	0.62
D5	Sample 41	2	1	6	56820	37	0.63
D5	Sample 41	2	1	7	61830	37	0.62
D5	Sample 41	2	1	8	66830	37	0.62
D5	Sample 41	2	1	9	71820	36.96	0.62
D5	Sample 41	2	1	10	76830	36.96	0.63
D5	Sample 41	2	1	11	81840	37	0.62
D5	Sample 41	2	1	12	86830	37	0.61
D5	Sample 41	2	1	13	91820	36.96	0.62
D5	Sample 41	2	1	14	96830	37	0.62
D5	Sample 41	2	1	15	101830	36.96	0.63
D6	Sample 42	2	1	1	31810	36.96	0.63
D6	Sample 42	2	1	2	36840	36.96	0.62
D6	Sample 42	2	1	3	41840	37	0.62
D6	Sample 42	2	1	4	46830	37	0.61
D6	Sample 42	2	1	5	51830	37	0.61
D6	Sample 42	2	1	6	56820	37	0.61
D6	Sample 42	2	1	7	61830	37	0.61
D6	Sample 42	2	1	8	66830	37	0.61
D6	Sample 42	2	1	9	71820	36.96	0.61
D6	Sample 42	2	1	10	76830	36.96	0.61
D6	Sample 42	2	1	11	81840	37	0.61
D6	Sample 42	2	1	12	86830	37	0.61
D6	Sample 42	2	1	13	91820	36.96	0.61
D6	Sample 42	2	1	14	96830	37	0.61
D6	Sample 42	2	1	15	101830	36.96	0.61
D7	Sample 43	2	1	1	31810	36.96	0.67
D7	Sample 43	2	1	2	36840	36.96	0.66
D7	Sample 43	2	1	3	41840	37	0.66
D7	Sample 43	2	1	4	46830	37	0.65
D7	Sample 43	2	1	5	51830	37	0.65
D7	Sample 43	2	1	6	56820	37	0.65
D7	Sample 43	2	1	7	61830	37	0.65
D7	Sample 43	2	1	8	66830	37	0.64
D7	Sample 43	2	1	9	71820	36.96	0.64
D7	Sample 43	2	1	10	76830	36.96	0.65
D7	Sample 43	2	1	11	81840	37	0.65
D7	Sample 43	2	1	12	86830	37	0.64
D7	Sample 43	2	1	13	91820	36.96	0.64
D7	Sample 43	2	1	14	96830	37	0.64
D7	Sample 43	2	1	15	101830	36.96	0.64
D8	Sample 44	2	1	1	31810	36.96	0.63
D8	Sample 44	2	1	2	36840	36.96	0.62
D8	Sample 44	2	1	3	41840	37	0.62
D8	Sample 44	2	1	4	46830	37	0.61
D8	Sample 44	2	1	5	51830	37	0.61
D8	Sample 44	2	1	6	56820	37	0.61
D8	Sample 44	2	1	7	61830	37	0.60
D8	Sample 44	2	1	8	66830	37	0.60
D8	Sample 44	2	1	9	71820	36.96	0.60
D8	Sample 44	2	1	10	76830	36.96	0.61
D8	Sample 44	2	1	11	81840	37	0.60
D8	Sample 44	2	1	12	86830	37	0.60
D8	Sample 44	2	1	13	91820	36.96	0.60
D8	Sample 44	2	1	14	96830	37	0.60
D8	Sample 44	2	1	15	101830	36.96	0.60
D9	Sample 45	2	1	1	31810	36.96	0.99
D9	Sample 45	2	1	2	36840	36.96	0.98
D9	Sample 45	2	1	3	41840	37	0.97
D9	Sample 45	2	1	4	46830	37	0.97
D9	Sample 45	2	1	5	51830	37	0.96
D9	Sample 45	2	1	6	56820	37	0.96
D9	Sample 45	2	1	7	61830	37	0.96
D9	Sample 45	2	1	8	66830	37	0.96
D9	Sample 45	2	1	9	71820	36.96	0.95
D9	Sample 45	2	1	10	76830	36.96	0.96
D9	Sample 45	2	1	11	81840	37	0.95
D9	Sample 45	2	1	12	86830	37	0.95
D9	Sample 45	2	1	13	91820	36.96	0.95
D9	Sample 45	2	1	14	96830	37	0.95
D9	Sample 45	2	1	15	101830	36.96	0.95
D10	Sample 46	2	1	1	31810	36.96	0.97
D10	Sample 46	2	1	2	36840	36.96	0.95
D10	Sample 46	2	1	3	41840	37	0.95
D10	Sample 46	2	1	4	46830	37	0.95
D10	Sample 46	2	1	5	51830	37	0.94
D10	Sample 46	2	1	6	56820	37	0.94
D10	Sample 46	2	1	7	61830	37	0.93
D10	Sample 46	2	1	8	66830	37	0.93
D10	Sample 46	2	1	9	71820	36.96	0.93
D10	Sample 46	2	1	10	76830	36.96	0.93
D10	Sample 46	2	1	11	81840	37	0.93
D10	Sample 46	2	1	12	86830	37	0.92
D10	Sample 46	2	1	13	91820	36.96	0.93
D10	Sample 46	2	1	14	96830	37	0.92
D10	Sample 46	2	1	15	101830	36.96	0.92
D11	Sample 47	2	1	1	31810	36.96	0.98
D11	Sample 47	2	1	2	36840	36.96	0.98
D11	Sample 47	2	1	3	41840	37	0.97
D11	Sample 47	2	1	4	46830	37	0.96
D11	Sample 47	2	1	5	51830	37	0.96
D11	Sample 47	2	1	6	56820	37	0.96
D11	Sample 47	2	1	7	61830	37	0.95
D11	Sample 47	2	1	8	66830	37	0.96
D11	Sample 47	2	1	9	71820	36.96	0.96
D11	Sample 47	2	1	10	76830	36.96	0.96
D11	Sample 47	2	1	11	81840	37	0.96
D11	Sample 47	2	1	12	86830	37	0.95
D11	Sample 47	2	1	13	91820	36.96	0.95
D11	Sample 47	2	1	14	96830	37	0.94
D11	Sample 47	2	1	15	101830	36.96	0.95
D12	Sample 48	2	1	1	31810	36.96	0.91
D12	Sample 48	2	1	2	36840	36.96	0.90
D12	Sample 48	2	1	3	41840	37	0.89
D12	Sample 48	2	1	4	46830	37	0.89
D12	Sample 48	2	1	5	51830	37	0.89
D12	Sample 48	2	1	6	56820	37	0.89
D12	Sample 48	2	1	7	61830	37	0.88
D12	Sample 48	2	1	8	66830	37	0.88
D12	Sample 48	2	1	9	71820	36.96	0.88
D12	Sample 48	2	1	10	76830	36.96	0.88
D12	Sample 48	2	1	11	81840	37	0.88
D12	Sample 48	2	1	12	86830	37	0.87
D12	Sample 48	2	1	13	91820	36.96	0.88
D12	Sample 48	2	1	14	96830	37	0.87
D12	Sample 48	2	1	15	101830	36.96	0.87
E1	Sample 49	2	1	1	31810	36.96	0.99
E1	Sample 49	2	1	2	36840	36.96	0.97
E1	Sample 49	2	1	3	41840	37	0.97
E1	Sample 49	2	1	4	46830	37	0.96
E1	Sample 49	2	1	5	51830	37	0.95
E1	Sample 49	2	1	6	56820	37	0.95
E1	Sample 49	2	1	7	61830	37	0.95
E1	Sample 49	2	1	8	66830	37	0.96
E1	Sample 49	2	1	9	71820	36.96	0.95
E1	Sample 49	2	1	10	76830	36.96	0.95
E1	Sample 49	2	1	11	81840	37	0.95
E1	Sample 49	2	1	12	86830	37	0.94
E1	Sample 49	2	1	13	91820	36.96	0.95
E1	Sample 49	2	1	14	96830	37	0.95
E1	Sample 49	2	1	15	101830	36.96	0.95
E2	Sample 50	2	1	1	31810	36.96	0.93
E2	Sample 50	2	1	2	36840	36.96	0.91
E2	Sample 50	2	1	3	41840	37	0.91
E2	Sample 50	2	1	4	46830	37	0.90
E2	Sample 50	2	1	5	51830	37	0.90
E2	Sample 50	2	1	6	56820	37	0.91
E2	Sample 50	2	1	7	61830	37	0.91
E2	Sample 50	2	1	8	66830	37	0.90
E2	Sample 50	2	1	9	71820	36.96	0.90
E2	Sample 50	2	1	10	76830	36.96	0.89
E2	Sample 50	2	1	11	81840	37	0.90
E2	Sample 50	2	1	12	86830	37	0.89
E2	Sample 50	2	1	13	91820	36.96	0.90
E2	Sample 50	2	1	14	96830	37	0.89
E2	Sample 50	2	1	15	101830	36.96	0.90
E3	Sample 51	2	1	1	31810	36.96	1.14
E3	Sample 51	2	1	2	36840	36.96	1.13
E3	Sample 51	2	1	3	41840	37	1.12
E3	Sample 51	2	1	4	46830	37	1.11
E3	Sample 51	2	1	5	51830	37	1.11
E3	Sample 51	2	1	6	56820	37	1.10
E3	Sample 51	2	1	7	61830	37	1.10
E3	Sample 51	2	1	8	66830	37	1.10
E3	Sample 51	2	1	9	71820	36.96	1.10
E3	Sample 51	2	1	10	76830	36.96	1.10
E3	Sample 51	2	1	11	81840	37	1.10
E3	Sample 51	2	1	12	86830	37	1.10
E3	Sample 51	2	1	13	91820	36.96	1.10
E3	Sample 51	2	1	14	96830	37	1.10
E3	Sample 51	2	1	15	101830	36.96	1.11
E4	Sample 52	2	1	1	31810	36.96	1.15
E4	Sample 52	2	1	2	36840	36.96	1.14
E4	Sample 52	2	1	3	41840	37	1.13
E4	Sample 52	2	1	4	46830	37	1.12
E4	Sample 52	2	1	5	51830	37	1.12
E4	Sample 52	2	1	6	56820	37	1.12
E4	Sample 52	2	1	7	61830	37	1.11
E4	Sample 52	2	1	8	66830	37	1.12
E4	Sample 52	2	1	9	71820	36.96	1.12
E4	Sample 52	2	1	10	76830	36.96	1.11
E4	Sample 52	2	1	11	81840	37	1.11
E4	Sample 52	2	1	12	86830	37	1.11
E4	Sample 52	2	1	13	91820	36.96	1.12
E4	Sample 52	2	1	14	96830	37	1.12
E4	Sample 52	2	1	15	101830	36.96	1.12
E5	Sample 53	2	1	1	31810	36.96	0.72
E5	Sample 53	2	1	2	36840	36.96	0.71
E5	Sample 53	2	1	3	41840	37	0.71
E5	Sample 53	2	1	4	46830	37	0.71
E5	Sample 53	2	1	5	51830	37	0.70
E5	Sample 53	2	1	6	56820	37	0.70
E5	Sample 53	2	1	7	61830	37	0.70
E5	Sample 53	2	1	8	66830	37	0.71
E5	Sample 53	2	1	9	71820	36.96	0.70
E5	Sample 53	2	1	10	76830	36.96	0.70
E5	Sample 53	2	1	11	81840	37	0.70
E5	Sample 53	2	1	12	86830	37	0.69
E5	Sample 53	2	1	13	91820	36.96	0.70
E5	Sample 53	2	1	14	96830	37	0.70
E5	Sample 53	2	1	15	101830	36.96	0.70
E6	Sample 54	2	1	1	31810	36.96	0.71
E6	Sample 54	2	1	2	36840	36.96	0.70
E6	Sample 54	2	1	3	41840	37	0.71
E6	Sample 54	2	1	4	46830	37	0.69
E6	Sample 54	2	1	5	51830	37	0.69
E6	Sample 54	2	1	6	56820	37	0.69
E6	Sample 54	2	1	7	61830	37	0.69
E6	Sample 54	2	1	8	66830	37	0.69
E6	Sample 54	2	1	9	71820	36.96	0.69
E6	Sample 54	2	1	10	76830	36.96	0.68
E6	Sample 54	2	1	11	81840	37	0.69
E6	Sample 54	2	1	12	86830	37	0.68
E6	Sample 54	2	1	13	91820	36.96	0.68
E6	Sample 54	2	1	14	96830	37	0.69
E6	Sample 54	2	1	15	101830	36.96	0.68
E7	Sample 55	2	1	1	31810	36.96	0.92
E7	Sample 55	2	1	2	36840	36.96	0.91
E7	Sample 55	2	1	3	41840	37	0.90
E7	Sample 55	2	1	4	46830	37	0.90
E7	Sample 55	2	1	5	51830	37	0.89
E7	Sample 55	2	1	6	56820	37	0.90
E7	Sample 55	2	1	7	61830	37	0.88
E7	Sample 55	2	1	8	66830	37	0.89
E7	Sample 55	2	1	9	71820	36.96	0.89
E7	Sample 55	2	1	10	76830	36.96	0.88
E7	Sample 55	2	1	11	81840	37	0.88
E7	Sample 55	2	1	12	86830	37	0.87
E7	Sample 55	2	1	13	91820	36.96	0.88
E7	Sample 55	2	1	14	96830	37	0.88
E7	Sample 55	2	1	15	101830	36.96	0.89
E8	Sample 56	2	1	1	31810	36.96	0.83
E8	Sample 56	2	1	2	36840	36.96	0.83
E8	Sample 56	2	1	3	41840	37	0.82
E8	Sample 56	2	1	4	46830	37	0.82
E8	Sample 56	2	1	5	51830	37	0.80
E8	Sample 56	2	1	6	56820	37	0.81
E8	Sample 56	2	1	7	61830	37	0.81
E8	Sample 56	2	1	8	66830	37	0.81
E8	Sample 56	2	1	9	71820	36.96	0.80
E8	Sample 56	2	1	10	76830	36.96	0.80
E8	Sample 56	2	1	11	81840	37	0.81
E8	Sample 56	2	1	12	86830	37	0.79
E8	Sample 56	2	1	13	91820	36.96	0.81
E8	Sample 56	2	1	14	96830	37	0.81
E8	Sample 56	2	1	15	101830	36.96	0.80
E9	Sample 57	2	1	1	31810	36.96	1.08
E9	Sample 57	2	1	2	36840	36.96	1.07
E9	Sample 57	2	1	3	41840	37	1.06
E9	Sample 57	2	1	4	46830	37	1.05
E9	Sample 57	2	1	5	51830	37	1.05
E9	Sample 57	2	1	6	56820	37	1.04
E9	Sample 57	2	1	7	61830	37	1.04
E9	Sample 57	2	1	8	66830	37	1.05
E9	Sample 57	2	1	9	71820	36.96	1.04
E9	Sample 57	2	1	10	76830	36.96	1.04
E9	Sample 57	2	1	11	81840	37	1.04
E9	Sample 57	2	1	12	86830	37	1.03
E9	Sample 57	2	1	13	91820	36.96	1.04
E9	Sample 57	2	1	14	96830	37	1.04
E9	Sample 57	2	1	15	101830	36.96	1.04
E10	Sample 58	2	1	1	31810	36.96	1.23
E10	Sample 58	2	1	2	36840	36.96	1.23
E10	Sample 58	2	1	3	41840	37	1.22
E10	Sample 58	2	1	4	46830	37	1.21
E10	Sample 58	2	1	5	51830	37	1.20
E10	Sample 58	2	1	6	56820	37	1.20
E10	Sample 58	2	1	7	61830	37	1.20
E10	Sample 58	2	1	8	66830	37	1.19
E10	Sample 58	2	1	9	71820	36.96	1.19
E10	Sample 58	2	1	10	76830	36.96	1.19
E10	Sample 58	2	1	11	81840	37	1.19
E10	Sample 58	2	1	12	86830	37	1.19
E10	Sample 58	2	1	13	91820	36.96	1.19
E10	Sample 58	2	1	14	96830	37	1.19
E10	Sample 58	2	1	15	101830	36.96	1.19
E11	Sample 59	2	1	1	31810	36.96	1.21
E11	Sample 59	2	1	2	36840	36.96	1.19
E11	Sample 59	2	1	3	41840	37	1.19
E11	Sample 59	2	1	4	46830	37	1.18
E11	Sample 59	2	1	5	51830	37	1.17
E11	Sample 59	2	1	6	56820	37	1.18
E11	Sample 59	2	1	7	61830	37	1.17
E11	Sample 59	2	1	8	66830	37	1.17
E11	Sample 59	2	1	9	71820	36.96	1.17
E11	Sample 59	2	1	10	76830	36.96	1.16
E11	Sample 59	2	1	11	81840	37	1.16
E11	Sample 59	2	1	12	86830	37	1.16
E11	Sample 59	2	1	13	91820	36.96	1.17
E11	Sample 59	2	1	14	96830	37	1.16
E11	Sample 59	2	1	15	101830	36.96	1.16
E12	Sample 60	2	1	1	31810	36.96	1.32
E12	Sample 60	2	1	2	36840	36.96	1.30
E12	Sample 60	2	1	3	41840	37	1.30
E12	Sample 60	2	1	4	46830	37	1.30
E12	Sample 60	2	1	5	51830	37	1.29
E12	Sample 60	2	1	6	56820	37	1.30
E12	Sample 60	2	1	7	61830	37	1.29
E12	Sample 60	2	1	8	66830	37	1.28
E12	Sample 60	2	1	9	71820	36.96	1.28
E12	Sample 60	2	1	10	76830	36.96	1.27
E12	Sample 60	2	1	11	81840	37	1.28
E12	Sample 60	2	1	12	86830	37	1.27
E12	Sample 60	2	1	13	91820	36.96	1.28
E12	Sample 60	2	1	14	96830	37	1.28
E12	Sample 60	2	1	15	101830	36.96	1.28
F1	Sample 61	2	1	1	31810	36.96	1.08
F1	Sample 61	2	1	2	36840	36.96	1.07
F1	Sample 61	2	1	3	41840	37	1.07
F1	Sample 61	2	1	4	46830	37	1.07
F1	Sample 61	2	1	5	51830	37	1.06
F1	Sample 61	2	1	6	56820	37	1.07
F1	Sample 61	2	1	7	61830	37	1.06
F1	Sample 61	2	1	8	66830	37	1.06
F1	Sample 61	2	1	9	71820	36.96	1.05
F1	Sample 61	2	1	10	76830	36.96	1.06
F1	Sample 61	2	1	11	81840	37	1.05
F1	Sample 61	2	1	12	86830	37	1.05
F1	Sample 61	2	1	13	91820	36.96	1.06
F1	Sample 61	2	1	14	96830	37	1.05
F1	Sample 61	2	1	15	101830	36.96	1.05
F2	Sample 62	2	1	1	31810	36.96	1.13
F2	Sample 62	2	1	2	36840	36.96	1.12
F2	Sample 62	2	1	3	41840	37	1.11
F2	Sample 62	2	1	4	46830	37	1.10
F2	Sample 62	2	1	5	51830	37	1.10
F2	Sample 62	2	1	6	56820	37	1.10
F2	Sample 62	2	1	7	61830	37	1.09
F2	Sample 62	2	1	8	66830	37	1.10
F2	Sample 62	2	1	9	71820	36.96	1.09
F2	Sample 62	2	1	10	76830	36.96	1.09
F2	Sample 62	2	1	11	81840	37	1.08
F2	Sample 62	2	1	12	86830	37	1.08
F2	Sample 62	2	1	13	91820	36.96	1.09
F2	Sample 62	2	1	14	96830	37	1.08
F2	Sample 62	2	1	15	101830	36.96	1.09
F3	Sample 63	2	1	1	31810	36.96	1.18
F3	Sample 63	2	1	2	36840	36.96	1.17
F3	Sample 63	2	1	3	41840	37	1.17
F3	Sample 63	2	1	4	46830	37	1.16
F3	Sample 63	2	1	5	51830	37	1.15
F3	Sample 63	2	1	6	56820	37	1.15
F3	Sample 63	2	1	7	61830	37	1.15
F3	Sample 63	2	1	8	66830	37	1.15
F3	Sample 63	2	1	9	71820	36.96	1.15
F3	Sample 63	2	1	10	76830	36.96	1.15
F3	Sample 63	2	1	11	81840	37	1.14
F3	Sample 63	2	1	12	86830	37	1.14
F3	Sample 63	2	1	13	91820	36.96	1.15
F3	Sample 63	2	1	14	96830	37	1.14
F3	Sample 63	2	1	15	101830	36.96	1.13
F4	Sample 64	2	1	1	31810	36.96	1.21
F4	Sample 64	2	1	2	36840	36.96	1.20
F4	Sample 64	2	1	3	41840	37	1.20
F4	Sample 64	2	1	4	46830	37	1.19
F4	Sample 64	2	1	5	51830	37	1.19
F4	Sample 64	2	1	6	56820	37	1.18
F4	Sample 64	2	1	7	61830	37	1.19
F4	Sample 64	2	1	8	66830	37	1.18
F4	Sample 64	2	1	9	71820	36.96	1.18
F4	Sample 64	2	1	10	76830	36.96	1.18
F4	Sample 64	2	1	11	81840	37	1.18
F4	Sample 64	2	1	12	86830	37	1.18
F4	Sample 64	2	1	13	91820	36.96	1.18
F4	Sample 64	2	1	14	96830	37	1.18
F4	Sample 64	2	1	15	101830	36.96	1.18
F5	Sample 65	2	1	1	31810	36.96	1.21
F5	Sample 65	2	1	2	36840	36.96	1.20
F5	Sample 65	2	1	3	41840	37	1.19
F5	Sample 65	2	1	4	46830	37	1.18
F5	Sample 65	2	1	5	51830	37	1.18
F5	Sample 65	2	1	6	56820	37	1.18
F5	Sample 65	2	1	7	61830	37	1.18
F5	Sample 65	2	1	8	66830	37	1.18
F5	Sample 65	2	1	9	71820	36.96	1.18
F5	Sample 65	2	1	10	76830	36.96	1.17
F5	Sample 65	2	1	11	81840	37	1.17
F5	Sample 65	2	1	12	86830	37	1.17
F5	Sample 65	2	1	13	91820	36.96	1.18
F5	Sample 65	2	1	14	96830	37	1.17
F5	Sample 65	2	1	15	101830	36.96	1.17
F6	Sample 66	2	1	1	31810	36.96	1.16
F6	Sample 66	2	1	2	36840	36.96	1.16
F6	Sample 66	2	1	3	41840	37	1.15
F6	Sample 66	2	1	4	46830	37	1.14
F6	Sample 66	2	1	5	51830	37	1.14
F6	Sample 66	2	1	6	56820	37	1.14
F6	Sample 66	2	1	7	61830	37	1.14
F6	Sample 66	2	1	8	66830	37	1.13
F6	Sample 66	2	1	9	71820	36.96	1.13
F6	Sample 66	2	1	10	76830	36.96	1.13
F6	Sample 66	2	1	11	81840	37	1.13
F6	Sample 66	2	1	12	86830	37	1.13
F6	Sample 66	2	1	13	91820	36.96	1.13
F6	Sample 66	2	1	14	96830	37	1.13
F6	Sample 66	2	1	15	101830	36.96	1.13
F7	Sample 67	2	1	1	31810	36.96	1.33
F7	Sample 67	2	1	2	36840	36.96	1.32
F7	Sample 67	2	1	3	41840	37	1.32
F7	Sample 67	2	1	4	46830	37	1.30
F7	Sample 67	2	1	5	51830	37	1.30
F7	Sample 67	2	1	6	56820	37	1.30
F7	Sample 67	2	1	7	61830	37	1.30
F7	Sample 67	2	1	8	66830	37	1.29
F7	Sample 67	2	1	9	71820	36.96	1.29
F7	Sample 67	2	1	10	76830	36.96	1.29
F7	Sample 67	2	1	11	81840	37	1.28
F7	Sample 67	2	1	12	86830	37	1.28
F7	Sample 67	2	1	13	91820	36.96	1.29
F7	Sample 67	2	1	14	96830	37	1.29
F7	Sample 67	2	1	15	101830	36.96	1.29
F8	Sample 68	2	1	1	31810	36.96	1.26
F8	Sample 68	2	1	2	36840	36.96	1.26
F8	Sample 68	2	1	3	41840	37	1.25
F8	Sample 68	2	1	4	46830	37	1.24
F8	Sample 68	2	1	5	51830	37	1.23
F8	Sample 68	2	1	6	56820	37	1.23
F8	Sample 68	2	1	7	61830	37	1.23
F8	Sample 68	2	1	8	66830	37	1.23
F8	Sample 68	2	1	9	71820	36.96	1.22
F8	Sample 68	2	1	10	76830	36.96	1.22
F8	Sample 68	2	1	11	81840	37	1.22
F8	Sample 68	2	1	12	86830	37	1.22
F8	Sample 68	2	1	13	91820	36.96	1.22
F8	Sample 68	2	1	14	96830	37	1.22
F8	Sample 68	2	1	15	101830	36.96	1.21
F9	Sample 69	2	1	1	31810	36.96	2.09
F9	Sample 69	2	1	2	36840	36.96	2.07
F9	Sample 69	2	1	3	41840	37	2.05
F9	Sample 69	2	1	4	46830	37	2.04
F9	Sample 69	2	1	5	51830	37	2.03
F9	Sample 69	2	1	6	56820	37	2.01
F9	Sample 69	2	1	7	61830	37	2.01
F9	Sample 69	2	1	8	66830	37	2.01
F9	Sample 69	2	1	9	71820	36.96	2.01
F9	Sample 69	2	1	10	76830	36.96	2.00
F9	Sample 69	2	1	11	81840	37	2.00
F9	Sample 69	2	1	12	86830	37	1.99
F9	Sample 69	2	1	13	91820	36.96	2.00
F9	Sample 69	2	1	14	96830	37	2.00
F9	Sample 69	2	1	15	101830	36.96	2.00
F10	Sample 70	2	1	1	31810	36.96	2.07
F10	Sample 70	2	1	2	36840	36.96	2.05
F10	Sample 70	2	1	3	41840	37	2.04
F10	Sample 70	2	1	4	46830	37	2.03
F10	Sample 70	2	1	5	51830	37	2.02
F10	Sample 70	2	1	6	56820	37	2.01
F10	Sample 70	2	1	7	61830	37	2.00
F10	Sample 70	2	1	8	66830	37	2.00
F10	Sample 70	2	1	9	71820	36.96	2.00
F10	Sample 70	2	1	10	76830	36.96	2.00
F10	Sample 70	2	1	11	81840	37	1.99
F10	Sample 70	2	1	12	86830	37	1.98
F10	Sample 70	2	1	13	91820	36.96	1.99
F10	Sample 70	2	1	14	96830	37	1.99
F10	Sample 70	2	1	15	101830	36.96	1.99
F11	Sample 71	2	1	1	31810	36.96	1.86
F11	Sample 71	2	1	2	36840	36.96	1.85
F11	Sample 71	2	1	3	41840	37	1.84
F11	Sample 71	2	1	4	46830	37	1.83
F11	Sample 71	2	1	5	51830	37	1.82
F11	Sample 71	2	1	6	56820	37	1.80
F11	Sample 71	2	1	7	61830	37	1.80
F11	Sample 71	2	1	8	66830	37	1.80
F11	Sample 71	2	1	9	71820	36.96	1.79
F11	Sample 71	2	1	10	76830	36.96	1.80
F11	Sample 71	2	1	11	81840	37	1.78
F11	Sample 71	2	1	12	86830	37	1.79
F11	Sample 71	2	1	13	91820	36.96	1.79
F11	Sample 71	2	1	14	96830	37	1.79
F11	Sample 71	2	1	15	101830	36.96	1.79
F12	Sample 72	2	1	1	31810	36.96	1.78
F12	Sample 72	2	1	2	36840	36.96	1.78
F12	Sample 72	2	1	3	41840	37	1.77
F12	Sample 72	2	1	4	46830	37	1.76
F12	Sample 72	2	1	5	51830	37	1.75
F12	Sample 72	2	1	6	56820	37	1.74
F12	Sample 72	2	1	7	61830	37	1.73
F12	Sample 72	2	1	8	66830	37	1.73
F12	Sample 72	2	1	9	71820	36.96	1.73
F12	Sample 72	2	1	10	76830	36.96	1.73
F12	Sample 72	2	1	11	81840	37	1.72
F12	Sample 72	2	1	12	86830	37	1.72
F12	Sample 72	2	1	13	91820	36.96	1.72
F12	Sample 72	2	1	14	96830	37	1.73
F12	Sample 72	2	1	15	101830	36.96	1.73
G1	Sample 73	2	1	1	31810	36.96	1.14
G1	Sample 73	2	1	2	36840	36.96	1.13
G1	Sample 73	2	1	3	41840	37	1.14
G1	Sample 73	2	1	4	46830	37	1.12
G1	Sample 73	2	1	5	51830	37	1.12
G1	Sample 73	2	1	6	56820	37	1.12
G1	Sample 73	2	1	7	61830	37	1.11
G1	Sample 73	2	1	8	66830	37	1.12
G1	Sample 73	2	1	9	71820	36.96	1.11
G1	Sample 73	2	1	10	76830	36.96	1.11
G1	Sample 73	2	1	11	81840	37	1.12
G1	Sample 73	2	1	12	86830	37	1.12
G1	Sample 73	2	1	13	91820	36.96	1.12
G1	Sample 73	2	1	14	96830	37	1.11
G1	Sample 73	2	1	15	101830	36.96	1.11
G2	Sample 74	2	1	1	31810	36.96	1.12
G2	Sample 74	2	1	2	36840	36.96	1.11
G2	Sample 74	2	1	3	41840	37	1.11
G2	Sample 74	2	1	4	46830	37	1.10
G2	Sample 74	2	1	5	51830	37	1.10
G2	Sample 74	2	1	6	56820	37	1.09
G2	Sample 74	2	1	7	61830	37	1.09
G2	Sample 74	2	1	8	66830	37	1.08
G2	Sample 74	2	1	9	71820	36.96	1.09
G2	Sample 74	2	1	10	76830	36.96	1.08
G2	Sample 74	2	1	11	81840	37	1.08
G2	Sample 74	2	1	12	86830	37	1.08
G2	Sample 74	2	1	13	91820	36.96	1.08
G2	Sample 74	2	1	14	96830	37	1.08
G2	Sample 74	2	1	15	101830	36.96	1.08
G3	Sample 75	2	1	1	31810	36.96	1.25
G3	Sample 75	2	1	2	36840	36.96	1.24
G3	Sample 75	2	1	3	41840	37	1.24
G3	Sample 75	2	1	4	46830	37	1.22
G3	Sample 75	2	1	5	51830	37	1.22
G3	Sample 75	2	1	6	56820	37	1.22
G3	Sample 75	2	1	7	61830	37	1.21
G3	Sample 75	2	1	8	66830	37	1.21
G3	Sample 75	2	1	9	71820	36.96	1.22
G3	Sample 75	2	1	10	76830	36.96	1.21
G3	Sample 75	2	1	11	81840	37	1.21
G3	Sample 75	2	1	12	86830	37	1.21
G3	Sample 75	2	1	13	91820	36.96	1.21
G3	Sample 75	2	1	14	96830	37	1.22
G3	Sample 75	2	1	15	101830	36.96	1.21
G4	Sample 76	2	1	1	31810	36.96	1.23
G4	Sample 76	2	1	2	36840	36.96	1.22
G4	Sample 76	2	1	3	41840	37	1.22
G4	Sample 76	2	1	4	46830	37	1.21
G4	Sample 76	2	1	5	51830	37	1.21
G4	Sample 76	2	1	6	56820	37	1.21
G4	Sample 76	2	1	7	61830	37	1.20
G4	Sample 76	2	1	8	66830	37	1.20
G4	Sample 76	2	1	9	71820	36.96	1.20
G4	Sample 76	2	1	10	76830	36.96	1.19
G4	Sample 76	2	1	11	81840	37	1.19
G4	Sample 76	2	1	12	86830	37	1.19
G4	Sample 76	2	1	13	91820	36.96	1.20
G4	Sample 76	2	1	14	96830	37	1.20
G4	Sample 76	2	1	15	101830	36.96	1.19
G5	Sample 77	2	1	1	31810	36.96	1.47
G5	Sample 77	2	1	2	36840	36.96	1.44
G5	Sample 77	2	1	3	41840	37	1.44
G5	Sample 77	2	1	4	46830	37	1.44
G5	Sample 77	2	1	5	51830	37	1.43
G5	Sample 77	2	1	6	56820	37	1.43
G5	Sample 77	2	1	7	61830	37	1.42
G5	Sample 77	2	1	8	66830	37	1.43
G5	Sample 77	2	1	9	71820	36.96	1.43
G5	Sample 77	2	1	10	76830	36.96	1.42
G5	Sample 77	2	1	11	81840	37	1.42
G5	Sample 77	2	1	12	86830	37	1.41
G5	Sample 77	2	1	13	91820	36.96	1.42
G5	Sample 77	2	1	14	96830	37	1.42
G5	Sample 77	2	1	15	101830	36.96	1.42
G6	Sample 78	2	1	1	31810	36.96	1.38
G6	Sample 78	2	1	2	36840	36.96	1.37
G6	Sample 78	2	1	3	41840	37	1.36
G6	Sample 78	2	1	4	46830	37	1.36
G6	Sample 78	2	1	5	51830	37	1.35
G6	Sample 78	2	1	6	56820	37	1.35
G6	Sample 78	2	1	7	61830	37	1.34
G6	Sample 78	2	1	8	66830	37	1.35
G6	Sample 78	2	1	9	71820	36.96	1.34
G6	Sample 78	2	1	10	76830	36.96	1.34
G6	Sample 78	2	1	11	81840	37	1.35
G6	Sample 78	2	1	12	86830	37	1.34
G6	Sample 78	2	1	13	91820	36.96	1.34
G6	Sample 78	2	1	14	96830	37	1.34
G6	Sample 78	2	1	15	101830	36.96	1.34
G7	Sample 79	2	1	1	31810	36.96	1.36
G7	Sample 79	2	1	2	36840	36.96	1.35
G7	Sample 79	2	1	3	41840	37	1.34
G7	Sample 79	2	1	4	46830	37	1.32
G7	Sample 79	2	1	5	51830	37	1.32
G7	Sample 79	2	1	6	56820	37	1.33
G7	Sample 79	2	1	7	61830	37	1.31
G7	Sample 79	2	1	8	66830	37	1.31
G7	Sample 79	2	1	9	71820	36.96	1.31
G7	Sample 79	2	1	10	76830	36.96	1.32
G7	Sample 79	2	1	11	81840	37	1.31
G7	Sample 79	2	1	12	86830	37	1.31
G7	Sample 79	2	1	13	91820	36.96	1.31
G7	Sample 79	2	1	14	96830	37	1.32
G7	Sample 79	2	1	15	101830	36.96	1.32
G8	Sample 80	2	1	1	31810	36.96	1.31
G8	Sample 80	2	1	2	36840	36.96	1.29
G8	Sample 80	2	1	3	41840	37	1.29
G8	Sample 80	2	1	4	46830	37	1.28
G8	Sample 80	2	1	5	51830	37	1.28
G8	Sample 80	2	1	6	56820	37	1.28
G8	Sample 80	2	1	7	61830	37	1.27
G8	Sample 80	2	1	8	66830	37	1.27
G8	Sample 80	2	1	9	71820	36.96	1.27
G8	Sample 80	2	1	10	76830	36.96	1.26
G8	Sample 80	2	1	11	81840	37	1.26
G8	Sample 80	2	1	12	86830	37	1.26
G8	Sample 80	2	1	13	91820	36.96	1.26
G8	Sample 80	2	1	14	96830	37	1.26
G8	Sample 80	2	1	15	101830	36.96	1.26
G9	Sample 81	2	1	1	31810	36.96	2.09
G9	Sample 81	2	1	2	36840	36.96	2.08
G9	Sample 81	2	1	3	41840	37	2.07
G9	Sample 81	2	1	4	46830	37	2.05
G9	Sample 81	2	1	5	51830	37	2.04
G9	Sample 81	2	1	6	56820	37	2.04
G9	Sample 81	2	1	7	61830	37	2.03
G9	Sample 81	2	1	8	66830	37	2.02
G9	Sample 81	2	1	9	71820	36.96	2.03
G9	Sample 81	2	1	10	76830	36.96	2.02
G9	Sample 81	2	1	11	81840	37	2.02
G9	Sample 81	2	1	12	86830	37	2.03
G9	Sample 81	2	1	13	91820	36.96	2.02
G9	Sample 81	2	1	14	96830	37	2.03
G9	Sample 81	2	1	15	101830	36.96	2.03
G10	Sample 82	2	1	1	31810	36.96	2.07
G10	Sample 82	2	1	2	36840	36.96	2.05
G10	Sample 82	2	1	3	41840	37	2.04
G10	Sample 82	2	1	4	46830	37	2.03
G10	Sample 82	2	1	5	51830	37	2.03
G10	Sample 82	2	1	6	56820	37	2.02
G10	Sample 82	2	1	7	61830	37	2.01
G10	Sample 82	2	1	8	66830	37	2.01
G10	Sample 82	2	1	9	71820	36.96	2.02
G10	Sample 82	2	1	10	76830	36.96	2.00
G10	Sample 82	2	1	11	81840	37	2.00
G10	Sample 82	2	1	12	86830	37	2.00
G10	Sample 82	2	1	13	91820	36.96	2.01
G10	Sample 82	2	1	14	96830	37	2.00
G10	Sample 82	2	1	15	101830	36.96	2.01
G11	Sample 83	2	1	1	31810	36.96	2.02
G11	Sample 83	2	1	2	36840	36.96	1.98
G11	Sample 83	2	1	3	41840	37	1.99
G11	Sample 83	2	1	4	46830	37	1.97
G11	Sample 83	2	1	5	51830	37	1.96
G11	Sample 83	2	1	6	56820	37	1.96
G11	Sample 83	2	1	7	61830	37	1.96
G11	Sample 83	2	1	8	66830	37	1.95
G11	Sample 83	2	1	9	71820	36.96	1.95
G11	Sample 83	2	1	10	76830	36.96	1.95
G11	Sample 83	2	1	11	81840	37	1.95
G11	Sample 83	2	1	12	86830	37	1.94
G11	Sample 83	2	1	13	91820	36.96	1.95
G11	Sample 83	2	1	14	96830	37	1.95
G11	Sample 83	2	1	15	101830	36.96	1.95
G12	Sample 84	2	1	1	31810	36.96	1.85
G12	Sample 84	2	1	2	36840	36.96	1.83
G12	Sample 84	2	1	3	41840	37	1.82
G12	Sample 84	2	1	4	46830	37	1.81
G12	Sample 84	2	1	5	51830	37	1.80
G12	Sample 84	2	1	6	56820	37	1.80
G12	Sample 84	2	1	7	61830	37	1.80
G12	Sample 84	2	1	8	66830	37	1.79
G12	Sample 84	2	1	9	71820	36.96	1.79
G12	Sample 84	2	1	10	76830	36.96	1.79
G12	Sample 84	2	1	11	81840	37	1.80
G12	Sample 84	2	1	12	86830	37	1.79
G12	Sample 84	2	1	13	91820	36.96	1.80
G12	Sample 84	2	1	14	96830	37	1.79
G12	Sample 84	2	1	15	101830	36.96	1.79
H1	Sample 85	2	1	1	31810	36.96	1.14
H1	Sample 85	2	1	2	36840	36.96	1.13
H1	Sample 85	2	1	3	41840	37	1.13
H1	Sample 85	2	1	4	46830	37	1.12
H1	Sample 85	2	1	5	51830	37	1.12
H1	Sample 85	2	1	6	56820	37	1.12
H1	Sample 85	2	1	7	61830	37	1.11
H1	Sample 85	2	1	8	66830	37	1.11
H1	Sample 85	2	1	9	71820	36.96	1.11
H1	Sample 85	2	1	10	76830	36.96	1.11
H1	Sample 85	2	1	11	81840	37	1.12
H1	Sample 85	2	1	12	86830	37	1.11
H1	Sample 85	2	1	13	91820	36.96	1.12
H1	Sample 85	2	1	14	96830	37	1.11
H1	Sample 85	2	1	15	101830	36.96	1.12
H2	Sample 86	2	1	1	31810	36.96	1.11
H2	Sample 86	2	1	2	36840	36.96	1.09
H2	Sample 86	2	1	3	41840	37	1.09
H2	Sample 86	2	1	4	46830	37	1.09
H2	Sample 86	2	1	5	51830	37	1.08
H2	Sample 86	2	1	6	56820	37	1.08
H2	Sample 86	2	1	7	61830	37	1.07
H2	Sample 86	2	1	8	66830	37	1.07
H2	Sample 86	2	1	9	71820	36.96	1.07
H2	Sample 86	2	1	10	76830	36.96	1.07
H2	Sample 86	2	1	11	81840	37	1.07
H2	Sample 86	2	1	12	86830	37	1.07
H2	Sample 86	2	1	13	91820	36.96	1.07
H2	Sample 86	2	1	14	96830	37	1.07
H2	Sample 86	2	1	15	101830	36.96	1.07
H3	Sample 87	2	1	1	31810	36.96	1.21
H3	Sample 87	2	1	2	36840	36.96	1.19
H3	Sample 87	2	1	3	41840	37	1.20
H3	Sample 87	2	1	4	46830	37	1.18
H3	Sample 87	2	1	5	51830	37	1.19
H3	Sample 87	2	1	6	56820	37	1.19
H3	Sample 87	2	1	7	61830	37	1.19
H3	Sample 87	2	1	8	66830	37	1.18
H3	Sample 87	2	1	9	71820	36.96	1.19
H3	Sample 87	2	1	10	76830	36.96	1.18
H3	Sample 87	2	1	11	81840	37	1.19
H3	Sample 87	2	1	12	86830	37	1.19
H3	Sample 87	2	1	13	91820	36.96	1.18
H3	Sample 87	2	1	14	96830	37	1.18
H3	Sample 87	2	1	15	101830	36.96	1.18
H4	Sample 88	2	1	1	31810	36.96	1.24
H4	Sample 88	2	1	2	36840	36.96	1.22
H4	Sample 88	2	1	3	41840	37	1.23
H4	Sample 88	2	1	4	46830	37	1.22
H4	Sample 88	2	1	5	51830	37	1.22
H4	Sample 88	2	1	6	56820	37	1.21
H4	Sample 88	2	1	7	61830	37	1.21
H4	Sample 88	2	1	8	66830	37	1.20
H4	Sample 88	2	1	9	71820	36.96	1.20
H4	Sample 88	2	1	10	76830	36.96	1.20
H4	Sample 88	2	1	11	81840	37	1.20
H4	Sample 88	2	1	12	86830	37	1.20
H4	Sample 88	2	1	13	91820	36.96	1.20
H4	Sample 88	2	1	14	96830	37	1.20
H4	Sample 88	2	1	15	101830	36.96	1.20
H5	Sample 89	2	1	1	31810	36.96	1.44
H5	Sample 89	2	1	2	36840	36.96	1.43
H5	Sample 89	2	1	3	41840	37	1.42
H5	Sample 89	2	1	4	46830	37	1.42
H5	Sample 89	2	1	5	51830	37	1.42
H5	Sample 89	2	1	6	56820	37	1.41
H5	Sample 89	2	1	7	61830	37	1.40
H5	Sample 89	2	1	8	66830	37	1.40
H5	Sample 89	2	1	9	71820	36.96	1.41
H5	Sample 89	2	1	10	76830	36.96	1.40
H5	Sample 89	2	1	11	81840	37	1.40
H5	Sample 89	2	1	12	86830	37	1.41
H5	Sample 89	2	1	13	91820	36.96	1.41
H5	Sample 89	2	1	14	96830	37	1.40
H5	Sample 89	2	1	15	101830	36.96	1.40
H6	Sample 90	2	1	1	31810	36.96	1.39
H6	Sample 90	2	1	2	36840	36.96	1.37
H6	Sample 90	2	1	3	41840	37	1.38
H6	Sample 90	2	1	4	46830	37	1.37
H6	Sample 90	2	1	5	51830	37	1.37
H6	Sample 90	2	1	6	56820	37	1.36
H6	Sample 90	2	1	7	61830	37	1.36
H6	Sample 90	2	1	8	66830	37	1.35
H6	Sample 90	2	1	9	71820	36.96	1.35
H6	Sample 90	2	1	10	76830	36.96	1.35
H6	Sample 90	2	1	11	81840	37	1.36
H6	Sample 90	2	1	12	86830	37	1.35
H6	Sample 90	2	1	13	91820	36.96	1.35
H6	Sample 90	2	1	14	96830	37	1.35
H6	Sample 90	2	1	15	101830	36.96	1.34
H7	Sample 91	2	1	1	31810	36.96	1.42
H7	Sample 91	2	1	2	36840	36.96	1.40
H7	Sample 91	2	1	3	41840	37	1.40
H7	Sample 91	2	1	4	46830	37	1.38
H7	Sample 91	2	1	5	51830	37	1.38
H7	Sample 91	2	1	6	56820	37	1.39
H7	Sample 91	2	1	7	61830	37	1.38
H7	Sample 91	2	1	8	66830	37	1.37
H7	Sample 91	2	1	9	71820	36.96	1.38
H7	Sample 91	2	1	10	76830	36.96	1.37
H7	Sample 91	2	1	11	81840	37	1.38
H7	Sample 91	2	1	12	86830	37	1.38
H7	Sample 91	2	1	13	91820	36.96	1.37
H7	Sample 91	2	1	14	96830	37	1.38
H7	Sample 91	2	1	15	101830	36.96	1.37
H8	Sample 92	2	1	1	31810	36.96	1.38
H8	Sample 92	2	1	2	36840	36.96	1.36
H8	Sample 92	2	1	3	41840	37	1.37
H8	Sample 92	2	1	4	46830	37	1.35
H8	Sample 92	2	1	5	51830	37	1.36
H8	Sample 92	2	1	6	56820	37	1.35
H8	Sample 92	2	1	7	61830	37	1.34
H8	Sample 92	2	1	8	66830	37	1.34
H8	Sample 92	2	1	9	71820	36.96	1.34
H8	Sample 92	2	1	10	76830	36.96	1.34
H8	Sample 92	2	1	11	81840	37	1.34
H8	Sample 92	2	1	12	86830	37	1.34
H8	Sample 92	2	1	13	91820	36.96	1.34
H8	Sample 92	2	1	14	96830	37	1.34
H8	Sample 92	2	1	15	101830	36.96	1.34
H9	Sample 93	2	1	1	31810	36.96	2.01
H9	Sample 93	2	1	2	36840	36.96	1.99
H9	Sample 93	2	1	3	41840	37	1.99
H9	Sample 93	2	1	4	46830	37	1.98
H9	Sample 93	2	1	5	51830	37	1.97
H9	Sample 93	2	1	6	56820	37	1.97
H9	Sample 93	2	1	7	61830	37	1.96
H9	Sample 93	2	1	8	66830	37	1.96
H9	Sample 93	2	1	9	71820	36.96	1.96
H9	Sample 93	2	1	10	76830	36.96	1.96
H9	Sample 93	2	1	11	81840	37	1.95
H9	Sample 93	2	1	12	86830	37	1.96
H9	Sample 93	2	1	13	91820	36.96	1.95
H9	Sample 93	2	1	14	96830	37	1.95
H9	Sample 93	2	1	15	101830	36.96	1.95
H10	Sample 94	2	1	1	31810	36.96	1.91
H10	Sample 94	2	1	2	36840	36.96	1.90
H10	Sample 94	2	1	3	41840	37	1.89
H10	Sample 94	2	1	4	46830	37	1.87
H10	Sample 94	2	1	5	51830	37	1.87
H10	Sample 94	2	1	6	56820	37	1.87
H10	Sample 94	2	1	7	61830	37	1.86
H10	Sample 94	2	1	8	66830	37	1.86
H10	Sample 94	2	1	9	71820	36.96	1.85
H10	Sample 94	2	1	10	76830	36.96	1.85
H10	Sample 94	2	1	11	81840	37	1.85
H10	Sample 94	2	1	12	86830	37	1.86
H10	Sample 94	2	1	13	91820	36.96	1.85
H10	Sample 94	2	1	14	96830	37	1.85
H10	Sample 94	2	1	15	101830	36.96	1.84
H11	Sample 95	2	1	1	31810	36.96	1.93
H11	Sample 95	2	1	2	36840	36.96	1.90
H11	Sample 95	2	1	3	41840	37	1.89
H11	Sample 95	2	1	4	46830	37	1.88
H11	Sample 95	2	1	5	51830	37	1.89
H11	Sample 95	2	1	6	56820	37	1.88
H11	Sample 95	2	1	7	61830	37	1.87
H11	Sample 95	2	1	8	66830	37	1.87
H11	Sample 95	2	1	9	71820	36.96	1.87
H11	Sample 95	2	1	10	76830	36.96	1.87
H11	Sample 95	2	1	11	81840	37	1.88
H11	Sample 95	2	1	12	86830	37	1.86
H11	Sample 95	2	1	13	91820	36.96	1.86
H11	Sample 95	2	1	14	96830	37	1.87
H11	Sample 95	2	1	15	101830	36.96	1.86
H12	Sample 96	2	1	1	31810	36.96	1.86
H12	Sample 96	2	1	2	36840	36.96	1.84
H12	Sample 96	2	1	3	41840	37	1.83
H12	Sample 96	2	1	4	46830	37	1.82
H12	Sample 96	2	1	5	51830	37	1.82
H12	Sample 96	2	1	6	56820	37	1.81
H12	Sample 96	2	1	7	61830	37	1.81
H12	Sample 96	2	1	8	66830	37	1.81
H12	Sample 96	2	1	9	71820	36.96	1.81
H12	Sample 96	2	1	10	76830	36.96	1.81
H12	Sample 96	2	1	11	81840	37	1.81
H12	Sample 96	2	1	12	86830	37	1.81
H12	Sample 96	2	1	13	91820	36.96	1.81
H12	Sample 96	2	1	14	96830	37	1.81
H12	Sample 96	2	1	15	101830	36.96	1.81
