Raw Data 		Experiment - evIC50_10_plate1_23APRIL2026.1 (Run on LCS480 1.5.1.62)
SamplePos	SampleName	Prog#	Seg#	Cycle#	Time	Temp	465-510	
A1	Sample 1	2	1	1	30070	37	0.38
A1	Sample 1	2	1	2	35100	37	0.38
A1	Sample 1	2	1	3	40110	36.96	0.39
A1	Sample 1	2	1	4	45120	37	0.40
A1	Sample 1	2	1	5	50100	37	0.40
A1	Sample 1	2	1	6	55100	36.96	0.41
A1	Sample 1	2	1	7	60100	37	0.41
A1	Sample 1	2	1	8	65100	37	0.41
A1	Sample 1	2	1	9	70090	37	0.41
A1	Sample 1	2	1	10	75100	37	0.40
A1	Sample 1	2	1	11	80100	37	0.41
A1	Sample 1	2	1	12	85100	37	0.41
A1	Sample 1	2	1	13	90100	37	0.41
A1	Sample 1	2	1	14	95100	37	0.40
A1	Sample 1	2	1	15	100090	36.96	0.41
A2	Sample 2	2	1	1	30070	37	0.37
A2	Sample 2	2	1	2	35100	37	0.38
A2	Sample 2	2	1	3	40110	36.96	0.39
A2	Sample 2	2	1	4	45120	37	0.39
A2	Sample 2	2	1	5	50100	37	0.39
A2	Sample 2	2	1	6	55100	36.96	0.40
A2	Sample 2	2	1	7	60100	37	0.40
A2	Sample 2	2	1	8	65100	37	0.40
A2	Sample 2	2	1	9	70090	37	0.40
A2	Sample 2	2	1	10	75100	37	0.40
A2	Sample 2	2	1	11	80100	37	0.40
A2	Sample 2	2	1	12	85100	37	0.40
A2	Sample 2	2	1	13	90100	37	0.40
A2	Sample 2	2	1	14	95100	37	0.39
A2	Sample 2	2	1	15	100090	36.96	0.40
A3	Sample 3	2	1	1	30070	37	0.41
A3	Sample 3	2	1	2	35100	37	0.42
A3	Sample 3	2	1	3	40110	36.96	0.43
A3	Sample 3	2	1	4	45120	37	0.44
A3	Sample 3	2	1	5	50100	37	0.44
A3	Sample 3	2	1	6	55100	36.96	0.44
A3	Sample 3	2	1	7	60100	37	0.44
A3	Sample 3	2	1	8	65100	37	0.44
A3	Sample 3	2	1	9	70090	37	0.45
A3	Sample 3	2	1	10	75100	37	0.44
A3	Sample 3	2	1	11	80100	37	0.44
A3	Sample 3	2	1	12	85100	37	0.44
A3	Sample 3	2	1	13	90100	37	0.44
A3	Sample 3	2	1	14	95100	37	0.44
A3	Sample 3	2	1	15	100090	36.96	0.44
A4	Sample 4	2	1	1	30070	37	0.40
A4	Sample 4	2	1	2	35100	37	0.41
A4	Sample 4	2	1	3	40110	36.96	0.42
A4	Sample 4	2	1	4	45120	37	0.42
A4	Sample 4	2	1	5	50100	37	0.42
A4	Sample 4	2	1	6	55100	36.96	0.42
A4	Sample 4	2	1	7	60100	37	0.43
A4	Sample 4	2	1	8	65100	37	0.43
A4	Sample 4	2	1	9	70090	37	0.43
A4	Sample 4	2	1	10	75100	37	0.43
A4	Sample 4	2	1	11	80100	37	0.43
A4	Sample 4	2	1	12	85100	37	0.43
A4	Sample 4	2	1	13	90100	37	0.44
A4	Sample 4	2	1	14	95100	37	0.43
A4	Sample 4	2	1	15	100090	36.96	0.43
A5	Sample 5	2	1	1	30070	37	0.42
A5	Sample 5	2	1	2	35100	37	0.44
A5	Sample 5	2	1	3	40110	36.96	0.45
A5	Sample 5	2	1	4	45120	37	0.46
A5	Sample 5	2	1	5	50100	37	0.46
A5	Sample 5	2	1	6	55100	36.96	0.47
A5	Sample 5	2	1	7	60100	37	0.47
A5	Sample 5	2	1	8	65100	37	0.47
A5	Sample 5	2	1	9	70090	37	0.47
A5	Sample 5	2	1	10	75100	37	0.47
A5	Sample 5	2	1	11	80100	37	0.47
A5	Sample 5	2	1	12	85100	37	0.47
A5	Sample 5	2	1	13	90100	37	0.47
A5	Sample 5	2	1	14	95100	37	0.47
A5	Sample 5	2	1	15	100090	36.96	0.47
A6	Sample 6	2	1	1	30070	37	0.46
A6	Sample 6	2	1	2	35100	37	0.47
A6	Sample 6	2	1	3	40110	36.96	0.49
A6	Sample 6	2	1	4	45120	37	0.49
A6	Sample 6	2	1	5	50100	37	0.50
A6	Sample 6	2	1	6	55100	36.96	0.50
A6	Sample 6	2	1	7	60100	37	0.51
A6	Sample 6	2	1	8	65100	37	0.51
A6	Sample 6	2	1	9	70090	37	0.51
A6	Sample 6	2	1	10	75100	37	0.50
A6	Sample 6	2	1	11	80100	37	0.51
A6	Sample 6	2	1	12	85100	37	0.51
A6	Sample 6	2	1	13	90100	37	0.51
A6	Sample 6	2	1	14	95100	37	0.51
A6	Sample 6	2	1	15	100090	36.96	0.51
A7	Sample 7	2	1	1	30070	37	0.44
A7	Sample 7	2	1	2	35100	37	0.45
A7	Sample 7	2	1	3	40110	36.96	0.46
A7	Sample 7	2	1	4	45120	37	0.46
A7	Sample 7	2	1	5	50100	37	0.46
A7	Sample 7	2	1	6	55100	36.96	0.47
A7	Sample 7	2	1	7	60100	37	0.47
A7	Sample 7	2	1	8	65100	37	0.48
A7	Sample 7	2	1	9	70090	37	0.47
A7	Sample 7	2	1	10	75100	37	0.47
A7	Sample 7	2	1	11	80100	37	0.48
A7	Sample 7	2	1	12	85100	37	0.48
A7	Sample 7	2	1	13	90100	37	0.48
A7	Sample 7	2	1	14	95100	37	0.48
A7	Sample 7	2	1	15	100090	36.96	0.48
A8	Sample 8	2	1	1	30070	37	0.43
A8	Sample 8	2	1	2	35100	37	0.45
A8	Sample 8	2	1	3	40110	36.96	0.45
A8	Sample 8	2	1	4	45120	37	0.46
A8	Sample 8	2	1	5	50100	37	0.46
A8	Sample 8	2	1	6	55100	36.96	0.47
A8	Sample 8	2	1	7	60100	37	0.47
A8	Sample 8	2	1	8	65100	37	0.48
A8	Sample 8	2	1	9	70090	37	0.47
A8	Sample 8	2	1	10	75100	37	0.47
A8	Sample 8	2	1	11	80100	37	0.47
A8	Sample 8	2	1	12	85100	37	0.47
A8	Sample 8	2	1	13	90100	37	0.47
A8	Sample 8	2	1	14	95100	37	0.48
A8	Sample 8	2	1	15	100090	36.96	0.47
A9	Sample 9	2	1	1	30070	37	0.36
A9	Sample 9	2	1	2	35100	37	0.38
A9	Sample 9	2	1	3	40110	36.96	0.38
A9	Sample 9	2	1	4	45120	37	0.39
A9	Sample 9	2	1	5	50100	37	0.38
A9	Sample 9	2	1	6	55100	36.96	0.39
A9	Sample 9	2	1	7	60100	37	0.40
A9	Sample 9	2	1	8	65100	37	0.40
A9	Sample 9	2	1	9	70090	37	0.40
A9	Sample 9	2	1	10	75100	37	0.40
A9	Sample 9	2	1	11	80100	37	0.40
A9	Sample 9	2	1	12	85100	37	0.40
A9	Sample 9	2	1	13	90100	37	0.40
A9	Sample 9	2	1	14	95100	37	0.40
A9	Sample 9	2	1	15	100090	36.96	0.40
A10	Sample 10	2	1	1	30070	37	0.36
A10	Sample 10	2	1	2	35100	37	0.37
A10	Sample 10	2	1	3	40110	36.96	0.38
A10	Sample 10	2	1	4	45120	37	0.38
A10	Sample 10	2	1	5	50100	37	0.38
A10	Sample 10	2	1	6	55100	36.96	0.39
A10	Sample 10	2	1	7	60100	37	0.39
A10	Sample 10	2	1	8	65100	37	0.40
A10	Sample 10	2	1	9	70090	37	0.40
A10	Sample 10	2	1	10	75100	37	0.39
A10	Sample 10	2	1	11	80100	37	0.40
A10	Sample 10	2	1	12	85100	37	0.40
A10	Sample 10	2	1	13	90100	37	0.40
A10	Sample 10	2	1	14	95100	37	0.40
A10	Sample 10	2	1	15	100090	36.96	0.40
A11	Sample 11	2	1	1	30070	37	0.37
A11	Sample 11	2	1	2	35100	37	0.37
A11	Sample 11	2	1	3	40110	36.96	0.38
A11	Sample 11	2	1	4	45120	37	0.38
A11	Sample 11	2	1	5	50100	37	0.39
A11	Sample 11	2	1	6	55100	36.96	0.39
A11	Sample 11	2	1	7	60100	37	0.39
A11	Sample 11	2	1	8	65100	37	0.40
A11	Sample 11	2	1	9	70090	37	0.39
A11	Sample 11	2	1	10	75100	37	0.39
A11	Sample 11	2	1	11	80100	37	0.40
A11	Sample 11	2	1	12	85100	37	0.40
A11	Sample 11	2	1	13	90100	37	0.39
A11	Sample 11	2	1	14	95100	37	0.40
A11	Sample 11	2	1	15	100090	36.96	0.39
A12	Sample 12	2	1	1	30070	37	0.32
A12	Sample 12	2	1	2	35100	37	0.33
A12	Sample 12	2	1	3	40110	36.96	0.34
A12	Sample 12	2	1	4	45120	37	0.34
A12	Sample 12	2	1	5	50100	37	0.34
A12	Sample 12	2	1	6	55100	36.96	0.34
A12	Sample 12	2	1	7	60100	37	0.35
A12	Sample 12	2	1	8	65100	37	0.35
A12	Sample 12	2	1	9	70090	37	0.36
A12	Sample 12	2	1	10	75100	37	0.35
A12	Sample 12	2	1	11	80100	37	0.35
A12	Sample 12	2	1	12	85100	37	0.36
A12	Sample 12	2	1	13	90100	37	0.35
A12	Sample 12	2	1	14	95100	37	0.35
A12	Sample 12	2	1	15	100090	36.96	0.35
B1	Sample 13	2	1	1	30070	37	0.33
B1	Sample 13	2	1	2	35100	37	0.34
B1	Sample 13	2	1	3	40110	36.96	0.35
B1	Sample 13	2	1	4	45120	37	0.36
B1	Sample 13	2	1	5	50100	37	0.36
B1	Sample 13	2	1	6	55100	36.96	0.36
B1	Sample 13	2	1	7	60100	37	0.36
B1	Sample 13	2	1	8	65100	37	0.36
B1	Sample 13	2	1	9	70090	37	0.36
B1	Sample 13	2	1	10	75100	37	0.37
B1	Sample 13	2	1	11	80100	37	0.37
B1	Sample 13	2	1	12	85100	37	0.37
B1	Sample 13	2	1	13	90100	37	0.37
B1	Sample 13	2	1	14	95100	37	0.37
B1	Sample 13	2	1	15	100090	36.96	0.37
B2	Sample 14	2	1	1	30070	37	0.34
B2	Sample 14	2	1	2	35100	37	0.35
B2	Sample 14	2	1	3	40110	36.96	0.36
B2	Sample 14	2	1	4	45120	37	0.37
B2	Sample 14	2	1	5	50100	37	0.37
B2	Sample 14	2	1	6	55100	36.96	0.37
B2	Sample 14	2	1	7	60100	37	0.37
B2	Sample 14	2	1	8	65100	37	0.38
B2	Sample 14	2	1	9	70090	37	0.37
B2	Sample 14	2	1	10	75100	37	0.37
B2	Sample 14	2	1	11	80100	37	0.38
B2	Sample 14	2	1	12	85100	37	0.38
B2	Sample 14	2	1	13	90100	37	0.38
B2	Sample 14	2	1	14	95100	37	0.38
B2	Sample 14	2	1	15	100090	36.96	0.38
B3	Sample 15	2	1	1	30070	37	0.37
B3	Sample 15	2	1	2	35100	37	0.39
B3	Sample 15	2	1	3	40110	36.96	0.39
B3	Sample 15	2	1	4	45120	37	0.41
B3	Sample 15	2	1	5	50100	37	0.41
B3	Sample 15	2	1	6	55100	36.96	0.41
B3	Sample 15	2	1	7	60100	37	0.41
B3	Sample 15	2	1	8	65100	37	0.41
B3	Sample 15	2	1	9	70090	37	0.40
B3	Sample 15	2	1	10	75100	37	0.41
B3	Sample 15	2	1	11	80100	37	0.41
B3	Sample 15	2	1	12	85100	37	0.41
B3	Sample 15	2	1	13	90100	37	0.42
B3	Sample 15	2	1	14	95100	37	0.41
B3	Sample 15	2	1	15	100090	36.96	0.42
B4	Sample 16	2	1	1	30070	37	0.37
B4	Sample 16	2	1	2	35100	37	0.38
B4	Sample 16	2	1	3	40110	36.96	0.38
B4	Sample 16	2	1	4	45120	37	0.40
B4	Sample 16	2	1	5	50100	37	0.40
B4	Sample 16	2	1	6	55100	36.96	0.40
B4	Sample 16	2	1	7	60100	37	0.40
B4	Sample 16	2	1	8	65100	37	0.40
B4	Sample 16	2	1	9	70090	37	0.40
B4	Sample 16	2	1	10	75100	37	0.40
B4	Sample 16	2	1	11	80100	37	0.41
B4	Sample 16	2	1	12	85100	37	0.41
B4	Sample 16	2	1	13	90100	37	0.41
B4	Sample 16	2	1	14	95100	37	0.40
B4	Sample 16	2	1	15	100090	36.96	0.41
B5	Sample 17	2	1	1	30070	37	0.42
B5	Sample 17	2	1	2	35100	37	0.43
B5	Sample 17	2	1	3	40110	36.96	0.44
B5	Sample 17	2	1	4	45120	37	0.44
B5	Sample 17	2	1	5	50100	37	0.45
B5	Sample 17	2	1	6	55100	36.96	0.45
B5	Sample 17	2	1	7	60100	37	0.45
B5	Sample 17	2	1	8	65100	37	0.46
B5	Sample 17	2	1	9	70090	37	0.45
B5	Sample 17	2	1	10	75100	37	0.45
B5	Sample 17	2	1	11	80100	37	0.46
B5	Sample 17	2	1	12	85100	37	0.46
B5	Sample 17	2	1	13	90100	37	0.46
B5	Sample 17	2	1	14	95100	37	0.45
B5	Sample 17	2	1	15	100090	36.96	0.46
B6	Sample 18	2	1	1	30070	37	0.39
B6	Sample 18	2	1	2	35100	37	0.41
B6	Sample 18	2	1	3	40110	36.96	0.41
B6	Sample 18	2	1	4	45120	37	0.43
B6	Sample 18	2	1	5	50100	37	0.43
B6	Sample 18	2	1	6	55100	36.96	0.43
B6	Sample 18	2	1	7	60100	37	0.43
B6	Sample 18	2	1	8	65100	37	0.44
B6	Sample 18	2	1	9	70090	37	0.43
B6	Sample 18	2	1	10	75100	37	0.44
B6	Sample 18	2	1	11	80100	37	0.44
B6	Sample 18	2	1	12	85100	37	0.44
B6	Sample 18	2	1	13	90100	37	0.44
B6	Sample 18	2	1	14	95100	37	0.44
B6	Sample 18	2	1	15	100090	36.96	0.44
B7	Sample 19	2	1	1	30070	37	0.40
B7	Sample 19	2	1	2	35100	37	0.42
B7	Sample 19	2	1	3	40110	36.96	0.43
B7	Sample 19	2	1	4	45120	37	0.44
B7	Sample 19	2	1	5	50100	37	0.44
B7	Sample 19	2	1	6	55100	36.96	0.44
B7	Sample 19	2	1	7	60100	37	0.44
B7	Sample 19	2	1	8	65100	37	0.44
B7	Sample 19	2	1	9	70090	37	0.44
B7	Sample 19	2	1	10	75100	37	0.44
B7	Sample 19	2	1	11	80100	37	0.45
B7	Sample 19	2	1	12	85100	37	0.45
B7	Sample 19	2	1	13	90100	37	0.45
B7	Sample 19	2	1	14	95100	37	0.45
B7	Sample 19	2	1	15	100090	36.96	0.45
B8	Sample 20	2	1	1	30070	37	0.40
B8	Sample 20	2	1	2	35100	37	0.41
B8	Sample 20	2	1	3	40110	36.96	0.42
B8	Sample 20	2	1	4	45120	37	0.43
B8	Sample 20	2	1	5	50100	37	0.43
B8	Sample 20	2	1	6	55100	36.96	0.43
B8	Sample 20	2	1	7	60100	37	0.44
B8	Sample 20	2	1	8	65100	37	0.44
B8	Sample 20	2	1	9	70090	37	0.43
B8	Sample 20	2	1	10	75100	37	0.43
B8	Sample 20	2	1	11	80100	37	0.44
B8	Sample 20	2	1	12	85100	37	0.45
B8	Sample 20	2	1	13	90100	37	0.45
B8	Sample 20	2	1	14	95100	37	0.44
B8	Sample 20	2	1	15	100090	36.96	0.45
B9	Sample 21	2	1	1	30070	37	0.35
B9	Sample 21	2	1	2	35100	37	0.36
B9	Sample 21	2	1	3	40110	36.96	0.37
B9	Sample 21	2	1	4	45120	37	0.38
B9	Sample 21	2	1	5	50100	37	0.38
B9	Sample 21	2	1	6	55100	36.96	0.39
B9	Sample 21	2	1	7	60100	37	0.38
B9	Sample 21	2	1	8	65100	37	0.38
B9	Sample 21	2	1	9	70090	37	0.38
B9	Sample 21	2	1	10	75100	37	0.38
B9	Sample 21	2	1	11	80100	37	0.39
B9	Sample 21	2	1	12	85100	37	0.38
B9	Sample 21	2	1	13	90100	37	0.39
B9	Sample 21	2	1	14	95100	37	0.38
B9	Sample 21	2	1	15	100090	36.96	0.39
B10	Sample 22	2	1	1	30070	37	0.35
B10	Sample 22	2	1	2	35100	37	0.36
B10	Sample 22	2	1	3	40110	36.96	0.36
B10	Sample 22	2	1	4	45120	37	0.38
B10	Sample 22	2	1	5	50100	37	0.37
B10	Sample 22	2	1	6	55100	36.96	0.38
B10	Sample 22	2	1	7	60100	37	0.38
B10	Sample 22	2	1	8	65100	37	0.38
B10	Sample 22	2	1	9	70090	37	0.38
B10	Sample 22	2	1	10	75100	37	0.38
B10	Sample 22	2	1	11	80100	37	0.39
B10	Sample 22	2	1	12	85100	37	0.39
B10	Sample 22	2	1	13	90100	37	0.39
B10	Sample 22	2	1	14	95100	37	0.38
B10	Sample 22	2	1	15	100090	36.96	0.39
B11	Sample 23	2	1	1	30070	37	0.37
B11	Sample 23	2	1	2	35100	37	0.38
B11	Sample 23	2	1	3	40110	36.96	0.38
B11	Sample 23	2	1	4	45120	37	0.40
B11	Sample 23	2	1	5	50100	37	0.40
B11	Sample 23	2	1	6	55100	36.96	0.40
B11	Sample 23	2	1	7	60100	37	0.40
B11	Sample 23	2	1	8	65100	37	0.41
B11	Sample 23	2	1	9	70090	37	0.40
B11	Sample 23	2	1	10	75100	37	0.40
B11	Sample 23	2	1	11	80100	37	0.41
B11	Sample 23	2	1	12	85100	37	0.41
B11	Sample 23	2	1	13	90100	37	0.40
B11	Sample 23	2	1	14	95100	37	0.41
B11	Sample 23	2	1	15	100090	36.96	0.41
B12	Sample 24	2	1	1	30070	37	0.34
B12	Sample 24	2	1	2	35100	37	0.36
B12	Sample 24	2	1	3	40110	36.96	0.36
B12	Sample 24	2	1	4	45120	37	0.37
B12	Sample 24	2	1	5	50100	37	0.37
B12	Sample 24	2	1	6	55100	36.96	0.37
B12	Sample 24	2	1	7	60100	37	0.37
B12	Sample 24	2	1	8	65100	37	0.37
B12	Sample 24	2	1	9	70090	37	0.36
B12	Sample 24	2	1	10	75100	37	0.37
B12	Sample 24	2	1	11	80100	37	0.38
B12	Sample 24	2	1	12	85100	37	0.38
B12	Sample 24	2	1	13	90100	37	0.38
B12	Sample 24	2	1	14	95100	37	0.38
B12	Sample 24	2	1	15	100090	36.96	0.38
C1	Sample 25	2	1	1	30070	37	0.35
C1	Sample 25	2	1	2	35100	37	0.36
C1	Sample 25	2	1	3	40110	36.96	0.36
C1	Sample 25	2	1	4	45120	37	0.37
C1	Sample 25	2	1	5	50100	37	0.37
C1	Sample 25	2	1	6	55100	36.96	0.37
C1	Sample 25	2	1	7	60100	37	0.38
C1	Sample 25	2	1	8	65100	37	0.38
C1	Sample 25	2	1	9	70090	37	0.38
C1	Sample 25	2	1	10	75100	37	0.38
C1	Sample 25	2	1	11	80100	37	0.38
C1	Sample 25	2	1	12	85100	37	0.38
C1	Sample 25	2	1	13	90100	37	0.38
C1	Sample 25	2	1	14	95100	37	0.38
C1	Sample 25	2	1	15	100090	36.96	0.38
C2	Sample 26	2	1	1	30070	37	0.35
C2	Sample 26	2	1	2	35100	37	0.36
C2	Sample 26	2	1	3	40110	36.96	0.37
C2	Sample 26	2	1	4	45120	37	0.38
C2	Sample 26	2	1	5	50100	37	0.38
C2	Sample 26	2	1	6	55100	36.96	0.38
C2	Sample 26	2	1	7	60100	37	0.39
C2	Sample 26	2	1	8	65100	37	0.38
C2	Sample 26	2	1	9	70090	37	0.38
C2	Sample 26	2	1	10	75100	37	0.39
C2	Sample 26	2	1	11	80100	37	0.39
C2	Sample 26	2	1	12	85100	37	0.39
C2	Sample 26	2	1	13	90100	37	0.39
C2	Sample 26	2	1	14	95100	37	0.39
C2	Sample 26	2	1	15	100090	36.96	0.39
C3	Sample 27	2	1	1	30070	37	0.38
C3	Sample 27	2	1	2	35100	37	0.39
C3	Sample 27	2	1	3	40110	36.96	0.40
C3	Sample 27	2	1	4	45120	37	0.41
C3	Sample 27	2	1	5	50100	37	0.40
C3	Sample 27	2	1	6	55100	36.96	0.40
C3	Sample 27	2	1	7	60100	37	0.41
C3	Sample 27	2	1	8	65100	37	0.41
C3	Sample 27	2	1	9	70090	37	0.41
C3	Sample 27	2	1	10	75100	37	0.42
C3	Sample 27	2	1	11	80100	37	0.42
C3	Sample 27	2	1	12	85100	37	0.42
C3	Sample 27	2	1	13	90100	37	0.42
C3	Sample 27	2	1	14	95100	37	0.42
C3	Sample 27	2	1	15	100090	36.96	0.42
C4	Sample 28	2	1	1	30070	37	0.36
C4	Sample 28	2	1	2	35100	37	0.38
C4	Sample 28	2	1	3	40110	36.96	0.38
C4	Sample 28	2	1	4	45120	37	0.40
C4	Sample 28	2	1	5	50100	37	0.39
C4	Sample 28	2	1	6	55100	36.96	0.40
C4	Sample 28	2	1	7	60100	37	0.40
C4	Sample 28	2	1	8	65100	37	0.40
C4	Sample 28	2	1	9	70090	37	0.41
C4	Sample 28	2	1	10	75100	37	0.41
C4	Sample 28	2	1	11	80100	37	0.41
C4	Sample 28	2	1	12	85100	37	0.41
C4	Sample 28	2	1	13	90100	37	0.40
C4	Sample 28	2	1	14	95100	37	0.41
C4	Sample 28	2	1	15	100090	36.96	0.41
C5	Sample 29	2	1	1	30070	37	0.39
C5	Sample 29	2	1	2	35100	37	0.41
C5	Sample 29	2	1	3	40110	36.96	0.41
C5	Sample 29	2	1	4	45120	37	0.42
C5	Sample 29	2	1	5	50100	37	0.42
C5	Sample 29	2	1	6	55100	36.96	0.42
C5	Sample 29	2	1	7	60100	37	0.42
C5	Sample 29	2	1	8	65100	37	0.43
C5	Sample 29	2	1	9	70090	37	0.43
C5	Sample 29	2	1	10	75100	37	0.43
C5	Sample 29	2	1	11	80100	37	0.44
C5	Sample 29	2	1	12	85100	37	0.43
C5	Sample 29	2	1	13	90100	37	0.43
C5	Sample 29	2	1	14	95100	37	0.43
C5	Sample 29	2	1	15	100090	36.96	0.43
C6	Sample 30	2	1	1	30070	37	0.43
C6	Sample 30	2	1	2	35100	37	0.44
C6	Sample 30	2	1	3	40110	36.96	0.45
C6	Sample 30	2	1	4	45120	37	0.46
C6	Sample 30	2	1	5	50100	37	0.46
C6	Sample 30	2	1	6	55100	36.96	0.46
C6	Sample 30	2	1	7	60100	37	0.47
C6	Sample 30	2	1	8	65100	37	0.46
C6	Sample 30	2	1	9	70090	37	0.47
C6	Sample 30	2	1	10	75100	37	0.47
C6	Sample 30	2	1	11	80100	37	0.47
C6	Sample 30	2	1	12	85100	37	0.47
C6	Sample 30	2	1	13	90100	37	0.47
C6	Sample 30	2	1	14	95100	37	0.47
C6	Sample 30	2	1	15	100090	36.96	0.47
C7	Sample 31	2	1	1	30070	37	0.50
C7	Sample 31	2	1	2	35100	37	0.53
C7	Sample 31	2	1	3	40110	36.96	0.53
C7	Sample 31	2	1	4	45120	37	0.54
C7	Sample 31	2	1	5	50100	37	0.54
C7	Sample 31	2	1	6	55100	36.96	0.55
C7	Sample 31	2	1	7	60100	37	0.55
C7	Sample 31	2	1	8	65100	37	0.55
C7	Sample 31	2	1	9	70090	37	0.55
C7	Sample 31	2	1	10	75100	37	0.55
C7	Sample 31	2	1	11	80100	37	0.56
C7	Sample 31	2	1	12	85100	37	0.56
C7	Sample 31	2	1	13	90100	37	0.56
C7	Sample 31	2	1	14	95100	37	0.56
C7	Sample 31	2	1	15	100090	36.96	0.56
C8	Sample 32	2	1	1	30070	37	0.48
C8	Sample 32	2	1	2	35100	37	0.50
C8	Sample 32	2	1	3	40110	36.96	0.50
C8	Sample 32	2	1	4	45120	37	0.52
C8	Sample 32	2	1	5	50100	37	0.52
C8	Sample 32	2	1	6	55100	36.96	0.52
C8	Sample 32	2	1	7	60100	37	0.53
C8	Sample 32	2	1	8	65100	37	0.53
C8	Sample 32	2	1	9	70090	37	0.54
C8	Sample 32	2	1	10	75100	37	0.54
C8	Sample 32	2	1	11	80100	37	0.54
C8	Sample 32	2	1	12	85100	37	0.54
C8	Sample 32	2	1	13	90100	37	0.54
C8	Sample 32	2	1	14	95100	37	0.55
C8	Sample 32	2	1	15	100090	36.96	0.54
C9	Sample 33	2	1	1	30070	37	0.42
C9	Sample 33	2	1	2	35100	37	0.44
C9	Sample 33	2	1	3	40110	36.96	0.44
C9	Sample 33	2	1	4	45120	37	0.46
C9	Sample 33	2	1	5	50100	37	0.46
C9	Sample 33	2	1	6	55100	36.96	0.46
C9	Sample 33	2	1	7	60100	37	0.46
C9	Sample 33	2	1	8	65100	37	0.46
C9	Sample 33	2	1	9	70090	37	0.47
C9	Sample 33	2	1	10	75100	37	0.47
C9	Sample 33	2	1	11	80100	37	0.48
C9	Sample 33	2	1	12	85100	37	0.47
C9	Sample 33	2	1	13	90100	37	0.47
C9	Sample 33	2	1	14	95100	37	0.47
C9	Sample 33	2	1	15	100090	36.96	0.47
C10	Sample 34	2	1	1	30070	37	0.40
C10	Sample 34	2	1	2	35100	37	0.42
C10	Sample 34	2	1	3	40110	36.96	0.42
C10	Sample 34	2	1	4	45120	37	0.44
C10	Sample 34	2	1	5	50100	37	0.43
C10	Sample 34	2	1	6	55100	36.96	0.44
C10	Sample 34	2	1	7	60100	37	0.44
C10	Sample 34	2	1	8	65100	37	0.45
C10	Sample 34	2	1	9	70090	37	0.45
C10	Sample 34	2	1	10	75100	37	0.45
C10	Sample 34	2	1	11	80100	37	0.45
C10	Sample 34	2	1	12	85100	37	0.46
C10	Sample 34	2	1	13	90100	37	0.45
C10	Sample 34	2	1	14	95100	37	0.46
C10	Sample 34	2	1	15	100090	36.96	0.45
C11	Sample 35	2	1	1	30070	37	0.35
C11	Sample 35	2	1	2	35100	37	0.37
C11	Sample 35	2	1	3	40110	36.96	0.36
C11	Sample 35	2	1	4	45120	37	0.38
C11	Sample 35	2	1	5	50100	37	0.37
C11	Sample 35	2	1	6	55100	36.96	0.37
C11	Sample 35	2	1	7	60100	37	0.38
C11	Sample 35	2	1	8	65100	37	0.38
C11	Sample 35	2	1	9	70090	37	0.38
C11	Sample 35	2	1	10	75100	37	0.38
C11	Sample 35	2	1	11	80100	37	0.38
C11	Sample 35	2	1	12	85100	37	0.38
C11	Sample 35	2	1	13	90100	37	0.38
C11	Sample 35	2	1	14	95100	37	0.38
C11	Sample 35	2	1	15	100090	36.96	0.38
C12	Sample 36	2	1	1	30070	37	0.35
C12	Sample 36	2	1	2	35100	37	0.36
C12	Sample 36	2	1	3	40110	36.96	0.36
C12	Sample 36	2	1	4	45120	37	0.37
C12	Sample 36	2	1	5	50100	37	0.37
C12	Sample 36	2	1	6	55100	36.96	0.37
C12	Sample 36	2	1	7	60100	37	0.37
C12	Sample 36	2	1	8	65100	37	0.37
C12	Sample 36	2	1	9	70090	37	0.38
C12	Sample 36	2	1	10	75100	37	0.37
C12	Sample 36	2	1	11	80100	37	0.38
C12	Sample 36	2	1	12	85100	37	0.38
C12	Sample 36	2	1	13	90100	37	0.38
C12	Sample 36	2	1	14	95100	37	0.38
C12	Sample 36	2	1	15	100090	36.96	0.38
D1	Sample 37	2	1	1	30070	37	0.35
D1	Sample 37	2	1	2	35100	37	0.36
D1	Sample 37	2	1	3	40110	36.96	0.37
D1	Sample 37	2	1	4	45120	37	0.38
D1	Sample 37	2	1	5	50100	37	0.38
D1	Sample 37	2	1	6	55100	36.96	0.38
D1	Sample 37	2	1	7	60100	37	0.39
D1	Sample 37	2	1	8	65100	37	0.39
D1	Sample 37	2	1	9	70090	37	0.38
D1	Sample 37	2	1	10	75100	37	0.39
D1	Sample 37	2	1	11	80100	37	0.39
D1	Sample 37	2	1	12	85100	37	0.39
D1	Sample 37	2	1	13	90100	37	0.39
D1	Sample 37	2	1	14	95100	37	0.38
D1	Sample 37	2	1	15	100090	36.96	0.39
D2	Sample 38	2	1	1	30070	37	0.36
D2	Sample 38	2	1	2	35100	37	0.38
D2	Sample 38	2	1	3	40110	36.96	0.38
D2	Sample 38	2	1	4	45120	37	0.38
D2	Sample 38	2	1	5	50100	37	0.39
D2	Sample 38	2	1	6	55100	36.96	0.39
D2	Sample 38	2	1	7	60100	37	0.39
D2	Sample 38	2	1	8	65100	37	0.40
D2	Sample 38	2	1	9	70090	37	0.39
D2	Sample 38	2	1	10	75100	37	0.39
D2	Sample 38	2	1	11	80100	37	0.40
D2	Sample 38	2	1	12	85100	37	0.40
D2	Sample 38	2	1	13	90100	37	0.40
D2	Sample 38	2	1	14	95100	37	0.39
D2	Sample 38	2	1	15	100090	36.96	0.40
D3	Sample 39	2	1	1	30070	37	0.36
D3	Sample 39	2	1	2	35100	37	0.38
D3	Sample 39	2	1	3	40110	36.96	0.39
D3	Sample 39	2	1	4	45120	37	0.39
D3	Sample 39	2	1	5	50100	37	0.39
D3	Sample 39	2	1	6	55100	36.96	0.40
D3	Sample 39	2	1	7	60100	37	0.40
D3	Sample 39	2	1	8	65100	37	0.40
D3	Sample 39	2	1	9	70090	37	0.40
D3	Sample 39	2	1	10	75100	37	0.40
D3	Sample 39	2	1	11	80100	37	0.40
D3	Sample 39	2	1	12	85100	37	0.40
D3	Sample 39	2	1	13	90100	37	0.40
D3	Sample 39	2	1	14	95100	37	0.40
D3	Sample 39	2	1	15	100090	36.96	0.40
D4	Sample 40	2	1	1	30070	37	0.37
D4	Sample 40	2	1	2	35100	37	0.37
D4	Sample 40	2	1	3	40110	36.96	0.38
D4	Sample 40	2	1	4	45120	37	0.39
D4	Sample 40	2	1	5	50100	37	0.39
D4	Sample 40	2	1	6	55100	36.96	0.39
D4	Sample 40	2	1	7	60100	37	0.40
D4	Sample 40	2	1	8	65100	37	0.40
D4	Sample 40	2	1	9	70090	37	0.39
D4	Sample 40	2	1	10	75100	37	0.40
D4	Sample 40	2	1	11	80100	37	0.40
D4	Sample 40	2	1	12	85100	37	0.40
D4	Sample 40	2	1	13	90100	37	0.40
D4	Sample 40	2	1	14	95100	37	0.39
D4	Sample 40	2	1	15	100090	36.96	0.41
D5	Sample 41	2	1	1	30070	37	0.40
D5	Sample 41	2	1	2	35100	37	0.41
D5	Sample 41	2	1	3	40110	36.96	0.42
D5	Sample 41	2	1	4	45120	37	0.43
D5	Sample 41	2	1	5	50100	37	0.42
D5	Sample 41	2	1	6	55100	36.96	0.43
D5	Sample 41	2	1	7	60100	37	0.43
D5	Sample 41	2	1	8	65100	37	0.43
D5	Sample 41	2	1	9	70090	37	0.44
D5	Sample 41	2	1	10	75100	37	0.43
D5	Sample 41	2	1	11	80100	37	0.43
D5	Sample 41	2	1	12	85100	37	0.44
D5	Sample 41	2	1	13	90100	37	0.44
D5	Sample 41	2	1	14	95100	37	0.44
D5	Sample 41	2	1	15	100090	36.96	0.44
D6	Sample 42	2	1	1	30070	37	0.40
D6	Sample 42	2	1	2	35100	37	0.41
D6	Sample 42	2	1	3	40110	36.96	0.42
D6	Sample 42	2	1	4	45120	37	0.43
D6	Sample 42	2	1	5	50100	37	0.43
D6	Sample 42	2	1	6	55100	36.96	0.44
D6	Sample 42	2	1	7	60100	37	0.43
D6	Sample 42	2	1	8	65100	37	0.44
D6	Sample 42	2	1	9	70090	37	0.44
D6	Sample 42	2	1	10	75100	37	0.44
D6	Sample 42	2	1	11	80100	37	0.44
D6	Sample 42	2	1	12	85100	37	0.45
D6	Sample 42	2	1	13	90100	37	0.44
D6	Sample 42	2	1	14	95100	37	0.44
D6	Sample 42	2	1	15	100090	36.96	0.44
D7	Sample 43	2	1	1	30070	37	0.54
D7	Sample 43	2	1	2	35100	37	0.56
D7	Sample 43	2	1	3	40110	36.96	0.57
D7	Sample 43	2	1	4	45120	37	0.59
D7	Sample 43	2	1	5	50100	37	0.59
D7	Sample 43	2	1	6	55100	36.96	0.59
D7	Sample 43	2	1	7	60100	37	0.61
D7	Sample 43	2	1	8	65100	37	0.61
D7	Sample 43	2	1	9	70090	37	0.60
D7	Sample 43	2	1	10	75100	37	0.61
D7	Sample 43	2	1	11	80100	37	0.61
D7	Sample 43	2	1	12	85100	37	0.62
D7	Sample 43	2	1	13	90100	37	0.61
D7	Sample 43	2	1	14	95100	37	0.61
D7	Sample 43	2	1	15	100090	36.96	0.61
D8	Sample 44	2	1	1	30070	37	0.51
D8	Sample 44	2	1	2	35100	37	0.53
D8	Sample 44	2	1	3	40110	36.96	0.55
D8	Sample 44	2	1	4	45120	37	0.56
D8	Sample 44	2	1	5	50100	37	0.56
D8	Sample 44	2	1	6	55100	36.96	0.57
D8	Sample 44	2	1	7	60100	37	0.57
D8	Sample 44	2	1	8	65100	37	0.58
D8	Sample 44	2	1	9	70090	37	0.58
D8	Sample 44	2	1	10	75100	37	0.58
D8	Sample 44	2	1	11	80100	37	0.58
D8	Sample 44	2	1	12	85100	37	0.59
D8	Sample 44	2	1	13	90100	37	0.58
D8	Sample 44	2	1	14	95100	37	0.58
D8	Sample 44	2	1	15	100090	36.96	0.59
D9	Sample 45	2	1	1	30070	37	0.41
D9	Sample 45	2	1	2	35100	37	0.43
D9	Sample 45	2	1	3	40110	36.96	0.44
D9	Sample 45	2	1	4	45120	37	0.45
D9	Sample 45	2	1	5	50100	37	0.45
D9	Sample 45	2	1	6	55100	36.96	0.46
D9	Sample 45	2	1	7	60100	37	0.45
D9	Sample 45	2	1	8	65100	37	0.46
D9	Sample 45	2	1	9	70090	37	0.46
D9	Sample 45	2	1	10	75100	37	0.46
D9	Sample 45	2	1	11	80100	37	0.46
D9	Sample 45	2	1	12	85100	37	0.46
D9	Sample 45	2	1	13	90100	37	0.47
D9	Sample 45	2	1	14	95100	37	0.46
D9	Sample 45	2	1	15	100090	36.96	0.46
D10	Sample 46	2	1	1	30070	37	0.43
D10	Sample 46	2	1	2	35100	37	0.45
D10	Sample 46	2	1	3	40110	36.96	0.45
D10	Sample 46	2	1	4	45120	37	0.46
D10	Sample 46	2	1	5	50100	37	0.46
D10	Sample 46	2	1	6	55100	36.96	0.47
D10	Sample 46	2	1	7	60100	37	0.47
D10	Sample 46	2	1	8	65100	37	0.48
D10	Sample 46	2	1	9	70090	37	0.47
D10	Sample 46	2	1	10	75100	37	0.48
D10	Sample 46	2	1	11	80100	37	0.48
D10	Sample 46	2	1	12	85100	37	0.48
D10	Sample 46	2	1	13	90100	37	0.48
D10	Sample 46	2	1	14	95100	37	0.47
D10	Sample 46	2	1	15	100090	36.96	0.48
D11	Sample 47	2	1	1	30070	37	0.35
D11	Sample 47	2	1	2	35100	37	0.37
D11	Sample 47	2	1	3	40110	36.96	0.37
D11	Sample 47	2	1	4	45120	37	0.38
D11	Sample 47	2	1	5	50100	37	0.38
D11	Sample 47	2	1	6	55100	36.96	0.38
D11	Sample 47	2	1	7	60100	37	0.38
D11	Sample 47	2	1	8	65100	37	0.38
D11	Sample 47	2	1	9	70090	37	0.38
D11	Sample 47	2	1	10	75100	37	0.39
D11	Sample 47	2	1	11	80100	37	0.39
D11	Sample 47	2	1	12	85100	37	0.39
D11	Sample 47	2	1	13	90100	37	0.38
D11	Sample 47	2	1	14	95100	37	0.38
D11	Sample 47	2	1	15	100090	36.96	0.39
D12	Sample 48	2	1	1	30070	37	0.34
D12	Sample 48	2	1	2	35100	37	0.35
D12	Sample 48	2	1	3	40110	36.96	0.35
D12	Sample 48	2	1	4	45120	37	0.36
D12	Sample 48	2	1	5	50100	37	0.36
D12	Sample 48	2	1	6	55100	36.96	0.37
D12	Sample 48	2	1	7	60100	37	0.36
D12	Sample 48	2	1	8	65100	37	0.37
D12	Sample 48	2	1	9	70090	37	0.36
D12	Sample 48	2	1	10	75100	37	0.37
D12	Sample 48	2	1	11	80100	37	0.37
D12	Sample 48	2	1	12	85100	37	0.37
D12	Sample 48	2	1	13	90100	37	0.37
D12	Sample 48	2	1	14	95100	37	0.36
D12	Sample 48	2	1	15	100090	36.96	0.37
E1	Sample 49	2	1	1	30070	37	0.36
E1	Sample 49	2	1	2	35100	37	0.37
E1	Sample 49	2	1	3	40110	36.96	0.37
E1	Sample 49	2	1	4	45120	37	0.38
E1	Sample 49	2	1	5	50100	37	0.37
E1	Sample 49	2	1	6	55100	36.96	0.39
E1	Sample 49	2	1	7	60100	37	0.39
E1	Sample 49	2	1	8	65100	37	0.39
E1	Sample 49	2	1	9	70090	37	0.38
E1	Sample 49	2	1	10	75100	37	0.39
E1	Sample 49	2	1	11	80100	37	0.39
E1	Sample 49	2	1	12	85100	37	0.40
E1	Sample 49	2	1	13	90100	37	0.40
E1	Sample 49	2	1	14	95100	37	0.39
E1	Sample 49	2	1	15	100090	36.96	0.39
E2	Sample 50	2	1	1	30070	37	0.37
E2	Sample 50	2	1	2	35100	37	0.39
E2	Sample 50	2	1	3	40110	36.96	0.39
E2	Sample 50	2	1	4	45120	37	0.40
E2	Sample 50	2	1	5	50100	37	0.40
E2	Sample 50	2	1	6	55100	36.96	0.41
E2	Sample 50	2	1	7	60100	37	0.41
E2	Sample 50	2	1	8	65100	37	0.41
E2	Sample 50	2	1	9	70090	37	0.41
E2	Sample 50	2	1	10	75100	37	0.41
E2	Sample 50	2	1	11	80100	37	0.41
E2	Sample 50	2	1	12	85100	37	0.41
E2	Sample 50	2	1	13	90100	37	0.41
E2	Sample 50	2	1	14	95100	37	0.41
E2	Sample 50	2	1	15	100090	36.96	0.41
E3	Sample 51	2	1	1	30070	37	0.41
E3	Sample 51	2	1	2	35100	37	0.43
E3	Sample 51	2	1	3	40110	36.96	0.44
E3	Sample 51	2	1	4	45120	37	0.44
E3	Sample 51	2	1	5	50100	37	0.44
E3	Sample 51	2	1	6	55100	36.96	0.45
E3	Sample 51	2	1	7	60100	37	0.45
E3	Sample 51	2	1	8	65100	37	0.46
E3	Sample 51	2	1	9	70090	37	0.46
E3	Sample 51	2	1	10	75100	37	0.45
E3	Sample 51	2	1	11	80100	37	0.46
E3	Sample 51	2	1	12	85100	37	0.46
E3	Sample 51	2	1	13	90100	37	0.46
E3	Sample 51	2	1	14	95100	37	0.46
E3	Sample 51	2	1	15	100090	36.96	0.45
E4	Sample 52	2	1	1	30070	37	0.43
E4	Sample 52	2	1	2	35100	37	0.44
E4	Sample 52	2	1	3	40110	36.96	0.44
E4	Sample 52	2	1	4	45120	37	0.45
E4	Sample 52	2	1	5	50100	37	0.44
E4	Sample 52	2	1	6	55100	36.96	0.45
E4	Sample 52	2	1	7	60100	37	0.45
E4	Sample 52	2	1	8	65100	37	0.45
E4	Sample 52	2	1	9	70090	37	0.45
E4	Sample 52	2	1	10	75100	37	0.45
E4	Sample 52	2	1	11	80100	37	0.46
E4	Sample 52	2	1	12	85100	37	0.46
E4	Sample 52	2	1	13	90100	37	0.46
E4	Sample 52	2	1	14	95100	37	0.47
E4	Sample 52	2	1	15	100090	36.96	0.47
E5	Sample 53	2	1	1	30070	37	0.48
E5	Sample 53	2	1	2	35100	37	0.48
E5	Sample 53	2	1	3	40110	36.96	0.49
E5	Sample 53	2	1	4	45120	37	0.49
E5	Sample 53	2	1	5	50100	37	0.48
E5	Sample 53	2	1	6	55100	36.96	0.49
E5	Sample 53	2	1	7	60100	37	0.49
E5	Sample 53	2	1	8	65100	37	0.50
E5	Sample 53	2	1	9	70090	37	0.49
E5	Sample 53	2	1	10	75100	37	0.48
E5	Sample 53	2	1	11	80100	37	0.49
E5	Sample 53	2	1	12	85100	37	0.49
E5	Sample 53	2	1	13	90100	37	0.48
E5	Sample 53	2	1	14	95100	37	0.49
E5	Sample 53	2	1	15	100090	36.96	0.50
E6	Sample 54	2	1	1	30070	37	0.42
E6	Sample 54	2	1	2	35100	37	0.43
E6	Sample 54	2	1	3	40110	36.96	0.44
E6	Sample 54	2	1	4	45120	37	0.44
E6	Sample 54	2	1	5	50100	37	0.44
E6	Sample 54	2	1	6	55100	36.96	0.45
E6	Sample 54	2	1	7	60100	37	0.46
E6	Sample 54	2	1	8	65100	37	0.45
E6	Sample 54	2	1	9	70090	37	0.45
E6	Sample 54	2	1	10	75100	37	0.45
E6	Sample 54	2	1	11	80100	37	0.45
E6	Sample 54	2	1	12	85100	37	0.46
E6	Sample 54	2	1	13	90100	37	0.45
E6	Sample 54	2	1	14	95100	37	0.46
E6	Sample 54	2	1	15	100090	36.96	0.46
E7	Sample 55	2	1	1	30070	37	0.46
E7	Sample 55	2	1	2	35100	37	0.47
E7	Sample 55	2	1	3	40110	36.96	0.48
E7	Sample 55	2	1	4	45120	37	0.49
E7	Sample 55	2	1	5	50100	37	0.49
E7	Sample 55	2	1	6	55100	36.96	0.50
E7	Sample 55	2	1	7	60100	37	0.51
E7	Sample 55	2	1	8	65100	37	0.51
E7	Sample 55	2	1	9	70090	37	0.51
E7	Sample 55	2	1	10	75100	37	0.52
E7	Sample 55	2	1	11	80100	37	0.53
E7	Sample 55	2	1	12	85100	37	0.53
E7	Sample 55	2	1	13	90100	37	0.53
E7	Sample 55	2	1	14	95100	37	0.56
E7	Sample 55	2	1	15	100090	36.96	0.58
E8	Sample 56	2	1	1	30070	37	0.45
E8	Sample 56	2	1	2	35100	37	0.46
E8	Sample 56	2	1	3	40110	36.96	0.47
E8	Sample 56	2	1	4	45120	37	0.48
E8	Sample 56	2	1	5	50100	37	0.49
E8	Sample 56	2	1	6	55100	36.96	0.50
E8	Sample 56	2	1	7	60100	37	0.52
E8	Sample 56	2	1	8	65100	37	0.52
E8	Sample 56	2	1	9	70090	37	0.55
E8	Sample 56	2	1	10	75100	37	0.56
E8	Sample 56	2	1	11	80100	37	0.58
E8	Sample 56	2	1	12	85100	37	0.58
E8	Sample 56	2	1	13	90100	37	0.58
E8	Sample 56	2	1	14	95100	37	0.58
E8	Sample 56	2	1	15	100090	36.96	0.58
E9	Sample 57	2	1	1	30070	37	0.40
E9	Sample 57	2	1	2	35100	37	0.42
E9	Sample 57	2	1	3	40110	36.96	0.43
E9	Sample 57	2	1	4	45120	37	0.43
E9	Sample 57	2	1	5	50100	37	0.43
E9	Sample 57	2	1	6	55100	36.96	0.45
E9	Sample 57	2	1	7	60100	37	0.45
E9	Sample 57	2	1	8	65100	37	0.46
E9	Sample 57	2	1	9	70090	37	0.45
E9	Sample 57	2	1	10	75100	37	0.45
E9	Sample 57	2	1	11	80100	37	0.46
E9	Sample 57	2	1	12	85100	37	0.46
E9	Sample 57	2	1	13	90100	37	0.46
E9	Sample 57	2	1	14	95100	37	0.46
E9	Sample 57	2	1	15	100090	36.96	0.46
E10	Sample 58	2	1	1	30070	37	0.43
E10	Sample 58	2	1	2	35100	37	0.45
E10	Sample 58	2	1	3	40110	36.96	0.45
E10	Sample 58	2	1	4	45120	37	0.46
E10	Sample 58	2	1	5	50100	37	0.47
E10	Sample 58	2	1	6	55100	36.96	0.47
E10	Sample 58	2	1	7	60100	37	0.47
E10	Sample 58	2	1	8	65100	37	0.47
E10	Sample 58	2	1	9	70090	37	0.47
E10	Sample 58	2	1	10	75100	37	0.47
E10	Sample 58	2	1	11	80100	37	0.48
E10	Sample 58	2	1	12	85100	37	0.49
E10	Sample 58	2	1	13	90100	37	0.48
E10	Sample 58	2	1	14	95100	37	0.48
E10	Sample 58	2	1	15	100090	36.96	0.48
E11	Sample 59	2	1	1	30070	37	0.35
E11	Sample 59	2	1	2	35100	37	0.36
E11	Sample 59	2	1	3	40110	36.96	0.36
E11	Sample 59	2	1	4	45120	37	0.36
E11	Sample 59	2	1	5	50100	37	0.36
E11	Sample 59	2	1	6	55100	36.96	0.37
E11	Sample 59	2	1	7	60100	37	0.37
E11	Sample 59	2	1	8	65100	37	0.37
E11	Sample 59	2	1	9	70090	37	0.37
E11	Sample 59	2	1	10	75100	37	0.38
E11	Sample 59	2	1	11	80100	37	0.38
E11	Sample 59	2	1	12	85100	37	0.38
E11	Sample 59	2	1	13	90100	37	0.38
E11	Sample 59	2	1	14	95100	37	0.38
E11	Sample 59	2	1	15	100090	36.96	0.38
E12	Sample 60	2	1	1	30070	37	0.33
E12	Sample 60	2	1	2	35100	37	0.34
E12	Sample 60	2	1	3	40110	36.96	0.34
E12	Sample 60	2	1	4	45120	37	0.35
E12	Sample 60	2	1	5	50100	37	0.35
E12	Sample 60	2	1	6	55100	36.96	0.35
E12	Sample 60	2	1	7	60100	37	0.36
E12	Sample 60	2	1	8	65100	37	0.36
E12	Sample 60	2	1	9	70090	37	0.36
E12	Sample 60	2	1	10	75100	37	0.36
E12	Sample 60	2	1	11	80100	37	0.36
E12	Sample 60	2	1	12	85100	37	0.36
E12	Sample 60	2	1	13	90100	37	0.37
E12	Sample 60	2	1	14	95100	37	0.36
E12	Sample 60	2	1	15	100090	36.96	0.36
F1	Sample 61	2	1	1	30070	37	0.39
F1	Sample 61	2	1	2	35100	37	0.41
F1	Sample 61	2	1	3	40110	36.96	0.41
F1	Sample 61	2	1	4	45120	37	0.42
F1	Sample 61	2	1	5	50100	37	0.42
F1	Sample 61	2	1	6	55100	36.96	0.43
F1	Sample 61	2	1	7	60100	37	0.43
F1	Sample 61	2	1	8	65100	37	0.43
F1	Sample 61	2	1	9	70090	37	0.43
F1	Sample 61	2	1	10	75100	37	0.43
F1	Sample 61	2	1	11	80100	37	0.43
F1	Sample 61	2	1	12	85100	37	0.43
F1	Sample 61	2	1	13	90100	37	0.43
F1	Sample 61	2	1	14	95100	37	0.44
F1	Sample 61	2	1	15	100090	36.96	0.44
F2	Sample 62	2	1	1	30070	37	0.41
F2	Sample 62	2	1	2	35100	37	0.43
F2	Sample 62	2	1	3	40110	36.96	0.44
F2	Sample 62	2	1	4	45120	37	0.44
F2	Sample 62	2	1	5	50100	37	0.45
F2	Sample 62	2	1	6	55100	36.96	0.45
F2	Sample 62	2	1	7	60100	37	0.45
F2	Sample 62	2	1	8	65100	37	0.46
F2	Sample 62	2	1	9	70090	37	0.46
F2	Sample 62	2	1	10	75100	37	0.46
F2	Sample 62	2	1	11	80100	37	0.46
F2	Sample 62	2	1	12	85100	37	0.46
F2	Sample 62	2	1	13	90100	37	0.46
F2	Sample 62	2	1	14	95100	37	0.47
F2	Sample 62	2	1	15	100090	36.96	0.47
F3	Sample 63	2	1	1	30070	37	0.43
F3	Sample 63	2	1	2	35100	37	0.45
F3	Sample 63	2	1	3	40110	36.96	0.45
F3	Sample 63	2	1	4	45120	37	0.46
F3	Sample 63	2	1	5	50100	37	0.47
F3	Sample 63	2	1	6	55100	36.96	0.47
F3	Sample 63	2	1	7	60100	37	0.47
F3	Sample 63	2	1	8	65100	37	0.48
F3	Sample 63	2	1	9	70090	37	0.48
F3	Sample 63	2	1	10	75100	37	0.48
F3	Sample 63	2	1	11	80100	37	0.49
F3	Sample 63	2	1	12	85100	37	0.48
F3	Sample 63	2	1	13	90100	37	0.48
F3	Sample 63	2	1	14	95100	37	0.49
F3	Sample 63	2	1	15	100090	36.96	0.49
F4	Sample 64	2	1	1	30070	37	0.46
F4	Sample 64	2	1	2	35100	37	0.47
F4	Sample 64	2	1	3	40110	36.96	0.47
F4	Sample 64	2	1	4	45120	37	0.47
F4	Sample 64	2	1	5	50100	37	0.47
F4	Sample 64	2	1	6	55100	36.96	0.47
F4	Sample 64	2	1	7	60100	37	0.46
F4	Sample 64	2	1	8	65100	37	0.47
F4	Sample 64	2	1	9	70090	37	0.46
F4	Sample 64	2	1	10	75100	37	0.47
F4	Sample 64	2	1	11	80100	37	0.48
F4	Sample 64	2	1	12	85100	37	0.48
F4	Sample 64	2	1	13	90100	37	0.48
F4	Sample 64	2	1	14	95100	37	0.49
F4	Sample 64	2	1	15	100090	36.96	0.49
F5	Sample 65	2	1	1	30070	37	0.48
F5	Sample 65	2	1	2	35100	37	0.49
F5	Sample 65	2	1	3	40110	36.96	0.50
F5	Sample 65	2	1	4	45120	37	0.50
F5	Sample 65	2	1	5	50100	37	0.50
F5	Sample 65	2	1	6	55100	36.96	0.50
F5	Sample 65	2	1	7	60100	37	0.51
F5	Sample 65	2	1	8	65100	37	0.51
F5	Sample 65	2	1	9	70090	37	0.51
F5	Sample 65	2	1	10	75100	37	0.51
F5	Sample 65	2	1	11	80100	37	0.51
F5	Sample 65	2	1	12	85100	37	0.52
F5	Sample 65	2	1	13	90100	37	0.52
F5	Sample 65	2	1	14	95100	37	0.53
F5	Sample 65	2	1	15	100090	36.96	0.53
F6	Sample 66	2	1	1	30070	37	0.46
F6	Sample 66	2	1	2	35100	37	0.47
F6	Sample 66	2	1	3	40110	36.96	0.47
F6	Sample 66	2	1	4	45120	37	0.48
F6	Sample 66	2	1	5	50100	37	0.48
F6	Sample 66	2	1	6	55100	36.96	0.48
F6	Sample 66	2	1	7	60100	37	0.48
F6	Sample 66	2	1	8	65100	37	0.49
F6	Sample 66	2	1	9	70090	37	0.49
F6	Sample 66	2	1	10	75100	37	0.49
F6	Sample 66	2	1	11	80100	37	0.50
F6	Sample 66	2	1	12	85100	37	0.51
F6	Sample 66	2	1	13	90100	37	0.51
F6	Sample 66	2	1	14	95100	37	0.52
F6	Sample 66	2	1	15	100090	36.96	0.52
F7	Sample 67	2	1	1	30070	37	0.50
F7	Sample 67	2	1	2	35100	37	0.52
F7	Sample 67	2	1	3	40110	36.96	0.52
F7	Sample 67	2	1	4	45120	37	0.53
F7	Sample 67	2	1	5	50100	37	0.54
F7	Sample 67	2	1	6	55100	36.96	0.55
F7	Sample 67	2	1	7	60100	37	0.56
F7	Sample 67	2	1	8	65100	37	0.57
F7	Sample 67	2	1	9	70090	37	0.57
F7	Sample 67	2	1	10	75100	37	0.58
F7	Sample 67	2	1	11	80100	37	0.58
F7	Sample 67	2	1	12	85100	37	0.59
F7	Sample 67	2	1	13	90100	37	0.58
F7	Sample 67	2	1	14	95100	37	0.60
F7	Sample 67	2	1	15	100090	36.96	0.59
F8	Sample 68	2	1	1	30070	37	0.50
F8	Sample 68	2	1	2	35100	37	0.52
F8	Sample 68	2	1	3	40110	36.96	0.53
F8	Sample 68	2	1	4	45120	37	0.54
F8	Sample 68	2	1	5	50100	37	0.54
F8	Sample 68	2	1	6	55100	36.96	0.55
F8	Sample 68	2	1	7	60100	37	0.56
F8	Sample 68	2	1	8	65100	37	0.57
F8	Sample 68	2	1	9	70090	37	0.57
F8	Sample 68	2	1	10	75100	37	0.58
F8	Sample 68	2	1	11	80100	37	0.58
F8	Sample 68	2	1	12	85100	37	0.58
F8	Sample 68	2	1	13	90100	37	0.58
F8	Sample 68	2	1	14	95100	37	0.59
F8	Sample 68	2	1	15	100090	36.96	0.59
F9	Sample 69	2	1	1	30070	37	0.42
F9	Sample 69	2	1	2	35100	37	0.43
F9	Sample 69	2	1	3	40110	36.96	0.43
F9	Sample 69	2	1	4	45120	37	0.43
F9	Sample 69	2	1	5	50100	37	0.44
F9	Sample 69	2	1	6	55100	36.96	0.45
F9	Sample 69	2	1	7	60100	37	0.45
F9	Sample 69	2	1	8	65100	37	0.46
F9	Sample 69	2	1	9	70090	37	0.46
F9	Sample 69	2	1	10	75100	37	0.47
F9	Sample 69	2	1	11	80100	37	0.47
F9	Sample 69	2	1	12	85100	37	0.48
F9	Sample 69	2	1	13	90100	37	0.47
F9	Sample 69	2	1	14	95100	37	0.47
F9	Sample 69	2	1	15	100090	36.96	0.47
F10	Sample 70	2	1	1	30070	37	0.44
F10	Sample 70	2	1	2	35100	37	0.46
F10	Sample 70	2	1	3	40110	36.96	0.47
F10	Sample 70	2	1	4	45120	37	0.48
F10	Sample 70	2	1	5	50100	37	0.48
F10	Sample 70	2	1	6	55100	36.96	0.48
F10	Sample 70	2	1	7	60100	37	0.49
F10	Sample 70	2	1	8	65100	37	0.49
F10	Sample 70	2	1	9	70090	37	0.49
F10	Sample 70	2	1	10	75100	37	0.49
F10	Sample 70	2	1	11	80100	37	0.50
F10	Sample 70	2	1	12	85100	37	0.50
F10	Sample 70	2	1	13	90100	37	0.50
F10	Sample 70	2	1	14	95100	37	0.50
F10	Sample 70	2	1	15	100090	36.96	0.50
F11	Sample 71	2	1	1	30070	37	0.36
F11	Sample 71	2	1	2	35100	37	0.38
F11	Sample 71	2	1	3	40110	36.96	0.38
F11	Sample 71	2	1	4	45120	37	0.38
F11	Sample 71	2	1	5	50100	37	0.38
F11	Sample 71	2	1	6	55100	36.96	0.39
F11	Sample 71	2	1	7	60100	37	0.39
F11	Sample 71	2	1	8	65100	37	0.39
F11	Sample 71	2	1	9	70090	37	0.39
F11	Sample 71	2	1	10	75100	37	0.39
F11	Sample 71	2	1	11	80100	37	0.39
F11	Sample 71	2	1	12	85100	37	0.40
F11	Sample 71	2	1	13	90100	37	0.39
F11	Sample 71	2	1	14	95100	37	0.40
F11	Sample 71	2	1	15	100090	36.96	0.40
F12	Sample 72	2	1	1	30070	37	0.33
F12	Sample 72	2	1	2	35100	37	0.35
F12	Sample 72	2	1	3	40110	36.96	0.34
F12	Sample 72	2	1	4	45120	37	0.35
F12	Sample 72	2	1	5	50100	37	0.35
F12	Sample 72	2	1	6	55100	36.96	0.35
F12	Sample 72	2	1	7	60100	37	0.35
F12	Sample 72	2	1	8	65100	37	0.36
F12	Sample 72	2	1	9	70090	37	0.35
F12	Sample 72	2	1	10	75100	37	0.36
F12	Sample 72	2	1	11	80100	37	0.36
F12	Sample 72	2	1	12	85100	37	0.36
F12	Sample 72	2	1	13	90100	37	0.36
F12	Sample 72	2	1	14	95100	37	0.36
F12	Sample 72	2	1	15	100090	36.96	0.36
G1	Sample 73	2	1	1	30070	37	0.40
G1	Sample 73	2	1	2	35100	37	0.41
G1	Sample 73	2	1	3	40110	36.96	0.42
G1	Sample 73	2	1	4	45120	37	0.43
G1	Sample 73	2	1	5	50100	37	0.44
G1	Sample 73	2	1	6	55100	36.96	0.44
G1	Sample 73	2	1	7	60100	37	0.44
G1	Sample 73	2	1	8	65100	37	0.45
G1	Sample 73	2	1	9	70090	37	0.45
G1	Sample 73	2	1	10	75100	37	0.45
G1	Sample 73	2	1	11	80100	37	0.45
G1	Sample 73	2	1	12	85100	37	0.45
G1	Sample 73	2	1	13	90100	37	0.45
G1	Sample 73	2	1	14	95100	37	0.45
G1	Sample 73	2	1	15	100090	36.96	0.45
G2	Sample 74	2	1	1	30070	37	0.42
G2	Sample 74	2	1	2	35100	37	0.44
G2	Sample 74	2	1	3	40110	36.96	0.45
G2	Sample 74	2	1	4	45120	37	0.46
G2	Sample 74	2	1	5	50100	37	0.47
G2	Sample 74	2	1	6	55100	36.96	0.48
G2	Sample 74	2	1	7	60100	37	0.47
G2	Sample 74	2	1	8	65100	37	0.48
G2	Sample 74	2	1	9	70090	37	0.48
G2	Sample 74	2	1	10	75100	37	0.48
G2	Sample 74	2	1	11	80100	37	0.49
G2	Sample 74	2	1	12	85100	37	0.48
G2	Sample 74	2	1	13	90100	37	0.48
G2	Sample 74	2	1	14	95100	37	0.48
G2	Sample 74	2	1	15	100090	36.96	0.49
G3	Sample 75	2	1	1	30070	37	0.43
G3	Sample 75	2	1	2	35100	37	0.45
G3	Sample 75	2	1	3	40110	36.96	0.46
G3	Sample 75	2	1	4	45120	37	0.47
G3	Sample 75	2	1	5	50100	37	0.48
G3	Sample 75	2	1	6	55100	36.96	0.48
G3	Sample 75	2	1	7	60100	37	0.48
G3	Sample 75	2	1	8	65100	37	0.48
G3	Sample 75	2	1	9	70090	37	0.48
G3	Sample 75	2	1	10	75100	37	0.48
G3	Sample 75	2	1	11	80100	37	0.49
G3	Sample 75	2	1	12	85100	37	0.49
G3	Sample 75	2	1	13	90100	37	0.49
G3	Sample 75	2	1	14	95100	37	0.49
G3	Sample 75	2	1	15	100090	36.96	0.50
G4	Sample 76	2	1	1	30070	37	0.43
G4	Sample 76	2	1	2	35100	37	0.44
G4	Sample 76	2	1	3	40110	36.96	0.45
G4	Sample 76	2	1	4	45120	37	0.46
G4	Sample 76	2	1	5	50100	37	0.46
G4	Sample 76	2	1	6	55100	36.96	0.48
G4	Sample 76	2	1	7	60100	37	0.48
G4	Sample 76	2	1	8	65100	37	0.48
G4	Sample 76	2	1	9	70090	37	0.49
G4	Sample 76	2	1	10	75100	37	0.48
G4	Sample 76	2	1	11	80100	37	0.49
G4	Sample 76	2	1	12	85100	37	0.49
G4	Sample 76	2	1	13	90100	37	0.49
G4	Sample 76	2	1	14	95100	37	0.49
G4	Sample 76	2	1	15	100090	36.96	0.50
G5	Sample 77	2	1	1	30070	37	0.50
G5	Sample 77	2	1	2	35100	37	0.53
G5	Sample 77	2	1	3	40110	36.96	0.53
G5	Sample 77	2	1	4	45120	37	0.54
G5	Sample 77	2	1	5	50100	37	0.56
G5	Sample 77	2	1	6	55100	36.96	0.56
G5	Sample 77	2	1	7	60100	37	0.56
G5	Sample 77	2	1	8	65100	37	0.57
G5	Sample 77	2	1	9	70090	37	0.57
G5	Sample 77	2	1	10	75100	37	0.58
G5	Sample 77	2	1	11	80100	37	0.58
G5	Sample 77	2	1	12	85100	37	0.59
G5	Sample 77	2	1	13	90100	37	0.59
G5	Sample 77	2	1	14	95100	37	0.59
G5	Sample 77	2	1	15	100090	36.96	0.59
G6	Sample 78	2	1	1	30070	37	0.48
G6	Sample 78	2	1	2	35100	37	0.50
G6	Sample 78	2	1	3	40110	36.96	0.51
G6	Sample 78	2	1	4	45120	37	0.53
G6	Sample 78	2	1	5	50100	37	0.53
G6	Sample 78	2	1	6	55100	36.96	0.53
G6	Sample 78	2	1	7	60100	37	0.54
G6	Sample 78	2	1	8	65100	37	0.54
G6	Sample 78	2	1	9	70090	37	0.54
G6	Sample 78	2	1	10	75100	37	0.54
G6	Sample 78	2	1	11	80100	37	0.55
G6	Sample 78	2	1	12	85100	37	0.56
G6	Sample 78	2	1	13	90100	37	0.56
G6	Sample 78	2	1	14	95100	37	0.56
G6	Sample 78	2	1	15	100090	36.96	0.57
G7	Sample 79	2	1	1	30070	37	0.48
G7	Sample 79	2	1	2	35100	37	0.50
G7	Sample 79	2	1	3	40110	36.96	0.51
G7	Sample 79	2	1	4	45120	37	0.52
G7	Sample 79	2	1	5	50100	37	0.53
G7	Sample 79	2	1	6	55100	36.96	0.54
G7	Sample 79	2	1	7	60100	37	0.54
G7	Sample 79	2	1	8	65100	37	0.55
G7	Sample 79	2	1	9	70090	37	0.56
G7	Sample 79	2	1	10	75100	37	0.55
G7	Sample 79	2	1	11	80100	37	0.56
G7	Sample 79	2	1	12	85100	37	0.56
G7	Sample 79	2	1	13	90100	37	0.56
G7	Sample 79	2	1	14	95100	37	0.56
G7	Sample 79	2	1	15	100090	36.96	0.57
G8	Sample 80	2	1	1	30070	37	0.48
G8	Sample 80	2	1	2	35100	37	0.50
G8	Sample 80	2	1	3	40110	36.96	0.51
G8	Sample 80	2	1	4	45120	37	0.52
G8	Sample 80	2	1	5	50100	37	0.52
G8	Sample 80	2	1	6	55100	36.96	0.54
G8	Sample 80	2	1	7	60100	37	0.54
G8	Sample 80	2	1	8	65100	37	0.55
G8	Sample 80	2	1	9	70090	37	0.56
G8	Sample 80	2	1	10	75100	37	0.55
G8	Sample 80	2	1	11	80100	37	0.56
G8	Sample 80	2	1	12	85100	37	0.56
G8	Sample 80	2	1	13	90100	37	0.56
G8	Sample 80	2	1	14	95100	37	0.56
G8	Sample 80	2	1	15	100090	36.96	0.56
G9	Sample 81	2	1	1	30070	37	0.34
G9	Sample 81	2	1	2	35100	37	0.34
G9	Sample 81	2	1	3	40110	36.96	0.35
G9	Sample 81	2	1	4	45120	37	0.35
G9	Sample 81	2	1	5	50100	37	0.36
G9	Sample 81	2	1	6	55100	36.96	0.36
G9	Sample 81	2	1	7	60100	37	0.36
G9	Sample 81	2	1	8	65100	37	0.36
G9	Sample 81	2	1	9	70090	37	0.37
G9	Sample 81	2	1	10	75100	37	0.36
G9	Sample 81	2	1	11	80100	37	0.37
G9	Sample 81	2	1	12	85100	37	0.37
G9	Sample 81	2	1	13	90100	37	0.37
G9	Sample 81	2	1	14	95100	37	0.37
G9	Sample 81	2	1	15	100090	36.96	0.37
G10	Sample 82	2	1	1	30070	37	0.35
G10	Sample 82	2	1	2	35100	37	0.35
G10	Sample 82	2	1	3	40110	36.96	0.36
G10	Sample 82	2	1	4	45120	37	0.37
G10	Sample 82	2	1	5	50100	37	0.37
G10	Sample 82	2	1	6	55100	36.96	0.37
G10	Sample 82	2	1	7	60100	37	0.37
G10	Sample 82	2	1	8	65100	37	0.37
G10	Sample 82	2	1	9	70090	37	0.37
G10	Sample 82	2	1	10	75100	37	0.37
G10	Sample 82	2	1	11	80100	37	0.37
G10	Sample 82	2	1	12	85100	37	0.38
G10	Sample 82	2	1	13	90100	37	0.38
G10	Sample 82	2	1	14	95100	37	0.38
G10	Sample 82	2	1	15	100090	36.96	0.38
G11	Sample 83	2	1	1	30070	37	0.34
G11	Sample 83	2	1	2	35100	37	0.35
G11	Sample 83	2	1	3	40110	36.96	0.35
G11	Sample 83	2	1	4	45120	37	0.36
G11	Sample 83	2	1	5	50100	37	0.37
G11	Sample 83	2	1	6	55100	36.96	0.37
G11	Sample 83	2	1	7	60100	37	0.36
G11	Sample 83	2	1	8	65100	37	0.37
G11	Sample 83	2	1	9	70090	37	0.36
G11	Sample 83	2	1	10	75100	37	0.37
G11	Sample 83	2	1	11	80100	37	0.37
G11	Sample 83	2	1	12	85100	37	0.37
G11	Sample 83	2	1	13	90100	37	0.37
G11	Sample 83	2	1	14	95100	37	0.37
G11	Sample 83	2	1	15	100090	36.96	0.37
G12	Sample 84	2	1	1	30070	37	0.33
G12	Sample 84	2	1	2	35100	37	0.33
G12	Sample 84	2	1	3	40110	36.96	0.33
G12	Sample 84	2	1	4	45120	37	0.35
G12	Sample 84	2	1	5	50100	37	0.35
G12	Sample 84	2	1	6	55100	36.96	0.35
G12	Sample 84	2	1	7	60100	37	0.34
G12	Sample 84	2	1	8	65100	37	0.35
G12	Sample 84	2	1	9	70090	37	0.35
G12	Sample 84	2	1	10	75100	37	0.35
G12	Sample 84	2	1	11	80100	37	0.36
G12	Sample 84	2	1	12	85100	37	0.35
G12	Sample 84	2	1	13	90100	37	0.35
G12	Sample 84	2	1	14	95100	37	0.35
G12	Sample 84	2	1	15	100090	36.96	0.35
H1	Sample 85	2	1	1	30070	37	0.41
H1	Sample 85	2	1	2	35100	37	0.42
H1	Sample 85	2	1	3	40110	36.96	0.43
H1	Sample 85	2	1	4	45120	37	0.44
H1	Sample 85	2	1	5	50100	37	0.44
H1	Sample 85	2	1	6	55100	36.96	0.44
H1	Sample 85	2	1	7	60100	37	0.45
H1	Sample 85	2	1	8	65100	37	0.45
H1	Sample 85	2	1	9	70090	37	0.46
H1	Sample 85	2	1	10	75100	37	0.45
H1	Sample 85	2	1	11	80100	37	0.46
H1	Sample 85	2	1	12	85100	37	0.47
H1	Sample 85	2	1	13	90100	37	0.46
H1	Sample 85	2	1	14	95100	37	0.45
H1	Sample 85	2	1	15	100090	36.96	0.46
H2	Sample 86	2	1	1	30070	37	0.42
H2	Sample 86	2	1	2	35100	37	0.43
H2	Sample 86	2	1	3	40110	36.96	0.45
H2	Sample 86	2	1	4	45120	37	0.45
H2	Sample 86	2	1	5	50100	37	0.46
H2	Sample 86	2	1	6	55100	36.96	0.45
H2	Sample 86	2	1	7	60100	37	0.46
H2	Sample 86	2	1	8	65100	37	0.47
H2	Sample 86	2	1	9	70090	37	0.47
H2	Sample 86	2	1	10	75100	37	0.46
H2	Sample 86	2	1	11	80100	37	0.47
H2	Sample 86	2	1	12	85100	37	0.47
H2	Sample 86	2	1	13	90100	37	0.47
H2	Sample 86	2	1	14	95100	37	0.47
H2	Sample 86	2	1	15	100090	36.96	0.47
H3	Sample 87	2	1	1	30070	37	0.43
H3	Sample 87	2	1	2	35100	37	0.45
H3	Sample 87	2	1	3	40110	36.96	0.46
H3	Sample 87	2	1	4	45120	37	0.47
H3	Sample 87	2	1	5	50100	37	0.48
H3	Sample 87	2	1	6	55100	36.96	0.47
H3	Sample 87	2	1	7	60100	37	0.48
H3	Sample 87	2	1	8	65100	37	0.48
H3	Sample 87	2	1	9	70090	37	0.48
H3	Sample 87	2	1	10	75100	37	0.48
H3	Sample 87	2	1	11	80100	37	0.49
H3	Sample 87	2	1	12	85100	37	0.49
H3	Sample 87	2	1	13	90100	37	0.49
H3	Sample 87	2	1	14	95100	37	0.49
H3	Sample 87	2	1	15	100090	36.96	0.49
H4	Sample 88	2	1	1	30070	37	0.43
H4	Sample 88	2	1	2	35100	37	0.44
H4	Sample 88	2	1	3	40110	36.96	0.46
H4	Sample 88	2	1	4	45120	37	0.46
H4	Sample 88	2	1	5	50100	37	0.47
H4	Sample 88	2	1	6	55100	36.96	0.47
H4	Sample 88	2	1	7	60100	37	0.47
H4	Sample 88	2	1	8	65100	37	0.48
H4	Sample 88	2	1	9	70090	37	0.48
H4	Sample 88	2	1	10	75100	37	0.48
H4	Sample 88	2	1	11	80100	37	0.48
H4	Sample 88	2	1	12	85100	37	0.48
H4	Sample 88	2	1	13	90100	37	0.48
H4	Sample 88	2	1	14	95100	37	0.47
H4	Sample 88	2	1	15	100090	36.96	0.48
H5	Sample 89	2	1	1	30070	37	0.53
H5	Sample 89	2	1	2	35100	37	0.55
H5	Sample 89	2	1	3	40110	36.96	0.56
H5	Sample 89	2	1	4	45120	37	0.58
H5	Sample 89	2	1	5	50100	37	0.59
H5	Sample 89	2	1	6	55100	36.96	0.59
H5	Sample 89	2	1	7	60100	37	0.60
H5	Sample 89	2	1	8	65100	37	0.61
H5	Sample 89	2	1	9	70090	37	0.61
H5	Sample 89	2	1	10	75100	37	0.61
H5	Sample 89	2	1	11	80100	37	0.62
H5	Sample 89	2	1	12	85100	37	0.62
H5	Sample 89	2	1	13	90100	37	0.62
H5	Sample 89	2	1	14	95100	37	0.62
H5	Sample 89	2	1	15	100090	36.96	0.62
H6	Sample 90	2	1	1	30070	37	0.51
H6	Sample 90	2	1	2	35100	37	0.53
H6	Sample 90	2	1	3	40110	36.96	0.55
H6	Sample 90	2	1	4	45120	37	0.55
H6	Sample 90	2	1	5	50100	37	0.56
H6	Sample 90	2	1	6	55100	36.96	0.56
H6	Sample 90	2	1	7	60100	37	0.57
H6	Sample 90	2	1	8	65100	37	0.59
H6	Sample 90	2	1	9	70090	37	0.58
H6	Sample 90	2	1	10	75100	37	0.59
H6	Sample 90	2	1	11	80100	37	0.60
H6	Sample 90	2	1	12	85100	37	0.60
H6	Sample 90	2	1	13	90100	37	0.60
H6	Sample 90	2	1	14	95100	37	0.60
H6	Sample 90	2	1	15	100090	36.96	0.60
H7	Sample 91	2	1	1	30070	37	0.53
H7	Sample 91	2	1	2	35100	37	0.55
H7	Sample 91	2	1	3	40110	36.96	0.56
H7	Sample 91	2	1	4	45120	37	0.57
H7	Sample 91	2	1	5	50100	37	0.59
H7	Sample 91	2	1	6	55100	36.96	0.58
H7	Sample 91	2	1	7	60100	37	0.59
H7	Sample 91	2	1	8	65100	37	0.60
H7	Sample 91	2	1	9	70090	37	0.60
H7	Sample 91	2	1	10	75100	37	0.60
H7	Sample 91	2	1	11	80100	37	0.60
H7	Sample 91	2	1	12	85100	37	0.61
H7	Sample 91	2	1	13	90100	37	0.60
H7	Sample 91	2	1	14	95100	37	0.61
H7	Sample 91	2	1	15	100090	36.96	0.61
H8	Sample 92	2	1	1	30070	37	0.51
H8	Sample 92	2	1	2	35100	37	0.53
H8	Sample 92	2	1	3	40110	36.96	0.55
H8	Sample 92	2	1	4	45120	37	0.56
H8	Sample 92	2	1	5	50100	37	0.56
H8	Sample 92	2	1	6	55100	36.96	0.57
H8	Sample 92	2	1	7	60100	37	0.58
H8	Sample 92	2	1	8	65100	37	0.58
H8	Sample 92	2	1	9	70090	37	0.58
H8	Sample 92	2	1	10	75100	37	0.58
H8	Sample 92	2	1	11	80100	37	0.59
H8	Sample 92	2	1	12	85100	37	0.59
H8	Sample 92	2	1	13	90100	37	0.59
H8	Sample 92	2	1	14	95100	37	0.59
H8	Sample 92	2	1	15	100090	36.96	0.59
H9	Sample 93	2	1	1	30070	37	0.34
H9	Sample 93	2	1	2	35100	37	0.34
H9	Sample 93	2	1	3	40110	36.96	0.35
H9	Sample 93	2	1	4	45120	37	0.36
H9	Sample 93	2	1	5	50100	37	0.36
H9	Sample 93	2	1	6	55100	36.96	0.36
H9	Sample 93	2	1	7	60100	37	0.36
H9	Sample 93	2	1	8	65100	37	0.37
H9	Sample 93	2	1	9	70090	37	0.37
H9	Sample 93	2	1	10	75100	37	0.36
H9	Sample 93	2	1	11	80100	37	0.37
H9	Sample 93	2	1	12	85100	37	0.37
H9	Sample 93	2	1	13	90100	37	0.37
H9	Sample 93	2	1	14	95100	37	0.37
H9	Sample 93	2	1	15	100090	36.96	0.37
H10	Sample 94	2	1	1	30070	37	0.32
H10	Sample 94	2	1	2	35100	37	0.34
H10	Sample 94	2	1	3	40110	36.96	0.34
H10	Sample 94	2	1	4	45120	37	0.34
H10	Sample 94	2	1	5	50100	37	0.35
H10	Sample 94	2	1	6	55100	36.96	0.34
H10	Sample 94	2	1	7	60100	37	0.36
H10	Sample 94	2	1	8	65100	37	0.36
H10	Sample 94	2	1	9	70090	37	0.36
H10	Sample 94	2	1	10	75100	37	0.35
H10	Sample 94	2	1	11	80100	37	0.36
H10	Sample 94	2	1	12	85100	37	0.36
H10	Sample 94	2	1	13	90100	37	0.36
H10	Sample 94	2	1	14	95100	37	0.35
H10	Sample 94	2	1	15	100090	36.96	0.36
H11	Sample 95	2	1	1	30070	37	0.32
H11	Sample 95	2	1	2	35100	37	0.32
H11	Sample 95	2	1	3	40110	36.96	0.34
H11	Sample 95	2	1	4	45120	37	0.34
H11	Sample 95	2	1	5	50100	37	0.34
H11	Sample 95	2	1	6	55100	36.96	0.34
H11	Sample 95	2	1	7	60100	37	0.34
H11	Sample 95	2	1	8	65100	37	0.35
H11	Sample 95	2	1	9	70090	37	0.34
H11	Sample 95	2	1	10	75100	37	0.35
H11	Sample 95	2	1	11	80100	37	0.35
H11	Sample 95	2	1	12	85100	37	0.35
H11	Sample 95	2	1	13	90100	37	0.35
H11	Sample 95	2	1	14	95100	37	0.34
H11	Sample 95	2	1	15	100090	36.96	0.35
H12	Sample 96	2	1	1	30070	37	0.32
H12	Sample 96	2	1	2	35100	37	0.32
H12	Sample 96	2	1	3	40110	36.96	0.33
H12	Sample 96	2	1	4	45120	37	0.33
H12	Sample 96	2	1	5	50100	37	0.34
H12	Sample 96	2	1	6	55100	36.96	0.33
H12	Sample 96	2	1	7	60100	37	0.34
H12	Sample 96	2	1	8	65100	37	0.34
H12	Sample 96	2	1	9	70090	37	0.34
H12	Sample 96	2	1	10	75100	37	0.34
H12	Sample 96	2	1	11	80100	37	0.34
H12	Sample 96	2	1	12	85100	37	0.34
H12	Sample 96	2	1	13	90100	37	0.34
H12	Sample 96	2	1	14	95100	37	0.34
H12	Sample 96	2	1	15	100090	36.96	0.34
