Raw Data 		Experiment - evIC50_10_plate5_23APRIL2026 (Run on LCS480 1.5.1.62)
SamplePos	SampleName	Prog#	Seg#	Cycle#	Time	Temp	465-510	
A1	Sample 1	2	1	1	35390	36.96	0.34
A1	Sample 1	2	1	2	40330	36.96	0.35
A1	Sample 1	2	1	3	45340	36.96	0.36
A1	Sample 1	2	1	4	50340	36.96	0.36
A1	Sample 1	2	1	5	55330	36.96	0.36
A1	Sample 1	2	1	6	60350	37	0.37
A1	Sample 1	2	1	7	65340	36.96	0.37
A1	Sample 1	2	1	8	70340	37	0.38
A1	Sample 1	2	1	9	75340	36.96	0.37
A1	Sample 1	2	1	10	80340	37	0.38
A1	Sample 1	2	1	11	85330	36.96	0.38
A1	Sample 1	2	1	12	90330	37	0.38
A1	Sample 1	2	1	13	95340	36.96	0.37
A1	Sample 1	2	1	14	100330	37	0.38
A1	Sample 1	2	1	15	105350	37	0.37
A2	Sample 2	2	1	1	35390	36.96	0.36
A2	Sample 2	2	1	2	40330	36.96	0.36
A2	Sample 2	2	1	3	45340	36.96	0.37
A2	Sample 2	2	1	4	50340	36.96	0.37
A2	Sample 2	2	1	5	55330	36.96	0.38
A2	Sample 2	2	1	6	60350	37	0.38
A2	Sample 2	2	1	7	65340	36.96	0.38
A2	Sample 2	2	1	8	70340	37	0.39
A2	Sample 2	2	1	9	75340	36.96	0.38
A2	Sample 2	2	1	10	80340	37	0.38
A2	Sample 2	2	1	11	85330	36.96	0.38
A2	Sample 2	2	1	12	90330	37	0.38
A2	Sample 2	2	1	13	95340	36.96	0.38
A2	Sample 2	2	1	14	100330	37	0.38
A2	Sample 2	2	1	15	105350	37	0.38
A3	Sample 3	2	1	1	35390	36.96	0.37
A3	Sample 3	2	1	2	40330	36.96	0.38
A3	Sample 3	2	1	3	45340	36.96	0.39
A3	Sample 3	2	1	4	50340	36.96	0.40
A3	Sample 3	2	1	5	55330	36.96	0.39
A3	Sample 3	2	1	6	60350	37	0.40
A3	Sample 3	2	1	7	65340	36.96	0.40
A3	Sample 3	2	1	8	70340	37	0.40
A3	Sample 3	2	1	9	75340	36.96	0.40
A3	Sample 3	2	1	10	80340	37	0.40
A3	Sample 3	2	1	11	85330	36.96	0.40
A3	Sample 3	2	1	12	90330	37	0.41
A3	Sample 3	2	1	13	95340	36.96	0.40
A3	Sample 3	2	1	14	100330	37	0.40
A3	Sample 3	2	1	15	105350	37	0.40
A4	Sample 4	2	1	1	35390	36.96	0.42
A4	Sample 4	2	1	2	40330	36.96	0.41
A4	Sample 4	2	1	3	45340	36.96	0.41
A4	Sample 4	2	1	4	50340	36.96	0.41
A4	Sample 4	2	1	5	55330	36.96	0.40
A4	Sample 4	2	1	6	60350	37	0.40
A4	Sample 4	2	1	7	65340	36.96	0.40
A4	Sample 4	2	1	8	70340	37	0.41
A4	Sample 4	2	1	9	75340	36.96	0.41
A4	Sample 4	2	1	10	80340	37	0.41
A4	Sample 4	2	1	11	85330	36.96	0.41
A4	Sample 4	2	1	12	90330	37	0.40
A4	Sample 4	2	1	13	95340	36.96	0.40
A4	Sample 4	2	1	14	100330	37	0.40
A4	Sample 4	2	1	15	105350	37	0.40
A5	Sample 5	2	1	1	35390	36.96	1.67
A5	Sample 5	2	1	2	40330	36.96	1.65
A5	Sample 5	2	1	3	45340	36.96	1.65
A5	Sample 5	2	1	4	50340	36.96	1.65
A5	Sample 5	2	1	5	55330	36.96	1.64
A5	Sample 5	2	1	6	60350	37	1.63
A5	Sample 5	2	1	7	65340	36.96	1.64
A5	Sample 5	2	1	8	70340	37	1.64
A5	Sample 5	2	1	9	75340	36.96	1.63
A5	Sample 5	2	1	10	80340	37	1.63
A5	Sample 5	2	1	11	85330	36.96	1.63
A5	Sample 5	2	1	12	90330	37	1.63
A5	Sample 5	2	1	13	95340	36.96	1.63
A5	Sample 5	2	1	14	100330	37	1.63
A5	Sample 5	2	1	15	105350	37	1.62
A6	Sample 6	2	1	1	35390	36.96	1.73
A6	Sample 6	2	1	2	40330	36.96	1.71
A6	Sample 6	2	1	3	45340	36.96	1.71
A6	Sample 6	2	1	4	50340	36.96	1.70
A6	Sample 6	2	1	5	55330	36.96	1.69
A6	Sample 6	2	1	6	60350	37	1.69
A6	Sample 6	2	1	7	65340	36.96	1.69
A6	Sample 6	2	1	8	70340	37	1.69
A6	Sample 6	2	1	9	75340	36.96	1.69
A6	Sample 6	2	1	10	80340	37	1.69
A6	Sample 6	2	1	11	85330	36.96	1.69
A6	Sample 6	2	1	12	90330	37	1.69
A6	Sample 6	2	1	13	95340	36.96	1.68
A6	Sample 6	2	1	14	100330	37	1.68
A6	Sample 6	2	1	15	105350	37	1.69
A7	Sample 7	2	1	1	35390	36.96	1.80
A7	Sample 7	2	1	2	40330	36.96	1.78
A7	Sample 7	2	1	3	45340	36.96	1.78
A7	Sample 7	2	1	4	50340	36.96	1.76
A7	Sample 7	2	1	5	55330	36.96	1.76
A7	Sample 7	2	1	6	60350	37	1.75
A7	Sample 7	2	1	7	65340	36.96	1.75
A7	Sample 7	2	1	8	70340	37	1.76
A7	Sample 7	2	1	9	75340	36.96	1.75
A7	Sample 7	2	1	10	80340	37	1.76
A7	Sample 7	2	1	11	85330	36.96	1.75
A7	Sample 7	2	1	12	90330	37	1.74
A7	Sample 7	2	1	13	95340	36.96	1.75
A7	Sample 7	2	1	14	100330	37	1.75
A7	Sample 7	2	1	15	105350	37	1.75
A8	Sample 8	2	1	1	35390	36.96	1.74
A8	Sample 8	2	1	2	40330	36.96	1.72
A8	Sample 8	2	1	3	45340	36.96	1.72
A8	Sample 8	2	1	4	50340	36.96	1.72
A8	Sample 8	2	1	5	55330	36.96	1.71
A8	Sample 8	2	1	6	60350	37	1.70
A8	Sample 8	2	1	7	65340	36.96	1.70
A8	Sample 8	2	1	8	70340	37	1.70
A8	Sample 8	2	1	9	75340	36.96	1.70
A8	Sample 8	2	1	10	80340	37	1.69
A8	Sample 8	2	1	11	85330	36.96	1.69
A8	Sample 8	2	1	12	90330	37	1.69
A8	Sample 8	2	1	13	95340	36.96	1.68
A8	Sample 8	2	1	14	100330	37	1.68
A8	Sample 8	2	1	15	105350	37	1.68
A9	Sample 9	2	1	1	35390	36.96	0.83
A9	Sample 9	2	1	2	40330	36.96	0.82
A9	Sample 9	2	1	3	45340	36.96	0.82
A9	Sample 9	2	1	4	50340	36.96	0.83
A9	Sample 9	2	1	5	55330	36.96	0.82
A9	Sample 9	2	1	6	60350	37	0.82
A9	Sample 9	2	1	7	65340	36.96	0.82
A9	Sample 9	2	1	8	70340	37	0.82
A9	Sample 9	2	1	9	75340	36.96	0.82
A9	Sample 9	2	1	10	80340	37	0.82
A9	Sample 9	2	1	11	85330	36.96	0.82
A9	Sample 9	2	1	12	90330	37	0.81
A9	Sample 9	2	1	13	95340	36.96	0.81
A9	Sample 9	2	1	14	100330	37	0.81
A9	Sample 9	2	1	15	105350	37	0.81
A10	Sample 10	2	1	1	35390	36.96	0.85
A10	Sample 10	2	1	2	40330	36.96	0.84
A10	Sample 10	2	1	3	45340	36.96	0.83
A10	Sample 10	2	1	4	50340	36.96	0.84
A10	Sample 10	2	1	5	55330	36.96	0.84
A10	Sample 10	2	1	6	60350	37	0.83
A10	Sample 10	2	1	7	65340	36.96	0.83
A10	Sample 10	2	1	8	70340	37	0.83
A10	Sample 10	2	1	9	75340	36.96	0.83
A10	Sample 10	2	1	10	80340	37	0.83
A10	Sample 10	2	1	11	85330	36.96	0.83
A10	Sample 10	2	1	12	90330	37	0.83
A10	Sample 10	2	1	13	95340	36.96	0.82
A10	Sample 10	2	1	14	100330	37	0.82
A10	Sample 10	2	1	15	105350	37	0.82
A11	Sample 11	2	1	1	35390	36.96	0.87
A11	Sample 11	2	1	2	40330	36.96	0.88
A11	Sample 11	2	1	3	45340	36.96	0.86
A11	Sample 11	2	1	4	50340	36.96	0.86
A11	Sample 11	2	1	5	55330	36.96	0.86
A11	Sample 11	2	1	6	60350	37	0.86
A11	Sample 11	2	1	7	65340	36.96	0.86
A11	Sample 11	2	1	8	70340	37	0.86
A11	Sample 11	2	1	9	75340	36.96	0.86
A11	Sample 11	2	1	10	80340	37	0.86
A11	Sample 11	2	1	11	85330	36.96	0.86
A11	Sample 11	2	1	12	90330	37	0.85
A11	Sample 11	2	1	13	95340	36.96	0.85
A11	Sample 11	2	1	14	100330	37	0.85
A11	Sample 11	2	1	15	105350	37	0.86
A12	Sample 12	2	1	1	35390	36.96	0.79
A12	Sample 12	2	1	2	40330	36.96	0.79
A12	Sample 12	2	1	3	45340	36.96	0.78
A12	Sample 12	2	1	4	50340	36.96	0.77
A12	Sample 12	2	1	5	55330	36.96	0.78
A12	Sample 12	2	1	6	60350	37	0.77
A12	Sample 12	2	1	7	65340	36.96	0.76
A12	Sample 12	2	1	8	70340	37	0.77
A12	Sample 12	2	1	9	75340	36.96	0.77
A12	Sample 12	2	1	10	80340	37	0.77
A12	Sample 12	2	1	11	85330	36.96	0.76
A12	Sample 12	2	1	12	90330	37	0.77
A12	Sample 12	2	1	13	95340	36.96	0.76
A12	Sample 12	2	1	14	100330	37	0.76
A12	Sample 12	2	1	15	105350	37	0.77
B1	Sample 13	2	1	1	35390	36.96	0.34
B1	Sample 13	2	1	2	40330	36.96	0.33
B1	Sample 13	2	1	3	45340	36.96	0.33
B1	Sample 13	2	1	4	50340	36.96	0.33
B1	Sample 13	2	1	5	55330	36.96	0.33
B1	Sample 13	2	1	6	60350	37	0.33
B1	Sample 13	2	1	7	65340	36.96	0.32
B1	Sample 13	2	1	8	70340	37	0.33
B1	Sample 13	2	1	9	75340	36.96	0.33
B1	Sample 13	2	1	10	80340	37	0.33
B1	Sample 13	2	1	11	85330	36.96	0.33
B1	Sample 13	2	1	12	90330	37	0.33
B1	Sample 13	2	1	13	95340	36.96	0.32
B1	Sample 13	2	1	14	100330	37	0.33
B1	Sample 13	2	1	15	105350	37	0.32
B2	Sample 14	2	1	1	35390	36.96	0.31
B2	Sample 14	2	1	2	40330	36.96	0.31
B2	Sample 14	2	1	3	45340	36.96	0.33
B2	Sample 14	2	1	4	50340	36.96	0.33
B2	Sample 14	2	1	5	55330	36.96	0.33
B2	Sample 14	2	1	6	60350	37	0.34
B2	Sample 14	2	1	7	65340	36.96	0.34
B2	Sample 14	2	1	8	70340	37	0.35
B2	Sample 14	2	1	9	75340	36.96	0.35
B2	Sample 14	2	1	10	80340	37	0.35
B2	Sample 14	2	1	11	85330	36.96	0.35
B2	Sample 14	2	1	12	90330	37	0.34
B2	Sample 14	2	1	13	95340	36.96	0.34
B2	Sample 14	2	1	14	100330	37	0.35
B2	Sample 14	2	1	15	105350	37	0.35
B3	Sample 15	2	1	1	35390	36.96	0.37
B3	Sample 15	2	1	2	40330	36.96	0.37
B3	Sample 15	2	1	3	45340	36.96	0.37
B3	Sample 15	2	1	4	50340	36.96	0.36
B3	Sample 15	2	1	5	55330	36.96	0.36
B3	Sample 15	2	1	6	60350	37	0.36
B3	Sample 15	2	1	7	65340	36.96	0.36
B3	Sample 15	2	1	8	70340	37	0.37
B3	Sample 15	2	1	9	75340	36.96	0.37
B3	Sample 15	2	1	10	80340	37	0.36
B3	Sample 15	2	1	11	85330	36.96	0.36
B3	Sample 15	2	1	12	90330	37	0.36
B3	Sample 15	2	1	13	95340	36.96	0.36
B3	Sample 15	2	1	14	100330	37	0.36
B3	Sample 15	2	1	15	105350	37	0.36
B4	Sample 16	2	1	1	35390	36.96	0.37
B4	Sample 16	2	1	2	40330	36.96	0.37
B4	Sample 16	2	1	3	45340	36.96	0.37
B4	Sample 16	2	1	4	50340	36.96	0.37
B4	Sample 16	2	1	5	55330	36.96	0.37
B4	Sample 16	2	1	6	60350	37	0.37
B4	Sample 16	2	1	7	65340	36.96	0.37
B4	Sample 16	2	1	8	70340	37	0.37
B4	Sample 16	2	1	9	75340	36.96	0.37
B4	Sample 16	2	1	10	80340	37	0.37
B4	Sample 16	2	1	11	85330	36.96	0.37
B4	Sample 16	2	1	12	90330	37	0.37
B4	Sample 16	2	1	13	95340	36.96	0.37
B4	Sample 16	2	1	14	100330	37	0.37
B4	Sample 16	2	1	15	105350	37	0.37
B5	Sample 17	2	1	1	35390	36.96	1.64
B5	Sample 17	2	1	2	40330	36.96	1.63
B5	Sample 17	2	1	3	45340	36.96	1.62
B5	Sample 17	2	1	4	50340	36.96	1.61
B5	Sample 17	2	1	5	55330	36.96	1.61
B5	Sample 17	2	1	6	60350	37	1.59
B5	Sample 17	2	1	7	65340	36.96	1.60
B5	Sample 17	2	1	8	70340	37	1.60
B5	Sample 17	2	1	9	75340	36.96	1.60
B5	Sample 17	2	1	10	80340	37	1.60
B5	Sample 17	2	1	11	85330	36.96	1.60
B5	Sample 17	2	1	12	90330	37	1.60
B5	Sample 17	2	1	13	95340	36.96	1.59
B5	Sample 17	2	1	14	100330	37	1.59
B5	Sample 17	2	1	15	105350	37	1.59
B6	Sample 18	2	1	1	35390	36.96	1.72
B6	Sample 18	2	1	2	40330	36.96	1.71
B6	Sample 18	2	1	3	45340	36.96	1.70
B6	Sample 18	2	1	4	50340	36.96	1.69
B6	Sample 18	2	1	5	55330	36.96	1.68
B6	Sample 18	2	1	6	60350	37	1.68
B6	Sample 18	2	1	7	65340	36.96	1.67
B6	Sample 18	2	1	8	70340	37	1.67
B6	Sample 18	2	1	9	75340	36.96	1.66
B6	Sample 18	2	1	10	80340	37	1.67
B6	Sample 18	2	1	11	85330	36.96	1.67
B6	Sample 18	2	1	12	90330	37	1.67
B6	Sample 18	2	1	13	95340	36.96	1.67
B6	Sample 18	2	1	14	100330	37	1.66
B6	Sample 18	2	1	15	105350	37	1.67
B7	Sample 19	2	1	1	35390	36.96	1.68
B7	Sample 19	2	1	2	40330	36.96	1.66
B7	Sample 19	2	1	3	45340	36.96	1.66
B7	Sample 19	2	1	4	50340	36.96	1.65
B7	Sample 19	2	1	5	55330	36.96	1.64
B7	Sample 19	2	1	6	60350	37	1.64
B7	Sample 19	2	1	7	65340	36.96	1.63
B7	Sample 19	2	1	8	70340	37	1.62
B7	Sample 19	2	1	9	75340	36.96	1.62
B7	Sample 19	2	1	10	80340	37	1.62
B7	Sample 19	2	1	11	85330	36.96	1.63
B7	Sample 19	2	1	12	90330	37	1.63
B7	Sample 19	2	1	13	95340	36.96	1.63
B7	Sample 19	2	1	14	100330	37	1.63
B7	Sample 19	2	1	15	105350	37	1.63
B8	Sample 20	2	1	1	35390	36.96	1.64
B8	Sample 20	2	1	2	40330	36.96	1.63
B8	Sample 20	2	1	3	45340	36.96	1.62
B8	Sample 20	2	1	4	50340	36.96	1.61
B8	Sample 20	2	1	5	55330	36.96	1.60
B8	Sample 20	2	1	6	60350	37	1.60
B8	Sample 20	2	1	7	65340	36.96	1.59
B8	Sample 20	2	1	8	70340	37	1.59
B8	Sample 20	2	1	9	75340	36.96	1.59
B8	Sample 20	2	1	10	80340	37	1.59
B8	Sample 20	2	1	11	85330	36.96	1.59
B8	Sample 20	2	1	12	90330	37	1.60
B8	Sample 20	2	1	13	95340	36.96	1.59
B8	Sample 20	2	1	14	100330	37	1.59
B8	Sample 20	2	1	15	105350	37	1.59
B9	Sample 21	2	1	1	35390	36.96	0.83
B9	Sample 21	2	1	2	40330	36.96	0.82
B9	Sample 21	2	1	3	45340	36.96	0.82
B9	Sample 21	2	1	4	50340	36.96	0.81
B9	Sample 21	2	1	5	55330	36.96	0.80
B9	Sample 21	2	1	6	60350	37	0.81
B9	Sample 21	2	1	7	65340	36.96	0.80
B9	Sample 21	2	1	8	70340	37	0.81
B9	Sample 21	2	1	9	75340	36.96	0.81
B9	Sample 21	2	1	10	80340	37	0.80
B9	Sample 21	2	1	11	85330	36.96	0.80
B9	Sample 21	2	1	12	90330	37	0.80
B9	Sample 21	2	1	13	95340	36.96	0.79
B9	Sample 21	2	1	14	100330	37	0.80
B9	Sample 21	2	1	15	105350	37	0.80
B10	Sample 22	2	1	1	35390	36.96	0.81
B10	Sample 22	2	1	2	40330	36.96	0.81
B10	Sample 22	2	1	3	45340	36.96	0.81
B10	Sample 22	2	1	4	50340	36.96	0.80
B10	Sample 22	2	1	5	55330	36.96	0.80
B10	Sample 22	2	1	6	60350	37	0.80
B10	Sample 22	2	1	7	65340	36.96	0.80
B10	Sample 22	2	1	8	70340	37	0.80
B10	Sample 22	2	1	9	75340	36.96	0.79
B10	Sample 22	2	1	10	80340	37	0.80
B10	Sample 22	2	1	11	85330	36.96	0.79
B10	Sample 22	2	1	12	90330	37	0.80
B10	Sample 22	2	1	13	95340	36.96	0.79
B10	Sample 22	2	1	14	100330	37	0.79
B10	Sample 22	2	1	15	105350	37	0.79
B11	Sample 23	2	1	1	35390	36.96	0.87
B11	Sample 23	2	1	2	40330	36.96	0.86
B11	Sample 23	2	1	3	45340	36.96	0.85
B11	Sample 23	2	1	4	50340	36.96	0.85
B11	Sample 23	2	1	5	55330	36.96	0.84
B11	Sample 23	2	1	6	60350	37	0.85
B11	Sample 23	2	1	7	65340	36.96	0.85
B11	Sample 23	2	1	8	70340	37	0.84
B11	Sample 23	2	1	9	75340	36.96	0.84
B11	Sample 23	2	1	10	80340	37	0.84
B11	Sample 23	2	1	11	85330	36.96	0.84
B11	Sample 23	2	1	12	90330	37	0.84
B11	Sample 23	2	1	13	95340	36.96	0.84
B11	Sample 23	2	1	14	100330	37	0.84
B11	Sample 23	2	1	15	105350	37	0.84
B12	Sample 24	2	1	1	35390	36.96	0.79
B12	Sample 24	2	1	2	40330	36.96	0.79
B12	Sample 24	2	1	3	45340	36.96	0.78
B12	Sample 24	2	1	4	50340	36.96	0.78
B12	Sample 24	2	1	5	55330	36.96	0.77
B12	Sample 24	2	1	6	60350	37	0.77
B12	Sample 24	2	1	7	65340	36.96	0.77
B12	Sample 24	2	1	8	70340	37	0.78
B12	Sample 24	2	1	9	75340	36.96	0.76
B12	Sample 24	2	1	10	80340	37	0.76
B12	Sample 24	2	1	11	85330	36.96	0.77
B12	Sample 24	2	1	12	90330	37	0.77
B12	Sample 24	2	1	13	95340	36.96	0.76
B12	Sample 24	2	1	14	100330	37	0.76
B12	Sample 24	2	1	15	105350	37	0.76
C1	Sample 25	2	1	1	35390	36.96	0.35
C1	Sample 25	2	1	2	40330	36.96	0.35
C1	Sample 25	2	1	3	45340	36.96	0.35
C1	Sample 25	2	1	4	50340	36.96	0.35
C1	Sample 25	2	1	5	55330	36.96	0.35
C1	Sample 25	2	1	6	60350	37	0.34
C1	Sample 25	2	1	7	65340	36.96	0.34
C1	Sample 25	2	1	8	70340	37	0.34
C1	Sample 25	2	1	9	75340	36.96	0.34
C1	Sample 25	2	1	10	80340	37	0.34
C1	Sample 25	2	1	11	85330	36.96	0.34
C1	Sample 25	2	1	12	90330	37	0.34
C1	Sample 25	2	1	13	95340	36.96	0.34
C1	Sample 25	2	1	14	100330	37	0.34
C1	Sample 25	2	1	15	105350	37	0.34
C2	Sample 26	2	1	1	35390	36.96	0.34
C2	Sample 26	2	1	2	40330	36.96	0.34
C2	Sample 26	2	1	3	45340	36.96	0.35
C2	Sample 26	2	1	4	50340	36.96	0.36
C2	Sample 26	2	1	5	55330	36.96	0.36
C2	Sample 26	2	1	6	60350	37	0.36
C2	Sample 26	2	1	7	65340	36.96	0.36
C2	Sample 26	2	1	8	70340	37	0.36
C2	Sample 26	2	1	9	75340	36.96	0.36
C2	Sample 26	2	1	10	80340	37	0.36
C2	Sample 26	2	1	11	85330	36.96	0.36
C2	Sample 26	2	1	12	90330	37	0.36
C2	Sample 26	2	1	13	95340	36.96	0.36
C2	Sample 26	2	1	14	100330	37	0.36
C2	Sample 26	2	1	15	105350	37	0.36
C3	Sample 27	2	1	1	35390	36.96	0.37
C3	Sample 27	2	1	2	40330	36.96	0.37
C3	Sample 27	2	1	3	45340	36.96	0.37
C3	Sample 27	2	1	4	50340	36.96	0.36
C3	Sample 27	2	1	5	55330	36.96	0.36
C3	Sample 27	2	1	6	60350	37	0.36
C3	Sample 27	2	1	7	65340	36.96	0.36
C3	Sample 27	2	1	8	70340	37	0.36
C3	Sample 27	2	1	9	75340	36.96	0.36
C3	Sample 27	2	1	10	80340	37	0.36
C3	Sample 27	2	1	11	85330	36.96	0.36
C3	Sample 27	2	1	12	90330	37	0.36
C3	Sample 27	2	1	13	95340	36.96	0.36
C3	Sample 27	2	1	14	100330	37	0.36
C3	Sample 27	2	1	15	105350	37	0.36
C4	Sample 28	2	1	1	35390	36.96	0.38
C4	Sample 28	2	1	2	40330	36.96	0.38
C4	Sample 28	2	1	3	45340	36.96	0.38
C4	Sample 28	2	1	4	50340	36.96	0.38
C4	Sample 28	2	1	5	55330	36.96	0.38
C4	Sample 28	2	1	6	60350	37	0.37
C4	Sample 28	2	1	7	65340	36.96	0.38
C4	Sample 28	2	1	8	70340	37	0.38
C4	Sample 28	2	1	9	75340	36.96	0.37
C4	Sample 28	2	1	10	80340	37	0.38
C4	Sample 28	2	1	11	85330	36.96	0.38
C4	Sample 28	2	1	12	90330	37	0.38
C4	Sample 28	2	1	13	95340	36.96	0.38
C4	Sample 28	2	1	14	100330	37	0.37
C4	Sample 28	2	1	15	105350	37	0.37
C5	Sample 29	2	1	1	35390	36.96	1.55
C5	Sample 29	2	1	2	40330	36.96	1.54
C5	Sample 29	2	1	3	45340	36.96	1.53
C5	Sample 29	2	1	4	50340	36.96	1.52
C5	Sample 29	2	1	5	55330	36.96	1.52
C5	Sample 29	2	1	6	60350	37	1.50
C5	Sample 29	2	1	7	65340	36.96	1.51
C5	Sample 29	2	1	8	70340	37	1.51
C5	Sample 29	2	1	9	75340	36.96	1.50
C5	Sample 29	2	1	10	80340	37	1.50
C5	Sample 29	2	1	11	85330	36.96	1.50
C5	Sample 29	2	1	12	90330	37	1.51
C5	Sample 29	2	1	13	95340	36.96	1.51
C5	Sample 29	2	1	14	100330	37	1.51
C5	Sample 29	2	1	15	105350	37	1.51
C6	Sample 30	2	1	1	35390	36.96	1.72
C6	Sample 30	2	1	2	40330	36.96	1.70
C6	Sample 30	2	1	3	45340	36.96	1.69
C6	Sample 30	2	1	4	50340	36.96	1.69
C6	Sample 30	2	1	5	55330	36.96	1.67
C6	Sample 30	2	1	6	60350	37	1.66
C6	Sample 30	2	1	7	65340	36.96	1.66
C6	Sample 30	2	1	8	70340	37	1.66
C6	Sample 30	2	1	9	75340	36.96	1.66
C6	Sample 30	2	1	10	80340	37	1.66
C6	Sample 30	2	1	11	85330	36.96	1.66
C6	Sample 30	2	1	12	90330	37	1.66
C6	Sample 30	2	1	13	95340	36.96	1.66
C6	Sample 30	2	1	14	100330	37	1.66
C6	Sample 30	2	1	15	105350	37	1.66
C7	Sample 31	2	1	1	35390	36.96	1.71
C7	Sample 31	2	1	2	40330	36.96	1.69
C7	Sample 31	2	1	3	45340	36.96	1.68
C7	Sample 31	2	1	4	50340	36.96	1.68
C7	Sample 31	2	1	5	55330	36.96	1.66
C7	Sample 31	2	1	6	60350	37	1.66
C7	Sample 31	2	1	7	65340	36.96	1.66
C7	Sample 31	2	1	8	70340	37	1.66
C7	Sample 31	2	1	9	75340	36.96	1.66
C7	Sample 31	2	1	10	80340	37	1.67
C7	Sample 31	2	1	11	85330	36.96	1.66
C7	Sample 31	2	1	12	90330	37	1.67
C7	Sample 31	2	1	13	95340	36.96	1.66
C7	Sample 31	2	1	14	100330	37	1.66
C7	Sample 31	2	1	15	105350	37	1.65
C8	Sample 32	2	1	1	35390	36.96	1.74
C8	Sample 32	2	1	2	40330	36.96	1.72
C8	Sample 32	2	1	3	45340	36.96	1.71
C8	Sample 32	2	1	4	50340	36.96	1.70
C8	Sample 32	2	1	5	55330	36.96	1.68
C8	Sample 32	2	1	6	60350	37	1.69
C8	Sample 32	2	1	7	65340	36.96	1.69
C8	Sample 32	2	1	8	70340	37	1.68
C8	Sample 32	2	1	9	75340	36.96	1.68
C8	Sample 32	2	1	10	80340	37	1.68
C8	Sample 32	2	1	11	85330	36.96	1.68
C8	Sample 32	2	1	12	90330	37	1.68
C8	Sample 32	2	1	13	95340	36.96	1.68
C8	Sample 32	2	1	14	100330	37	1.67
C8	Sample 32	2	1	15	105350	37	1.67
C9	Sample 33	2	1	1	35390	36.96	0.83
C9	Sample 33	2	1	2	40330	36.96	0.83
C9	Sample 33	2	1	3	45340	36.96	0.82
C9	Sample 33	2	1	4	50340	36.96	0.82
C9	Sample 33	2	1	5	55330	36.96	0.81
C9	Sample 33	2	1	6	60350	37	0.81
C9	Sample 33	2	1	7	65340	36.96	0.81
C9	Sample 33	2	1	8	70340	37	0.81
C9	Sample 33	2	1	9	75340	36.96	0.81
C9	Sample 33	2	1	10	80340	37	0.81
C9	Sample 33	2	1	11	85330	36.96	0.81
C9	Sample 33	2	1	12	90330	37	0.81
C9	Sample 33	2	1	13	95340	36.96	0.81
C9	Sample 33	2	1	14	100330	37	0.81
C9	Sample 33	2	1	15	105350	37	0.81
C10	Sample 34	2	1	1	35390	36.96	0.83
C10	Sample 34	2	1	2	40330	36.96	0.82
C10	Sample 34	2	1	3	45340	36.96	0.81
C10	Sample 34	2	1	4	50340	36.96	0.81
C10	Sample 34	2	1	5	55330	36.96	0.81
C10	Sample 34	2	1	6	60350	37	0.80
C10	Sample 34	2	1	7	65340	36.96	0.80
C10	Sample 34	2	1	8	70340	37	0.80
C10	Sample 34	2	1	9	75340	36.96	0.81
C10	Sample 34	2	1	10	80340	37	0.80
C10	Sample 34	2	1	11	85330	36.96	0.80
C10	Sample 34	2	1	12	90330	37	0.80
C10	Sample 34	2	1	13	95340	36.96	0.81
C10	Sample 34	2	1	14	100330	37	0.80
C10	Sample 34	2	1	15	105350	37	0.80
C11	Sample 35	2	1	1	35390	36.96	0.87
C11	Sample 35	2	1	2	40330	36.96	0.86
C11	Sample 35	2	1	3	45340	36.96	0.86
C11	Sample 35	2	1	4	50340	36.96	0.85
C11	Sample 35	2	1	5	55330	36.96	0.85
C11	Sample 35	2	1	6	60350	37	0.84
C11	Sample 35	2	1	7	65340	36.96	0.84
C11	Sample 35	2	1	8	70340	37	0.84
C11	Sample 35	2	1	9	75340	36.96	0.84
C11	Sample 35	2	1	10	80340	37	0.84
C11	Sample 35	2	1	11	85330	36.96	0.85
C11	Sample 35	2	1	12	90330	37	0.84
C11	Sample 35	2	1	13	95340	36.96	0.85
C11	Sample 35	2	1	14	100330	37	0.84
C11	Sample 35	2	1	15	105350	37	0.84
C12	Sample 36	2	1	1	35390	36.96	0.84
C12	Sample 36	2	1	2	40330	36.96	0.83
C12	Sample 36	2	1	3	45340	36.96	0.83
C12	Sample 36	2	1	4	50340	36.96	0.83
C12	Sample 36	2	1	5	55330	36.96	0.82
C12	Sample 36	2	1	6	60350	37	0.82
C12	Sample 36	2	1	7	65340	36.96	0.82
C12	Sample 36	2	1	8	70340	37	0.82
C12	Sample 36	2	1	9	75340	36.96	0.81
C12	Sample 36	2	1	10	80340	37	0.82
C12	Sample 36	2	1	11	85330	36.96	0.81
C12	Sample 36	2	1	12	90330	37	0.82
C12	Sample 36	2	1	13	95340	36.96	0.82
C12	Sample 36	2	1	14	100330	37	0.81
C12	Sample 36	2	1	15	105350	37	0.81
D1	Sample 37	2	1	1	35390	36.96	0.36
D1	Sample 37	2	1	2	40330	36.96	0.35
D1	Sample 37	2	1	3	45340	36.96	0.35
D1	Sample 37	2	1	4	50340	36.96	0.35
D1	Sample 37	2	1	5	55330	36.96	0.35
D1	Sample 37	2	1	6	60350	37	0.35
D1	Sample 37	2	1	7	65340	36.96	0.35
D1	Sample 37	2	1	8	70340	37	0.35
D1	Sample 37	2	1	9	75340	36.96	0.35
D1	Sample 37	2	1	10	80340	37	0.34
D1	Sample 37	2	1	11	85330	36.96	0.35
D1	Sample 37	2	1	12	90330	37	0.34
D1	Sample 37	2	1	13	95340	36.96	0.34
D1	Sample 37	2	1	14	100330	37	0.34
D1	Sample 37	2	1	15	105350	37	0.34
D2	Sample 38	2	1	1	35390	36.96	0.36
D2	Sample 38	2	1	2	40330	36.96	0.35
D2	Sample 38	2	1	3	45340	36.96	0.36
D2	Sample 38	2	1	4	50340	36.96	0.35
D2	Sample 38	2	1	5	55330	36.96	0.35
D2	Sample 38	2	1	6	60350	37	0.35
D2	Sample 38	2	1	7	65340	36.96	0.35
D2	Sample 38	2	1	8	70340	37	0.35
D2	Sample 38	2	1	9	75340	36.96	0.35
D2	Sample 38	2	1	10	80340	37	0.35
D2	Sample 38	2	1	11	85330	36.96	0.34
D2	Sample 38	2	1	12	90330	37	0.35
D2	Sample 38	2	1	13	95340	36.96	0.35
D2	Sample 38	2	1	14	100330	37	0.35
D2	Sample 38	2	1	15	105350	37	0.34
D3	Sample 39	2	1	1	35390	36.96	0.36
D3	Sample 39	2	1	2	40330	36.96	0.36
D3	Sample 39	2	1	3	45340	36.96	0.36
D3	Sample 39	2	1	4	50340	36.96	0.36
D3	Sample 39	2	1	5	55330	36.96	0.36
D3	Sample 39	2	1	6	60350	37	0.35
D3	Sample 39	2	1	7	65340	36.96	0.35
D3	Sample 39	2	1	8	70340	37	0.36
D3	Sample 39	2	1	9	75340	36.96	0.35
D3	Sample 39	2	1	10	80340	37	0.35
D3	Sample 39	2	1	11	85330	36.96	0.35
D3	Sample 39	2	1	12	90330	37	0.36
D3	Sample 39	2	1	13	95340	36.96	0.35
D3	Sample 39	2	1	14	100330	37	0.36
D3	Sample 39	2	1	15	105350	37	0.35
D4	Sample 40	2	1	1	35390	36.96	0.39
D4	Sample 40	2	1	2	40330	36.96	0.38
D4	Sample 40	2	1	3	45340	36.96	0.39
D4	Sample 40	2	1	4	50340	36.96	0.38
D4	Sample 40	2	1	5	55330	36.96	0.38
D4	Sample 40	2	1	6	60350	37	0.38
D4	Sample 40	2	1	7	65340	36.96	0.38
D4	Sample 40	2	1	8	70340	37	0.38
D4	Sample 40	2	1	9	75340	36.96	0.38
D4	Sample 40	2	1	10	80340	37	0.38
D4	Sample 40	2	1	11	85330	36.96	0.38
D4	Sample 40	2	1	12	90330	37	0.38
D4	Sample 40	2	1	13	95340	36.96	0.37
D4	Sample 40	2	1	14	100330	37	0.38
D4	Sample 40	2	1	15	105350	37	0.38
D5	Sample 41	2	1	1	35390	36.96	1.60
D5	Sample 41	2	1	2	40330	36.96	1.58
D5	Sample 41	2	1	3	45340	36.96	1.58
D5	Sample 41	2	1	4	50340	36.96	1.57
D5	Sample 41	2	1	5	55330	36.96	1.55
D5	Sample 41	2	1	6	60350	37	1.56
D5	Sample 41	2	1	7	65340	36.96	1.55
D5	Sample 41	2	1	8	70340	37	1.55
D5	Sample 41	2	1	9	75340	36.96	1.55
D5	Sample 41	2	1	10	80340	37	1.55
D5	Sample 41	2	1	11	85330	36.96	1.54
D5	Sample 41	2	1	12	90330	37	1.55
D5	Sample 41	2	1	13	95340	36.96	1.54
D5	Sample 41	2	1	14	100330	37	1.54
D5	Sample 41	2	1	15	105350	37	1.55
D6	Sample 42	2	1	1	35390	36.96	1.61
D6	Sample 42	2	1	2	40330	36.96	1.60
D6	Sample 42	2	1	3	45340	36.96	1.59
D6	Sample 42	2	1	4	50340	36.96	1.58
D6	Sample 42	2	1	5	55330	36.96	1.58
D6	Sample 42	2	1	6	60350	37	1.57
D6	Sample 42	2	1	7	65340	36.96	1.57
D6	Sample 42	2	1	8	70340	37	1.57
D6	Sample 42	2	1	9	75340	36.96	1.56
D6	Sample 42	2	1	10	80340	37	1.57
D6	Sample 42	2	1	11	85330	36.96	1.57
D6	Sample 42	2	1	12	90330	37	1.58
D6	Sample 42	2	1	13	95340	36.96	1.57
D6	Sample 42	2	1	14	100330	37	1.57
D6	Sample 42	2	1	15	105350	37	1.58
D7	Sample 43	2	1	1	35390	36.96	2.16
D7	Sample 43	2	1	2	40330	36.96	2.15
D7	Sample 43	2	1	3	45340	36.96	2.13
D7	Sample 43	2	1	4	50340	36.96	2.13
D7	Sample 43	2	1	5	55330	36.96	2.11
D7	Sample 43	2	1	6	60350	37	2.10
D7	Sample 43	2	1	7	65340	36.96	2.11
D7	Sample 43	2	1	8	70340	37	2.11
D7	Sample 43	2	1	9	75340	36.96	2.11
D7	Sample 43	2	1	10	80340	37	2.11
D7	Sample 43	2	1	11	85330	36.96	2.11
D7	Sample 43	2	1	12	90330	37	2.11
D7	Sample 43	2	1	13	95340	36.96	2.11
D7	Sample 43	2	1	14	100330	37	2.11
D7	Sample 43	2	1	15	105350	37	2.11
D8	Sample 44	2	1	1	35390	36.96	2.15
D8	Sample 44	2	1	2	40330	36.96	2.13
D8	Sample 44	2	1	3	45340	36.96	2.12
D8	Sample 44	2	1	4	50340	36.96	2.10
D8	Sample 44	2	1	5	55330	36.96	2.10
D8	Sample 44	2	1	6	60350	37	2.09
D8	Sample 44	2	1	7	65340	36.96	2.09
D8	Sample 44	2	1	8	70340	37	2.09
D8	Sample 44	2	1	9	75340	36.96	2.09
D8	Sample 44	2	1	10	80340	37	2.09
D8	Sample 44	2	1	11	85330	36.96	2.09
D8	Sample 44	2	1	12	90330	37	2.08
D8	Sample 44	2	1	13	95340	36.96	2.09
D8	Sample 44	2	1	14	100330	37	2.10
D8	Sample 44	2	1	15	105350	37	2.08
D9	Sample 45	2	1	1	35390	36.96	0.81
D9	Sample 45	2	1	2	40330	36.96	0.81
D9	Sample 45	2	1	3	45340	36.96	0.80
D9	Sample 45	2	1	4	50340	36.96	0.80
D9	Sample 45	2	1	5	55330	36.96	0.79
D9	Sample 45	2	1	6	60350	37	0.79
D9	Sample 45	2	1	7	65340	36.96	0.79
D9	Sample 45	2	1	8	70340	37	0.79
D9	Sample 45	2	1	9	75340	36.96	0.79
D9	Sample 45	2	1	10	80340	37	0.78
D9	Sample 45	2	1	11	85330	36.96	0.79
D9	Sample 45	2	1	12	90330	37	0.79
D9	Sample 45	2	1	13	95340	36.96	0.78
D9	Sample 45	2	1	14	100330	37	0.79
D9	Sample 45	2	1	15	105350	37	0.79
D10	Sample 46	2	1	1	35390	36.96	0.84
D10	Sample 46	2	1	2	40330	36.96	0.83
D10	Sample 46	2	1	3	45340	36.96	0.83
D10	Sample 46	2	1	4	50340	36.96	0.82
D10	Sample 46	2	1	5	55330	36.96	0.82
D10	Sample 46	2	1	6	60350	37	0.81
D10	Sample 46	2	1	7	65340	36.96	0.81
D10	Sample 46	2	1	8	70340	37	0.81
D10	Sample 46	2	1	9	75340	36.96	0.81
D10	Sample 46	2	1	10	80340	37	0.81
D10	Sample 46	2	1	11	85330	36.96	0.81
D10	Sample 46	2	1	12	90330	37	0.81
D10	Sample 46	2	1	13	95340	36.96	0.81
D10	Sample 46	2	1	14	100330	37	0.82
D10	Sample 46	2	1	15	105350	37	0.81
D11	Sample 47	2	1	1	35390	36.96	1.07
D11	Sample 47	2	1	2	40330	36.96	1.06
D11	Sample 47	2	1	3	45340	36.96	1.05
D11	Sample 47	2	1	4	50340	36.96	1.04
D11	Sample 47	2	1	5	55330	36.96	1.04
D11	Sample 47	2	1	6	60350	37	1.04
D11	Sample 47	2	1	7	65340	36.96	1.04
D11	Sample 47	2	1	8	70340	37	1.04
D11	Sample 47	2	1	9	75340	36.96	1.04
D11	Sample 47	2	1	10	80340	37	1.04
D11	Sample 47	2	1	11	85330	36.96	1.04
D11	Sample 47	2	1	12	90330	37	1.04
D11	Sample 47	2	1	13	95340	36.96	1.04
D11	Sample 47	2	1	14	100330	37	1.04
D11	Sample 47	2	1	15	105350	37	1.04
D12	Sample 48	2	1	1	35390	36.96	1.04
D12	Sample 48	2	1	2	40330	36.96	1.03
D12	Sample 48	2	1	3	45340	36.96	1.03
D12	Sample 48	2	1	4	50340	36.96	1.03
D12	Sample 48	2	1	5	55330	36.96	1.02
D12	Sample 48	2	1	6	60350	37	1.02
D12	Sample 48	2	1	7	65340	36.96	1.02
D12	Sample 48	2	1	8	70340	37	1.02
D12	Sample 48	2	1	9	75340	36.96	1.01
D12	Sample 48	2	1	10	80340	37	1.01
D12	Sample 48	2	1	11	85330	36.96	1.01
D12	Sample 48	2	1	12	90330	37	1.01
D12	Sample 48	2	1	13	95340	36.96	1.01
D12	Sample 48	2	1	14	100330	37	1.01
D12	Sample 48	2	1	15	105350	37	1.01
E1	Sample 49	2	1	1	35390	36.96	0.35
E1	Sample 49	2	1	2	40330	36.96	0.36
E1	Sample 49	2	1	3	45340	36.96	0.35
E1	Sample 49	2	1	4	50340	36.96	0.36
E1	Sample 49	2	1	5	55330	36.96	0.35
E1	Sample 49	2	1	6	60350	37	0.35
E1	Sample 49	2	1	7	65340	36.96	0.35
E1	Sample 49	2	1	8	70340	37	0.35
E1	Sample 49	2	1	9	75340	36.96	0.35
E1	Sample 49	2	1	10	80340	37	0.35
E1	Sample 49	2	1	11	85330	36.96	0.35
E1	Sample 49	2	1	12	90330	37	0.35
E1	Sample 49	2	1	13	95340	36.96	0.35
E1	Sample 49	2	1	14	100330	37	0.35
E1	Sample 49	2	1	15	105350	37	0.34
E2	Sample 50	2	1	1	35390	36.96	0.35
E2	Sample 50	2	1	2	40330	36.96	0.35
E2	Sample 50	2	1	3	45340	36.96	0.35
E2	Sample 50	2	1	4	50340	36.96	0.35
E2	Sample 50	2	1	5	55330	36.96	0.35
E2	Sample 50	2	1	6	60350	37	0.35
E2	Sample 50	2	1	7	65340	36.96	0.35
E2	Sample 50	2	1	8	70340	37	0.35
E2	Sample 50	2	1	9	75340	36.96	0.35
E2	Sample 50	2	1	10	80340	37	0.35
E2	Sample 50	2	1	11	85330	36.96	0.35
E2	Sample 50	2	1	12	90330	37	0.35
E2	Sample 50	2	1	13	95340	36.96	0.35
E2	Sample 50	2	1	14	100330	37	0.35
E2	Sample 50	2	1	15	105350	37	0.35
E3	Sample 51	2	1	1	35390	36.96	0.38
E3	Sample 51	2	1	2	40330	36.96	0.38
E3	Sample 51	2	1	3	45340	36.96	0.38
E3	Sample 51	2	1	4	50340	36.96	0.38
E3	Sample 51	2	1	5	55330	36.96	0.38
E3	Sample 51	2	1	6	60350	37	0.37
E3	Sample 51	2	1	7	65340	36.96	0.37
E3	Sample 51	2	1	8	70340	37	0.37
E3	Sample 51	2	1	9	75340	36.96	0.37
E3	Sample 51	2	1	10	80340	37	0.37
E3	Sample 51	2	1	11	85330	36.96	0.37
E3	Sample 51	2	1	12	90330	37	0.37
E3	Sample 51	2	1	13	95340	36.96	0.36
E3	Sample 51	2	1	14	100330	37	0.37
E3	Sample 51	2	1	15	105350	37	0.38
E4	Sample 52	2	1	1	35390	36.96	0.39
E4	Sample 52	2	1	2	40330	36.96	0.39
E4	Sample 52	2	1	3	45340	36.96	0.39
E4	Sample 52	2	1	4	50340	36.96	0.39
E4	Sample 52	2	1	5	55330	36.96	0.38
E4	Sample 52	2	1	6	60350	37	0.37
E4	Sample 52	2	1	7	65340	36.96	0.38
E4	Sample 52	2	1	8	70340	37	0.38
E4	Sample 52	2	1	9	75340	36.96	0.37
E4	Sample 52	2	1	10	80340	37	0.38
E4	Sample 52	2	1	11	85330	36.96	0.37
E4	Sample 52	2	1	12	90330	37	0.38
E4	Sample 52	2	1	13	95340	36.96	0.37
E4	Sample 52	2	1	14	100330	37	0.38
E4	Sample 52	2	1	15	105350	37	0.37
E5	Sample 53	2	1	1	35390	36.96	2.51
E5	Sample 53	2	1	2	40330	36.96	2.49
E5	Sample 53	2	1	3	45340	36.96	2.48
E5	Sample 53	2	1	4	50340	36.96	2.47
E5	Sample 53	2	1	5	55330	36.96	2.45
E5	Sample 53	2	1	6	60350	37	2.45
E5	Sample 53	2	1	7	65340	36.96	2.45
E5	Sample 53	2	1	8	70340	37	2.43
E5	Sample 53	2	1	9	75340	36.96	2.44
E5	Sample 53	2	1	10	80340	37	2.44
E5	Sample 53	2	1	11	85330	36.96	2.44
E5	Sample 53	2	1	12	90330	37	2.44
E5	Sample 53	2	1	13	95340	36.96	2.45
E5	Sample 53	2	1	14	100330	37	2.44
E5	Sample 53	2	1	15	105350	37	2.44
E6	Sample 54	2	1	1	35390	36.96	2.40
E6	Sample 54	2	1	2	40330	36.96	2.38
E6	Sample 54	2	1	3	45340	36.96	2.36
E6	Sample 54	2	1	4	50340	36.96	2.36
E6	Sample 54	2	1	5	55330	36.96	2.35
E6	Sample 54	2	1	6	60350	37	2.34
E6	Sample 54	2	1	7	65340	36.96	2.34
E6	Sample 54	2	1	8	70340	37	2.34
E6	Sample 54	2	1	9	75340	36.96	2.32
E6	Sample 54	2	1	10	80340	37	2.33
E6	Sample 54	2	1	11	85330	36.96	2.33
E6	Sample 54	2	1	12	90330	37	2.33
E6	Sample 54	2	1	13	95340	36.96	2.33
E6	Sample 54	2	1	14	100330	37	2.33
E6	Sample 54	2	1	15	105350	37	2.32
E7	Sample 55	2	1	1	35390	36.96	2.98
E7	Sample 55	2	1	2	40330	36.96	2.97
E7	Sample 55	2	1	3	45340	36.96	2.94
E7	Sample 55	2	1	4	50340	36.96	2.93
E7	Sample 55	2	1	5	55330	36.96	2.92
E7	Sample 55	2	1	6	60350	37	2.90
E7	Sample 55	2	1	7	65340	36.96	2.89
E7	Sample 55	2	1	8	70340	37	2.89
E7	Sample 55	2	1	9	75340	36.96	2.89
E7	Sample 55	2	1	10	80340	37	2.90
E7	Sample 55	2	1	11	85330	36.96	2.89
E7	Sample 55	2	1	12	90330	37	2.89
E7	Sample 55	2	1	13	95340	36.96	2.89
E7	Sample 55	2	1	14	100330	37	2.89
E7	Sample 55	2	1	15	105350	37	2.89
E8	Sample 56	2	1	1	35390	36.96	2.77
E8	Sample 56	2	1	2	40330	36.96	2.75
E8	Sample 56	2	1	3	45340	36.96	2.73
E8	Sample 56	2	1	4	50340	36.96	2.73
E8	Sample 56	2	1	5	55330	36.96	2.72
E8	Sample 56	2	1	6	60350	37	2.71
E8	Sample 56	2	1	7	65340	36.96	2.69
E8	Sample 56	2	1	8	70340	37	2.69
E8	Sample 56	2	1	9	75340	36.96	2.69
E8	Sample 56	2	1	10	80340	37	2.69
E8	Sample 56	2	1	11	85330	36.96	2.68
E8	Sample 56	2	1	12	90330	37	2.69
E8	Sample 56	2	1	13	95340	36.96	2.68
E8	Sample 56	2	1	14	100330	37	2.69
E8	Sample 56	2	1	15	105350	37	2.69
E9	Sample 57	2	1	1	35390	36.96	0.82
E9	Sample 57	2	1	2	40330	36.96	0.81
E9	Sample 57	2	1	3	45340	36.96	0.80
E9	Sample 57	2	1	4	50340	36.96	0.80
E9	Sample 57	2	1	5	55330	36.96	0.80
E9	Sample 57	2	1	6	60350	37	0.79
E9	Sample 57	2	1	7	65340	36.96	0.79
E9	Sample 57	2	1	8	70340	37	0.79
E9	Sample 57	2	1	9	75340	36.96	0.79
E9	Sample 57	2	1	10	80340	37	0.79
E9	Sample 57	2	1	11	85330	36.96	0.79
E9	Sample 57	2	1	12	90330	37	0.79
E9	Sample 57	2	1	13	95340	36.96	0.79
E9	Sample 57	2	1	14	100330	37	0.79
E9	Sample 57	2	1	15	105350	37	0.79
E10	Sample 58	2	1	1	35390	36.96	0.83
E10	Sample 58	2	1	2	40330	36.96	0.83
E10	Sample 58	2	1	3	45340	36.96	0.82
E10	Sample 58	2	1	4	50340	36.96	0.82
E10	Sample 58	2	1	5	55330	36.96	0.81
E10	Sample 58	2	1	6	60350	37	0.81
E10	Sample 58	2	1	7	65340	36.96	0.80
E10	Sample 58	2	1	8	70340	37	0.81
E10	Sample 58	2	1	9	75340	36.96	0.80
E10	Sample 58	2	1	10	80340	37	0.81
E10	Sample 58	2	1	11	85330	36.96	0.81
E10	Sample 58	2	1	12	90330	37	0.81
E10	Sample 58	2	1	13	95340	36.96	0.80
E10	Sample 58	2	1	14	100330	37	0.81
E10	Sample 58	2	1	15	105350	37	0.80
E11	Sample 59	2	1	1	35390	36.96	1.52
E11	Sample 59	2	1	2	40330	36.96	1.50
E11	Sample 59	2	1	3	45340	36.96	1.50
E11	Sample 59	2	1	4	50340	36.96	1.50
E11	Sample 59	2	1	5	55330	36.96	1.48
E11	Sample 59	2	1	6	60350	37	1.48
E11	Sample 59	2	1	7	65340	36.96	1.47
E11	Sample 59	2	1	8	70340	37	1.47
E11	Sample 59	2	1	9	75340	36.96	1.47
E11	Sample 59	2	1	10	80340	37	1.48
E11	Sample 59	2	1	11	85330	36.96	1.48
E11	Sample 59	2	1	12	90330	37	1.47
E11	Sample 59	2	1	13	95340	36.96	1.47
E11	Sample 59	2	1	14	100330	37	1.48
E11	Sample 59	2	1	15	105350	37	1.47
E12	Sample 60	2	1	1	35390	36.96	1.56
E12	Sample 60	2	1	2	40330	36.96	1.56
E12	Sample 60	2	1	3	45340	36.96	1.54
E12	Sample 60	2	1	4	50340	36.96	1.54
E12	Sample 60	2	1	5	55330	36.96	1.53
E12	Sample 60	2	1	6	60350	37	1.53
E12	Sample 60	2	1	7	65340	36.96	1.51
E12	Sample 60	2	1	8	70340	37	1.51
E12	Sample 60	2	1	9	75340	36.96	1.51
E12	Sample 60	2	1	10	80340	37	1.51
E12	Sample 60	2	1	11	85330	36.96	1.51
E12	Sample 60	2	1	12	90330	37	1.51
E12	Sample 60	2	1	13	95340	36.96	1.51
E12	Sample 60	2	1	14	100330	37	1.51
E12	Sample 60	2	1	15	105350	37	1.51
F1	Sample 61	2	1	1	35390	36.96	0.36
F1	Sample 61	2	1	2	40330	36.96	0.36
F1	Sample 61	2	1	3	45340	36.96	0.36
F1	Sample 61	2	1	4	50340	36.96	0.35
F1	Sample 61	2	1	5	55330	36.96	0.35
F1	Sample 61	2	1	6	60350	37	0.35
F1	Sample 61	2	1	7	65340	36.96	0.35
F1	Sample 61	2	1	8	70340	37	0.35
F1	Sample 61	2	1	9	75340	36.96	0.36
F1	Sample 61	2	1	10	80340	37	0.35
F1	Sample 61	2	1	11	85330	36.96	0.36
F1	Sample 61	2	1	12	90330	37	0.36
F1	Sample 61	2	1	13	95340	36.96	0.35
F1	Sample 61	2	1	14	100330	37	0.35
F1	Sample 61	2	1	15	105350	37	0.35
F2	Sample 62	2	1	1	35390	36.96	0.38
F2	Sample 62	2	1	2	40330	36.96	0.37
F2	Sample 62	2	1	3	45340	36.96	0.37
F2	Sample 62	2	1	4	50340	36.96	0.37
F2	Sample 62	2	1	5	55330	36.96	0.37
F2	Sample 62	2	1	6	60350	37	0.36
F2	Sample 62	2	1	7	65340	36.96	0.37
F2	Sample 62	2	1	8	70340	37	0.36
F2	Sample 62	2	1	9	75340	36.96	0.37
F2	Sample 62	2	1	10	80340	37	0.37
F2	Sample 62	2	1	11	85330	36.96	0.37
F2	Sample 62	2	1	12	90330	37	0.37
F2	Sample 62	2	1	13	95340	36.96	0.36
F2	Sample 62	2	1	14	100330	37	0.37
F2	Sample 62	2	1	15	105350	37	0.36
F3	Sample 63	2	1	1	35390	36.96	0.40
F3	Sample 63	2	1	2	40330	36.96	0.39
F3	Sample 63	2	1	3	45340	36.96	0.39
F3	Sample 63	2	1	4	50340	36.96	0.39
F3	Sample 63	2	1	5	55330	36.96	0.39
F3	Sample 63	2	1	6	60350	37	0.38
F3	Sample 63	2	1	7	65340	36.96	0.39
F3	Sample 63	2	1	8	70340	37	0.39
F3	Sample 63	2	1	9	75340	36.96	0.39
F3	Sample 63	2	1	10	80340	37	0.39
F3	Sample 63	2	1	11	85330	36.96	0.39
F3	Sample 63	2	1	12	90330	37	0.39
F3	Sample 63	2	1	13	95340	36.96	0.38
F3	Sample 63	2	1	14	100330	37	0.39
F3	Sample 63	2	1	15	105350	37	0.38
F4	Sample 64	2	1	1	35390	36.96	0.40
F4	Sample 64	2	1	2	40330	36.96	0.40
F4	Sample 64	2	1	3	45340	36.96	0.40
F4	Sample 64	2	1	4	50340	36.96	0.40
F4	Sample 64	2	1	5	55330	36.96	0.40
F4	Sample 64	2	1	6	60350	37	0.39
F4	Sample 64	2	1	7	65340	36.96	0.40
F4	Sample 64	2	1	8	70340	37	0.39
F4	Sample 64	2	1	9	75340	36.96	0.40
F4	Sample 64	2	1	10	80340	37	0.40
F4	Sample 64	2	1	11	85330	36.96	0.40
F4	Sample 64	2	1	12	90330	37	0.40
F4	Sample 64	2	1	13	95340	36.96	0.39
F4	Sample 64	2	1	14	100330	37	0.40
F4	Sample 64	2	1	15	105350	37	0.39
F5	Sample 65	2	1	1	35390	36.96	2.85
F5	Sample 65	2	1	2	40330	36.96	2.83
F5	Sample 65	2	1	3	45340	36.96	2.81
F5	Sample 65	2	1	4	50340	36.96	2.80
F5	Sample 65	2	1	5	55330	36.96	2.79
F5	Sample 65	2	1	6	60350	37	2.78
F5	Sample 65	2	1	7	65340	36.96	2.79
F5	Sample 65	2	1	8	70340	37	2.77
F5	Sample 65	2	1	9	75340	36.96	2.78
F5	Sample 65	2	1	10	80340	37	2.77
F5	Sample 65	2	1	11	85330	36.96	2.77
F5	Sample 65	2	1	12	90330	37	2.77
F5	Sample 65	2	1	13	95340	36.96	2.77
F5	Sample 65	2	1	14	100330	37	2.78
F5	Sample 65	2	1	15	105350	37	2.77
F6	Sample 66	2	1	1	35390	36.96	2.78
F6	Sample 66	2	1	2	40330	36.96	2.77
F6	Sample 66	2	1	3	45340	36.96	2.75
F6	Sample 66	2	1	4	50340	36.96	2.73
F6	Sample 66	2	1	5	55330	36.96	2.73
F6	Sample 66	2	1	6	60350	37	2.71
F6	Sample 66	2	1	7	65340	36.96	2.72
F6	Sample 66	2	1	8	70340	37	2.71
F6	Sample 66	2	1	9	75340	36.96	2.72
F6	Sample 66	2	1	10	80340	37	2.71
F6	Sample 66	2	1	11	85330	36.96	2.70
F6	Sample 66	2	1	12	90330	37	2.71
F6	Sample 66	2	1	13	95340	36.96	2.71
F6	Sample 66	2	1	14	100330	37	2.72
F6	Sample 66	2	1	15	105350	37	2.71
F7	Sample 67	2	1	1	35390	36.96	3.03
F7	Sample 67	2	1	2	40330	36.96	3.00
F7	Sample 67	2	1	3	45340	36.96	2.99
F7	Sample 67	2	1	4	50340	36.96	2.97
F7	Sample 67	2	1	5	55330	36.96	2.95
F7	Sample 67	2	1	6	60350	37	2.95
F7	Sample 67	2	1	7	65340	36.96	2.95
F7	Sample 67	2	1	8	70340	37	2.95
F7	Sample 67	2	1	9	75340	36.96	2.95
F7	Sample 67	2	1	10	80340	37	2.95
F7	Sample 67	2	1	11	85330	36.96	2.94
F7	Sample 67	2	1	12	90330	37	2.94
F7	Sample 67	2	1	13	95340	36.96	2.94
F7	Sample 67	2	1	14	100330	37	2.95
F7	Sample 67	2	1	15	105350	37	2.93
F8	Sample 68	2	1	1	35390	36.96	3.03
F8	Sample 68	2	1	2	40330	36.96	2.99
F8	Sample 68	2	1	3	45340	36.96	2.98
F8	Sample 68	2	1	4	50340	36.96	2.97
F8	Sample 68	2	1	5	55330	36.96	2.96
F8	Sample 68	2	1	6	60350	37	2.94
F8	Sample 68	2	1	7	65340	36.96	2.94
F8	Sample 68	2	1	8	70340	37	2.93
F8	Sample 68	2	1	9	75340	36.96	2.95
F8	Sample 68	2	1	10	80340	37	2.94
F8	Sample 68	2	1	11	85330	36.96	2.94
F8	Sample 68	2	1	12	90330	37	2.94
F8	Sample 68	2	1	13	95340	36.96	2.93
F8	Sample 68	2	1	14	100330	37	2.95
F8	Sample 68	2	1	15	105350	37	2.94
F9	Sample 69	2	1	1	35390	36.96	1.02
F9	Sample 69	2	1	2	40330	36.96	1.01
F9	Sample 69	2	1	3	45340	36.96	1.01
F9	Sample 69	2	1	4	50340	36.96	1.00
F9	Sample 69	2	1	5	55330	36.96	1.00
F9	Sample 69	2	1	6	60350	37	0.99
F9	Sample 69	2	1	7	65340	36.96	0.99
F9	Sample 69	2	1	8	70340	37	0.99
F9	Sample 69	2	1	9	75340	36.96	0.99
F9	Sample 69	2	1	10	80340	37	0.98
F9	Sample 69	2	1	11	85330	36.96	0.99
F9	Sample 69	2	1	12	90330	37	0.99
F9	Sample 69	2	1	13	95340	36.96	0.99
F9	Sample 69	2	1	14	100330	37	0.99
F9	Sample 69	2	1	15	105350	37	0.98
F10	Sample 70	2	1	1	35390	36.96	0.98
F10	Sample 70	2	1	2	40330	36.96	0.97
F10	Sample 70	2	1	3	45340	36.96	0.97
F10	Sample 70	2	1	4	50340	36.96	0.96
F10	Sample 70	2	1	5	55330	36.96	0.96
F10	Sample 70	2	1	6	60350	37	0.95
F10	Sample 70	2	1	7	65340	36.96	0.96
F10	Sample 70	2	1	8	70340	37	0.95
F10	Sample 70	2	1	9	75340	36.96	0.96
F10	Sample 70	2	1	10	80340	37	0.95
F10	Sample 70	2	1	11	85330	36.96	0.95
F10	Sample 70	2	1	12	90330	37	0.96
F10	Sample 70	2	1	13	95340	36.96	0.95
F10	Sample 70	2	1	14	100330	37	0.95
F10	Sample 70	2	1	15	105350	37	0.95
F11	Sample 71	2	1	1	35390	36.96	1.89
F11	Sample 71	2	1	2	40330	36.96	1.87
F11	Sample 71	2	1	3	45340	36.96	1.87
F11	Sample 71	2	1	4	50340	36.96	1.86
F11	Sample 71	2	1	5	55330	36.96	1.85
F11	Sample 71	2	1	6	60350	37	1.84
F11	Sample 71	2	1	7	65340	36.96	1.84
F11	Sample 71	2	1	8	70340	37	1.84
F11	Sample 71	2	1	9	75340	36.96	1.85
F11	Sample 71	2	1	10	80340	37	1.84
F11	Sample 71	2	1	11	85330	36.96	1.85
F11	Sample 71	2	1	12	90330	37	1.85
F11	Sample 71	2	1	13	95340	36.96	1.85
F11	Sample 71	2	1	14	100330	37	1.85
F11	Sample 71	2	1	15	105350	37	1.84
F12	Sample 72	2	1	1	35390	36.96	1.82
F12	Sample 72	2	1	2	40330	36.96	1.81
F12	Sample 72	2	1	3	45340	36.96	1.80
F12	Sample 72	2	1	4	50340	36.96	1.78
F12	Sample 72	2	1	5	55330	36.96	1.78
F12	Sample 72	2	1	6	60350	37	1.77
F12	Sample 72	2	1	7	65340	36.96	1.77
F12	Sample 72	2	1	8	70340	37	1.76
F12	Sample 72	2	1	9	75340	36.96	1.77
F12	Sample 72	2	1	10	80340	37	1.76
F12	Sample 72	2	1	11	85330	36.96	1.76
F12	Sample 72	2	1	12	90330	37	1.77
F12	Sample 72	2	1	13	95340	36.96	1.76
F12	Sample 72	2	1	14	100330	37	1.76
F12	Sample 72	2	1	15	105350	37	1.76
G1	Sample 73	2	1	1	35390	36.96	0.36
G1	Sample 73	2	1	2	40330	36.96	0.35
G1	Sample 73	2	1	3	45340	36.96	0.36
G1	Sample 73	2	1	4	50340	36.96	0.35
G1	Sample 73	2	1	5	55330	36.96	0.36
G1	Sample 73	2	1	6	60350	37	0.35
G1	Sample 73	2	1	7	65340	36.96	0.36
G1	Sample 73	2	1	8	70340	37	0.36
G1	Sample 73	2	1	9	75340	36.96	0.36
G1	Sample 73	2	1	10	80340	37	0.35
G1	Sample 73	2	1	11	85330	36.96	0.36
G1	Sample 73	2	1	12	90330	37	0.35
G1	Sample 73	2	1	13	95340	36.96	0.36
G1	Sample 73	2	1	14	100330	37	0.36
G1	Sample 73	2	1	15	105350	37	0.35
G2	Sample 74	2	1	1	35390	36.96	0.38
G2	Sample 74	2	1	2	40330	36.96	0.37
G2	Sample 74	2	1	3	45340	36.96	0.38
G2	Sample 74	2	1	4	50340	36.96	0.37
G2	Sample 74	2	1	5	55330	36.96	0.37
G2	Sample 74	2	1	6	60350	37	0.37
G2	Sample 74	2	1	7	65340	36.96	0.37
G2	Sample 74	2	1	8	70340	37	0.37
G2	Sample 74	2	1	9	75340	36.96	0.37
G2	Sample 74	2	1	10	80340	37	0.37
G2	Sample 74	2	1	11	85330	36.96	0.37
G2	Sample 74	2	1	12	90330	37	0.37
G2	Sample 74	2	1	13	95340	36.96	0.37
G2	Sample 74	2	1	14	100330	37	0.37
G2	Sample 74	2	1	15	105350	37	0.37
G3	Sample 75	2	1	1	35390	36.96	0.40
G3	Sample 75	2	1	2	40330	36.96	0.40
G3	Sample 75	2	1	3	45340	36.96	0.40
G3	Sample 75	2	1	4	50340	36.96	0.40
G3	Sample 75	2	1	5	55330	36.96	0.40
G3	Sample 75	2	1	6	60350	37	0.40
G3	Sample 75	2	1	7	65340	36.96	0.39
G3	Sample 75	2	1	8	70340	37	0.39
G3	Sample 75	2	1	9	75340	36.96	0.39
G3	Sample 75	2	1	10	80340	37	0.39
G3	Sample 75	2	1	11	85330	36.96	0.39
G3	Sample 75	2	1	12	90330	37	0.39
G3	Sample 75	2	1	13	95340	36.96	0.39
G3	Sample 75	2	1	14	100330	37	0.39
G3	Sample 75	2	1	15	105350	37	0.39
G4	Sample 76	2	1	1	35390	36.96	0.41
G4	Sample 76	2	1	2	40330	36.96	0.40
G4	Sample 76	2	1	3	45340	36.96	0.40
G4	Sample 76	2	1	4	50340	36.96	0.40
G4	Sample 76	2	1	5	55330	36.96	0.41
G4	Sample 76	2	1	6	60350	37	0.39
G4	Sample 76	2	1	7	65340	36.96	0.40
G4	Sample 76	2	1	8	70340	37	0.40
G4	Sample 76	2	1	9	75340	36.96	0.40
G4	Sample 76	2	1	10	80340	37	0.40
G4	Sample 76	2	1	11	85330	36.96	0.40
G4	Sample 76	2	1	12	90330	37	0.39
G4	Sample 76	2	1	13	95340	36.96	0.40
G4	Sample 76	2	1	14	100330	37	0.40
G4	Sample 76	2	1	15	105350	37	0.40
G5	Sample 77	2	1	1	35390	36.96	2.96
G5	Sample 77	2	1	2	40330	36.96	2.94
G5	Sample 77	2	1	3	45340	36.96	2.92
G5	Sample 77	2	1	4	50340	36.96	2.92
G5	Sample 77	2	1	5	55330	36.96	2.90
G5	Sample 77	2	1	6	60350	37	2.89
G5	Sample 77	2	1	7	65340	36.96	2.89
G5	Sample 77	2	1	8	70340	37	2.88
G5	Sample 77	2	1	9	75340	36.96	2.87
G5	Sample 77	2	1	10	80340	37	2.88
G5	Sample 77	2	1	11	85330	36.96	2.86
G5	Sample 77	2	1	12	90330	37	2.87
G5	Sample 77	2	1	13	95340	36.96	2.87
G5	Sample 77	2	1	14	100330	37	2.87
G5	Sample 77	2	1	15	105350	37	2.87
G6	Sample 78	2	1	1	35390	36.96	2.98
G6	Sample 78	2	1	2	40330	36.96	2.96
G6	Sample 78	2	1	3	45340	36.96	2.94
G6	Sample 78	2	1	4	50340	36.96	2.93
G6	Sample 78	2	1	5	55330	36.96	2.91
G6	Sample 78	2	1	6	60350	37	2.90
G6	Sample 78	2	1	7	65340	36.96	2.90
G6	Sample 78	2	1	8	70340	37	2.89
G6	Sample 78	2	1	9	75340	36.96	2.90
G6	Sample 78	2	1	10	80340	37	2.89
G6	Sample 78	2	1	11	85330	36.96	2.90
G6	Sample 78	2	1	12	90330	37	2.88
G6	Sample 78	2	1	13	95340	36.96	2.89
G6	Sample 78	2	1	14	100330	37	2.89
G6	Sample 78	2	1	15	105350	37	2.89
G7	Sample 79	2	1	1	35390	36.96	2.83
G7	Sample 79	2	1	2	40330	36.96	2.81
G7	Sample 79	2	1	3	45340	36.96	2.81
G7	Sample 79	2	1	4	50340	36.96	2.80
G7	Sample 79	2	1	5	55330	36.96	2.79
G7	Sample 79	2	1	6	60350	37	2.78
G7	Sample 79	2	1	7	65340	36.96	2.77
G7	Sample 79	2	1	8	70340	37	2.77
G7	Sample 79	2	1	9	75340	36.96	2.76
G7	Sample 79	2	1	10	80340	37	2.76
G7	Sample 79	2	1	11	85330	36.96	2.76
G7	Sample 79	2	1	12	90330	37	2.76
G7	Sample 79	2	1	13	95340	36.96	2.77
G7	Sample 79	2	1	14	100330	37	2.76
G7	Sample 79	2	1	15	105350	37	2.76
G8	Sample 80	2	1	1	35390	36.96	2.84
G8	Sample 80	2	1	2	40330	36.96	2.80
G8	Sample 80	2	1	3	45340	36.96	2.80
G8	Sample 80	2	1	4	50340	36.96	2.78
G8	Sample 80	2	1	5	55330	36.96	2.77
G8	Sample 80	2	1	6	60350	37	2.75
G8	Sample 80	2	1	7	65340	36.96	2.75
G8	Sample 80	2	1	8	70340	37	2.74
G8	Sample 80	2	1	9	75340	36.96	2.74
G8	Sample 80	2	1	10	80340	37	2.75
G8	Sample 80	2	1	11	85330	36.96	2.74
G8	Sample 80	2	1	12	90330	37	2.74
G8	Sample 80	2	1	13	95340	36.96	2.74
G8	Sample 80	2	1	14	100330	37	2.74
G8	Sample 80	2	1	15	105350	37	2.75
G9	Sample 81	2	1	1	35390	36.96	1.58
G9	Sample 81	2	1	2	40330	36.96	1.57
G9	Sample 81	2	1	3	45340	36.96	1.55
G9	Sample 81	2	1	4	50340	36.96	1.55
G9	Sample 81	2	1	5	55330	36.96	1.54
G9	Sample 81	2	1	6	60350	37	1.53
G9	Sample 81	2	1	7	65340	36.96	1.53
G9	Sample 81	2	1	8	70340	37	1.53
G9	Sample 81	2	1	9	75340	36.96	1.53
G9	Sample 81	2	1	10	80340	37	1.53
G9	Sample 81	2	1	11	85330	36.96	1.53
G9	Sample 81	2	1	12	90330	37	1.53
G9	Sample 81	2	1	13	95340	36.96	1.53
G9	Sample 81	2	1	14	100330	37	1.52
G9	Sample 81	2	1	15	105350	37	1.53
G10	Sample 82	2	1	1	35390	36.96	1.53
G10	Sample 82	2	1	2	40330	36.96	1.53
G10	Sample 82	2	1	3	45340	36.96	1.51
G10	Sample 82	2	1	4	50340	36.96	1.51
G10	Sample 82	2	1	5	55330	36.96	1.51
G10	Sample 82	2	1	6	60350	37	1.50
G10	Sample 82	2	1	7	65340	36.96	1.51
G10	Sample 82	2	1	8	70340	37	1.50
G10	Sample 82	2	1	9	75340	36.96	1.49
G10	Sample 82	2	1	10	80340	37	1.49
G10	Sample 82	2	1	11	85330	36.96	1.50
G10	Sample 82	2	1	12	90330	37	1.49
G10	Sample 82	2	1	13	95340	36.96	1.49
G10	Sample 82	2	1	14	100330	37	1.50
G10	Sample 82	2	1	15	105350	37	1.50
G11	Sample 83	2	1	1	35390	36.96	1.86
G11	Sample 83	2	1	2	40330	36.96	1.86
G11	Sample 83	2	1	3	45340	36.96	1.85
G11	Sample 83	2	1	4	50340	36.96	1.84
G11	Sample 83	2	1	5	55330	36.96	1.84
G11	Sample 83	2	1	6	60350	37	1.82
G11	Sample 83	2	1	7	65340	36.96	1.82
G11	Sample 83	2	1	8	70340	37	1.82
G11	Sample 83	2	1	9	75340	36.96	1.82
G11	Sample 83	2	1	10	80340	37	1.81
G11	Sample 83	2	1	11	85330	36.96	1.81
G11	Sample 83	2	1	12	90330	37	1.81
G11	Sample 83	2	1	13	95340	36.96	1.81
G11	Sample 83	2	1	14	100330	37	1.81
G11	Sample 83	2	1	15	105350	37	1.81
G12	Sample 84	2	1	1	35390	36.96	1.79
G12	Sample 84	2	1	2	40330	36.96	1.77
G12	Sample 84	2	1	3	45340	36.96	1.76
G12	Sample 84	2	1	4	50340	36.96	1.76
G12	Sample 84	2	1	5	55330	36.96	1.75
G12	Sample 84	2	1	6	60350	37	1.74
G12	Sample 84	2	1	7	65340	36.96	1.74
G12	Sample 84	2	1	8	70340	37	1.74
G12	Sample 84	2	1	9	75340	36.96	1.74
G12	Sample 84	2	1	10	80340	37	1.73
G12	Sample 84	2	1	11	85330	36.96	1.74
G12	Sample 84	2	1	12	90330	37	1.74
G12	Sample 84	2	1	13	95340	36.96	1.73
G12	Sample 84	2	1	14	100330	37	1.74
G12	Sample 84	2	1	15	105350	37	1.73
H1	Sample 85	2	1	1	35390	36.96	0.42
H1	Sample 85	2	1	2	40330	36.96	0.42
H1	Sample 85	2	1	3	45340	36.96	0.46
H1	Sample 85	2	1	4	50340	36.96	0.51
H1	Sample 85	2	1	5	55330	36.96	0.52
H1	Sample 85	2	1	6	60350	37	0.48
H1	Sample 85	2	1	7	65340	36.96	0.46
H1	Sample 85	2	1	8	70340	37	0.44
H1	Sample 85	2	1	9	75340	36.96	0.42
H1	Sample 85	2	1	10	80340	37	0.40
H1	Sample 85	2	1	11	85330	36.96	0.37
H1	Sample 85	2	1	12	90330	37	0.36
H1	Sample 85	2	1	13	95340	36.96	0.36
H1	Sample 85	2	1	14	100330	37	0.36
H1	Sample 85	2	1	15	105350	37	0.35
H2	Sample 86	2	1	1	35390	36.96	0.36
H2	Sample 86	2	1	2	40330	36.96	0.36
H2	Sample 86	2	1	3	45340	36.96	0.37
H2	Sample 86	2	1	4	50340	36.96	0.37
H2	Sample 86	2	1	5	55330	36.96	0.37
H2	Sample 86	2	1	6	60350	37	0.37
H2	Sample 86	2	1	7	65340	36.96	0.37
H2	Sample 86	2	1	8	70340	37	0.37
H2	Sample 86	2	1	9	75340	36.96	0.37
H2	Sample 86	2	1	10	80340	37	0.37
H2	Sample 86	2	1	11	85330	36.96	0.36
H2	Sample 86	2	1	12	90330	37	0.36
H2	Sample 86	2	1	13	95340	36.96	0.37
H2	Sample 86	2	1	14	100330	37	0.37
H2	Sample 86	2	1	15	105350	37	0.37
H3	Sample 87	2	1	1	35390	36.96	0.40
H3	Sample 87	2	1	2	40330	36.96	0.40
H3	Sample 87	2	1	3	45340	36.96	0.40
H3	Sample 87	2	1	4	50340	36.96	0.40
H3	Sample 87	2	1	5	55330	36.96	0.40
H3	Sample 87	2	1	6	60350	37	0.40
H3	Sample 87	2	1	7	65340	36.96	0.39
H3	Sample 87	2	1	8	70340	37	0.40
H3	Sample 87	2	1	9	75340	36.96	0.39
H3	Sample 87	2	1	10	80340	37	0.39
H3	Sample 87	2	1	11	85330	36.96	0.39
H3	Sample 87	2	1	12	90330	37	0.39
H3	Sample 87	2	1	13	95340	36.96	0.40
H3	Sample 87	2	1	14	100330	37	0.39
H3	Sample 87	2	1	15	105350	37	0.39
H4	Sample 88	2	1	1	35390	36.96	0.40
H4	Sample 88	2	1	2	40330	36.96	0.40
H4	Sample 88	2	1	3	45340	36.96	0.40
H4	Sample 88	2	1	4	50340	36.96	0.39
H4	Sample 88	2	1	5	55330	36.96	0.40
H4	Sample 88	2	1	6	60350	37	0.40
H4	Sample 88	2	1	7	65340	36.96	0.39
H4	Sample 88	2	1	8	70340	37	0.40
H4	Sample 88	2	1	9	75340	36.96	0.39
H4	Sample 88	2	1	10	80340	37	0.39
H4	Sample 88	2	1	11	85330	36.96	0.39
H4	Sample 88	2	1	12	90330	37	0.39
H4	Sample 88	2	1	13	95340	36.96	0.39
H4	Sample 88	2	1	14	100330	37	0.39
H4	Sample 88	2	1	15	105350	37	0.39
H5	Sample 89	2	1	1	35390	36.96	3.07
H5	Sample 89	2	1	2	40330	36.96	3.05
H5	Sample 89	2	1	3	45340	36.96	3.02
H5	Sample 89	2	1	4	50340	36.96	3.02
H5	Sample 89	2	1	5	55330	36.96	3.01
H5	Sample 89	2	1	6	60350	37	3.00
H5	Sample 89	2	1	7	65340	36.96	2.98
H5	Sample 89	2	1	8	70340	37	2.98
H5	Sample 89	2	1	9	75340	36.96	2.97
H5	Sample 89	2	1	10	80340	37	2.97
H5	Sample 89	2	1	11	85330	36.96	2.96
H5	Sample 89	2	1	12	90330	37	2.96
H5	Sample 89	2	1	13	95340	36.96	2.96
H5	Sample 89	2	1	14	100330	37	2.97
H5	Sample 89	2	1	15	105350	37	2.96
H6	Sample 90	2	1	1	35390	36.96	2.95
H6	Sample 90	2	1	2	40330	36.96	2.92
H6	Sample 90	2	1	3	45340	36.96	2.91
H6	Sample 90	2	1	4	50340	36.96	2.90
H6	Sample 90	2	1	5	55330	36.96	2.89
H6	Sample 90	2	1	6	60350	37	2.87
H6	Sample 90	2	1	7	65340	36.96	2.87
H6	Sample 90	2	1	8	70340	37	2.87
H6	Sample 90	2	1	9	75340	36.96	2.87
H6	Sample 90	2	1	10	80340	37	2.87
H6	Sample 90	2	1	11	85330	36.96	2.87
H6	Sample 90	2	1	12	90330	37	2.87
H6	Sample 90	2	1	13	95340	36.96	2.87
H6	Sample 90	2	1	14	100330	37	2.87
H6	Sample 90	2	1	15	105350	37	2.87
H7	Sample 91	2	1	1	35390	36.96	2.96
H7	Sample 91	2	1	2	40330	36.96	2.93
H7	Sample 91	2	1	3	45340	36.96	2.93
H7	Sample 91	2	1	4	50340	36.96	2.91
H7	Sample 91	2	1	5	55330	36.96	2.90
H7	Sample 91	2	1	6	60350	37	2.89
H7	Sample 91	2	1	7	65340	36.96	2.88
H7	Sample 91	2	1	8	70340	37	2.87
H7	Sample 91	2	1	9	75340	36.96	2.87
H7	Sample 91	2	1	10	80340	37	2.87
H7	Sample 91	2	1	11	85330	36.96	2.87
H7	Sample 91	2	1	12	90330	37	2.87
H7	Sample 91	2	1	13	95340	36.96	2.88
H7	Sample 91	2	1	14	100330	37	2.87
H7	Sample 91	2	1	15	105350	37	2.87
H8	Sample 92	2	1	1	35390	36.96	2.86
H8	Sample 92	2	1	2	40330	36.96	2.83
H8	Sample 92	2	1	3	45340	36.96	2.81
H8	Sample 92	2	1	4	50340	36.96	2.79
H8	Sample 92	2	1	5	55330	36.96	2.80
H8	Sample 92	2	1	6	60350	37	2.78
H8	Sample 92	2	1	7	65340	36.96	2.78
H8	Sample 92	2	1	8	70340	37	2.79
H8	Sample 92	2	1	9	75340	36.96	2.78
H8	Sample 92	2	1	10	80340	37	2.77
H8	Sample 92	2	1	11	85330	36.96	2.76
H8	Sample 92	2	1	12	90330	37	2.76
H8	Sample 92	2	1	13	95340	36.96	2.77
H8	Sample 92	2	1	14	100330	37	2.77
H8	Sample 92	2	1	15	105350	37	2.77
H9	Sample 93	2	1	1	35390	36.96	1.84
H9	Sample 93	2	1	2	40330	36.96	1.82
H9	Sample 93	2	1	3	45340	36.96	1.80
H9	Sample 93	2	1	4	50340	36.96	1.79
H9	Sample 93	2	1	5	55330	36.96	1.80
H9	Sample 93	2	1	6	60350	37	1.78
H9	Sample 93	2	1	7	65340	36.96	1.78
H9	Sample 93	2	1	8	70340	37	1.79
H9	Sample 93	2	1	9	75340	36.96	1.79
H9	Sample 93	2	1	10	80340	37	1.77
H9	Sample 93	2	1	11	85330	36.96	1.77
H9	Sample 93	2	1	12	90330	37	1.77
H9	Sample 93	2	1	13	95340	36.96	1.77
H9	Sample 93	2	1	14	100330	37	1.77
H9	Sample 93	2	1	15	105350	37	1.78
H10	Sample 94	2	1	1	35390	36.96	1.80
H10	Sample 94	2	1	2	40330	36.96	1.79
H10	Sample 94	2	1	3	45340	36.96	1.77
H10	Sample 94	2	1	4	50340	36.96	1.77
H10	Sample 94	2	1	5	55330	36.96	1.76
H10	Sample 94	2	1	6	60350	37	1.76
H10	Sample 94	2	1	7	65340	36.96	1.74
H10	Sample 94	2	1	8	70340	37	1.76
H10	Sample 94	2	1	9	75340	36.96	1.76
H10	Sample 94	2	1	10	80340	37	1.75
H10	Sample 94	2	1	11	85330	36.96	1.75
H10	Sample 94	2	1	12	90330	37	1.74
H10	Sample 94	2	1	13	95340	36.96	1.75
H10	Sample 94	2	1	14	100330	37	1.75
H10	Sample 94	2	1	15	105350	37	1.75
H11	Sample 95	2	1	1	35390	36.96	1.71
H11	Sample 95	2	1	2	40330	36.96	1.69
H11	Sample 95	2	1	3	45340	36.96	1.70
H11	Sample 95	2	1	4	50340	36.96	1.68
H11	Sample 95	2	1	5	55330	36.96	1.68
H11	Sample 95	2	1	6	60350	37	1.67
H11	Sample 95	2	1	7	65340	36.96	1.67
H11	Sample 95	2	1	8	70340	37	1.67
H11	Sample 95	2	1	9	75340	36.96	1.66
H11	Sample 95	2	1	10	80340	37	1.65
H11	Sample 95	2	1	11	85330	36.96	1.66
H11	Sample 95	2	1	12	90330	37	1.66
H11	Sample 95	2	1	13	95340	36.96	1.65
H11	Sample 95	2	1	14	100330	37	1.66
H11	Sample 95	2	1	15	105350	37	1.65
H12	Sample 96	2	1	1	35390	36.96	1.73
H12	Sample 96	2	1	2	40330	36.96	1.71
H12	Sample 96	2	1	3	45340	36.96	1.72
H12	Sample 96	2	1	4	50340	36.96	1.71
H12	Sample 96	2	1	5	55330	36.96	1.72
H12	Sample 96	2	1	6	60350	37	1.71
H12	Sample 96	2	1	7	65340	36.96	1.71
H12	Sample 96	2	1	8	70340	37	1.71
H12	Sample 96	2	1	9	75340	36.96	1.71
H12	Sample 96	2	1	10	80340	37	1.70
H12	Sample 96	2	1	11	85330	36.96	1.69
H12	Sample 96	2	1	12	90330	37	1.69
H12	Sample 96	2	1	13	95340	36.96	1.70
H12	Sample 96	2	1	14	100330	37	1.70
H12	Sample 96	2	1	15	105350	37	1.70
