Raw Data 		Experiment - evIC50_4_plate2_13APRIL2026 (Run on LCS480 1.5.1.62)
SamplePos	SampleName	Prog#	Seg#	Cycle#	Time	Temp	465-510	
A1	Sample 1	2	1	1	31320	36.96	1.41
A1	Sample 1	2	1	2	36340	36.96	1.42
A1	Sample 1	2	1	3	41350	36.96	1.41
A1	Sample 1	2	1	4	46350	36.96	1.41
A1	Sample 1	2	1	5	51330	37	1.41
A1	Sample 1	2	1	6	56340	37	1.42
A1	Sample 1	2	1	7	61340	37	1.41
A1	Sample 1	2	1	8	66350	37	1.42
A1	Sample 1	2	1	9	71340	37	1.41
A1	Sample 1	2	1	10	76340	37	1.41
A1	Sample 1	2	1	11	81330	36.96	1.41
A1	Sample 1	2	1	12	86340	36.91	1.41
A1	Sample 1	2	1	13	91360	37	1.41
A1	Sample 1	2	1	14	96340	37	1.41
A1	Sample 1	2	1	15	101340	37	1.40
A2	Sample 2	2	1	1	31320	36.96	1.34
A2	Sample 2	2	1	2	36340	36.96	1.33
A2	Sample 2	2	1	3	41350	36.96	1.34
A2	Sample 2	2	1	4	46350	36.96	1.34
A2	Sample 2	2	1	5	51330	37	1.33
A2	Sample 2	2	1	6	56340	37	1.33
A2	Sample 2	2	1	7	61340	37	1.33
A2	Sample 2	2	1	8	66350	37	1.33
A2	Sample 2	2	1	9	71340	37	1.33
A2	Sample 2	2	1	10	76340	37	1.33
A2	Sample 2	2	1	11	81330	36.96	1.32
A2	Sample 2	2	1	12	86340	36.91	1.33
A2	Sample 2	2	1	13	91360	37	1.33
A2	Sample 2	2	1	14	96340	37	1.32
A2	Sample 2	2	1	15	101340	37	1.33
A3	Sample 3	2	1	1	31320	36.96	1.57
A3	Sample 3	2	1	2	36340	36.96	1.56
A3	Sample 3	2	1	3	41350	36.96	1.56
A3	Sample 3	2	1	4	46350	36.96	1.56
A3	Sample 3	2	1	5	51330	37	1.56
A3	Sample 3	2	1	6	56340	37	1.56
A3	Sample 3	2	1	7	61340	37	1.56
A3	Sample 3	2	1	8	66350	37	1.57
A3	Sample 3	2	1	9	71340	37	1.56
A3	Sample 3	2	1	10	76340	37	1.56
A3	Sample 3	2	1	11	81330	36.96	1.56
A3	Sample 3	2	1	12	86340	36.91	1.57
A3	Sample 3	2	1	13	91360	37	1.57
A3	Sample 3	2	1	14	96340	37	1.55
A3	Sample 3	2	1	15	101340	37	1.56
A4	Sample 4	2	1	1	31320	36.96	1.48
A4	Sample 4	2	1	2	36340	36.96	1.48
A4	Sample 4	2	1	3	41350	36.96	1.48
A4	Sample 4	2	1	4	46350	36.96	1.49
A4	Sample 4	2	1	5	51330	37	1.48
A4	Sample 4	2	1	6	56340	37	1.48
A4	Sample 4	2	1	7	61340	37	1.48
A4	Sample 4	2	1	8	66350	37	1.48
A4	Sample 4	2	1	9	71340	37	1.48
A4	Sample 4	2	1	10	76340	37	1.47
A4	Sample 4	2	1	11	81330	36.96	1.47
A4	Sample 4	2	1	12	86340	36.91	1.46
A4	Sample 4	2	1	13	91360	37	1.46
A4	Sample 4	2	1	14	96340	37	1.45
A4	Sample 4	2	1	15	101340	37	1.45
A5	Sample 5	2	1	1	31320	36.96	0.92
A5	Sample 5	2	1	2	36340	36.96	0.92
A5	Sample 5	2	1	3	41350	36.96	0.92
A5	Sample 5	2	1	4	46350	36.96	0.92
A5	Sample 5	2	1	5	51330	37	0.92
A5	Sample 5	2	1	6	56340	37	0.92
A5	Sample 5	2	1	7	61340	37	0.92
A5	Sample 5	2	1	8	66350	37	0.92
A5	Sample 5	2	1	9	71340	37	0.92
A5	Sample 5	2	1	10	76340	37	0.92
A5	Sample 5	2	1	11	81330	36.96	0.92
A5	Sample 5	2	1	12	86340	36.91	0.92
A5	Sample 5	2	1	13	91360	37	0.92
A5	Sample 5	2	1	14	96340	37	0.90
A5	Sample 5	2	1	15	101340	37	0.91
A6	Sample 6	2	1	1	31320	36.96	0.91
A6	Sample 6	2	1	2	36340	36.96	0.91
A6	Sample 6	2	1	3	41350	36.96	0.91
A6	Sample 6	2	1	4	46350	36.96	0.92
A6	Sample 6	2	1	5	51330	37	0.91
A6	Sample 6	2	1	6	56340	37	0.91
A6	Sample 6	2	1	7	61340	37	0.91
A6	Sample 6	2	1	8	66350	37	0.91
A6	Sample 6	2	1	9	71340	37	0.91
A6	Sample 6	2	1	10	76340	37	0.91
A6	Sample 6	2	1	11	81330	36.96	0.91
A6	Sample 6	2	1	12	86340	36.91	0.91
A6	Sample 6	2	1	13	91360	37	0.91
A6	Sample 6	2	1	14	96340	37	0.91
A6	Sample 6	2	1	15	101340	37	0.91
A7	Sample 7	2	1	1	31320	36.96	0.96
A7	Sample 7	2	1	2	36340	36.96	0.96
A7	Sample 7	2	1	3	41350	36.96	0.97
A7	Sample 7	2	1	4	46350	36.96	0.97
A7	Sample 7	2	1	5	51330	37	0.97
A7	Sample 7	2	1	6	56340	37	0.97
A7	Sample 7	2	1	7	61340	37	0.96
A7	Sample 7	2	1	8	66350	37	0.97
A7	Sample 7	2	1	9	71340	37	0.97
A7	Sample 7	2	1	10	76340	37	0.96
A7	Sample 7	2	1	11	81330	36.96	0.96
A7	Sample 7	2	1	12	86340	36.91	0.97
A7	Sample 7	2	1	13	91360	37	0.97
A7	Sample 7	2	1	14	96340	37	0.96
A7	Sample 7	2	1	15	101340	37	0.95
A8	Sample 8	2	1	1	31320	36.96	0.91
A8	Sample 8	2	1	2	36340	36.96	0.91
A8	Sample 8	2	1	3	41350	36.96	0.90
A8	Sample 8	2	1	4	46350	36.96	0.90
A8	Sample 8	2	1	5	51330	37	0.90
A8	Sample 8	2	1	6	56340	37	0.91
A8	Sample 8	2	1	7	61340	37	0.91
A8	Sample 8	2	1	8	66350	37	0.91
A8	Sample 8	2	1	9	71340	37	0.90
A8	Sample 8	2	1	10	76340	37	0.90
A8	Sample 8	2	1	11	81330	36.96	0.90
A8	Sample 8	2	1	12	86340	36.91	0.90
A8	Sample 8	2	1	13	91360	37	0.91
A8	Sample 8	2	1	14	96340	37	0.89
A8	Sample 8	2	1	15	101340	37	0.90
A9	Sample 9	2	1	1	31320	36.96	1.50
A9	Sample 9	2	1	2	36340	36.96	1.51
A9	Sample 9	2	1	3	41350	36.96	1.51
A9	Sample 9	2	1	4	46350	36.96	1.51
A9	Sample 9	2	1	5	51330	37	1.51
A9	Sample 9	2	1	6	56340	37	1.51
A9	Sample 9	2	1	7	61340	37	1.51
A9	Sample 9	2	1	8	66350	37	1.52
A9	Sample 9	2	1	9	71340	37	1.52
A9	Sample 9	2	1	10	76340	37	1.50
A9	Sample 9	2	1	11	81330	36.96	1.51
A9	Sample 9	2	1	12	86340	36.91	1.51
A9	Sample 9	2	1	13	91360	37	1.51
A9	Sample 9	2	1	14	96340	37	1.50
A9	Sample 9	2	1	15	101340	37	1.50
A10	Sample 10	2	1	1	31320	36.96	1.50
A10	Sample 10	2	1	2	36340	36.96	1.50
A10	Sample 10	2	1	3	41350	36.96	1.50
A10	Sample 10	2	1	4	46350	36.96	1.50
A10	Sample 10	2	1	5	51330	37	1.49
A10	Sample 10	2	1	6	56340	37	1.50
A10	Sample 10	2	1	7	61340	37	1.49
A10	Sample 10	2	1	8	66350	37	1.50
A10	Sample 10	2	1	9	71340	37	1.49
A10	Sample 10	2	1	10	76340	37	1.49
A10	Sample 10	2	1	11	81330	36.96	1.49
A10	Sample 10	2	1	12	86340	36.91	1.48
A10	Sample 10	2	1	13	91360	37	1.49
A10	Sample 10	2	1	14	96340	37	1.48
A10	Sample 10	2	1	15	101340	37	1.49
A11	Sample 11	2	1	1	31320	36.96	1.47
A11	Sample 11	2	1	2	36340	36.96	1.46
A11	Sample 11	2	1	3	41350	36.96	1.46
A11	Sample 11	2	1	4	46350	36.96	1.47
A11	Sample 11	2	1	5	51330	37	1.47
A11	Sample 11	2	1	6	56340	37	1.47
A11	Sample 11	2	1	7	61340	37	1.47
A11	Sample 11	2	1	8	66350	37	1.47
A11	Sample 11	2	1	9	71340	37	1.47
A11	Sample 11	2	1	10	76340	37	1.47
A11	Sample 11	2	1	11	81330	36.96	1.46
A11	Sample 11	2	1	12	86340	36.91	1.46
A11	Sample 11	2	1	13	91360	37	1.47
A11	Sample 11	2	1	14	96340	37	1.46
A11	Sample 11	2	1	15	101340	37	1.47
A12	Sample 12	2	1	1	31320	36.96	1.30
A12	Sample 12	2	1	2	36340	36.96	1.30
A12	Sample 12	2	1	3	41350	36.96	1.29
A12	Sample 12	2	1	4	46350	36.96	1.30
A12	Sample 12	2	1	5	51330	37	1.30
A12	Sample 12	2	1	6	56340	37	1.30
A12	Sample 12	2	1	7	61340	37	1.30
A12	Sample 12	2	1	8	66350	37	1.30
A12	Sample 12	2	1	9	71340	37	1.31
A12	Sample 12	2	1	10	76340	37	1.30
A12	Sample 12	2	1	11	81330	36.96	1.30
A12	Sample 12	2	1	12	86340	36.91	1.30
A12	Sample 12	2	1	13	91360	37	1.31
A12	Sample 12	2	1	14	96340	37	1.29
A12	Sample 12	2	1	15	101340	37	1.30
B1	Sample 13	2	1	1	31320	36.96	1.30
B1	Sample 13	2	1	2	36340	36.96	1.30
B1	Sample 13	2	1	3	41350	36.96	1.31
B1	Sample 13	2	1	4	46350	36.96	1.30
B1	Sample 13	2	1	5	51330	37	1.30
B1	Sample 13	2	1	6	56340	37	1.30
B1	Sample 13	2	1	7	61340	37	1.30
B1	Sample 13	2	1	8	66350	37	1.30
B1	Sample 13	2	1	9	71340	37	1.29
B1	Sample 13	2	1	10	76340	37	1.31
B1	Sample 13	2	1	11	81330	36.96	1.29
B1	Sample 13	2	1	12	86340	36.91	1.30
B1	Sample 13	2	1	13	91360	37	1.30
B1	Sample 13	2	1	14	96340	37	1.29
B1	Sample 13	2	1	15	101340	37	1.30
B2	Sample 14	2	1	1	31320	36.96	1.23
B2	Sample 14	2	1	2	36340	36.96	1.24
B2	Sample 14	2	1	3	41350	36.96	1.25
B2	Sample 14	2	1	4	46350	36.96	1.25
B2	Sample 14	2	1	5	51330	37	1.25
B2	Sample 14	2	1	6	56340	37	1.24
B2	Sample 14	2	1	7	61340	37	1.25
B2	Sample 14	2	1	8	66350	37	1.25
B2	Sample 14	2	1	9	71340	37	1.24
B2	Sample 14	2	1	10	76340	37	1.24
B2	Sample 14	2	1	11	81330	36.96	1.23
B2	Sample 14	2	1	12	86340	36.91	1.24
B2	Sample 14	2	1	13	91360	37	1.24
B2	Sample 14	2	1	14	96340	37	1.24
B2	Sample 14	2	1	15	101340	37	1.23
B3	Sample 15	2	1	1	31320	36.96	1.38
B3	Sample 15	2	1	2	36340	36.96	1.38
B3	Sample 15	2	1	3	41350	36.96	1.37
B3	Sample 15	2	1	4	46350	36.96	1.37
B3	Sample 15	2	1	5	51330	37	1.37
B3	Sample 15	2	1	6	56340	37	1.37
B3	Sample 15	2	1	7	61340	37	1.38
B3	Sample 15	2	1	8	66350	37	1.38
B3	Sample 15	2	1	9	71340	37	1.38
B3	Sample 15	2	1	10	76340	37	1.38
B3	Sample 15	2	1	11	81330	36.96	1.38
B3	Sample 15	2	1	12	86340	36.91	1.37
B3	Sample 15	2	1	13	91360	37	1.37
B3	Sample 15	2	1	14	96340	37	1.37
B3	Sample 15	2	1	15	101340	37	1.38
B4	Sample 16	2	1	1	31320	36.96	1.37
B4	Sample 16	2	1	2	36340	36.96	1.38
B4	Sample 16	2	1	3	41350	36.96	1.38
B4	Sample 16	2	1	4	46350	36.96	1.39
B4	Sample 16	2	1	5	51330	37	1.38
B4	Sample 16	2	1	6	56340	37	1.37
B4	Sample 16	2	1	7	61340	37	1.37
B4	Sample 16	2	1	8	66350	37	1.37
B4	Sample 16	2	1	9	71340	37	1.37
B4	Sample 16	2	1	10	76340	37	1.37
B4	Sample 16	2	1	11	81330	36.96	1.36
B4	Sample 16	2	1	12	86340	36.91	1.37
B4	Sample 16	2	1	13	91360	37	1.36
B4	Sample 16	2	1	14	96340	37	1.36
B4	Sample 16	2	1	15	101340	37	1.36
B5	Sample 17	2	1	1	31320	36.96	0.88
B5	Sample 17	2	1	2	36340	36.96	0.88
B5	Sample 17	2	1	3	41350	36.96	0.88
B5	Sample 17	2	1	4	46350	36.96	0.89
B5	Sample 17	2	1	5	51330	37	0.89
B5	Sample 17	2	1	6	56340	37	0.88
B5	Sample 17	2	1	7	61340	37	0.88
B5	Sample 17	2	1	8	66350	37	0.88
B5	Sample 17	2	1	9	71340	37	0.88
B5	Sample 17	2	1	10	76340	37	0.88
B5	Sample 17	2	1	11	81330	36.96	0.87
B5	Sample 17	2	1	12	86340	36.91	0.88
B5	Sample 17	2	1	13	91360	37	0.88
B5	Sample 17	2	1	14	96340	37	0.87
B5	Sample 17	2	1	15	101340	37	0.87
B6	Sample 18	2	1	1	31320	36.96	0.86
B6	Sample 18	2	1	2	36340	36.96	0.87
B6	Sample 18	2	1	3	41350	36.96	0.86
B6	Sample 18	2	1	4	46350	36.96	0.87
B6	Sample 18	2	1	5	51330	37	0.86
B6	Sample 18	2	1	6	56340	37	0.86
B6	Sample 18	2	1	7	61340	37	0.86
B6	Sample 18	2	1	8	66350	37	0.86
B6	Sample 18	2	1	9	71340	37	0.85
B6	Sample 18	2	1	10	76340	37	0.86
B6	Sample 18	2	1	11	81330	36.96	0.86
B6	Sample 18	2	1	12	86340	36.91	0.86
B6	Sample 18	2	1	13	91360	37	0.85
B6	Sample 18	2	1	14	96340	37	0.85
B6	Sample 18	2	1	15	101340	37	0.86
B7	Sample 19	2	1	1	31320	36.96	0.96
B7	Sample 19	2	1	2	36340	36.96	0.95
B7	Sample 19	2	1	3	41350	36.96	0.95
B7	Sample 19	2	1	4	46350	36.96	0.96
B7	Sample 19	2	1	5	51330	37	0.96
B7	Sample 19	2	1	6	56340	37	0.96
B7	Sample 19	2	1	7	61340	37	0.96
B7	Sample 19	2	1	8	66350	37	0.96
B7	Sample 19	2	1	9	71340	37	0.95
B7	Sample 19	2	1	10	76340	37	0.95
B7	Sample 19	2	1	11	81330	36.96	0.95
B7	Sample 19	2	1	12	86340	36.91	0.95
B7	Sample 19	2	1	13	91360	37	0.95
B7	Sample 19	2	1	14	96340	37	0.94
B7	Sample 19	2	1	15	101340	37	0.95
B8	Sample 20	2	1	1	31320	36.96	0.86
B8	Sample 20	2	1	2	36340	36.96	0.85
B8	Sample 20	2	1	3	41350	36.96	0.86
B8	Sample 20	2	1	4	46350	36.96	0.85
B8	Sample 20	2	1	5	51330	37	0.86
B8	Sample 20	2	1	6	56340	37	0.85
B8	Sample 20	2	1	7	61340	37	0.86
B8	Sample 20	2	1	8	66350	37	0.85
B8	Sample 20	2	1	9	71340	37	0.85
B8	Sample 20	2	1	10	76340	37	0.85
B8	Sample 20	2	1	11	81330	36.96	0.85
B8	Sample 20	2	1	12	86340	36.91	0.85
B8	Sample 20	2	1	13	91360	37	0.85
B8	Sample 20	2	1	14	96340	37	0.84
B8	Sample 20	2	1	15	101340	37	0.85
B9	Sample 21	2	1	1	31320	36.96	1.51
B9	Sample 21	2	1	2	36340	36.96	1.51
B9	Sample 21	2	1	3	41350	36.96	1.51
B9	Sample 21	2	1	4	46350	36.96	1.51
B9	Sample 21	2	1	5	51330	37	1.51
B9	Sample 21	2	1	6	56340	37	1.50
B9	Sample 21	2	1	7	61340	37	1.51
B9	Sample 21	2	1	8	66350	37	1.50
B9	Sample 21	2	1	9	71340	37	1.50
B9	Sample 21	2	1	10	76340	37	1.51
B9	Sample 21	2	1	11	81330	36.96	1.50
B9	Sample 21	2	1	12	86340	36.91	1.51
B9	Sample 21	2	1	13	91360	37	1.50
B9	Sample 21	2	1	14	96340	37	1.49
B9	Sample 21	2	1	15	101340	37	1.50
B10	Sample 22	2	1	1	31320	36.96	1.41
B10	Sample 22	2	1	2	36340	36.96	1.41
B10	Sample 22	2	1	3	41350	36.96	1.41
B10	Sample 22	2	1	4	46350	36.96	1.42
B10	Sample 22	2	1	5	51330	37	1.41
B10	Sample 22	2	1	6	56340	37	1.40
B10	Sample 22	2	1	7	61340	37	1.42
B10	Sample 22	2	1	8	66350	37	1.41
B10	Sample 22	2	1	9	71340	37	1.41
B10	Sample 22	2	1	10	76340	37	1.42
B10	Sample 22	2	1	11	81330	36.96	1.40
B10	Sample 22	2	1	12	86340	36.91	1.41
B10	Sample 22	2	1	13	91360	37	1.41
B10	Sample 22	2	1	14	96340	37	1.40
B10	Sample 22	2	1	15	101340	37	1.40
B11	Sample 23	2	1	1	31320	36.96	1.57
B11	Sample 23	2	1	2	36340	36.96	1.57
B11	Sample 23	2	1	3	41350	36.96	1.56
B11	Sample 23	2	1	4	46350	36.96	1.57
B11	Sample 23	2	1	5	51330	37	1.56
B11	Sample 23	2	1	6	56340	37	1.56
B11	Sample 23	2	1	7	61340	37	1.57
B11	Sample 23	2	1	8	66350	37	1.57
B11	Sample 23	2	1	9	71340	37	1.56
B11	Sample 23	2	1	10	76340	37	1.56
B11	Sample 23	2	1	11	81330	36.96	1.55
B11	Sample 23	2	1	12	86340	36.91	1.56
B11	Sample 23	2	1	13	91360	37	1.55
B11	Sample 23	2	1	14	96340	37	1.55
B11	Sample 23	2	1	15	101340	37	1.56
B12	Sample 24	2	1	1	31320	36.96	1.44
B12	Sample 24	2	1	2	36340	36.96	1.44
B12	Sample 24	2	1	3	41350	36.96	1.44
B12	Sample 24	2	1	4	46350	36.96	1.45
B12	Sample 24	2	1	5	51330	37	1.45
B12	Sample 24	2	1	6	56340	37	1.45
B12	Sample 24	2	1	7	61340	37	1.45
B12	Sample 24	2	1	8	66350	37	1.45
B12	Sample 24	2	1	9	71340	37	1.44
B12	Sample 24	2	1	10	76340	37	1.44
B12	Sample 24	2	1	11	81330	36.96	1.44
B12	Sample 24	2	1	12	86340	36.91	1.45
B12	Sample 24	2	1	13	91360	37	1.45
B12	Sample 24	2	1	14	96340	37	1.44
B12	Sample 24	2	1	15	101340	37	1.44
C1	Sample 25	2	1	1	31320	36.96	1.34
C1	Sample 25	2	1	2	36340	36.96	1.34
C1	Sample 25	2	1	3	41350	36.96	1.34
C1	Sample 25	2	1	4	46350	36.96	1.34
C1	Sample 25	2	1	5	51330	37	1.34
C1	Sample 25	2	1	6	56340	37	1.34
C1	Sample 25	2	1	7	61340	37	1.34
C1	Sample 25	2	1	8	66350	37	1.34
C1	Sample 25	2	1	9	71340	37	1.34
C1	Sample 25	2	1	10	76340	37	1.34
C1	Sample 25	2	1	11	81330	36.96	1.33
C1	Sample 25	2	1	12	86340	36.91	1.34
C1	Sample 25	2	1	13	91360	37	1.33
C1	Sample 25	2	1	14	96340	37	1.33
C1	Sample 25	2	1	15	101340	37	1.33
C2	Sample 26	2	1	1	31320	36.96	1.33
C2	Sample 26	2	1	2	36340	36.96	1.33
C2	Sample 26	2	1	3	41350	36.96	1.33
C2	Sample 26	2	1	4	46350	36.96	1.33
C2	Sample 26	2	1	5	51330	37	1.33
C2	Sample 26	2	1	6	56340	37	1.32
C2	Sample 26	2	1	7	61340	37	1.33
C2	Sample 26	2	1	8	66350	37	1.32
C2	Sample 26	2	1	9	71340	37	1.33
C2	Sample 26	2	1	10	76340	37	1.33
C2	Sample 26	2	1	11	81330	36.96	1.32
C2	Sample 26	2	1	12	86340	36.91	1.32
C2	Sample 26	2	1	13	91360	37	1.32
C2	Sample 26	2	1	14	96340	37	1.32
C2	Sample 26	2	1	15	101340	37	1.32
C3	Sample 27	2	1	1	31320	36.96	1.45
C3	Sample 27	2	1	2	36340	36.96	1.44
C3	Sample 27	2	1	3	41350	36.96	1.43
C3	Sample 27	2	1	4	46350	36.96	1.44
C3	Sample 27	2	1	5	51330	37	1.43
C3	Sample 27	2	1	6	56340	37	1.42
C3	Sample 27	2	1	7	61340	37	1.42
C3	Sample 27	2	1	8	66350	37	1.42
C3	Sample 27	2	1	9	71340	37	1.42
C3	Sample 27	2	1	10	76340	37	1.43
C3	Sample 27	2	1	11	81330	36.96	1.42
C3	Sample 27	2	1	12	86340	36.91	1.43
C3	Sample 27	2	1	13	91360	37	1.42
C3	Sample 27	2	1	14	96340	37	1.42
C3	Sample 27	2	1	15	101340	37	1.42
C4	Sample 28	2	1	1	31320	36.96	1.42
C4	Sample 28	2	1	2	36340	36.96	1.42
C4	Sample 28	2	1	3	41350	36.96	1.42
C4	Sample 28	2	1	4	46350	36.96	1.42
C4	Sample 28	2	1	5	51330	37	1.41
C4	Sample 28	2	1	6	56340	37	1.41
C4	Sample 28	2	1	7	61340	37	1.41
C4	Sample 28	2	1	8	66350	37	1.42
C4	Sample 28	2	1	9	71340	37	1.42
C4	Sample 28	2	1	10	76340	37	1.42
C4	Sample 28	2	1	11	81330	36.96	1.41
C4	Sample 28	2	1	12	86340	36.91	1.41
C4	Sample 28	2	1	13	91360	37	1.42
C4	Sample 28	2	1	14	96340	37	1.41
C4	Sample 28	2	1	15	101340	37	1.41
C5	Sample 29	2	1	1	31320	36.96	0.84
C5	Sample 29	2	1	2	36340	36.96	0.83
C5	Sample 29	2	1	3	41350	36.96	0.83
C5	Sample 29	2	1	4	46350	36.96	0.84
C5	Sample 29	2	1	5	51330	37	0.83
C5	Sample 29	2	1	6	56340	37	0.84
C5	Sample 29	2	1	7	61340	37	0.83
C5	Sample 29	2	1	8	66350	37	0.83
C5	Sample 29	2	1	9	71340	37	0.83
C5	Sample 29	2	1	10	76340	37	0.83
C5	Sample 29	2	1	11	81330	36.96	0.82
C5	Sample 29	2	1	12	86340	36.91	0.82
C5	Sample 29	2	1	13	91360	37	0.83
C5	Sample 29	2	1	14	96340	37	0.82
C5	Sample 29	2	1	15	101340	37	0.82
C6	Sample 30	2	1	1	31320	36.96	0.89
C6	Sample 30	2	1	2	36340	36.96	0.89
C6	Sample 30	2	1	3	41350	36.96	0.88
C6	Sample 30	2	1	4	46350	36.96	0.89
C6	Sample 30	2	1	5	51330	37	0.89
C6	Sample 30	2	1	6	56340	37	0.89
C6	Sample 30	2	1	7	61340	37	0.88
C6	Sample 30	2	1	8	66350	37	0.88
C6	Sample 30	2	1	9	71340	37	0.88
C6	Sample 30	2	1	10	76340	37	0.88
C6	Sample 30	2	1	11	81330	36.96	0.87
C6	Sample 30	2	1	12	86340	36.91	0.88
C6	Sample 30	2	1	13	91360	37	0.88
C6	Sample 30	2	1	14	96340	37	0.88
C6	Sample 30	2	1	15	101340	37	0.88
C7	Sample 31	2	1	1	31320	36.96	0.94
C7	Sample 31	2	1	2	36340	36.96	0.94
C7	Sample 31	2	1	3	41350	36.96	0.94
C7	Sample 31	2	1	4	46350	36.96	0.94
C7	Sample 31	2	1	5	51330	37	0.94
C7	Sample 31	2	1	6	56340	37	0.94
C7	Sample 31	2	1	7	61340	37	0.94
C7	Sample 31	2	1	8	66350	37	0.94
C7	Sample 31	2	1	9	71340	37	0.93
C7	Sample 31	2	1	10	76340	37	0.93
C7	Sample 31	2	1	11	81330	36.96	0.92
C7	Sample 31	2	1	12	86340	36.91	0.93
C7	Sample 31	2	1	13	91360	37	0.92
C7	Sample 31	2	1	14	96340	37	0.92
C7	Sample 31	2	1	15	101340	37	0.93
C8	Sample 32	2	1	1	31320	36.96	0.86
C8	Sample 32	2	1	2	36340	36.96	0.85
C8	Sample 32	2	1	3	41350	36.96	0.85
C8	Sample 32	2	1	4	46350	36.96	0.85
C8	Sample 32	2	1	5	51330	37	0.85
C8	Sample 32	2	1	6	56340	37	0.85
C8	Sample 32	2	1	7	61340	37	0.85
C8	Sample 32	2	1	8	66350	37	0.86
C8	Sample 32	2	1	9	71340	37	0.85
C8	Sample 32	2	1	10	76340	37	0.85
C8	Sample 32	2	1	11	81330	36.96	0.85
C8	Sample 32	2	1	12	86340	36.91	0.84
C8	Sample 32	2	1	13	91360	37	0.85
C8	Sample 32	2	1	14	96340	37	0.85
C8	Sample 32	2	1	15	101340	37	0.85
C9	Sample 33	2	1	1	31320	36.96	1.50
C9	Sample 33	2	1	2	36340	36.96	1.51
C9	Sample 33	2	1	3	41350	36.96	1.50
C9	Sample 33	2	1	4	46350	36.96	1.50
C9	Sample 33	2	1	5	51330	37	1.50
C9	Sample 33	2	1	6	56340	37	1.50
C9	Sample 33	2	1	7	61340	37	1.50
C9	Sample 33	2	1	8	66350	37	1.50
C9	Sample 33	2	1	9	71340	37	1.49
C9	Sample 33	2	1	10	76340	37	1.50
C9	Sample 33	2	1	11	81330	36.96	1.49
C9	Sample 33	2	1	12	86340	36.91	1.49
C9	Sample 33	2	1	13	91360	37	1.49
C9	Sample 33	2	1	14	96340	37	1.49
C9	Sample 33	2	1	15	101340	37	1.49
C10	Sample 34	2	1	1	31320	36.96	1.50
C10	Sample 34	2	1	2	36340	36.96	1.49
C10	Sample 34	2	1	3	41350	36.96	1.49
C10	Sample 34	2	1	4	46350	36.96	1.49
C10	Sample 34	2	1	5	51330	37	1.47
C10	Sample 34	2	1	6	56340	37	1.47
C10	Sample 34	2	1	7	61340	37	1.47
C10	Sample 34	2	1	8	66350	37	1.49
C10	Sample 34	2	1	9	71340	37	1.47
C10	Sample 34	2	1	10	76340	37	1.48
C10	Sample 34	2	1	11	81330	36.96	1.47
C10	Sample 34	2	1	12	86340	36.91	1.47
C10	Sample 34	2	1	13	91360	37	1.48
C10	Sample 34	2	1	14	96340	37	1.47
C10	Sample 34	2	1	15	101340	37	1.47
C11	Sample 35	2	1	1	31320	36.96	1.48
C11	Sample 35	2	1	2	36340	36.96	1.48
C11	Sample 35	2	1	3	41350	36.96	1.48
C11	Sample 35	2	1	4	46350	36.96	1.47
C11	Sample 35	2	1	5	51330	37	1.48
C11	Sample 35	2	1	6	56340	37	1.47
C11	Sample 35	2	1	7	61340	37	1.47
C11	Sample 35	2	1	8	66350	37	1.48
C11	Sample 35	2	1	9	71340	37	1.47
C11	Sample 35	2	1	10	76340	37	1.47
C11	Sample 35	2	1	11	81330	36.96	1.47
C11	Sample 35	2	1	12	86340	36.91	1.47
C11	Sample 35	2	1	13	91360	37	1.47
C11	Sample 35	2	1	14	96340	37	1.46
C11	Sample 35	2	1	15	101340	37	1.47
C12	Sample 36	2	1	1	31320	36.96	1.39
C12	Sample 36	2	1	2	36340	36.96	1.40
C12	Sample 36	2	1	3	41350	36.96	1.39
C12	Sample 36	2	1	4	46350	36.96	1.39
C12	Sample 36	2	1	5	51330	37	1.39
C12	Sample 36	2	1	6	56340	37	1.38
C12	Sample 36	2	1	7	61340	37	1.38
C12	Sample 36	2	1	8	66350	37	1.38
C12	Sample 36	2	1	9	71340	37	1.38
C12	Sample 36	2	1	10	76340	37	1.39
C12	Sample 36	2	1	11	81330	36.96	1.38
C12	Sample 36	2	1	12	86340	36.91	1.38
C12	Sample 36	2	1	13	91360	37	1.38
C12	Sample 36	2	1	14	96340	37	1.38
C12	Sample 36	2	1	15	101340	37	1.38
D1	Sample 37	2	1	1	31320	36.96	1.32
D1	Sample 37	2	1	2	36340	36.96	1.33
D1	Sample 37	2	1	3	41350	36.96	1.33
D1	Sample 37	2	1	4	46350	36.96	1.32
D1	Sample 37	2	1	5	51330	37	1.33
D1	Sample 37	2	1	6	56340	37	1.33
D1	Sample 37	2	1	7	61340	37	1.32
D1	Sample 37	2	1	8	66350	37	1.32
D1	Sample 37	2	1	9	71340	37	1.33
D1	Sample 37	2	1	10	76340	37	1.33
D1	Sample 37	2	1	11	81330	36.96	1.32
D1	Sample 37	2	1	12	86340	36.91	1.32
D1	Sample 37	2	1	13	91360	37	1.32
D1	Sample 37	2	1	14	96340	37	1.32
D1	Sample 37	2	1	15	101340	37	1.32
D2	Sample 38	2	1	1	31320	36.96	1.24
D2	Sample 38	2	1	2	36340	36.96	1.24
D2	Sample 38	2	1	3	41350	36.96	1.24
D2	Sample 38	2	1	4	46350	36.96	1.24
D2	Sample 38	2	1	5	51330	37	1.24
D2	Sample 38	2	1	6	56340	37	1.24
D2	Sample 38	2	1	7	61340	37	1.24
D2	Sample 38	2	1	8	66350	37	1.25
D2	Sample 38	2	1	9	71340	37	1.25
D2	Sample 38	2	1	10	76340	37	1.25
D2	Sample 38	2	1	11	81330	36.96	1.25
D2	Sample 38	2	1	12	86340	36.91	1.24
D2	Sample 38	2	1	13	91360	37	1.25
D2	Sample 38	2	1	14	96340	37	1.24
D2	Sample 38	2	1	15	101340	37	1.25
D3	Sample 39	2	1	1	31320	36.96	1.33
D3	Sample 39	2	1	2	36340	36.96	1.34
D3	Sample 39	2	1	3	41350	36.96	1.34
D3	Sample 39	2	1	4	46350	36.96	1.34
D3	Sample 39	2	1	5	51330	37	1.34
D3	Sample 39	2	1	6	56340	37	1.34
D3	Sample 39	2	1	7	61340	37	1.34
D3	Sample 39	2	1	8	66350	37	1.34
D3	Sample 39	2	1	9	71340	37	1.34
D3	Sample 39	2	1	10	76340	37	1.35
D3	Sample 39	2	1	11	81330	36.96	1.33
D3	Sample 39	2	1	12	86340	36.91	1.34
D3	Sample 39	2	1	13	91360	37	1.34
D3	Sample 39	2	1	14	96340	37	1.33
D3	Sample 39	2	1	15	101340	37	1.34
D4	Sample 40	2	1	1	31320	36.96	1.27
D4	Sample 40	2	1	2	36340	36.96	1.28
D4	Sample 40	2	1	3	41350	36.96	1.28
D4	Sample 40	2	1	4	46350	36.96	1.28
D4	Sample 40	2	1	5	51330	37	1.27
D4	Sample 40	2	1	6	56340	37	1.27
D4	Sample 40	2	1	7	61340	37	1.27
D4	Sample 40	2	1	8	66350	37	1.27
D4	Sample 40	2	1	9	71340	37	1.27
D4	Sample 40	2	1	10	76340	37	1.27
D4	Sample 40	2	1	11	81330	36.96	1.26
D4	Sample 40	2	1	12	86340	36.91	1.27
D4	Sample 40	2	1	13	91360	37	1.27
D4	Sample 40	2	1	14	96340	37	1.26
D4	Sample 40	2	1	15	101340	37	1.26
D5	Sample 41	2	1	1	31320	36.96	0.81
D5	Sample 41	2	1	2	36340	36.96	0.80
D5	Sample 41	2	1	3	41350	36.96	0.80
D5	Sample 41	2	1	4	46350	36.96	0.80
D5	Sample 41	2	1	5	51330	37	0.81
D5	Sample 41	2	1	6	56340	37	0.80
D5	Sample 41	2	1	7	61340	37	0.80
D5	Sample 41	2	1	8	66350	37	0.80
D5	Sample 41	2	1	9	71340	37	0.80
D5	Sample 41	2	1	10	76340	37	0.81
D5	Sample 41	2	1	11	81330	36.96	0.80
D5	Sample 41	2	1	12	86340	36.91	0.79
D5	Sample 41	2	1	13	91360	37	0.80
D5	Sample 41	2	1	14	96340	37	0.79
D5	Sample 41	2	1	15	101340	37	0.80
D6	Sample 42	2	1	1	31320	36.96	0.84
D6	Sample 42	2	1	2	36340	36.96	0.84
D6	Sample 42	2	1	3	41350	36.96	0.84
D6	Sample 42	2	1	4	46350	36.96	0.84
D6	Sample 42	2	1	5	51330	37	0.84
D6	Sample 42	2	1	6	56340	37	0.84
D6	Sample 42	2	1	7	61340	37	0.84
D6	Sample 42	2	1	8	66350	37	0.84
D6	Sample 42	2	1	9	71340	37	0.84
D6	Sample 42	2	1	10	76340	37	0.83
D6	Sample 42	2	1	11	81330	36.96	0.83
D6	Sample 42	2	1	12	86340	36.91	0.83
D6	Sample 42	2	1	13	91360	37	0.84
D6	Sample 42	2	1	14	96340	37	0.83
D6	Sample 42	2	1	15	101340	37	0.83
D7	Sample 43	2	1	1	31320	36.96	0.91
D7	Sample 43	2	1	2	36340	36.96	0.90
D7	Sample 43	2	1	3	41350	36.96	0.90
D7	Sample 43	2	1	4	46350	36.96	0.90
D7	Sample 43	2	1	5	51330	37	0.90
D7	Sample 43	2	1	6	56340	37	0.90
D7	Sample 43	2	1	7	61340	37	0.90
D7	Sample 43	2	1	8	66350	37	0.90
D7	Sample 43	2	1	9	71340	37	0.90
D7	Sample 43	2	1	10	76340	37	0.91
D7	Sample 43	2	1	11	81330	36.96	0.89
D7	Sample 43	2	1	12	86340	36.91	0.90
D7	Sample 43	2	1	13	91360	37	0.90
D7	Sample 43	2	1	14	96340	37	0.89
D7	Sample 43	2	1	15	101340	37	0.89
D8	Sample 44	2	1	1	31320	36.96	0.84
D8	Sample 44	2	1	2	36340	36.96	0.83
D8	Sample 44	2	1	3	41350	36.96	0.84
D8	Sample 44	2	1	4	46350	36.96	0.83
D8	Sample 44	2	1	5	51330	37	0.83
D8	Sample 44	2	1	6	56340	37	0.82
D8	Sample 44	2	1	7	61340	37	0.82
D8	Sample 44	2	1	8	66350	37	0.82
D8	Sample 44	2	1	9	71340	37	0.82
D8	Sample 44	2	1	10	76340	37	0.82
D8	Sample 44	2	1	11	81330	36.96	0.82
D8	Sample 44	2	1	12	86340	36.91	0.82
D8	Sample 44	2	1	13	91360	37	0.83
D8	Sample 44	2	1	14	96340	37	0.82
D8	Sample 44	2	1	15	101340	37	0.82
D9	Sample 45	2	1	1	31320	36.96	1.65
D9	Sample 45	2	1	2	36340	36.96	1.65
D9	Sample 45	2	1	3	41350	36.96	1.66
D9	Sample 45	2	1	4	46350	36.96	1.65
D9	Sample 45	2	1	5	51330	37	1.65
D9	Sample 45	2	1	6	56340	37	1.64
D9	Sample 45	2	1	7	61340	37	1.64
D9	Sample 45	2	1	8	66350	37	1.64
D9	Sample 45	2	1	9	71340	37	1.64
D9	Sample 45	2	1	10	76340	37	1.65
D9	Sample 45	2	1	11	81330	36.96	1.64
D9	Sample 45	2	1	12	86340	36.91	1.64
D9	Sample 45	2	1	13	91360	37	1.64
D9	Sample 45	2	1	14	96340	37	1.63
D9	Sample 45	2	1	15	101340	37	1.64
D10	Sample 46	2	1	1	31320	36.96	1.62
D10	Sample 46	2	1	2	36340	36.96	1.62
D10	Sample 46	2	1	3	41350	36.96	1.63
D10	Sample 46	2	1	4	46350	36.96	1.62
D10	Sample 46	2	1	5	51330	37	1.62
D10	Sample 46	2	1	6	56340	37	1.63
D10	Sample 46	2	1	7	61340	37	1.62
D10	Sample 46	2	1	8	66350	37	1.62
D10	Sample 46	2	1	9	71340	37	1.62
D10	Sample 46	2	1	10	76340	37	1.62
D10	Sample 46	2	1	11	81330	36.96	1.62
D10	Sample 46	2	1	12	86340	36.91	1.62
D10	Sample 46	2	1	13	91360	37	1.62
D10	Sample 46	2	1	14	96340	37	1.62
D10	Sample 46	2	1	15	101340	37	1.62
D11	Sample 47	2	1	1	31320	36.96	1.46
D11	Sample 47	2	1	2	36340	36.96	1.45
D11	Sample 47	2	1	3	41350	36.96	1.46
D11	Sample 47	2	1	4	46350	36.96	1.45
D11	Sample 47	2	1	5	51330	37	1.46
D11	Sample 47	2	1	6	56340	37	1.45
D11	Sample 47	2	1	7	61340	37	1.45
D11	Sample 47	2	1	8	66350	37	1.46
D11	Sample 47	2	1	9	71340	37	1.45
D11	Sample 47	2	1	10	76340	37	1.46
D11	Sample 47	2	1	11	81330	36.96	1.45
D11	Sample 47	2	1	12	86340	36.91	1.45
D11	Sample 47	2	1	13	91360	37	1.46
D11	Sample 47	2	1	14	96340	37	1.44
D11	Sample 47	2	1	15	101340	37	1.44
D12	Sample 48	2	1	1	31320	36.96	1.33
D12	Sample 48	2	1	2	36340	36.96	1.32
D12	Sample 48	2	1	3	41350	36.96	1.32
D12	Sample 48	2	1	4	46350	36.96	1.32
D12	Sample 48	2	1	5	51330	37	1.32
D12	Sample 48	2	1	6	56340	37	1.32
D12	Sample 48	2	1	7	61340	37	1.33
D12	Sample 48	2	1	8	66350	37	1.32
D12	Sample 48	2	1	9	71340	37	1.33
D12	Sample 48	2	1	10	76340	37	1.33
D12	Sample 48	2	1	11	81330	36.96	1.32
D12	Sample 48	2	1	12	86340	36.91	1.32
D12	Sample 48	2	1	13	91360	37	1.32
D12	Sample 48	2	1	14	96340	37	1.32
D12	Sample 48	2	1	15	101340	37	1.31
E1	Sample 49	2	1	1	31320	36.96	1.33
E1	Sample 49	2	1	2	36340	36.96	1.34
E1	Sample 49	2	1	3	41350	36.96	1.34
E1	Sample 49	2	1	4	46350	36.96	1.33
E1	Sample 49	2	1	5	51330	37	1.33
E1	Sample 49	2	1	6	56340	37	1.33
E1	Sample 49	2	1	7	61340	37	1.33
E1	Sample 49	2	1	8	66350	37	1.33
E1	Sample 49	2	1	9	71340	37	1.33
E1	Sample 49	2	1	10	76340	37	1.33
E1	Sample 49	2	1	11	81330	36.96	1.32
E1	Sample 49	2	1	12	86340	36.91	1.33
E1	Sample 49	2	1	13	91360	37	1.33
E1	Sample 49	2	1	14	96340	37	1.33
E1	Sample 49	2	1	15	101340	37	1.33
E2	Sample 50	2	1	1	31320	36.96	1.30
E2	Sample 50	2	1	2	36340	36.96	1.30
E2	Sample 50	2	1	3	41350	36.96	1.31
E2	Sample 50	2	1	4	46350	36.96	1.31
E2	Sample 50	2	1	5	51330	37	1.30
E2	Sample 50	2	1	6	56340	37	1.30
E2	Sample 50	2	1	7	61340	37	1.31
E2	Sample 50	2	1	8	66350	37	1.31
E2	Sample 50	2	1	9	71340	37	1.31
E2	Sample 50	2	1	10	76340	37	1.31
E2	Sample 50	2	1	11	81330	36.96	1.31
E2	Sample 50	2	1	12	86340	36.91	1.31
E2	Sample 50	2	1	13	91360	37	1.31
E2	Sample 50	2	1	14	96340	37	1.30
E2	Sample 50	2	1	15	101340	37	1.31
E3	Sample 51	2	1	1	31320	36.96	1.33
E3	Sample 51	2	1	2	36340	36.96	1.33
E3	Sample 51	2	1	3	41350	36.96	1.32
E3	Sample 51	2	1	4	46350	36.96	1.33
E3	Sample 51	2	1	5	51330	37	1.32
E3	Sample 51	2	1	6	56340	37	1.32
E3	Sample 51	2	1	7	61340	37	1.31
E3	Sample 51	2	1	8	66350	37	1.32
E3	Sample 51	2	1	9	71340	37	1.32
E3	Sample 51	2	1	10	76340	37	1.32
E3	Sample 51	2	1	11	81330	36.96	1.32
E3	Sample 51	2	1	12	86340	36.91	1.32
E3	Sample 51	2	1	13	91360	37	1.32
E3	Sample 51	2	1	14	96340	37	1.32
E3	Sample 51	2	1	15	101340	37	1.32
E4	Sample 52	2	1	1	31320	36.96	1.34
E4	Sample 52	2	1	2	36340	36.96	1.34
E4	Sample 52	2	1	3	41350	36.96	1.34
E4	Sample 52	2	1	4	46350	36.96	1.34
E4	Sample 52	2	1	5	51330	37	1.34
E4	Sample 52	2	1	6	56340	37	1.34
E4	Sample 52	2	1	7	61340	37	1.34
E4	Sample 52	2	1	8	66350	37	1.35
E4	Sample 52	2	1	9	71340	37	1.35
E4	Sample 52	2	1	10	76340	37	1.35
E4	Sample 52	2	1	11	81330	36.96	1.34
E4	Sample 52	2	1	12	86340	36.91	1.35
E4	Sample 52	2	1	13	91360	37	1.34
E4	Sample 52	2	1	14	96340	37	1.34
E4	Sample 52	2	1	15	101340	37	1.34
E5	Sample 53	2	1	1	31320	36.96	0.91
E5	Sample 53	2	1	2	36340	36.96	0.92
E5	Sample 53	2	1	3	41350	36.96	0.91
E5	Sample 53	2	1	4	46350	36.96	0.91
E5	Sample 53	2	1	5	51330	37	0.91
E5	Sample 53	2	1	6	56340	37	0.91
E5	Sample 53	2	1	7	61340	37	0.90
E5	Sample 53	2	1	8	66350	37	0.90
E5	Sample 53	2	1	9	71340	37	0.91
E5	Sample 53	2	1	10	76340	37	0.91
E5	Sample 53	2	1	11	81330	36.96	0.91
E5	Sample 53	2	1	12	86340	36.91	0.91
E5	Sample 53	2	1	13	91360	37	0.91
E5	Sample 53	2	1	14	96340	37	0.90
E5	Sample 53	2	1	15	101340	37	0.90
E6	Sample 54	2	1	1	31320	36.96	0.88
E6	Sample 54	2	1	2	36340	36.96	0.88
E6	Sample 54	2	1	3	41350	36.96	0.88
E6	Sample 54	2	1	4	46350	36.96	0.87
E6	Sample 54	2	1	5	51330	37	0.87
E6	Sample 54	2	1	6	56340	37	0.87
E6	Sample 54	2	1	7	61340	37	0.86
E6	Sample 54	2	1	8	66350	37	0.87
E6	Sample 54	2	1	9	71340	37	0.87
E6	Sample 54	2	1	10	76340	37	0.87
E6	Sample 54	2	1	11	81330	36.96	0.87
E6	Sample 54	2	1	12	86340	36.91	0.86
E6	Sample 54	2	1	13	91360	37	0.86
E6	Sample 54	2	1	14	96340	37	0.86
E6	Sample 54	2	1	15	101340	37	0.87
E7	Sample 55	2	1	1	31320	36.96	0.86
E7	Sample 55	2	1	2	36340	36.96	0.86
E7	Sample 55	2	1	3	41350	36.96	0.86
E7	Sample 55	2	1	4	46350	36.96	0.86
E7	Sample 55	2	1	5	51330	37	0.85
E7	Sample 55	2	1	6	56340	37	0.86
E7	Sample 55	2	1	7	61340	37	0.85
E7	Sample 55	2	1	8	66350	37	0.86
E7	Sample 55	2	1	9	71340	37	0.85
E7	Sample 55	2	1	10	76340	37	0.85
E7	Sample 55	2	1	11	81330	36.96	0.85
E7	Sample 55	2	1	12	86340	36.91	0.86
E7	Sample 55	2	1	13	91360	37	0.85
E7	Sample 55	2	1	14	96340	37	0.84
E7	Sample 55	2	1	15	101340	37	0.85
E8	Sample 56	2	1	1	31320	36.96	0.77
E8	Sample 56	2	1	2	36340	36.96	0.77
E8	Sample 56	2	1	3	41350	36.96	0.77
E8	Sample 56	2	1	4	46350	36.96	0.77
E8	Sample 56	2	1	5	51330	37	0.77
E8	Sample 56	2	1	6	56340	37	0.77
E8	Sample 56	2	1	7	61340	37	0.77
E8	Sample 56	2	1	8	66350	37	0.77
E8	Sample 56	2	1	9	71340	37	0.77
E8	Sample 56	2	1	10	76340	37	0.77
E8	Sample 56	2	1	11	81330	36.96	0.77
E8	Sample 56	2	1	12	86340	36.91	0.77
E8	Sample 56	2	1	13	91360	37	0.76
E8	Sample 56	2	1	14	96340	37	0.77
E8	Sample 56	2	1	15	101340	37	0.76
E9	Sample 57	2	1	1	31320	36.96	2.50
E9	Sample 57	2	1	2	36340	36.96	2.49
E9	Sample 57	2	1	3	41350	36.96	2.49
E9	Sample 57	2	1	4	46350	36.96	2.49
E9	Sample 57	2	1	5	51330	37	2.49
E9	Sample 57	2	1	6	56340	37	2.49
E9	Sample 57	2	1	7	61340	37	2.48
E9	Sample 57	2	1	8	66350	37	2.48
E9	Sample 57	2	1	9	71340	37	2.49
E9	Sample 57	2	1	10	76340	37	2.48
E9	Sample 57	2	1	11	81330	36.96	2.48
E9	Sample 57	2	1	12	86340	36.91	2.48
E9	Sample 57	2	1	13	91360	37	2.48
E9	Sample 57	2	1	14	96340	37	2.48
E9	Sample 57	2	1	15	101340	37	2.48
E10	Sample 58	2	1	1	31320	36.96	2.63
E10	Sample 58	2	1	2	36340	36.96	2.63
E10	Sample 58	2	1	3	41350	36.96	2.64
E10	Sample 58	2	1	4	46350	36.96	2.63
E10	Sample 58	2	1	5	51330	37	2.64
E10	Sample 58	2	1	6	56340	37	2.63
E10	Sample 58	2	1	7	61340	37	2.63
E10	Sample 58	2	1	8	66350	37	2.64
E10	Sample 58	2	1	9	71340	37	2.63
E10	Sample 58	2	1	10	76340	37	2.63
E10	Sample 58	2	1	11	81330	36.96	2.64
E10	Sample 58	2	1	12	86340	36.91	2.63
E10	Sample 58	2	1	13	91360	37	2.63
E10	Sample 58	2	1	14	96340	37	2.63
E10	Sample 58	2	1	15	101340	37	2.63
E11	Sample 59	2	1	1	31320	36.96	1.62
E11	Sample 59	2	1	2	36340	36.96	1.62
E11	Sample 59	2	1	3	41350	36.96	1.62
E11	Sample 59	2	1	4	46350	36.96	1.63
E11	Sample 59	2	1	5	51330	37	1.62
E11	Sample 59	2	1	6	56340	37	1.62
E11	Sample 59	2	1	7	61340	37	1.62
E11	Sample 59	2	1	8	66350	37	1.62
E11	Sample 59	2	1	9	71340	37	1.61
E11	Sample 59	2	1	10	76340	37	1.61
E11	Sample 59	2	1	11	81330	36.96	1.63
E11	Sample 59	2	1	12	86340	36.91	1.61
E11	Sample 59	2	1	13	91360	37	1.61
E11	Sample 59	2	1	14	96340	37	1.61
E11	Sample 59	2	1	15	101340	37	1.62
E12	Sample 60	2	1	1	31320	36.96	1.54
E12	Sample 60	2	1	2	36340	36.96	1.53
E12	Sample 60	2	1	3	41350	36.96	1.53
E12	Sample 60	2	1	4	46350	36.96	1.53
E12	Sample 60	2	1	5	51330	37	1.53
E12	Sample 60	2	1	6	56340	37	1.53
E12	Sample 60	2	1	7	61340	37	1.53
E12	Sample 60	2	1	8	66350	37	1.53
E12	Sample 60	2	1	9	71340	37	1.53
E12	Sample 60	2	1	10	76340	37	1.53
E12	Sample 60	2	1	11	81330	36.96	1.52
E12	Sample 60	2	1	12	86340	36.91	1.52
E12	Sample 60	2	1	13	91360	37	1.53
E12	Sample 60	2	1	14	96340	37	1.53
E12	Sample 60	2	1	15	101340	37	1.53
F1	Sample 61	2	1	1	31320	36.96	1.36
F1	Sample 61	2	1	2	36340	36.96	1.36
F1	Sample 61	2	1	3	41350	36.96	1.36
F1	Sample 61	2	1	4	46350	36.96	1.36
F1	Sample 61	2	1	5	51330	37	1.35
F1	Sample 61	2	1	6	56340	37	1.36
F1	Sample 61	2	1	7	61340	37	1.36
F1	Sample 61	2	1	8	66350	37	1.37
F1	Sample 61	2	1	9	71340	37	1.37
F1	Sample 61	2	1	10	76340	37	1.37
F1	Sample 61	2	1	11	81330	36.96	1.36
F1	Sample 61	2	1	12	86340	36.91	1.36
F1	Sample 61	2	1	13	91360	37	1.36
F1	Sample 61	2	1	14	96340	37	1.36
F1	Sample 61	2	1	15	101340	37	1.36
F2	Sample 62	2	1	1	31320	36.96	1.34
F2	Sample 62	2	1	2	36340	36.96	1.32
F2	Sample 62	2	1	3	41350	36.96	1.33
F2	Sample 62	2	1	4	46350	36.96	1.33
F2	Sample 62	2	1	5	51330	37	1.33
F2	Sample 62	2	1	6	56340	37	1.33
F2	Sample 62	2	1	7	61340	37	1.33
F2	Sample 62	2	1	8	66350	37	1.33
F2	Sample 62	2	1	9	71340	37	1.33
F2	Sample 62	2	1	10	76340	37	1.33
F2	Sample 62	2	1	11	81330	36.96	1.32
F2	Sample 62	2	1	12	86340	36.91	1.33
F2	Sample 62	2	1	13	91360	37	1.32
F2	Sample 62	2	1	14	96340	37	1.33
F2	Sample 62	2	1	15	101340	37	1.32
F3	Sample 63	2	1	1	31320	36.96	1.39
F3	Sample 63	2	1	2	36340	36.96	1.38
F3	Sample 63	2	1	3	41350	36.96	1.39
F3	Sample 63	2	1	4	46350	36.96	1.39
F3	Sample 63	2	1	5	51330	37	1.38
F3	Sample 63	2	1	6	56340	37	1.39
F3	Sample 63	2	1	7	61340	37	1.39
F3	Sample 63	2	1	8	66350	37	1.39
F3	Sample 63	2	1	9	71340	37	1.39
F3	Sample 63	2	1	10	76340	37	1.39
F3	Sample 63	2	1	11	81330	36.96	1.38
F3	Sample 63	2	1	12	86340	36.91	1.39
F3	Sample 63	2	1	13	91360	37	1.39
F3	Sample 63	2	1	14	96340	37	1.38
F3	Sample 63	2	1	15	101340	37	1.38
F4	Sample 64	2	1	1	31320	36.96	1.38
F4	Sample 64	2	1	2	36340	36.96	1.37
F4	Sample 64	2	1	3	41350	36.96	1.37
F4	Sample 64	2	1	4	46350	36.96	1.38
F4	Sample 64	2	1	5	51330	37	1.38
F4	Sample 64	2	1	6	56340	37	1.38
F4	Sample 64	2	1	7	61340	37	1.38
F4	Sample 64	2	1	8	66350	37	1.38
F4	Sample 64	2	1	9	71340	37	1.38
F4	Sample 64	2	1	10	76340	37	1.38
F4	Sample 64	2	1	11	81330	36.96	1.38
F4	Sample 64	2	1	12	86340	36.91	1.38
F4	Sample 64	2	1	13	91360	37	1.37
F4	Sample 64	2	1	14	96340	37	1.38
F4	Sample 64	2	1	15	101340	37	1.38
F5	Sample 65	2	1	1	31320	36.96	0.88
F5	Sample 65	2	1	2	36340	36.96	0.88
F5	Sample 65	2	1	3	41350	36.96	0.88
F5	Sample 65	2	1	4	46350	36.96	0.89
F5	Sample 65	2	1	5	51330	37	0.88
F5	Sample 65	2	1	6	56340	37	0.89
F5	Sample 65	2	1	7	61340	37	0.88
F5	Sample 65	2	1	8	66350	37	0.88
F5	Sample 65	2	1	9	71340	37	0.88
F5	Sample 65	2	1	10	76340	37	0.88
F5	Sample 65	2	1	11	81330	36.96	0.87
F5	Sample 65	2	1	12	86340	36.91	0.88
F5	Sample 65	2	1	13	91360	37	0.87
F5	Sample 65	2	1	14	96340	37	0.87
F5	Sample 65	2	1	15	101340	37	0.88
F6	Sample 66	2	1	1	31320	36.96	0.84
F6	Sample 66	2	1	2	36340	36.96	0.84
F6	Sample 66	2	1	3	41350	36.96	0.84
F6	Sample 66	2	1	4	46350	36.96	0.85
F6	Sample 66	2	1	5	51330	37	0.84
F6	Sample 66	2	1	6	56340	37	0.84
F6	Sample 66	2	1	7	61340	37	0.84
F6	Sample 66	2	1	8	66350	37	0.84
F6	Sample 66	2	1	9	71340	37	0.84
F6	Sample 66	2	1	10	76340	37	0.84
F6	Sample 66	2	1	11	81330	36.96	0.84
F6	Sample 66	2	1	12	86340	36.91	0.84
F6	Sample 66	2	1	13	91360	37	0.84
F6	Sample 66	2	1	14	96340	37	0.84
F6	Sample 66	2	1	15	101340	37	0.84
F7	Sample 67	2	1	1	31320	36.96	0.87
F7	Sample 67	2	1	2	36340	36.96	0.87
F7	Sample 67	2	1	3	41350	36.96	0.87
F7	Sample 67	2	1	4	46350	36.96	0.87
F7	Sample 67	2	1	5	51330	37	0.87
F7	Sample 67	2	1	6	56340	37	0.87
F7	Sample 67	2	1	7	61340	37	0.87
F7	Sample 67	2	1	8	66350	37	0.87
F7	Sample 67	2	1	9	71340	37	0.87
F7	Sample 67	2	1	10	76340	37	0.87
F7	Sample 67	2	1	11	81330	36.96	0.86
F7	Sample 67	2	1	12	86340	36.91	0.87
F7	Sample 67	2	1	13	91360	37	0.85
F7	Sample 67	2	1	14	96340	37	0.86
F7	Sample 67	2	1	15	101340	37	0.86
F8	Sample 68	2	1	1	31320	36.96	0.82
F8	Sample 68	2	1	2	36340	36.96	0.81
F8	Sample 68	2	1	3	41350	36.96	0.82
F8	Sample 68	2	1	4	46350	36.96	0.82
F8	Sample 68	2	1	5	51330	37	0.82
F8	Sample 68	2	1	6	56340	37	0.82
F8	Sample 68	2	1	7	61340	37	0.82
F8	Sample 68	2	1	8	66350	37	0.82
F8	Sample 68	2	1	9	71340	37	0.81
F8	Sample 68	2	1	10	76340	37	0.82
F8	Sample 68	2	1	11	81330	36.96	0.81
F8	Sample 68	2	1	12	86340	36.91	0.81
F8	Sample 68	2	1	13	91360	37	0.81
F8	Sample 68	2	1	14	96340	37	0.81
F8	Sample 68	2	1	15	101340	37	0.82
F9	Sample 69	2	1	1	31320	36.96	3.20
F9	Sample 69	2	1	2	36340	36.96	3.19
F9	Sample 69	2	1	3	41350	36.96	3.19
F9	Sample 69	2	1	4	46350	36.96	3.19
F9	Sample 69	2	1	5	51330	37	3.19
F9	Sample 69	2	1	6	56340	37	3.18
F9	Sample 69	2	1	7	61340	37	3.19
F9	Sample 69	2	1	8	66350	37	3.19
F9	Sample 69	2	1	9	71340	37	3.19
F9	Sample 69	2	1	10	76340	37	3.19
F9	Sample 69	2	1	11	81330	36.96	3.18
F9	Sample 69	2	1	12	86340	36.91	3.18
F9	Sample 69	2	1	13	91360	37	3.18
F9	Sample 69	2	1	14	96340	37	3.18
F9	Sample 69	2	1	15	101340	37	3.17
F10	Sample 70	2	1	1	31320	36.96	3.11
F10	Sample 70	2	1	2	36340	36.96	3.09
F10	Sample 70	2	1	3	41350	36.96	3.09
F10	Sample 70	2	1	4	46350	36.96	3.08
F10	Sample 70	2	1	5	51330	37	3.09
F10	Sample 70	2	1	6	56340	37	3.08
F10	Sample 70	2	1	7	61340	37	3.08
F10	Sample 70	2	1	8	66350	37	3.07
F10	Sample 70	2	1	9	71340	37	3.07
F10	Sample 70	2	1	10	76340	37	3.07
F10	Sample 70	2	1	11	81330	36.96	3.07
F10	Sample 70	2	1	12	86340	36.91	3.08
F10	Sample 70	2	1	13	91360	37	3.08
F10	Sample 70	2	1	14	96340	37	3.08
F10	Sample 70	2	1	15	101340	37	3.08
F11	Sample 71	2	1	1	31320	36.96	2.40
F11	Sample 71	2	1	2	36340	36.96	2.40
F11	Sample 71	2	1	3	41350	36.96	2.40
F11	Sample 71	2	1	4	46350	36.96	2.40
F11	Sample 71	2	1	5	51330	37	2.40
F11	Sample 71	2	1	6	56340	37	2.40
F11	Sample 71	2	1	7	61340	37	2.39
F11	Sample 71	2	1	8	66350	37	2.40
F11	Sample 71	2	1	9	71340	37	2.39
F11	Sample 71	2	1	10	76340	37	2.40
F11	Sample 71	2	1	11	81330	36.96	2.40
F11	Sample 71	2	1	12	86340	36.91	2.40
F11	Sample 71	2	1	13	91360	37	2.39
F11	Sample 71	2	1	14	96340	37	2.40
F11	Sample 71	2	1	15	101340	37	2.40
F12	Sample 72	2	1	1	31320	36.96	2.23
F12	Sample 72	2	1	2	36340	36.96	2.23
F12	Sample 72	2	1	3	41350	36.96	2.24
F12	Sample 72	2	1	4	46350	36.96	2.24
F12	Sample 72	2	1	5	51330	37	2.23
F12	Sample 72	2	1	6	56340	37	2.23
F12	Sample 72	2	1	7	61340	37	2.24
F12	Sample 72	2	1	8	66350	37	2.24
F12	Sample 72	2	1	9	71340	37	2.23
F12	Sample 72	2	1	10	76340	37	2.23
F12	Sample 72	2	1	11	81330	36.96	2.23
F12	Sample 72	2	1	12	86340	36.91	2.23
F12	Sample 72	2	1	13	91360	37	2.23
F12	Sample 72	2	1	14	96340	37	2.22
F12	Sample 72	2	1	15	101340	37	2.22
G1	Sample 73	2	1	1	31320	36.96	1.30
G1	Sample 73	2	1	2	36340	36.96	1.30
G1	Sample 73	2	1	3	41350	36.96	1.31
G1	Sample 73	2	1	4	46350	36.96	1.31
G1	Sample 73	2	1	5	51330	37	1.31
G1	Sample 73	2	1	6	56340	37	1.30
G1	Sample 73	2	1	7	61340	37	1.30
G1	Sample 73	2	1	8	66350	37	1.30
G1	Sample 73	2	1	9	71340	37	1.31
G1	Sample 73	2	1	10	76340	37	1.30
G1	Sample 73	2	1	11	81330	36.96	1.31
G1	Sample 73	2	1	12	86340	36.91	1.30
G1	Sample 73	2	1	13	91360	37	1.31
G1	Sample 73	2	1	14	96340	37	1.30
G1	Sample 73	2	1	15	101340	37	1.30
G2	Sample 74	2	1	1	31320	36.96	1.29
G2	Sample 74	2	1	2	36340	36.96	1.28
G2	Sample 74	2	1	3	41350	36.96	1.28
G2	Sample 74	2	1	4	46350	36.96	1.29
G2	Sample 74	2	1	5	51330	37	1.29
G2	Sample 74	2	1	6	56340	37	1.29
G2	Sample 74	2	1	7	61340	37	1.29
G2	Sample 74	2	1	8	66350	37	1.29
G2	Sample 74	2	1	9	71340	37	1.30
G2	Sample 74	2	1	10	76340	37	1.29
G2	Sample 74	2	1	11	81330	36.96	1.29
G2	Sample 74	2	1	12	86340	36.91	1.29
G2	Sample 74	2	1	13	91360	37	1.30
G2	Sample 74	2	1	14	96340	37	1.29
G2	Sample 74	2	1	15	101340	37	1.29
G3	Sample 75	2	1	1	31320	36.96	1.45
G3	Sample 75	2	1	2	36340	36.96	1.45
G3	Sample 75	2	1	3	41350	36.96	1.45
G3	Sample 75	2	1	4	46350	36.96	1.46
G3	Sample 75	2	1	5	51330	37	1.45
G3	Sample 75	2	1	6	56340	37	1.45
G3	Sample 75	2	1	7	61340	37	1.44
G3	Sample 75	2	1	8	66350	37	1.45
G3	Sample 75	2	1	9	71340	37	1.45
G3	Sample 75	2	1	10	76340	37	1.44
G3	Sample 75	2	1	11	81330	36.96	1.45
G3	Sample 75	2	1	12	86340	36.91	1.44
G3	Sample 75	2	1	13	91360	37	1.45
G3	Sample 75	2	1	14	96340	37	1.44
G3	Sample 75	2	1	15	101340	37	1.44
G4	Sample 76	2	1	1	31320	36.96	1.37
G4	Sample 76	2	1	2	36340	36.96	1.37
G4	Sample 76	2	1	3	41350	36.96	1.37
G4	Sample 76	2	1	4	46350	36.96	1.38
G4	Sample 76	2	1	5	51330	37	1.37
G4	Sample 76	2	1	6	56340	37	1.37
G4	Sample 76	2	1	7	61340	37	1.37
G4	Sample 76	2	1	8	66350	37	1.37
G4	Sample 76	2	1	9	71340	37	1.37
G4	Sample 76	2	1	10	76340	37	1.37
G4	Sample 76	2	1	11	81330	36.96	1.37
G4	Sample 76	2	1	12	86340	36.91	1.37
G4	Sample 76	2	1	13	91360	37	1.38
G4	Sample 76	2	1	14	96340	37	1.37
G4	Sample 76	2	1	15	101340	37	1.36
G5	Sample 77	2	1	1	31320	36.96	0.86
G5	Sample 77	2	1	2	36340	36.96	0.85
G5	Sample 77	2	1	3	41350	36.96	0.86
G5	Sample 77	2	1	4	46350	36.96	0.86
G5	Sample 77	2	1	5	51330	37	0.86
G5	Sample 77	2	1	6	56340	37	0.86
G5	Sample 77	2	1	7	61340	37	0.85
G5	Sample 77	2	1	8	66350	37	0.86
G5	Sample 77	2	1	9	71340	37	0.85
G5	Sample 77	2	1	10	76340	37	0.85
G5	Sample 77	2	1	11	81330	36.96	0.85
G5	Sample 77	2	1	12	86340	36.91	0.85
G5	Sample 77	2	1	13	91360	37	0.86
G5	Sample 77	2	1	14	96340	37	0.85
G5	Sample 77	2	1	15	101340	37	0.85
G6	Sample 78	2	1	1	31320	36.96	0.84
G6	Sample 78	2	1	2	36340	36.96	0.84
G6	Sample 78	2	1	3	41350	36.96	0.84
G6	Sample 78	2	1	4	46350	36.96	0.84
G6	Sample 78	2	1	5	51330	37	0.85
G6	Sample 78	2	1	6	56340	37	0.84
G6	Sample 78	2	1	7	61340	37	0.83
G6	Sample 78	2	1	8	66350	37	0.84
G6	Sample 78	2	1	9	71340	37	0.83
G6	Sample 78	2	1	10	76340	37	0.84
G6	Sample 78	2	1	11	81330	36.96	0.83
G6	Sample 78	2	1	12	86340	36.91	0.83
G6	Sample 78	2	1	13	91360	37	0.83
G6	Sample 78	2	1	14	96340	37	0.83
G6	Sample 78	2	1	15	101340	37	0.83
G7	Sample 79	2	1	1	31320	36.96	0.87
G7	Sample 79	2	1	2	36340	36.96	0.86
G7	Sample 79	2	1	3	41350	36.96	0.87
G7	Sample 79	2	1	4	46350	36.96	0.87
G7	Sample 79	2	1	5	51330	37	0.86
G7	Sample 79	2	1	6	56340	37	0.86
G7	Sample 79	2	1	7	61340	37	0.86
G7	Sample 79	2	1	8	66350	37	0.86
G7	Sample 79	2	1	9	71340	37	0.86
G7	Sample 79	2	1	10	76340	37	0.86
G7	Sample 79	2	1	11	81330	36.96	0.86
G7	Sample 79	2	1	12	86340	36.91	0.86
G7	Sample 79	2	1	13	91360	37	0.86
G7	Sample 79	2	1	14	96340	37	0.86
G7	Sample 79	2	1	15	101340	37	0.86
G8	Sample 80	2	1	1	31320	36.96	0.80
G8	Sample 80	2	1	2	36340	36.96	0.80
G8	Sample 80	2	1	3	41350	36.96	0.80
G8	Sample 80	2	1	4	46350	36.96	0.80
G8	Sample 80	2	1	5	51330	37	0.80
G8	Sample 80	2	1	6	56340	37	0.80
G8	Sample 80	2	1	7	61340	37	0.80
G8	Sample 80	2	1	8	66350	37	0.80
G8	Sample 80	2	1	9	71340	37	0.79
G8	Sample 80	2	1	10	76340	37	0.80
G8	Sample 80	2	1	11	81330	36.96	0.80
G8	Sample 80	2	1	12	86340	36.91	0.80
G8	Sample 80	2	1	13	91360	37	0.80
G8	Sample 80	2	1	14	96340	37	0.79
G8	Sample 80	2	1	15	101340	37	0.80
G9	Sample 81	2	1	1	31320	36.96	3.10
G9	Sample 81	2	1	2	36340	36.96	3.11
G9	Sample 81	2	1	3	41350	36.96	3.11
G9	Sample 81	2	1	4	46350	36.96	3.11
G9	Sample 81	2	1	5	51330	37	3.10
G9	Sample 81	2	1	6	56340	37	3.10
G9	Sample 81	2	1	7	61340	37	3.10
G9	Sample 81	2	1	8	66350	37	3.11
G9	Sample 81	2	1	9	71340	37	3.10
G9	Sample 81	2	1	10	76340	37	3.10
G9	Sample 81	2	1	11	81330	36.96	3.10
G9	Sample 81	2	1	12	86340	36.91	3.09
G9	Sample 81	2	1	13	91360	37	3.10
G9	Sample 81	2	1	14	96340	37	3.09
G9	Sample 81	2	1	15	101340	37	3.10
G10	Sample 82	2	1	1	31320	36.96	2.90
G10	Sample 82	2	1	2	36340	36.96	2.88
G10	Sample 82	2	1	3	41350	36.96	2.88
G10	Sample 82	2	1	4	46350	36.96	2.88
G10	Sample 82	2	1	5	51330	37	2.87
G10	Sample 82	2	1	6	56340	37	2.88
G10	Sample 82	2	1	7	61340	37	2.89
G10	Sample 82	2	1	8	66350	37	2.89
G10	Sample 82	2	1	9	71340	37	2.89
G10	Sample 82	2	1	10	76340	37	2.89
G10	Sample 82	2	1	11	81330	36.96	2.89
G10	Sample 82	2	1	12	86340	36.91	2.89
G10	Sample 82	2	1	13	91360	37	2.89
G10	Sample 82	2	1	14	96340	37	2.87
G10	Sample 82	2	1	15	101340	37	2.88
G11	Sample 83	2	1	1	31320	36.96	2.76
G11	Sample 83	2	1	2	36340	36.96	2.76
G11	Sample 83	2	1	3	41350	36.96	2.76
G11	Sample 83	2	1	4	46350	36.96	2.77
G11	Sample 83	2	1	5	51330	37	2.76
G11	Sample 83	2	1	6	56340	37	2.76
G11	Sample 83	2	1	7	61340	37	2.77
G11	Sample 83	2	1	8	66350	37	2.75
G11	Sample 83	2	1	9	71340	37	2.75
G11	Sample 83	2	1	10	76340	37	2.76
G11	Sample 83	2	1	11	81330	36.96	2.76
G11	Sample 83	2	1	12	86340	36.91	2.76
G11	Sample 83	2	1	13	91360	37	2.76
G11	Sample 83	2	1	14	96340	37	2.75
G11	Sample 83	2	1	15	101340	37	2.76
G12	Sample 84	2	1	1	31320	36.96	2.53
G12	Sample 84	2	1	2	36340	36.96	2.52
G12	Sample 84	2	1	3	41350	36.96	2.53
G12	Sample 84	2	1	4	46350	36.96	2.54
G12	Sample 84	2	1	5	51330	37	2.53
G12	Sample 84	2	1	6	56340	37	2.53
G12	Sample 84	2	1	7	61340	37	2.53
G12	Sample 84	2	1	8	66350	37	2.53
G12	Sample 84	2	1	9	71340	37	2.54
G12	Sample 84	2	1	10	76340	37	2.53
G12	Sample 84	2	1	11	81330	36.96	2.54
G12	Sample 84	2	1	12	86340	36.91	2.53
G12	Sample 84	2	1	13	91360	37	2.54
G12	Sample 84	2	1	14	96340	37	2.53
G12	Sample 84	2	1	15	101340	37	2.53
H1	Sample 85	2	1	1	31320	36.96	1.38
H1	Sample 85	2	1	2	36340	36.96	1.38
H1	Sample 85	2	1	3	41350	36.96	1.38
H1	Sample 85	2	1	4	46350	36.96	1.38
H1	Sample 85	2	1	5	51330	37	1.38
H1	Sample 85	2	1	6	56340	37	1.38
H1	Sample 85	2	1	7	61340	37	1.37
H1	Sample 85	2	1	8	66350	37	1.38
H1	Sample 85	2	1	9	71340	37	1.38
H1	Sample 85	2	1	10	76340	37	1.38
H1	Sample 85	2	1	11	81330	36.96	1.37
H1	Sample 85	2	1	12	86340	36.91	1.37
H1	Sample 85	2	1	13	91360	37	1.38
H1	Sample 85	2	1	14	96340	37	1.37
H1	Sample 85	2	1	15	101340	37	1.37
H2	Sample 86	2	1	1	31320	36.96	1.28
H2	Sample 86	2	1	2	36340	36.96	1.29
H2	Sample 86	2	1	3	41350	36.96	1.29
H2	Sample 86	2	1	4	46350	36.96	1.29
H2	Sample 86	2	1	5	51330	37	1.30
H2	Sample 86	2	1	6	56340	37	1.29
H2	Sample 86	2	1	7	61340	37	1.28
H2	Sample 86	2	1	8	66350	37	1.29
H2	Sample 86	2	1	9	71340	37	1.30
H2	Sample 86	2	1	10	76340	37	1.29
H2	Sample 86	2	1	11	81330	36.96	1.29
H2	Sample 86	2	1	12	86340	36.91	1.28
H2	Sample 86	2	1	13	91360	37	1.29
H2	Sample 86	2	1	14	96340	37	1.29
H2	Sample 86	2	1	15	101340	37	1.29
H3	Sample 87	2	1	1	31320	36.96	1.40
H3	Sample 87	2	1	2	36340	36.96	1.41
H3	Sample 87	2	1	3	41350	36.96	1.41
H3	Sample 87	2	1	4	46350	36.96	1.41
H3	Sample 87	2	1	5	51330	37	1.41
H3	Sample 87	2	1	6	56340	37	1.40
H3	Sample 87	2	1	7	61340	37	1.40
H3	Sample 87	2	1	8	66350	37	1.40
H3	Sample 87	2	1	9	71340	37	1.41
H3	Sample 87	2	1	10	76340	37	1.41
H3	Sample 87	2	1	11	81330	36.96	1.40
H3	Sample 87	2	1	12	86340	36.91	1.40
H3	Sample 87	2	1	13	91360	37	1.41
H3	Sample 87	2	1	14	96340	37	1.40
H3	Sample 87	2	1	15	101340	37	1.40
H4	Sample 88	2	1	1	31320	36.96	1.35
H4	Sample 88	2	1	2	36340	36.96	1.36
H4	Sample 88	2	1	3	41350	36.96	1.36
H4	Sample 88	2	1	4	46350	36.96	1.37
H4	Sample 88	2	1	5	51330	37	1.36
H4	Sample 88	2	1	6	56340	37	1.36
H4	Sample 88	2	1	7	61340	37	1.34
H4	Sample 88	2	1	8	66350	37	1.36
H4	Sample 88	2	1	9	71340	37	1.36
H4	Sample 88	2	1	10	76340	37	1.36
H4	Sample 88	2	1	11	81330	36.96	1.35
H4	Sample 88	2	1	12	86340	36.91	1.35
H4	Sample 88	2	1	13	91360	37	1.35
H4	Sample 88	2	1	14	96340	37	1.35
H4	Sample 88	2	1	15	101340	37	1.35
H5	Sample 89	2	1	1	31320	36.96	0.89
H5	Sample 89	2	1	2	36340	36.96	0.89
H5	Sample 89	2	1	3	41350	36.96	0.89
H5	Sample 89	2	1	4	46350	36.96	0.89
H5	Sample 89	2	1	5	51330	37	0.89
H5	Sample 89	2	1	6	56340	37	0.90
H5	Sample 89	2	1	7	61340	37	0.89
H5	Sample 89	2	1	8	66350	37	0.89
H5	Sample 89	2	1	9	71340	37	0.89
H5	Sample 89	2	1	10	76340	37	0.89
H5	Sample 89	2	1	11	81330	36.96	0.89
H5	Sample 89	2	1	12	86340	36.91	0.89
H5	Sample 89	2	1	13	91360	37	0.89
H5	Sample 89	2	1	14	96340	37	0.88
H5	Sample 89	2	1	15	101340	37	0.89
H6	Sample 90	2	1	1	31320	36.96	0.87
H6	Sample 90	2	1	2	36340	36.96	0.87
H6	Sample 90	2	1	3	41350	36.96	0.87
H6	Sample 90	2	1	4	46350	36.96	0.87
H6	Sample 90	2	1	5	51330	37	0.87
H6	Sample 90	2	1	6	56340	37	0.87
H6	Sample 90	2	1	7	61340	37	0.86
H6	Sample 90	2	1	8	66350	37	0.87
H6	Sample 90	2	1	9	71340	37	0.87
H6	Sample 90	2	1	10	76340	37	0.87
H6	Sample 90	2	1	11	81330	36.96	0.86
H6	Sample 90	2	1	12	86340	36.91	0.86
H6	Sample 90	2	1	13	91360	37	0.87
H6	Sample 90	2	1	14	96340	37	0.86
H6	Sample 90	2	1	15	101340	37	0.86
H7	Sample 91	2	1	1	31320	36.96	0.87
H7	Sample 91	2	1	2	36340	36.96	0.87
H7	Sample 91	2	1	3	41350	36.96	0.87
H7	Sample 91	2	1	4	46350	36.96	0.88
H7	Sample 91	2	1	5	51330	37	0.87
H7	Sample 91	2	1	6	56340	37	0.87
H7	Sample 91	2	1	7	61340	37	0.87
H7	Sample 91	2	1	8	66350	37	0.87
H7	Sample 91	2	1	9	71340	37	0.87
H7	Sample 91	2	1	10	76340	37	0.87
H7	Sample 91	2	1	11	81330	36.96	0.87
H7	Sample 91	2	1	12	86340	36.91	0.87
H7	Sample 91	2	1	13	91360	37	0.87
H7	Sample 91	2	1	14	96340	37	0.86
H7	Sample 91	2	1	15	101340	37	0.87
H8	Sample 92	2	1	1	31320	36.96	0.82
H8	Sample 92	2	1	2	36340	36.96	0.82
H8	Sample 92	2	1	3	41350	36.96	0.82
H8	Sample 92	2	1	4	46350	36.96	0.82
H8	Sample 92	2	1	5	51330	37	0.82
H8	Sample 92	2	1	6	56340	37	0.81
H8	Sample 92	2	1	7	61340	37	0.81
H8	Sample 92	2	1	8	66350	37	0.81
H8	Sample 92	2	1	9	71340	37	0.82
H8	Sample 92	2	1	10	76340	37	0.82
H8	Sample 92	2	1	11	81330	36.96	0.81
H8	Sample 92	2	1	12	86340	36.91	0.81
H8	Sample 92	2	1	13	91360	37	0.81
H8	Sample 92	2	1	14	96340	37	0.80
H8	Sample 92	2	1	15	101340	37	0.81
H9	Sample 93	2	1	1	31320	36.96	2.96
H9	Sample 93	2	1	2	36340	36.96	2.96
H9	Sample 93	2	1	3	41350	36.96	2.97
H9	Sample 93	2	1	4	46350	36.96	2.96
H9	Sample 93	2	1	5	51330	37	2.96
H9	Sample 93	2	1	6	56340	37	2.94
H9	Sample 93	2	1	7	61340	37	2.96
H9	Sample 93	2	1	8	66350	37	2.96
H9	Sample 93	2	1	9	71340	37	2.95
H9	Sample 93	2	1	10	76340	37	2.95
H9	Sample 93	2	1	11	81330	36.96	2.95
H9	Sample 93	2	1	12	86340	36.91	2.96
H9	Sample 93	2	1	13	91360	37	2.97
H9	Sample 93	2	1	14	96340	37	2.96
H9	Sample 93	2	1	15	101340	37	2.95
H10	Sample 94	2	1	1	31320	36.96	2.76
H10	Sample 94	2	1	2	36340	36.96	2.75
H10	Sample 94	2	1	3	41350	36.96	2.75
H10	Sample 94	2	1	4	46350	36.96	2.76
H10	Sample 94	2	1	5	51330	37	2.76
H10	Sample 94	2	1	6	56340	37	2.76
H10	Sample 94	2	1	7	61340	37	2.75
H10	Sample 94	2	1	8	66350	37	2.76
H10	Sample 94	2	1	9	71340	37	2.76
H10	Sample 94	2	1	10	76340	37	2.77
H10	Sample 94	2	1	11	81330	36.96	2.76
H10	Sample 94	2	1	12	86340	36.91	2.76
H10	Sample 94	2	1	13	91360	37	2.76
H10	Sample 94	2	1	14	96340	37	2.75
H10	Sample 94	2	1	15	101340	37	2.76
H11	Sample 95	2	1	1	31320	36.96	2.70
H11	Sample 95	2	1	2	36340	36.96	2.70
H11	Sample 95	2	1	3	41350	36.96	2.70
H11	Sample 95	2	1	4	46350	36.96	2.70
H11	Sample 95	2	1	5	51330	37	2.70
H11	Sample 95	2	1	6	56340	37	2.69
H11	Sample 95	2	1	7	61340	37	2.69
H11	Sample 95	2	1	8	66350	37	2.70
H11	Sample 95	2	1	9	71340	37	2.70
H11	Sample 95	2	1	10	76340	37	2.69
H11	Sample 95	2	1	11	81330	36.96	2.69
H11	Sample 95	2	1	12	86340	36.91	2.69
H11	Sample 95	2	1	13	91360	37	2.70
H11	Sample 95	2	1	14	96340	37	2.69
H11	Sample 95	2	1	15	101340	37	2.70
H12	Sample 96	2	1	1	31320	36.96	2.67
H12	Sample 96	2	1	2	36340	36.96	2.67
H12	Sample 96	2	1	3	41350	36.96	2.67
H12	Sample 96	2	1	4	46350	36.96	2.66
H12	Sample 96	2	1	5	51330	37	2.67
H12	Sample 96	2	1	6	56340	37	2.66
H12	Sample 96	2	1	7	61340	37	2.66
H12	Sample 96	2	1	8	66350	37	2.67
H12	Sample 96	2	1	9	71340	37	2.67
H12	Sample 96	2	1	10	76340	37	2.66
H12	Sample 96	2	1	11	81330	36.96	2.66
H12	Sample 96	2	1	12	86340	36.91	2.67
H12	Sample 96	2	1	13	91360	37	2.67
H12	Sample 96	2	1	14	96340	37	2.66
H12	Sample 96	2	1	15	101340	37	2.66
