Raw Data 		Experiment - evIC50_12_plate1_246APRIL2026 (Run on LCS480 1.5.1.62)
SamplePos	SampleName	Prog#	Seg#	Cycle#	Time	Temp	465-510	
A1	Sample 1	2	1	1	34040	36.91	0.82
A1	Sample 1	2	1	2	39060	36.91	0.81
A1	Sample 1	2	1	3	44050	36.96	0.81
A1	Sample 1	2	1	4	49060	36.96	0.81
A1	Sample 1	2	1	5	54060	36.96	0.81
A1	Sample 1	2	1	6	59070	36.96	0.80
A1	Sample 1	2	1	7	64070	36.96	0.81
A1	Sample 1	2	1	8	69060	36.96	0.80
A1	Sample 1	2	1	9	74050	37	0.80
A1	Sample 1	2	1	10	79060	36.96	0.80
A1	Sample 1	2	1	11	84060	36.96	0.79
A1	Sample 1	2	1	12	89050	36.96	0.79
A1	Sample 1	2	1	13	94060	37	0.80
A1	Sample 1	2	1	14	99060	36.96	0.79
A1	Sample 1	2	1	15	104070	36.96	0.80
A2	Sample 2	2	1	1	34040	36.91	0.85
A2	Sample 2	2	1	2	39060	36.91	0.84
A2	Sample 2	2	1	3	44050	36.96	0.84
A2	Sample 2	2	1	4	49060	36.96	0.84
A2	Sample 2	2	1	5	54060	36.96	0.84
A2	Sample 2	2	1	6	59070	36.96	0.83
A2	Sample 2	2	1	7	64070	36.96	0.83
A2	Sample 2	2	1	8	69060	36.96	0.83
A2	Sample 2	2	1	9	74050	37	0.83
A2	Sample 2	2	1	10	79060	36.96	0.82
A2	Sample 2	2	1	11	84060	36.96	0.83
A2	Sample 2	2	1	12	89050	36.96	0.82
A2	Sample 2	2	1	13	94060	37	0.82
A2	Sample 2	2	1	14	99060	36.96	0.83
A2	Sample 2	2	1	15	104070	36.96	0.82
A3	Sample 3	2	1	1	34040	36.91	0.93
A3	Sample 3	2	1	2	39060	36.91	0.93
A3	Sample 3	2	1	3	44050	36.96	0.93
A3	Sample 3	2	1	4	49060	36.96	0.92
A3	Sample 3	2	1	5	54060	36.96	0.91
A3	Sample 3	2	1	6	59070	36.96	0.91
A3	Sample 3	2	1	7	64070	36.96	0.91
A3	Sample 3	2	1	8	69060	36.96	0.91
A3	Sample 3	2	1	9	74050	37	0.91
A3	Sample 3	2	1	10	79060	36.96	0.90
A3	Sample 3	2	1	11	84060	36.96	0.91
A3	Sample 3	2	1	12	89050	36.96	0.91
A3	Sample 3	2	1	13	94060	37	0.90
A3	Sample 3	2	1	14	99060	36.96	0.91
A3	Sample 3	2	1	15	104070	36.96	0.90
A4	Sample 4	2	1	1	34040	36.91	0.92
A4	Sample 4	2	1	2	39060	36.91	0.91
A4	Sample 4	2	1	3	44050	36.96	0.90
A4	Sample 4	2	1	4	49060	36.96	0.91
A4	Sample 4	2	1	5	54060	36.96	0.90
A4	Sample 4	2	1	6	59070	36.96	0.90
A4	Sample 4	2	1	7	64070	36.96	0.90
A4	Sample 4	2	1	8	69060	36.96	0.89
A4	Sample 4	2	1	9	74050	37	0.89
A4	Sample 4	2	1	10	79060	36.96	0.89
A4	Sample 4	2	1	11	84060	36.96	0.89
A4	Sample 4	2	1	12	89050	36.96	0.89
A4	Sample 4	2	1	13	94060	37	0.89
A4	Sample 4	2	1	14	99060	36.96	0.89
A4	Sample 4	2	1	15	104070	36.96	0.88
A5	Sample 5	2	1	1	34040	36.91	0.55
A5	Sample 5	2	1	2	39060	36.91	0.55
A5	Sample 5	2	1	3	44050	36.96	0.54
A5	Sample 5	2	1	4	49060	36.96	0.54
A5	Sample 5	2	1	5	54060	36.96	0.55
A5	Sample 5	2	1	6	59070	36.96	0.54
A5	Sample 5	2	1	7	64070	36.96	0.54
A5	Sample 5	2	1	8	69060	36.96	0.53
A5	Sample 5	2	1	9	74050	37	0.54
A5	Sample 5	2	1	10	79060	36.96	0.54
A5	Sample 5	2	1	11	84060	36.96	0.54
A5	Sample 5	2	1	12	89050	36.96	0.54
A5	Sample 5	2	1	13	94060	37	0.54
A5	Sample 5	2	1	14	99060	36.96	0.54
A5	Sample 5	2	1	15	104070	36.96	0.54
A6	Sample 6	2	1	1	34040	36.91	0.57
A6	Sample 6	2	1	2	39060	36.91	0.56
A6	Sample 6	2	1	3	44050	36.96	0.56
A6	Sample 6	2	1	4	49060	36.96	0.56
A6	Sample 6	2	1	5	54060	36.96	0.55
A6	Sample 6	2	1	6	59070	36.96	0.55
A6	Sample 6	2	1	7	64070	36.96	0.56
A6	Sample 6	2	1	8	69060	36.96	0.56
A6	Sample 6	2	1	9	74050	37	0.55
A6	Sample 6	2	1	10	79060	36.96	0.55
A6	Sample 6	2	1	11	84060	36.96	0.55
A6	Sample 6	2	1	12	89050	36.96	0.55
A6	Sample 6	2	1	13	94060	37	0.55
A6	Sample 6	2	1	14	99060	36.96	0.56
A6	Sample 6	2	1	15	104070	36.96	0.55
A7	Sample 7	2	1	1	34040	36.91	0.59
A7	Sample 7	2	1	2	39060	36.91	0.59
A7	Sample 7	2	1	3	44050	36.96	0.58
A7	Sample 7	2	1	4	49060	36.96	0.59
A7	Sample 7	2	1	5	54060	36.96	0.58
A7	Sample 7	2	1	6	59070	36.96	0.59
A7	Sample 7	2	1	7	64070	36.96	0.58
A7	Sample 7	2	1	8	69060	36.96	0.58
A7	Sample 7	2	1	9	74050	37	0.58
A7	Sample 7	2	1	10	79060	36.96	0.58
A7	Sample 7	2	1	11	84060	36.96	0.58
A7	Sample 7	2	1	12	89050	36.96	0.58
A7	Sample 7	2	1	13	94060	37	0.58
A7	Sample 7	2	1	14	99060	36.96	0.58
A7	Sample 7	2	1	15	104070	36.96	0.58
A8	Sample 8	2	1	1	34040	36.91	0.57
A8	Sample 8	2	1	2	39060	36.91	0.56
A8	Sample 8	2	1	3	44050	36.96	0.55
A8	Sample 8	2	1	4	49060	36.96	0.55
A8	Sample 8	2	1	5	54060	36.96	0.55
A8	Sample 8	2	1	6	59070	36.96	0.56
A8	Sample 8	2	1	7	64070	36.96	0.55
A8	Sample 8	2	1	8	69060	36.96	0.55
A8	Sample 8	2	1	9	74050	37	0.55
A8	Sample 8	2	1	10	79060	36.96	0.55
A8	Sample 8	2	1	11	84060	36.96	0.55
A8	Sample 8	2	1	12	89050	36.96	0.55
A8	Sample 8	2	1	13	94060	37	0.54
A8	Sample 8	2	1	14	99060	36.96	0.55
A8	Sample 8	2	1	15	104070	36.96	0.55
A9	Sample 9	2	1	1	34040	36.91	0.66
A9	Sample 9	2	1	2	39060	36.91	0.66
A9	Sample 9	2	1	3	44050	36.96	0.65
A9	Sample 9	2	1	4	49060	36.96	0.65
A9	Sample 9	2	1	5	54060	36.96	0.65
A9	Sample 9	2	1	6	59070	36.96	0.66
A9	Sample 9	2	1	7	64070	36.96	0.65
A9	Sample 9	2	1	8	69060	36.96	0.65
A9	Sample 9	2	1	9	74050	37	0.65
A9	Sample 9	2	1	10	79060	36.96	0.65
A9	Sample 9	2	1	11	84060	36.96	0.64
A9	Sample 9	2	1	12	89050	36.96	0.65
A9	Sample 9	2	1	13	94060	37	0.65
A9	Sample 9	2	1	14	99060	36.96	0.65
A9	Sample 9	2	1	15	104070	36.96	0.65
A10	Sample 10	2	1	1	34040	36.91	0.66
A10	Sample 10	2	1	2	39060	36.91	0.66
A10	Sample 10	2	1	3	44050	36.96	0.65
A10	Sample 10	2	1	4	49060	36.96	0.66
A10	Sample 10	2	1	5	54060	36.96	0.66
A10	Sample 10	2	1	6	59070	36.96	0.66
A10	Sample 10	2	1	7	64070	36.96	0.65
A10	Sample 10	2	1	8	69060	36.96	0.65
A10	Sample 10	2	1	9	74050	37	0.65
A10	Sample 10	2	1	10	79060	36.96	0.65
A10	Sample 10	2	1	11	84060	36.96	0.65
A10	Sample 10	2	1	12	89050	36.96	0.65
A10	Sample 10	2	1	13	94060	37	0.65
A10	Sample 10	2	1	14	99060	36.96	0.65
A10	Sample 10	2	1	15	104070	36.96	0.65
A11	Sample 11	2	1	1	34040	36.91	0.69
A11	Sample 11	2	1	2	39060	36.91	0.68
A11	Sample 11	2	1	3	44050	36.96	0.68
A11	Sample 11	2	1	4	49060	36.96	0.68
A11	Sample 11	2	1	5	54060	36.96	0.67
A11	Sample 11	2	1	6	59070	36.96	0.67
A11	Sample 11	2	1	7	64070	36.96	0.66
A11	Sample 11	2	1	8	69060	36.96	0.66
A11	Sample 11	2	1	9	74050	37	0.66
A11	Sample 11	2	1	10	79060	36.96	0.66
A11	Sample 11	2	1	11	84060	36.96	0.66
A11	Sample 11	2	1	12	89050	36.96	0.66
A11	Sample 11	2	1	13	94060	37	0.66
A11	Sample 11	2	1	14	99060	36.96	0.66
A11	Sample 11	2	1	15	104070	36.96	0.66
A12	Sample 12	2	1	1	34040	36.91	0.64
A12	Sample 12	2	1	2	39060	36.91	0.63
A12	Sample 12	2	1	3	44050	36.96	0.63
A12	Sample 12	2	1	4	49060	36.96	0.63
A12	Sample 12	2	1	5	54060	36.96	0.62
A12	Sample 12	2	1	6	59070	36.96	0.62
A12	Sample 12	2	1	7	64070	36.96	0.62
A12	Sample 12	2	1	8	69060	36.96	0.62
A12	Sample 12	2	1	9	74050	37	0.62
A12	Sample 12	2	1	10	79060	36.96	0.62
A12	Sample 12	2	1	11	84060	36.96	0.62
A12	Sample 12	2	1	12	89050	36.96	0.62
A12	Sample 12	2	1	13	94060	37	0.63
A12	Sample 12	2	1	14	99060	36.96	0.62
A12	Sample 12	2	1	15	104070	36.96	0.62
B1	Sample 13	2	1	1	34040	36.91	0.79
B1	Sample 13	2	1	2	39060	36.91	0.78
B1	Sample 13	2	1	3	44050	36.96	0.78
B1	Sample 13	2	1	4	49060	36.96	0.78
B1	Sample 13	2	1	5	54060	36.96	0.77
B1	Sample 13	2	1	6	59070	36.96	0.77
B1	Sample 13	2	1	7	64070	36.96	0.76
B1	Sample 13	2	1	8	69060	36.96	0.76
B1	Sample 13	2	1	9	74050	37	0.76
B1	Sample 13	2	1	10	79060	36.96	0.76
B1	Sample 13	2	1	11	84060	36.96	0.76
B1	Sample 13	2	1	12	89050	36.96	0.76
B1	Sample 13	2	1	13	94060	37	0.77
B1	Sample 13	2	1	14	99060	36.96	0.76
B1	Sample 13	2	1	15	104070	36.96	0.75
B2	Sample 14	2	1	1	34040	36.91	0.80
B2	Sample 14	2	1	2	39060	36.91	0.78
B2	Sample 14	2	1	3	44050	36.96	0.78
B2	Sample 14	2	1	4	49060	36.96	0.78
B2	Sample 14	2	1	5	54060	36.96	0.77
B2	Sample 14	2	1	6	59070	36.96	0.77
B2	Sample 14	2	1	7	64070	36.96	0.77
B2	Sample 14	2	1	8	69060	36.96	0.77
B2	Sample 14	2	1	9	74050	37	0.77
B2	Sample 14	2	1	10	79060	36.96	0.77
B2	Sample 14	2	1	11	84060	36.96	0.76
B2	Sample 14	2	1	12	89050	36.96	0.77
B2	Sample 14	2	1	13	94060	37	0.78
B2	Sample 14	2	1	14	99060	36.96	0.77
B2	Sample 14	2	1	15	104070	36.96	0.78
B3	Sample 15	2	1	1	34040	36.91	0.86
B3	Sample 15	2	1	2	39060	36.91	0.84
B3	Sample 15	2	1	3	44050	36.96	0.84
B3	Sample 15	2	1	4	49060	36.96	0.84
B3	Sample 15	2	1	5	54060	36.96	0.84
B3	Sample 15	2	1	6	59070	36.96	0.85
B3	Sample 15	2	1	7	64070	36.96	0.85
B3	Sample 15	2	1	8	69060	36.96	0.84
B3	Sample 15	2	1	9	74050	37	0.84
B3	Sample 15	2	1	10	79060	36.96	0.84
B3	Sample 15	2	1	11	84060	36.96	0.84
B3	Sample 15	2	1	12	89050	36.96	0.85
B3	Sample 15	2	1	13	94060	37	0.85
B3	Sample 15	2	1	14	99060	36.96	0.84
B3	Sample 15	2	1	15	104070	36.96	0.84
B4	Sample 16	2	1	1	34040	36.91	0.91
B4	Sample 16	2	1	2	39060	36.91	0.89
B4	Sample 16	2	1	3	44050	36.96	0.89
B4	Sample 16	2	1	4	49060	36.96	0.89
B4	Sample 16	2	1	5	54060	36.96	0.88
B4	Sample 16	2	1	6	59070	36.96	0.89
B4	Sample 16	2	1	7	64070	36.96	0.88
B4	Sample 16	2	1	8	69060	36.96	0.88
B4	Sample 16	2	1	9	74050	37	0.88
B4	Sample 16	2	1	10	79060	36.96	0.88
B4	Sample 16	2	1	11	84060	36.96	0.87
B4	Sample 16	2	1	12	89050	36.96	0.87
B4	Sample 16	2	1	13	94060	37	0.88
B4	Sample 16	2	1	14	99060	36.96	0.87
B4	Sample 16	2	1	15	104070	36.96	0.88
B5	Sample 17	2	1	1	34040	36.91	0.52
B5	Sample 17	2	1	2	39060	36.91	0.50
B5	Sample 17	2	1	3	44050	36.96	0.50
B5	Sample 17	2	1	4	49060	36.96	0.51
B5	Sample 17	2	1	5	54060	36.96	0.50
B5	Sample 17	2	1	6	59070	36.96	0.50
B5	Sample 17	2	1	7	64070	36.96	0.50
B5	Sample 17	2	1	8	69060	36.96	0.50
B5	Sample 17	2	1	9	74050	37	0.50
B5	Sample 17	2	1	10	79060	36.96	0.50
B5	Sample 17	2	1	11	84060	36.96	0.50
B5	Sample 17	2	1	12	89050	36.96	0.50
B5	Sample 17	2	1	13	94060	37	0.51
B5	Sample 17	2	1	14	99060	36.96	0.50
B5	Sample 17	2	1	15	104070	36.96	0.50
B6	Sample 18	2	1	1	34040	36.91	0.53
B6	Sample 18	2	1	2	39060	36.91	0.52
B6	Sample 18	2	1	3	44050	36.96	0.51
B6	Sample 18	2	1	4	49060	36.96	0.51
B6	Sample 18	2	1	5	54060	36.96	0.51
B6	Sample 18	2	1	6	59070	36.96	0.51
B6	Sample 18	2	1	7	64070	36.96	0.51
B6	Sample 18	2	1	8	69060	36.96	0.51
B6	Sample 18	2	1	9	74050	37	0.51
B6	Sample 18	2	1	10	79060	36.96	0.51
B6	Sample 18	2	1	11	84060	36.96	0.51
B6	Sample 18	2	1	12	89050	36.96	0.50
B6	Sample 18	2	1	13	94060	37	0.51
B6	Sample 18	2	1	14	99060	36.96	0.51
B6	Sample 18	2	1	15	104070	36.96	0.51
B7	Sample 19	2	1	1	34040	36.91	0.57
B7	Sample 19	2	1	2	39060	36.91	0.56
B7	Sample 19	2	1	3	44050	36.96	0.56
B7	Sample 19	2	1	4	49060	36.96	0.56
B7	Sample 19	2	1	5	54060	36.96	0.55
B7	Sample 19	2	1	6	59070	36.96	0.55
B7	Sample 19	2	1	7	64070	36.96	0.55
B7	Sample 19	2	1	8	69060	36.96	0.55
B7	Sample 19	2	1	9	74050	37	0.55
B7	Sample 19	2	1	10	79060	36.96	0.55
B7	Sample 19	2	1	11	84060	36.96	0.55
B7	Sample 19	2	1	12	89050	36.96	0.55
B7	Sample 19	2	1	13	94060	37	0.55
B7	Sample 19	2	1	14	99060	36.96	0.54
B7	Sample 19	2	1	15	104070	36.96	0.55
B8	Sample 20	2	1	1	34040	36.91	0.54
B8	Sample 20	2	1	2	39060	36.91	0.53
B8	Sample 20	2	1	3	44050	36.96	0.52
B8	Sample 20	2	1	4	49060	36.96	0.52
B8	Sample 20	2	1	5	54060	36.96	0.52
B8	Sample 20	2	1	6	59070	36.96	0.52
B8	Sample 20	2	1	7	64070	36.96	0.52
B8	Sample 20	2	1	8	69060	36.96	0.52
B8	Sample 20	2	1	9	74050	37	0.52
B8	Sample 20	2	1	10	79060	36.96	0.52
B8	Sample 20	2	1	11	84060	36.96	0.52
B8	Sample 20	2	1	12	89050	36.96	0.52
B8	Sample 20	2	1	13	94060	37	0.52
B8	Sample 20	2	1	14	99060	36.96	0.52
B8	Sample 20	2	1	15	104070	36.96	0.52
B9	Sample 21	2	1	1	34040	36.91	0.65
B9	Sample 21	2	1	2	39060	36.91	0.63
B9	Sample 21	2	1	3	44050	36.96	0.63
B9	Sample 21	2	1	4	49060	36.96	0.63
B9	Sample 21	2	1	5	54060	36.96	0.63
B9	Sample 21	2	1	6	59070	36.96	0.63
B9	Sample 21	2	1	7	64070	36.96	0.62
B9	Sample 21	2	1	8	69060	36.96	0.62
B9	Sample 21	2	1	9	74050	37	0.63
B9	Sample 21	2	1	10	79060	36.96	0.62
B9	Sample 21	2	1	11	84060	36.96	0.62
B9	Sample 21	2	1	12	89050	36.96	0.63
B9	Sample 21	2	1	13	94060	37	0.63
B9	Sample 21	2	1	14	99060	36.96	0.62
B9	Sample 21	2	1	15	104070	36.96	0.62
B10	Sample 22	2	1	1	34040	36.91	0.63
B10	Sample 22	2	1	2	39060	36.91	0.62
B10	Sample 22	2	1	3	44050	36.96	0.62
B10	Sample 22	2	1	4	49060	36.96	0.62
B10	Sample 22	2	1	5	54060	36.96	0.61
B10	Sample 22	2	1	6	59070	36.96	0.62
B10	Sample 22	2	1	7	64070	36.96	0.62
B10	Sample 22	2	1	8	69060	36.96	0.61
B10	Sample 22	2	1	9	74050	37	0.62
B10	Sample 22	2	1	10	79060	36.96	0.62
B10	Sample 22	2	1	11	84060	36.96	0.61
B10	Sample 22	2	1	12	89050	36.96	0.61
B10	Sample 22	2	1	13	94060	37	0.62
B10	Sample 22	2	1	14	99060	36.96	0.61
B10	Sample 22	2	1	15	104070	36.96	0.61
B11	Sample 23	2	1	1	34040	36.91	0.69
B11	Sample 23	2	1	2	39060	36.91	0.68
B11	Sample 23	2	1	3	44050	36.96	0.68
B11	Sample 23	2	1	4	49060	36.96	0.68
B11	Sample 23	2	1	5	54060	36.96	0.67
B11	Sample 23	2	1	6	59070	36.96	0.68
B11	Sample 23	2	1	7	64070	36.96	0.67
B11	Sample 23	2	1	8	69060	36.96	0.67
B11	Sample 23	2	1	9	74050	37	0.67
B11	Sample 23	2	1	10	79060	36.96	0.67
B11	Sample 23	2	1	11	84060	36.96	0.67
B11	Sample 23	2	1	12	89050	36.96	0.67
B11	Sample 23	2	1	13	94060	37	0.67
B11	Sample 23	2	1	14	99060	36.96	0.67
B11	Sample 23	2	1	15	104070	36.96	0.66
B12	Sample 24	2	1	1	34040	36.91	0.64
B12	Sample 24	2	1	2	39060	36.91	0.63
B12	Sample 24	2	1	3	44050	36.96	0.63
B12	Sample 24	2	1	4	49060	36.96	0.63
B12	Sample 24	2	1	5	54060	36.96	0.63
B12	Sample 24	2	1	6	59070	36.96	0.63
B12	Sample 24	2	1	7	64070	36.96	0.63
B12	Sample 24	2	1	8	69060	36.96	0.62
B12	Sample 24	2	1	9	74050	37	0.62
B12	Sample 24	2	1	10	79060	36.96	0.63
B12	Sample 24	2	1	11	84060	36.96	0.62
B12	Sample 24	2	1	12	89050	36.96	0.62
B12	Sample 24	2	1	13	94060	37	0.63
B12	Sample 24	2	1	14	99060	36.96	0.62
B12	Sample 24	2	1	15	104070	36.96	0.62
C1	Sample 25	2	1	1	34040	36.91	0.79
C1	Sample 25	2	1	2	39060	36.91	0.78
C1	Sample 25	2	1	3	44050	36.96	0.78
C1	Sample 25	2	1	4	49060	36.96	0.78
C1	Sample 25	2	1	5	54060	36.96	0.77
C1	Sample 25	2	1	6	59070	36.96	0.77
C1	Sample 25	2	1	7	64070	36.96	0.77
C1	Sample 25	2	1	8	69060	36.96	0.76
C1	Sample 25	2	1	9	74050	37	0.77
C1	Sample 25	2	1	10	79060	36.96	0.77
C1	Sample 25	2	1	11	84060	36.96	0.77
C1	Sample 25	2	1	12	89050	36.96	0.76
C1	Sample 25	2	1	13	94060	37	0.76
C1	Sample 25	2	1	14	99060	36.96	0.77
C1	Sample 25	2	1	15	104070	36.96	0.78
C2	Sample 26	2	1	1	34040	36.91	0.84
C2	Sample 26	2	1	2	39060	36.91	0.82
C2	Sample 26	2	1	3	44050	36.96	0.82
C2	Sample 26	2	1	4	49060	36.96	0.82
C2	Sample 26	2	1	5	54060	36.96	0.82
C2	Sample 26	2	1	6	59070	36.96	0.82
C2	Sample 26	2	1	7	64070	36.96	0.81
C2	Sample 26	2	1	8	69060	36.96	0.82
C2	Sample 26	2	1	9	74050	37	0.81
C2	Sample 26	2	1	10	79060	36.96	0.82
C2	Sample 26	2	1	11	84060	36.96	0.82
C2	Sample 26	2	1	12	89050	36.96	0.82
C2	Sample 26	2	1	13	94060	37	0.82
C2	Sample 26	2	1	14	99060	36.96	0.82
C2	Sample 26	2	1	15	104070	36.96	0.83
C3	Sample 27	2	1	1	34040	36.91	0.87
C3	Sample 27	2	1	2	39060	36.91	0.86
C3	Sample 27	2	1	3	44050	36.96	0.85
C3	Sample 27	2	1	4	49060	36.96	0.86
C3	Sample 27	2	1	5	54060	36.96	0.85
C3	Sample 27	2	1	6	59070	36.96	0.85
C3	Sample 27	2	1	7	64070	36.96	0.84
C3	Sample 27	2	1	8	69060	36.96	0.84
C3	Sample 27	2	1	9	74050	37	0.84
C3	Sample 27	2	1	10	79060	36.96	0.85
C3	Sample 27	2	1	11	84060	36.96	0.85
C3	Sample 27	2	1	12	89050	36.96	0.85
C3	Sample 27	2	1	13	94060	37	0.84
C3	Sample 27	2	1	14	99060	36.96	0.84
C3	Sample 27	2	1	15	104070	36.96	0.85
C4	Sample 28	2	1	1	34040	36.91	0.88
C4	Sample 28	2	1	2	39060	36.91	0.88
C4	Sample 28	2	1	3	44050	36.96	0.87
C4	Sample 28	2	1	4	49060	36.96	0.87
C4	Sample 28	2	1	5	54060	36.96	0.86
C4	Sample 28	2	1	6	59070	36.96	0.86
C4	Sample 28	2	1	7	64070	36.96	0.85
C4	Sample 28	2	1	8	69060	36.96	0.86
C4	Sample 28	2	1	9	74050	37	0.85
C4	Sample 28	2	1	10	79060	36.96	0.86
C4	Sample 28	2	1	11	84060	36.96	0.86
C4	Sample 28	2	1	12	89050	36.96	0.86
C4	Sample 28	2	1	13	94060	37	0.87
C4	Sample 28	2	1	14	99060	36.96	0.86
C4	Sample 28	2	1	15	104070	36.96	0.86
C5	Sample 29	2	1	1	34040	36.91	0.50
C5	Sample 29	2	1	2	39060	36.91	0.50
C5	Sample 29	2	1	3	44050	36.96	0.50
C5	Sample 29	2	1	4	49060	36.96	0.49
C5	Sample 29	2	1	5	54060	36.96	0.48
C5	Sample 29	2	1	6	59070	36.96	0.49
C5	Sample 29	2	1	7	64070	36.96	0.48
C5	Sample 29	2	1	8	69060	36.96	0.48
C5	Sample 29	2	1	9	74050	37	0.48
C5	Sample 29	2	1	10	79060	36.96	0.48
C5	Sample 29	2	1	11	84060	36.96	0.49
C5	Sample 29	2	1	12	89050	36.96	0.48
C5	Sample 29	2	1	13	94060	37	0.48
C5	Sample 29	2	1	14	99060	36.96	0.48
C5	Sample 29	2	1	15	104070	36.96	0.48
C6	Sample 30	2	1	1	34040	36.91	0.56
C6	Sample 30	2	1	2	39060	36.91	0.56
C6	Sample 30	2	1	3	44050	36.96	0.56
C6	Sample 30	2	1	4	49060	36.96	0.55
C6	Sample 30	2	1	5	54060	36.96	0.54
C6	Sample 30	2	1	6	59070	36.96	0.55
C6	Sample 30	2	1	7	64070	36.96	0.54
C6	Sample 30	2	1	8	69060	36.96	0.55
C6	Sample 30	2	1	9	74050	37	0.55
C6	Sample 30	2	1	10	79060	36.96	0.55
C6	Sample 30	2	1	11	84060	36.96	0.55
C6	Sample 30	2	1	12	89050	36.96	0.55
C6	Sample 30	2	1	13	94060	37	0.55
C6	Sample 30	2	1	14	99060	36.96	0.54
C6	Sample 30	2	1	15	104070	36.96	0.55
C7	Sample 31	2	1	1	34040	36.91	0.57
C7	Sample 31	2	1	2	39060	36.91	0.57
C7	Sample 31	2	1	3	44050	36.96	0.57
C7	Sample 31	2	1	4	49060	36.96	0.56
C7	Sample 31	2	1	5	54060	36.96	0.56
C7	Sample 31	2	1	6	59070	36.96	0.56
C7	Sample 31	2	1	7	64070	36.96	0.56
C7	Sample 31	2	1	8	69060	36.96	0.56
C7	Sample 31	2	1	9	74050	37	0.55
C7	Sample 31	2	1	10	79060	36.96	0.56
C7	Sample 31	2	1	11	84060	36.96	0.56
C7	Sample 31	2	1	12	89050	36.96	0.55
C7	Sample 31	2	1	13	94060	37	0.56
C7	Sample 31	2	1	14	99060	36.96	0.56
C7	Sample 31	2	1	15	104070	36.96	0.56
C8	Sample 32	2	1	1	34040	36.91	0.54
C8	Sample 32	2	1	2	39060	36.91	0.53
C8	Sample 32	2	1	3	44050	36.96	0.53
C8	Sample 32	2	1	4	49060	36.96	0.53
C8	Sample 32	2	1	5	54060	36.96	0.52
C8	Sample 32	2	1	6	59070	36.96	0.52
C8	Sample 32	2	1	7	64070	36.96	0.52
C8	Sample 32	2	1	8	69060	36.96	0.52
C8	Sample 32	2	1	9	74050	37	0.51
C8	Sample 32	2	1	10	79060	36.96	0.52
C8	Sample 32	2	1	11	84060	36.96	0.52
C8	Sample 32	2	1	12	89050	36.96	0.52
C8	Sample 32	2	1	13	94060	37	0.52
C8	Sample 32	2	1	14	99060	36.96	0.52
C8	Sample 32	2	1	15	104070	36.96	0.52
C9	Sample 33	2	1	1	34040	36.91	0.64
C9	Sample 33	2	1	2	39060	36.91	0.64
C9	Sample 33	2	1	3	44050	36.96	0.64
C9	Sample 33	2	1	4	49060	36.96	0.63
C9	Sample 33	2	1	5	54060	36.96	0.62
C9	Sample 33	2	1	6	59070	36.96	0.63
C9	Sample 33	2	1	7	64070	36.96	0.63
C9	Sample 33	2	1	8	69060	36.96	0.62
C9	Sample 33	2	1	9	74050	37	0.62
C9	Sample 33	2	1	10	79060	36.96	0.63
C9	Sample 33	2	1	11	84060	36.96	0.63
C9	Sample 33	2	1	12	89050	36.96	0.63
C9	Sample 33	2	1	13	94060	37	0.63
C9	Sample 33	2	1	14	99060	36.96	0.63
C9	Sample 33	2	1	15	104070	36.96	0.64
C10	Sample 34	2	1	1	34040	36.91	0.64
C10	Sample 34	2	1	2	39060	36.91	0.63
C10	Sample 34	2	1	3	44050	36.96	0.64
C10	Sample 34	2	1	4	49060	36.96	0.63
C10	Sample 34	2	1	5	54060	36.96	0.62
C10	Sample 34	2	1	6	59070	36.96	0.63
C10	Sample 34	2	1	7	64070	36.96	0.62
C10	Sample 34	2	1	8	69060	36.96	0.62
C10	Sample 34	2	1	9	74050	37	0.62
C10	Sample 34	2	1	10	79060	36.96	0.62
C10	Sample 34	2	1	11	84060	36.96	0.63
C10	Sample 34	2	1	12	89050	36.96	0.63
C10	Sample 34	2	1	13	94060	37	0.62
C10	Sample 34	2	1	14	99060	36.96	0.63
C10	Sample 34	2	1	15	104070	36.96	0.64
C11	Sample 35	2	1	1	34040	36.91	0.63
C11	Sample 35	2	1	2	39060	36.91	0.63
C11	Sample 35	2	1	3	44050	36.96	0.63
C11	Sample 35	2	1	4	49060	36.96	0.62
C11	Sample 35	2	1	5	54060	36.96	0.62
C11	Sample 35	2	1	6	59070	36.96	0.62
C11	Sample 35	2	1	7	64070	36.96	0.62
C11	Sample 35	2	1	8	69060	36.96	0.61
C11	Sample 35	2	1	9	74050	37	0.61
C11	Sample 35	2	1	10	79060	36.96	0.62
C11	Sample 35	2	1	11	84060	36.96	0.62
C11	Sample 35	2	1	12	89050	36.96	0.62
C11	Sample 35	2	1	13	94060	37	0.62
C11	Sample 35	2	1	14	99060	36.96	0.62
C11	Sample 35	2	1	15	104070	36.96	0.62
C12	Sample 36	2	1	1	34040	36.91	0.63
C12	Sample 36	2	1	2	39060	36.91	0.61
C12	Sample 36	2	1	3	44050	36.96	0.62
C12	Sample 36	2	1	4	49060	36.96	0.62
C12	Sample 36	2	1	5	54060	36.96	0.61
C12	Sample 36	2	1	6	59070	36.96	0.62
C12	Sample 36	2	1	7	64070	36.96	0.61
C12	Sample 36	2	1	8	69060	36.96	0.61
C12	Sample 36	2	1	9	74050	37	0.61
C12	Sample 36	2	1	10	79060	36.96	0.61
C12	Sample 36	2	1	11	84060	36.96	0.62
C12	Sample 36	2	1	12	89050	36.96	0.61
C12	Sample 36	2	1	13	94060	37	0.61
C12	Sample 36	2	1	14	99060	36.96	0.61
C12	Sample 36	2	1	15	104070	36.96	0.62
D1	Sample 37	2	1	1	34040	36.91	0.81
D1	Sample 37	2	1	2	39060	36.91	0.80
D1	Sample 37	2	1	3	44050	36.96	0.80
D1	Sample 37	2	1	4	49060	36.96	0.79
D1	Sample 37	2	1	5	54060	36.96	0.79
D1	Sample 37	2	1	6	59070	36.96	0.79
D1	Sample 37	2	1	7	64070	36.96	0.79
D1	Sample 37	2	1	8	69060	36.96	0.78
D1	Sample 37	2	1	9	74050	37	0.79
D1	Sample 37	2	1	10	79060	36.96	0.78
D1	Sample 37	2	1	11	84060	36.96	0.78
D1	Sample 37	2	1	12	89050	36.96	0.79
D1	Sample 37	2	1	13	94060	37	0.79
D1	Sample 37	2	1	14	99060	36.96	0.78
D1	Sample 37	2	1	15	104070	36.96	0.79
D2	Sample 38	2	1	1	34040	36.91	0.83
D2	Sample 38	2	1	2	39060	36.91	0.82
D2	Sample 38	2	1	3	44050	36.96	0.82
D2	Sample 38	2	1	4	49060	36.96	0.82
D2	Sample 38	2	1	5	54060	36.96	0.82
D2	Sample 38	2	1	6	59070	36.96	0.82
D2	Sample 38	2	1	7	64070	36.96	0.81
D2	Sample 38	2	1	8	69060	36.96	0.81
D2	Sample 38	2	1	9	74050	37	0.81
D2	Sample 38	2	1	10	79060	36.96	0.81
D2	Sample 38	2	1	11	84060	36.96	0.81
D2	Sample 38	2	1	12	89050	36.96	0.81
D2	Sample 38	2	1	13	94060	37	0.81
D2	Sample 38	2	1	14	99060	36.96	0.81
D2	Sample 38	2	1	15	104070	36.96	0.81
D3	Sample 39	2	1	1	34040	36.91	0.86
D3	Sample 39	2	1	2	39060	36.91	0.84
D3	Sample 39	2	1	3	44050	36.96	0.84
D3	Sample 39	2	1	4	49060	36.96	0.84
D3	Sample 39	2	1	5	54060	36.96	0.83
D3	Sample 39	2	1	6	59070	36.96	0.84
D3	Sample 39	2	1	7	64070	36.96	0.83
D3	Sample 39	2	1	8	69060	36.96	0.83
D3	Sample 39	2	1	9	74050	37	0.83
D3	Sample 39	2	1	10	79060	36.96	0.82
D3	Sample 39	2	1	11	84060	36.96	0.82
D3	Sample 39	2	1	12	89050	36.96	0.83
D3	Sample 39	2	1	13	94060	37	0.83
D3	Sample 39	2	1	14	99060	36.96	0.83
D3	Sample 39	2	1	15	104070	36.96	0.82
D4	Sample 40	2	1	1	34040	36.91	0.88
D4	Sample 40	2	1	2	39060	36.91	0.86
D4	Sample 40	2	1	3	44050	36.96	0.86
D4	Sample 40	2	1	4	49060	36.96	0.87
D4	Sample 40	2	1	5	54060	36.96	0.86
D4	Sample 40	2	1	6	59070	36.96	0.86
D4	Sample 40	2	1	7	64070	36.96	0.86
D4	Sample 40	2	1	8	69060	36.96	0.85
D4	Sample 40	2	1	9	74050	37	0.85
D4	Sample 40	2	1	10	79060	36.96	0.85
D4	Sample 40	2	1	11	84060	36.96	0.84
D4	Sample 40	2	1	12	89050	36.96	0.84
D4	Sample 40	2	1	13	94060	37	0.85
D4	Sample 40	2	1	14	99060	36.96	0.85
D4	Sample 40	2	1	15	104070	36.96	0.85
D5	Sample 41	2	1	1	34040	36.91	0.51
D5	Sample 41	2	1	2	39060	36.91	0.50
D5	Sample 41	2	1	3	44050	36.96	0.50
D5	Sample 41	2	1	4	49060	36.96	0.50
D5	Sample 41	2	1	5	54060	36.96	0.49
D5	Sample 41	2	1	6	59070	36.96	0.50
D5	Sample 41	2	1	7	64070	36.96	0.49
D5	Sample 41	2	1	8	69060	36.96	0.49
D5	Sample 41	2	1	9	74050	37	0.49
D5	Sample 41	2	1	10	79060	36.96	0.49
D5	Sample 41	2	1	11	84060	36.96	0.49
D5	Sample 41	2	1	12	89050	36.96	0.50
D5	Sample 41	2	1	13	94060	37	0.50
D5	Sample 41	2	1	14	99060	36.96	0.49
D5	Sample 41	2	1	15	104070	36.96	0.49
D6	Sample 42	2	1	1	34040	36.91	0.52
D6	Sample 42	2	1	2	39060	36.91	0.50
D6	Sample 42	2	1	3	44050	36.96	0.51
D6	Sample 42	2	1	4	49060	36.96	0.51
D6	Sample 42	2	1	5	54060	36.96	0.50
D6	Sample 42	2	1	6	59070	36.96	0.50
D6	Sample 42	2	1	7	64070	36.96	0.50
D6	Sample 42	2	1	8	69060	36.96	0.49
D6	Sample 42	2	1	9	74050	37	0.50
D6	Sample 42	2	1	10	79060	36.96	0.50
D6	Sample 42	2	1	11	84060	36.96	0.49
D6	Sample 42	2	1	12	89050	36.96	0.50
D6	Sample 42	2	1	13	94060	37	0.51
D6	Sample 42	2	1	14	99060	36.96	0.50
D6	Sample 42	2	1	15	104070	36.96	0.50
D7	Sample 43	2	1	1	34040	36.91	0.55
D7	Sample 43	2	1	2	39060	36.91	0.54
D7	Sample 43	2	1	3	44050	36.96	0.53
D7	Sample 43	2	1	4	49060	36.96	0.54
D7	Sample 43	2	1	5	54060	36.96	0.54
D7	Sample 43	2	1	6	59070	36.96	0.54
D7	Sample 43	2	1	7	64070	36.96	0.54
D7	Sample 43	2	1	8	69060	36.96	0.54
D7	Sample 43	2	1	9	74050	37	0.53
D7	Sample 43	2	1	10	79060	36.96	0.53
D7	Sample 43	2	1	11	84060	36.96	0.53
D7	Sample 43	2	1	12	89050	36.96	0.54
D7	Sample 43	2	1	13	94060	37	0.54
D7	Sample 43	2	1	14	99060	36.96	0.54
D7	Sample 43	2	1	15	104070	36.96	0.54
D8	Sample 44	2	1	1	34040	36.91	0.54
D8	Sample 44	2	1	2	39060	36.91	0.53
D8	Sample 44	2	1	3	44050	36.96	0.53
D8	Sample 44	2	1	4	49060	36.96	0.53
D8	Sample 44	2	1	5	54060	36.96	0.53
D8	Sample 44	2	1	6	59070	36.96	0.53
D8	Sample 44	2	1	7	64070	36.96	0.52
D8	Sample 44	2	1	8	69060	36.96	0.52
D8	Sample 44	2	1	9	74050	37	0.52
D8	Sample 44	2	1	10	79060	36.96	0.52
D8	Sample 44	2	1	11	84060	36.96	0.52
D8	Sample 44	2	1	12	89050	36.96	0.53
D8	Sample 44	2	1	13	94060	37	0.52
D8	Sample 44	2	1	14	99060	36.96	0.53
D8	Sample 44	2	1	15	104070	36.96	0.53
D9	Sample 45	2	1	1	34040	36.91	0.65
D9	Sample 45	2	1	2	39060	36.91	0.64
D9	Sample 45	2	1	3	44050	36.96	0.64
D9	Sample 45	2	1	4	49060	36.96	0.65
D9	Sample 45	2	1	5	54060	36.96	0.64
D9	Sample 45	2	1	6	59070	36.96	0.64
D9	Sample 45	2	1	7	64070	36.96	0.63
D9	Sample 45	2	1	8	69060	36.96	0.63
D9	Sample 45	2	1	9	74050	37	0.63
D9	Sample 45	2	1	10	79060	36.96	0.64
D9	Sample 45	2	1	11	84060	36.96	0.63
D9	Sample 45	2	1	12	89050	36.96	0.64
D9	Sample 45	2	1	13	94060	37	0.64
D9	Sample 45	2	1	14	99060	36.96	0.64
D9	Sample 45	2	1	15	104070	36.96	0.64
D10	Sample 46	2	1	1	34040	36.91	0.64
D10	Sample 46	2	1	2	39060	36.91	0.63
D10	Sample 46	2	1	3	44050	36.96	0.63
D10	Sample 46	2	1	4	49060	36.96	0.63
D10	Sample 46	2	1	5	54060	36.96	0.62
D10	Sample 46	2	1	6	59070	36.96	0.63
D10	Sample 46	2	1	7	64070	36.96	0.62
D10	Sample 46	2	1	8	69060	36.96	0.62
D10	Sample 46	2	1	9	74050	37	0.62
D10	Sample 46	2	1	10	79060	36.96	0.62
D10	Sample 46	2	1	11	84060	36.96	0.62
D10	Sample 46	2	1	12	89050	36.96	0.62
D10	Sample 46	2	1	13	94060	37	0.62
D10	Sample 46	2	1	14	99060	36.96	0.62
D10	Sample 46	2	1	15	104070	36.96	0.63
D11	Sample 47	2	1	1	34040	36.91	0.69
D11	Sample 47	2	1	2	39060	36.91	0.68
D11	Sample 47	2	1	3	44050	36.96	0.68
D11	Sample 47	2	1	4	49060	36.96	0.68
D11	Sample 47	2	1	5	54060	36.96	0.68
D11	Sample 47	2	1	6	59070	36.96	0.68
D11	Sample 47	2	1	7	64070	36.96	0.67
D11	Sample 47	2	1	8	69060	36.96	0.67
D11	Sample 47	2	1	9	74050	37	0.68
D11	Sample 47	2	1	10	79060	36.96	0.67
D11	Sample 47	2	1	11	84060	36.96	0.67
D11	Sample 47	2	1	12	89050	36.96	0.68
D11	Sample 47	2	1	13	94060	37	0.67
D11	Sample 47	2	1	14	99060	36.96	0.67
D11	Sample 47	2	1	15	104070	36.96	0.68
D12	Sample 48	2	1	1	34040	36.91	0.68
D12	Sample 48	2	1	2	39060	36.91	0.67
D12	Sample 48	2	1	3	44050	36.96	0.67
D12	Sample 48	2	1	4	49060	36.96	0.67
D12	Sample 48	2	1	5	54060	36.96	0.67
D12	Sample 48	2	1	6	59070	36.96	0.66
D12	Sample 48	2	1	7	64070	36.96	0.66
D12	Sample 48	2	1	8	69060	36.96	0.66
D12	Sample 48	2	1	9	74050	37	0.66
D12	Sample 48	2	1	10	79060	36.96	0.66
D12	Sample 48	2	1	11	84060	36.96	0.66
D12	Sample 48	2	1	12	89050	36.96	0.67
D12	Sample 48	2	1	13	94060	37	0.66
D12	Sample 48	2	1	14	99060	36.96	0.66
D12	Sample 48	2	1	15	104070	36.96	0.66
E1	Sample 49	2	1	1	34040	36.91	0.81
E1	Sample 49	2	1	2	39060	36.91	0.80
E1	Sample 49	2	1	3	44050	36.96	0.80
E1	Sample 49	2	1	4	49060	36.96	0.80
E1	Sample 49	2	1	5	54060	36.96	0.79
E1	Sample 49	2	1	6	59070	36.96	0.80
E1	Sample 49	2	1	7	64070	36.96	0.79
E1	Sample 49	2	1	8	69060	36.96	0.78
E1	Sample 49	2	1	9	74050	37	0.78
E1	Sample 49	2	1	10	79060	36.96	0.79
E1	Sample 49	2	1	11	84060	36.96	0.78
E1	Sample 49	2	1	12	89050	36.96	0.79
E1	Sample 49	2	1	13	94060	37	0.79
E1	Sample 49	2	1	14	99060	36.96	0.79
E1	Sample 49	2	1	15	104070	36.96	0.79
E2	Sample 50	2	1	1	34040	36.91	0.83
E2	Sample 50	2	1	2	39060	36.91	0.83
E2	Sample 50	2	1	3	44050	36.96	0.83
E2	Sample 50	2	1	4	49060	36.96	0.82
E2	Sample 50	2	1	5	54060	36.96	0.82
E2	Sample 50	2	1	6	59070	36.96	0.83
E2	Sample 50	2	1	7	64070	36.96	0.82
E2	Sample 50	2	1	8	69060	36.96	0.82
E2	Sample 50	2	1	9	74050	37	0.81
E2	Sample 50	2	1	10	79060	36.96	0.82
E2	Sample 50	2	1	11	84060	36.96	0.82
E2	Sample 50	2	1	12	89050	36.96	0.82
E2	Sample 50	2	1	13	94060	37	0.82
E2	Sample 50	2	1	14	99060	36.96	0.82
E2	Sample 50	2	1	15	104070	36.96	0.81
E3	Sample 51	2	1	1	34040	36.91	0.87
E3	Sample 51	2	1	2	39060	36.91	0.86
E3	Sample 51	2	1	3	44050	36.96	0.86
E3	Sample 51	2	1	4	49060	36.96	0.86
E3	Sample 51	2	1	5	54060	36.96	0.85
E3	Sample 51	2	1	6	59070	36.96	0.86
E3	Sample 51	2	1	7	64070	36.96	0.85
E3	Sample 51	2	1	8	69060	36.96	0.85
E3	Sample 51	2	1	9	74050	37	0.85
E3	Sample 51	2	1	10	79060	36.96	0.85
E3	Sample 51	2	1	11	84060	36.96	0.84
E3	Sample 51	2	1	12	89050	36.96	0.85
E3	Sample 51	2	1	13	94060	37	0.85
E3	Sample 51	2	1	14	99060	36.96	0.84
E3	Sample 51	2	1	15	104070	36.96	0.85
E4	Sample 52	2	1	1	34040	36.91	0.90
E4	Sample 52	2	1	2	39060	36.91	0.90
E4	Sample 52	2	1	3	44050	36.96	0.89
E4	Sample 52	2	1	4	49060	36.96	0.88
E4	Sample 52	2	1	5	54060	36.96	0.87
E4	Sample 52	2	1	6	59070	36.96	0.88
E4	Sample 52	2	1	7	64070	36.96	0.87
E4	Sample 52	2	1	8	69060	36.96	0.87
E4	Sample 52	2	1	9	74050	37	0.86
E4	Sample 52	2	1	10	79060	36.96	0.87
E4	Sample 52	2	1	11	84060	36.96	0.87
E4	Sample 52	2	1	12	89050	36.96	0.87
E4	Sample 52	2	1	13	94060	37	0.87
E4	Sample 52	2	1	14	99060	36.96	0.87
E4	Sample 52	2	1	15	104070	36.96	0.86
E5	Sample 53	2	1	1	34040	36.91	0.60
E5	Sample 53	2	1	2	39060	36.91	0.60
E5	Sample 53	2	1	3	44050	36.96	0.60
E5	Sample 53	2	1	4	49060	36.96	0.60
E5	Sample 53	2	1	5	54060	36.96	0.59
E5	Sample 53	2	1	6	59070	36.96	0.60
E5	Sample 53	2	1	7	64070	36.96	0.60
E5	Sample 53	2	1	8	69060	36.96	0.60
E5	Sample 53	2	1	9	74050	37	0.59
E5	Sample 53	2	1	10	79060	36.96	0.59
E5	Sample 53	2	1	11	84060	36.96	0.59
E5	Sample 53	2	1	12	89050	36.96	0.59
E5	Sample 53	2	1	13	94060	37	0.59
E5	Sample 53	2	1	14	99060	36.96	0.59
E5	Sample 53	2	1	15	104070	36.96	0.59
E6	Sample 54	2	1	1	34040	36.91	0.60
E6	Sample 54	2	1	2	39060	36.91	0.60
E6	Sample 54	2	1	3	44050	36.96	0.60
E6	Sample 54	2	1	4	49060	36.96	0.60
E6	Sample 54	2	1	5	54060	36.96	0.58
E6	Sample 54	2	1	6	59070	36.96	0.59
E6	Sample 54	2	1	7	64070	36.96	0.59
E6	Sample 54	2	1	8	69060	36.96	0.59
E6	Sample 54	2	1	9	74050	37	0.59
E6	Sample 54	2	1	10	79060	36.96	0.59
E6	Sample 54	2	1	11	84060	36.96	0.59
E6	Sample 54	2	1	12	89050	36.96	0.59
E6	Sample 54	2	1	13	94060	37	0.59
E6	Sample 54	2	1	14	99060	36.96	0.59
E6	Sample 54	2	1	15	104070	36.96	0.59
E7	Sample 55	2	1	1	34040	36.91	0.84
E7	Sample 55	2	1	2	39060	36.91	0.82
E7	Sample 55	2	1	3	44050	36.96	0.82
E7	Sample 55	2	1	4	49060	36.96	0.82
E7	Sample 55	2	1	5	54060	36.96	0.81
E7	Sample 55	2	1	6	59070	36.96	0.82
E7	Sample 55	2	1	7	64070	36.96	0.81
E7	Sample 55	2	1	8	69060	36.96	0.81
E7	Sample 55	2	1	9	74050	37	0.81
E7	Sample 55	2	1	10	79060	36.96	0.81
E7	Sample 55	2	1	11	84060	36.96	0.82
E7	Sample 55	2	1	12	89050	36.96	0.81
E7	Sample 55	2	1	13	94060	37	0.82
E7	Sample 55	2	1	14	99060	36.96	0.82
E7	Sample 55	2	1	15	104070	36.96	0.81
E8	Sample 56	2	1	1	34040	36.91	0.82
E8	Sample 56	2	1	2	39060	36.91	0.81
E8	Sample 56	2	1	3	44050	36.96	0.81
E8	Sample 56	2	1	4	49060	36.96	0.81
E8	Sample 56	2	1	5	54060	36.96	0.81
E8	Sample 56	2	1	6	59070	36.96	0.81
E8	Sample 56	2	1	7	64070	36.96	0.80
E8	Sample 56	2	1	8	69060	36.96	0.80
E8	Sample 56	2	1	9	74050	37	0.80
E8	Sample 56	2	1	10	79060	36.96	0.81
E8	Sample 56	2	1	11	84060	36.96	0.80
E8	Sample 56	2	1	12	89050	36.96	0.80
E8	Sample 56	2	1	13	94060	37	0.80
E8	Sample 56	2	1	14	99060	36.96	0.80
E8	Sample 56	2	1	15	104070	36.96	0.80
E9	Sample 57	2	1	1	34040	36.91	0.72
E9	Sample 57	2	1	2	39060	36.91	0.72
E9	Sample 57	2	1	3	44050	36.96	0.72
E9	Sample 57	2	1	4	49060	36.96	0.71
E9	Sample 57	2	1	5	54060	36.96	0.71
E9	Sample 57	2	1	6	59070	36.96	0.71
E9	Sample 57	2	1	7	64070	36.96	0.71
E9	Sample 57	2	1	8	69060	36.96	0.72
E9	Sample 57	2	1	9	74050	37	0.70
E9	Sample 57	2	1	10	79060	36.96	0.71
E9	Sample 57	2	1	11	84060	36.96	0.71
E9	Sample 57	2	1	12	89050	36.96	0.71
E9	Sample 57	2	1	13	94060	37	0.71
E9	Sample 57	2	1	14	99060	36.96	0.71
E9	Sample 57	2	1	15	104070	36.96	0.71
E10	Sample 58	2	1	1	34040	36.91	0.79
E10	Sample 58	2	1	2	39060	36.91	0.78
E10	Sample 58	2	1	3	44050	36.96	0.78
E10	Sample 58	2	1	4	49060	36.96	0.77
E10	Sample 58	2	1	5	54060	36.96	0.77
E10	Sample 58	2	1	6	59070	36.96	0.77
E10	Sample 58	2	1	7	64070	36.96	0.76
E10	Sample 58	2	1	8	69060	36.96	0.76
E10	Sample 58	2	1	9	74050	37	0.77
E10	Sample 58	2	1	10	79060	36.96	0.77
E10	Sample 58	2	1	11	84060	36.96	0.76
E10	Sample 58	2	1	12	89050	36.96	0.77
E10	Sample 58	2	1	13	94060	37	0.77
E10	Sample 58	2	1	14	99060	36.96	0.77
E10	Sample 58	2	1	15	104070	36.96	0.77
E11	Sample 59	2	1	1	34040	36.91	1.00
E11	Sample 59	2	1	2	39060	36.91	0.99
E11	Sample 59	2	1	3	44050	36.96	0.99
E11	Sample 59	2	1	4	49060	36.96	0.98
E11	Sample 59	2	1	5	54060	36.96	0.98
E11	Sample 59	2	1	6	59070	36.96	0.99
E11	Sample 59	2	1	7	64070	36.96	0.98
E11	Sample 59	2	1	8	69060	36.96	0.98
E11	Sample 59	2	1	9	74050	37	0.98
E11	Sample 59	2	1	10	79060	36.96	0.99
E11	Sample 59	2	1	11	84060	36.96	0.99
E11	Sample 59	2	1	12	89050	36.96	0.98
E11	Sample 59	2	1	13	94060	37	0.99
E11	Sample 59	2	1	14	99060	36.96	0.98
E11	Sample 59	2	1	15	104070	36.96	0.99
E12	Sample 60	2	1	1	34040	36.91	1.01
E12	Sample 60	2	1	2	39060	36.91	1.01
E12	Sample 60	2	1	3	44050	36.96	1.01
E12	Sample 60	2	1	4	49060	36.96	1.00
E12	Sample 60	2	1	5	54060	36.96	0.99
E12	Sample 60	2	1	6	59070	36.96	1.00
E12	Sample 60	2	1	7	64070	36.96	0.99
E12	Sample 60	2	1	8	69060	36.96	0.99
E12	Sample 60	2	1	9	74050	37	0.99
E12	Sample 60	2	1	10	79060	36.96	0.98
E12	Sample 60	2	1	11	84060	36.96	0.99
E12	Sample 60	2	1	12	89050	36.96	0.99
E12	Sample 60	2	1	13	94060	37	0.99
E12	Sample 60	2	1	14	99060	36.96	0.99
E12	Sample 60	2	1	15	104070	36.96	1.00
F1	Sample 61	2	1	1	34040	36.91	0.81
F1	Sample 61	2	1	2	39060	36.91	0.80
F1	Sample 61	2	1	3	44050	36.96	0.79
F1	Sample 61	2	1	4	49060	36.96	0.79
F1	Sample 61	2	1	5	54060	36.96	0.79
F1	Sample 61	2	1	6	59070	36.96	0.78
F1	Sample 61	2	1	7	64070	36.96	0.79
F1	Sample 61	2	1	8	69060	36.96	0.78
F1	Sample 61	2	1	9	74050	37	0.77
F1	Sample 61	2	1	10	79060	36.96	0.77
F1	Sample 61	2	1	11	84060	36.96	0.77
F1	Sample 61	2	1	12	89050	36.96	0.77
F1	Sample 61	2	1	13	94060	37	0.78
F1	Sample 61	2	1	14	99060	36.96	0.77
F1	Sample 61	2	1	15	104070	36.96	0.78
F2	Sample 62	2	1	1	34040	36.91	0.84
F2	Sample 62	2	1	2	39060	36.91	0.83
F2	Sample 62	2	1	3	44050	36.96	0.82
F2	Sample 62	2	1	4	49060	36.96	0.82
F2	Sample 62	2	1	5	54060	36.96	0.82
F2	Sample 62	2	1	6	59070	36.96	0.82
F2	Sample 62	2	1	7	64070	36.96	0.82
F2	Sample 62	2	1	8	69060	36.96	0.82
F2	Sample 62	2	1	9	74050	37	0.81
F2	Sample 62	2	1	10	79060	36.96	0.82
F2	Sample 62	2	1	11	84060	36.96	0.81
F2	Sample 62	2	1	12	89050	36.96	0.82
F2	Sample 62	2	1	13	94060	37	0.82
F2	Sample 62	2	1	14	99060	36.96	0.81
F2	Sample 62	2	1	15	104070	36.96	0.82
F3	Sample 63	2	1	1	34040	36.91	0.88
F3	Sample 63	2	1	2	39060	36.91	0.87
F3	Sample 63	2	1	3	44050	36.96	0.86
F3	Sample 63	2	1	4	49060	36.96	0.86
F3	Sample 63	2	1	5	54060	36.96	0.86
F3	Sample 63	2	1	6	59070	36.96	0.86
F3	Sample 63	2	1	7	64070	36.96	0.86
F3	Sample 63	2	1	8	69060	36.96	0.85
F3	Sample 63	2	1	9	74050	37	0.86
F3	Sample 63	2	1	10	79060	36.96	0.86
F3	Sample 63	2	1	11	84060	36.96	0.86
F3	Sample 63	2	1	12	89050	36.96	0.86
F3	Sample 63	2	1	13	94060	37	0.86
F3	Sample 63	2	1	14	99060	36.96	0.86
F3	Sample 63	2	1	15	104070	36.96	0.85
F4	Sample 64	2	1	1	34040	36.91	0.88
F4	Sample 64	2	1	2	39060	36.91	0.87
F4	Sample 64	2	1	3	44050	36.96	0.87
F4	Sample 64	2	1	4	49060	36.96	0.87
F4	Sample 64	2	1	5	54060	36.96	0.87
F4	Sample 64	2	1	6	59070	36.96	0.86
F4	Sample 64	2	1	7	64070	36.96	0.86
F4	Sample 64	2	1	8	69060	36.96	0.86
F4	Sample 64	2	1	9	74050	37	0.86
F4	Sample 64	2	1	10	79060	36.96	0.86
F4	Sample 64	2	1	11	84060	36.96	0.86
F4	Sample 64	2	1	12	89050	36.96	0.85
F4	Sample 64	2	1	13	94060	37	0.86
F4	Sample 64	2	1	14	99060	36.96	0.86
F4	Sample 64	2	1	15	104070	36.96	0.86
F5	Sample 65	2	1	1	34040	36.91	1.01
F5	Sample 65	2	1	2	39060	36.91	1.00
F5	Sample 65	2	1	3	44050	36.96	0.99
F5	Sample 65	2	1	4	49060	36.96	0.99
F5	Sample 65	2	1	5	54060	36.96	0.99
F5	Sample 65	2	1	6	59070	36.96	0.98
F5	Sample 65	2	1	7	64070	36.96	0.97
F5	Sample 65	2	1	8	69060	36.96	0.97
F5	Sample 65	2	1	9	74050	37	0.97
F5	Sample 65	2	1	10	79060	36.96	0.98
F5	Sample 65	2	1	11	84060	36.96	0.97
F5	Sample 65	2	1	12	89050	36.96	0.97
F5	Sample 65	2	1	13	94060	37	0.97
F5	Sample 65	2	1	14	99060	36.96	0.98
F5	Sample 65	2	1	15	104070	36.96	0.98
F6	Sample 66	2	1	1	34040	36.91	0.99
F6	Sample 66	2	1	2	39060	36.91	0.98
F6	Sample 66	2	1	3	44050	36.96	0.97
F6	Sample 66	2	1	4	49060	36.96	0.98
F6	Sample 66	2	1	5	54060	36.96	0.97
F6	Sample 66	2	1	6	59070	36.96	0.97
F6	Sample 66	2	1	7	64070	36.96	0.96
F6	Sample 66	2	1	8	69060	36.96	0.96
F6	Sample 66	2	1	9	74050	37	0.97
F6	Sample 66	2	1	10	79060	36.96	0.96
F6	Sample 66	2	1	11	84060	36.96	0.96
F6	Sample 66	2	1	12	89050	36.96	0.96
F6	Sample 66	2	1	13	94060	37	0.96
F6	Sample 66	2	1	14	99060	36.96	0.96
F6	Sample 66	2	1	15	104070	36.96	0.96
F7	Sample 67	2	1	1	34040	36.91	1.01
F7	Sample 67	2	1	2	39060	36.91	1.00
F7	Sample 67	2	1	3	44050	36.96	0.99
F7	Sample 67	2	1	4	49060	36.96	0.99
F7	Sample 67	2	1	5	54060	36.96	0.99
F7	Sample 67	2	1	6	59070	36.96	0.99
F7	Sample 67	2	1	7	64070	36.96	0.99
F7	Sample 67	2	1	8	69060	36.96	0.98
F7	Sample 67	2	1	9	74050	37	0.99
F7	Sample 67	2	1	10	79060	36.96	0.99
F7	Sample 67	2	1	11	84060	36.96	0.98
F7	Sample 67	2	1	12	89050	36.96	0.98
F7	Sample 67	2	1	13	94060	37	0.99
F7	Sample 67	2	1	14	99060	36.96	0.98
F7	Sample 67	2	1	15	104070	36.96	0.98
F8	Sample 68	2	1	1	34040	36.91	0.99
F8	Sample 68	2	1	2	39060	36.91	0.98
F8	Sample 68	2	1	3	44050	36.96	0.97
F8	Sample 68	2	1	4	49060	36.96	0.98
F8	Sample 68	2	1	5	54060	36.96	0.97
F8	Sample 68	2	1	6	59070	36.96	0.97
F8	Sample 68	2	1	7	64070	36.96	0.97
F8	Sample 68	2	1	8	69060	36.96	0.96
F8	Sample 68	2	1	9	74050	37	0.96
F8	Sample 68	2	1	10	79060	36.96	0.96
F8	Sample 68	2	1	11	84060	36.96	0.96
F8	Sample 68	2	1	12	89050	36.96	0.96
F8	Sample 68	2	1	13	94060	37	0.96
F8	Sample 68	2	1	14	99060	36.96	0.96
F8	Sample 68	2	1	15	104070	36.96	0.96
F9	Sample 69	2	1	1	34040	36.91	1.24
F9	Sample 69	2	1	2	39060	36.91	1.23
F9	Sample 69	2	1	3	44050	36.96	1.22
F9	Sample 69	2	1	4	49060	36.96	1.22
F9	Sample 69	2	1	5	54060	36.96	1.21
F9	Sample 69	2	1	6	59070	36.96	1.21
F9	Sample 69	2	1	7	64070	36.96	1.21
F9	Sample 69	2	1	8	69060	36.96	1.21
F9	Sample 69	2	1	9	74050	37	1.21
F9	Sample 69	2	1	10	79060	36.96	1.21
F9	Sample 69	2	1	11	84060	36.96	1.22
F9	Sample 69	2	1	12	89050	36.96	1.21
F9	Sample 69	2	1	13	94060	37	1.21
F9	Sample 69	2	1	14	99060	36.96	1.20
F9	Sample 69	2	1	15	104070	36.96	1.22
F10	Sample 70	2	1	1	34040	36.91	1.24
F10	Sample 70	2	1	2	39060	36.91	1.22
F10	Sample 70	2	1	3	44050	36.96	1.22
F10	Sample 70	2	1	4	49060	36.96	1.22
F10	Sample 70	2	1	5	54060	36.96	1.21
F10	Sample 70	2	1	6	59070	36.96	1.22
F10	Sample 70	2	1	7	64070	36.96	1.22
F10	Sample 70	2	1	8	69060	36.96	1.21
F10	Sample 70	2	1	9	74050	37	1.20
F10	Sample 70	2	1	10	79060	36.96	1.20
F10	Sample 70	2	1	11	84060	36.96	1.22
F10	Sample 70	2	1	12	89050	36.96	1.21
F10	Sample 70	2	1	13	94060	37	1.21
F10	Sample 70	2	1	14	99060	36.96	1.21
F10	Sample 70	2	1	15	104070	36.96	1.21
F11	Sample 71	2	1	1	34040	36.91	1.28
F11	Sample 71	2	1	2	39060	36.91	1.27
F11	Sample 71	2	1	3	44050	36.96	1.26
F11	Sample 71	2	1	4	49060	36.96	1.26
F11	Sample 71	2	1	5	54060	36.96	1.25
F11	Sample 71	2	1	6	59070	36.96	1.25
F11	Sample 71	2	1	7	64070	36.96	1.25
F11	Sample 71	2	1	8	69060	36.96	1.25
F11	Sample 71	2	1	9	74050	37	1.25
F11	Sample 71	2	1	10	79060	36.96	1.26
F11	Sample 71	2	1	11	84060	36.96	1.25
F11	Sample 71	2	1	12	89050	36.96	1.25
F11	Sample 71	2	1	13	94060	37	1.25
F11	Sample 71	2	1	14	99060	36.96	1.25
F11	Sample 71	2	1	15	104070	36.96	1.25
F12	Sample 72	2	1	1	34040	36.91	1.21
F12	Sample 72	2	1	2	39060	36.91	1.20
F12	Sample 72	2	1	3	44050	36.96	1.20
F12	Sample 72	2	1	4	49060	36.96	1.20
F12	Sample 72	2	1	5	54060	36.96	1.19
F12	Sample 72	2	1	6	59070	36.96	1.19
F12	Sample 72	2	1	7	64070	36.96	1.18
F12	Sample 72	2	1	8	69060	36.96	1.18
F12	Sample 72	2	1	9	74050	37	1.19
F12	Sample 72	2	1	10	79060	36.96	1.18
F12	Sample 72	2	1	11	84060	36.96	1.18
F12	Sample 72	2	1	12	89050	36.96	1.18
F12	Sample 72	2	1	13	94060	37	1.18
F12	Sample 72	2	1	14	99060	36.96	1.18
F12	Sample 72	2	1	15	104070	36.96	1.18
G1	Sample 73	2	1	1	34040	36.91	0.81
G1	Sample 73	2	1	2	39060	36.91	0.80
G1	Sample 73	2	1	3	44050	36.96	0.80
G1	Sample 73	2	1	4	49060	36.96	0.78
G1	Sample 73	2	1	5	54060	36.96	0.78
G1	Sample 73	2	1	6	59070	36.96	0.79
G1	Sample 73	2	1	7	64070	36.96	0.78
G1	Sample 73	2	1	8	69060	36.96	0.78
G1	Sample 73	2	1	9	74050	37	0.77
G1	Sample 73	2	1	10	79060	36.96	0.77
G1	Sample 73	2	1	11	84060	36.96	0.77
G1	Sample 73	2	1	12	89050	36.96	0.78
G1	Sample 73	2	1	13	94060	37	0.77
G1	Sample 73	2	1	14	99060	36.96	0.78
G1	Sample 73	2	1	15	104070	36.96	0.78
G2	Sample 74	2	1	1	34040	36.91	0.83
G2	Sample 74	2	1	2	39060	36.91	0.82
G2	Sample 74	2	1	3	44050	36.96	0.83
G2	Sample 74	2	1	4	49060	36.96	0.82
G2	Sample 74	2	1	5	54060	36.96	0.81
G2	Sample 74	2	1	6	59070	36.96	0.82
G2	Sample 74	2	1	7	64070	36.96	0.81
G2	Sample 74	2	1	8	69060	36.96	0.81
G2	Sample 74	2	1	9	74050	37	0.81
G2	Sample 74	2	1	10	79060	36.96	0.81
G2	Sample 74	2	1	11	84060	36.96	0.81
G2	Sample 74	2	1	12	89050	36.96	0.82
G2	Sample 74	2	1	13	94060	37	0.81
G2	Sample 74	2	1	14	99060	36.96	0.82
G2	Sample 74	2	1	15	104070	36.96	0.81
G3	Sample 75	2	1	1	34040	36.91	0.88
G3	Sample 75	2	1	2	39060	36.91	0.87
G3	Sample 75	2	1	3	44050	36.96	0.88
G3	Sample 75	2	1	4	49060	36.96	0.87
G3	Sample 75	2	1	5	54060	36.96	0.86
G3	Sample 75	2	1	6	59070	36.96	0.86
G3	Sample 75	2	1	7	64070	36.96	0.86
G3	Sample 75	2	1	8	69060	36.96	0.85
G3	Sample 75	2	1	9	74050	37	0.85
G3	Sample 75	2	1	10	79060	36.96	0.85
G3	Sample 75	2	1	11	84060	36.96	0.85
G3	Sample 75	2	1	12	89050	36.96	0.85
G3	Sample 75	2	1	13	94060	37	0.85
G3	Sample 75	2	1	14	99060	36.96	0.87
G3	Sample 75	2	1	15	104070	36.96	0.86
G4	Sample 76	2	1	1	34040	36.91	0.92
G4	Sample 76	2	1	2	39060	36.91	0.91
G4	Sample 76	2	1	3	44050	36.96	0.91
G4	Sample 76	2	1	4	49060	36.96	0.90
G4	Sample 76	2	1	5	54060	36.96	0.89
G4	Sample 76	2	1	6	59070	36.96	0.90
G4	Sample 76	2	1	7	64070	36.96	0.89
G4	Sample 76	2	1	8	69060	36.96	0.88
G4	Sample 76	2	1	9	74050	37	0.89
G4	Sample 76	2	1	10	79060	36.96	0.89
G4	Sample 76	2	1	11	84060	36.96	0.88
G4	Sample 76	2	1	12	89050	36.96	0.89
G4	Sample 76	2	1	13	94060	37	0.88
G4	Sample 76	2	1	14	99060	36.96	0.89
G4	Sample 76	2	1	15	104070	36.96	0.89
G5	Sample 77	2	1	1	34040	36.91	1.07
G5	Sample 77	2	1	2	39060	36.91	1.06
G5	Sample 77	2	1	3	44050	36.96	1.06
G5	Sample 77	2	1	4	49060	36.96	1.05
G5	Sample 77	2	1	5	54060	36.96	1.05
G5	Sample 77	2	1	6	59070	36.96	1.05
G5	Sample 77	2	1	7	64070	36.96	1.04
G5	Sample 77	2	1	8	69060	36.96	1.04
G5	Sample 77	2	1	9	74050	37	1.04
G5	Sample 77	2	1	10	79060	36.96	1.05
G5	Sample 77	2	1	11	84060	36.96	1.05
G5	Sample 77	2	1	12	89050	36.96	1.05
G5	Sample 77	2	1	13	94060	37	1.04
G5	Sample 77	2	1	14	99060	36.96	1.05
G5	Sample 77	2	1	15	104070	36.96	1.05
G6	Sample 78	2	1	1	34040	36.91	1.05
G6	Sample 78	2	1	2	39060	36.91	1.04
G6	Sample 78	2	1	3	44050	36.96	1.04
G6	Sample 78	2	1	4	49060	36.96	1.03
G6	Sample 78	2	1	5	54060	36.96	1.03
G6	Sample 78	2	1	6	59070	36.96	1.02
G6	Sample 78	2	1	7	64070	36.96	1.02
G6	Sample 78	2	1	8	69060	36.96	1.02
G6	Sample 78	2	1	9	74050	37	1.02
G6	Sample 78	2	1	10	79060	36.96	1.02
G6	Sample 78	2	1	11	84060	36.96	1.01
G6	Sample 78	2	1	12	89050	36.96	1.02
G6	Sample 78	2	1	13	94060	37	1.02
G6	Sample 78	2	1	14	99060	36.96	1.02
G6	Sample 78	2	1	15	104070	36.96	1.03
G7	Sample 79	2	1	1	34040	36.91	0.98
G7	Sample 79	2	1	2	39060	36.91	0.97
G7	Sample 79	2	1	3	44050	36.96	0.97
G7	Sample 79	2	1	4	49060	36.96	0.97
G7	Sample 79	2	1	5	54060	36.96	0.96
G7	Sample 79	2	1	6	59070	36.96	0.97
G7	Sample 79	2	1	7	64070	36.96	0.96
G7	Sample 79	2	1	8	69060	36.96	0.96
G7	Sample 79	2	1	9	74050	37	0.96
G7	Sample 79	2	1	10	79060	36.96	0.97
G7	Sample 79	2	1	11	84060	36.96	0.96
G7	Sample 79	2	1	12	89050	36.96	0.96
G7	Sample 79	2	1	13	94060	37	0.96
G7	Sample 79	2	1	14	99060	36.96	0.96
G7	Sample 79	2	1	15	104070	36.96	0.96
G8	Sample 80	2	1	1	34040	36.91	0.98
G8	Sample 80	2	1	2	39060	36.91	0.97
G8	Sample 80	2	1	3	44050	36.96	0.96
G8	Sample 80	2	1	4	49060	36.96	0.96
G8	Sample 80	2	1	5	54060	36.96	0.95
G8	Sample 80	2	1	6	59070	36.96	0.96
G8	Sample 80	2	1	7	64070	36.96	0.95
G8	Sample 80	2	1	8	69060	36.96	0.95
G8	Sample 80	2	1	9	74050	37	0.94
G8	Sample 80	2	1	10	79060	36.96	0.95
G8	Sample 80	2	1	11	84060	36.96	0.95
G8	Sample 80	2	1	12	89050	36.96	0.95
G8	Sample 80	2	1	13	94060	37	0.94
G8	Sample 80	2	1	14	99060	36.96	0.95
G8	Sample 80	2	1	15	104070	36.96	0.95
G9	Sample 81	2	1	1	34040	36.91	1.33
G9	Sample 81	2	1	2	39060	36.91	1.32
G9	Sample 81	2	1	3	44050	36.96	1.31
G9	Sample 81	2	1	4	49060	36.96	1.31
G9	Sample 81	2	1	5	54060	36.96	1.30
G9	Sample 81	2	1	6	59070	36.96	1.29
G9	Sample 81	2	1	7	64070	36.96	1.30
G9	Sample 81	2	1	8	69060	36.96	1.29
G9	Sample 81	2	1	9	74050	37	1.29
G9	Sample 81	2	1	10	79060	36.96	1.29
G9	Sample 81	2	1	11	84060	36.96	1.29
G9	Sample 81	2	1	12	89050	36.96	1.30
G9	Sample 81	2	1	13	94060	37	1.30
G9	Sample 81	2	1	14	99060	36.96	1.30
G9	Sample 81	2	1	15	104070	36.96	1.30
G10	Sample 82	2	1	1	34040	36.91	1.33
G10	Sample 82	2	1	2	39060	36.91	1.32
G10	Sample 82	2	1	3	44050	36.96	1.32
G10	Sample 82	2	1	4	49060	36.96	1.30
G10	Sample 82	2	1	5	54060	36.96	1.30
G10	Sample 82	2	1	6	59070	36.96	1.30
G10	Sample 82	2	1	7	64070	36.96	1.30
G10	Sample 82	2	1	8	69060	36.96	1.30
G10	Sample 82	2	1	9	74050	37	1.29
G10	Sample 82	2	1	10	79060	36.96	1.29
G10	Sample 82	2	1	11	84060	36.96	1.29
G10	Sample 82	2	1	12	89050	36.96	1.30
G10	Sample 82	2	1	13	94060	37	1.30
G10	Sample 82	2	1	14	99060	36.96	1.30
G10	Sample 82	2	1	15	104070	36.96	1.30
G11	Sample 83	2	1	1	34040	36.91	1.31
G11	Sample 83	2	1	2	39060	36.91	1.30
G11	Sample 83	2	1	3	44050	36.96	1.30
G11	Sample 83	2	1	4	49060	36.96	1.29
G11	Sample 83	2	1	5	54060	36.96	1.28
G11	Sample 83	2	1	6	59070	36.96	1.28
G11	Sample 83	2	1	7	64070	36.96	1.28
G11	Sample 83	2	1	8	69060	36.96	1.27
G11	Sample 83	2	1	9	74050	37	1.28
G11	Sample 83	2	1	10	79060	36.96	1.28
G11	Sample 83	2	1	11	84060	36.96	1.27
G11	Sample 83	2	1	12	89050	36.96	1.28
G11	Sample 83	2	1	13	94060	37	1.28
G11	Sample 83	2	1	14	99060	36.96	1.28
G11	Sample 83	2	1	15	104070	36.96	1.28
G12	Sample 84	2	1	1	34040	36.91	1.23
G12	Sample 84	2	1	2	39060	36.91	1.22
G12	Sample 84	2	1	3	44050	36.96	1.22
G12	Sample 84	2	1	4	49060	36.96	1.21
G12	Sample 84	2	1	5	54060	36.96	1.20
G12	Sample 84	2	1	6	59070	36.96	1.20
G12	Sample 84	2	1	7	64070	36.96	1.19
G12	Sample 84	2	1	8	69060	36.96	1.19
G12	Sample 84	2	1	9	74050	37	1.20
G12	Sample 84	2	1	10	79060	36.96	1.19
G12	Sample 84	2	1	11	84060	36.96	1.19
G12	Sample 84	2	1	12	89050	36.96	1.19
G12	Sample 84	2	1	13	94060	37	1.19
G12	Sample 84	2	1	14	99060	36.96	1.20
G12	Sample 84	2	1	15	104070	36.96	1.20
H1	Sample 85	2	1	1	34040	36.91	0.79
H1	Sample 85	2	1	2	39060	36.91	0.78
H1	Sample 85	2	1	3	44050	36.96	0.78
H1	Sample 85	2	1	4	49060	36.96	0.78
H1	Sample 85	2	1	5	54060	36.96	0.77
H1	Sample 85	2	1	6	59070	36.96	0.77
H1	Sample 85	2	1	7	64070	36.96	0.77
H1	Sample 85	2	1	8	69060	36.96	0.76
H1	Sample 85	2	1	9	74050	37	0.77
H1	Sample 85	2	1	10	79060	36.96	0.76
H1	Sample 85	2	1	11	84060	36.96	0.76
H1	Sample 85	2	1	12	89050	36.96	0.76
H1	Sample 85	2	1	13	94060	37	0.77
H1	Sample 85	2	1	14	99060	36.96	0.76
H1	Sample 85	2	1	15	104070	36.96	0.76
H2	Sample 86	2	1	1	34040	36.91	0.82
H2	Sample 86	2	1	2	39060	36.91	0.81
H2	Sample 86	2	1	3	44050	36.96	0.81
H2	Sample 86	2	1	4	49060	36.96	0.80
H2	Sample 86	2	1	5	54060	36.96	0.80
H2	Sample 86	2	1	6	59070	36.96	0.80
H2	Sample 86	2	1	7	64070	36.96	0.79
H2	Sample 86	2	1	8	69060	36.96	0.80
H2	Sample 86	2	1	9	74050	37	0.80
H2	Sample 86	2	1	10	79060	36.96	0.80
H2	Sample 86	2	1	11	84060	36.96	0.80
H2	Sample 86	2	1	12	89050	36.96	0.80
H2	Sample 86	2	1	13	94060	37	0.80
H2	Sample 86	2	1	14	99060	36.96	0.79
H2	Sample 86	2	1	15	104070	36.96	0.80
H3	Sample 87	2	1	1	34040	36.91	0.83
H3	Sample 87	2	1	2	39060	36.91	0.83
H3	Sample 87	2	1	3	44050	36.96	0.83
H3	Sample 87	2	1	4	49060	36.96	0.83
H3	Sample 87	2	1	5	54060	36.96	0.82
H3	Sample 87	2	1	6	59070	36.96	0.82
H3	Sample 87	2	1	7	64070	36.96	0.82
H3	Sample 87	2	1	8	69060	36.96	0.82
H3	Sample 87	2	1	9	74050	37	0.82
H3	Sample 87	2	1	10	79060	36.96	0.82
H3	Sample 87	2	1	11	84060	36.96	0.81
H3	Sample 87	2	1	12	89050	36.96	0.82
H3	Sample 87	2	1	13	94060	37	0.82
H3	Sample 87	2	1	14	99060	36.96	0.81
H3	Sample 87	2	1	15	104070	36.96	0.82
H4	Sample 88	2	1	1	34040	36.91	0.85
H4	Sample 88	2	1	2	39060	36.91	0.84
H4	Sample 88	2	1	3	44050	36.96	0.85
H4	Sample 88	2	1	4	49060	36.96	0.84
H4	Sample 88	2	1	5	54060	36.96	0.83
H4	Sample 88	2	1	6	59070	36.96	0.83
H4	Sample 88	2	1	7	64070	36.96	0.83
H4	Sample 88	2	1	8	69060	36.96	0.83
H4	Sample 88	2	1	9	74050	37	0.83
H4	Sample 88	2	1	10	79060	36.96	0.83
H4	Sample 88	2	1	11	84060	36.96	0.82
H4	Sample 88	2	1	12	89050	36.96	0.83
H4	Sample 88	2	1	13	94060	37	0.83
H4	Sample 88	2	1	14	99060	36.96	0.82
H4	Sample 88	2	1	15	104070	36.96	0.83
H5	Sample 89	2	1	1	34040	36.91	1.06
H5	Sample 89	2	1	2	39060	36.91	1.05
H5	Sample 89	2	1	3	44050	36.96	1.04
H5	Sample 89	2	1	4	49060	36.96	1.05
H5	Sample 89	2	1	5	54060	36.96	1.04
H5	Sample 89	2	1	6	59070	36.96	1.04
H5	Sample 89	2	1	7	64070	36.96	1.04
H5	Sample 89	2	1	8	69060	36.96	1.04
H5	Sample 89	2	1	9	74050	37	1.04
H5	Sample 89	2	1	10	79060	36.96	1.04
H5	Sample 89	2	1	11	84060	36.96	1.04
H5	Sample 89	2	1	12	89050	36.96	1.04
H5	Sample 89	2	1	13	94060	37	1.04
H5	Sample 89	2	1	14	99060	36.96	1.04
H5	Sample 89	2	1	15	104070	36.96	1.05
H6	Sample 90	2	1	1	34040	36.91	1.05
H6	Sample 90	2	1	2	39060	36.91	1.04
H6	Sample 90	2	1	3	44050	36.96	1.04
H6	Sample 90	2	1	4	49060	36.96	1.04
H6	Sample 90	2	1	5	54060	36.96	1.03
H6	Sample 90	2	1	6	59070	36.96	1.03
H6	Sample 90	2	1	7	64070	36.96	1.04
H6	Sample 90	2	1	8	69060	36.96	1.03
H6	Sample 90	2	1	9	74050	37	1.03
H6	Sample 90	2	1	10	79060	36.96	1.02
H6	Sample 90	2	1	11	84060	36.96	1.02
H6	Sample 90	2	1	12	89050	36.96	1.02
H6	Sample 90	2	1	13	94060	37	1.03
H6	Sample 90	2	1	14	99060	36.96	1.02
H6	Sample 90	2	1	15	104070	36.96	1.03
H7	Sample 91	2	1	1	34040	36.91	1.04
H7	Sample 91	2	1	2	39060	36.91	1.04
H7	Sample 91	2	1	3	44050	36.96	1.03
H7	Sample 91	2	1	4	49060	36.96	1.03
H7	Sample 91	2	1	5	54060	36.96	1.03
H7	Sample 91	2	1	6	59070	36.96	1.03
H7	Sample 91	2	1	7	64070	36.96	1.02
H7	Sample 91	2	1	8	69060	36.96	1.02
H7	Sample 91	2	1	9	74050	37	1.02
H7	Sample 91	2	1	10	79060	36.96	1.02
H7	Sample 91	2	1	11	84060	36.96	1.02
H7	Sample 91	2	1	12	89050	36.96	1.02
H7	Sample 91	2	1	13	94060	37	1.02
H7	Sample 91	2	1	14	99060	36.96	1.02
H7	Sample 91	2	1	15	104070	36.96	1.02
H8	Sample 92	2	1	1	34040	36.91	1.03
H8	Sample 92	2	1	2	39060	36.91	1.02
H8	Sample 92	2	1	3	44050	36.96	1.02
H8	Sample 92	2	1	4	49060	36.96	1.00
H8	Sample 92	2	1	5	54060	36.96	1.00
H8	Sample 92	2	1	6	59070	36.96	1.00
H8	Sample 92	2	1	7	64070	36.96	0.99
H8	Sample 92	2	1	8	69060	36.96	1.00
H8	Sample 92	2	1	9	74050	37	1.00
H8	Sample 92	2	1	10	79060	36.96	0.99
H8	Sample 92	2	1	11	84060	36.96	1.00
H8	Sample 92	2	1	12	89050	36.96	1.00
H8	Sample 92	2	1	13	94060	37	1.00
H8	Sample 92	2	1	14	99060	36.96	0.99
H8	Sample 92	2	1	15	104070	36.96	1.00
H9	Sample 93	2	1	1	34040	36.91	1.34
H9	Sample 93	2	1	2	39060	36.91	1.33
H9	Sample 93	2	1	3	44050	36.96	1.32
H9	Sample 93	2	1	4	49060	36.96	1.32
H9	Sample 93	2	1	5	54060	36.96	1.31
H9	Sample 93	2	1	6	59070	36.96	1.32
H9	Sample 93	2	1	7	64070	36.96	1.31
H9	Sample 93	2	1	8	69060	36.96	1.31
H9	Sample 93	2	1	9	74050	37	1.31
H9	Sample 93	2	1	10	79060	36.96	1.30
H9	Sample 93	2	1	11	84060	36.96	1.31
H9	Sample 93	2	1	12	89050	36.96	1.30
H9	Sample 93	2	1	13	94060	37	1.30
H9	Sample 93	2	1	14	99060	36.96	1.30
H9	Sample 93	2	1	15	104070	36.96	1.31
H10	Sample 94	2	1	1	34040	36.91	1.31
H10	Sample 94	2	1	2	39060	36.91	1.30
H10	Sample 94	2	1	3	44050	36.96	1.30
H10	Sample 94	2	1	4	49060	36.96	1.30
H10	Sample 94	2	1	5	54060	36.96	1.29
H10	Sample 94	2	1	6	59070	36.96	1.29
H10	Sample 94	2	1	7	64070	36.96	1.29
H10	Sample 94	2	1	8	69060	36.96	1.29
H10	Sample 94	2	1	9	74050	37	1.29
H10	Sample 94	2	1	10	79060	36.96	1.28
H10	Sample 94	2	1	11	84060	36.96	1.29
H10	Sample 94	2	1	12	89050	36.96	1.28
H10	Sample 94	2	1	13	94060	37	1.28
H10	Sample 94	2	1	14	99060	36.96	1.28
H10	Sample 94	2	1	15	104070	36.96	1.28
H11	Sample 95	2	1	1	34040	36.91	1.23
H11	Sample 95	2	1	2	39060	36.91	1.23
H11	Sample 95	2	1	3	44050	36.96	1.23
H11	Sample 95	2	1	4	49060	36.96	1.23
H11	Sample 95	2	1	5	54060	36.96	1.23
H11	Sample 95	2	1	6	59070	36.96	1.23
H11	Sample 95	2	1	7	64070	36.96	1.23
H11	Sample 95	2	1	8	69060	36.96	1.23
H11	Sample 95	2	1	9	74050	37	1.24
H11	Sample 95	2	1	10	79060	36.96	1.23
H11	Sample 95	2	1	11	84060	36.96	1.23
H11	Sample 95	2	1	12	89050	36.96	1.23
H11	Sample 95	2	1	13	94060	37	1.23
H11	Sample 95	2	1	14	99060	36.96	1.23
H11	Sample 95	2	1	15	104070	36.96	1.23
H12	Sample 96	2	1	1	34040	36.91	1.26
H12	Sample 96	2	1	2	39060	36.91	1.25
H12	Sample 96	2	1	3	44050	36.96	1.24
H12	Sample 96	2	1	4	49060	36.96	1.24
H12	Sample 96	2	1	5	54060	36.96	1.23
H12	Sample 96	2	1	6	59070	36.96	1.22
H12	Sample 96	2	1	7	64070	36.96	1.23
H12	Sample 96	2	1	8	69060	36.96	1.23
H12	Sample 96	2	1	9	74050	37	1.23
H12	Sample 96	2	1	10	79060	36.96	1.22
H12	Sample 96	2	1	11	84060	36.96	1.23
H12	Sample 96	2	1	12	89050	36.96	1.22
H12	Sample 96	2	1	13	94060	37	1.23
H12	Sample 96	2	1	14	99060	36.96	1.22
H12	Sample 96	2	1	15	104070	36.96	1.23
