Raw Data 		Experiment - evIC50_11_plate3_24APRIL2026 (Run on LCS480 1.5.1.62)
SamplePos	SampleName	Prog#	Seg#	Cycle#	Time	Temp	465-510	
A1	Sample 1	2	1	1	32740	36.91	0.64
A1	Sample 1	2	1	2	37740	36.96	0.63
A1	Sample 1	2	1	3	42740	37	0.63
A1	Sample 1	2	1	4	47730	37	0.62
A1	Sample 1	2	1	5	52740	36.96	0.62
A1	Sample 1	2	1	6	57740	37	0.62
A1	Sample 1	2	1	7	62730	36.96	0.62
A1	Sample 1	2	1	8	67730	37	0.62
A1	Sample 1	2	1	9	72730	37	0.62
A1	Sample 1	2	1	10	77750	36.96	0.62
A1	Sample 1	2	1	11	82740	37	0.61
A1	Sample 1	2	1	12	87740	37	0.61
A1	Sample 1	2	1	13	92730	37	0.62
A1	Sample 1	2	1	14	97740	37	0.61
A1	Sample 1	2	1	15	102740	37	0.62
A2	Sample 2	2	1	1	32740	36.91	0.70
A2	Sample 2	2	1	2	37740	36.96	0.69
A2	Sample 2	2	1	3	42740	37	0.70
A2	Sample 2	2	1	4	47730	37	0.68
A2	Sample 2	2	1	5	52740	36.96	0.69
A2	Sample 2	2	1	6	57740	37	0.68
A2	Sample 2	2	1	7	62730	36.96	0.68
A2	Sample 2	2	1	8	67730	37	0.69
A2	Sample 2	2	1	9	72730	37	0.69
A2	Sample 2	2	1	10	77750	36.96	0.67
A2	Sample 2	2	1	11	82740	37	0.68
A2	Sample 2	2	1	12	87740	37	0.67
A2	Sample 2	2	1	13	92730	37	0.68
A2	Sample 2	2	1	14	97740	37	0.68
A2	Sample 2	2	1	15	102740	37	0.68
A3	Sample 3	2	1	1	32740	36.91	0.74
A3	Sample 3	2	1	2	37740	36.96	0.72
A3	Sample 3	2	1	3	42740	37	0.73
A3	Sample 3	2	1	4	47730	37	0.73
A3	Sample 3	2	1	5	52740	36.96	0.72
A3	Sample 3	2	1	6	57740	37	0.72
A3	Sample 3	2	1	7	62730	36.96	0.72
A3	Sample 3	2	1	8	67730	37	0.72
A3	Sample 3	2	1	9	72730	37	0.72
A3	Sample 3	2	1	10	77750	36.96	0.72
A3	Sample 3	2	1	11	82740	37	0.71
A3	Sample 3	2	1	12	87740	37	0.72
A3	Sample 3	2	1	13	92730	37	0.71
A3	Sample 3	2	1	14	97740	37	0.71
A3	Sample 3	2	1	15	102740	37	0.72
A4	Sample 4	2	1	1	32740	36.91	0.78
A4	Sample 4	2	1	2	37740	36.96	0.77
A4	Sample 4	2	1	3	42740	37	0.77
A4	Sample 4	2	1	4	47730	37	0.76
A4	Sample 4	2	1	5	52740	36.96	0.76
A4	Sample 4	2	1	6	57740	37	0.76
A4	Sample 4	2	1	7	62730	36.96	0.76
A4	Sample 4	2	1	8	67730	37	0.76
A4	Sample 4	2	1	9	72730	37	0.76
A4	Sample 4	2	1	10	77750	36.96	0.75
A4	Sample 4	2	1	11	82740	37	0.75
A4	Sample 4	2	1	12	87740	37	0.75
A4	Sample 4	2	1	13	92730	37	0.75
A4	Sample 4	2	1	14	97740	37	0.74
A4	Sample 4	2	1	15	102740	37	0.75
A5	Sample 5	2	1	1	32740	36.91	0.77
A5	Sample 5	2	1	2	37740	36.96	0.76
A5	Sample 5	2	1	3	42740	37	0.76
A5	Sample 5	2	1	4	47730	37	0.75
A5	Sample 5	2	1	5	52740	36.96	0.76
A5	Sample 5	2	1	6	57740	37	0.75
A5	Sample 5	2	1	7	62730	36.96	0.75
A5	Sample 5	2	1	8	67730	37	0.75
A5	Sample 5	2	1	9	72730	37	0.75
A5	Sample 5	2	1	10	77750	36.96	0.74
A5	Sample 5	2	1	11	82740	37	0.75
A5	Sample 5	2	1	12	87740	37	0.74
A5	Sample 5	2	1	13	92730	37	0.74
A5	Sample 5	2	1	14	97740	37	0.74
A5	Sample 5	2	1	15	102740	37	0.75
A6	Sample 6	2	1	1	32740	36.91	0.77
A6	Sample 6	2	1	2	37740	36.96	0.76
A6	Sample 6	2	1	3	42740	37	0.76
A6	Sample 6	2	1	4	47730	37	0.75
A6	Sample 6	2	1	5	52740	36.96	0.75
A6	Sample 6	2	1	6	57740	37	0.75
A6	Sample 6	2	1	7	62730	36.96	0.74
A6	Sample 6	2	1	8	67730	37	0.75
A6	Sample 6	2	1	9	72730	37	0.74
A6	Sample 6	2	1	10	77750	36.96	0.74
A6	Sample 6	2	1	11	82740	37	0.74
A6	Sample 6	2	1	12	87740	37	0.74
A6	Sample 6	2	1	13	92730	37	0.74
A6	Sample 6	2	1	14	97740	37	0.73
A6	Sample 6	2	1	15	102740	37	0.74
A7	Sample 7	2	1	1	32740	36.91	0.78
A7	Sample 7	2	1	2	37740	36.96	0.76
A7	Sample 7	2	1	3	42740	37	0.77
A7	Sample 7	2	1	4	47730	37	0.76
A7	Sample 7	2	1	5	52740	36.96	0.76
A7	Sample 7	2	1	6	57740	37	0.76
A7	Sample 7	2	1	7	62730	36.96	0.76
A7	Sample 7	2	1	8	67730	37	0.75
A7	Sample 7	2	1	9	72730	37	0.75
A7	Sample 7	2	1	10	77750	36.96	0.75
A7	Sample 7	2	1	11	82740	37	0.75
A7	Sample 7	2	1	12	87740	37	0.75
A7	Sample 7	2	1	13	92730	37	0.75
A7	Sample 7	2	1	14	97740	37	0.75
A7	Sample 7	2	1	15	102740	37	0.75
A8	Sample 8	2	1	1	32740	36.91	0.73
A8	Sample 8	2	1	2	37740	36.96	0.72
A8	Sample 8	2	1	3	42740	37	0.73
A8	Sample 8	2	1	4	47730	37	0.72
A8	Sample 8	2	1	5	52740	36.96	0.72
A8	Sample 8	2	1	6	57740	37	0.71
A8	Sample 8	2	1	7	62730	36.96	0.71
A8	Sample 8	2	1	8	67730	37	0.71
A8	Sample 8	2	1	9	72730	37	0.71
A8	Sample 8	2	1	10	77750	36.96	0.71
A8	Sample 8	2	1	11	82740	37	0.71
A8	Sample 8	2	1	12	87740	37	0.70
A8	Sample 8	2	1	13	92730	37	0.71
A8	Sample 8	2	1	14	97740	37	0.70
A8	Sample 8	2	1	15	102740	37	0.71
A9	Sample 9	2	1	1	32740	36.91	0.38
A9	Sample 9	2	1	2	37740	36.96	0.37
A9	Sample 9	2	1	3	42740	37	0.38
A9	Sample 9	2	1	4	47730	37	0.37
A9	Sample 9	2	1	5	52740	36.96	0.37
A9	Sample 9	2	1	6	57740	37	0.37
A9	Sample 9	2	1	7	62730	36.96	0.37
A9	Sample 9	2	1	8	67730	37	0.37
A9	Sample 9	2	1	9	72730	37	0.37
A9	Sample 9	2	1	10	77750	36.96	0.37
A9	Sample 9	2	1	11	82740	37	0.37
A9	Sample 9	2	1	12	87740	37	0.37
A9	Sample 9	2	1	13	92730	37	0.37
A9	Sample 9	2	1	14	97740	37	0.36
A9	Sample 9	2	1	15	102740	37	0.37
A10	Sample 10	2	1	1	32740	36.91	0.38
A10	Sample 10	2	1	2	37740	36.96	0.37
A10	Sample 10	2	1	3	42740	37	0.38
A10	Sample 10	2	1	4	47730	37	0.37
A10	Sample 10	2	1	5	52740	36.96	0.37
A10	Sample 10	2	1	6	57740	37	0.38
A10	Sample 10	2	1	7	62730	36.96	0.37
A10	Sample 10	2	1	8	67730	37	0.37
A10	Sample 10	2	1	9	72730	37	0.37
A10	Sample 10	2	1	10	77750	36.96	0.36
A10	Sample 10	2	1	11	82740	37	0.37
A10	Sample 10	2	1	12	87740	37	0.37
A10	Sample 10	2	1	13	92730	37	0.38
A10	Sample 10	2	1	14	97740	37	0.36
A10	Sample 10	2	1	15	102740	37	0.37
A11	Sample 11	2	1	1	32740	36.91	0.38
A11	Sample 11	2	1	2	37740	36.96	0.37
A11	Sample 11	2	1	3	42740	37	0.37
A11	Sample 11	2	1	4	47730	37	0.37
A11	Sample 11	2	1	5	52740	36.96	0.37
A11	Sample 11	2	1	6	57740	37	0.37
A11	Sample 11	2	1	7	62730	36.96	0.37
A11	Sample 11	2	1	8	67730	37	0.37
A11	Sample 11	2	1	9	72730	37	0.37
A11	Sample 11	2	1	10	77750	36.96	0.36
A11	Sample 11	2	1	11	82740	37	0.36
A11	Sample 11	2	1	12	87740	37	0.37
A11	Sample 11	2	1	13	92730	37	0.37
A11	Sample 11	2	1	14	97740	37	0.37
A11	Sample 11	2	1	15	102740	37	0.37
A12	Sample 12	2	1	1	32740	36.91	0.35
A12	Sample 12	2	1	2	37740	36.96	0.33
A12	Sample 12	2	1	3	42740	37	0.34
A12	Sample 12	2	1	4	47730	37	0.34
A12	Sample 12	2	1	5	52740	36.96	0.34
A12	Sample 12	2	1	6	57740	37	0.34
A12	Sample 12	2	1	7	62730	36.96	0.33
A12	Sample 12	2	1	8	67730	37	0.34
A12	Sample 12	2	1	9	72730	37	0.33
A12	Sample 12	2	1	10	77750	36.96	0.33
A12	Sample 12	2	1	11	82740	37	0.33
A12	Sample 12	2	1	12	87740	37	0.33
A12	Sample 12	2	1	13	92730	37	0.34
A12	Sample 12	2	1	14	97740	37	0.32
A12	Sample 12	2	1	15	102740	37	0.34
B1	Sample 13	2	1	1	32740	36.91	0.66
B1	Sample 13	2	1	2	37740	36.96	0.66
B1	Sample 13	2	1	3	42740	37	0.65
B1	Sample 13	2	1	4	47730	37	0.65
B1	Sample 13	2	1	5	52740	36.96	0.65
B1	Sample 13	2	1	6	57740	37	0.64
B1	Sample 13	2	1	7	62730	36.96	0.64
B1	Sample 13	2	1	8	67730	37	0.64
B1	Sample 13	2	1	9	72730	37	0.64
B1	Sample 13	2	1	10	77750	36.96	0.64
B1	Sample 13	2	1	11	82740	37	0.64
B1	Sample 13	2	1	12	87740	37	0.63
B1	Sample 13	2	1	13	92730	37	0.63
B1	Sample 13	2	1	14	97740	37	0.63
B1	Sample 13	2	1	15	102740	37	0.63
B2	Sample 14	2	1	1	32740	36.91	0.66
B2	Sample 14	2	1	2	37740	36.96	0.66
B2	Sample 14	2	1	3	42740	37	0.65
B2	Sample 14	2	1	4	47730	37	0.65
B2	Sample 14	2	1	5	52740	36.96	0.65
B2	Sample 14	2	1	6	57740	37	0.64
B2	Sample 14	2	1	7	62730	36.96	0.63
B2	Sample 14	2	1	8	67730	37	0.64
B2	Sample 14	2	1	9	72730	37	0.64
B2	Sample 14	2	1	10	77750	36.96	0.64
B2	Sample 14	2	1	11	82740	37	0.64
B2	Sample 14	2	1	12	87740	37	0.64
B2	Sample 14	2	1	13	92730	37	0.64
B2	Sample 14	2	1	14	97740	37	0.64
B2	Sample 14	2	1	15	102740	37	0.64
B3	Sample 15	2	1	1	32740	36.91	0.72
B3	Sample 15	2	1	2	37740	36.96	0.71
B3	Sample 15	2	1	3	42740	37	0.71
B3	Sample 15	2	1	4	47730	37	0.71
B3	Sample 15	2	1	5	52740	36.96	0.70
B3	Sample 15	2	1	6	57740	37	0.70
B3	Sample 15	2	1	7	62730	36.96	0.69
B3	Sample 15	2	1	8	67730	37	0.70
B3	Sample 15	2	1	9	72730	37	0.70
B3	Sample 15	2	1	10	77750	36.96	0.70
B3	Sample 15	2	1	11	82740	37	0.70
B3	Sample 15	2	1	12	87740	37	0.69
B3	Sample 15	2	1	13	92730	37	0.69
B3	Sample 15	2	1	14	97740	37	0.69
B3	Sample 15	2	1	15	102740	37	0.69
B4	Sample 16	2	1	1	32740	36.91	0.74
B4	Sample 16	2	1	2	37740	36.96	0.72
B4	Sample 16	2	1	3	42740	37	0.72
B4	Sample 16	2	1	4	47730	37	0.72
B4	Sample 16	2	1	5	52740	36.96	0.71
B4	Sample 16	2	1	6	57740	37	0.71
B4	Sample 16	2	1	7	62730	36.96	0.70
B4	Sample 16	2	1	8	67730	37	0.71
B4	Sample 16	2	1	9	72730	37	0.71
B4	Sample 16	2	1	10	77750	36.96	0.71
B4	Sample 16	2	1	11	82740	37	0.70
B4	Sample 16	2	1	12	87740	37	0.71
B4	Sample 16	2	1	13	92730	37	0.71
B4	Sample 16	2	1	14	97740	37	0.71
B4	Sample 16	2	1	15	102740	37	0.71
B5	Sample 17	2	1	1	32740	36.91	0.73
B5	Sample 17	2	1	2	37740	36.96	0.72
B5	Sample 17	2	1	3	42740	37	0.72
B5	Sample 17	2	1	4	47730	37	0.72
B5	Sample 17	2	1	5	52740	36.96	0.72
B5	Sample 17	2	1	6	57740	37	0.70
B5	Sample 17	2	1	7	62730	36.96	0.71
B5	Sample 17	2	1	8	67730	37	0.70
B5	Sample 17	2	1	9	72730	37	0.70
B5	Sample 17	2	1	10	77750	36.96	0.70
B5	Sample 17	2	1	11	82740	37	0.70
B5	Sample 17	2	1	12	87740	37	0.70
B5	Sample 17	2	1	13	92730	37	0.70
B5	Sample 17	2	1	14	97740	37	0.70
B5	Sample 17	2	1	15	102740	37	0.70
B6	Sample 18	2	1	1	32740	36.91	0.72
B6	Sample 18	2	1	2	37740	36.96	0.71
B6	Sample 18	2	1	3	42740	37	0.71
B6	Sample 18	2	1	4	47730	37	0.70
B6	Sample 18	2	1	5	52740	36.96	0.70
B6	Sample 18	2	1	6	57740	37	0.69
B6	Sample 18	2	1	7	62730	36.96	0.69
B6	Sample 18	2	1	8	67730	37	0.69
B6	Sample 18	2	1	9	72730	37	0.70
B6	Sample 18	2	1	10	77750	36.96	0.70
B6	Sample 18	2	1	11	82740	37	0.69
B6	Sample 18	2	1	12	87740	37	0.69
B6	Sample 18	2	1	13	92730	37	0.69
B6	Sample 18	2	1	14	97740	37	0.69
B6	Sample 18	2	1	15	102740	37	0.69
B7	Sample 19	2	1	1	32740	36.91	0.73
B7	Sample 19	2	1	2	37740	36.96	0.72
B7	Sample 19	2	1	3	42740	37	0.72
B7	Sample 19	2	1	4	47730	37	0.72
B7	Sample 19	2	1	5	52740	36.96	0.71
B7	Sample 19	2	1	6	57740	37	0.70
B7	Sample 19	2	1	7	62730	36.96	0.70
B7	Sample 19	2	1	8	67730	37	0.71
B7	Sample 19	2	1	9	72730	37	0.71
B7	Sample 19	2	1	10	77750	36.96	0.70
B7	Sample 19	2	1	11	82740	37	0.70
B7	Sample 19	2	1	12	87740	37	0.70
B7	Sample 19	2	1	13	92730	37	0.70
B7	Sample 19	2	1	14	97740	37	0.70
B7	Sample 19	2	1	15	102740	37	0.70
B8	Sample 20	2	1	1	32740	36.91	0.70
B8	Sample 20	2	1	2	37740	36.96	0.69
B8	Sample 20	2	1	3	42740	37	0.68
B8	Sample 20	2	1	4	47730	37	0.68
B8	Sample 20	2	1	5	52740	36.96	0.68
B8	Sample 20	2	1	6	57740	37	0.67
B8	Sample 20	2	1	7	62730	36.96	0.67
B8	Sample 20	2	1	8	67730	37	0.68
B8	Sample 20	2	1	9	72730	37	0.67
B8	Sample 20	2	1	10	77750	36.96	0.67
B8	Sample 20	2	1	11	82740	37	0.67
B8	Sample 20	2	1	12	87740	37	0.67
B8	Sample 20	2	1	13	92730	37	0.67
B8	Sample 20	2	1	14	97740	37	0.66
B8	Sample 20	2	1	15	102740	37	0.67
B9	Sample 21	2	1	1	32740	36.91	0.36
B9	Sample 21	2	1	2	37740	36.96	0.35
B9	Sample 21	2	1	3	42740	37	0.35
B9	Sample 21	2	1	4	47730	37	0.36
B9	Sample 21	2	1	5	52740	36.96	0.35
B9	Sample 21	2	1	6	57740	37	0.35
B9	Sample 21	2	1	7	62730	36.96	0.34
B9	Sample 21	2	1	8	67730	37	0.35
B9	Sample 21	2	1	9	72730	37	0.35
B9	Sample 21	2	1	10	77750	36.96	0.34
B9	Sample 21	2	1	11	82740	37	0.34
B9	Sample 21	2	1	12	87740	37	0.34
B9	Sample 21	2	1	13	92730	37	0.34
B9	Sample 21	2	1	14	97740	37	0.35
B9	Sample 21	2	1	15	102740	37	0.35
B10	Sample 22	2	1	1	32740	36.91	0.35
B10	Sample 22	2	1	2	37740	36.96	0.34
B10	Sample 22	2	1	3	42740	37	0.34
B10	Sample 22	2	1	4	47730	37	0.34
B10	Sample 22	2	1	5	52740	36.96	0.34
B10	Sample 22	2	1	6	57740	37	0.34
B10	Sample 22	2	1	7	62730	36.96	0.34
B10	Sample 22	2	1	8	67730	37	0.33
B10	Sample 22	2	1	9	72730	37	0.34
B10	Sample 22	2	1	10	77750	36.96	0.34
B10	Sample 22	2	1	11	82740	37	0.33
B10	Sample 22	2	1	12	87740	37	0.33
B10	Sample 22	2	1	13	92730	37	0.33
B10	Sample 22	2	1	14	97740	37	0.34
B10	Sample 22	2	1	15	102740	37	0.34
B11	Sample 23	2	1	1	32740	36.91	0.38
B11	Sample 23	2	1	2	37740	36.96	0.38
B11	Sample 23	2	1	3	42740	37	0.38
B11	Sample 23	2	1	4	47730	37	0.38
B11	Sample 23	2	1	5	52740	36.96	0.38
B11	Sample 23	2	1	6	57740	37	0.37
B11	Sample 23	2	1	7	62730	36.96	0.37
B11	Sample 23	2	1	8	67730	37	0.37
B11	Sample 23	2	1	9	72730	37	0.38
B11	Sample 23	2	1	10	77750	36.96	0.37
B11	Sample 23	2	1	11	82740	37	0.37
B11	Sample 23	2	1	12	87740	37	0.37
B11	Sample 23	2	1	13	92730	37	0.37
B11	Sample 23	2	1	14	97740	37	0.37
B11	Sample 23	2	1	15	102740	37	0.37
B12	Sample 24	2	1	1	32740	36.91	0.34
B12	Sample 24	2	1	2	37740	36.96	0.33
B12	Sample 24	2	1	3	42740	37	0.33
B12	Sample 24	2	1	4	47730	37	0.34
B12	Sample 24	2	1	5	52740	36.96	0.33
B12	Sample 24	2	1	6	57740	37	0.33
B12	Sample 24	2	1	7	62730	36.96	0.33
B12	Sample 24	2	1	8	67730	37	0.33
B12	Sample 24	2	1	9	72730	37	0.33
B12	Sample 24	2	1	10	77750	36.96	0.33
B12	Sample 24	2	1	11	82740	37	0.32
B12	Sample 24	2	1	12	87740	37	0.33
B12	Sample 24	2	1	13	92730	37	0.33
B12	Sample 24	2	1	14	97740	37	0.33
B12	Sample 24	2	1	15	102740	37	0.33
C1	Sample 25	2	1	1	32740	36.91	0.66
C1	Sample 25	2	1	2	37740	36.96	0.66
C1	Sample 25	2	1	3	42740	37	0.66
C1	Sample 25	2	1	4	47730	37	0.65
C1	Sample 25	2	1	5	52740	36.96	0.65
C1	Sample 25	2	1	6	57740	37	0.64
C1	Sample 25	2	1	7	62730	36.96	0.64
C1	Sample 25	2	1	8	67730	37	0.64
C1	Sample 25	2	1	9	72730	37	0.65
C1	Sample 25	2	1	10	77750	36.96	0.64
C1	Sample 25	2	1	11	82740	37	0.64
C1	Sample 25	2	1	12	87740	37	0.64
C1	Sample 25	2	1	13	92730	37	0.64
C1	Sample 25	2	1	14	97740	37	0.64
C1	Sample 25	2	1	15	102740	37	0.64
C2	Sample 26	2	1	1	32740	36.91	0.68
C2	Sample 26	2	1	2	37740	36.96	0.67
C2	Sample 26	2	1	3	42740	37	0.67
C2	Sample 26	2	1	4	47730	37	0.67
C2	Sample 26	2	1	5	52740	36.96	0.67
C2	Sample 26	2	1	6	57740	37	0.66
C2	Sample 26	2	1	7	62730	36.96	0.67
C2	Sample 26	2	1	8	67730	37	0.67
C2	Sample 26	2	1	9	72730	37	0.66
C2	Sample 26	2	1	10	77750	36.96	0.66
C2	Sample 26	2	1	11	82740	37	0.66
C2	Sample 26	2	1	12	87740	37	0.66
C2	Sample 26	2	1	13	92730	37	0.66
C2	Sample 26	2	1	14	97740	37	0.66
C2	Sample 26	2	1	15	102740	37	0.66
C3	Sample 27	2	1	1	32740	36.91	0.72
C3	Sample 27	2	1	2	37740	36.96	0.72
C3	Sample 27	2	1	3	42740	37	0.71
C3	Sample 27	2	1	4	47730	37	0.71
C3	Sample 27	2	1	5	52740	36.96	0.71
C3	Sample 27	2	1	6	57740	37	0.70
C3	Sample 27	2	1	7	62730	36.96	0.70
C3	Sample 27	2	1	8	67730	37	0.71
C3	Sample 27	2	1	9	72730	37	0.71
C3	Sample 27	2	1	10	77750	36.96	0.70
C3	Sample 27	2	1	11	82740	37	0.70
C3	Sample 27	2	1	12	87740	37	0.70
C3	Sample 27	2	1	13	92730	37	0.70
C3	Sample 27	2	1	14	97740	37	0.70
C3	Sample 27	2	1	15	102740	37	0.70
C4	Sample 28	2	1	1	32740	36.91	0.73
C4	Sample 28	2	1	2	37740	36.96	0.73
C4	Sample 28	2	1	3	42740	37	0.72
C4	Sample 28	2	1	4	47730	37	0.72
C4	Sample 28	2	1	5	52740	36.96	0.72
C4	Sample 28	2	1	6	57740	37	0.71
C4	Sample 28	2	1	7	62730	36.96	0.71
C4	Sample 28	2	1	8	67730	37	0.71
C4	Sample 28	2	1	9	72730	37	0.71
C4	Sample 28	2	1	10	77750	36.96	0.70
C4	Sample 28	2	1	11	82740	37	0.70
C4	Sample 28	2	1	12	87740	37	0.71
C4	Sample 28	2	1	13	92730	37	0.70
C4	Sample 28	2	1	14	97740	37	0.71
C4	Sample 28	2	1	15	102740	37	0.70
C5	Sample 29	2	1	1	32740	36.91	0.70
C5	Sample 29	2	1	2	37740	36.96	0.70
C5	Sample 29	2	1	3	42740	37	0.68
C5	Sample 29	2	1	4	47730	37	0.69
C5	Sample 29	2	1	5	52740	36.96	0.68
C5	Sample 29	2	1	6	57740	37	0.67
C5	Sample 29	2	1	7	62730	36.96	0.67
C5	Sample 29	2	1	8	67730	37	0.68
C5	Sample 29	2	1	9	72730	37	0.67
C5	Sample 29	2	1	10	77750	36.96	0.67
C5	Sample 29	2	1	11	82740	37	0.66
C5	Sample 29	2	1	12	87740	37	0.67
C5	Sample 29	2	1	13	92730	37	0.67
C5	Sample 29	2	1	14	97740	37	0.67
C5	Sample 29	2	1	15	102740	37	0.67
C6	Sample 30	2	1	1	32740	36.91	0.75
C6	Sample 30	2	1	2	37740	36.96	0.75
C6	Sample 30	2	1	3	42740	37	0.75
C6	Sample 30	2	1	4	47730	37	0.74
C6	Sample 30	2	1	5	52740	36.96	0.74
C6	Sample 30	2	1	6	57740	37	0.73
C6	Sample 30	2	1	7	62730	36.96	0.74
C6	Sample 30	2	1	8	67730	37	0.74
C6	Sample 30	2	1	9	72730	37	0.73
C6	Sample 30	2	1	10	77750	36.96	0.73
C6	Sample 30	2	1	11	82740	37	0.73
C6	Sample 30	2	1	12	87740	37	0.73
C6	Sample 30	2	1	13	92730	37	0.73
C6	Sample 30	2	1	14	97740	37	0.73
C6	Sample 30	2	1	15	102740	37	0.73
C7	Sample 31	2	1	1	32740	36.91	0.76
C7	Sample 31	2	1	2	37740	36.96	0.75
C7	Sample 31	2	1	3	42740	37	0.74
C7	Sample 31	2	1	4	47730	37	0.74
C7	Sample 31	2	1	5	52740	36.96	0.74
C7	Sample 31	2	1	6	57740	37	0.74
C7	Sample 31	2	1	7	62730	36.96	0.74
C7	Sample 31	2	1	8	67730	37	0.74
C7	Sample 31	2	1	9	72730	37	0.74
C7	Sample 31	2	1	10	77750	36.96	0.73
C7	Sample 31	2	1	11	82740	37	0.73
C7	Sample 31	2	1	12	87740	37	0.73
C7	Sample 31	2	1	13	92730	37	0.73
C7	Sample 31	2	1	14	97740	37	0.73
C7	Sample 31	2	1	15	102740	37	0.73
C8	Sample 32	2	1	1	32740	36.91	0.71
C8	Sample 32	2	1	2	37740	36.96	0.70
C8	Sample 32	2	1	3	42740	37	0.70
C8	Sample 32	2	1	4	47730	37	0.69
C8	Sample 32	2	1	5	52740	36.96	0.69
C8	Sample 32	2	1	6	57740	37	0.68
C8	Sample 32	2	1	7	62730	36.96	0.68
C8	Sample 32	2	1	8	67730	37	0.69
C8	Sample 32	2	1	9	72730	37	0.69
C8	Sample 32	2	1	10	77750	36.96	0.68
C8	Sample 32	2	1	11	82740	37	0.68
C8	Sample 32	2	1	12	87740	37	0.69
C8	Sample 32	2	1	13	92730	37	0.68
C8	Sample 32	2	1	14	97740	37	0.69
C8	Sample 32	2	1	15	102740	37	0.68
C9	Sample 33	2	1	1	32740	36.91	0.36
C9	Sample 33	2	1	2	37740	36.96	0.36
C9	Sample 33	2	1	3	42740	37	0.35
C9	Sample 33	2	1	4	47730	37	0.36
C9	Sample 33	2	1	5	52740	36.96	0.36
C9	Sample 33	2	1	6	57740	37	0.35
C9	Sample 33	2	1	7	62730	36.96	0.35
C9	Sample 33	2	1	8	67730	37	0.35
C9	Sample 33	2	1	9	72730	37	0.35
C9	Sample 33	2	1	10	77750	36.96	0.35
C9	Sample 33	2	1	11	82740	37	0.35
C9	Sample 33	2	1	12	87740	37	0.35
C9	Sample 33	2	1	13	92730	37	0.35
C9	Sample 33	2	1	14	97740	37	0.35
C9	Sample 33	2	1	15	102740	37	0.35
C10	Sample 34	2	1	1	32740	36.91	0.35
C10	Sample 34	2	1	2	37740	36.96	0.35
C10	Sample 34	2	1	3	42740	37	0.35
C10	Sample 34	2	1	4	47730	37	0.34
C10	Sample 34	2	1	5	52740	36.96	0.34
C10	Sample 34	2	1	6	57740	37	0.34
C10	Sample 34	2	1	7	62730	36.96	0.34
C10	Sample 34	2	1	8	67730	37	0.34
C10	Sample 34	2	1	9	72730	37	0.34
C10	Sample 34	2	1	10	77750	36.96	0.34
C10	Sample 34	2	1	11	82740	37	0.34
C10	Sample 34	2	1	12	87740	37	0.34
C10	Sample 34	2	1	13	92730	37	0.34
C10	Sample 34	2	1	14	97740	37	0.34
C10	Sample 34	2	1	15	102740	37	0.33
C11	Sample 35	2	1	1	32740	36.91	0.37
C11	Sample 35	2	1	2	37740	36.96	0.36
C11	Sample 35	2	1	3	42740	37	0.35
C11	Sample 35	2	1	4	47730	37	0.35
C11	Sample 35	2	1	5	52740	36.96	0.35
C11	Sample 35	2	1	6	57740	37	0.35
C11	Sample 35	2	1	7	62730	36.96	0.34
C11	Sample 35	2	1	8	67730	37	0.35
C11	Sample 35	2	1	9	72730	37	0.35
C11	Sample 35	2	1	10	77750	36.96	0.34
C11	Sample 35	2	1	11	82740	37	0.34
C11	Sample 35	2	1	12	87740	37	0.34
C11	Sample 35	2	1	13	92730	37	0.34
C11	Sample 35	2	1	14	97740	37	0.35
C11	Sample 35	2	1	15	102740	37	0.34
C12	Sample 36	2	1	1	32740	36.91	0.36
C12	Sample 36	2	1	2	37740	36.96	0.36
C12	Sample 36	2	1	3	42740	37	0.35
C12	Sample 36	2	1	4	47730	37	0.36
C12	Sample 36	2	1	5	52740	36.96	0.35
C12	Sample 36	2	1	6	57740	37	0.35
C12	Sample 36	2	1	7	62730	36.96	0.35
C12	Sample 36	2	1	8	67730	37	0.35
C12	Sample 36	2	1	9	72730	37	0.35
C12	Sample 36	2	1	10	77750	36.96	0.35
C12	Sample 36	2	1	11	82740	37	0.35
C12	Sample 36	2	1	12	87740	37	0.35
C12	Sample 36	2	1	13	92730	37	0.35
C12	Sample 36	2	1	14	97740	37	0.35
C12	Sample 36	2	1	15	102740	37	0.35
D1	Sample 37	2	1	1	32740	36.91	0.70
D1	Sample 37	2	1	2	37740	36.96	0.70
D1	Sample 37	2	1	3	42740	37	0.69
D1	Sample 37	2	1	4	47730	37	0.69
D1	Sample 37	2	1	5	52740	36.96	0.68
D1	Sample 37	2	1	6	57740	37	0.68
D1	Sample 37	2	1	7	62730	36.96	0.69
D1	Sample 37	2	1	8	67730	37	0.68
D1	Sample 37	2	1	9	72730	37	0.68
D1	Sample 37	2	1	10	77750	36.96	0.68
D1	Sample 37	2	1	11	82740	37	0.67
D1	Sample 37	2	1	12	87740	37	0.68
D1	Sample 37	2	1	13	92730	37	0.68
D1	Sample 37	2	1	14	97740	37	0.67
D1	Sample 37	2	1	15	102740	37	0.68
D2	Sample 38	2	1	1	32740	36.91	0.69
D2	Sample 38	2	1	2	37740	36.96	0.69
D2	Sample 38	2	1	3	42740	37	0.68
D2	Sample 38	2	1	4	47730	37	0.69
D2	Sample 38	2	1	5	52740	36.96	0.68
D2	Sample 38	2	1	6	57740	37	0.68
D2	Sample 38	2	1	7	62730	36.96	0.67
D2	Sample 38	2	1	8	67730	37	0.67
D2	Sample 38	2	1	9	72730	37	0.67
D2	Sample 38	2	1	10	77750	36.96	0.67
D2	Sample 38	2	1	11	82740	37	0.66
D2	Sample 38	2	1	12	87740	37	0.67
D2	Sample 38	2	1	13	92730	37	0.67
D2	Sample 38	2	1	14	97740	37	0.66
D2	Sample 38	2	1	15	102740	37	0.67
D3	Sample 39	2	1	1	32740	36.91	0.76
D3	Sample 39	2	1	2	37740	36.96	0.76
D3	Sample 39	2	1	3	42740	37	0.75
D3	Sample 39	2	1	4	47730	37	0.75
D3	Sample 39	2	1	5	52740	36.96	0.74
D3	Sample 39	2	1	6	57740	37	0.75
D3	Sample 39	2	1	7	62730	36.96	0.74
D3	Sample 39	2	1	8	67730	37	0.74
D3	Sample 39	2	1	9	72730	37	0.74
D3	Sample 39	2	1	10	77750	36.96	0.74
D3	Sample 39	2	1	11	82740	37	0.74
D3	Sample 39	2	1	12	87740	37	0.73
D3	Sample 39	2	1	13	92730	37	0.74
D3	Sample 39	2	1	14	97740	37	0.74
D3	Sample 39	2	1	15	102740	37	0.74
D4	Sample 40	2	1	1	32740	36.91	0.76
D4	Sample 40	2	1	2	37740	36.96	0.76
D4	Sample 40	2	1	3	42740	37	0.75
D4	Sample 40	2	1	4	47730	37	0.75
D4	Sample 40	2	1	5	52740	36.96	0.74
D4	Sample 40	2	1	6	57740	37	0.75
D4	Sample 40	2	1	7	62730	36.96	0.74
D4	Sample 40	2	1	8	67730	37	0.74
D4	Sample 40	2	1	9	72730	37	0.74
D4	Sample 40	2	1	10	77750	36.96	0.73
D4	Sample 40	2	1	11	82740	37	0.73
D4	Sample 40	2	1	12	87740	37	0.73
D4	Sample 40	2	1	13	92730	37	0.73
D4	Sample 40	2	1	14	97740	37	0.73
D4	Sample 40	2	1	15	102740	37	0.73
D5	Sample 41	2	1	1	32740	36.91	0.71
D5	Sample 41	2	1	2	37740	36.96	0.70
D5	Sample 41	2	1	3	42740	37	0.68
D5	Sample 41	2	1	4	47730	37	0.68
D5	Sample 41	2	1	5	52740	36.96	0.67
D5	Sample 41	2	1	6	57740	37	0.68
D5	Sample 41	2	1	7	62730	36.96	0.67
D5	Sample 41	2	1	8	67730	37	0.67
D5	Sample 41	2	1	9	72730	37	0.68
D5	Sample 41	2	1	10	77750	36.96	0.67
D5	Sample 41	2	1	11	82740	37	0.67
D5	Sample 41	2	1	12	87740	37	0.67
D5	Sample 41	2	1	13	92730	37	0.68
D5	Sample 41	2	1	14	97740	37	0.67
D5	Sample 41	2	1	15	102740	37	0.67
D6	Sample 42	2	1	1	32740	36.91	0.70
D6	Sample 42	2	1	2	37740	36.96	0.70
D6	Sample 42	2	1	3	42740	37	0.69
D6	Sample 42	2	1	4	47730	37	0.69
D6	Sample 42	2	1	5	52740	36.96	0.68
D6	Sample 42	2	1	6	57740	37	0.68
D6	Sample 42	2	1	7	62730	36.96	0.68
D6	Sample 42	2	1	8	67730	37	0.68
D6	Sample 42	2	1	9	72730	37	0.68
D6	Sample 42	2	1	10	77750	36.96	0.68
D6	Sample 42	2	1	11	82740	37	0.68
D6	Sample 42	2	1	12	87740	37	0.67
D6	Sample 42	2	1	13	92730	37	0.67
D6	Sample 42	2	1	14	97740	37	0.68
D6	Sample 42	2	1	15	102740	37	0.68
D7	Sample 43	2	1	1	32740	36.91	0.75
D7	Sample 43	2	1	2	37740	36.96	0.74
D7	Sample 43	2	1	3	42740	37	0.73
D7	Sample 43	2	1	4	47730	37	0.73
D7	Sample 43	2	1	5	52740	36.96	0.72
D7	Sample 43	2	1	6	57740	37	0.72
D7	Sample 43	2	1	7	62730	36.96	0.71
D7	Sample 43	2	1	8	67730	37	0.72
D7	Sample 43	2	1	9	72730	37	0.72
D7	Sample 43	2	1	10	77750	36.96	0.72
D7	Sample 43	2	1	11	82740	37	0.72
D7	Sample 43	2	1	12	87740	37	0.71
D7	Sample 43	2	1	13	92730	37	0.72
D7	Sample 43	2	1	14	97740	37	0.71
D7	Sample 43	2	1	15	102740	37	0.71
D8	Sample 44	2	1	1	32740	36.91	0.72
D8	Sample 44	2	1	2	37740	36.96	0.71
D8	Sample 44	2	1	3	42740	37	0.71
D8	Sample 44	2	1	4	47730	37	0.71
D8	Sample 44	2	1	5	52740	36.96	0.70
D8	Sample 44	2	1	6	57740	37	0.70
D8	Sample 44	2	1	7	62730	36.96	0.69
D8	Sample 44	2	1	8	67730	37	0.69
D8	Sample 44	2	1	9	72730	37	0.69
D8	Sample 44	2	1	10	77750	36.96	0.70
D8	Sample 44	2	1	11	82740	37	0.69
D8	Sample 44	2	1	12	87740	37	0.69
D8	Sample 44	2	1	13	92730	37	0.69
D8	Sample 44	2	1	14	97740	37	0.69
D8	Sample 44	2	1	15	102740	37	0.69
D9	Sample 45	2	1	1	32740	36.91	0.35
D9	Sample 45	2	1	2	37740	36.96	0.34
D9	Sample 45	2	1	3	42740	37	0.34
D9	Sample 45	2	1	4	47730	37	0.35
D9	Sample 45	2	1	5	52740	36.96	0.34
D9	Sample 45	2	1	6	57740	37	0.34
D9	Sample 45	2	1	7	62730	36.96	0.34
D9	Sample 45	2	1	8	67730	37	0.34
D9	Sample 45	2	1	9	72730	37	0.34
D9	Sample 45	2	1	10	77750	36.96	0.34
D9	Sample 45	2	1	11	82740	37	0.34
D9	Sample 45	2	1	12	87740	37	0.34
D9	Sample 45	2	1	13	92730	37	0.34
D9	Sample 45	2	1	14	97740	37	0.33
D9	Sample 45	2	1	15	102740	37	0.34
D10	Sample 46	2	1	1	32740	36.91	0.35
D10	Sample 46	2	1	2	37740	36.96	0.36
D10	Sample 46	2	1	3	42740	37	0.35
D10	Sample 46	2	1	4	47730	37	0.35
D10	Sample 46	2	1	5	52740	36.96	0.34
D10	Sample 46	2	1	6	57740	37	0.35
D10	Sample 46	2	1	7	62730	36.96	0.34
D10	Sample 46	2	1	8	67730	37	0.34
D10	Sample 46	2	1	9	72730	37	0.34
D10	Sample 46	2	1	10	77750	36.96	0.35
D10	Sample 46	2	1	11	82740	37	0.34
D10	Sample 46	2	1	12	87740	37	0.34
D10	Sample 46	2	1	13	92730	37	0.34
D10	Sample 46	2	1	14	97740	37	0.34
D10	Sample 46	2	1	15	102740	37	0.35
D11	Sample 47	2	1	1	32740	36.91	0.55
D11	Sample 47	2	1	2	37740	36.96	0.54
D11	Sample 47	2	1	3	42740	37	0.53
D11	Sample 47	2	1	4	47730	37	0.54
D11	Sample 47	2	1	5	52740	36.96	0.53
D11	Sample 47	2	1	6	57740	37	0.53
D11	Sample 47	2	1	7	62730	36.96	0.52
D11	Sample 47	2	1	8	67730	37	0.52
D11	Sample 47	2	1	9	72730	37	0.52
D11	Sample 47	2	1	10	77750	36.96	0.53
D11	Sample 47	2	1	11	82740	37	0.52
D11	Sample 47	2	1	12	87740	37	0.52
D11	Sample 47	2	1	13	92730	37	0.52
D11	Sample 47	2	1	14	97740	37	0.52
D11	Sample 47	2	1	15	102740	37	0.52
D12	Sample 48	2	1	1	32740	36.91	0.51
D12	Sample 48	2	1	2	37740	36.96	0.51
D12	Sample 48	2	1	3	42740	37	0.50
D12	Sample 48	2	1	4	47730	37	0.51
D12	Sample 48	2	1	5	52740	36.96	0.50
D12	Sample 48	2	1	6	57740	37	0.50
D12	Sample 48	2	1	7	62730	36.96	0.50
D12	Sample 48	2	1	8	67730	37	0.49
D12	Sample 48	2	1	9	72730	37	0.50
D12	Sample 48	2	1	10	77750	36.96	0.50
D12	Sample 48	2	1	11	82740	37	0.49
D12	Sample 48	2	1	12	87740	37	0.49
D12	Sample 48	2	1	13	92730	37	0.50
D12	Sample 48	2	1	14	97740	37	0.49
D12	Sample 48	2	1	15	102740	37	0.49
E1	Sample 49	2	1	1	32740	36.91	0.72
E1	Sample 49	2	1	2	37740	36.96	0.71
E1	Sample 49	2	1	3	42740	37	0.71
E1	Sample 49	2	1	4	47730	37	0.70
E1	Sample 49	2	1	5	52740	36.96	0.70
E1	Sample 49	2	1	6	57740	37	0.69
E1	Sample 49	2	1	7	62730	36.96	0.69
E1	Sample 49	2	1	8	67730	37	0.69
E1	Sample 49	2	1	9	72730	37	0.69
E1	Sample 49	2	1	10	77750	36.96	0.69
E1	Sample 49	2	1	11	82740	37	0.69
E1	Sample 49	2	1	12	87740	37	0.69
E1	Sample 49	2	1	13	92730	37	0.69
E1	Sample 49	2	1	14	97740	37	0.69
E1	Sample 49	2	1	15	102740	37	0.70
E2	Sample 50	2	1	1	32740	36.91	0.73
E2	Sample 50	2	1	2	37740	36.96	0.72
E2	Sample 50	2	1	3	42740	37	0.72
E2	Sample 50	2	1	4	47730	37	0.71
E2	Sample 50	2	1	5	52740	36.96	0.71
E2	Sample 50	2	1	6	57740	37	0.71
E2	Sample 50	2	1	7	62730	36.96	0.70
E2	Sample 50	2	1	8	67730	37	0.71
E2	Sample 50	2	1	9	72730	37	0.71
E2	Sample 50	2	1	10	77750	36.96	0.71
E2	Sample 50	2	1	11	82740	37	0.70
E2	Sample 50	2	1	12	87740	37	0.70
E2	Sample 50	2	1	13	92730	37	0.69
E2	Sample 50	2	1	14	97740	37	0.70
E2	Sample 50	2	1	15	102740	37	0.71
E3	Sample 51	2	1	1	32740	36.91	0.79
E3	Sample 51	2	1	2	37740	36.96	0.78
E3	Sample 51	2	1	3	42740	37	0.78
E3	Sample 51	2	1	4	47730	37	0.78
E3	Sample 51	2	1	5	52740	36.96	0.77
E3	Sample 51	2	1	6	57740	37	0.77
E3	Sample 51	2	1	7	62730	36.96	0.76
E3	Sample 51	2	1	8	67730	37	0.77
E3	Sample 51	2	1	9	72730	37	0.76
E3	Sample 51	2	1	10	77750	36.96	0.76
E3	Sample 51	2	1	11	82740	37	0.76
E3	Sample 51	2	1	12	87740	37	0.76
E3	Sample 51	2	1	13	92730	37	0.76
E3	Sample 51	2	1	14	97740	37	0.76
E3	Sample 51	2	1	15	102740	37	0.76
E4	Sample 52	2	1	1	32740	36.91	0.80
E4	Sample 52	2	1	2	37740	36.96	0.79
E4	Sample 52	2	1	3	42740	37	0.79
E4	Sample 52	2	1	4	47730	37	0.78
E4	Sample 52	2	1	5	52740	36.96	0.77
E4	Sample 52	2	1	6	57740	37	0.78
E4	Sample 52	2	1	7	62730	36.96	0.78
E4	Sample 52	2	1	8	67730	37	0.77
E4	Sample 52	2	1	9	72730	37	0.78
E4	Sample 52	2	1	10	77750	36.96	0.77
E4	Sample 52	2	1	11	82740	37	0.77
E4	Sample 52	2	1	12	87740	37	0.77
E4	Sample 52	2	1	13	92730	37	0.77
E4	Sample 52	2	1	14	97740	37	0.77
E4	Sample 52	2	1	15	102740	37	0.77
E5	Sample 53	2	1	1	32740	36.91	0.72
E5	Sample 53	2	1	2	37740	36.96	0.72
E5	Sample 53	2	1	3	42740	37	0.71
E5	Sample 53	2	1	4	47730	37	0.70
E5	Sample 53	2	1	5	52740	36.96	0.70
E5	Sample 53	2	1	6	57740	37	0.70
E5	Sample 53	2	1	7	62730	36.96	0.70
E5	Sample 53	2	1	8	67730	37	0.70
E5	Sample 53	2	1	9	72730	37	0.70
E5	Sample 53	2	1	10	77750	36.96	0.70
E5	Sample 53	2	1	11	82740	37	0.70
E5	Sample 53	2	1	12	87740	37	0.70
E5	Sample 53	2	1	13	92730	37	0.69
E5	Sample 53	2	1	14	97740	37	0.69
E5	Sample 53	2	1	15	102740	37	0.70
E6	Sample 54	2	1	1	32740	36.91	0.72
E6	Sample 54	2	1	2	37740	36.96	0.71
E6	Sample 54	2	1	3	42740	37	0.70
E6	Sample 54	2	1	4	47730	37	0.69
E6	Sample 54	2	1	5	52740	36.96	0.69
E6	Sample 54	2	1	6	57740	37	0.69
E6	Sample 54	2	1	7	62730	36.96	0.69
E6	Sample 54	2	1	8	67730	37	0.69
E6	Sample 54	2	1	9	72730	37	0.69
E6	Sample 54	2	1	10	77750	36.96	0.69
E6	Sample 54	2	1	11	82740	37	0.70
E6	Sample 54	2	1	12	87740	37	0.69
E6	Sample 54	2	1	13	92730	37	0.68
E6	Sample 54	2	1	14	97740	37	0.69
E6	Sample 54	2	1	15	102740	37	0.70
E7	Sample 55	2	1	1	32740	36.91	0.74
E7	Sample 55	2	1	2	37740	36.96	0.73
E7	Sample 55	2	1	3	42740	37	0.73
E7	Sample 55	2	1	4	47730	37	0.72
E7	Sample 55	2	1	5	52740	36.96	0.72
E7	Sample 55	2	1	6	57740	37	0.72
E7	Sample 55	2	1	7	62730	36.96	0.72
E7	Sample 55	2	1	8	67730	37	0.72
E7	Sample 55	2	1	9	72730	37	0.72
E7	Sample 55	2	1	10	77750	36.96	0.72
E7	Sample 55	2	1	11	82740	37	0.72
E7	Sample 55	2	1	12	87740	37	0.72
E7	Sample 55	2	1	13	92730	37	0.71
E7	Sample 55	2	1	14	97740	37	0.72
E7	Sample 55	2	1	15	102740	37	0.72
E8	Sample 56	2	1	1	32740	36.91	0.70
E8	Sample 56	2	1	2	37740	36.96	0.69
E8	Sample 56	2	1	3	42740	37	0.68
E8	Sample 56	2	1	4	47730	37	0.68
E8	Sample 56	2	1	5	52740	36.96	0.67
E8	Sample 56	2	1	6	57740	37	0.68
E8	Sample 56	2	1	7	62730	36.96	0.67
E8	Sample 56	2	1	8	67730	37	0.67
E8	Sample 56	2	1	9	72730	37	0.67
E8	Sample 56	2	1	10	77750	36.96	0.67
E8	Sample 56	2	1	11	82740	37	0.67
E8	Sample 56	2	1	12	87740	37	0.67
E8	Sample 56	2	1	13	92730	37	0.66
E8	Sample 56	2	1	14	97740	37	0.67
E8	Sample 56	2	1	15	102740	37	0.67
E9	Sample 57	2	1	1	32740	36.91	0.35
E9	Sample 57	2	1	2	37740	36.96	0.34
E9	Sample 57	2	1	3	42740	37	0.34
E9	Sample 57	2	1	4	47730	37	0.33
E9	Sample 57	2	1	5	52740	36.96	0.33
E9	Sample 57	2	1	6	57740	37	0.33
E9	Sample 57	2	1	7	62730	36.96	0.33
E9	Sample 57	2	1	8	67730	37	0.33
E9	Sample 57	2	1	9	72730	37	0.33
E9	Sample 57	2	1	10	77750	36.96	0.33
E9	Sample 57	2	1	11	82740	37	0.33
E9	Sample 57	2	1	12	87740	37	0.33
E9	Sample 57	2	1	13	92730	37	0.33
E9	Sample 57	2	1	14	97740	37	0.33
E9	Sample 57	2	1	15	102740	37	0.33
E10	Sample 58	2	1	1	32740	36.91	0.35
E10	Sample 58	2	1	2	37740	36.96	0.34
E10	Sample 58	2	1	3	42740	37	0.34
E10	Sample 58	2	1	4	47730	37	0.34
E10	Sample 58	2	1	5	52740	36.96	0.34
E10	Sample 58	2	1	6	57740	37	0.34
E10	Sample 58	2	1	7	62730	36.96	0.33
E10	Sample 58	2	1	8	67730	37	0.33
E10	Sample 58	2	1	9	72730	37	0.34
E10	Sample 58	2	1	10	77750	36.96	0.34
E10	Sample 58	2	1	11	82740	37	0.34
E10	Sample 58	2	1	12	87740	37	0.34
E10	Sample 58	2	1	13	92730	37	0.33
E10	Sample 58	2	1	14	97740	37	0.34
E10	Sample 58	2	1	15	102740	37	0.34
E11	Sample 59	2	1	1	32740	36.91	0.62
E11	Sample 59	2	1	2	37740	36.96	0.62
E11	Sample 59	2	1	3	42740	37	0.61
E11	Sample 59	2	1	4	47730	37	0.61
E11	Sample 59	2	1	5	52740	36.96	0.60
E11	Sample 59	2	1	6	57740	37	0.60
E11	Sample 59	2	1	7	62730	36.96	0.60
E11	Sample 59	2	1	8	67730	37	0.60
E11	Sample 59	2	1	9	72730	37	0.60
E11	Sample 59	2	1	10	77750	36.96	0.60
E11	Sample 59	2	1	11	82740	37	0.60
E11	Sample 59	2	1	12	87740	37	0.60
E11	Sample 59	2	1	13	92730	37	0.60
E11	Sample 59	2	1	14	97740	37	0.60
E11	Sample 59	2	1	15	102740	37	0.60
E12	Sample 60	2	1	1	32740	36.91	0.60
E12	Sample 60	2	1	2	37740	36.96	0.59
E12	Sample 60	2	1	3	42740	37	0.59
E12	Sample 60	2	1	4	47730	37	0.58
E12	Sample 60	2	1	5	52740	36.96	0.59
E12	Sample 60	2	1	6	57740	37	0.58
E12	Sample 60	2	1	7	62730	36.96	0.58
E12	Sample 60	2	1	8	67730	37	0.58
E12	Sample 60	2	1	9	72730	37	0.58
E12	Sample 60	2	1	10	77750	36.96	0.58
E12	Sample 60	2	1	11	82740	37	0.58
E12	Sample 60	2	1	12	87740	37	0.57
E12	Sample 60	2	1	13	92730	37	0.57
E12	Sample 60	2	1	14	97740	37	0.57
E12	Sample 60	2	1	15	102740	37	0.58
F1	Sample 61	2	1	1	32740	36.91	0.75
F1	Sample 61	2	1	2	37740	36.96	0.74
F1	Sample 61	2	1	3	42740	37	0.74
F1	Sample 61	2	1	4	47730	37	0.74
F1	Sample 61	2	1	5	52740	36.96	0.73
F1	Sample 61	2	1	6	57740	37	0.73
F1	Sample 61	2	1	7	62730	36.96	0.73
F1	Sample 61	2	1	8	67730	37	0.73
F1	Sample 61	2	1	9	72730	37	0.73
F1	Sample 61	2	1	10	77750	36.96	0.73
F1	Sample 61	2	1	11	82740	37	0.72
F1	Sample 61	2	1	12	87740	37	0.72
F1	Sample 61	2	1	13	92730	37	0.73
F1	Sample 61	2	1	14	97740	37	0.72
F1	Sample 61	2	1	15	102740	37	0.73
F2	Sample 62	2	1	1	32740	36.91	0.74
F2	Sample 62	2	1	2	37740	36.96	0.74
F2	Sample 62	2	1	3	42740	37	0.74
F2	Sample 62	2	1	4	47730	37	0.74
F2	Sample 62	2	1	5	52740	36.96	0.72
F2	Sample 62	2	1	6	57740	37	0.73
F2	Sample 62	2	1	7	62730	36.96	0.72
F2	Sample 62	2	1	8	67730	37	0.72
F2	Sample 62	2	1	9	72730	37	0.72
F2	Sample 62	2	1	10	77750	36.96	0.72
F2	Sample 62	2	1	11	82740	37	0.72
F2	Sample 62	2	1	12	87740	37	0.72
F2	Sample 62	2	1	13	92730	37	0.72
F2	Sample 62	2	1	14	97740	37	0.72
F2	Sample 62	2	1	15	102740	37	0.72
F3	Sample 63	2	1	1	32740	36.91	0.82
F3	Sample 63	2	1	2	37740	36.96	0.82
F3	Sample 63	2	1	3	42740	37	0.81
F3	Sample 63	2	1	4	47730	37	0.82
F3	Sample 63	2	1	5	52740	36.96	0.80
F3	Sample 63	2	1	6	57740	37	0.81
F3	Sample 63	2	1	7	62730	36.96	0.80
F3	Sample 63	2	1	8	67730	37	0.80
F3	Sample 63	2	1	9	72730	37	0.80
F3	Sample 63	2	1	10	77750	36.96	0.80
F3	Sample 63	2	1	11	82740	37	0.79
F3	Sample 63	2	1	12	87740	37	0.80
F3	Sample 63	2	1	13	92730	37	0.80
F3	Sample 63	2	1	14	97740	37	0.80
F3	Sample 63	2	1	15	102740	37	0.80
F4	Sample 64	2	1	1	32740	36.91	0.82
F4	Sample 64	2	1	2	37740	36.96	0.82
F4	Sample 64	2	1	3	42740	37	0.82
F4	Sample 64	2	1	4	47730	37	0.82
F4	Sample 64	2	1	5	52740	36.96	0.80
F4	Sample 64	2	1	6	57740	37	0.80
F4	Sample 64	2	1	7	62730	36.96	0.81
F4	Sample 64	2	1	8	67730	37	0.80
F4	Sample 64	2	1	9	72730	37	0.80
F4	Sample 64	2	1	10	77750	36.96	0.80
F4	Sample 64	2	1	11	82740	37	0.80
F4	Sample 64	2	1	12	87740	37	0.80
F4	Sample 64	2	1	13	92730	37	0.80
F4	Sample 64	2	1	14	97740	37	0.80
F4	Sample 64	2	1	15	102740	37	0.81
F5	Sample 65	2	1	1	32740	36.91	0.70
F5	Sample 65	2	1	2	37740	36.96	0.70
F5	Sample 65	2	1	3	42740	37	0.70
F5	Sample 65	2	1	4	47730	37	0.70
F5	Sample 65	2	1	5	52740	36.96	0.69
F5	Sample 65	2	1	6	57740	37	0.69
F5	Sample 65	2	1	7	62730	36.96	0.69
F5	Sample 65	2	1	8	67730	37	0.69
F5	Sample 65	2	1	9	72730	37	0.69
F5	Sample 65	2	1	10	77750	36.96	0.70
F5	Sample 65	2	1	11	82740	37	0.69
F5	Sample 65	2	1	12	87740	37	0.68
F5	Sample 65	2	1	13	92730	37	0.69
F5	Sample 65	2	1	14	97740	37	0.69
F5	Sample 65	2	1	15	102740	37	0.69
F6	Sample 66	2	1	1	32740	36.91	0.69
F6	Sample 66	2	1	2	37740	36.96	0.68
F6	Sample 66	2	1	3	42740	37	0.68
F6	Sample 66	2	1	4	47730	37	0.68
F6	Sample 66	2	1	5	52740	36.96	0.67
F6	Sample 66	2	1	6	57740	37	0.67
F6	Sample 66	2	1	7	62730	36.96	0.67
F6	Sample 66	2	1	8	67730	37	0.67
F6	Sample 66	2	1	9	72730	37	0.68
F6	Sample 66	2	1	10	77750	36.96	0.67
F6	Sample 66	2	1	11	82740	37	0.67
F6	Sample 66	2	1	12	87740	37	0.67
F6	Sample 66	2	1	13	92730	37	0.68
F6	Sample 66	2	1	14	97740	37	0.67
F6	Sample 66	2	1	15	102740	37	0.68
F7	Sample 67	2	1	1	32740	36.91	0.73
F7	Sample 67	2	1	2	37740	36.96	0.73
F7	Sample 67	2	1	3	42740	37	0.73
F7	Sample 67	2	1	4	47730	37	0.73
F7	Sample 67	2	1	5	52740	36.96	0.71
F7	Sample 67	2	1	6	57740	37	0.72
F7	Sample 67	2	1	7	62730	36.96	0.71
F7	Sample 67	2	1	8	67730	37	0.71
F7	Sample 67	2	1	9	72730	37	0.71
F7	Sample 67	2	1	10	77750	36.96	0.72
F7	Sample 67	2	1	11	82740	37	0.71
F7	Sample 67	2	1	12	87740	37	0.71
F7	Sample 67	2	1	13	92730	37	0.71
F7	Sample 67	2	1	14	97740	37	0.71
F7	Sample 67	2	1	15	102740	37	0.71
F8	Sample 68	2	1	1	32740	36.91	0.72
F8	Sample 68	2	1	2	37740	36.96	0.71
F8	Sample 68	2	1	3	42740	37	0.71
F8	Sample 68	2	1	4	47730	37	0.71
F8	Sample 68	2	1	5	52740	36.96	0.70
F8	Sample 68	2	1	6	57740	37	0.70
F8	Sample 68	2	1	7	62730	36.96	0.70
F8	Sample 68	2	1	8	67730	37	0.70
F8	Sample 68	2	1	9	72730	37	0.70
F8	Sample 68	2	1	10	77750	36.96	0.70
F8	Sample 68	2	1	11	82740	37	0.70
F8	Sample 68	2	1	12	87740	37	0.70
F8	Sample 68	2	1	13	92730	37	0.70
F8	Sample 68	2	1	14	97740	37	0.70
F8	Sample 68	2	1	15	102740	37	0.69
F9	Sample 69	2	1	1	32740	36.91	0.44
F9	Sample 69	2	1	2	37740	36.96	0.44
F9	Sample 69	2	1	3	42740	37	0.44
F9	Sample 69	2	1	4	47730	37	0.44
F9	Sample 69	2	1	5	52740	36.96	0.43
F9	Sample 69	2	1	6	57740	37	0.43
F9	Sample 69	2	1	7	62730	36.96	0.43
F9	Sample 69	2	1	8	67730	37	0.43
F9	Sample 69	2	1	9	72730	37	0.43
F9	Sample 69	2	1	10	77750	36.96	0.43
F9	Sample 69	2	1	11	82740	37	0.43
F9	Sample 69	2	1	12	87740	37	0.43
F9	Sample 69	2	1	13	92730	37	0.43
F9	Sample 69	2	1	14	97740	37	0.43
F9	Sample 69	2	1	15	102740	37	0.43
F10	Sample 70	2	1	1	32740	36.91	0.47
F10	Sample 70	2	1	2	37740	36.96	0.46
F10	Sample 70	2	1	3	42740	37	0.46
F10	Sample 70	2	1	4	47730	37	0.46
F10	Sample 70	2	1	5	52740	36.96	0.45
F10	Sample 70	2	1	6	57740	37	0.45
F10	Sample 70	2	1	7	62730	36.96	0.45
F10	Sample 70	2	1	8	67730	37	0.45
F10	Sample 70	2	1	9	72730	37	0.45
F10	Sample 70	2	1	10	77750	36.96	0.45
F10	Sample 70	2	1	11	82740	37	0.45
F10	Sample 70	2	1	12	87740	37	0.45
F10	Sample 70	2	1	13	92730	37	0.45
F10	Sample 70	2	1	14	97740	37	0.45
F10	Sample 70	2	1	15	102740	37	0.45
F11	Sample 71	2	1	1	32740	36.91	0.73
F11	Sample 71	2	1	2	37740	36.96	0.72
F11	Sample 71	2	1	3	42740	37	0.72
F11	Sample 71	2	1	4	47730	37	0.72
F11	Sample 71	2	1	5	52740	36.96	0.71
F11	Sample 71	2	1	6	57740	37	0.71
F11	Sample 71	2	1	7	62730	36.96	0.71
F11	Sample 71	2	1	8	67730	37	0.71
F11	Sample 71	2	1	9	72730	37	0.71
F11	Sample 71	2	1	10	77750	36.96	0.71
F11	Sample 71	2	1	11	82740	37	0.71
F11	Sample 71	2	1	12	87740	37	0.71
F11	Sample 71	2	1	13	92730	37	0.71
F11	Sample 71	2	1	14	97740	37	0.70
F11	Sample 71	2	1	15	102740	37	0.71
F12	Sample 72	2	1	1	32740	36.91	0.69
F12	Sample 72	2	1	2	37740	36.96	0.68
F12	Sample 72	2	1	3	42740	37	0.68
F12	Sample 72	2	1	4	47730	37	0.68
F12	Sample 72	2	1	5	52740	36.96	0.67
F12	Sample 72	2	1	6	57740	37	0.67
F12	Sample 72	2	1	7	62730	36.96	0.66
F12	Sample 72	2	1	8	67730	37	0.66
F12	Sample 72	2	1	9	72730	37	0.66
F12	Sample 72	2	1	10	77750	36.96	0.66
F12	Sample 72	2	1	11	82740	37	0.66
F12	Sample 72	2	1	12	87740	37	0.66
F12	Sample 72	2	1	13	92730	37	0.66
F12	Sample 72	2	1	14	97740	37	0.66
F12	Sample 72	2	1	15	102740	37	0.66
G1	Sample 73	2	1	1	32740	36.91	0.78
G1	Sample 73	2	1	2	37740	36.96	0.77
G1	Sample 73	2	1	3	42740	37	0.77
G1	Sample 73	2	1	4	47730	37	0.78
G1	Sample 73	2	1	5	52740	36.96	0.77
G1	Sample 73	2	1	6	57740	37	0.77
G1	Sample 73	2	1	7	62730	36.96	0.75
G1	Sample 73	2	1	8	67730	37	0.76
G1	Sample 73	2	1	9	72730	37	0.76
G1	Sample 73	2	1	10	77750	36.96	0.76
G1	Sample 73	2	1	11	82740	37	0.76
G1	Sample 73	2	1	12	87740	37	0.75
G1	Sample 73	2	1	13	92730	37	0.75
G1	Sample 73	2	1	14	97740	37	0.76
G1	Sample 73	2	1	15	102740	37	0.76
G2	Sample 74	2	1	1	32740	36.91	0.80
G2	Sample 74	2	1	2	37740	36.96	0.79
G2	Sample 74	2	1	3	42740	37	0.79
G2	Sample 74	2	1	4	47730	37	0.80
G2	Sample 74	2	1	5	52740	36.96	0.78
G2	Sample 74	2	1	6	57740	37	0.78
G2	Sample 74	2	1	7	62730	36.96	0.78
G2	Sample 74	2	1	8	67730	37	0.78
G2	Sample 74	2	1	9	72730	37	0.78
G2	Sample 74	2	1	10	77750	36.96	0.77
G2	Sample 74	2	1	11	82740	37	0.77
G2	Sample 74	2	1	12	87740	37	0.77
G2	Sample 74	2	1	13	92730	37	0.77
G2	Sample 74	2	1	14	97740	37	0.77
G2	Sample 74	2	1	15	102740	37	0.78
G3	Sample 75	2	1	1	32740	36.91	0.85
G3	Sample 75	2	1	2	37740	36.96	0.85
G3	Sample 75	2	1	3	42740	37	0.84
G3	Sample 75	2	1	4	47730	37	0.84
G3	Sample 75	2	1	5	52740	36.96	0.83
G3	Sample 75	2	1	6	57740	37	0.83
G3	Sample 75	2	1	7	62730	36.96	0.82
G3	Sample 75	2	1	8	67730	37	0.82
G3	Sample 75	2	1	9	72730	37	0.83
G3	Sample 75	2	1	10	77750	36.96	0.82
G3	Sample 75	2	1	11	82740	37	0.83
G3	Sample 75	2	1	12	87740	37	0.82
G3	Sample 75	2	1	13	92730	37	0.83
G3	Sample 75	2	1	14	97740	37	0.83
G3	Sample 75	2	1	15	102740	37	0.83
G4	Sample 76	2	1	1	32740	36.91	0.84
G4	Sample 76	2	1	2	37740	36.96	0.84
G4	Sample 76	2	1	3	42740	37	0.83
G4	Sample 76	2	1	4	47730	37	0.84
G4	Sample 76	2	1	5	52740	36.96	0.82
G4	Sample 76	2	1	6	57740	37	0.82
G4	Sample 76	2	1	7	62730	36.96	0.82
G4	Sample 76	2	1	8	67730	37	0.81
G4	Sample 76	2	1	9	72730	37	0.82
G4	Sample 76	2	1	10	77750	36.96	0.82
G4	Sample 76	2	1	11	82740	37	0.82
G4	Sample 76	2	1	12	87740	37	0.81
G4	Sample 76	2	1	13	92730	37	0.82
G4	Sample 76	2	1	14	97740	37	0.82
G4	Sample 76	2	1	15	102740	37	0.82
G5	Sample 77	2	1	1	32740	36.91	0.72
G5	Sample 77	2	1	2	37740	36.96	0.71
G5	Sample 77	2	1	3	42740	37	0.71
G5	Sample 77	2	1	4	47730	37	0.71
G5	Sample 77	2	1	5	52740	36.96	0.70
G5	Sample 77	2	1	6	57740	37	0.70
G5	Sample 77	2	1	7	62730	36.96	0.70
G5	Sample 77	2	1	8	67730	37	0.70
G5	Sample 77	2	1	9	72730	37	0.70
G5	Sample 77	2	1	10	77750	36.96	0.69
G5	Sample 77	2	1	11	82740	37	0.69
G5	Sample 77	2	1	12	87740	37	0.69
G5	Sample 77	2	1	13	92730	37	0.70
G5	Sample 77	2	1	14	97740	37	0.69
G5	Sample 77	2	1	15	102740	37	0.70
G6	Sample 78	2	1	1	32740	36.91	0.72
G6	Sample 78	2	1	2	37740	36.96	0.71
G6	Sample 78	2	1	3	42740	37	0.70
G6	Sample 78	2	1	4	47730	37	0.71
G6	Sample 78	2	1	5	52740	36.96	0.70
G6	Sample 78	2	1	6	57740	37	0.70
G6	Sample 78	2	1	7	62730	36.96	0.70
G6	Sample 78	2	1	8	67730	37	0.70
G6	Sample 78	2	1	9	72730	37	0.69
G6	Sample 78	2	1	10	77750	36.96	0.70
G6	Sample 78	2	1	11	82740	37	0.70
G6	Sample 78	2	1	12	87740	37	0.69
G6	Sample 78	2	1	13	92730	37	0.69
G6	Sample 78	2	1	14	97740	37	0.69
G6	Sample 78	2	1	15	102740	37	0.69
G7	Sample 79	2	1	1	32740	36.91	0.70
G7	Sample 79	2	1	2	37740	36.96	0.69
G7	Sample 79	2	1	3	42740	37	0.69
G7	Sample 79	2	1	4	47730	37	0.69
G7	Sample 79	2	1	5	52740	36.96	0.68
G7	Sample 79	2	1	6	57740	37	0.68
G7	Sample 79	2	1	7	62730	36.96	0.68
G7	Sample 79	2	1	8	67730	37	0.68
G7	Sample 79	2	1	9	72730	37	0.68
G7	Sample 79	2	1	10	77750	36.96	0.68
G7	Sample 79	2	1	11	82740	37	0.68
G7	Sample 79	2	1	12	87740	37	0.68
G7	Sample 79	2	1	13	92730	37	0.67
G7	Sample 79	2	1	14	97740	37	0.68
G7	Sample 79	2	1	15	102740	37	0.68
G8	Sample 80	2	1	1	32740	36.91	0.69
G8	Sample 80	2	1	2	37740	36.96	0.69
G8	Sample 80	2	1	3	42740	37	0.68
G8	Sample 80	2	1	4	47730	37	0.68
G8	Sample 80	2	1	5	52740	36.96	0.67
G8	Sample 80	2	1	6	57740	37	0.67
G8	Sample 80	2	1	7	62730	36.96	0.66
G8	Sample 80	2	1	8	67730	37	0.66
G8	Sample 80	2	1	9	72730	37	0.66
G8	Sample 80	2	1	10	77750	36.96	0.67
G8	Sample 80	2	1	11	82740	37	0.66
G8	Sample 80	2	1	12	87740	37	0.66
G8	Sample 80	2	1	13	92730	37	0.66
G8	Sample 80	2	1	14	97740	37	0.67
G8	Sample 80	2	1	15	102740	37	0.66
G9	Sample 81	2	1	1	32740	36.91	0.56
G9	Sample 81	2	1	2	37740	36.96	0.56
G9	Sample 81	2	1	3	42740	37	0.56
G9	Sample 81	2	1	4	47730	37	0.56
G9	Sample 81	2	1	5	52740	36.96	0.55
G9	Sample 81	2	1	6	57740	37	0.55
G9	Sample 81	2	1	7	62730	36.96	0.54
G9	Sample 81	2	1	8	67730	37	0.54
G9	Sample 81	2	1	9	72730	37	0.55
G9	Sample 81	2	1	10	77750	36.96	0.54
G9	Sample 81	2	1	11	82740	37	0.55
G9	Sample 81	2	1	12	87740	37	0.54
G9	Sample 81	2	1	13	92730	37	0.54
G9	Sample 81	2	1	14	97740	37	0.55
G9	Sample 81	2	1	15	102740	37	0.55
G10	Sample 82	2	1	1	32740	36.91	0.60
G10	Sample 82	2	1	2	37740	36.96	0.60
G10	Sample 82	2	1	3	42740	37	0.59
G10	Sample 82	2	1	4	47730	37	0.59
G10	Sample 82	2	1	5	52740	36.96	0.59
G10	Sample 82	2	1	6	57740	37	0.58
G10	Sample 82	2	1	7	62730	36.96	0.58
G10	Sample 82	2	1	8	67730	37	0.58
G10	Sample 82	2	1	9	72730	37	0.58
G10	Sample 82	2	1	10	77750	36.96	0.57
G10	Sample 82	2	1	11	82740	37	0.58
G10	Sample 82	2	1	12	87740	37	0.58
G10	Sample 82	2	1	13	92730	37	0.58
G10	Sample 82	2	1	14	97740	37	0.58
G10	Sample 82	2	1	15	102740	37	0.58
G11	Sample 83	2	1	1	32740	36.91	0.75
G11	Sample 83	2	1	2	37740	36.96	0.74
G11	Sample 83	2	1	3	42740	37	0.74
G11	Sample 83	2	1	4	47730	37	0.74
G11	Sample 83	2	1	5	52740	36.96	0.74
G11	Sample 83	2	1	6	57740	37	0.73
G11	Sample 83	2	1	7	62730	36.96	0.72
G11	Sample 83	2	1	8	67730	37	0.72
G11	Sample 83	2	1	9	72730	37	0.72
G11	Sample 83	2	1	10	77750	36.96	0.72
G11	Sample 83	2	1	11	82740	37	0.72
G11	Sample 83	2	1	12	87740	37	0.71
G11	Sample 83	2	1	13	92730	37	0.72
G11	Sample 83	2	1	14	97740	37	0.72
G11	Sample 83	2	1	15	102740	37	0.72
G12	Sample 84	2	1	1	32740	36.91	0.68
G12	Sample 84	2	1	2	37740	36.96	0.67
G12	Sample 84	2	1	3	42740	37	0.66
G12	Sample 84	2	1	4	47730	37	0.67
G12	Sample 84	2	1	5	52740	36.96	0.66
G12	Sample 84	2	1	6	57740	37	0.66
G12	Sample 84	2	1	7	62730	36.96	0.65
G12	Sample 84	2	1	8	67730	37	0.66
G12	Sample 84	2	1	9	72730	37	0.66
G12	Sample 84	2	1	10	77750	36.96	0.65
G12	Sample 84	2	1	11	82740	37	0.65
G12	Sample 84	2	1	12	87740	37	0.65
G12	Sample 84	2	1	13	92730	37	0.65
G12	Sample 84	2	1	14	97740	37	0.65
G12	Sample 84	2	1	15	102740	37	0.65
H1	Sample 85	2	1	1	32740	36.91	0.75
H1	Sample 85	2	1	2	37740	36.96	0.75
H1	Sample 85	2	1	3	42740	37	0.75
H1	Sample 85	2	1	4	47730	37	0.75
H1	Sample 85	2	1	5	52740	36.96	0.74
H1	Sample 85	2	1	6	57740	37	0.74
H1	Sample 85	2	1	7	62730	36.96	0.73
H1	Sample 85	2	1	8	67730	37	0.74
H1	Sample 85	2	1	9	72730	37	0.74
H1	Sample 85	2	1	10	77750	36.96	0.73
H1	Sample 85	2	1	11	82740	37	0.73
H1	Sample 85	2	1	12	87740	37	0.73
H1	Sample 85	2	1	13	92730	37	0.73
H1	Sample 85	2	1	14	97740	37	0.73
H1	Sample 85	2	1	15	102740	37	0.73
H2	Sample 86	2	1	1	32740	36.91	0.79
H2	Sample 86	2	1	2	37740	36.96	0.78
H2	Sample 86	2	1	3	42740	37	0.77
H2	Sample 86	2	1	4	47730	37	0.78
H2	Sample 86	2	1	5	52740	36.96	0.77
H2	Sample 86	2	1	6	57740	37	0.77
H2	Sample 86	2	1	7	62730	36.96	0.76
H2	Sample 86	2	1	8	67730	37	0.77
H2	Sample 86	2	1	9	72730	37	0.76
H2	Sample 86	2	1	10	77750	36.96	0.77
H2	Sample 86	2	1	11	82740	37	0.76
H2	Sample 86	2	1	12	87740	37	0.76
H2	Sample 86	2	1	13	92730	37	0.76
H2	Sample 86	2	1	14	97740	37	0.76
H2	Sample 86	2	1	15	102740	37	0.76
H3	Sample 87	2	1	1	32740	36.91	0.84
H3	Sample 87	2	1	2	37740	36.96	0.84
H3	Sample 87	2	1	3	42740	37	0.84
H3	Sample 87	2	1	4	47730	37	0.83
H3	Sample 87	2	1	5	52740	36.96	0.82
H3	Sample 87	2	1	6	57740	37	0.83
H3	Sample 87	2	1	7	62730	36.96	0.82
H3	Sample 87	2	1	8	67730	37	0.83
H3	Sample 87	2	1	9	72730	37	0.82
H3	Sample 87	2	1	10	77750	36.96	0.82
H3	Sample 87	2	1	11	82740	37	0.82
H3	Sample 87	2	1	12	87740	37	0.82
H3	Sample 87	2	1	13	92730	37	0.82
H3	Sample 87	2	1	14	97740	37	0.82
H3	Sample 87	2	1	15	102740	37	0.82
H4	Sample 88	2	1	1	32740	36.91	0.83
H4	Sample 88	2	1	2	37740	36.96	0.82
H4	Sample 88	2	1	3	42740	37	0.83
H4	Sample 88	2	1	4	47730	37	0.82
H4	Sample 88	2	1	5	52740	36.96	0.81
H4	Sample 88	2	1	6	57740	37	0.82
H4	Sample 88	2	1	7	62730	36.96	0.81
H4	Sample 88	2	1	8	67730	37	0.82
H4	Sample 88	2	1	9	72730	37	0.82
H4	Sample 88	2	1	10	77750	36.96	0.81
H4	Sample 88	2	1	11	82740	37	0.81
H4	Sample 88	2	1	12	87740	37	0.81
H4	Sample 88	2	1	13	92730	37	0.81
H4	Sample 88	2	1	14	97740	37	0.81
H4	Sample 88	2	1	15	102740	37	0.81
H5	Sample 89	2	1	1	32740	36.91	0.75
H5	Sample 89	2	1	2	37740	36.96	0.75
H5	Sample 89	2	1	3	42740	37	0.74
H5	Sample 89	2	1	4	47730	37	0.74
H5	Sample 89	2	1	5	52740	36.96	0.74
H5	Sample 89	2	1	6	57740	37	0.73
H5	Sample 89	2	1	7	62730	36.96	0.73
H5	Sample 89	2	1	8	67730	37	0.73
H5	Sample 89	2	1	9	72730	37	0.73
H5	Sample 89	2	1	10	77750	36.96	0.73
H5	Sample 89	2	1	11	82740	37	0.73
H5	Sample 89	2	1	12	87740	37	0.73
H5	Sample 89	2	1	13	92730	37	0.73
H5	Sample 89	2	1	14	97740	37	0.73
H5	Sample 89	2	1	15	102740	37	0.73
H6	Sample 90	2	1	1	32740	36.91	0.73
H6	Sample 90	2	1	2	37740	36.96	0.72
H6	Sample 90	2	1	3	42740	37	0.72
H6	Sample 90	2	1	4	47730	37	0.72
H6	Sample 90	2	1	5	52740	36.96	0.71
H6	Sample 90	2	1	6	57740	37	0.72
H6	Sample 90	2	1	7	62730	36.96	0.71
H6	Sample 90	2	1	8	67730	37	0.71
H6	Sample 90	2	1	9	72730	37	0.71
H6	Sample 90	2	1	10	77750	36.96	0.71
H6	Sample 90	2	1	11	82740	37	0.70
H6	Sample 90	2	1	12	87740	37	0.71
H6	Sample 90	2	1	13	92730	37	0.71
H6	Sample 90	2	1	14	97740	37	0.70
H6	Sample 90	2	1	15	102740	37	0.71
H7	Sample 91	2	1	1	32740	36.91	0.74
H7	Sample 91	2	1	2	37740	36.96	0.73
H7	Sample 91	2	1	3	42740	37	0.73
H7	Sample 91	2	1	4	47730	37	0.73
H7	Sample 91	2	1	5	52740	36.96	0.72
H7	Sample 91	2	1	6	57740	37	0.72
H7	Sample 91	2	1	7	62730	36.96	0.72
H7	Sample 91	2	1	8	67730	37	0.72
H7	Sample 91	2	1	9	72730	37	0.72
H7	Sample 91	2	1	10	77750	36.96	0.71
H7	Sample 91	2	1	11	82740	37	0.72
H7	Sample 91	2	1	12	87740	37	0.72
H7	Sample 91	2	1	13	92730	37	0.71
H7	Sample 91	2	1	14	97740	37	0.72
H7	Sample 91	2	1	15	102740	37	0.71
H8	Sample 92	2	1	1	32740	36.91	0.69
H8	Sample 92	2	1	2	37740	36.96	0.70
H8	Sample 92	2	1	3	42740	37	0.69
H8	Sample 92	2	1	4	47730	37	0.69
H8	Sample 92	2	1	5	52740	36.96	0.69
H8	Sample 92	2	1	6	57740	37	0.69
H8	Sample 92	2	1	7	62730	36.96	0.68
H8	Sample 92	2	1	8	67730	37	0.68
H8	Sample 92	2	1	9	72730	37	0.68
H8	Sample 92	2	1	10	77750	36.96	0.68
H8	Sample 92	2	1	11	82740	37	0.68
H8	Sample 92	2	1	12	87740	37	0.68
H8	Sample 92	2	1	13	92730	37	0.68
H8	Sample 92	2	1	14	97740	37	0.68
H8	Sample 92	2	1	15	102740	37	0.68
H9	Sample 93	2	1	1	32740	36.91	0.72
H9	Sample 93	2	1	2	37740	36.96	0.71
H9	Sample 93	2	1	3	42740	37	0.71
H9	Sample 93	2	1	4	47730	37	0.71
H9	Sample 93	2	1	5	52740	36.96	0.70
H9	Sample 93	2	1	6	57740	37	0.71
H9	Sample 93	2	1	7	62730	36.96	0.70
H9	Sample 93	2	1	8	67730	37	0.70
H9	Sample 93	2	1	9	72730	37	0.70
H9	Sample 93	2	1	10	77750	36.96	0.70
H9	Sample 93	2	1	11	82740	37	0.70
H9	Sample 93	2	1	12	87740	37	0.70
H9	Sample 93	2	1	13	92730	37	0.69
H9	Sample 93	2	1	14	97740	37	0.70
H9	Sample 93	2	1	15	102740	37	0.70
H10	Sample 94	2	1	1	32740	36.91	0.72
H10	Sample 94	2	1	2	37740	36.96	0.71
H10	Sample 94	2	1	3	42740	37	0.71
H10	Sample 94	2	1	4	47730	37	0.71
H10	Sample 94	2	1	5	52740	36.96	0.70
H10	Sample 94	2	1	6	57740	37	0.70
H10	Sample 94	2	1	7	62730	36.96	0.69
H10	Sample 94	2	1	8	67730	37	0.70
H10	Sample 94	2	1	9	72730	37	0.69
H10	Sample 94	2	1	10	77750	36.96	0.70
H10	Sample 94	2	1	11	82740	37	0.69
H10	Sample 94	2	1	12	87740	37	0.69
H10	Sample 94	2	1	13	92730	37	0.69
H10	Sample 94	2	1	14	97740	37	0.69
H10	Sample 94	2	1	15	102740	37	0.70
H11	Sample 95	2	1	1	32740	36.91	0.69
H11	Sample 95	2	1	2	37740	36.96	0.68
H11	Sample 95	2	1	3	42740	37	0.68
H11	Sample 95	2	1	4	47730	37	0.67
H11	Sample 95	2	1	5	52740	36.96	0.67
H11	Sample 95	2	1	6	57740	37	0.67
H11	Sample 95	2	1	7	62730	36.96	0.66
H11	Sample 95	2	1	8	67730	37	0.67
H11	Sample 95	2	1	9	72730	37	0.67
H11	Sample 95	2	1	10	77750	36.96	0.66
H11	Sample 95	2	1	11	82740	37	0.66
H11	Sample 95	2	1	12	87740	37	0.67
H11	Sample 95	2	1	13	92730	37	0.66
H11	Sample 95	2	1	14	97740	37	0.67
H11	Sample 95	2	1	15	102740	37	0.66
H12	Sample 96	2	1	1	32740	36.91	0.67
H12	Sample 96	2	1	2	37740	36.96	0.66
H12	Sample 96	2	1	3	42740	37	0.66
H12	Sample 96	2	1	4	47730	37	0.66
H12	Sample 96	2	1	5	52740	36.96	0.66
H12	Sample 96	2	1	6	57740	37	0.65
H12	Sample 96	2	1	7	62730	36.96	0.65
H12	Sample 96	2	1	8	67730	37	0.65
H12	Sample 96	2	1	9	72730	37	0.65
H12	Sample 96	2	1	10	77750	36.96	0.65
H12	Sample 96	2	1	11	82740	37	0.64
H12	Sample 96	2	1	12	87740	37	0.65
H12	Sample 96	2	1	13	92730	37	0.65
H12	Sample 96	2	1	14	97740	37	0.65
H12	Sample 96	2	1	15	102740	37	0.65
