Raw Data 		Experiment - evIC50_9_plate1_22APRIL2026 (Run on LCS480 1.5.1.62)
SamplePos	SampleName	Prog#	Seg#	Cycle#	Time	Temp	465-510	
A1	Sample 1	2	1	1	36080	36.86	1.36
A1	Sample 1	2	1	2	41110	36.91	1.37
A1	Sample 1	2	1	3	46110	36.91	1.37
A1	Sample 1	2	1	4	51110	36.96	1.37
A1	Sample 1	2	1	5	56100	36.96	1.37
A1	Sample 1	2	1	6	61110	36.96	1.36
A1	Sample 1	2	1	7	66110	36.96	1.37
A1	Sample 1	2	1	8	71130	36.96	1.38
A1	Sample 1	2	1	9	76110	36.96	1.37
A1	Sample 1	2	1	10	81110	36.96	1.37
A1	Sample 1	2	1	11	86100	37	1.36
A1	Sample 1	2	1	12	91110	36.96	1.37
A1	Sample 1	2	1	13	96110	36.96	1.37
A1	Sample 1	2	1	14	101100	36.96	1.36
A1	Sample 1	2	1	15	106110	36.96	1.36
A2	Sample 2	2	1	1	36080	36.86	1.38
A2	Sample 2	2	1	2	41110	36.91	1.37
A2	Sample 2	2	1	3	46110	36.91	1.35
A2	Sample 2	2	1	4	51110	36.96	1.35
A2	Sample 2	2	1	5	56100	36.96	1.36
A2	Sample 2	2	1	6	61110	36.96	1.35
A2	Sample 2	2	1	7	66110	36.96	1.35
A2	Sample 2	2	1	8	71130	36.96	1.35
A2	Sample 2	2	1	9	76110	36.96	1.35
A2	Sample 2	2	1	10	81110	36.96	1.35
A2	Sample 2	2	1	11	86100	37	1.34
A2	Sample 2	2	1	12	91110	36.96	1.34
A2	Sample 2	2	1	13	96110	36.96	1.35
A2	Sample 2	2	1	14	101100	36.96	1.34
A2	Sample 2	2	1	15	106110	36.96	1.35
A3	Sample 3	2	1	1	36080	36.86	1.58
A3	Sample 3	2	1	2	41110	36.91	1.58
A3	Sample 3	2	1	3	46110	36.91	1.56
A3	Sample 3	2	1	4	51110	36.96	1.56
A3	Sample 3	2	1	5	56100	36.96	1.56
A3	Sample 3	2	1	6	61110	36.96	1.55
A3	Sample 3	2	1	7	66110	36.96	1.55
A3	Sample 3	2	1	8	71130	36.96	1.55
A3	Sample 3	2	1	9	76110	36.96	1.55
A3	Sample 3	2	1	10	81110	36.96	1.56
A3	Sample 3	2	1	11	86100	37	1.55
A3	Sample 3	2	1	12	91110	36.96	1.55
A3	Sample 3	2	1	13	96110	36.96	1.55
A3	Sample 3	2	1	14	101100	36.96	1.54
A3	Sample 3	2	1	15	106110	36.96	1.55
A4	Sample 4	2	1	1	36080	36.86	1.60
A4	Sample 4	2	1	2	41110	36.91	1.59
A4	Sample 4	2	1	3	46110	36.91	1.58
A4	Sample 4	2	1	4	51110	36.96	1.57
A4	Sample 4	2	1	5	56100	36.96	1.57
A4	Sample 4	2	1	6	61110	36.96	1.57
A4	Sample 4	2	1	7	66110	36.96	1.57
A4	Sample 4	2	1	8	71130	36.96	1.57
A4	Sample 4	2	1	9	76110	36.96	1.58
A4	Sample 4	2	1	10	81110	36.96	1.56
A4	Sample 4	2	1	11	86100	37	1.56
A4	Sample 4	2	1	12	91110	36.96	1.57
A4	Sample 4	2	1	13	96110	36.96	1.57
A4	Sample 4	2	1	14	101100	36.96	1.56
A4	Sample 4	2	1	15	106110	36.96	1.57
A5	Sample 5	2	1	1	36080	36.86	0.94
A5	Sample 5	2	1	2	41110	36.91	0.93
A5	Sample 5	2	1	3	46110	36.91	0.92
A5	Sample 5	2	1	4	51110	36.96	0.91
A5	Sample 5	2	1	5	56100	36.96	0.92
A5	Sample 5	2	1	6	61110	36.96	0.91
A5	Sample 5	2	1	7	66110	36.96	0.91
A5	Sample 5	2	1	8	71130	36.96	0.91
A5	Sample 5	2	1	9	76110	36.96	0.91
A5	Sample 5	2	1	10	81110	36.96	0.91
A5	Sample 5	2	1	11	86100	37	0.91
A5	Sample 5	2	1	12	91110	36.96	0.91
A5	Sample 5	2	1	13	96110	36.96	0.90
A5	Sample 5	2	1	14	101100	36.96	0.90
A5	Sample 5	2	1	15	106110	36.96	0.91
A6	Sample 6	2	1	1	36080	36.86	0.96
A6	Sample 6	2	1	2	41110	36.91	0.95
A6	Sample 6	2	1	3	46110	36.91	0.94
A6	Sample 6	2	1	4	51110	36.96	0.93
A6	Sample 6	2	1	5	56100	36.96	0.93
A6	Sample 6	2	1	6	61110	36.96	0.92
A6	Sample 6	2	1	7	66110	36.96	0.92
A6	Sample 6	2	1	8	71130	36.96	0.92
A6	Sample 6	2	1	9	76110	36.96	0.93
A6	Sample 6	2	1	10	81110	36.96	0.92
A6	Sample 6	2	1	11	86100	37	0.92
A6	Sample 6	2	1	12	91110	36.96	0.92
A6	Sample 6	2	1	13	96110	36.96	0.92
A6	Sample 6	2	1	14	101100	36.96	0.92
A6	Sample 6	2	1	15	106110	36.96	0.92
A7	Sample 7	2	1	1	36080	36.86	0.98
A7	Sample 7	2	1	2	41110	36.91	0.97
A7	Sample 7	2	1	3	46110	36.91	0.96
A7	Sample 7	2	1	4	51110	36.96	0.96
A7	Sample 7	2	1	5	56100	36.96	0.95
A7	Sample 7	2	1	6	61110	36.96	0.95
A7	Sample 7	2	1	7	66110	36.96	0.94
A7	Sample 7	2	1	8	71130	36.96	0.95
A7	Sample 7	2	1	9	76110	36.96	0.95
A7	Sample 7	2	1	10	81110	36.96	0.95
A7	Sample 7	2	1	11	86100	37	0.95
A7	Sample 7	2	1	12	91110	36.96	0.95
A7	Sample 7	2	1	13	96110	36.96	0.95
A7	Sample 7	2	1	14	101100	36.96	0.94
A7	Sample 7	2	1	15	106110	36.96	0.95
A8	Sample 8	2	1	1	36080	36.86	0.94
A8	Sample 8	2	1	2	41110	36.91	0.93
A8	Sample 8	2	1	3	46110	36.91	0.92
A8	Sample 8	2	1	4	51110	36.96	0.92
A8	Sample 8	2	1	5	56100	36.96	0.92
A8	Sample 8	2	1	6	61110	36.96	0.92
A8	Sample 8	2	1	7	66110	36.96	0.92
A8	Sample 8	2	1	8	71130	36.96	0.92
A8	Sample 8	2	1	9	76110	36.96	0.91
A8	Sample 8	2	1	10	81110	36.96	0.91
A8	Sample 8	2	1	11	86100	37	0.91
A8	Sample 8	2	1	12	91110	36.96	0.91
A8	Sample 8	2	1	13	96110	36.96	0.91
A8	Sample 8	2	1	14	101100	36.96	0.90
A8	Sample 8	2	1	15	106110	36.96	0.92
A9	Sample 9	2	1	1	36080	36.86	1.48
A9	Sample 9	2	1	2	41110	36.91	1.46
A9	Sample 9	2	1	3	46110	36.91	1.44
A9	Sample 9	2	1	4	51110	36.96	1.44
A9	Sample 9	2	1	5	56100	36.96	1.44
A9	Sample 9	2	1	6	61110	36.96	1.43
A9	Sample 9	2	1	7	66110	36.96	1.44
A9	Sample 9	2	1	8	71130	36.96	1.43
A9	Sample 9	2	1	9	76110	36.96	1.43
A9	Sample 9	2	1	10	81110	36.96	1.42
A9	Sample 9	2	1	11	86100	37	1.42
A9	Sample 9	2	1	12	91110	36.96	1.42
A9	Sample 9	2	1	13	96110	36.96	1.42
A9	Sample 9	2	1	14	101100	36.96	1.41
A9	Sample 9	2	1	15	106110	36.96	1.42
A10	Sample 10	2	1	1	36080	36.86	1.45
A10	Sample 10	2	1	2	41110	36.91	1.44
A10	Sample 10	2	1	3	46110	36.91	1.43
A10	Sample 10	2	1	4	51110	36.96	1.43
A10	Sample 10	2	1	5	56100	36.96	1.41
A10	Sample 10	2	1	6	61110	36.96	1.41
A10	Sample 10	2	1	7	66110	36.96	1.41
A10	Sample 10	2	1	8	71130	36.96	1.40
A10	Sample 10	2	1	9	76110	36.96	1.41
A10	Sample 10	2	1	10	81110	36.96	1.40
A10	Sample 10	2	1	11	86100	37	1.40
A10	Sample 10	2	1	12	91110	36.96	1.40
A10	Sample 10	2	1	13	96110	36.96	1.40
A10	Sample 10	2	1	14	101100	36.96	1.40
A10	Sample 10	2	1	15	106110	36.96	1.40
A11	Sample 11	2	1	1	36080	36.86	1.43
A11	Sample 11	2	1	2	41110	36.91	1.42
A11	Sample 11	2	1	3	46110	36.91	1.40
A11	Sample 11	2	1	4	51110	36.96	1.40
A11	Sample 11	2	1	5	56100	36.96	1.40
A11	Sample 11	2	1	6	61110	36.96	1.39
A11	Sample 11	2	1	7	66110	36.96	1.39
A11	Sample 11	2	1	8	71130	36.96	1.39
A11	Sample 11	2	1	9	76110	36.96	1.39
A11	Sample 11	2	1	10	81110	36.96	1.39
A11	Sample 11	2	1	11	86100	37	1.39
A11	Sample 11	2	1	12	91110	36.96	1.39
A11	Sample 11	2	1	13	96110	36.96	1.39
A11	Sample 11	2	1	14	101100	36.96	1.38
A11	Sample 11	2	1	15	106110	36.96	1.39
A12	Sample 12	2	1	1	36080	36.86	1.25
A12	Sample 12	2	1	2	41110	36.91	1.25
A12	Sample 12	2	1	3	46110	36.91	1.25
A12	Sample 12	2	1	4	51110	36.96	1.25
A12	Sample 12	2	1	5	56100	36.96	1.25
A12	Sample 12	2	1	6	61110	36.96	1.24
A12	Sample 12	2	1	7	66110	36.96	1.24
A12	Sample 12	2	1	8	71130	36.96	1.25
A12	Sample 12	2	1	9	76110	36.96	1.24
A12	Sample 12	2	1	10	81110	36.96	1.25
A12	Sample 12	2	1	11	86100	37	1.24
A12	Sample 12	2	1	12	91110	36.96	1.25
A12	Sample 12	2	1	13	96110	36.96	1.25
A12	Sample 12	2	1	14	101100	36.96	1.24
A12	Sample 12	2	1	15	106110	36.96	1.25
B1	Sample 13	2	1	1	36080	36.86	1.18
B1	Sample 13	2	1	2	41110	36.91	1.21
B1	Sample 13	2	1	3	46110	36.91	1.23
B1	Sample 13	2	1	4	51110	36.96	1.25
B1	Sample 13	2	1	5	56100	36.96	1.27
B1	Sample 13	2	1	6	61110	36.96	1.27
B1	Sample 13	2	1	7	66110	36.96	1.27
B1	Sample 13	2	1	8	71130	36.96	1.27
B1	Sample 13	2	1	9	76110	36.96	1.27
B1	Sample 13	2	1	10	81110	36.96	1.28
B1	Sample 13	2	1	11	86100	37	1.28
B1	Sample 13	2	1	12	91110	36.96	1.28
B1	Sample 13	2	1	13	96110	36.96	1.29
B1	Sample 13	2	1	14	101100	36.96	1.28
B1	Sample 13	2	1	15	106110	36.96	1.28
B2	Sample 14	2	1	1	36080	36.86	1.28
B2	Sample 14	2	1	2	41110	36.91	1.27
B2	Sample 14	2	1	3	46110	36.91	1.26
B2	Sample 14	2	1	4	51110	36.96	1.26
B2	Sample 14	2	1	5	56100	36.96	1.26
B2	Sample 14	2	1	6	61110	36.96	1.25
B2	Sample 14	2	1	7	66110	36.96	1.25
B2	Sample 14	2	1	8	71130	36.96	1.24
B2	Sample 14	2	1	9	76110	36.96	1.25
B2	Sample 14	2	1	10	81110	36.96	1.26
B2	Sample 14	2	1	11	86100	37	1.26
B2	Sample 14	2	1	12	91110	36.96	1.26
B2	Sample 14	2	1	13	96110	36.96	1.25
B2	Sample 14	2	1	14	101100	36.96	1.25
B2	Sample 14	2	1	15	106110	36.96	1.25
B3	Sample 15	2	1	1	36080	36.86	1.50
B3	Sample 15	2	1	2	41110	36.91	1.48
B3	Sample 15	2	1	3	46110	36.91	1.48
B3	Sample 15	2	1	4	51110	36.96	1.47
B3	Sample 15	2	1	5	56100	36.96	1.47
B3	Sample 15	2	1	6	61110	36.96	1.47
B3	Sample 15	2	1	7	66110	36.96	1.47
B3	Sample 15	2	1	8	71130	36.96	1.46
B3	Sample 15	2	1	9	76110	36.96	1.46
B3	Sample 15	2	1	10	81110	36.96	1.47
B3	Sample 15	2	1	11	86100	37	1.46
B3	Sample 15	2	1	12	91110	36.96	1.46
B3	Sample 15	2	1	13	96110	36.96	1.47
B3	Sample 15	2	1	14	101100	36.96	1.46
B3	Sample 15	2	1	15	106110	36.96	1.47
B4	Sample 16	2	1	1	36080	36.86	1.52
B4	Sample 16	2	1	2	41110	36.91	1.50
B4	Sample 16	2	1	3	46110	36.91	1.49
B4	Sample 16	2	1	4	51110	36.96	1.49
B4	Sample 16	2	1	5	56100	36.96	1.48
B4	Sample 16	2	1	6	61110	36.96	1.48
B4	Sample 16	2	1	7	66110	36.96	1.47
B4	Sample 16	2	1	8	71130	36.96	1.47
B4	Sample 16	2	1	9	76110	36.96	1.48
B4	Sample 16	2	1	10	81110	36.96	1.48
B4	Sample 16	2	1	11	86100	37	1.47
B4	Sample 16	2	1	12	91110	36.96	1.48
B4	Sample 16	2	1	13	96110	36.96	1.48
B4	Sample 16	2	1	14	101100	36.96	1.48
B4	Sample 16	2	1	15	106110	36.96	1.48
B5	Sample 17	2	1	1	36080	36.86	0.90
B5	Sample 17	2	1	2	41110	36.91	0.89
B5	Sample 17	2	1	3	46110	36.91	0.89
B5	Sample 17	2	1	4	51110	36.96	0.90
B5	Sample 17	2	1	5	56100	36.96	0.89
B5	Sample 17	2	1	6	61110	36.96	0.88
B5	Sample 17	2	1	7	66110	36.96	0.88
B5	Sample 17	2	1	8	71130	36.96	0.88
B5	Sample 17	2	1	9	76110	36.96	0.88
B5	Sample 17	2	1	10	81110	36.96	0.88
B5	Sample 17	2	1	11	86100	37	0.88
B5	Sample 17	2	1	12	91110	36.96	0.88
B5	Sample 17	2	1	13	96110	36.96	0.88
B5	Sample 17	2	1	14	101100	36.96	0.88
B5	Sample 17	2	1	15	106110	36.96	0.88
B6	Sample 18	2	1	1	36080	36.86	0.88
B6	Sample 18	2	1	2	41110	36.91	0.87
B6	Sample 18	2	1	3	46110	36.91	0.87
B6	Sample 18	2	1	4	51110	36.96	0.87
B6	Sample 18	2	1	5	56100	36.96	0.86
B6	Sample 18	2	1	6	61110	36.96	0.87
B6	Sample 18	2	1	7	66110	36.96	0.86
B6	Sample 18	2	1	8	71130	36.96	0.86
B6	Sample 18	2	1	9	76110	36.96	0.86
B6	Sample 18	2	1	10	81110	36.96	0.86
B6	Sample 18	2	1	11	86100	37	0.86
B6	Sample 18	2	1	12	91110	36.96	0.86
B6	Sample 18	2	1	13	96110	36.96	0.87
B6	Sample 18	2	1	14	101100	36.96	0.87
B6	Sample 18	2	1	15	106110	36.96	0.86
B7	Sample 19	2	1	1	36080	36.86	0.92
B7	Sample 19	2	1	2	41110	36.91	0.90
B7	Sample 19	2	1	3	46110	36.91	0.90
B7	Sample 19	2	1	4	51110	36.96	0.90
B7	Sample 19	2	1	5	56100	36.96	0.89
B7	Sample 19	2	1	6	61110	36.96	0.89
B7	Sample 19	2	1	7	66110	36.96	0.89
B7	Sample 19	2	1	8	71130	36.96	0.88
B7	Sample 19	2	1	9	76110	36.96	0.88
B7	Sample 19	2	1	10	81110	36.96	0.89
B7	Sample 19	2	1	11	86100	37	0.89
B7	Sample 19	2	1	12	91110	36.96	0.89
B7	Sample 19	2	1	13	96110	36.96	0.89
B7	Sample 19	2	1	14	101100	36.96	0.89
B7	Sample 19	2	1	15	106110	36.96	0.89
B8	Sample 20	2	1	1	36080	36.86	0.89
B8	Sample 20	2	1	2	41110	36.91	0.88
B8	Sample 20	2	1	3	46110	36.91	0.88
B8	Sample 20	2	1	4	51110	36.96	0.87
B8	Sample 20	2	1	5	56100	36.96	0.87
B8	Sample 20	2	1	6	61110	36.96	0.87
B8	Sample 20	2	1	7	66110	36.96	0.86
B8	Sample 20	2	1	8	71130	36.96	0.87
B8	Sample 20	2	1	9	76110	36.96	0.86
B8	Sample 20	2	1	10	81110	36.96	0.86
B8	Sample 20	2	1	11	86100	37	0.87
B8	Sample 20	2	1	12	91110	36.96	0.87
B8	Sample 20	2	1	13	96110	36.96	0.87
B8	Sample 20	2	1	14	101100	36.96	0.87
B8	Sample 20	2	1	15	106110	36.96	0.86
B9	Sample 21	2	1	1	36080	36.86	1.43
B9	Sample 21	2	1	2	41110	36.91	1.41
B9	Sample 21	2	1	3	46110	36.91	1.41
B9	Sample 21	2	1	4	51110	36.96	1.41
B9	Sample 21	2	1	5	56100	36.96	1.40
B9	Sample 21	2	1	6	61110	36.96	1.40
B9	Sample 21	2	1	7	66110	36.96	1.39
B9	Sample 21	2	1	8	71130	36.96	1.39
B9	Sample 21	2	1	9	76110	36.96	1.39
B9	Sample 21	2	1	10	81110	36.96	1.39
B9	Sample 21	2	1	11	86100	37	1.39
B9	Sample 21	2	1	12	91110	36.96	1.39
B9	Sample 21	2	1	13	96110	36.96	1.39
B9	Sample 21	2	1	14	101100	36.96	1.38
B9	Sample 21	2	1	15	106110	36.96	1.39
B10	Sample 22	2	1	1	36080	36.86	1.42
B10	Sample 22	2	1	2	41110	36.91	1.40
B10	Sample 22	2	1	3	46110	36.91	1.39
B10	Sample 22	2	1	4	51110	36.96	1.39
B10	Sample 22	2	1	5	56100	36.96	1.39
B10	Sample 22	2	1	6	61110	36.96	1.38
B10	Sample 22	2	1	7	66110	36.96	1.38
B10	Sample 22	2	1	8	71130	36.96	1.38
B10	Sample 22	2	1	9	76110	36.96	1.37
B10	Sample 22	2	1	10	81110	36.96	1.37
B10	Sample 22	2	1	11	86100	37	1.37
B10	Sample 22	2	1	12	91110	36.96	1.37
B10	Sample 22	2	1	13	96110	36.96	1.37
B10	Sample 22	2	1	14	101100	36.96	1.37
B10	Sample 22	2	1	15	106110	36.96	1.37
B11	Sample 23	2	1	1	36080	36.86	1.47
B11	Sample 23	2	1	2	41110	36.91	1.46
B11	Sample 23	2	1	3	46110	36.91	1.45
B11	Sample 23	2	1	4	51110	36.96	1.45
B11	Sample 23	2	1	5	56100	36.96	1.44
B11	Sample 23	2	1	6	61110	36.96	1.43
B11	Sample 23	2	1	7	66110	36.96	1.43
B11	Sample 23	2	1	8	71130	36.96	1.42
B11	Sample 23	2	1	9	76110	36.96	1.42
B11	Sample 23	2	1	10	81110	36.96	1.44
B11	Sample 23	2	1	11	86100	37	1.42
B11	Sample 23	2	1	12	91110	36.96	1.43
B11	Sample 23	2	1	13	96110	36.96	1.43
B11	Sample 23	2	1	14	101100	36.96	1.43
B11	Sample 23	2	1	15	106110	36.96	1.42
B12	Sample 24	2	1	1	36080	36.86	1.33
B12	Sample 24	2	1	2	41110	36.91	1.32
B12	Sample 24	2	1	3	46110	36.91	1.31
B12	Sample 24	2	1	4	51110	36.96	1.30
B12	Sample 24	2	1	5	56100	36.96	1.30
B12	Sample 24	2	1	6	61110	36.96	1.29
B12	Sample 24	2	1	7	66110	36.96	1.29
B12	Sample 24	2	1	8	71130	36.96	1.29
B12	Sample 24	2	1	9	76110	36.96	1.28
B12	Sample 24	2	1	10	81110	36.96	1.29
B12	Sample 24	2	1	11	86100	37	1.28
B12	Sample 24	2	1	12	91110	36.96	1.28
B12	Sample 24	2	1	13	96110	36.96	1.29
B12	Sample 24	2	1	14	101100	36.96	1.28
B12	Sample 24	2	1	15	106110	36.96	1.29
C1	Sample 25	2	1	1	36080	36.86	1.32
C1	Sample 25	2	1	2	41110	36.91	1.31
C1	Sample 25	2	1	3	46110	36.91	1.30
C1	Sample 25	2	1	4	51110	36.96	1.29
C1	Sample 25	2	1	5	56100	36.96	1.29
C1	Sample 25	2	1	6	61110	36.96	1.30
C1	Sample 25	2	1	7	66110	36.96	1.29
C1	Sample 25	2	1	8	71130	36.96	1.29
C1	Sample 25	2	1	9	76110	36.96	1.29
C1	Sample 25	2	1	10	81110	36.96	1.29
C1	Sample 25	2	1	11	86100	37	1.29
C1	Sample 25	2	1	12	91110	36.96	1.30
C1	Sample 25	2	1	13	96110	36.96	1.29
C1	Sample 25	2	1	14	101100	36.96	1.29
C1	Sample 25	2	1	15	106110	36.96	1.29
C2	Sample 26	2	1	1	36080	36.86	1.31
C2	Sample 26	2	1	2	41110	36.91	1.30
C2	Sample 26	2	1	3	46110	36.91	1.29
C2	Sample 26	2	1	4	51110	36.96	1.29
C2	Sample 26	2	1	5	56100	36.96	1.29
C2	Sample 26	2	1	6	61110	36.96	1.29
C2	Sample 26	2	1	7	66110	36.96	1.28
C2	Sample 26	2	1	8	71130	36.96	1.29
C2	Sample 26	2	1	9	76110	36.96	1.29
C2	Sample 26	2	1	10	81110	36.96	1.28
C2	Sample 26	2	1	11	86100	37	1.29
C2	Sample 26	2	1	12	91110	36.96	1.29
C2	Sample 26	2	1	13	96110	36.96	1.29
C2	Sample 26	2	1	14	101100	36.96	1.29
C2	Sample 26	2	1	15	106110	36.96	1.29
C3	Sample 27	2	1	1	36080	36.86	1.47
C3	Sample 27	2	1	2	41110	36.91	1.46
C3	Sample 27	2	1	3	46110	36.91	1.45
C3	Sample 27	2	1	4	51110	36.96	1.44
C3	Sample 27	2	1	5	56100	36.96	1.45
C3	Sample 27	2	1	6	61110	36.96	1.45
C3	Sample 27	2	1	7	66110	36.96	1.44
C3	Sample 27	2	1	8	71130	36.96	1.44
C3	Sample 27	2	1	9	76110	36.96	1.44
C3	Sample 27	2	1	10	81110	36.96	1.44
C3	Sample 27	2	1	11	86100	37	1.44
C3	Sample 27	2	1	12	91110	36.96	1.44
C3	Sample 27	2	1	13	96110	36.96	1.44
C3	Sample 27	2	1	14	101100	36.96	1.44
C3	Sample 27	2	1	15	106110	36.96	1.43
C4	Sample 28	2	1	1	36080	36.86	1.48
C4	Sample 28	2	1	2	41110	36.91	1.46
C4	Sample 28	2	1	3	46110	36.91	1.45
C4	Sample 28	2	1	4	51110	36.96	1.45
C4	Sample 28	2	1	5	56100	36.96	1.44
C4	Sample 28	2	1	6	61110	36.96	1.44
C4	Sample 28	2	1	7	66110	36.96	1.44
C4	Sample 28	2	1	8	71130	36.96	1.43
C4	Sample 28	2	1	9	76110	36.96	1.43
C4	Sample 28	2	1	10	81110	36.96	1.43
C4	Sample 28	2	1	11	86100	37	1.43
C4	Sample 28	2	1	12	91110	36.96	1.43
C4	Sample 28	2	1	13	96110	36.96	1.44
C4	Sample 28	2	1	14	101100	36.96	1.43
C4	Sample 28	2	1	15	106110	36.96	1.44
C5	Sample 29	2	1	1	36080	36.86	0.91
C5	Sample 29	2	1	2	41110	36.91	0.91
C5	Sample 29	2	1	3	46110	36.91	0.90
C5	Sample 29	2	1	4	51110	36.96	0.89
C5	Sample 29	2	1	5	56100	36.96	0.89
C5	Sample 29	2	1	6	61110	36.96	0.90
C5	Sample 29	2	1	7	66110	36.96	0.89
C5	Sample 29	2	1	8	71130	36.96	0.88
C5	Sample 29	2	1	9	76110	36.96	0.88
C5	Sample 29	2	1	10	81110	36.96	0.89
C5	Sample 29	2	1	11	86100	37	0.88
C5	Sample 29	2	1	12	91110	36.96	0.88
C5	Sample 29	2	1	13	96110	36.96	0.89
C5	Sample 29	2	1	14	101100	36.96	0.88
C5	Sample 29	2	1	15	106110	36.96	0.89
C6	Sample 30	2	1	1	36080	36.86	0.95
C6	Sample 30	2	1	2	41110	36.91	0.93
C6	Sample 30	2	1	3	46110	36.91	0.93
C6	Sample 30	2	1	4	51110	36.96	0.93
C6	Sample 30	2	1	5	56100	36.96	0.92
C6	Sample 30	2	1	6	61110	36.96	0.92
C6	Sample 30	2	1	7	66110	36.96	0.93
C6	Sample 30	2	1	8	71130	36.96	0.92
C6	Sample 30	2	1	9	76110	36.96	0.92
C6	Sample 30	2	1	10	81110	36.96	0.92
C6	Sample 30	2	1	11	86100	37	0.92
C6	Sample 30	2	1	12	91110	36.96	0.92
C6	Sample 30	2	1	13	96110	36.96	0.92
C6	Sample 30	2	1	14	101100	36.96	0.92
C6	Sample 30	2	1	15	106110	36.96	0.92
C7	Sample 31	2	1	1	36080	36.86	0.94
C7	Sample 31	2	1	2	41110	36.91	0.93
C7	Sample 31	2	1	3	46110	36.91	0.93
C7	Sample 31	2	1	4	51110	36.96	0.92
C7	Sample 31	2	1	5	56100	36.96	0.92
C7	Sample 31	2	1	6	61110	36.96	0.92
C7	Sample 31	2	1	7	66110	36.96	0.91
C7	Sample 31	2	1	8	71130	36.96	0.92
C7	Sample 31	2	1	9	76110	36.96	0.92
C7	Sample 31	2	1	10	81110	36.96	0.91
C7	Sample 31	2	1	11	86100	37	0.92
C7	Sample 31	2	1	12	91110	36.96	0.91
C7	Sample 31	2	1	13	96110	36.96	0.92
C7	Sample 31	2	1	14	101100	36.96	0.91
C7	Sample 31	2	1	15	106110	36.96	0.92
C8	Sample 32	2	1	1	36080	36.86	0.91
C8	Sample 32	2	1	2	41110	36.91	0.89
C8	Sample 32	2	1	3	46110	36.91	0.88
C8	Sample 32	2	1	4	51110	36.96	0.88
C8	Sample 32	2	1	5	56100	36.96	0.89
C8	Sample 32	2	1	6	61110	36.96	0.88
C8	Sample 32	2	1	7	66110	36.96	0.87
C8	Sample 32	2	1	8	71130	36.96	0.87
C8	Sample 32	2	1	9	76110	36.96	0.87
C8	Sample 32	2	1	10	81110	36.96	0.88
C8	Sample 32	2	1	11	86100	37	0.88
C8	Sample 32	2	1	12	91110	36.96	0.88
C8	Sample 32	2	1	13	96110	36.96	0.87
C8	Sample 32	2	1	14	101100	36.96	0.87
C8	Sample 32	2	1	15	106110	36.96	0.88
C9	Sample 33	2	1	1	36080	36.86	1.42
C9	Sample 33	2	1	2	41110	36.91	1.40
C9	Sample 33	2	1	3	46110	36.91	1.40
C9	Sample 33	2	1	4	51110	36.96	1.39
C9	Sample 33	2	1	5	56100	36.96	1.39
C9	Sample 33	2	1	6	61110	36.96	1.38
C9	Sample 33	2	1	7	66110	36.96	1.38
C9	Sample 33	2	1	8	71130	36.96	1.38
C9	Sample 33	2	1	9	76110	36.96	1.38
C9	Sample 33	2	1	10	81110	36.96	1.38
C9	Sample 33	2	1	11	86100	37	1.38
C9	Sample 33	2	1	12	91110	36.96	1.38
C9	Sample 33	2	1	13	96110	36.96	1.38
C9	Sample 33	2	1	14	101100	36.96	1.38
C9	Sample 33	2	1	15	106110	36.96	1.38
C10	Sample 34	2	1	1	36080	36.86	1.40
C10	Sample 34	2	1	2	41110	36.91	1.39
C10	Sample 34	2	1	3	46110	36.91	1.38
C10	Sample 34	2	1	4	51110	36.96	1.37
C10	Sample 34	2	1	5	56100	36.96	1.36
C10	Sample 34	2	1	6	61110	36.96	1.37
C10	Sample 34	2	1	7	66110	36.96	1.36
C10	Sample 34	2	1	8	71130	36.96	1.36
C10	Sample 34	2	1	9	76110	36.96	1.36
C10	Sample 34	2	1	10	81110	36.96	1.36
C10	Sample 34	2	1	11	86100	37	1.36
C10	Sample 34	2	1	12	91110	36.96	1.36
C10	Sample 34	2	1	13	96110	36.96	1.35
C10	Sample 34	2	1	14	101100	36.96	1.36
C10	Sample 34	2	1	15	106110	36.96	1.36
C11	Sample 35	2	1	1	36080	36.86	1.42
C11	Sample 35	2	1	2	41110	36.91	1.40
C11	Sample 35	2	1	3	46110	36.91	1.40
C11	Sample 35	2	1	4	51110	36.96	1.39
C11	Sample 35	2	1	5	56100	36.96	1.39
C11	Sample 35	2	1	6	61110	36.96	1.39
C11	Sample 35	2	1	7	66110	36.96	1.37
C11	Sample 35	2	1	8	71130	36.96	1.38
C11	Sample 35	2	1	9	76110	36.96	1.38
C11	Sample 35	2	1	10	81110	36.96	1.39
C11	Sample 35	2	1	11	86100	37	1.38
C11	Sample 35	2	1	12	91110	36.96	1.38
C11	Sample 35	2	1	13	96110	36.96	1.38
C11	Sample 35	2	1	14	101100	36.96	1.38
C11	Sample 35	2	1	15	106110	36.96	1.39
C12	Sample 36	2	1	1	36080	36.86	1.36
C12	Sample 36	2	1	2	41110	36.91	1.35
C12	Sample 36	2	1	3	46110	36.91	1.34
C12	Sample 36	2	1	4	51110	36.96	1.33
C12	Sample 36	2	1	5	56100	36.96	1.32
C12	Sample 36	2	1	6	61110	36.96	1.32
C12	Sample 36	2	1	7	66110	36.96	1.31
C12	Sample 36	2	1	8	71130	36.96	1.32
C12	Sample 36	2	1	9	76110	36.96	1.32
C12	Sample 36	2	1	10	81110	36.96	1.32
C12	Sample 36	2	1	11	86100	37	1.31
C12	Sample 36	2	1	12	91110	36.96	1.32
C12	Sample 36	2	1	13	96110	36.96	1.31
C12	Sample 36	2	1	14	101100	36.96	1.32
C12	Sample 36	2	1	15	106110	36.96	1.32
D1	Sample 37	2	1	1	36080	36.86	1.31
D1	Sample 37	2	1	2	41110	36.91	1.32
D1	Sample 37	2	1	3	46110	36.91	1.33
D1	Sample 37	2	1	4	51110	36.96	1.33
D1	Sample 37	2	1	5	56100	36.96	1.33
D1	Sample 37	2	1	6	61110	36.96	1.35
D1	Sample 37	2	1	7	66110	36.96	1.34
D1	Sample 37	2	1	8	71130	36.96	1.35
D1	Sample 37	2	1	9	76110	36.96	1.33
D1	Sample 37	2	1	10	81110	36.96	1.35
D1	Sample 37	2	1	11	86100	37	1.35
D1	Sample 37	2	1	12	91110	36.96	1.35
D1	Sample 37	2	1	13	96110	36.96	1.35
D1	Sample 37	2	1	14	101100	36.96	1.35
D1	Sample 37	2	1	15	106110	36.96	1.35
D2	Sample 38	2	1	1	36080	36.86	1.28
D2	Sample 38	2	1	2	41110	36.91	1.28
D2	Sample 38	2	1	3	46110	36.91	1.29
D2	Sample 38	2	1	4	51110	36.96	1.30
D2	Sample 38	2	1	5	56100	36.96	1.31
D2	Sample 38	2	1	6	61110	36.96	1.30
D2	Sample 38	2	1	7	66110	36.96	1.30
D2	Sample 38	2	1	8	71130	36.96	1.30
D2	Sample 38	2	1	9	76110	36.96	1.30
D2	Sample 38	2	1	10	81110	36.96	1.31
D2	Sample 38	2	1	11	86100	37	1.30
D2	Sample 38	2	1	12	91110	36.96	1.30
D2	Sample 38	2	1	13	96110	36.96	1.31
D2	Sample 38	2	1	14	101100	36.96	1.31
D2	Sample 38	2	1	15	106110	36.96	1.31
D3	Sample 39	2	1	1	36080	36.86	1.79
D3	Sample 39	2	1	2	41110	36.91	1.77
D3	Sample 39	2	1	3	46110	36.91	1.77
D3	Sample 39	2	1	4	51110	36.96	1.76
D3	Sample 39	2	1	5	56100	36.96	1.75
D3	Sample 39	2	1	6	61110	36.96	1.75
D3	Sample 39	2	1	7	66110	36.96	1.75
D3	Sample 39	2	1	8	71130	36.96	1.76
D3	Sample 39	2	1	9	76110	36.96	1.75
D3	Sample 39	2	1	10	81110	36.96	1.75
D3	Sample 39	2	1	11	86100	37	1.75
D3	Sample 39	2	1	12	91110	36.96	1.75
D3	Sample 39	2	1	13	96110	36.96	1.74
D3	Sample 39	2	1	14	101100	36.96	1.75
D3	Sample 39	2	1	15	106110	36.96	1.74
D4	Sample 40	2	1	1	36080	36.86	1.80
D4	Sample 40	2	1	2	41110	36.91	1.79
D4	Sample 40	2	1	3	46110	36.91	1.77
D4	Sample 40	2	1	4	51110	36.96	1.77
D4	Sample 40	2	1	5	56100	36.96	1.76
D4	Sample 40	2	1	6	61110	36.96	1.76
D4	Sample 40	2	1	7	66110	36.96	1.75
D4	Sample 40	2	1	8	71130	36.96	1.75
D4	Sample 40	2	1	9	76110	36.96	1.75
D4	Sample 40	2	1	10	81110	36.96	1.75
D4	Sample 40	2	1	11	86100	37	1.76
D4	Sample 40	2	1	12	91110	36.96	1.75
D4	Sample 40	2	1	13	96110	36.96	1.76
D4	Sample 40	2	1	14	101100	36.96	1.76
D4	Sample 40	2	1	15	106110	36.96	1.76
D5	Sample 41	2	1	1	36080	36.86	0.90
D5	Sample 41	2	1	2	41110	36.91	0.89
D5	Sample 41	2	1	3	46110	36.91	0.89
D5	Sample 41	2	1	4	51110	36.96	0.88
D5	Sample 41	2	1	5	56100	36.96	0.88
D5	Sample 41	2	1	6	61110	36.96	0.87
D5	Sample 41	2	1	7	66110	36.96	0.88
D5	Sample 41	2	1	8	71130	36.96	0.88
D5	Sample 41	2	1	9	76110	36.96	0.87
D5	Sample 41	2	1	10	81110	36.96	0.87
D5	Sample 41	2	1	11	86100	37	0.87
D5	Sample 41	2	1	12	91110	36.96	0.88
D5	Sample 41	2	1	13	96110	36.96	0.88
D5	Sample 41	2	1	14	101100	36.96	0.88
D5	Sample 41	2	1	15	106110	36.96	0.88
D6	Sample 42	2	1	1	36080	36.86	0.86
D6	Sample 42	2	1	2	41110	36.91	0.86
D6	Sample 42	2	1	3	46110	36.91	0.87
D6	Sample 42	2	1	4	51110	36.96	0.87
D6	Sample 42	2	1	5	56100	36.96	0.88
D6	Sample 42	2	1	6	61110	36.96	0.88
D6	Sample 42	2	1	7	66110	36.96	0.88
D6	Sample 42	2	1	8	71130	36.96	0.88
D6	Sample 42	2	1	9	76110	36.96	0.87
D6	Sample 42	2	1	10	81110	36.96	0.87
D6	Sample 42	2	1	11	86100	37	0.87
D6	Sample 42	2	1	12	91110	36.96	0.88
D6	Sample 42	2	1	13	96110	36.96	0.88
D6	Sample 42	2	1	14	101100	36.96	0.88
D6	Sample 42	2	1	15	106110	36.96	0.88
D7	Sample 43	2	1	1	36080	36.86	1.03
D7	Sample 43	2	1	2	41110	36.91	1.02
D7	Sample 43	2	1	3	46110	36.91	1.02
D7	Sample 43	2	1	4	51110	36.96	1.02
D7	Sample 43	2	1	5	56100	36.96	1.02
D7	Sample 43	2	1	6	61110	36.96	1.01
D7	Sample 43	2	1	7	66110	36.96	1.02
D7	Sample 43	2	1	8	71130	36.96	1.02
D7	Sample 43	2	1	9	76110	36.96	1.01
D7	Sample 43	2	1	10	81110	36.96	1.01
D7	Sample 43	2	1	11	86100	37	1.01
D7	Sample 43	2	1	12	91110	36.96	1.01
D7	Sample 43	2	1	13	96110	36.96	1.02
D7	Sample 43	2	1	14	101100	36.96	1.01
D7	Sample 43	2	1	15	106110	36.96	1.01
D8	Sample 44	2	1	1	36080	36.86	0.97
D8	Sample 44	2	1	2	41110	36.91	0.96
D8	Sample 44	2	1	3	46110	36.91	0.96
D8	Sample 44	2	1	4	51110	36.96	0.96
D8	Sample 44	2	1	5	56100	36.96	0.97
D8	Sample 44	2	1	6	61110	36.96	0.97
D8	Sample 44	2	1	7	66110	36.96	0.97
D8	Sample 44	2	1	8	71130	36.96	0.96
D8	Sample 44	2	1	9	76110	36.96	0.96
D8	Sample 44	2	1	10	81110	36.96	0.96
D8	Sample 44	2	1	11	86100	37	0.96
D8	Sample 44	2	1	12	91110	36.96	0.96
D8	Sample 44	2	1	13	96110	36.96	0.97
D8	Sample 44	2	1	14	101100	36.96	0.97
D8	Sample 44	2	1	15	106110	36.96	0.96
D9	Sample 45	2	1	1	36080	36.86	1.44
D9	Sample 45	2	1	2	41110	36.91	1.42
D9	Sample 45	2	1	3	46110	36.91	1.41
D9	Sample 45	2	1	4	51110	36.96	1.40
D9	Sample 45	2	1	5	56100	36.96	1.39
D9	Sample 45	2	1	6	61110	36.96	1.39
D9	Sample 45	2	1	7	66110	36.96	1.39
D9	Sample 45	2	1	8	71130	36.96	1.40
D9	Sample 45	2	1	9	76110	36.96	1.39
D9	Sample 45	2	1	10	81110	36.96	1.39
D9	Sample 45	2	1	11	86100	37	1.38
D9	Sample 45	2	1	12	91110	36.96	1.38
D9	Sample 45	2	1	13	96110	36.96	1.39
D9	Sample 45	2	1	14	101100	36.96	1.39
D9	Sample 45	2	1	15	106110	36.96	1.39
D10	Sample 46	2	1	1	36080	36.86	1.42
D10	Sample 46	2	1	2	41110	36.91	1.40
D10	Sample 46	2	1	3	46110	36.91	1.41
D10	Sample 46	2	1	4	51110	36.96	1.40
D10	Sample 46	2	1	5	56100	36.96	1.41
D10	Sample 46	2	1	6	61110	36.96	1.40
D10	Sample 46	2	1	7	66110	36.96	1.40
D10	Sample 46	2	1	8	71130	36.96	1.40
D10	Sample 46	2	1	9	76110	36.96	1.40
D10	Sample 46	2	1	10	81110	36.96	1.40
D10	Sample 46	2	1	11	86100	37	1.39
D10	Sample 46	2	1	12	91110	36.96	1.39
D10	Sample 46	2	1	13	96110	36.96	1.40
D10	Sample 46	2	1	14	101100	36.96	1.40
D10	Sample 46	2	1	15	106110	36.96	1.41
D11	Sample 47	2	1	1	36080	36.86	1.55
D11	Sample 47	2	1	2	41110	36.91	1.54
D11	Sample 47	2	1	3	46110	36.91	1.54
D11	Sample 47	2	1	4	51110	36.96	1.53
D11	Sample 47	2	1	5	56100	36.96	1.53
D11	Sample 47	2	1	6	61110	36.96	1.52
D11	Sample 47	2	1	7	66110	36.96	1.52
D11	Sample 47	2	1	8	71130	36.96	1.52
D11	Sample 47	2	1	9	76110	36.96	1.52
D11	Sample 47	2	1	10	81110	36.96	1.51
D11	Sample 47	2	1	11	86100	37	1.50
D11	Sample 47	2	1	12	91110	36.96	1.50
D11	Sample 47	2	1	13	96110	36.96	1.51
D11	Sample 47	2	1	14	101100	36.96	1.51
D11	Sample 47	2	1	15	106110	36.96	1.52
D12	Sample 48	2	1	1	36080	36.86	1.43
D12	Sample 48	2	1	2	41110	36.91	1.40
D12	Sample 48	2	1	3	46110	36.91	1.40
D12	Sample 48	2	1	4	51110	36.96	1.39
D12	Sample 48	2	1	5	56100	36.96	1.39
D12	Sample 48	2	1	6	61110	36.96	1.38
D12	Sample 48	2	1	7	66110	36.96	1.38
D12	Sample 48	2	1	8	71130	36.96	1.38
D12	Sample 48	2	1	9	76110	36.96	1.37
D12	Sample 48	2	1	10	81110	36.96	1.37
D12	Sample 48	2	1	11	86100	37	1.37
D12	Sample 48	2	1	12	91110	36.96	1.37
D12	Sample 48	2	1	13	96110	36.96	1.37
D12	Sample 48	2	1	14	101100	36.96	1.37
D12	Sample 48	2	1	15	106110	36.96	1.37
E1	Sample 49	2	1	1	36080	36.86	1.49
E1	Sample 49	2	1	2	41110	36.91	1.52
E1	Sample 49	2	1	3	46110	36.91	1.54
E1	Sample 49	2	1	4	51110	36.96	1.56
E1	Sample 49	2	1	5	56100	36.96	1.57
E1	Sample 49	2	1	6	61110	36.96	1.57
E1	Sample 49	2	1	7	66110	36.96	1.58
E1	Sample 49	2	1	8	71130	36.96	1.59
E1	Sample 49	2	1	9	76110	36.96	1.59
E1	Sample 49	2	1	10	81110	36.96	1.59
E1	Sample 49	2	1	11	86100	37	1.60
E1	Sample 49	2	1	12	91110	36.96	1.60
E1	Sample 49	2	1	13	96110	36.96	1.60
E1	Sample 49	2	1	14	101100	36.96	1.60
E1	Sample 49	2	1	15	106110	36.96	1.60
E2	Sample 50	2	1	1	36080	36.86	1.40
E2	Sample 50	2	1	2	41110	36.91	1.42
E2	Sample 50	2	1	3	46110	36.91	1.43
E2	Sample 50	2	1	4	51110	36.96	1.44
E2	Sample 50	2	1	5	56100	36.96	1.44
E2	Sample 50	2	1	6	61110	36.96	1.44
E2	Sample 50	2	1	7	66110	36.96	1.45
E2	Sample 50	2	1	8	71130	36.96	1.46
E2	Sample 50	2	1	9	76110	36.96	1.46
E2	Sample 50	2	1	10	81110	36.96	1.46
E2	Sample 50	2	1	11	86100	37	1.46
E2	Sample 50	2	1	12	91110	36.96	1.46
E2	Sample 50	2	1	13	96110	36.96	1.46
E2	Sample 50	2	1	14	101100	36.96	1.45
E2	Sample 50	2	1	15	106110	36.96	1.46
E3	Sample 51	2	1	1	36080	36.86	2.25
E3	Sample 51	2	1	2	41110	36.91	2.25
E3	Sample 51	2	1	3	46110	36.91	2.25
E3	Sample 51	2	1	4	51110	36.96	2.23
E3	Sample 51	2	1	5	56100	36.96	2.24
E3	Sample 51	2	1	6	61110	36.96	2.23
E3	Sample 51	2	1	7	66110	36.96	2.23
E3	Sample 51	2	1	8	71130	36.96	2.22
E3	Sample 51	2	1	9	76110	36.96	2.23
E3	Sample 51	2	1	10	81110	36.96	2.23
E3	Sample 51	2	1	11	86100	37	2.23
E3	Sample 51	2	1	12	91110	36.96	2.23
E3	Sample 51	2	1	13	96110	36.96	2.24
E3	Sample 51	2	1	14	101100	36.96	2.24
E3	Sample 51	2	1	15	106110	36.96	2.24
E4	Sample 52	2	1	1	36080	36.86	2.42
E4	Sample 52	2	1	2	41110	36.91	2.40
E4	Sample 52	2	1	3	46110	36.91	2.38
E4	Sample 52	2	1	4	51110	36.96	2.39
E4	Sample 52	2	1	5	56100	36.96	2.37
E4	Sample 52	2	1	6	61110	36.96	2.37
E4	Sample 52	2	1	7	66110	36.96	2.37
E4	Sample 52	2	1	8	71130	36.96	2.37
E4	Sample 52	2	1	9	76110	36.96	2.38
E4	Sample 52	2	1	10	81110	36.96	2.37
E4	Sample 52	2	1	11	86100	37	2.37
E4	Sample 52	2	1	12	91110	36.96	2.36
E4	Sample 52	2	1	13	96110	36.96	2.36
E4	Sample 52	2	1	14	101100	36.96	2.36
E4	Sample 52	2	1	15	106110	36.96	2.36
E5	Sample 53	2	1	1	36080	36.86	1.03
E5	Sample 53	2	1	2	41110	36.91	1.03
E5	Sample 53	2	1	3	46110	36.91	1.03
E5	Sample 53	2	1	4	51110	36.96	1.03
E5	Sample 53	2	1	5	56100	36.96	1.03
E5	Sample 53	2	1	6	61110	36.96	1.03
E5	Sample 53	2	1	7	66110	36.96	1.03
E5	Sample 53	2	1	8	71130	36.96	1.03
E5	Sample 53	2	1	9	76110	36.96	1.03
E5	Sample 53	2	1	10	81110	36.96	1.03
E5	Sample 53	2	1	11	86100	37	1.03
E5	Sample 53	2	1	12	91110	36.96	1.03
E5	Sample 53	2	1	13	96110	36.96	1.03
E5	Sample 53	2	1	14	101100	36.96	1.03
E5	Sample 53	2	1	15	106110	36.96	1.03
E6	Sample 54	2	1	1	36080	36.86	1.01
E6	Sample 54	2	1	2	41110	36.91	1.00
E6	Sample 54	2	1	3	46110	36.91	0.99
E6	Sample 54	2	1	4	51110	36.96	0.99
E6	Sample 54	2	1	5	56100	36.96	0.99
E6	Sample 54	2	1	6	61110	36.96	0.98
E6	Sample 54	2	1	7	66110	36.96	0.98
E6	Sample 54	2	1	8	71130	36.96	0.99
E6	Sample 54	2	1	9	76110	36.96	0.98
E6	Sample 54	2	1	10	81110	36.96	0.99
E6	Sample 54	2	1	11	86100	37	0.98
E6	Sample 54	2	1	12	91110	36.96	0.97
E6	Sample 54	2	1	13	96110	36.96	0.98
E6	Sample 54	2	1	14	101100	36.96	0.98
E6	Sample 54	2	1	15	106110	36.96	0.98
E7	Sample 55	2	1	1	36080	36.86	1.32
E7	Sample 55	2	1	2	41110	36.91	1.32
E7	Sample 55	2	1	3	46110	36.91	1.31
E7	Sample 55	2	1	4	51110	36.96	1.32
E7	Sample 55	2	1	5	56100	36.96	1.32
E7	Sample 55	2	1	6	61110	36.96	1.31
E7	Sample 55	2	1	7	66110	36.96	1.32
E7	Sample 55	2	1	8	71130	36.96	1.32
E7	Sample 55	2	1	9	76110	36.96	1.32
E7	Sample 55	2	1	10	81110	36.96	1.32
E7	Sample 55	2	1	11	86100	37	1.32
E7	Sample 55	2	1	12	91110	36.96	1.31
E7	Sample 55	2	1	13	96110	36.96	1.33
E7	Sample 55	2	1	14	101100	36.96	1.33
E7	Sample 55	2	1	15	106110	36.96	1.32
E8	Sample 56	2	1	1	36080	36.86	1.19
E8	Sample 56	2	1	2	41110	36.91	1.21
E8	Sample 56	2	1	3	46110	36.91	1.22
E8	Sample 56	2	1	4	51110	36.96	1.23
E8	Sample 56	2	1	5	56100	36.96	1.23
E8	Sample 56	2	1	6	61110	36.96	1.22
E8	Sample 56	2	1	7	66110	36.96	1.23
E8	Sample 56	2	1	8	71130	36.96	1.23
E8	Sample 56	2	1	9	76110	36.96	1.23
E8	Sample 56	2	1	10	81110	36.96	1.24
E8	Sample 56	2	1	11	86100	37	1.24
E8	Sample 56	2	1	12	91110	36.96	1.24
E8	Sample 56	2	1	13	96110	36.96	1.24
E8	Sample 56	2	1	14	101100	36.96	1.25
E8	Sample 56	2	1	15	106110	36.96	1.25
E9	Sample 57	2	1	1	36080	36.86	1.42
E9	Sample 57	2	1	2	41110	36.91	1.41
E9	Sample 57	2	1	3	46110	36.91	1.40
E9	Sample 57	2	1	4	51110	36.96	1.39
E9	Sample 57	2	1	5	56100	36.96	1.39
E9	Sample 57	2	1	6	61110	36.96	1.37
E9	Sample 57	2	1	7	66110	36.96	1.38
E9	Sample 57	2	1	8	71130	36.96	1.38
E9	Sample 57	2	1	9	76110	36.96	1.38
E9	Sample 57	2	1	10	81110	36.96	1.38
E9	Sample 57	2	1	11	86100	37	1.39
E9	Sample 57	2	1	12	91110	36.96	1.39
E9	Sample 57	2	1	13	96110	36.96	1.39
E9	Sample 57	2	1	14	101100	36.96	1.40
E9	Sample 57	2	1	15	106110	36.96	1.39
E10	Sample 58	2	1	1	36080	36.86	1.46
E10	Sample 58	2	1	2	41110	36.91	1.46
E10	Sample 58	2	1	3	46110	36.91	1.45
E10	Sample 58	2	1	4	51110	36.96	1.46
E10	Sample 58	2	1	5	56100	36.96	1.46
E10	Sample 58	2	1	6	61110	36.96	1.46
E10	Sample 58	2	1	7	66110	36.96	1.46
E10	Sample 58	2	1	8	71130	36.96	1.47
E10	Sample 58	2	1	9	76110	36.96	1.47
E10	Sample 58	2	1	10	81110	36.96	1.46
E10	Sample 58	2	1	11	86100	37	1.46
E10	Sample 58	2	1	12	91110	36.96	1.47
E10	Sample 58	2	1	13	96110	36.96	1.47
E10	Sample 58	2	1	14	101100	36.96	1.47
E10	Sample 58	2	1	15	106110	36.96	1.47
E11	Sample 59	2	1	1	36080	36.86	1.94
E11	Sample 59	2	1	2	41110	36.91	1.92
E11	Sample 59	2	1	3	46110	36.91	1.91
E11	Sample 59	2	1	4	51110	36.96	1.91
E11	Sample 59	2	1	5	56100	36.96	1.90
E11	Sample 59	2	1	6	61110	36.96	1.89
E11	Sample 59	2	1	7	66110	36.96	1.90
E11	Sample 59	2	1	8	71130	36.96	1.90
E11	Sample 59	2	1	9	76110	36.96	1.90
E11	Sample 59	2	1	10	81110	36.96	1.90
E11	Sample 59	2	1	11	86100	37	1.90
E11	Sample 59	2	1	12	91110	36.96	1.89
E11	Sample 59	2	1	13	96110	36.96	1.89
E11	Sample 59	2	1	14	101100	36.96	1.89
E11	Sample 59	2	1	15	106110	36.96	1.90
E12	Sample 60	2	1	1	36080	36.86	1.86
E12	Sample 60	2	1	2	41110	36.91	1.83
E12	Sample 60	2	1	3	46110	36.91	1.82
E12	Sample 60	2	1	4	51110	36.96	1.82
E12	Sample 60	2	1	5	56100	36.96	1.81
E12	Sample 60	2	1	6	61110	36.96	1.81
E12	Sample 60	2	1	7	66110	36.96	1.81
E12	Sample 60	2	1	8	71130	36.96	1.80
E12	Sample 60	2	1	9	76110	36.96	1.80
E12	Sample 60	2	1	10	81110	36.96	1.79
E12	Sample 60	2	1	11	86100	37	1.78
E12	Sample 60	2	1	12	91110	36.96	1.79
E12	Sample 60	2	1	13	96110	36.96	1.79
E12	Sample 60	2	1	14	101100	36.96	1.79
E12	Sample 60	2	1	15	106110	36.96	1.80
F1	Sample 61	2	1	1	36080	36.86	2.16
F1	Sample 61	2	1	2	41110	36.91	2.15
F1	Sample 61	2	1	3	46110	36.91	2.15
F1	Sample 61	2	1	4	51110	36.96	2.15
F1	Sample 61	2	1	5	56100	36.96	2.13
F1	Sample 61	2	1	6	61110	36.96	2.13
F1	Sample 61	2	1	7	66110	36.96	2.13
F1	Sample 61	2	1	8	71130	36.96	2.13
F1	Sample 61	2	1	9	76110	36.96	2.12
F1	Sample 61	2	1	10	81110	36.96	2.13
F1	Sample 61	2	1	11	86100	37	2.12
F1	Sample 61	2	1	12	91110	36.96	2.12
F1	Sample 61	2	1	13	96110	36.96	2.12
F1	Sample 61	2	1	14	101100	36.96	2.13
F1	Sample 61	2	1	15	106110	36.96	2.13
F2	Sample 62	2	1	1	36080	36.86	1.78
F2	Sample 62	2	1	2	41110	36.91	1.79
F2	Sample 62	2	1	3	46110	36.91	1.82
F2	Sample 62	2	1	4	51110	36.96	1.84
F2	Sample 62	2	1	5	56100	36.96	1.85
F2	Sample 62	2	1	6	61110	36.96	1.84
F2	Sample 62	2	1	7	66110	36.96	1.85
F2	Sample 62	2	1	8	71130	36.96	1.85
F2	Sample 62	2	1	9	76110	36.96	1.85
F2	Sample 62	2	1	10	81110	36.96	1.85
F2	Sample 62	2	1	11	86100	37	1.85
F2	Sample 62	2	1	12	91110	36.96	1.86
F2	Sample 62	2	1	13	96110	36.96	1.86
F2	Sample 62	2	1	14	101100	36.96	1.86
F2	Sample 62	2	1	15	106110	36.96	1.86
F3	Sample 63	2	1	1	36080	36.86	2.53
F3	Sample 63	2	1	2	41110	36.91	2.56
F3	Sample 63	2	1	3	46110	36.91	2.58
F3	Sample 63	2	1	4	51110	36.96	2.60
F3	Sample 63	2	1	5	56100	36.96	2.61
F3	Sample 63	2	1	6	61110	36.96	2.62
F3	Sample 63	2	1	7	66110	36.96	2.63
F3	Sample 63	2	1	8	71130	36.96	2.63
F3	Sample 63	2	1	9	76110	36.96	2.64
F3	Sample 63	2	1	10	81110	36.96	2.64
F3	Sample 63	2	1	11	86100	37	2.65
F3	Sample 63	2	1	12	91110	36.96	2.65
F3	Sample 63	2	1	13	96110	36.96	2.66
F3	Sample 63	2	1	14	101100	36.96	2.65
F3	Sample 63	2	1	15	106110	36.96	2.65
F4	Sample 64	2	1	1	36080	36.86	2.69
F4	Sample 64	2	1	2	41110	36.91	2.67
F4	Sample 64	2	1	3	46110	36.91	2.66
F4	Sample 64	2	1	4	51110	36.96	2.66
F4	Sample 64	2	1	5	56100	36.96	2.65
F4	Sample 64	2	1	6	61110	36.96	2.64
F4	Sample 64	2	1	7	66110	36.96	2.63
F4	Sample 64	2	1	8	71130	36.96	2.63
F4	Sample 64	2	1	9	76110	36.96	2.63
F4	Sample 64	2	1	10	81110	36.96	2.63
F4	Sample 64	2	1	11	86100	37	2.64
F4	Sample 64	2	1	12	91110	36.96	2.64
F4	Sample 64	2	1	13	96110	36.96	2.64
F4	Sample 64	2	1	14	101100	36.96	2.64
F4	Sample 64	2	1	15	106110	36.96	2.64
F5	Sample 65	2	1	1	36080	36.86	1.22
F5	Sample 65	2	1	2	41110	36.91	1.22
F5	Sample 65	2	1	3	46110	36.91	1.22
F5	Sample 65	2	1	4	51110	36.96	1.23
F5	Sample 65	2	1	5	56100	36.96	1.22
F5	Sample 65	2	1	6	61110	36.96	1.22
F5	Sample 65	2	1	7	66110	36.96	1.23
F5	Sample 65	2	1	8	71130	36.96	1.22
F5	Sample 65	2	1	9	76110	36.96	1.22
F5	Sample 65	2	1	10	81110	36.96	1.23
F5	Sample 65	2	1	11	86100	37	1.22
F5	Sample 65	2	1	12	91110	36.96	1.23
F5	Sample 65	2	1	13	96110	36.96	1.23
F5	Sample 65	2	1	14	101100	36.96	1.23
F5	Sample 65	2	1	15	106110	36.96	1.22
F6	Sample 66	2	1	1	36080	36.86	1.08
F6	Sample 66	2	1	2	41110	36.91	1.09
F6	Sample 66	2	1	3	46110	36.91	1.09
F6	Sample 66	2	1	4	51110	36.96	1.10
F6	Sample 66	2	1	5	56100	36.96	1.10
F6	Sample 66	2	1	6	61110	36.96	1.09
F6	Sample 66	2	1	7	66110	36.96	1.09
F6	Sample 66	2	1	8	71130	36.96	1.10
F6	Sample 66	2	1	9	76110	36.96	1.09
F6	Sample 66	2	1	10	81110	36.96	1.10
F6	Sample 66	2	1	11	86100	37	1.09
F6	Sample 66	2	1	12	91110	36.96	1.10
F6	Sample 66	2	1	13	96110	36.96	1.10
F6	Sample 66	2	1	14	101100	36.96	1.10
F6	Sample 66	2	1	15	106110	36.96	1.10
F7	Sample 67	2	1	1	36080	36.86	1.39
F7	Sample 67	2	1	2	41110	36.91	1.37
F7	Sample 67	2	1	3	46110	36.91	1.37
F7	Sample 67	2	1	4	51110	36.96	1.37
F7	Sample 67	2	1	5	56100	36.96	1.37
F7	Sample 67	2	1	6	61110	36.96	1.36
F7	Sample 67	2	1	7	66110	36.96	1.37
F7	Sample 67	2	1	8	71130	36.96	1.36
F7	Sample 67	2	1	9	76110	36.96	1.36
F7	Sample 67	2	1	10	81110	36.96	1.36
F7	Sample 67	2	1	11	86100	37	1.35
F7	Sample 67	2	1	12	91110	36.96	1.36
F7	Sample 67	2	1	13	96110	36.96	1.36
F7	Sample 67	2	1	14	101100	36.96	1.36
F7	Sample 67	2	1	15	106110	36.96	1.37
F8	Sample 68	2	1	1	36080	36.86	1.40
F8	Sample 68	2	1	2	41110	36.91	1.38
F8	Sample 68	2	1	3	46110	36.91	1.37
F8	Sample 68	2	1	4	51110	36.96	1.37
F8	Sample 68	2	1	5	56100	36.96	1.38
F8	Sample 68	2	1	6	61110	36.96	1.37
F8	Sample 68	2	1	7	66110	36.96	1.36
F8	Sample 68	2	1	8	71130	36.96	1.37
F8	Sample 68	2	1	9	76110	36.96	1.37
F8	Sample 68	2	1	10	81110	36.96	1.37
F8	Sample 68	2	1	11	86100	37	1.37
F8	Sample 68	2	1	12	91110	36.96	1.36
F8	Sample 68	2	1	13	96110	36.96	1.38
F8	Sample 68	2	1	14	101100	36.96	1.37
F8	Sample 68	2	1	15	106110	36.96	1.37
F9	Sample 69	2	1	1	36080	36.86	1.73
F9	Sample 69	2	1	2	41110	36.91	1.72
F9	Sample 69	2	1	3	46110	36.91	1.70
F9	Sample 69	2	1	4	51110	36.96	1.70
F9	Sample 69	2	1	5	56100	36.96	1.70
F9	Sample 69	2	1	6	61110	36.96	1.69
F9	Sample 69	2	1	7	66110	36.96	1.69
F9	Sample 69	2	1	8	71130	36.96	1.69
F9	Sample 69	2	1	9	76110	36.96	1.68
F9	Sample 69	2	1	10	81110	36.96	1.69
F9	Sample 69	2	1	11	86100	37	1.69
F9	Sample 69	2	1	12	91110	36.96	1.69
F9	Sample 69	2	1	13	96110	36.96	1.69
F9	Sample 69	2	1	14	101100	36.96	1.69
F9	Sample 69	2	1	15	106110	36.96	1.69
F10	Sample 70	2	1	1	36080	36.86	1.69
F10	Sample 70	2	1	2	41110	36.91	1.69
F10	Sample 70	2	1	3	46110	36.91	1.70
F10	Sample 70	2	1	4	51110	36.96	1.71
F10	Sample 70	2	1	5	56100	36.96	1.71
F10	Sample 70	2	1	6	61110	36.96	1.71
F10	Sample 70	2	1	7	66110	36.96	1.72
F10	Sample 70	2	1	8	71130	36.96	1.71
F10	Sample 70	2	1	9	76110	36.96	1.72
F10	Sample 70	2	1	10	81110	36.96	1.73
F10	Sample 70	2	1	11	86100	37	1.73
F10	Sample 70	2	1	12	91110	36.96	1.73
F10	Sample 70	2	1	13	96110	36.96	1.73
F10	Sample 70	2	1	14	101100	36.96	1.73
F10	Sample 70	2	1	15	106110	36.96	1.73
F11	Sample 71	2	1	1	36080	36.86	2.10
F11	Sample 71	2	1	2	41110	36.91	2.08
F11	Sample 71	2	1	3	46110	36.91	2.08
F11	Sample 71	2	1	4	51110	36.96	2.07
F11	Sample 71	2	1	5	56100	36.96	2.07
F11	Sample 71	2	1	6	61110	36.96	2.06
F11	Sample 71	2	1	7	66110	36.96	2.07
F11	Sample 71	2	1	8	71130	36.96	2.06
F11	Sample 71	2	1	9	76110	36.96	2.05
F11	Sample 71	2	1	10	81110	36.96	2.06
F11	Sample 71	2	1	11	86100	37	2.06
F11	Sample 71	2	1	12	91110	36.96	2.05
F11	Sample 71	2	1	13	96110	36.96	2.06
F11	Sample 71	2	1	14	101100	36.96	2.05
F11	Sample 71	2	1	15	106110	36.96	2.06
F12	Sample 72	2	1	1	36080	36.86	1.94
F12	Sample 72	2	1	2	41110	36.91	1.91
F12	Sample 72	2	1	3	46110	36.91	1.90
F12	Sample 72	2	1	4	51110	36.96	1.89
F12	Sample 72	2	1	5	56100	36.96	1.89
F12	Sample 72	2	1	6	61110	36.96	1.88
F12	Sample 72	2	1	7	66110	36.96	1.88
F12	Sample 72	2	1	8	71130	36.96	1.88
F12	Sample 72	2	1	9	76110	36.96	1.87
F12	Sample 72	2	1	10	81110	36.96	1.88
F12	Sample 72	2	1	11	86100	37	1.87
F12	Sample 72	2	1	12	91110	36.96	1.87
F12	Sample 72	2	1	13	96110	36.96	1.87
F12	Sample 72	2	1	14	101100	36.96	1.87
F12	Sample 72	2	1	15	106110	36.96	1.88
G1	Sample 73	2	1	1	36080	36.86	2.33
G1	Sample 73	2	1	2	41110	36.91	2.37
G1	Sample 73	2	1	3	46110	36.91	2.41
G1	Sample 73	2	1	4	51110	36.96	2.43
G1	Sample 73	2	1	5	56100	36.96	2.45
G1	Sample 73	2	1	6	61110	36.96	2.46
G1	Sample 73	2	1	7	66110	36.96	2.47
G1	Sample 73	2	1	8	71130	36.96	2.47
G1	Sample 73	2	1	9	76110	36.96	2.47
G1	Sample 73	2	1	10	81110	36.96	2.47
G1	Sample 73	2	1	11	86100	37	2.47
G1	Sample 73	2	1	12	91110	36.96	2.48
G1	Sample 73	2	1	13	96110	36.96	2.47
G1	Sample 73	2	1	14	101100	36.96	2.48
G1	Sample 73	2	1	15	106110	36.96	2.48
G2	Sample 74	2	1	1	36080	36.86	2.13
G2	Sample 74	2	1	2	41110	36.91	2.19
G2	Sample 74	2	1	3	46110	36.91	2.21
G2	Sample 74	2	1	4	51110	36.96	2.23
G2	Sample 74	2	1	5	56100	36.96	2.25
G2	Sample 74	2	1	6	61110	36.96	2.25
G2	Sample 74	2	1	7	66110	36.96	2.26
G2	Sample 74	2	1	8	71130	36.96	2.26
G2	Sample 74	2	1	9	76110	36.96	2.26
G2	Sample 74	2	1	10	81110	36.96	2.27
G2	Sample 74	2	1	11	86100	37	2.28
G2	Sample 74	2	1	12	91110	36.96	2.27
G2	Sample 74	2	1	13	96110	36.96	2.28
G2	Sample 74	2	1	14	101100	36.96	2.27
G2	Sample 74	2	1	15	106110	36.96	2.28
G3	Sample 75	2	1	1	36080	36.86	2.91
G3	Sample 75	2	1	2	41110	36.91	2.89
G3	Sample 75	2	1	3	46110	36.91	2.87
G3	Sample 75	2	1	4	51110	36.96	2.86
G3	Sample 75	2	1	5	56100	36.96	2.85
G3	Sample 75	2	1	6	61110	36.96	2.85
G3	Sample 75	2	1	7	66110	36.96	2.84
G3	Sample 75	2	1	8	71130	36.96	2.84
G3	Sample 75	2	1	9	76110	36.96	2.84
G3	Sample 75	2	1	10	81110	36.96	2.84
G3	Sample 75	2	1	11	86100	37	2.85
G3	Sample 75	2	1	12	91110	36.96	2.85
G3	Sample 75	2	1	13	96110	36.96	2.84
G3	Sample 75	2	1	14	101100	36.96	2.85
G3	Sample 75	2	1	15	106110	36.96	2.84
G4	Sample 76	2	1	1	36080	36.86	2.73
G4	Sample 76	2	1	2	41110	36.91	2.73
G4	Sample 76	2	1	3	46110	36.91	2.69
G4	Sample 76	2	1	4	51110	36.96	2.68
G4	Sample 76	2	1	5	56100	36.96	2.66
G4	Sample 76	2	1	6	61110	36.96	2.67
G4	Sample 76	2	1	7	66110	36.96	2.66
G4	Sample 76	2	1	8	71130	36.96	2.65
G4	Sample 76	2	1	9	76110	36.96	2.65
G4	Sample 76	2	1	10	81110	36.96	2.65
G4	Sample 76	2	1	11	86100	37	2.66
G4	Sample 76	2	1	12	91110	36.96	2.65
G4	Sample 76	2	1	13	96110	36.96	2.65
G4	Sample 76	2	1	14	101100	36.96	2.66
G4	Sample 76	2	1	15	106110	36.96	2.66
G5	Sample 77	2	1	1	36080	36.86	1.35
G5	Sample 77	2	1	2	41110	36.91	1.38
G5	Sample 77	2	1	3	46110	36.91	1.38
G5	Sample 77	2	1	4	51110	36.96	1.39
G5	Sample 77	2	1	5	56100	36.96	1.39
G5	Sample 77	2	1	6	61110	36.96	1.40
G5	Sample 77	2	1	7	66110	36.96	1.41
G5	Sample 77	2	1	8	71130	36.96	1.40
G5	Sample 77	2	1	9	76110	36.96	1.41
G5	Sample 77	2	1	10	81110	36.96	1.41
G5	Sample 77	2	1	11	86100	37	1.41
G5	Sample 77	2	1	12	91110	36.96	1.41
G5	Sample 77	2	1	13	96110	36.96	1.41
G5	Sample 77	2	1	14	101100	36.96	1.42
G5	Sample 77	2	1	15	106110	36.96	1.41
G6	Sample 78	2	1	1	36080	36.86	1.31
G6	Sample 78	2	1	2	41110	36.91	1.31
G6	Sample 78	2	1	3	46110	36.91	1.30
G6	Sample 78	2	1	4	51110	36.96	1.29
G6	Sample 78	2	1	5	56100	36.96	1.29
G6	Sample 78	2	1	6	61110	36.96	1.30
G6	Sample 78	2	1	7	66110	36.96	1.29
G6	Sample 78	2	1	8	71130	36.96	1.29
G6	Sample 78	2	1	9	76110	36.96	1.29
G6	Sample 78	2	1	10	81110	36.96	1.30
G6	Sample 78	2	1	11	86100	37	1.30
G6	Sample 78	2	1	12	91110	36.96	1.30
G6	Sample 78	2	1	13	96110	36.96	1.31
G6	Sample 78	2	1	14	101100	36.96	1.30
G6	Sample 78	2	1	15	106110	36.96	1.30
G7	Sample 79	2	1	1	36080	36.86	1.40
G7	Sample 79	2	1	2	41110	36.91	1.40
G7	Sample 79	2	1	3	46110	36.91	1.39
G7	Sample 79	2	1	4	51110	36.96	1.38
G7	Sample 79	2	1	5	56100	36.96	1.38
G7	Sample 79	2	1	6	61110	36.96	1.38
G7	Sample 79	2	1	7	66110	36.96	1.38
G7	Sample 79	2	1	8	71130	36.96	1.38
G7	Sample 79	2	1	9	76110	36.96	1.38
G7	Sample 79	2	1	10	81110	36.96	1.38
G7	Sample 79	2	1	11	86100	37	1.39
G7	Sample 79	2	1	12	91110	36.96	1.38
G7	Sample 79	2	1	13	96110	36.96	1.38
G7	Sample 79	2	1	14	101100	36.96	1.38
G7	Sample 79	2	1	15	106110	36.96	1.39
G8	Sample 80	2	1	1	36080	36.86	1.31
G8	Sample 80	2	1	2	41110	36.91	1.30
G8	Sample 80	2	1	3	46110	36.91	1.30
G8	Sample 80	2	1	4	51110	36.96	1.29
G8	Sample 80	2	1	5	56100	36.96	1.28
G8	Sample 80	2	1	6	61110	36.96	1.29
G8	Sample 80	2	1	7	66110	36.96	1.28
G8	Sample 80	2	1	8	71130	36.96	1.28
G8	Sample 80	2	1	9	76110	36.96	1.28
G8	Sample 80	2	1	10	81110	36.96	1.28
G8	Sample 80	2	1	11	86100	37	1.28
G8	Sample 80	2	1	12	91110	36.96	1.28
G8	Sample 80	2	1	13	96110	36.96	1.27
G8	Sample 80	2	1	14	101100	36.96	1.28
G8	Sample 80	2	1	15	106110	36.96	1.28
G9	Sample 81	2	1	1	36080	36.86	1.93
G9	Sample 81	2	1	2	41110	36.91	1.93
G9	Sample 81	2	1	3	46110	36.91	1.93
G9	Sample 81	2	1	4	51110	36.96	1.94
G9	Sample 81	2	1	5	56100	36.96	1.94
G9	Sample 81	2	1	6	61110	36.96	1.94
G9	Sample 81	2	1	7	66110	36.96	1.93
G9	Sample 81	2	1	8	71130	36.96	1.94
G9	Sample 81	2	1	9	76110	36.96	1.94
G9	Sample 81	2	1	10	81110	36.96	1.94
G9	Sample 81	2	1	11	86100	37	1.94
G9	Sample 81	2	1	12	91110	36.96	1.94
G9	Sample 81	2	1	13	96110	36.96	1.94
G9	Sample 81	2	1	14	101100	36.96	1.95
G9	Sample 81	2	1	15	106110	36.96	1.94
G10	Sample 82	2	1	1	36080	36.86	1.93
G10	Sample 82	2	1	2	41110	36.91	1.92
G10	Sample 82	2	1	3	46110	36.91	1.91
G10	Sample 82	2	1	4	51110	36.96	1.91
G10	Sample 82	2	1	5	56100	36.96	1.90
G10	Sample 82	2	1	6	61110	36.96	1.90
G10	Sample 82	2	1	7	66110	36.96	1.89
G10	Sample 82	2	1	8	71130	36.96	1.90
G10	Sample 82	2	1	9	76110	36.96	1.90
G10	Sample 82	2	1	10	81110	36.96	1.89
G10	Sample 82	2	1	11	86100	37	1.90
G10	Sample 82	2	1	12	91110	36.96	1.90
G10	Sample 82	2	1	13	96110	36.96	1.91
G10	Sample 82	2	1	14	101100	36.96	1.90
G10	Sample 82	2	1	15	106110	36.96	1.90
G11	Sample 83	2	1	1	36080	36.86	2.04
G11	Sample 83	2	1	2	41110	36.91	2.02
G11	Sample 83	2	1	3	46110	36.91	2.01
G11	Sample 83	2	1	4	51110	36.96	2.00
G11	Sample 83	2	1	5	56100	36.96	2.00
G11	Sample 83	2	1	6	61110	36.96	1.99
G11	Sample 83	2	1	7	66110	36.96	2.00
G11	Sample 83	2	1	8	71130	36.96	1.99
G11	Sample 83	2	1	9	76110	36.96	1.99
G11	Sample 83	2	1	10	81110	36.96	1.99
G11	Sample 83	2	1	11	86100	37	1.99
G11	Sample 83	2	1	12	91110	36.96	1.99
G11	Sample 83	2	1	13	96110	36.96	1.99
G11	Sample 83	2	1	14	101100	36.96	1.98
G11	Sample 83	2	1	15	106110	36.96	1.99
G12	Sample 84	2	1	1	36080	36.86	1.90
G12	Sample 84	2	1	2	41110	36.91	1.89
G12	Sample 84	2	1	3	46110	36.91	1.87
G12	Sample 84	2	1	4	51110	36.96	1.86
G12	Sample 84	2	1	5	56100	36.96	1.86
G12	Sample 84	2	1	6	61110	36.96	1.86
G12	Sample 84	2	1	7	66110	36.96	1.85
G12	Sample 84	2	1	8	71130	36.96	1.85
G12	Sample 84	2	1	9	76110	36.96	1.85
G12	Sample 84	2	1	10	81110	36.96	1.84
G12	Sample 84	2	1	11	86100	37	1.85
G12	Sample 84	2	1	12	91110	36.96	1.84
G12	Sample 84	2	1	13	96110	36.96	1.84
G12	Sample 84	2	1	14	101100	36.96	1.84
G12	Sample 84	2	1	15	106110	36.96	1.84
H1	Sample 85	2	1	1	36080	36.86	2.44
H1	Sample 85	2	1	2	41110	36.91	2.46
H1	Sample 85	2	1	3	46110	36.91	2.47
H1	Sample 85	2	1	4	51110	36.96	2.46
H1	Sample 85	2	1	5	56100	36.96	2.48
H1	Sample 85	2	1	6	61110	36.96	2.47
H1	Sample 85	2	1	7	66110	36.96	2.47
H1	Sample 85	2	1	8	71130	36.96	2.48
H1	Sample 85	2	1	9	76110	36.96	2.47
H1	Sample 85	2	1	10	81110	36.96	2.47
H1	Sample 85	2	1	11	86100	37	2.47
H1	Sample 85	2	1	12	91110	36.96	2.48
H1	Sample 85	2	1	13	96110	36.96	2.48
H1	Sample 85	2	1	14	101100	36.96	2.47
H1	Sample 85	2	1	15	106110	36.96	2.48
H2	Sample 86	2	1	1	36080	36.86	2.55
H2	Sample 86	2	1	2	41110	36.91	2.53
H2	Sample 86	2	1	3	46110	36.91	2.51
H2	Sample 86	2	1	4	51110	36.96	2.51
H2	Sample 86	2	1	5	56100	36.96	2.51
H2	Sample 86	2	1	6	61110	36.96	2.51
H2	Sample 86	2	1	7	66110	36.96	2.50
H2	Sample 86	2	1	8	71130	36.96	2.52
H2	Sample 86	2	1	9	76110	36.96	2.50
H2	Sample 86	2	1	10	81110	36.96	2.52
H2	Sample 86	2	1	11	86100	37	2.52
H2	Sample 86	2	1	12	91110	36.96	2.53
H2	Sample 86	2	1	13	96110	36.96	2.54
H2	Sample 86	2	1	14	101100	36.96	2.52
H2	Sample 86	2	1	15	106110	36.96	2.54
H3	Sample 87	2	1	1	36080	36.86	2.85
H3	Sample 87	2	1	2	41110	36.91	2.84
H3	Sample 87	2	1	3	46110	36.91	2.83
H3	Sample 87	2	1	4	51110	36.96	2.83
H3	Sample 87	2	1	5	56100	36.96	2.82
H3	Sample 87	2	1	6	61110	36.96	2.81
H3	Sample 87	2	1	7	66110	36.96	2.80
H3	Sample 87	2	1	8	71130	36.96	2.80
H3	Sample 87	2	1	9	76110	36.96	2.79
H3	Sample 87	2	1	10	81110	36.96	2.80
H3	Sample 87	2	1	11	86100	37	2.81
H3	Sample 87	2	1	12	91110	36.96	2.80
H3	Sample 87	2	1	13	96110	36.96	2.82
H3	Sample 87	2	1	14	101100	36.96	2.79
H3	Sample 87	2	1	15	106110	36.96	2.80
H4	Sample 88	2	1	1	36080	36.86	2.73
H4	Sample 88	2	1	2	41110	36.91	2.72
H4	Sample 88	2	1	3	46110	36.91	2.70
H4	Sample 88	2	1	4	51110	36.96	2.69
H4	Sample 88	2	1	5	56100	36.96	2.68
H4	Sample 88	2	1	6	61110	36.96	2.68
H4	Sample 88	2	1	7	66110	36.96	2.67
H4	Sample 88	2	1	8	71130	36.96	2.67
H4	Sample 88	2	1	9	76110	36.96	2.67
H4	Sample 88	2	1	10	81110	36.96	2.69
H4	Sample 88	2	1	11	86100	37	2.67
H4	Sample 88	2	1	12	91110	36.96	2.67
H4	Sample 88	2	1	13	96110	36.96	2.67
H4	Sample 88	2	1	14	101100	36.96	2.66
H4	Sample 88	2	1	15	106110	36.96	2.67
H5	Sample 89	2	1	1	36080	36.86	1.40
H5	Sample 89	2	1	2	41110	36.91	1.42
H5	Sample 89	2	1	3	46110	36.91	1.42
H5	Sample 89	2	1	4	51110	36.96	1.44
H5	Sample 89	2	1	5	56100	36.96	1.45
H5	Sample 89	2	1	6	61110	36.96	1.45
H5	Sample 89	2	1	7	66110	36.96	1.44
H5	Sample 89	2	1	8	71130	36.96	1.45
H5	Sample 89	2	1	9	76110	36.96	1.44
H5	Sample 89	2	1	10	81110	36.96	1.45
H5	Sample 89	2	1	11	86100	37	1.45
H5	Sample 89	2	1	12	91110	36.96	1.44
H5	Sample 89	2	1	13	96110	36.96	1.45
H5	Sample 89	2	1	14	101100	36.96	1.45
H5	Sample 89	2	1	15	106110	36.96	1.45
H6	Sample 90	2	1	1	36080	36.86	1.31
H6	Sample 90	2	1	2	41110	36.91	1.34
H6	Sample 90	2	1	3	46110	36.91	1.36
H6	Sample 90	2	1	4	51110	36.96	1.38
H6	Sample 90	2	1	5	56100	36.96	1.39
H6	Sample 90	2	1	6	61110	36.96	1.39
H6	Sample 90	2	1	7	66110	36.96	1.40
H6	Sample 90	2	1	8	71130	36.96	1.40
H6	Sample 90	2	1	9	76110	36.96	1.41
H6	Sample 90	2	1	10	81110	36.96	1.42
H6	Sample 90	2	1	11	86100	37	1.41
H6	Sample 90	2	1	12	91110	36.96	1.41
H6	Sample 90	2	1	13	96110	36.96	1.42
H6	Sample 90	2	1	14	101100	36.96	1.41
H6	Sample 90	2	1	15	106110	36.96	1.42
H7	Sample 91	2	1	1	36080	36.86	1.32
H7	Sample 91	2	1	2	41110	36.91	1.35
H7	Sample 91	2	1	3	46110	36.91	1.36
H7	Sample 91	2	1	4	51110	36.96	1.38
H7	Sample 91	2	1	5	56100	36.96	1.39
H7	Sample 91	2	1	6	61110	36.96	1.39
H7	Sample 91	2	1	7	66110	36.96	1.39
H7	Sample 91	2	1	8	71130	36.96	1.40
H7	Sample 91	2	1	9	76110	36.96	1.40
H7	Sample 91	2	1	10	81110	36.96	1.40
H7	Sample 91	2	1	11	86100	37	1.41
H7	Sample 91	2	1	12	91110	36.96	1.40
H7	Sample 91	2	1	13	96110	36.96	1.40
H7	Sample 91	2	1	14	101100	36.96	1.40
H7	Sample 91	2	1	15	106110	36.96	1.40
H8	Sample 92	2	1	1	36080	36.86	1.34
H8	Sample 92	2	1	2	41110	36.91	1.34
H8	Sample 92	2	1	3	46110	36.91	1.36
H8	Sample 92	2	1	4	51110	36.96	1.35
H8	Sample 92	2	1	5	56100	36.96	1.35
H8	Sample 92	2	1	6	61110	36.96	1.35
H8	Sample 92	2	1	7	66110	36.96	1.36
H8	Sample 92	2	1	8	71130	36.96	1.36
H8	Sample 92	2	1	9	76110	36.96	1.35
H8	Sample 92	2	1	10	81110	36.96	1.36
H8	Sample 92	2	1	11	86100	37	1.36
H8	Sample 92	2	1	12	91110	36.96	1.36
H8	Sample 92	2	1	13	96110	36.96	1.37
H8	Sample 92	2	1	14	101100	36.96	1.36
H8	Sample 92	2	1	15	106110	36.96	1.37
H9	Sample 93	2	1	1	36080	36.86	1.93
H9	Sample 93	2	1	2	41110	36.91	1.92
H9	Sample 93	2	1	3	46110	36.91	1.92
H9	Sample 93	2	1	4	51110	36.96	1.92
H9	Sample 93	2	1	5	56100	36.96	1.91
H9	Sample 93	2	1	6	61110	36.96	1.92
H9	Sample 93	2	1	7	66110	36.96	1.91
H9	Sample 93	2	1	8	71130	36.96	1.91
H9	Sample 93	2	1	9	76110	36.96	1.90
H9	Sample 93	2	1	10	81110	36.96	1.90
H9	Sample 93	2	1	11	86100	37	1.91
H9	Sample 93	2	1	12	91110	36.96	1.91
H9	Sample 93	2	1	13	96110	36.96	1.91
H9	Sample 93	2	1	14	101100	36.96	1.90
H9	Sample 93	2	1	15	106110	36.96	1.91
H10	Sample 94	2	1	1	36080	36.86	1.89
H10	Sample 94	2	1	2	41110	36.91	1.88
H10	Sample 94	2	1	3	46110	36.91	1.86
H10	Sample 94	2	1	4	51110	36.96	1.86
H10	Sample 94	2	1	5	56100	36.96	1.86
H10	Sample 94	2	1	6	61110	36.96	1.84
H10	Sample 94	2	1	7	66110	36.96	1.84
H10	Sample 94	2	1	8	71130	36.96	1.84
H10	Sample 94	2	1	9	76110	36.96	1.83
H10	Sample 94	2	1	10	81110	36.96	1.84
H10	Sample 94	2	1	11	86100	37	1.83
H10	Sample 94	2	1	12	91110	36.96	1.83
H10	Sample 94	2	1	13	96110	36.96	1.83
H10	Sample 94	2	1	14	101100	36.96	1.84
H10	Sample 94	2	1	15	106110	36.96	1.83
H11	Sample 95	2	1	1	36080	36.86	1.89
H11	Sample 95	2	1	2	41110	36.91	1.87
H11	Sample 95	2	1	3	46110	36.91	1.87
H11	Sample 95	2	1	4	51110	36.96	1.85
H11	Sample 95	2	1	5	56100	36.96	1.85
H11	Sample 95	2	1	6	61110	36.96	1.85
H11	Sample 95	2	1	7	66110	36.96	1.84
H11	Sample 95	2	1	8	71130	36.96	1.84
H11	Sample 95	2	1	9	76110	36.96	1.84
H11	Sample 95	2	1	10	81110	36.96	1.84
H11	Sample 95	2	1	11	86100	37	1.83
H11	Sample 95	2	1	12	91110	36.96	1.83
H11	Sample 95	2	1	13	96110	36.96	1.83
H11	Sample 95	2	1	14	101100	36.96	1.84
H11	Sample 95	2	1	15	106110	36.96	1.84
H12	Sample 96	2	1	1	36080	36.86	1.87
H12	Sample 96	2	1	2	41110	36.91	1.85
H12	Sample 96	2	1	3	46110	36.91	1.84
H12	Sample 96	2	1	4	51110	36.96	1.84
H12	Sample 96	2	1	5	56100	36.96	1.84
H12	Sample 96	2	1	6	61110	36.96	1.83
H12	Sample 96	2	1	7	66110	36.96	1.83
H12	Sample 96	2	1	8	71130	36.96	1.82
H12	Sample 96	2	1	9	76110	36.96	1.82
H12	Sample 96	2	1	10	81110	36.96	1.82
H12	Sample 96	2	1	11	86100	37	1.82
H12	Sample 96	2	1	12	91110	36.96	1.82
H12	Sample 96	2	1	13	96110	36.96	1.81
H12	Sample 96	2	1	14	101100	36.96	1.80
H12	Sample 96	2	1	15	106110	36.96	1.82
