Raw Data 		Experiment - evIC50_2_plate2_08APRIL2026 (Run on LCS480 1.5.1.62)					
SamplePos	SampleName	Prog#	Seg#	Cycle#	Time	Temp	465-510
A1	Sample 1	2	1	1	35910	36.96	1.72
A1	Sample 1	2	1	2	40870	36.96	1.71
A1	Sample 1	2	1	3	45880	36.96	1.7
A1	Sample 1	2	1	4	50890	37	1.71
A1	Sample 1	2	1	5	55870	36.96	1.71
A1	Sample 1	2	1	6	60870	36.96	1.71
A1	Sample 1	2	1	7	65880	36.96	1.71
A1	Sample 1	2	1	8	70870	37	1.71
A1	Sample 1	2	1	9	75870	36.96	1.71
A1	Sample 1	2	1	10	80870	37	1.7
A1	Sample 1	2	1	11	85860	37	1.71
A1	Sample 1	2	1	12	90880	36.96	1.71
A1	Sample 1	2	1	13	95870	36.96	1.71
A1	Sample 1	2	1	14	100870	36.96	1.7
A1	Sample 1	2	1	15	105870	36.96	1.71
A2	Sample 2	2	1	1	35910	36.96	1.88
A2	Sample 2	2	1	2	40870	36.96	1.88
A2	Sample 2	2	1	3	45880	36.96	1.87
A2	Sample 2	2	1	4	50890	37	1.89
A2	Sample 2	2	1	5	55870	36.96	1.87
A2	Sample 2	2	1	6	60870	36.96	1.87
A2	Sample 2	2	1	7	65880	36.96	1.87
A2	Sample 2	2	1	8	70870	37	1.88
A2	Sample 2	2	1	9	75870	36.96	1.88
A2	Sample 2	2	1	10	80870	37	1.87
A2	Sample 2	2	1	11	85860	37	1.88
A2	Sample 2	2	1	12	90880	36.96	1.87
A2	Sample 2	2	1	13	95870	36.96	1.87
A2	Sample 2	2	1	14	100870	36.96	1.88
A2	Sample 2	2	1	15	105870	36.96	1.87
A3	Sample 3	2	1	1	35910	36.96	2.08
A3	Sample 3	2	1	2	40870	36.96	2.07
A3	Sample 3	2	1	3	45880	36.96	2.06
A3	Sample 3	2	1	4	50890	37	2.06
A3	Sample 3	2	1	5	55870	36.96	2.06
A3	Sample 3	2	1	6	60870	36.96	2.06
A3	Sample 3	2	1	7	65880	36.96	2.06
A3	Sample 3	2	1	8	70870	37	2.06
A3	Sample 3	2	1	9	75870	36.96	2.06
A3	Sample 3	2	1	10	80870	37	2.06
A3	Sample 3	2	1	11	85860	37	2.06
A3	Sample 3	2	1	12	90880	36.96	2.05
A3	Sample 3	2	1	13	95870	36.96	2.06
A3	Sample 3	2	1	14	100870	36.96	2.05
A3	Sample 3	2	1	15	105870	36.96	2.05
A4	Sample 4	2	1	1	35910	36.96	2.15
A4	Sample 4	2	1	2	40870	36.96	2.14
A4	Sample 4	2	1	3	45880	36.96	2.14
A4	Sample 4	2	1	4	50890	37	2.15
A4	Sample 4	2	1	5	55870	36.96	2.14
A4	Sample 4	2	1	6	60870	36.96	2.13
A4	Sample 4	2	1	7	65880	36.96	2.15
A4	Sample 4	2	1	8	70870	37	2.15
A4	Sample 4	2	1	9	75870	36.96	2.14
A4	Sample 4	2	1	10	80870	37	2.14
A4	Sample 4	2	1	11	85860	37	2.14
A4	Sample 4	2	1	12	90880	36.96	2.14
A4	Sample 4	2	1	13	95870	36.96	2.13
A4	Sample 4	2	1	14	100870	36.96	2.13
A4	Sample 4	2	1	15	105870	36.96	2.13
A5	Sample 5	2	1	1	35910	36.96	1.11
A5	Sample 5	2	1	2	40870	36.96	1.11
A5	Sample 5	2	1	3	45880	36.96	1.11
A5	Sample 5	2	1	4	50890	37	1.11
A5	Sample 5	2	1	5	55870	36.96	1.1
A5	Sample 5	2	1	6	60870	36.96	1.1
A5	Sample 5	2	1	7	65880	36.96	1.11
A5	Sample 5	2	1	8	70870	37	1.11
A5	Sample 5	2	1	9	75870	36.96	1.1
A5	Sample 5	2	1	10	80870	37	1.11
A5	Sample 5	2	1	11	85860	37	1.1
A5	Sample 5	2	1	12	90880	36.96	1.09
A5	Sample 5	2	1	13	95870	36.96	1.1
A5	Sample 5	2	1	14	100870	36.96	1.1
A5	Sample 5	2	1	15	105870	36.96	1.1
A6	Sample 6	2	1	1	35910	36.96	1.05
A6	Sample 6	2	1	2	40870	36.96	1.05
A6	Sample 6	2	1	3	45880	36.96	1.05
A6	Sample 6	2	1	4	50890	37	1.05
A6	Sample 6	2	1	5	55870	36.96	1.05
A6	Sample 6	2	1	6	60870	36.96	1.05
A6	Sample 6	2	1	7	65880	36.96	1.05
A6	Sample 6	2	1	8	70870	37	1.06
A6	Sample 6	2	1	9	75870	36.96	1.06
A6	Sample 6	2	1	10	80870	37	1.05
A6	Sample 6	2	1	11	85860	37	1.05
A6	Sample 6	2	1	12	90880	36.96	1.05
A6	Sample 6	2	1	13	95870	36.96	1.05
A6	Sample 6	2	1	14	100870	36.96	1.04
A6	Sample 6	2	1	15	105870	36.96	1.05
A7	Sample 7	2	1	1	35910	36.96	1.13
A7	Sample 7	2	1	2	40870	36.96	1.13
A7	Sample 7	2	1	3	45880	36.96	1.12
A7	Sample 7	2	1	4	50890	37	1.13
A7	Sample 7	2	1	5	55870	36.96	1.12
A7	Sample 7	2	1	6	60870	36.96	1.12
A7	Sample 7	2	1	7	65880	36.96	1.13
A7	Sample 7	2	1	8	70870	37	1.12
A7	Sample 7	2	1	9	75870	36.96	1.13
A7	Sample 7	2	1	10	80870	37	1.13
A7	Sample 7	2	1	11	85860	37	1.13
A7	Sample 7	2	1	12	90880	36.96	1.13
A7	Sample 7	2	1	13	95870	36.96	1.12
A7	Sample 7	2	1	14	100870	36.96	1.12
A7	Sample 7	2	1	15	105870	36.96	1.12
A8	Sample 8	2	1	1	35910	36.96	1.07
A8	Sample 8	2	1	2	40870	36.96	1.07
A8	Sample 8	2	1	3	45880	36.96	1.07
A8	Sample 8	2	1	4	50890	37	1.07
A8	Sample 8	2	1	5	55870	36.96	1.06
A8	Sample 8	2	1	6	60870	36.96	1.06
A8	Sample 8	2	1	7	65880	36.96	1.07
A8	Sample 8	2	1	8	70870	37	1.07
A8	Sample 8	2	1	9	75870	36.96	1.07
A8	Sample 8	2	1	10	80870	37	1.07
A8	Sample 8	2	1	11	85860	37	1.06
A8	Sample 8	2	1	12	90880	36.96	1.06
A8	Sample 8	2	1	13	95870	36.96	1.06
A8	Sample 8	2	1	14	100870	36.96	1.06
A8	Sample 8	2	1	15	105870	36.96	1.06
A9	Sample 9	2	1	1	35910	36.96	1.11
A9	Sample 9	2	1	2	40870	36.96	1.11
A9	Sample 9	2	1	3	45880	36.96	1.1
A9	Sample 9	2	1	4	50890	37	1.11
A9	Sample 9	2	1	5	55870	36.96	1.1
A9	Sample 9	2	1	6	60870	36.96	1.1
A9	Sample 9	2	1	7	65880	36.96	1.1
A9	Sample 9	2	1	8	70870	37	1.1
A9	Sample 9	2	1	9	75870	36.96	1.1
A9	Sample 9	2	1	10	80870	37	1.1
A9	Sample 9	2	1	11	85860	37	1.1
A9	Sample 9	2	1	12	90880	36.96	1.1
A9	Sample 9	2	1	13	95870	36.96	1.1
A9	Sample 9	2	1	14	100870	36.96	1.1
A9	Sample 9	2	1	15	105870	36.96	1.1
A10	Sample 10	2	1	1	35910	36.96	1.25
A10	Sample 10	2	1	2	40870	36.96	1.24
A10	Sample 10	2	1	3	45880	36.96	1.23
A10	Sample 10	2	1	4	50890	37	1.24
A10	Sample 10	2	1	5	55870	36.96	1.24
A10	Sample 10	2	1	6	60870	36.96	1.23
A10	Sample 10	2	1	7	65880	36.96	1.23
A10	Sample 10	2	1	8	70870	37	1.24
A10	Sample 10	2	1	9	75870	36.96	1.24
A10	Sample 10	2	1	10	80870	37	1.23
A10	Sample 10	2	1	11	85860	37	1.23
A10	Sample 10	2	1	12	90880	36.96	1.22
A10	Sample 10	2	1	13	95870	36.96	1.23
A10	Sample 10	2	1	14	100870	36.96	1.23
A10	Sample 10	2	1	15	105870	36.96	1.23
A11	Sample 11	2	1	1	35910	36.96	1.2
A11	Sample 11	2	1	2	40870	36.96	1.2
A11	Sample 11	2	1	3	45880	36.96	1.19
A11	Sample 11	2	1	4	50890	37	1.2
A11	Sample 11	2	1	5	55870	36.96	1.2
A11	Sample 11	2	1	6	60870	36.96	1.19
A11	Sample 11	2	1	7	65880	36.96	1.19
A11	Sample 11	2	1	8	70870	37	1.19
A11	Sample 11	2	1	9	75870	36.96	1.2
A11	Sample 11	2	1	10	80870	37	1.19
A11	Sample 11	2	1	11	85860	37	1.19
A11	Sample 11	2	1	12	90880	36.96	1.19
A11	Sample 11	2	1	13	95870	36.96	1.19
A11	Sample 11	2	1	14	100870	36.96	1.18
A11	Sample 11	2	1	15	105870	36.96	1.19
A12	Sample 12	2	1	1	35910	36.96	1.06
A12	Sample 12	2	1	2	40870	36.96	1.07
A12	Sample 12	2	1	3	45880	36.96	1.05
A12	Sample 12	2	1	4	50890	37	1.06
A12	Sample 12	2	1	5	55870	36.96	1.06
A12	Sample 12	2	1	6	60870	36.96	1.05
A12	Sample 12	2	1	7	65880	36.96	1.06
A12	Sample 12	2	1	8	70870	37	1.06
A12	Sample 12	2	1	9	75870	36.96	1.06
A12	Sample 12	2	1	10	80870	37	1.06
A12	Sample 12	2	1	11	85860	37	1.06
A12	Sample 12	2	1	12	90880	36.96	1.05
A12	Sample 12	2	1	13	95870	36.96	1.05
A12	Sample 12	2	1	14	100870	36.96	1.05
A12	Sample 12	2	1	15	105870	36.96	1.06
B1	Sample 13	2	1	1	35910	36.96	1.82
B1	Sample 13	2	1	2	40870	36.96	1.81
B1	Sample 13	2	1	3	45880	36.96	1.81
B1	Sample 13	2	1	4	50890	37	1.81
B1	Sample 13	2	1	5	55870	36.96	1.81
B1	Sample 13	2	1	6	60870	36.96	1.81
B1	Sample 13	2	1	7	65880	36.96	1.81
B1	Sample 13	2	1	8	70870	37	1.81
B1	Sample 13	2	1	9	75870	36.96	1.81
B1	Sample 13	2	1	10	80870	37	1.81
B1	Sample 13	2	1	11	85860	37	1.8
B1	Sample 13	2	1	12	90880	36.96	1.8
B1	Sample 13	2	1	13	95870	36.96	1.8
B1	Sample 13	2	1	14	100870	36.96	1.8
B1	Sample 13	2	1	15	105870	36.96	1.8
B2	Sample 14	2	1	1	35910	36.96	1.82
B2	Sample 14	2	1	2	40870	36.96	1.8
B2	Sample 14	2	1	3	45880	36.96	1.8
B2	Sample 14	2	1	4	50890	37	1.8
B2	Sample 14	2	1	5	55870	36.96	1.81
B2	Sample 14	2	1	6	60870	36.96	1.8
B2	Sample 14	2	1	7	65880	36.96	1.8
B2	Sample 14	2	1	8	70870	37	1.79
B2	Sample 14	2	1	9	75870	36.96	1.79
B2	Sample 14	2	1	10	80870	37	1.8
B2	Sample 14	2	1	11	85860	37	1.79
B2	Sample 14	2	1	12	90880	36.96	1.8
B2	Sample 14	2	1	13	95870	36.96	1.79
B2	Sample 14	2	1	14	100870	36.96	1.79
B2	Sample 14	2	1	15	105870	36.96	1.79
B3	Sample 15	2	1	1	35910	36.96	1.94
B3	Sample 15	2	1	2	40870	36.96	1.94
B3	Sample 15	2	1	3	45880	36.96	1.94
B3	Sample 15	2	1	4	50890	37	1.94
B3	Sample 15	2	1	5	55870	36.96	1.94
B3	Sample 15	2	1	6	60870	36.96	1.93
B3	Sample 15	2	1	7	65880	36.96	1.93
B3	Sample 15	2	1	8	70870	37	1.93
B3	Sample 15	2	1	9	75870	36.96	1.94
B3	Sample 15	2	1	10	80870	37	1.93
B3	Sample 15	2	1	11	85860	37	1.93
B3	Sample 15	2	1	12	90880	36.96	1.93
B3	Sample 15	2	1	13	95870	36.96	1.93
B3	Sample 15	2	1	14	100870	36.96	1.92
B3	Sample 15	2	1	15	105870	36.96	1.92
B4	Sample 16	2	1	1	35910	36.96	2.05
B4	Sample 16	2	1	2	40870	36.96	2.05
B4	Sample 16	2	1	3	45880	36.96	2.04
B4	Sample 16	2	1	4	50890	37	2.04
B4	Sample 16	2	1	5	55870	36.96	2.04
B4	Sample 16	2	1	6	60870	36.96	2.05
B4	Sample 16	2	1	7	65880	36.96	2.04
B4	Sample 16	2	1	8	70870	37	2.04
B4	Sample 16	2	1	9	75870	36.96	2.04
B4	Sample 16	2	1	10	80870	37	2.04
B4	Sample 16	2	1	11	85860	37	2.04
B4	Sample 16	2	1	12	90880	36.96	2.03
B4	Sample 16	2	1	13	95870	36.96	2.03
B4	Sample 16	2	1	14	100870	36.96	2.03
B4	Sample 16	2	1	15	105870	36.96	2.03
B5	Sample 17	2	1	1	35910	36.96	1.03
B5	Sample 17	2	1	2	40870	36.96	1.03
B5	Sample 17	2	1	3	45880	36.96	1.02
B5	Sample 17	2	1	4	50890	37	1.02
B5	Sample 17	2	1	5	55870	36.96	1.02
B5	Sample 17	2	1	6	60870	36.96	1.01
B5	Sample 17	2	1	7	65880	36.96	1.02
B5	Sample 17	2	1	8	70870	37	1.02
B5	Sample 17	2	1	9	75870	36.96	1.01
B5	Sample 17	2	1	10	80870	37	1.03
B5	Sample 17	2	1	11	85860	37	1.02
B5	Sample 17	2	1	12	90880	36.96	1.01
B5	Sample 17	2	1	13	95870	36.96	1.01
B5	Sample 17	2	1	14	100870	36.96	1.01
B5	Sample 17	2	1	15	105870	36.96	1.01
B6	Sample 18	2	1	1	35910	36.96	1.02
B6	Sample 18	2	1	2	40870	36.96	1.02
B6	Sample 18	2	1	3	45880	36.96	1.02
B6	Sample 18	2	1	4	50890	37	1.02
B6	Sample 18	2	1	5	55870	36.96	1.02
B6	Sample 18	2	1	6	60870	36.96	1.01
B6	Sample 18	2	1	7	65880	36.96	1.01
B6	Sample 18	2	1	8	70870	37	1.02
B6	Sample 18	2	1	9	75870	36.96	1.01
B6	Sample 18	2	1	10	80870	37	1.01
B6	Sample 18	2	1	11	85860	37	1
B6	Sample 18	2	1	12	90880	36.96	1.01
B6	Sample 18	2	1	13	95870	36.96	1
B6	Sample 18	2	1	14	100870	36.96	1.01
B6	Sample 18	2	1	15	105870	36.96	1
B7	Sample 19	2	1	1	35910	36.96	1.08
B7	Sample 19	2	1	2	40870	36.96	1.07
B7	Sample 19	2	1	3	45880	36.96	1.07
B7	Sample 19	2	1	4	50890	37	1.06
B7	Sample 19	2	1	5	55870	36.96	1.06
B7	Sample 19	2	1	6	60870	36.96	1.05
B7	Sample 19	2	1	7	65880	36.96	1.06
B7	Sample 19	2	1	8	70870	37	1.05
B7	Sample 19	2	1	9	75870	36.96	1.06
B7	Sample 19	2	1	10	80870	37	1.06
B7	Sample 19	2	1	11	85860	37	1.05
B7	Sample 19	2	1	12	90880	36.96	1.05
B7	Sample 19	2	1	13	95870	36.96	1.04
B7	Sample 19	2	1	14	100870	36.96	1.05
B7	Sample 19	2	1	15	105870	36.96	1.04
B8	Sample 20	2	1	1	35910	36.96	1.02
B8	Sample 20	2	1	2	40870	36.96	1.01
B8	Sample 20	2	1	3	45880	36.96	1.01
B8	Sample 20	2	1	4	50890	37	1.02
B8	Sample 20	2	1	5	55870	36.96	1.02
B8	Sample 20	2	1	6	60870	36.96	1.01
B8	Sample 20	2	1	7	65880	36.96	1.01
B8	Sample 20	2	1	8	70870	37	1.01
B8	Sample 20	2	1	9	75870	36.96	1.02
B8	Sample 20	2	1	10	80870	37	1.02
B8	Sample 20	2	1	11	85860	37	1.01
B8	Sample 20	2	1	12	90880	36.96	1.01
B8	Sample 20	2	1	13	95870	36.96	1.01
B8	Sample 20	2	1	14	100870	36.96	1.01
B8	Sample 20	2	1	15	105870	36.96	1
B9	Sample 21	2	1	1	35910	36.96	1.15
B9	Sample 21	2	1	2	40870	36.96	1.14
B9	Sample 21	2	1	3	45880	36.96	1.14
B9	Sample 21	2	1	4	50890	37	1.14
B9	Sample 21	2	1	5	55870	36.96	1.14
B9	Sample 21	2	1	6	60870	36.96	1.15
B9	Sample 21	2	1	7	65880	36.96	1.14
B9	Sample 21	2	1	8	70870	37	1.14
B9	Sample 21	2	1	9	75870	36.96	1.14
B9	Sample 21	2	1	10	80870	37	1.14
B9	Sample 21	2	1	11	85860	37	1.13
B9	Sample 21	2	1	12	90880	36.96	1.13
B9	Sample 21	2	1	13	95870	36.96	1.13
B9	Sample 21	2	1	14	100870	36.96	1.13
B9	Sample 21	2	1	15	105870	36.96	1.13
B10	Sample 22	2	1	1	35910	36.96	1.23
B10	Sample 22	2	1	2	40870	36.96	1.22
B10	Sample 22	2	1	3	45880	36.96	1.21
B10	Sample 22	2	1	4	50890	37	1.21
B10	Sample 22	2	1	5	55870	36.96	1.22
B10	Sample 22	2	1	6	60870	36.96	1.21
B10	Sample 22	2	1	7	65880	36.96	1.22
B10	Sample 22	2	1	8	70870	37	1.22
B10	Sample 22	2	1	9	75870	36.96	1.21
B10	Sample 22	2	1	10	80870	37	1.21
B10	Sample 22	2	1	11	85860	37	1.21
B10	Sample 22	2	1	12	90880	36.96	1.2
B10	Sample 22	2	1	13	95870	36.96	1.21
B10	Sample 22	2	1	14	100870	36.96	1.2
B10	Sample 22	2	1	15	105870	36.96	1.2
B11	Sample 23	2	1	1	35910	36.96	1.21
B11	Sample 23	2	1	2	40870	36.96	1.21
B11	Sample 23	2	1	3	45880	36.96	1.2
B11	Sample 23	2	1	4	50890	37	1.19
B11	Sample 23	2	1	5	55870	36.96	1.2
B11	Sample 23	2	1	6	60870	36.96	1.19
B11	Sample 23	2	1	7	65880	36.96	1.2
B11	Sample 23	2	1	8	70870	37	1.2
B11	Sample 23	2	1	9	75870	36.96	1.2
B11	Sample 23	2	1	10	80870	37	1.19
B11	Sample 23	2	1	11	85860	37	1.2
B11	Sample 23	2	1	12	90880	36.96	1.2
B11	Sample 23	2	1	13	95870	36.96	1.19
B11	Sample 23	2	1	14	100870	36.96	1.2
B11	Sample 23	2	1	15	105870	36.96	1.19
B12	Sample 24	2	1	1	35910	36.96	1.11
B12	Sample 24	2	1	2	40870	36.96	1.11
B12	Sample 24	2	1	3	45880	36.96	1.1
B12	Sample 24	2	1	4	50890	37	1.11
B12	Sample 24	2	1	5	55870	36.96	1.1
B12	Sample 24	2	1	6	60870	36.96	1.09
B12	Sample 24	2	1	7	65880	36.96	1.11
B12	Sample 24	2	1	8	70870	37	1.11
B12	Sample 24	2	1	9	75870	36.96	1.11
B12	Sample 24	2	1	10	80870	37	1.1
B12	Sample 24	2	1	11	85860	37	1.1
B12	Sample 24	2	1	12	90880	36.96	1.1
B12	Sample 24	2	1	13	95870	36.96	1.1
B12	Sample 24	2	1	14	100870	36.96	1.1
B12	Sample 24	2	1	15	105870	36.96	1.1
C1	Sample 25	2	1	1	35910	36.96	1.8
C1	Sample 25	2	1	2	40870	36.96	1.8
C1	Sample 25	2	1	3	45880	36.96	1.79
C1	Sample 25	2	1	4	50890	37	1.8
C1	Sample 25	2	1	5	55870	36.96	1.8
C1	Sample 25	2	1	6	60870	36.96	1.79
C1	Sample 25	2	1	7	65880	36.96	1.8
C1	Sample 25	2	1	8	70870	37	1.79
C1	Sample 25	2	1	9	75870	36.96	1.79
C1	Sample 25	2	1	10	80870	37	1.79
C1	Sample 25	2	1	11	85860	37	1.8
C1	Sample 25	2	1	12	90880	36.96	1.79
C1	Sample 25	2	1	13	95870	36.96	1.79
C1	Sample 25	2	1	14	100870	36.96	1.79
C1	Sample 25	2	1	15	105870	36.96	1.78
C2	Sample 26	2	1	1	35910	36.96	1.81
C2	Sample 26	2	1	2	40870	36.96	1.81
C2	Sample 26	2	1	3	45880	36.96	1.81
C2	Sample 26	2	1	4	50890	37	1.81
C2	Sample 26	2	1	5	55870	36.96	1.82
C2	Sample 26	2	1	6	60870	36.96	1.81
C2	Sample 26	2	1	7	65880	36.96	1.8
C2	Sample 26	2	1	8	70870	37	1.8
C2	Sample 26	2	1	9	75870	36.96	1.81
C2	Sample 26	2	1	10	80870	37	1.81
C2	Sample 26	2	1	11	85860	37	1.81
C2	Sample 26	2	1	12	90880	36.96	1.8
C2	Sample 26	2	1	13	95870	36.96	1.8
C2	Sample 26	2	1	14	100870	36.96	1.8
C2	Sample 26	2	1	15	105870	36.96	1.8
C3	Sample 27	2	1	1	35910	36.96	1.93
C3	Sample 27	2	1	2	40870	36.96	1.92
C3	Sample 27	2	1	3	45880	36.96	1.92
C3	Sample 27	2	1	4	50890	37	1.92
C3	Sample 27	2	1	5	55870	36.96	1.92
C3	Sample 27	2	1	6	60870	36.96	1.93
C3	Sample 27	2	1	7	65880	36.96	1.92
C3	Sample 27	2	1	8	70870	37	1.92
C3	Sample 27	2	1	9	75870	36.96	1.92
C3	Sample 27	2	1	10	80870	37	1.91
C3	Sample 27	2	1	11	85860	37	1.91
C3	Sample 27	2	1	12	90880	36.96	1.91
C3	Sample 27	2	1	13	95870	36.96	1.9
C3	Sample 27	2	1	14	100870	36.96	1.91
C3	Sample 27	2	1	15	105870	36.96	1.9
C4	Sample 28	2	1	1	35910	36.96	2.08
C4	Sample 28	2	1	2	40870	36.96	2.06
C4	Sample 28	2	1	3	45880	36.96	2.07
C4	Sample 28	2	1	4	50890	37	2.06
C4	Sample 28	2	1	5	55870	36.96	2.06
C4	Sample 28	2	1	6	60870	36.96	2.06
C4	Sample 28	2	1	7	65880	36.96	2.06
C4	Sample 28	2	1	8	70870	37	2.06
C4	Sample 28	2	1	9	75870	36.96	2.06
C4	Sample 28	2	1	10	80870	37	2.06
C4	Sample 28	2	1	11	85860	37	2.06
C4	Sample 28	2	1	12	90880	36.96	2.05
C4	Sample 28	2	1	13	95870	36.96	2.05
C4	Sample 28	2	1	14	100870	36.96	2.05
C4	Sample 28	2	1	15	105870	36.96	2.05
C5	Sample 29	2	1	1	35910	36.96	1
C5	Sample 29	2	1	2	40870	36.96	0.99
C5	Sample 29	2	1	3	45880	36.96	0.98
C5	Sample 29	2	1	4	50890	37	0.99
C5	Sample 29	2	1	5	55870	36.96	0.99
C5	Sample 29	2	1	6	60870	36.96	0.99
C5	Sample 29	2	1	7	65880	36.96	0.99
C5	Sample 29	2	1	8	70870	37	0.99
C5	Sample 29	2	1	9	75870	36.96	0.99
C5	Sample 29	2	1	10	80870	37	0.99
C5	Sample 29	2	1	11	85860	37	0.99
C5	Sample 29	2	1	12	90880	36.96	0.99
C5	Sample 29	2	1	13	95870	36.96	0.99
C5	Sample 29	2	1	14	100870	36.96	0.99
C5	Sample 29	2	1	15	105870	36.96	0.99
C6	Sample 30	2	1	1	35910	36.96	1.05
C6	Sample 30	2	1	2	40870	36.96	1.04
C6	Sample 30	2	1	3	45880	36.96	1.04
C6	Sample 30	2	1	4	50890	37	1.04
C6	Sample 30	2	1	5	55870	36.96	1.04
C6	Sample 30	2	1	6	60870	36.96	1.03
C6	Sample 30	2	1	7	65880	36.96	1.04
C6	Sample 30	2	1	8	70870	37	1.04
C6	Sample 30	2	1	9	75870	36.96	1.03
C6	Sample 30	2	1	10	80870	37	1.04
C6	Sample 30	2	1	11	85860	37	1.03
C6	Sample 30	2	1	12	90880	36.96	1.02
C6	Sample 30	2	1	13	95870	36.96	1.03
C6	Sample 30	2	1	14	100870	36.96	1.02
C6	Sample 30	2	1	15	105870	36.96	1.02
C7	Sample 31	2	1	1	35910	36.96	1.03
C7	Sample 31	2	1	2	40870	36.96	1.04
C7	Sample 31	2	1	3	45880	36.96	1.02
C7	Sample 31	2	1	4	50890	37	1.03
C7	Sample 31	2	1	5	55870	36.96	1.03
C7	Sample 31	2	1	6	60870	36.96	1.02
C7	Sample 31	2	1	7	65880	36.96	1.03
C7	Sample 31	2	1	8	70870	37	1.02
C7	Sample 31	2	1	9	75870	36.96	1.02
C7	Sample 31	2	1	10	80870	37	1.02
C7	Sample 31	2	1	11	85860	37	1.02
C7	Sample 31	2	1	12	90880	36.96	1.01
C7	Sample 31	2	1	13	95870	36.96	1.02
C7	Sample 31	2	1	14	100870	36.96	1.01
C7	Sample 31	2	1	15	105870	36.96	1.02
C8	Sample 32	2	1	1	35910	36.96	1
C8	Sample 32	2	1	2	40870	36.96	1
C8	Sample 32	2	1	3	45880	36.96	1
C8	Sample 32	2	1	4	50890	37	1
C8	Sample 32	2	1	5	55870	36.96	1
C8	Sample 32	2	1	6	60870	36.96	1
C8	Sample 32	2	1	7	65880	36.96	1
C8	Sample 32	2	1	8	70870	37	1
C8	Sample 32	2	1	9	75870	36.96	1
C8	Sample 32	2	1	10	80870	37	1
C8	Sample 32	2	1	11	85860	37	1
C8	Sample 32	2	1	12	90880	36.96	1
C8	Sample 32	2	1	13	95870	36.96	1
C8	Sample 32	2	1	14	100870	36.96	1
C8	Sample 32	2	1	15	105870	36.96	1
C9	Sample 33	2	1	1	35910	36.96	1.15
C9	Sample 33	2	1	2	40870	36.96	1.15
C9	Sample 33	2	1	3	45880	36.96	1.14
C9	Sample 33	2	1	4	50890	37	1.15
C9	Sample 33	2	1	5	55870	36.96	1.14
C9	Sample 33	2	1	6	60870	36.96	1.14
C9	Sample 33	2	1	7	65880	36.96	1.14
C9	Sample 33	2	1	8	70870	37	1.14
C9	Sample 33	2	1	9	75870	36.96	1.14
C9	Sample 33	2	1	10	80870	37	1.14
C9	Sample 33	2	1	11	85860	37	1.14
C9	Sample 33	2	1	12	90880	36.96	1.13
C9	Sample 33	2	1	13	95870	36.96	1.13
C9	Sample 33	2	1	14	100870	36.96	1.14
C9	Sample 33	2	1	15	105870	36.96	1.14
C10	Sample 34	2	1	1	35910	36.96	1.21
C10	Sample 34	2	1	2	40870	36.96	1.2
C10	Sample 34	2	1	3	45880	36.96	1.2
C10	Sample 34	2	1	4	50890	37	1.19
C10	Sample 34	2	1	5	55870	36.96	1.19
C10	Sample 34	2	1	6	60870	36.96	1.19
C10	Sample 34	2	1	7	65880	36.96	1.19
C10	Sample 34	2	1	8	70870	37	1.19
C10	Sample 34	2	1	9	75870	36.96	1.19
C10	Sample 34	2	1	10	80870	37	1.19
C10	Sample 34	2	1	11	85860	37	1.2
C10	Sample 34	2	1	12	90880	36.96	1.18
C10	Sample 34	2	1	13	95870	36.96	1.19
C10	Sample 34	2	1	14	100870	36.96	1.18
C10	Sample 34	2	1	15	105870	36.96	1.18
C11	Sample 35	2	1	1	35910	36.96	1.16
C11	Sample 35	2	1	2	40870	36.96	1.15
C11	Sample 35	2	1	3	45880	36.96	1.15
C11	Sample 35	2	1	4	50890	37	1.16
C11	Sample 35	2	1	5	55870	36.96	1.16
C11	Sample 35	2	1	6	60870	36.96	1.16
C11	Sample 35	2	1	7	65880	36.96	1.15
C11	Sample 35	2	1	8	70870	37	1.15
C11	Sample 35	2	1	9	75870	36.96	1.15
C11	Sample 35	2	1	10	80870	37	1.15
C11	Sample 35	2	1	11	85860	37	1.15
C11	Sample 35	2	1	12	90880	36.96	1.15
C11	Sample 35	2	1	13	95870	36.96	1.15
C11	Sample 35	2	1	14	100870	36.96	1.15
C11	Sample 35	2	1	15	105870	36.96	1.15
C12	Sample 36	2	1	1	35910	36.96	1.11
C12	Sample 36	2	1	2	40870	36.96	1.1
C12	Sample 36	2	1	3	45880	36.96	1.1
C12	Sample 36	2	1	4	50890	37	1.11
C12	Sample 36	2	1	5	55870	36.96	1.09
C12	Sample 36	2	1	6	60870	36.96	1.1
C12	Sample 36	2	1	7	65880	36.96	1.1
C12	Sample 36	2	1	8	70870	37	1.1
C12	Sample 36	2	1	9	75870	36.96	1.1
C12	Sample 36	2	1	10	80870	37	1.1
C12	Sample 36	2	1	11	85860	37	1.1
C12	Sample 36	2	1	12	90880	36.96	1.1
C12	Sample 36	2	1	13	95870	36.96	1.1
C12	Sample 36	2	1	14	100870	36.96	1.1
C12	Sample 36	2	1	15	105870	36.96	1.09
D1	Sample 37	2	1	1	35910	36.96	1.89
D1	Sample 37	2	1	2	40870	36.96	1.88
D1	Sample 37	2	1	3	45880	36.96	1.87
D1	Sample 37	2	1	4	50890	37	1.88
D1	Sample 37	2	1	5	55870	36.96	1.88
D1	Sample 37	2	1	6	60870	36.96	1.88
D1	Sample 37	2	1	7	65880	36.96	1.89
D1	Sample 37	2	1	8	70870	37	1.88
D1	Sample 37	2	1	9	75870	36.96	1.88
D1	Sample 37	2	1	10	80870	37	1.87
D1	Sample 37	2	1	11	85860	37	1.88
D1	Sample 37	2	1	12	90880	36.96	1.87
D1	Sample 37	2	1	13	95870	36.96	1.88
D1	Sample 37	2	1	14	100870	36.96	1.86
D1	Sample 37	2	1	15	105870	36.96	1.87
D2	Sample 38	2	1	1	35910	36.96	1.88
D2	Sample 38	2	1	2	40870	36.96	1.88
D2	Sample 38	2	1	3	45880	36.96	1.87
D2	Sample 38	2	1	4	50890	37	1.87
D2	Sample 38	2	1	5	55870	36.96	1.88
D2	Sample 38	2	1	6	60870	36.96	1.87
D2	Sample 38	2	1	7	65880	36.96	1.87
D2	Sample 38	2	1	8	70870	37	1.87
D2	Sample 38	2	1	9	75870	36.96	1.86
D2	Sample 38	2	1	10	80870	37	1.86
D2	Sample 38	2	1	11	85860	37	1.86
D2	Sample 38	2	1	12	90880	36.96	1.86
D2	Sample 38	2	1	13	95870	36.96	1.87
D2	Sample 38	2	1	14	100870	36.96	1.86
D2	Sample 38	2	1	15	105870	36.96	1.86
D3	Sample 39	2	1	1	35910	36.96	1.99
D3	Sample 39	2	1	2	40870	36.96	1.98
D3	Sample 39	2	1	3	45880	36.96	1.97
D3	Sample 39	2	1	4	50890	37	1.98
D3	Sample 39	2	1	5	55870	36.96	1.98
D3	Sample 39	2	1	6	60870	36.96	1.97
D3	Sample 39	2	1	7	65880	36.96	1.97
D3	Sample 39	2	1	8	70870	37	1.98
D3	Sample 39	2	1	9	75870	36.96	1.97
D3	Sample 39	2	1	10	80870	37	1.96
D3	Sample 39	2	1	11	85860	37	1.97
D3	Sample 39	2	1	12	90880	36.96	1.96
D3	Sample 39	2	1	13	95870	36.96	1.94
D3	Sample 39	2	1	14	100870	36.96	1.94
D3	Sample 39	2	1	15	105870	36.96	1.94
D4	Sample 40	2	1	1	35910	36.96	2.01
D4	Sample 40	2	1	2	40870	36.96	2.01
D4	Sample 40	2	1	3	45880	36.96	2.01
D4	Sample 40	2	1	4	50890	37	2
D4	Sample 40	2	1	5	55870	36.96	2
D4	Sample 40	2	1	6	60870	36.96	2.01
D4	Sample 40	2	1	7	65880	36.96	2.02
D4	Sample 40	2	1	8	70870	37	2.01
D4	Sample 40	2	1	9	75870	36.96	2
D4	Sample 40	2	1	10	80870	37	2
D4	Sample 40	2	1	11	85860	37	1.99
D4	Sample 40	2	1	12	90880	36.96	1.99
D4	Sample 40	2	1	13	95870	36.96	1.99
D4	Sample 40	2	1	14	100870	36.96	1.98
D4	Sample 40	2	1	15	105870	36.96	2
D5	Sample 41	2	1	1	35910	36.96	1
D5	Sample 41	2	1	2	40870	36.96	1
D5	Sample 41	2	1	3	45880	36.96	0.99
D5	Sample 41	2	1	4	50890	37	0.99
D5	Sample 41	2	1	5	55870	36.96	0.99
D5	Sample 41	2	1	6	60870	36.96	0.99
D5	Sample 41	2	1	7	65880	36.96	0.99
D5	Sample 41	2	1	8	70870	37	0.99
D5	Sample 41	2	1	9	75870	36.96	0.99
D5	Sample 41	2	1	10	80870	37	0.99
D5	Sample 41	2	1	11	85860	37	0.99
D5	Sample 41	2	1	12	90880	36.96	0.98
D5	Sample 41	2	1	13	95870	36.96	0.98
D5	Sample 41	2	1	14	100870	36.96	0.99
D5	Sample 41	2	1	15	105870	36.96	0.99
D6	Sample 42	2	1	1	35910	36.96	1.03
D6	Sample 42	2	1	2	40870	36.96	1.02
D6	Sample 42	2	1	3	45880	36.96	1.01
D6	Sample 42	2	1	4	50890	37	1.01
D6	Sample 42	2	1	5	55870	36.96	1.01
D6	Sample 42	2	1	6	60870	36.96	1.01
D6	Sample 42	2	1	7	65880	36.96	1.01
D6	Sample 42	2	1	8	70870	37	1.02
D6	Sample 42	2	1	9	75870	36.96	1.01
D6	Sample 42	2	1	10	80870	37	1.01
D6	Sample 42	2	1	11	85860	37	1.01
D6	Sample 42	2	1	12	90880	36.96	1.01
D6	Sample 42	2	1	13	95870	36.96	1.01
D6	Sample 42	2	1	14	100870	36.96	1
D6	Sample 42	2	1	15	105870	36.96	1.01
D7	Sample 43	2	1	1	35910	36.96	1.03
D7	Sample 43	2	1	2	40870	36.96	1.03
D7	Sample 43	2	1	3	45880	36.96	1.03
D7	Sample 43	2	1	4	50890	37	1.02
D7	Sample 43	2	1	5	55870	36.96	1.03
D7	Sample 43	2	1	6	60870	36.96	1.02
D7	Sample 43	2	1	7	65880	36.96	1.02
D7	Sample 43	2	1	8	70870	37	1.02
D7	Sample 43	2	1	9	75870	36.96	1.02
D7	Sample 43	2	1	10	80870	37	1.02
D7	Sample 43	2	1	11	85860	37	1.02
D7	Sample 43	2	1	12	90880	36.96	1.02
D7	Sample 43	2	1	13	95870	36.96	1.02
D7	Sample 43	2	1	14	100870	36.96	1.02
D7	Sample 43	2	1	15	105870	36.96	1.02
D8	Sample 44	2	1	1	35910	36.96	1
D8	Sample 44	2	1	2	40870	36.96	1.01
D8	Sample 44	2	1	3	45880	36.96	1
D8	Sample 44	2	1	4	50890	37	0.99
D8	Sample 44	2	1	5	55870	36.96	1
D8	Sample 44	2	1	6	60870	36.96	1
D8	Sample 44	2	1	7	65880	36.96	0.99
D8	Sample 44	2	1	8	70870	37	1
D8	Sample 44	2	1	9	75870	36.96	0.99
D8	Sample 44	2	1	10	80870	37	0.99
D8	Sample 44	2	1	11	85860	37	0.99
D8	Sample 44	2	1	12	90880	36.96	0.99
D8	Sample 44	2	1	13	95870	36.96	0.99
D8	Sample 44	2	1	14	100870	36.96	0.99
D8	Sample 44	2	1	15	105870	36.96	0.99
D9	Sample 45	2	1	1	35910	36.96	1.19
D9	Sample 45	2	1	2	40870	36.96	1.19
D9	Sample 45	2	1	3	45880	36.96	1.19
D9	Sample 45	2	1	4	50890	37	1.19
D9	Sample 45	2	1	5	55870	36.96	1.19
D9	Sample 45	2	1	6	60870	36.96	1.18
D9	Sample 45	2	1	7	65880	36.96	1.19
D9	Sample 45	2	1	8	70870	37	1.19
D9	Sample 45	2	1	9	75870	36.96	1.19
D9	Sample 45	2	1	10	80870	37	1.18
D9	Sample 45	2	1	11	85860	37	1.19
D9	Sample 45	2	1	12	90880	36.96	1.18
D9	Sample 45	2	1	13	95870	36.96	1.18
D9	Sample 45	2	1	14	100870	36.96	1.17
D9	Sample 45	2	1	15	105870	36.96	1.18
D10	Sample 46	2	1	1	35910	36.96	1.22
D10	Sample 46	2	1	2	40870	36.96	1.22
D10	Sample 46	2	1	3	45880	36.96	1.22
D10	Sample 46	2	1	4	50890	37	1.21
D10	Sample 46	2	1	5	55870	36.96	1.22
D10	Sample 46	2	1	6	60870	36.96	1.21
D10	Sample 46	2	1	7	65880	36.96	1.22
D10	Sample 46	2	1	8	70870	37	1.22
D10	Sample 46	2	1	9	75870	36.96	1.21
D10	Sample 46	2	1	10	80870	37	1.21
D10	Sample 46	2	1	11	85860	37	1.21
D10	Sample 46	2	1	12	90880	36.96	1.21
D10	Sample 46	2	1	13	95870	36.96	1.21
D10	Sample 46	2	1	14	100870	36.96	1.21
D10	Sample 46	2	1	15	105870	36.96	1.21
D11	Sample 47	2	1	1	35910	36.96	1.16
D11	Sample 47	2	1	2	40870	36.96	1.15
D11	Sample 47	2	1	3	45880	36.96	1.15
D11	Sample 47	2	1	4	50890	37	1.15
D11	Sample 47	2	1	5	55870	36.96	1.15
D11	Sample 47	2	1	6	60870	36.96	1.14
D11	Sample 47	2	1	7	65880	36.96	1.15
D11	Sample 47	2	1	8	70870	37	1.15
D11	Sample 47	2	1	9	75870	36.96	1.14
D11	Sample 47	2	1	10	80870	37	1.14
D11	Sample 47	2	1	11	85860	37	1.15
D11	Sample 47	2	1	12	90880	36.96	1.14
D11	Sample 47	2	1	13	95870	36.96	1.14
D11	Sample 47	2	1	14	100870	36.96	1.14
D11	Sample 47	2	1	15	105870	36.96	1.14
D12	Sample 48	2	1	1	35910	36.96	1.08
D12	Sample 48	2	1	2	40870	36.96	1.08
D12	Sample 48	2	1	3	45880	36.96	1.08
D12	Sample 48	2	1	4	50890	37	1.08
D12	Sample 48	2	1	5	55870	36.96	1.08
D12	Sample 48	2	1	6	60870	36.96	1.07
D12	Sample 48	2	1	7	65880	36.96	1.08
D12	Sample 48	2	1	8	70870	37	1.08
D12	Sample 48	2	1	9	75870	36.96	1.08
D12	Sample 48	2	1	10	80870	37	1.07
D12	Sample 48	2	1	11	85860	37	1.07
D12	Sample 48	2	1	12	90880	36.96	1.07
D12	Sample 48	2	1	13	95870	36.96	1.07
D12	Sample 48	2	1	14	100870	36.96	1.07
D12	Sample 48	2	1	15	105870	36.96	1.07
E1	Sample 49	2	1	1	35910	36.96	1.91
E1	Sample 49	2	1	2	40870	36.96	1.92
E1	Sample 49	2	1	3	45880	36.96	1.91
E1	Sample 49	2	1	4	50890	37	1.91
E1	Sample 49	2	1	5	55870	36.96	1.92
E1	Sample 49	2	1	6	60870	36.96	1.91
E1	Sample 49	2	1	7	65880	36.96	1.91
E1	Sample 49	2	1	8	70870	37	1.91
E1	Sample 49	2	1	9	75870	36.96	1.9
E1	Sample 49	2	1	10	80870	37	1.89
E1	Sample 49	2	1	11	85860	37	1.89
E1	Sample 49	2	1	12	90880	36.96	1.88
E1	Sample 49	2	1	13	95870	36.96	1.88
E1	Sample 49	2	1	14	100870	36.96	1.89
E1	Sample 49	2	1	15	105870	36.96	1.88
E2	Sample 50	2	1	1	35910	36.96	1.8
E2	Sample 50	2	1	2	40870	36.96	1.8
E2	Sample 50	2	1	3	45880	36.96	1.8
E2	Sample 50	2	1	4	50890	37	1.79
E2	Sample 50	2	1	5	55870	36.96	1.8
E2	Sample 50	2	1	6	60870	36.96	1.79
E2	Sample 50	2	1	7	65880	36.96	1.8
E2	Sample 50	2	1	8	70870	37	1.79
E2	Sample 50	2	1	9	75870	36.96	1.79
E2	Sample 50	2	1	10	80870	37	1.79
E2	Sample 50	2	1	11	85860	37	1.79
E2	Sample 50	2	1	12	90880	36.96	1.79
E2	Sample 50	2	1	13	95870	36.96	1.79
E2	Sample 50	2	1	14	100870	36.96	1.78
E2	Sample 50	2	1	15	105870	36.96	1.78
E3	Sample 51	2	1	1	35910	36.96	2.33
E3	Sample 51	2	1	2	40870	36.96	2.32
E3	Sample 51	2	1	3	45880	36.96	2.32
E3	Sample 51	2	1	4	50890	37	2.32
E3	Sample 51	2	1	5	55870	36.96	2.32
E3	Sample 51	2	1	6	60870	36.96	2.31
E3	Sample 51	2	1	7	65880	36.96	2.32
E3	Sample 51	2	1	8	70870	37	2.32
E3	Sample 51	2	1	9	75870	36.96	2.31
E3	Sample 51	2	1	10	80870	37	2.31
E3	Sample 51	2	1	11	85860	37	2.31
E3	Sample 51	2	1	12	90880	36.96	2.3
E3	Sample 51	2	1	13	95870	36.96	2.31
E3	Sample 51	2	1	14	100870	36.96	2.3
E3	Sample 51	2	1	15	105870	36.96	2.27
E4	Sample 52	2	1	1	35910	36.96	2.43
E4	Sample 52	2	1	2	40870	36.96	2.43
E4	Sample 52	2	1	3	45880	36.96	2.42
E4	Sample 52	2	1	4	50890	37	2.41
E4	Sample 52	2	1	5	55870	36.96	2.42
E4	Sample 52	2	1	6	60870	36.96	2.42
E4	Sample 52	2	1	7	65880	36.96	2.42
E4	Sample 52	2	1	8	70870	37	2.42
E4	Sample 52	2	1	9	75870	36.96	2.41
E4	Sample 52	2	1	10	80870	37	2.42
E4	Sample 52	2	1	11	85860	37	2.41
E4	Sample 52	2	1	12	90880	36.96	2.41
E4	Sample 52	2	1	13	95870	36.96	2.41
E4	Sample 52	2	1	14	100870	36.96	2.41
E4	Sample 52	2	1	15	105870	36.96	2.4
E5	Sample 53	2	1	1	35910	36.96	1.02
E5	Sample 53	2	1	2	40870	36.96	1.03
E5	Sample 53	2	1	3	45880	36.96	1.01
E5	Sample 53	2	1	4	50890	37	1.01
E5	Sample 53	2	1	5	55870	36.96	1.02
E5	Sample 53	2	1	6	60870	36.96	1.01
E5	Sample 53	2	1	7	65880	36.96	1.02
E5	Sample 53	2	1	8	70870	37	1.01
E5	Sample 53	2	1	9	75870	36.96	1.01
E5	Sample 53	2	1	10	80870	37	1.01
E5	Sample 53	2	1	11	85860	37	1.01
E5	Sample 53	2	1	12	90880	36.96	1
E5	Sample 53	2	1	13	95870	36.96	1.01
E5	Sample 53	2	1	14	100870	36.96	1
E5	Sample 53	2	1	15	105870	36.96	1
E6	Sample 54	2	1	1	35910	36.96	1
E6	Sample 54	2	1	2	40870	36.96	0.99
E6	Sample 54	2	1	3	45880	36.96	0.99
E6	Sample 54	2	1	4	50890	37	0.99
E6	Sample 54	2	1	5	55870	36.96	0.99
E6	Sample 54	2	1	6	60870	36.96	0.98
E6	Sample 54	2	1	7	65880	36.96	0.99
E6	Sample 54	2	1	8	70870	37	0.98
E6	Sample 54	2	1	9	75870	36.96	0.98
E6	Sample 54	2	1	10	80870	37	0.99
E6	Sample 54	2	1	11	85860	37	0.99
E6	Sample 54	2	1	12	90880	36.96	0.98
E6	Sample 54	2	1	13	95870	36.96	0.98
E6	Sample 54	2	1	14	100870	36.96	0.98
E6	Sample 54	2	1	15	105870	36.96	0.98
E7	Sample 55	2	1	1	35910	36.96	0.98
E7	Sample 55	2	1	2	40870	36.96	0.98
E7	Sample 55	2	1	3	45880	36.96	0.98
E7	Sample 55	2	1	4	50890	37	0.98
E7	Sample 55	2	1	5	55870	36.96	0.98
E7	Sample 55	2	1	6	60870	36.96	0.98
E7	Sample 55	2	1	7	65880	36.96	0.98
E7	Sample 55	2	1	8	70870	37	0.97
E7	Sample 55	2	1	9	75870	36.96	0.97
E7	Sample 55	2	1	10	80870	37	0.97
E7	Sample 55	2	1	11	85860	37	0.98
E7	Sample 55	2	1	12	90880	36.96	0.97
E7	Sample 55	2	1	13	95870	36.96	0.97
E7	Sample 55	2	1	14	100870	36.96	0.97
E7	Sample 55	2	1	15	105870	36.96	0.97
E8	Sample 56	2	1	1	35910	36.96	0.97
E8	Sample 56	2	1	2	40870	36.96	0.97
E8	Sample 56	2	1	3	45880	36.96	0.96
E8	Sample 56	2	1	4	50890	37	0.96
E8	Sample 56	2	1	5	55870	36.96	0.96
E8	Sample 56	2	1	6	60870	36.96	0.95
E8	Sample 56	2	1	7	65880	36.96	0.96
E8	Sample 56	2	1	8	70870	37	0.96
E8	Sample 56	2	1	9	75870	36.96	0.97
E8	Sample 56	2	1	10	80870	37	0.97
E8	Sample 56	2	1	11	85860	37	0.97
E8	Sample 56	2	1	12	90880	36.96	0.95
E8	Sample 56	2	1	13	95870	36.96	0.95
E8	Sample 56	2	1	14	100870	36.96	0.95
E8	Sample 56	2	1	15	105870	36.96	0.95
E9	Sample 57	2	1	1	35910	36.96	1.12
E9	Sample 57	2	1	2	40870	36.96	1.12
E9	Sample 57	2	1	3	45880	36.96	1.12
E9	Sample 57	2	1	4	50890	37	1.12
E9	Sample 57	2	1	5	55870	36.96	1.12
E9	Sample 57	2	1	6	60870	36.96	1.11
E9	Sample 57	2	1	7	65880	36.96	1.12
E9	Sample 57	2	1	8	70870	37	1.12
E9	Sample 57	2	1	9	75870	36.96	1.12
E9	Sample 57	2	1	10	80870	37	1.12
E9	Sample 57	2	1	11	85860	37	1.12
E9	Sample 57	2	1	12	90880	36.96	1.11
E9	Sample 57	2	1	13	95870	36.96	1.12
E9	Sample 57	2	1	14	100870	36.96	1.12
E9	Sample 57	2	1	15	105870	36.96	1.12
E10	Sample 58	2	1	1	35910	36.96	1.2
E10	Sample 58	2	1	2	40870	36.96	1.19
E10	Sample 58	2	1	3	45880	36.96	1.19
E10	Sample 58	2	1	4	50890	37	1.19
E10	Sample 58	2	1	5	55870	36.96	1.19
E10	Sample 58	2	1	6	60870	36.96	1.19
E10	Sample 58	2	1	7	65880	36.96	1.19
E10	Sample 58	2	1	8	70870	37	1.19
E10	Sample 58	2	1	9	75870	36.96	1.19
E10	Sample 58	2	1	10	80870	37	1.18
E10	Sample 58	2	1	11	85860	37	1.19
E10	Sample 58	2	1	12	90880	36.96	1.18
E10	Sample 58	2	1	13	95870	36.96	1.19
E10	Sample 58	2	1	14	100870	36.96	1.18
E10	Sample 58	2	1	15	105870	36.96	1.18
E11	Sample 59	2	1	1	35910	36.96	1.12
E11	Sample 59	2	1	2	40870	36.96	1.11
E11	Sample 59	2	1	3	45880	36.96	1.11
E11	Sample 59	2	1	4	50890	37	1.11
E11	Sample 59	2	1	5	55870	36.96	1.11
E11	Sample 59	2	1	6	60870	36.96	1.1
E11	Sample 59	2	1	7	65880	36.96	1.11
E11	Sample 59	2	1	8	70870	37	1.1
E11	Sample 59	2	1	9	75870	36.96	1.1
E11	Sample 59	2	1	10	80870	37	1.1
E11	Sample 59	2	1	11	85860	37	1.11
E11	Sample 59	2	1	12	90880	36.96	1.11
E11	Sample 59	2	1	13	95870	36.96	1.11
E11	Sample 59	2	1	14	100870	36.96	1.1
E11	Sample 59	2	1	15	105870	36.96	1.1
E12	Sample 60	2	1	1	35910	36.96	1.08
E12	Sample 60	2	1	2	40870	36.96	1.07
E12	Sample 60	2	1	3	45880	36.96	1.07
E12	Sample 60	2	1	4	50890	37	1.08
E12	Sample 60	2	1	5	55870	36.96	1.08
E12	Sample 60	2	1	6	60870	36.96	1.06
E12	Sample 60	2	1	7	65880	36.96	1.07
E12	Sample 60	2	1	8	70870	37	1.06
E12	Sample 60	2	1	9	75870	36.96	1.06
E12	Sample 60	2	1	10	80870	37	1.06
E12	Sample 60	2	1	11	85860	37	1.06
E12	Sample 60	2	1	12	90880	36.96	1.06
E12	Sample 60	2	1	13	95870	36.96	1.06
E12	Sample 60	2	1	14	100870	36.96	1.05
E12	Sample 60	2	1	15	105870	36.96	1.05
F1	Sample 61	2	1	1	35910	36.96	1.83
F1	Sample 61	2	1	2	40870	36.96	1.83
F1	Sample 61	2	1	3	45880	36.96	1.82
F1	Sample 61	2	1	4	50890	37	1.82
F1	Sample 61	2	1	5	55870	36.96	1.82
F1	Sample 61	2	1	6	60870	36.96	1.81
F1	Sample 61	2	1	7	65880	36.96	1.82
F1	Sample 61	2	1	8	70870	37	1.82
F1	Sample 61	2	1	9	75870	36.96	1.82
F1	Sample 61	2	1	10	80870	37	1.82
F1	Sample 61	2	1	11	85860	37	1.82
F1	Sample 61	2	1	12	90880	36.96	1.82
F1	Sample 61	2	1	13	95870	36.96	1.82
F1	Sample 61	2	1	14	100870	36.96	1.82
F1	Sample 61	2	1	15	105870	36.96	1.81
F2	Sample 62	2	1	1	35910	36.96	1.91
F2	Sample 62	2	1	2	40870	36.96	1.9
F2	Sample 62	2	1	3	45880	36.96	1.9
F2	Sample 62	2	1	4	50890	37	1.9
F2	Sample 62	2	1	5	55870	36.96	1.9
F2	Sample 62	2	1	6	60870	36.96	1.9
F2	Sample 62	2	1	7	65880	36.96	1.9
F2	Sample 62	2	1	8	70870	37	1.9
F2	Sample 62	2	1	9	75870	36.96	1.9
F2	Sample 62	2	1	10	80870	37	1.9
F2	Sample 62	2	1	11	85860	37	1.9
F2	Sample 62	2	1	12	90880	36.96	1.89
F2	Sample 62	2	1	13	95870	36.96	1.89
F2	Sample 62	2	1	14	100870	36.96	1.89
F2	Sample 62	2	1	15	105870	36.96	1.88
F3	Sample 63	2	1	1	35910	36.96	2.57
F3	Sample 63	2	1	2	40870	36.96	2.56
F3	Sample 63	2	1	3	45880	36.96	2.56
F3	Sample 63	2	1	4	50890	37	2.56
F3	Sample 63	2	1	5	55870	36.96	2.56
F3	Sample 63	2	1	6	60870	36.96	2.55
F3	Sample 63	2	1	7	65880	36.96	2.55
F3	Sample 63	2	1	8	70870	37	2.55
F3	Sample 63	2	1	9	75870	36.96	2.54
F3	Sample 63	2	1	10	80870	37	2.56
F3	Sample 63	2	1	11	85860	37	2.55
F3	Sample 63	2	1	12	90880	36.96	2.53
F3	Sample 63	2	1	13	95870	36.96	2.52
F3	Sample 63	2	1	14	100870	36.96	2.5
F3	Sample 63	2	1	15	105870	36.96	2.51
F4	Sample 64	2	1	1	35910	36.96	2.79
F4	Sample 64	2	1	2	40870	36.96	2.78
F4	Sample 64	2	1	3	45880	36.96	2.77
F4	Sample 64	2	1	4	50890	37	2.76
F4	Sample 64	2	1	5	55870	36.96	2.76
F4	Sample 64	2	1	6	60870	36.96	2.77
F4	Sample 64	2	1	7	65880	36.96	2.76
F4	Sample 64	2	1	8	70870	37	2.76
F4	Sample 64	2	1	9	75870	36.96	2.76
F4	Sample 64	2	1	10	80870	37	2.76
F4	Sample 64	2	1	11	85860	37	2.76
F4	Sample 64	2	1	12	90880	36.96	2.75
F4	Sample 64	2	1	13	95870	36.96	2.75
F4	Sample 64	2	1	14	100870	36.96	2.74
F4	Sample 64	2	1	15	105870	36.96	2.75
F5	Sample 65	2	1	1	35910	36.96	0.97
F5	Sample 65	2	1	2	40870	36.96	0.97
F5	Sample 65	2	1	3	45880	36.96	0.97
F5	Sample 65	2	1	4	50890	37	0.96
F5	Sample 65	2	1	5	55870	36.96	0.96
F5	Sample 65	2	1	6	60870	36.96	0.95
F5	Sample 65	2	1	7	65880	36.96	0.96
F5	Sample 65	2	1	8	70870	37	0.96
F5	Sample 65	2	1	9	75870	36.96	0.96
F5	Sample 65	2	1	10	80870	37	0.96
F5	Sample 65	2	1	11	85860	37	0.96
F5	Sample 65	2	1	12	90880	36.96	0.95
F5	Sample 65	2	1	13	95870	36.96	0.96
F5	Sample 65	2	1	14	100870	36.96	0.95
F5	Sample 65	2	1	15	105870	36.96	0.94
F6	Sample 66	2	1	1	35910	36.96	1
F6	Sample 66	2	1	2	40870	36.96	1
F6	Sample 66	2	1	3	45880	36.96	0.99
F6	Sample 66	2	1	4	50890	37	1
F6	Sample 66	2	1	5	55870	36.96	0.99
F6	Sample 66	2	1	6	60870	36.96	0.99
F6	Sample 66	2	1	7	65880	36.96	0.99
F6	Sample 66	2	1	8	70870	37	1
F6	Sample 66	2	1	9	75870	36.96	1
F6	Sample 66	2	1	10	80870	37	0.99
F6	Sample 66	2	1	11	85860	37	1
F6	Sample 66	2	1	12	90880	36.96	0.99
F6	Sample 66	2	1	13	95870	36.96	0.98
F6	Sample 66	2	1	14	100870	36.96	0.99
F6	Sample 66	2	1	15	105870	36.96	0.98
F7	Sample 67	2	1	1	35910	36.96	1
F7	Sample 67	2	1	2	40870	36.96	1
F7	Sample 67	2	1	3	45880	36.96	0.99
F7	Sample 67	2	1	4	50890	37	0.99
F7	Sample 67	2	1	5	55870	36.96	0.99
F7	Sample 67	2	1	6	60870	36.96	0.99
F7	Sample 67	2	1	7	65880	36.96	0.99
F7	Sample 67	2	1	8	70870	37	0.99
F7	Sample 67	2	1	9	75870	36.96	1
F7	Sample 67	2	1	10	80870	37	0.99
F7	Sample 67	2	1	11	85860	37	0.99
F7	Sample 67	2	1	12	90880	36.96	0.98
F7	Sample 67	2	1	13	95870	36.96	0.99
F7	Sample 67	2	1	14	100870	36.96	0.99
F7	Sample 67	2	1	15	105870	36.96	0.99
F8	Sample 68	2	1	1	35910	36.96	1
F8	Sample 68	2	1	2	40870	36.96	1
F8	Sample 68	2	1	3	45880	36.96	1
F8	Sample 68	2	1	4	50890	37	1
F8	Sample 68	2	1	5	55870	36.96	1
F8	Sample 68	2	1	6	60870	36.96	0.99
F8	Sample 68	2	1	7	65880	36.96	1
F8	Sample 68	2	1	8	70870	37	1
F8	Sample 68	2	1	9	75870	36.96	1
F8	Sample 68	2	1	10	80870	37	1
F8	Sample 68	2	1	11	85860	37	1
F8	Sample 68	2	1	12	90880	36.96	0.99
F8	Sample 68	2	1	13	95870	36.96	0.99
F8	Sample 68	2	1	14	100870	36.96	0.99
F8	Sample 68	2	1	15	105870	36.96	0.99
F9	Sample 69	2	1	1	35910	36.96	1.3
F9	Sample 69	2	1	2	40870	36.96	1.29
F9	Sample 69	2	1	3	45880	36.96	1.29
F9	Sample 69	2	1	4	50890	37	1.29
F9	Sample 69	2	1	5	55870	36.96	1.29
F9	Sample 69	2	1	6	60870	36.96	1.28
F9	Sample 69	2	1	7	65880	36.96	1.29
F9	Sample 69	2	1	8	70870	37	1.29
F9	Sample 69	2	1	9	75870	36.96	1.29
F9	Sample 69	2	1	10	80870	37	1.28
F9	Sample 69	2	1	11	85860	37	1.29
F9	Sample 69	2	1	12	90880	36.96	1.28
F9	Sample 69	2	1	13	95870	36.96	1.28
F9	Sample 69	2	1	14	100870	36.96	1.28
F9	Sample 69	2	1	15	105870	36.96	1.27
F10	Sample 70	2	1	1	35910	36.96	1.28
F10	Sample 70	2	1	2	40870	36.96	1.28
F10	Sample 70	2	1	3	45880	36.96	1.27
F10	Sample 70	2	1	4	50890	37	1.27
F10	Sample 70	2	1	5	55870	36.96	1.27
F10	Sample 70	2	1	6	60870	36.96	1.27
F10	Sample 70	2	1	7	65880	36.96	1.27
F10	Sample 70	2	1	8	70870	37	1.27
F10	Sample 70	2	1	9	75870	36.96	1.27
F10	Sample 70	2	1	10	80870	37	1.27
F10	Sample 70	2	1	11	85860	37	1.27
F10	Sample 70	2	1	12	90880	36.96	1.27
F10	Sample 70	2	1	13	95870	36.96	1.27
F10	Sample 70	2	1	14	100870	36.96	1.26
F10	Sample 70	2	1	15	105870	36.96	1.26
F11	Sample 71	2	1	1	35910	36.96	1.33
F11	Sample 71	2	1	2	40870	36.96	1.32
F11	Sample 71	2	1	3	45880	36.96	1.32
F11	Sample 71	2	1	4	50890	37	1.32
F11	Sample 71	2	1	5	55870	36.96	1.32
F11	Sample 71	2	1	6	60870	36.96	1.31
F11	Sample 71	2	1	7	65880	36.96	1.31
F11	Sample 71	2	1	8	70870	37	1.32
F11	Sample 71	2	1	9	75870	36.96	1.32
F11	Sample 71	2	1	10	80870	37	1.32
F11	Sample 71	2	1	11	85860	37	1.32
F11	Sample 71	2	1	12	90880	36.96	1.31
F11	Sample 71	2	1	13	95870	36.96	1.31
F11	Sample 71	2	1	14	100870	36.96	1.31
F11	Sample 71	2	1	15	105870	36.96	1.31
F12	Sample 72	2	1	1	35910	36.96	1.23
F12	Sample 72	2	1	2	40870	36.96	1.23
F12	Sample 72	2	1	3	45880	36.96	1.22
F12	Sample 72	2	1	4	50890	37	1.22
F12	Sample 72	2	1	5	55870	36.96	1.22
F12	Sample 72	2	1	6	60870	36.96	1.22
F12	Sample 72	2	1	7	65880	36.96	1.22
F12	Sample 72	2	1	8	70870	37	1.23
F12	Sample 72	2	1	9	75870	36.96	1.23
F12	Sample 72	2	1	10	80870	37	1.22
F12	Sample 72	2	1	11	85860	37	1.22
F12	Sample 72	2	1	12	90880	36.96	1.22
F12	Sample 72	2	1	13	95870	36.96	1.22
F12	Sample 72	2	1	14	100870	36.96	1.22
F12	Sample 72	2	1	15	105870	36.96	1.22
G1	Sample 73	2	1	1	35910	36.96	1.97
G1	Sample 73	2	1	2	40870	36.96	1.95
G1	Sample 73	2	1	3	45880	36.96	1.96
G1	Sample 73	2	1	4	50890	37	1.96
G1	Sample 73	2	1	5	55870	36.96	1.96
G1	Sample 73	2	1	6	60870	36.96	1.95
G1	Sample 73	2	1	7	65880	36.96	1.96
G1	Sample 73	2	1	8	70870	37	1.96
G1	Sample 73	2	1	9	75870	36.96	1.95
G1	Sample 73	2	1	10	80870	37	1.95
G1	Sample 73	2	1	11	85860	37	1.93
G1	Sample 73	2	1	12	90880	36.96	1.93
G1	Sample 73	2	1	13	95870	36.96	1.93
G1	Sample 73	2	1	14	100870	36.96	1.93
G1	Sample 73	2	1	15	105870	36.96	1.92
G2	Sample 74	2	1	1	35910	36.96	2.06
G2	Sample 74	2	1	2	40870	36.96	2.06
G2	Sample 74	2	1	3	45880	36.96	2.05
G2	Sample 74	2	1	4	50890	37	2.06
G2	Sample 74	2	1	5	55870	36.96	2.05
G2	Sample 74	2	1	6	60870	36.96	2.05
G2	Sample 74	2	1	7	65880	36.96	2.05
G2	Sample 74	2	1	8	70870	37	2.05
G2	Sample 74	2	1	9	75870	36.96	2.05
G2	Sample 74	2	1	10	80870	37	2.03
G2	Sample 74	2	1	11	85860	37	2.04
G2	Sample 74	2	1	12	90880	36.96	2.04
G2	Sample 74	2	1	13	95870	36.96	2.04
G2	Sample 74	2	1	14	100870	36.96	2.03
G2	Sample 74	2	1	15	105870	36.96	2.04
G3	Sample 75	2	1	1	35910	36.96	2.78
G3	Sample 75	2	1	2	40870	36.96	2.77
G3	Sample 75	2	1	3	45880	36.96	2.78
G3	Sample 75	2	1	4	50890	37	2.77
G3	Sample 75	2	1	5	55870	36.96	2.77
G3	Sample 75	2	1	6	60870	36.96	2.73
G3	Sample 75	2	1	7	65880	36.96	2.73
G3	Sample 75	2	1	8	70870	37	2.74
G3	Sample 75	2	1	9	75870	36.96	2.74
G3	Sample 75	2	1	10	80870	37	2.73
G3	Sample 75	2	1	11	85860	37	2.73
G3	Sample 75	2	1	12	90880	36.96	2.73
G3	Sample 75	2	1	13	95870	36.96	2.72
G3	Sample 75	2	1	14	100870	36.96	2.72
G3	Sample 75	2	1	15	105870	36.96	2.72
G4	Sample 76	2	1	1	35910	36.96	2.92
G4	Sample 76	2	1	2	40870	36.96	2.92
G4	Sample 76	2	1	3	45880	36.96	2.91
G4	Sample 76	2	1	4	50890	37	2.91
G4	Sample 76	2	1	5	55870	36.96	2.9
G4	Sample 76	2	1	6	60870	36.96	2.9
G4	Sample 76	2	1	7	65880	36.96	2.91
G4	Sample 76	2	1	8	70870	37	2.9
G4	Sample 76	2	1	9	75870	36.96	2.92
G4	Sample 76	2	1	10	80870	37	2.9
G4	Sample 76	2	1	11	85860	37	2.91
G4	Sample 76	2	1	12	90880	36.96	2.9
G4	Sample 76	2	1	13	95870	36.96	2.9
G4	Sample 76	2	1	14	100870	36.96	2.89
G4	Sample 76	2	1	15	105870	36.96	2.89
G5	Sample 77	2	1	1	35910	36.96	0.99
G5	Sample 77	2	1	2	40870	36.96	0.99
G5	Sample 77	2	1	3	45880	36.96	0.98
G5	Sample 77	2	1	4	50890	37	0.98
G5	Sample 77	2	1	5	55870	36.96	0.98
G5	Sample 77	2	1	6	60870	36.96	0.98
G5	Sample 77	2	1	7	65880	36.96	0.99
G5	Sample 77	2	1	8	70870	37	0.99
G5	Sample 77	2	1	9	75870	36.96	0.98
G5	Sample 77	2	1	10	80870	37	0.98
G5	Sample 77	2	1	11	85860	37	0.98
G5	Sample 77	2	1	12	90880	36.96	0.98
G5	Sample 77	2	1	13	95870	36.96	0.97
G5	Sample 77	2	1	14	100870	36.96	0.98
G5	Sample 77	2	1	15	105870	36.96	0.97
G6	Sample 78	2	1	1	35910	36.96	0.97
G6	Sample 78	2	1	2	40870	36.96	0.97
G6	Sample 78	2	1	3	45880	36.96	0.96
G6	Sample 78	2	1	4	50890	37	0.97
G6	Sample 78	2	1	5	55870	36.96	0.97
G6	Sample 78	2	1	6	60870	36.96	0.96
G6	Sample 78	2	1	7	65880	36.96	0.96
G6	Sample 78	2	1	8	70870	37	0.96
G6	Sample 78	2	1	9	75870	36.96	0.96
G6	Sample 78	2	1	10	80870	37	0.96
G6	Sample 78	2	1	11	85860	37	0.96
G6	Sample 78	2	1	12	90880	36.96	0.96
G6	Sample 78	2	1	13	95870	36.96	0.96
G6	Sample 78	2	1	14	100870	36.96	0.95
G6	Sample 78	2	1	15	105870	36.96	0.96
G7	Sample 79	2	1	1	35910	36.96	0.98
G7	Sample 79	2	1	2	40870	36.96	0.98
G7	Sample 79	2	1	3	45880	36.96	0.98
G7	Sample 79	2	1	4	50890	37	0.98
G7	Sample 79	2	1	5	55870	36.96	0.98
G7	Sample 79	2	1	6	60870	36.96	0.98
G7	Sample 79	2	1	7	65880	36.96	0.98
G7	Sample 79	2	1	8	70870	37	0.98
G7	Sample 79	2	1	9	75870	36.96	0.98
G7	Sample 79	2	1	10	80870	37	0.97
G7	Sample 79	2	1	11	85860	37	0.98
G7	Sample 79	2	1	12	90880	36.96	0.97
G7	Sample 79	2	1	13	95870	36.96	0.97
G7	Sample 79	2	1	14	100870	36.96	0.97
G7	Sample 79	2	1	15	105870	36.96	0.96
G8	Sample 80	2	1	1	35910	36.96	0.99
G8	Sample 80	2	1	2	40870	36.96	0.99
G8	Sample 80	2	1	3	45880	36.96	0.99
G8	Sample 80	2	1	4	50890	37	0.99
G8	Sample 80	2	1	5	55870	36.96	0.99
G8	Sample 80	2	1	6	60870	36.96	0.98
G8	Sample 80	2	1	7	65880	36.96	0.99
G8	Sample 80	2	1	8	70870	37	0.99
G8	Sample 80	2	1	9	75870	36.96	0.98
G8	Sample 80	2	1	10	80870	37	0.98
G8	Sample 80	2	1	11	85860	37	0.99
G8	Sample 80	2	1	12	90880	36.96	0.99
G8	Sample 80	2	1	13	95870	36.96	0.98
G8	Sample 80	2	1	14	100870	36.96	0.98
G8	Sample 80	2	1	15	105870	36.96	0.98
G9	Sample 81	2	1	1	35910	36.96	1.45
G9	Sample 81	2	1	2	40870	36.96	1.44
G9	Sample 81	2	1	3	45880	36.96	1.43
G9	Sample 81	2	1	4	50890	37	1.44
G9	Sample 81	2	1	5	55870	36.96	1.44
G9	Sample 81	2	1	6	60870	36.96	1.44
G9	Sample 81	2	1	7	65880	36.96	1.44
G9	Sample 81	2	1	8	70870	37	1.43
G9	Sample 81	2	1	9	75870	36.96	1.43
G9	Sample 81	2	1	10	80870	37	1.43
G9	Sample 81	2	1	11	85860	37	1.44
G9	Sample 81	2	1	12	90880	36.96	1.44
G9	Sample 81	2	1	13	95870	36.96	1.42
G9	Sample 81	2	1	14	100870	36.96	1.42
G9	Sample 81	2	1	15	105870	36.96	1.43
G10	Sample 82	2	1	1	35910	36.96	1.54
G10	Sample 82	2	1	2	40870	36.96	1.54
G10	Sample 82	2	1	3	45880	36.96	1.54
G10	Sample 82	2	1	4	50890	37	1.53
G10	Sample 82	2	1	5	55870	36.96	1.53
G10	Sample 82	2	1	6	60870	36.96	1.53
G10	Sample 82	2	1	7	65880	36.96	1.54
G10	Sample 82	2	1	8	70870	37	1.52
G10	Sample 82	2	1	9	75870	36.96	1.51
G10	Sample 82	2	1	10	80870	37	1.51
G10	Sample 82	2	1	11	85860	37	1.52
G10	Sample 82	2	1	12	90880	36.96	1.51
G10	Sample 82	2	1	13	95870	36.96	1.51
G10	Sample 82	2	1	14	100870	36.96	1.51
G10	Sample 82	2	1	15	105870	36.96	1.5
G11	Sample 83	2	1	1	35910	36.96	1.83
G11	Sample 83	2	1	2	40870	36.96	1.82
G11	Sample 83	2	1	3	45880	36.96	1.82
G11	Sample 83	2	1	4	50890	37	1.82
G11	Sample 83	2	1	5	55870	36.96	1.82
G11	Sample 83	2	1	6	60870	36.96	1.82
G11	Sample 83	2	1	7	65880	36.96	1.81
G11	Sample 83	2	1	8	70870	37	1.83
G11	Sample 83	2	1	9	75870	36.96	1.82
G11	Sample 83	2	1	10	80870	37	1.81
G11	Sample 83	2	1	11	85860	37	1.81
G11	Sample 83	2	1	12	90880	36.96	1.81
G11	Sample 83	2	1	13	95870	36.96	1.82
G11	Sample 83	2	1	14	100870	36.96	1.81
G11	Sample 83	2	1	15	105870	36.96	1.81
G12	Sample 84	2	1	1	35910	36.96	1.62
G12	Sample 84	2	1	2	40870	36.96	1.62
G12	Sample 84	2	1	3	45880	36.96	1.62
G12	Sample 84	2	1	4	50890	37	1.61
G12	Sample 84	2	1	5	55870	36.96	1.61
G12	Sample 84	2	1	6	60870	36.96	1.62
G12	Sample 84	2	1	7	65880	36.96	1.62
G12	Sample 84	2	1	8	70870	37	1.61
G12	Sample 84	2	1	9	75870	36.96	1.62
G12	Sample 84	2	1	10	80870	37	1.61
G12	Sample 84	2	1	11	85860	37	1.62
G12	Sample 84	2	1	12	90880	36.96	1.61
G12	Sample 84	2	1	13	95870	36.96	1.61
G12	Sample 84	2	1	14	100870	36.96	1.61
G12	Sample 84	2	1	15	105870	36.96	1.6
H1	Sample 85	2	1	1	35910	36.96	2.81
H1	Sample 85	2	1	2	40870	36.96	2.81
H1	Sample 85	2	1	3	45880	36.96	2.82
H1	Sample 85	2	1	4	50890	37	2.81
H1	Sample 85	2	1	5	55870	36.96	2.81
H1	Sample 85	2	1	6	60870	36.96	2.8
H1	Sample 85	2	1	7	65880	36.96	2.81
H1	Sample 85	2	1	8	70870	37	2.82
H1	Sample 85	2	1	9	75870	36.96	2.81
H1	Sample 85	2	1	10	80870	37	2.81
H1	Sample 85	2	1	11	85860	37	2.81
H1	Sample 85	2	1	12	90880	36.96	2.8
H1	Sample 85	2	1	13	95870	36.96	2.8
H1	Sample 85	2	1	14	100870	36.96	2.8
H1	Sample 85	2	1	15	105870	36.96	2.8
H2	Sample 86	2	1	1	35910	36.96	2.77
H2	Sample 86	2	1	2	40870	36.96	2.76
H2	Sample 86	2	1	3	45880	36.96	2.76
H2	Sample 86	2	1	4	50890	37	2.76
H2	Sample 86	2	1	5	55870	36.96	2.76
H2	Sample 86	2	1	6	60870	36.96	2.76
H2	Sample 86	2	1	7	65880	36.96	2.75
H2	Sample 86	2	1	8	70870	37	2.76
H2	Sample 86	2	1	9	75870	36.96	2.76
H2	Sample 86	2	1	10	80870	37	2.76
H2	Sample 86	2	1	11	85860	37	2.76
H2	Sample 86	2	1	12	90880	36.96	2.75
H2	Sample 86	2	1	13	95870	36.96	2.75
H2	Sample 86	2	1	14	100870	36.96	2.76
H2	Sample 86	2	1	15	105870	36.96	2.75
H3	Sample 87	2	1	1	35910	36.96	2.91
H3	Sample 87	2	1	2	40870	36.96	2.9
H3	Sample 87	2	1	3	45880	36.96	2.9
H3	Sample 87	2	1	4	50890	37	2.9
H3	Sample 87	2	1	5	55870	36.96	2.89
H3	Sample 87	2	1	6	60870	36.96	2.9
H3	Sample 87	2	1	7	65880	36.96	2.9
H3	Sample 87	2	1	8	70870	37	2.9
H3	Sample 87	2	1	9	75870	36.96	2.9
H3	Sample 87	2	1	10	80870	37	2.9
H3	Sample 87	2	1	11	85860	37	2.9
H3	Sample 87	2	1	12	90880	36.96	2.89
H3	Sample 87	2	1	13	95870	36.96	2.89
H3	Sample 87	2	1	14	100870	36.96	2.89
H3	Sample 87	2	1	15	105870	36.96	2.89
H4	Sample 88	2	1	1	35910	36.96	3.03
H4	Sample 88	2	1	2	40870	36.96	3.02
H4	Sample 88	2	1	3	45880	36.96	3.03
H4	Sample 88	2	1	4	50890	37	3.02
H4	Sample 88	2	1	5	55870	36.96	3.02
H4	Sample 88	2	1	6	60870	36.96	3.01
H4	Sample 88	2	1	7	65880	36.96	3.02
H4	Sample 88	2	1	8	70870	37	3.03
H4	Sample 88	2	1	9	75870	36.96	3.02
H4	Sample 88	2	1	10	80870	37	3.03
H4	Sample 88	2	1	11	85860	37	3.02
H4	Sample 88	2	1	12	90880	36.96	3.03
H4	Sample 88	2	1	13	95870	36.96	3.01
H4	Sample 88	2	1	14	100870	36.96	3.02
H4	Sample 88	2	1	15	105870	36.96	3.01
H5	Sample 89	2	1	1	35910	36.96	1.04
H5	Sample 89	2	1	2	40870	36.96	1.03
H5	Sample 89	2	1	3	45880	36.96	1.04
H5	Sample 89	2	1	4	50890	37	1.03
H5	Sample 89	2	1	5	55870	36.96	1.03
H5	Sample 89	2	1	6	60870	36.96	1.03
H5	Sample 89	2	1	7	65880	36.96	1.01
H5	Sample 89	2	1	8	70870	37	1.02
H5	Sample 89	2	1	9	75870	36.96	1.02
H5	Sample 89	2	1	10	80870	37	1.02
H5	Sample 89	2	1	11	85860	37	1.01
H5	Sample 89	2	1	12	90880	36.96	1.01
H5	Sample 89	2	1	13	95870	36.96	1.01
H5	Sample 89	2	1	14	100870	36.96	1.02
H5	Sample 89	2	1	15	105870	36.96	1
H6	Sample 90	2	1	1	35910	36.96	0.98
H6	Sample 90	2	1	2	40870	36.96	0.98
H6	Sample 90	2	1	3	45880	36.96	0.98
H6	Sample 90	2	1	4	50890	37	0.99
H6	Sample 90	2	1	5	55870	36.96	0.98
H6	Sample 90	2	1	6	60870	36.96	0.97
H6	Sample 90	2	1	7	65880	36.96	0.97
H6	Sample 90	2	1	8	70870	37	0.98
H6	Sample 90	2	1	9	75870	36.96	0.98
H6	Sample 90	2	1	10	80870	37	0.98
H6	Sample 90	2	1	11	85860	37	0.98
H6	Sample 90	2	1	12	90880	36.96	0.98
H6	Sample 90	2	1	13	95870	36.96	0.97
H6	Sample 90	2	1	14	100870	36.96	0.98
H6	Sample 90	2	1	15	105870	36.96	0.97
H7	Sample 91	2	1	1	35910	36.96	0.98
H7	Sample 91	2	1	2	40870	36.96	0.98
H7	Sample 91	2	1	3	45880	36.96	0.99
H7	Sample 91	2	1	4	50890	37	0.98
H7	Sample 91	2	1	5	55870	36.96	0.98
H7	Sample 91	2	1	6	60870	36.96	0.98
H7	Sample 91	2	1	7	65880	36.96	0.98
H7	Sample 91	2	1	8	70870	37	0.98
H7	Sample 91	2	1	9	75870	36.96	0.98
H7	Sample 91	2	1	10	80870	37	0.99
H7	Sample 91	2	1	11	85860	37	0.98
H7	Sample 91	2	1	12	90880	36.96	0.97
H7	Sample 91	2	1	13	95870	36.96	0.98
H7	Sample 91	2	1	14	100870	36.96	0.98
H7	Sample 91	2	1	15	105870	36.96	0.98
H8	Sample 92	2	1	1	35910	36.96	0.97
H8	Sample 92	2	1	2	40870	36.96	0.97
H8	Sample 92	2	1	3	45880	36.96	0.97
H8	Sample 92	2	1	4	50890	37	0.96
H8	Sample 92	2	1	5	55870	36.96	0.96
H8	Sample 92	2	1	6	60870	36.96	0.96
H8	Sample 92	2	1	7	65880	36.96	0.96
H8	Sample 92	2	1	8	70870	37	0.97
H8	Sample 92	2	1	9	75870	36.96	0.96
H8	Sample 92	2	1	10	80870	37	0.96
H8	Sample 92	2	1	11	85860	37	0.96
H8	Sample 92	2	1	12	90880	36.96	0.96
H8	Sample 92	2	1	13	95870	36.96	0.95
H8	Sample 92	2	1	14	100870	36.96	0.95
H8	Sample 92	2	1	15	105870	36.96	0.95
H9	Sample 93	2	1	1	35910	36.96	1.92
H9	Sample 93	2	1	2	40870	36.96	1.91
H9	Sample 93	2	1	3	45880	36.96	1.91
H9	Sample 93	2	1	4	50890	37	1.91
H9	Sample 93	2	1	5	55870	36.96	1.91
H9	Sample 93	2	1	6	60870	36.96	1.9
H9	Sample 93	2	1	7	65880	36.96	1.91
H9	Sample 93	2	1	8	70870	37	1.91
H9	Sample 93	2	1	9	75870	36.96	1.9
H9	Sample 93	2	1	10	80870	37	1.9
H9	Sample 93	2	1	11	85860	37	1.9
H9	Sample 93	2	1	12	90880	36.96	1.9
H9	Sample 93	2	1	13	95870	36.96	1.89
H9	Sample 93	2	1	14	100870	36.96	1.91
H9	Sample 93	2	1	15	105870	36.96	1.9
H10	Sample 94	2	1	1	35910	36.96	1.95
H10	Sample 94	2	1	2	40870	36.96	1.94
H10	Sample 94	2	1	3	45880	36.96	1.95
H10	Sample 94	2	1	4	50890	37	1.95
H10	Sample 94	2	1	5	55870	36.96	1.94
H10	Sample 94	2	1	6	60870	36.96	1.94
H10	Sample 94	2	1	7	65880	36.96	1.94
H10	Sample 94	2	1	8	70870	37	1.95
H10	Sample 94	2	1	9	75870	36.96	1.94
H10	Sample 94	2	1	10	80870	37	1.94
H10	Sample 94	2	1	11	85860	37	1.94
H10	Sample 94	2	1	12	90880	36.96	1.93
H10	Sample 94	2	1	13	95870	36.96	1.94
H10	Sample 94	2	1	14	100870	36.96	1.94
H10	Sample 94	2	1	15	105870	36.96	1.94
H11	Sample 95	2	1	1	35910	36.96	1.8
H11	Sample 95	2	1	2	40870	36.96	1.8
H11	Sample 95	2	1	3	45880	36.96	1.8
H11	Sample 95	2	1	4	50890	37	1.79
H11	Sample 95	2	1	5	55870	36.96	1.8
H11	Sample 95	2	1	6	60870	36.96	1.8
H11	Sample 95	2	1	7	65880	36.96	1.8
H11	Sample 95	2	1	8	70870	37	1.8
H11	Sample 95	2	1	9	75870	36.96	1.8
H11	Sample 95	2	1	10	80870	37	1.81
H11	Sample 95	2	1	11	85860	37	1.8
H11	Sample 95	2	1	12	90880	36.96	1.8
H11	Sample 95	2	1	13	95870	36.96	1.79
H11	Sample 95	2	1	14	100870	36.96	1.8
H11	Sample 95	2	1	15	105870	36.96	1.79
H12	Sample 96	2	1	1	35910	36.96	1.84
H12	Sample 96	2	1	2	40870	36.96	1.83
H12	Sample 96	2	1	3	45880	36.96	1.82
H12	Sample 96	2	1	4	50890	37	1.81
H12	Sample 96	2	1	5	55870	36.96	1.81
H12	Sample 96	2	1	6	60870	36.96	1.81
H12	Sample 96	2	1	7	65880	36.96	1.81
H12	Sample 96	2	1	8	70870	37	1.81
H12	Sample 96	2	1	9	75870	36.96	1.81
H12	Sample 96	2	1	10	80870	37	1.82
H12	Sample 96	2	1	11	85860	37	1.81
H12	Sample 96	2	1	12	90880	36.96	1.81
H12	Sample 96	2	1	13	95870	36.96	1.8
H12	Sample 96	2	1	14	100870	36.96	1.82
H12	Sample 96	2	1	15	105870	36.96	1.8