Raw Data 		Experiment - evIC50_7_plate4_19APRIL2026 (Run on LCS480 1.5.1.62)
SamplePos	SampleName	Prog#	Seg#	Cycle#	Time	Temp	465-510	
A1	Sample 1	2	1	1	31970	36.91	1.74
A1	Sample 1	2	1	2	36990	36.96	1.73
A1	Sample 1	2	1	3	42000	36.96	1.72
A1	Sample 1	2	1	4	47000	36.96	1.71
A1	Sample 1	2	1	5	52000	37	1.70
A1	Sample 1	2	1	6	57000	37	1.70
A1	Sample 1	2	1	7	62000	37	1.70
A1	Sample 1	2	1	8	67020	36.96	1.70
A1	Sample 1	2	1	9	72000	37	1.69
A1	Sample 1	2	1	10	76990	37	1.69
A1	Sample 1	2	1	11	81990	37	1.69
A1	Sample 1	2	1	12	87000	37	1.69
A1	Sample 1	2	1	13	92000	36.96	1.68
A1	Sample 1	2	1	14	96990	37	1.69
A1	Sample 1	2	1	15	102000	37	1.68
A2	Sample 2	2	1	1	31970	36.91	1.68
A2	Sample 2	2	1	2	36990	36.96	1.66
A2	Sample 2	2	1	3	42000	36.96	1.64
A2	Sample 2	2	1	4	47000	36.96	1.63
A2	Sample 2	2	1	5	52000	37	1.63
A2	Sample 2	2	1	6	57000	37	1.62
A2	Sample 2	2	1	7	62000	37	1.61
A2	Sample 2	2	1	8	67020	36.96	1.61
A2	Sample 2	2	1	9	72000	37	1.61
A2	Sample 2	2	1	10	76990	37	1.60
A2	Sample 2	2	1	11	81990	37	1.61
A2	Sample 2	2	1	12	87000	37	1.61
A2	Sample 2	2	1	13	92000	36.96	1.61
A2	Sample 2	2	1	14	96990	37	1.61
A2	Sample 2	2	1	15	102000	37	1.61
A3	Sample 3	2	1	1	31970	36.91	1.89
A3	Sample 3	2	1	2	36990	36.96	1.87
A3	Sample 3	2	1	3	42000	36.96	1.86
A3	Sample 3	2	1	4	47000	36.96	1.85
A3	Sample 3	2	1	5	52000	37	1.84
A3	Sample 3	2	1	6	57000	37	1.83
A3	Sample 3	2	1	7	62000	37	1.83
A3	Sample 3	2	1	8	67020	36.96	1.83
A3	Sample 3	2	1	9	72000	37	1.82
A3	Sample 3	2	1	10	76990	37	1.81
A3	Sample 3	2	1	11	81990	37	1.82
A3	Sample 3	2	1	12	87000	37	1.82
A3	Sample 3	2	1	13	92000	36.96	1.82
A3	Sample 3	2	1	14	96990	37	1.83
A3	Sample 3	2	1	15	102000	37	1.82
A4	Sample 4	2	1	1	31970	36.91	1.86
A4	Sample 4	2	1	2	36990	36.96	1.85
A4	Sample 4	2	1	3	42000	36.96	1.84
A4	Sample 4	2	1	4	47000	36.96	1.83
A4	Sample 4	2	1	5	52000	37	1.81
A4	Sample 4	2	1	6	57000	37	1.81
A4	Sample 4	2	1	7	62000	37	1.80
A4	Sample 4	2	1	8	67020	36.96	1.80
A4	Sample 4	2	1	9	72000	37	1.80
A4	Sample 4	2	1	10	76990	37	1.79
A4	Sample 4	2	1	11	81990	37	1.80
A4	Sample 4	2	1	12	87000	37	1.81
A4	Sample 4	2	1	13	92000	36.96	1.80
A4	Sample 4	2	1	14	96990	37	1.79
A4	Sample 4	2	1	15	102000	37	1.80
A5	Sample 5	2	1	1	31970	36.91	0.88
A5	Sample 5	2	1	2	36990	36.96	0.87
A5	Sample 5	2	1	3	42000	36.96	0.86
A5	Sample 5	2	1	4	47000	36.96	0.86
A5	Sample 5	2	1	5	52000	37	0.85
A5	Sample 5	2	1	6	57000	37	0.85
A5	Sample 5	2	1	7	62000	37	0.84
A5	Sample 5	2	1	8	67020	36.96	0.85
A5	Sample 5	2	1	9	72000	37	0.84
A5	Sample 5	2	1	10	76990	37	0.84
A5	Sample 5	2	1	11	81990	37	0.84
A5	Sample 5	2	1	12	87000	37	0.84
A5	Sample 5	2	1	13	92000	36.96	0.83
A5	Sample 5	2	1	14	96990	37	0.83
A5	Sample 5	2	1	15	102000	37	0.84
A6	Sample 6	2	1	1	31970	36.91	0.87
A6	Sample 6	2	1	2	36990	36.96	0.87
A6	Sample 6	2	1	3	42000	36.96	0.86
A6	Sample 6	2	1	4	47000	36.96	0.85
A6	Sample 6	2	1	5	52000	37	0.85
A6	Sample 6	2	1	6	57000	37	0.84
A6	Sample 6	2	1	7	62000	37	0.84
A6	Sample 6	2	1	8	67020	36.96	0.84
A6	Sample 6	2	1	9	72000	37	0.84
A6	Sample 6	2	1	10	76990	37	0.84
A6	Sample 6	2	1	11	81990	37	0.84
A6	Sample 6	2	1	12	87000	37	0.84
A6	Sample 6	2	1	13	92000	36.96	0.84
A6	Sample 6	2	1	14	96990	37	0.84
A6	Sample 6	2	1	15	102000	37	0.84
A7	Sample 7	2	1	1	31970	36.91	0.94
A7	Sample 7	2	1	2	36990	36.96	0.92
A7	Sample 7	2	1	3	42000	36.96	0.92
A7	Sample 7	2	1	4	47000	36.96	0.92
A7	Sample 7	2	1	5	52000	37	0.91
A7	Sample 7	2	1	6	57000	37	0.91
A7	Sample 7	2	1	7	62000	37	0.91
A7	Sample 7	2	1	8	67020	36.96	0.91
A7	Sample 7	2	1	9	72000	37	0.90
A7	Sample 7	2	1	10	76990	37	0.90
A7	Sample 7	2	1	11	81990	37	0.90
A7	Sample 7	2	1	12	87000	37	0.90
A7	Sample 7	2	1	13	92000	36.96	0.90
A7	Sample 7	2	1	14	96990	37	0.90
A7	Sample 7	2	1	15	102000	37	0.91
A8	Sample 8	2	1	1	31970	36.91	0.86
A8	Sample 8	2	1	2	36990	36.96	0.85
A8	Sample 8	2	1	3	42000	36.96	0.85
A8	Sample 8	2	1	4	47000	36.96	0.84
A8	Sample 8	2	1	5	52000	37	0.84
A8	Sample 8	2	1	6	57000	37	0.84
A8	Sample 8	2	1	7	62000	37	0.84
A8	Sample 8	2	1	8	67020	36.96	0.84
A8	Sample 8	2	1	9	72000	37	0.83
A8	Sample 8	2	1	10	76990	37	0.83
A8	Sample 8	2	1	11	81990	37	0.83
A8	Sample 8	2	1	12	87000	37	0.83
A8	Sample 8	2	1	13	92000	36.96	0.83
A8	Sample 8	2	1	14	96990	37	0.83
A8	Sample 8	2	1	15	102000	37	0.83
A9	Sample 9	2	1	1	31970	36.91	0.65
A9	Sample 9	2	1	2	36990	36.96	0.64
A9	Sample 9	2	1	3	42000	36.96	0.64
A9	Sample 9	2	1	4	47000	36.96	0.63
A9	Sample 9	2	1	5	52000	37	0.63
A9	Sample 9	2	1	6	57000	37	0.63
A9	Sample 9	2	1	7	62000	37	0.63
A9	Sample 9	2	1	8	67020	36.96	0.63
A9	Sample 9	2	1	9	72000	37	0.63
A9	Sample 9	2	1	10	76990	37	0.63
A9	Sample 9	2	1	11	81990	37	0.62
A9	Sample 9	2	1	12	87000	37	0.63
A9	Sample 9	2	1	13	92000	36.96	0.62
A9	Sample 9	2	1	14	96990	37	0.62
A9	Sample 9	2	1	15	102000	37	0.63
A10	Sample 10	2	1	1	31970	36.91	0.62
A10	Sample 10	2	1	2	36990	36.96	0.61
A10	Sample 10	2	1	3	42000	36.96	0.61
A10	Sample 10	2	1	4	47000	36.96	0.61
A10	Sample 10	2	1	5	52000	37	0.60
A10	Sample 10	2	1	6	57000	37	0.60
A10	Sample 10	2	1	7	62000	37	0.60
A10	Sample 10	2	1	8	67020	36.96	0.60
A10	Sample 10	2	1	9	72000	37	0.60
A10	Sample 10	2	1	10	76990	37	0.59
A10	Sample 10	2	1	11	81990	37	0.60
A10	Sample 10	2	1	12	87000	37	0.60
A10	Sample 10	2	1	13	92000	36.96	0.59
A10	Sample 10	2	1	14	96990	37	0.59
A10	Sample 10	2	1	15	102000	37	0.60
A11	Sample 11	2	1	1	31970	36.91	0.61
A11	Sample 11	2	1	2	36990	36.96	0.61
A11	Sample 11	2	1	3	42000	36.96	0.61
A11	Sample 11	2	1	4	47000	36.96	0.60
A11	Sample 11	2	1	5	52000	37	0.59
A11	Sample 11	2	1	6	57000	37	0.59
A11	Sample 11	2	1	7	62000	37	0.60
A11	Sample 11	2	1	8	67020	36.96	0.59
A11	Sample 11	2	1	9	72000	37	0.59
A11	Sample 11	2	1	10	76990	37	0.59
A11	Sample 11	2	1	11	81990	37	0.59
A11	Sample 11	2	1	12	87000	37	0.60
A11	Sample 11	2	1	13	92000	36.96	0.59
A11	Sample 11	2	1	14	96990	37	0.59
A11	Sample 11	2	1	15	102000	37	0.59
A12	Sample 12	2	1	1	31970	36.91	0.55
A12	Sample 12	2	1	2	36990	36.96	0.55
A12	Sample 12	2	1	3	42000	36.96	0.54
A12	Sample 12	2	1	4	47000	36.96	0.54
A12	Sample 12	2	1	5	52000	37	0.53
A12	Sample 12	2	1	6	57000	37	0.54
A12	Sample 12	2	1	7	62000	37	0.53
A12	Sample 12	2	1	8	67020	36.96	0.53
A12	Sample 12	2	1	9	72000	37	0.53
A12	Sample 12	2	1	10	76990	37	0.53
A12	Sample 12	2	1	11	81990	37	0.53
A12	Sample 12	2	1	12	87000	37	0.53
A12	Sample 12	2	1	13	92000	36.96	0.53
A12	Sample 12	2	1	14	96990	37	0.53
A12	Sample 12	2	1	15	102000	37	0.53
B1	Sample 13	2	1	1	31970	36.91	1.66
B1	Sample 13	2	1	2	36990	36.96	1.65
B1	Sample 13	2	1	3	42000	36.96	1.63
B1	Sample 13	2	1	4	47000	36.96	1.62
B1	Sample 13	2	1	5	52000	37	1.62
B1	Sample 13	2	1	6	57000	37	1.61
B1	Sample 13	2	1	7	62000	37	1.61
B1	Sample 13	2	1	8	67020	36.96	1.59
B1	Sample 13	2	1	9	72000	37	1.60
B1	Sample 13	2	1	10	76990	37	1.59
B1	Sample 13	2	1	11	81990	37	1.59
B1	Sample 13	2	1	12	87000	37	1.59
B1	Sample 13	2	1	13	92000	36.96	1.59
B1	Sample 13	2	1	14	96990	37	1.59
B1	Sample 13	2	1	15	102000	37	1.59
B2	Sample 14	2	1	1	31970	36.91	1.66
B2	Sample 14	2	1	2	36990	36.96	1.64
B2	Sample 14	2	1	3	42000	36.96	1.63
B2	Sample 14	2	1	4	47000	36.96	1.61
B2	Sample 14	2	1	5	52000	37	1.60
B2	Sample 14	2	1	6	57000	37	1.59
B2	Sample 14	2	1	7	62000	37	1.59
B2	Sample 14	2	1	8	67020	36.96	1.59
B2	Sample 14	2	1	9	72000	37	1.59
B2	Sample 14	2	1	10	76990	37	1.59
B2	Sample 14	2	1	11	81990	37	1.58
B2	Sample 14	2	1	12	87000	37	1.58
B2	Sample 14	2	1	13	92000	36.96	1.58
B2	Sample 14	2	1	14	96990	37	1.59
B2	Sample 14	2	1	15	102000	37	1.59
B3	Sample 15	2	1	1	31970	36.91	1.84
B3	Sample 15	2	1	2	36990	36.96	1.82
B3	Sample 15	2	1	3	42000	36.96	1.80
B3	Sample 15	2	1	4	47000	36.96	1.79
B3	Sample 15	2	1	5	52000	37	1.78
B3	Sample 15	2	1	6	57000	37	1.78
B3	Sample 15	2	1	7	62000	37	1.77
B3	Sample 15	2	1	8	67020	36.96	1.76
B3	Sample 15	2	1	9	72000	37	1.76
B3	Sample 15	2	1	10	76990	37	1.76
B3	Sample 15	2	1	11	81990	37	1.76
B3	Sample 15	2	1	12	87000	37	1.76
B3	Sample 15	2	1	13	92000	36.96	1.77
B3	Sample 15	2	1	14	96990	37	1.76
B3	Sample 15	2	1	15	102000	37	1.76
B4	Sample 16	2	1	1	31970	36.91	1.77
B4	Sample 16	2	1	2	36990	36.96	1.76
B4	Sample 16	2	1	3	42000	36.96	1.75
B4	Sample 16	2	1	4	47000	36.96	1.73
B4	Sample 16	2	1	5	52000	37	1.72
B4	Sample 16	2	1	6	57000	37	1.71
B4	Sample 16	2	1	7	62000	37	1.72
B4	Sample 16	2	1	8	67020	36.96	1.71
B4	Sample 16	2	1	9	72000	37	1.70
B4	Sample 16	2	1	10	76990	37	1.70
B4	Sample 16	2	1	11	81990	37	1.69
B4	Sample 16	2	1	12	87000	37	1.70
B4	Sample 16	2	1	13	92000	36.96	1.69
B4	Sample 16	2	1	14	96990	37	1.69
B4	Sample 16	2	1	15	102000	37	1.69
B5	Sample 17	2	1	1	31970	36.91	0.86
B5	Sample 17	2	1	2	36990	36.96	0.85
B5	Sample 17	2	1	3	42000	36.96	0.84
B5	Sample 17	2	1	4	47000	36.96	0.83
B5	Sample 17	2	1	5	52000	37	0.82
B5	Sample 17	2	1	6	57000	37	0.82
B5	Sample 17	2	1	7	62000	37	0.82
B5	Sample 17	2	1	8	67020	36.96	0.82
B5	Sample 17	2	1	9	72000	37	0.82
B5	Sample 17	2	1	10	76990	37	0.81
B5	Sample 17	2	1	11	81990	37	0.81
B5	Sample 17	2	1	12	87000	37	0.82
B5	Sample 17	2	1	13	92000	36.96	0.81
B5	Sample 17	2	1	14	96990	37	0.81
B5	Sample 17	2	1	15	102000	37	0.82
B6	Sample 18	2	1	1	31970	36.91	0.85
B6	Sample 18	2	1	2	36990	36.96	0.85
B6	Sample 18	2	1	3	42000	36.96	0.84
B6	Sample 18	2	1	4	47000	36.96	0.82
B6	Sample 18	2	1	5	52000	37	0.82
B6	Sample 18	2	1	6	57000	37	0.82
B6	Sample 18	2	1	7	62000	37	0.82
B6	Sample 18	2	1	8	67020	36.96	0.81
B6	Sample 18	2	1	9	72000	37	0.81
B6	Sample 18	2	1	10	76990	37	0.81
B6	Sample 18	2	1	11	81990	37	0.81
B6	Sample 18	2	1	12	87000	37	0.81
B6	Sample 18	2	1	13	92000	36.96	0.80
B6	Sample 18	2	1	14	96990	37	0.81
B6	Sample 18	2	1	15	102000	37	0.81
B7	Sample 19	2	1	1	31970	36.91	0.93
B7	Sample 19	2	1	2	36990	36.96	0.92
B7	Sample 19	2	1	3	42000	36.96	0.92
B7	Sample 19	2	1	4	47000	36.96	0.90
B7	Sample 19	2	1	5	52000	37	0.89
B7	Sample 19	2	1	6	57000	37	0.90
B7	Sample 19	2	1	7	62000	37	0.89
B7	Sample 19	2	1	8	67020	36.96	0.89
B7	Sample 19	2	1	9	72000	37	0.90
B7	Sample 19	2	1	10	76990	37	0.88
B7	Sample 19	2	1	11	81990	37	0.89
B7	Sample 19	2	1	12	87000	37	0.89
B7	Sample 19	2	1	13	92000	36.96	0.89
B7	Sample 19	2	1	14	96990	37	0.89
B7	Sample 19	2	1	15	102000	37	0.89
B8	Sample 20	2	1	1	31970	36.91	0.88
B8	Sample 20	2	1	2	36990	36.96	0.87
B8	Sample 20	2	1	3	42000	36.96	0.87
B8	Sample 20	2	1	4	47000	36.96	0.86
B8	Sample 20	2	1	5	52000	37	0.85
B8	Sample 20	2	1	6	57000	37	0.85
B8	Sample 20	2	1	7	62000	37	0.85
B8	Sample 20	2	1	8	67020	36.96	0.85
B8	Sample 20	2	1	9	72000	37	0.85
B8	Sample 20	2	1	10	76990	37	0.85
B8	Sample 20	2	1	11	81990	37	0.84
B8	Sample 20	2	1	12	87000	37	0.85
B8	Sample 20	2	1	13	92000	36.96	0.85
B8	Sample 20	2	1	14	96990	37	0.84
B8	Sample 20	2	1	15	102000	37	0.84
B9	Sample 21	2	1	1	31970	36.91	0.57
B9	Sample 21	2	1	2	36990	36.96	0.57
B9	Sample 21	2	1	3	42000	36.96	0.57
B9	Sample 21	2	1	4	47000	36.96	0.56
B9	Sample 21	2	1	5	52000	37	0.55
B9	Sample 21	2	1	6	57000	37	0.55
B9	Sample 21	2	1	7	62000	37	0.55
B9	Sample 21	2	1	8	67020	36.96	0.55
B9	Sample 21	2	1	9	72000	37	0.55
B9	Sample 21	2	1	10	76990	37	0.55
B9	Sample 21	2	1	11	81990	37	0.55
B9	Sample 21	2	1	12	87000	37	0.55
B9	Sample 21	2	1	13	92000	36.96	0.55
B9	Sample 21	2	1	14	96990	37	0.54
B9	Sample 21	2	1	15	102000	37	0.55
B10	Sample 22	2	1	1	31970	36.91	0.57
B10	Sample 22	2	1	2	36990	36.96	0.56
B10	Sample 22	2	1	3	42000	36.96	0.56
B10	Sample 22	2	1	4	47000	36.96	0.55
B10	Sample 22	2	1	5	52000	37	0.55
B10	Sample 22	2	1	6	57000	37	0.55
B10	Sample 22	2	1	7	62000	37	0.55
B10	Sample 22	2	1	8	67020	36.96	0.54
B10	Sample 22	2	1	9	72000	37	0.54
B10	Sample 22	2	1	10	76990	37	0.55
B10	Sample 22	2	1	11	81990	37	0.54
B10	Sample 22	2	1	12	87000	37	0.54
B10	Sample 22	2	1	13	92000	36.96	0.55
B10	Sample 22	2	1	14	96990	37	0.54
B10	Sample 22	2	1	15	102000	37	0.54
B11	Sample 23	2	1	1	31970	36.91	0.62
B11	Sample 23	2	1	2	36990	36.96	0.62
B11	Sample 23	2	1	3	42000	36.96	0.61
B11	Sample 23	2	1	4	47000	36.96	0.60
B11	Sample 23	2	1	5	52000	37	0.60
B11	Sample 23	2	1	6	57000	37	0.59
B11	Sample 23	2	1	7	62000	37	0.59
B11	Sample 23	2	1	8	67020	36.96	0.59
B11	Sample 23	2	1	9	72000	37	0.60
B11	Sample 23	2	1	10	76990	37	0.59
B11	Sample 23	2	1	11	81990	37	0.59
B11	Sample 23	2	1	12	87000	37	0.58
B11	Sample 23	2	1	13	92000	36.96	0.59
B11	Sample 23	2	1	14	96990	37	0.59
B11	Sample 23	2	1	15	102000	37	0.59
B12	Sample 24	2	1	1	31970	36.91	0.54
B12	Sample 24	2	1	2	36990	36.96	0.53
B12	Sample 24	2	1	3	42000	36.96	0.53
B12	Sample 24	2	1	4	47000	36.96	0.52
B12	Sample 24	2	1	5	52000	37	0.52
B12	Sample 24	2	1	6	57000	37	0.52
B12	Sample 24	2	1	7	62000	37	0.52
B12	Sample 24	2	1	8	67020	36.96	0.52
B12	Sample 24	2	1	9	72000	37	0.52
B12	Sample 24	2	1	10	76990	37	0.51
B12	Sample 24	2	1	11	81990	37	0.51
B12	Sample 24	2	1	12	87000	37	0.51
B12	Sample 24	2	1	13	92000	36.96	0.51
B12	Sample 24	2	1	14	96990	37	0.52
B12	Sample 24	2	1	15	102000	37	0.52
C1	Sample 25	2	1	1	31970	36.91	1.64
C1	Sample 25	2	1	2	36990	36.96	1.63
C1	Sample 25	2	1	3	42000	36.96	1.62
C1	Sample 25	2	1	4	47000	36.96	1.60
C1	Sample 25	2	1	5	52000	37	1.59
C1	Sample 25	2	1	6	57000	37	1.59
C1	Sample 25	2	1	7	62000	37	1.59
C1	Sample 25	2	1	8	67020	36.96	1.58
C1	Sample 25	2	1	9	72000	37	1.58
C1	Sample 25	2	1	10	76990	37	1.57
C1	Sample 25	2	1	11	81990	37	1.57
C1	Sample 25	2	1	12	87000	37	1.58
C1	Sample 25	2	1	13	92000	36.96	1.57
C1	Sample 25	2	1	14	96990	37	1.57
C1	Sample 25	2	1	15	102000	37	1.57
C2	Sample 26	2	1	1	31970	36.91	1.63
C2	Sample 26	2	1	2	36990	36.96	1.61
C2	Sample 26	2	1	3	42000	36.96	1.60
C2	Sample 26	2	1	4	47000	36.96	1.59
C2	Sample 26	2	1	5	52000	37	1.57
C2	Sample 26	2	1	6	57000	37	1.57
C2	Sample 26	2	1	7	62000	37	1.57
C2	Sample 26	2	1	8	67020	36.96	1.57
C2	Sample 26	2	1	9	72000	37	1.57
C2	Sample 26	2	1	10	76990	37	1.57
C2	Sample 26	2	1	11	81990	37	1.57
C2	Sample 26	2	1	12	87000	37	1.57
C2	Sample 26	2	1	13	92000	36.96	1.57
C2	Sample 26	2	1	14	96990	37	1.57
C2	Sample 26	2	1	15	102000	37	1.57
C3	Sample 27	2	1	1	31970	36.91	1.80
C3	Sample 27	2	1	2	36990	36.96	1.78
C3	Sample 27	2	1	3	42000	36.96	1.76
C3	Sample 27	2	1	4	47000	36.96	1.76
C3	Sample 27	2	1	5	52000	37	1.73
C3	Sample 27	2	1	6	57000	37	1.74
C3	Sample 27	2	1	7	62000	37	1.73
C3	Sample 27	2	1	8	67020	36.96	1.73
C3	Sample 27	2	1	9	72000	37	1.73
C3	Sample 27	2	1	10	76990	37	1.73
C3	Sample 27	2	1	11	81990	37	1.72
C3	Sample 27	2	1	12	87000	37	1.72
C3	Sample 27	2	1	13	92000	36.96	1.73
C3	Sample 27	2	1	14	96990	37	1.71
C3	Sample 27	2	1	15	102000	37	1.71
C4	Sample 28	2	1	1	31970	36.91	1.80
C4	Sample 28	2	1	2	36990	36.96	1.78
C4	Sample 28	2	1	3	42000	36.96	1.77
C4	Sample 28	2	1	4	47000	36.96	1.75
C4	Sample 28	2	1	5	52000	37	1.74
C4	Sample 28	2	1	6	57000	37	1.74
C4	Sample 28	2	1	7	62000	37	1.73
C4	Sample 28	2	1	8	67020	36.96	1.74
C4	Sample 28	2	1	9	72000	37	1.74
C4	Sample 28	2	1	10	76990	37	1.73
C4	Sample 28	2	1	11	81990	37	1.73
C4	Sample 28	2	1	12	87000	37	1.73
C4	Sample 28	2	1	13	92000	36.96	1.73
C4	Sample 28	2	1	14	96990	37	1.73
C4	Sample 28	2	1	15	102000	37	1.73
C5	Sample 29	2	1	1	31970	36.91	0.86
C5	Sample 29	2	1	2	36990	36.96	0.85
C5	Sample 29	2	1	3	42000	36.96	0.85
C5	Sample 29	2	1	4	47000	36.96	0.84
C5	Sample 29	2	1	5	52000	37	0.83
C5	Sample 29	2	1	6	57000	37	0.83
C5	Sample 29	2	1	7	62000	37	0.83
C5	Sample 29	2	1	8	67020	36.96	0.82
C5	Sample 29	2	1	9	72000	37	0.82
C5	Sample 29	2	1	10	76990	37	0.82
C5	Sample 29	2	1	11	81990	37	0.82
C5	Sample 29	2	1	12	87000	37	0.82
C5	Sample 29	2	1	13	92000	36.96	0.82
C5	Sample 29	2	1	14	96990	37	0.82
C5	Sample 29	2	1	15	102000	37	0.82
C6	Sample 30	2	1	1	31970	36.91	0.91
C6	Sample 30	2	1	2	36990	36.96	0.90
C6	Sample 30	2	1	3	42000	36.96	0.89
C6	Sample 30	2	1	4	47000	36.96	0.89
C6	Sample 30	2	1	5	52000	37	0.88
C6	Sample 30	2	1	6	57000	37	0.88
C6	Sample 30	2	1	7	62000	37	0.88
C6	Sample 30	2	1	8	67020	36.96	0.88
C6	Sample 30	2	1	9	72000	37	0.87
C6	Sample 30	2	1	10	76990	37	0.87
C6	Sample 30	2	1	11	81990	37	0.87
C6	Sample 30	2	1	12	87000	37	0.87
C6	Sample 30	2	1	13	92000	36.96	0.87
C6	Sample 30	2	1	14	96990	37	0.87
C6	Sample 30	2	1	15	102000	37	0.87
C7	Sample 31	2	1	1	31970	36.91	0.93
C7	Sample 31	2	1	2	36990	36.96	0.92
C7	Sample 31	2	1	3	42000	36.96	0.91
C7	Sample 31	2	1	4	47000	36.96	0.91
C7	Sample 31	2	1	5	52000	37	0.90
C7	Sample 31	2	1	6	57000	37	0.90
C7	Sample 31	2	1	7	62000	37	0.89
C7	Sample 31	2	1	8	67020	36.96	0.89
C7	Sample 31	2	1	9	72000	37	0.90
C7	Sample 31	2	1	10	76990	37	0.90
C7	Sample 31	2	1	11	81990	37	0.89
C7	Sample 31	2	1	12	87000	37	0.89
C7	Sample 31	2	1	13	92000	36.96	0.89
C7	Sample 31	2	1	14	96990	37	0.89
C7	Sample 31	2	1	15	102000	37	0.90
C8	Sample 32	2	1	1	31970	36.91	0.84
C8	Sample 32	2	1	2	36990	36.96	0.83
C8	Sample 32	2	1	3	42000	36.96	0.83
C8	Sample 32	2	1	4	47000	36.96	0.82
C8	Sample 32	2	1	5	52000	37	0.81
C8	Sample 32	2	1	6	57000	37	0.81
C8	Sample 32	2	1	7	62000	37	0.81
C8	Sample 32	2	1	8	67020	36.96	0.81
C8	Sample 32	2	1	9	72000	37	0.80
C8	Sample 32	2	1	10	76990	37	0.80
C8	Sample 32	2	1	11	81990	37	0.80
C8	Sample 32	2	1	12	87000	37	0.80
C8	Sample 32	2	1	13	92000	36.96	0.80
C8	Sample 32	2	1	14	96990	37	0.80
C8	Sample 32	2	1	15	102000	37	0.80
C9	Sample 33	2	1	1	31970	36.91	0.58
C9	Sample 33	2	1	2	36990	36.96	0.58
C9	Sample 33	2	1	3	42000	36.96	0.57
C9	Sample 33	2	1	4	47000	36.96	0.57
C9	Sample 33	2	1	5	52000	37	0.56
C9	Sample 33	2	1	6	57000	37	0.56
C9	Sample 33	2	1	7	62000	37	0.55
C9	Sample 33	2	1	8	67020	36.96	0.55
C9	Sample 33	2	1	9	72000	37	0.56
C9	Sample 33	2	1	10	76990	37	0.56
C9	Sample 33	2	1	11	81990	37	0.56
C9	Sample 33	2	1	12	87000	37	0.55
C9	Sample 33	2	1	13	92000	36.96	0.55
C9	Sample 33	2	1	14	96990	37	0.55
C9	Sample 33	2	1	15	102000	37	0.55
C10	Sample 34	2	1	1	31970	36.91	0.55
C10	Sample 34	2	1	2	36990	36.96	0.54
C10	Sample 34	2	1	3	42000	36.96	0.54
C10	Sample 34	2	1	4	47000	36.96	0.54
C10	Sample 34	2	1	5	52000	37	0.53
C10	Sample 34	2	1	6	57000	37	0.54
C10	Sample 34	2	1	7	62000	37	0.53
C10	Sample 34	2	1	8	67020	36.96	0.53
C10	Sample 34	2	1	9	72000	37	0.53
C10	Sample 34	2	1	10	76990	37	0.53
C10	Sample 34	2	1	11	81990	37	0.53
C10	Sample 34	2	1	12	87000	37	0.52
C10	Sample 34	2	1	13	92000	36.96	0.53
C10	Sample 34	2	1	14	96990	37	0.53
C10	Sample 34	2	1	15	102000	37	0.53
C11	Sample 35	2	1	1	31970	36.91	0.58
C11	Sample 35	2	1	2	36990	36.96	0.57
C11	Sample 35	2	1	3	42000	36.96	0.57
C11	Sample 35	2	1	4	47000	36.96	0.57
C11	Sample 35	2	1	5	52000	37	0.56
C11	Sample 35	2	1	6	57000	37	0.56
C11	Sample 35	2	1	7	62000	37	0.56
C11	Sample 35	2	1	8	67020	36.96	0.56
C11	Sample 35	2	1	9	72000	37	0.56
C11	Sample 35	2	1	10	76990	37	0.56
C11	Sample 35	2	1	11	81990	37	0.56
C11	Sample 35	2	1	12	87000	37	0.56
C11	Sample 35	2	1	13	92000	36.96	0.55
C11	Sample 35	2	1	14	96990	37	0.55
C11	Sample 35	2	1	15	102000	37	0.56
C12	Sample 36	2	1	1	31970	36.91	0.55
C12	Sample 36	2	1	2	36990	36.96	0.55
C12	Sample 36	2	1	3	42000	36.96	0.54
C12	Sample 36	2	1	4	47000	36.96	0.54
C12	Sample 36	2	1	5	52000	37	0.54
C12	Sample 36	2	1	6	57000	37	0.55
C12	Sample 36	2	1	7	62000	37	0.54
C12	Sample 36	2	1	8	67020	36.96	0.54
C12	Sample 36	2	1	9	72000	37	0.54
C12	Sample 36	2	1	10	76990	37	0.54
C12	Sample 36	2	1	11	81990	37	0.54
C12	Sample 36	2	1	12	87000	37	0.53
C12	Sample 36	2	1	13	92000	36.96	0.53
C12	Sample 36	2	1	14	96990	37	0.53
C12	Sample 36	2	1	15	102000	37	0.53
D1	Sample 37	2	1	1	31970	36.91	1.72
D1	Sample 37	2	1	2	36990	36.96	1.70
D1	Sample 37	2	1	3	42000	36.96	1.69
D1	Sample 37	2	1	4	47000	36.96	1.69
D1	Sample 37	2	1	5	52000	37	1.68
D1	Sample 37	2	1	6	57000	37	1.67
D1	Sample 37	2	1	7	62000	37	1.67
D1	Sample 37	2	1	8	67020	36.96	1.67
D1	Sample 37	2	1	9	72000	37	1.67
D1	Sample 37	2	1	10	76990	37	1.66
D1	Sample 37	2	1	11	81990	37	1.66
D1	Sample 37	2	1	12	87000	37	1.66
D1	Sample 37	2	1	13	92000	36.96	1.66
D1	Sample 37	2	1	14	96990	37	1.65
D1	Sample 37	2	1	15	102000	37	1.66
D2	Sample 38	2	1	1	31970	36.91	1.62
D2	Sample 38	2	1	2	36990	36.96	1.60
D2	Sample 38	2	1	3	42000	36.96	1.59
D2	Sample 38	2	1	4	47000	36.96	1.58
D2	Sample 38	2	1	5	52000	37	1.56
D2	Sample 38	2	1	6	57000	37	1.56
D2	Sample 38	2	1	7	62000	37	1.56
D2	Sample 38	2	1	8	67020	36.96	1.56
D2	Sample 38	2	1	9	72000	37	1.56
D2	Sample 38	2	1	10	76990	37	1.56
D2	Sample 38	2	1	11	81990	37	1.55
D2	Sample 38	2	1	12	87000	37	1.56
D2	Sample 38	2	1	13	92000	36.96	1.55
D2	Sample 38	2	1	14	96990	37	1.55
D2	Sample 38	2	1	15	102000	37	1.56
D3	Sample 39	2	1	1	31970	36.91	1.85
D3	Sample 39	2	1	2	36990	36.96	1.84
D3	Sample 39	2	1	3	42000	36.96	1.82
D3	Sample 39	2	1	4	47000	36.96	1.82
D3	Sample 39	2	1	5	52000	37	1.80
D3	Sample 39	2	1	6	57000	37	1.79
D3	Sample 39	2	1	7	62000	37	1.79
D3	Sample 39	2	1	8	67020	36.96	1.78
D3	Sample 39	2	1	9	72000	37	1.79
D3	Sample 39	2	1	10	76990	37	1.78
D3	Sample 39	2	1	11	81990	37	1.77
D3	Sample 39	2	1	12	87000	37	1.78
D3	Sample 39	2	1	13	92000	36.96	1.78
D3	Sample 39	2	1	14	96990	37	1.78
D3	Sample 39	2	1	15	102000	37	1.78
D4	Sample 40	2	1	1	31970	36.91	1.84
D4	Sample 40	2	1	2	36990	36.96	1.81
D4	Sample 40	2	1	3	42000	36.96	1.80
D4	Sample 40	2	1	4	47000	36.96	1.78
D4	Sample 40	2	1	5	52000	37	1.78
D4	Sample 40	2	1	6	57000	37	1.77
D4	Sample 40	2	1	7	62000	37	1.77
D4	Sample 40	2	1	8	67020	36.96	1.76
D4	Sample 40	2	1	9	72000	37	1.77
D4	Sample 40	2	1	10	76990	37	1.76
D4	Sample 40	2	1	11	81990	37	1.75
D4	Sample 40	2	1	12	87000	37	1.76
D4	Sample 40	2	1	13	92000	36.96	1.76
D4	Sample 40	2	1	14	96990	37	1.76
D4	Sample 40	2	1	15	102000	37	1.76
D5	Sample 41	2	1	1	31970	36.91	0.86
D5	Sample 41	2	1	2	36990	36.96	0.85
D5	Sample 41	2	1	3	42000	36.96	0.84
D5	Sample 41	2	1	4	47000	36.96	0.83
D5	Sample 41	2	1	5	52000	37	0.83
D5	Sample 41	2	1	6	57000	37	0.82
D5	Sample 41	2	1	7	62000	37	0.82
D5	Sample 41	2	1	8	67020	36.96	0.82
D5	Sample 41	2	1	9	72000	37	0.82
D5	Sample 41	2	1	10	76990	37	0.82
D5	Sample 41	2	1	11	81990	37	0.82
D5	Sample 41	2	1	12	87000	37	0.82
D5	Sample 41	2	1	13	92000	36.96	0.82
D5	Sample 41	2	1	14	96990	37	0.82
D5	Sample 41	2	1	15	102000	37	0.82
D6	Sample 42	2	1	1	31970	36.91	0.84
D6	Sample 42	2	1	2	36990	36.96	0.83
D6	Sample 42	2	1	3	42000	36.96	0.82
D6	Sample 42	2	1	4	47000	36.96	0.82
D6	Sample 42	2	1	5	52000	37	0.82
D6	Sample 42	2	1	6	57000	37	0.82
D6	Sample 42	2	1	7	62000	37	0.82
D6	Sample 42	2	1	8	67020	36.96	0.81
D6	Sample 42	2	1	9	72000	37	0.81
D6	Sample 42	2	1	10	76990	37	0.81
D6	Sample 42	2	1	11	81990	37	0.81
D6	Sample 42	2	1	12	87000	37	0.81
D6	Sample 42	2	1	13	92000	36.96	0.81
D6	Sample 42	2	1	14	96990	37	0.81
D6	Sample 42	2	1	15	102000	37	0.80
D7	Sample 43	2	1	1	31970	36.91	0.90
D7	Sample 43	2	1	2	36990	36.96	0.90
D7	Sample 43	2	1	3	42000	36.96	0.89
D7	Sample 43	2	1	4	47000	36.96	0.88
D7	Sample 43	2	1	5	52000	37	0.87
D7	Sample 43	2	1	6	57000	37	0.87
D7	Sample 43	2	1	7	62000	37	0.87
D7	Sample 43	2	1	8	67020	36.96	0.87
D7	Sample 43	2	1	9	72000	37	0.87
D7	Sample 43	2	1	10	76990	37	0.86
D7	Sample 43	2	1	11	81990	37	0.86
D7	Sample 43	2	1	12	87000	37	0.87
D7	Sample 43	2	1	13	92000	36.96	0.86
D7	Sample 43	2	1	14	96990	37	0.86
D7	Sample 43	2	1	15	102000	37	0.86
D8	Sample 44	2	1	1	31970	36.91	0.83
D8	Sample 44	2	1	2	36990	36.96	0.82
D8	Sample 44	2	1	3	42000	36.96	0.82
D8	Sample 44	2	1	4	47000	36.96	0.81
D8	Sample 44	2	1	5	52000	37	0.80
D8	Sample 44	2	1	6	57000	37	0.80
D8	Sample 44	2	1	7	62000	37	0.80
D8	Sample 44	2	1	8	67020	36.96	0.79
D8	Sample 44	2	1	9	72000	37	0.80
D8	Sample 44	2	1	10	76990	37	0.79
D8	Sample 44	2	1	11	81990	37	0.79
D8	Sample 44	2	1	12	87000	37	0.79
D8	Sample 44	2	1	13	92000	36.96	0.79
D8	Sample 44	2	1	14	96990	37	0.79
D8	Sample 44	2	1	15	102000	37	0.80
D9	Sample 45	2	1	1	31970	36.91	0.55
D9	Sample 45	2	1	2	36990	36.96	0.55
D9	Sample 45	2	1	3	42000	36.96	0.55
D9	Sample 45	2	1	4	47000	36.96	0.54
D9	Sample 45	2	1	5	52000	37	0.54
D9	Sample 45	2	1	6	57000	37	0.53
D9	Sample 45	2	1	7	62000	37	0.53
D9	Sample 45	2	1	8	67020	36.96	0.53
D9	Sample 45	2	1	9	72000	37	0.53
D9	Sample 45	2	1	10	76990	37	0.53
D9	Sample 45	2	1	11	81990	37	0.53
D9	Sample 45	2	1	12	87000	37	0.53
D9	Sample 45	2	1	13	92000	36.96	0.53
D9	Sample 45	2	1	14	96990	37	0.53
D9	Sample 45	2	1	15	102000	37	0.53
D10	Sample 46	2	1	1	31970	36.91	0.55
D10	Sample 46	2	1	2	36990	36.96	0.55
D10	Sample 46	2	1	3	42000	36.96	0.54
D10	Sample 46	2	1	4	47000	36.96	0.54
D10	Sample 46	2	1	5	52000	37	0.54
D10	Sample 46	2	1	6	57000	37	0.53
D10	Sample 46	2	1	7	62000	37	0.53
D10	Sample 46	2	1	8	67020	36.96	0.53
D10	Sample 46	2	1	9	72000	37	0.54
D10	Sample 46	2	1	10	76990	37	0.53
D10	Sample 46	2	1	11	81990	37	0.53
D10	Sample 46	2	1	12	87000	37	0.53
D10	Sample 46	2	1	13	92000	36.96	0.53
D10	Sample 46	2	1	14	96990	37	0.53
D10	Sample 46	2	1	15	102000	37	0.53
D11	Sample 47	2	1	1	31970	36.91	0.57
D11	Sample 47	2	1	2	36990	36.96	0.57
D11	Sample 47	2	1	3	42000	36.96	0.57
D11	Sample 47	2	1	4	47000	36.96	0.57
D11	Sample 47	2	1	5	52000	37	0.56
D11	Sample 47	2	1	6	57000	37	0.56
D11	Sample 47	2	1	7	62000	37	0.56
D11	Sample 47	2	1	8	67020	36.96	0.56
D11	Sample 47	2	1	9	72000	37	0.56
D11	Sample 47	2	1	10	76990	37	0.56
D11	Sample 47	2	1	11	81990	37	0.55
D11	Sample 47	2	1	12	87000	37	0.56
D11	Sample 47	2	1	13	92000	36.96	0.56
D11	Sample 47	2	1	14	96990	37	0.56
D11	Sample 47	2	1	15	102000	37	0.56
D12	Sample 48	2	1	1	31970	36.91	0.52
D12	Sample 48	2	1	2	36990	36.96	0.52
D12	Sample 48	2	1	3	42000	36.96	0.51
D12	Sample 48	2	1	4	47000	36.96	0.52
D12	Sample 48	2	1	5	52000	37	0.51
D12	Sample 48	2	1	6	57000	37	0.51
D12	Sample 48	2	1	7	62000	37	0.51
D12	Sample 48	2	1	8	67020	36.96	0.51
D12	Sample 48	2	1	9	72000	37	0.51
D12	Sample 48	2	1	10	76990	37	0.50
D12	Sample 48	2	1	11	81990	37	0.50
D12	Sample 48	2	1	12	87000	37	0.51
D12	Sample 48	2	1	13	92000	36.96	0.51
D12	Sample 48	2	1	14	96990	37	0.51
D12	Sample 48	2	1	15	102000	37	0.50
E1	Sample 49	2	1	1	31970	36.91	1.95
E1	Sample 49	2	1	2	36990	36.96	1.93
E1	Sample 49	2	1	3	42000	36.96	1.92
E1	Sample 49	2	1	4	47000	36.96	1.92
E1	Sample 49	2	1	5	52000	37	1.90
E1	Sample 49	2	1	6	57000	37	1.90
E1	Sample 49	2	1	7	62000	37	1.89
E1	Sample 49	2	1	8	67020	36.96	1.89
E1	Sample 49	2	1	9	72000	37	1.89
E1	Sample 49	2	1	10	76990	37	1.89
E1	Sample 49	2	1	11	81990	37	1.88
E1	Sample 49	2	1	12	87000	37	1.88
E1	Sample 49	2	1	13	92000	36.96	1.88
E1	Sample 49	2	1	14	96990	37	1.87
E1	Sample 49	2	1	15	102000	37	1.88
E2	Sample 50	2	1	1	31970	36.91	1.89
E2	Sample 50	2	1	2	36990	36.96	1.87
E2	Sample 50	2	1	3	42000	36.96	1.86
E2	Sample 50	2	1	4	47000	36.96	1.85
E2	Sample 50	2	1	5	52000	37	1.84
E2	Sample 50	2	1	6	57000	37	1.82
E2	Sample 50	2	1	7	62000	37	1.82
E2	Sample 50	2	1	8	67020	36.96	1.81
E2	Sample 50	2	1	9	72000	37	1.81
E2	Sample 50	2	1	10	76990	37	1.80
E2	Sample 50	2	1	11	81990	37	1.80
E2	Sample 50	2	1	12	87000	37	1.81
E2	Sample 50	2	1	13	92000	36.96	1.81
E2	Sample 50	2	1	14	96990	37	1.80
E2	Sample 50	2	1	15	102000	37	1.80
E3	Sample 51	2	1	1	31970	36.91	2.37
E3	Sample 51	2	1	2	36990	36.96	2.34
E3	Sample 51	2	1	3	42000	36.96	2.33
E3	Sample 51	2	1	4	47000	36.96	2.31
E3	Sample 51	2	1	5	52000	37	2.29
E3	Sample 51	2	1	6	57000	37	2.28
E3	Sample 51	2	1	7	62000	37	2.29
E3	Sample 51	2	1	8	67020	36.96	2.27
E3	Sample 51	2	1	9	72000	37	2.27
E3	Sample 51	2	1	10	76990	37	2.27
E3	Sample 51	2	1	11	81990	37	2.27
E3	Sample 51	2	1	12	87000	37	2.27
E3	Sample 51	2	1	13	92000	36.96	2.27
E3	Sample 51	2	1	14	96990	37	2.27
E3	Sample 51	2	1	15	102000	37	2.27
E4	Sample 52	2	1	1	31970	36.91	2.37
E4	Sample 52	2	1	2	36990	36.96	2.33
E4	Sample 52	2	1	3	42000	36.96	2.31
E4	Sample 52	2	1	4	47000	36.96	2.30
E4	Sample 52	2	1	5	52000	37	2.29
E4	Sample 52	2	1	6	57000	37	2.27
E4	Sample 52	2	1	7	62000	37	2.27
E4	Sample 52	2	1	8	67020	36.96	2.27
E4	Sample 52	2	1	9	72000	37	2.26
E4	Sample 52	2	1	10	76990	37	2.26
E4	Sample 52	2	1	11	81990	37	2.26
E4	Sample 52	2	1	12	87000	37	2.26
E4	Sample 52	2	1	13	92000	36.96	2.26
E4	Sample 52	2	1	14	96990	37	2.25
E4	Sample 52	2	1	15	102000	37	2.25
E5	Sample 53	2	1	1	31970	36.91	0.92
E5	Sample 53	2	1	2	36990	36.96	0.90
E5	Sample 53	2	1	3	42000	36.96	0.91
E5	Sample 53	2	1	4	47000	36.96	0.89
E5	Sample 53	2	1	5	52000	37	0.89
E5	Sample 53	2	1	6	57000	37	0.89
E5	Sample 53	2	1	7	62000	37	0.89
E5	Sample 53	2	1	8	67020	36.96	0.88
E5	Sample 53	2	1	9	72000	37	0.88
E5	Sample 53	2	1	10	76990	37	0.88
E5	Sample 53	2	1	11	81990	37	0.87
E5	Sample 53	2	1	12	87000	37	0.88
E5	Sample 53	2	1	13	92000	36.96	0.87
E5	Sample 53	2	1	14	96990	37	0.87
E5	Sample 53	2	1	15	102000	37	0.88
E6	Sample 54	2	1	1	31970	36.91	0.87
E6	Sample 54	2	1	2	36990	36.96	0.86
E6	Sample 54	2	1	3	42000	36.96	0.86
E6	Sample 54	2	1	4	47000	36.96	0.85
E6	Sample 54	2	1	5	52000	37	0.84
E6	Sample 54	2	1	6	57000	37	0.84
E6	Sample 54	2	1	7	62000	37	0.84
E6	Sample 54	2	1	8	67020	36.96	0.84
E6	Sample 54	2	1	9	72000	37	0.83
E6	Sample 54	2	1	10	76990	37	0.83
E6	Sample 54	2	1	11	81990	37	0.83
E6	Sample 54	2	1	12	87000	37	0.83
E6	Sample 54	2	1	13	92000	36.96	0.84
E6	Sample 54	2	1	14	96990	37	0.83
E6	Sample 54	2	1	15	102000	37	0.83
E7	Sample 55	2	1	1	31970	36.91	1.16
E7	Sample 55	2	1	2	36990	36.96	1.15
E7	Sample 55	2	1	3	42000	36.96	1.14
E7	Sample 55	2	1	4	47000	36.96	1.14
E7	Sample 55	2	1	5	52000	37	1.12
E7	Sample 55	2	1	6	57000	37	1.13
E7	Sample 55	2	1	7	62000	37	1.13
E7	Sample 55	2	1	8	67020	36.96	1.12
E7	Sample 55	2	1	9	72000	37	1.12
E7	Sample 55	2	1	10	76990	37	1.11
E7	Sample 55	2	1	11	81990	37	1.11
E7	Sample 55	2	1	12	87000	37	1.12
E7	Sample 55	2	1	13	92000	36.96	1.12
E7	Sample 55	2	1	14	96990	37	1.11
E7	Sample 55	2	1	15	102000	37	1.12
E8	Sample 56	2	1	1	31970	36.91	1.18
E8	Sample 56	2	1	2	36990	36.96	1.17
E8	Sample 56	2	1	3	42000	36.96	1.16
E8	Sample 56	2	1	4	47000	36.96	1.15
E8	Sample 56	2	1	5	52000	37	1.15
E8	Sample 56	2	1	6	57000	37	1.14
E8	Sample 56	2	1	7	62000	37	1.14
E8	Sample 56	2	1	8	67020	36.96	1.14
E8	Sample 56	2	1	9	72000	37	1.14
E8	Sample 56	2	1	10	76990	37	1.14
E8	Sample 56	2	1	11	81990	37	1.13
E8	Sample 56	2	1	12	87000	37	1.13
E8	Sample 56	2	1	13	92000	36.96	1.14
E8	Sample 56	2	1	14	96990	37	1.14
E8	Sample 56	2	1	15	102000	37	1.13
E9	Sample 57	2	1	1	31970	36.91	0.58
E9	Sample 57	2	1	2	36990	36.96	0.57
E9	Sample 57	2	1	3	42000	36.96	0.56
E9	Sample 57	2	1	4	47000	36.96	0.57
E9	Sample 57	2	1	5	52000	37	0.56
E9	Sample 57	2	1	6	57000	37	0.56
E9	Sample 57	2	1	7	62000	37	0.56
E9	Sample 57	2	1	8	67020	36.96	0.55
E9	Sample 57	2	1	9	72000	37	0.55
E9	Sample 57	2	1	10	76990	37	0.55
E9	Sample 57	2	1	11	81990	37	0.55
E9	Sample 57	2	1	12	87000	37	0.55
E9	Sample 57	2	1	13	92000	36.96	0.56
E9	Sample 57	2	1	14	96990	37	0.55
E9	Sample 57	2	1	15	102000	37	0.56
E10	Sample 58	2	1	1	31970	36.91	0.57
E10	Sample 58	2	1	2	36990	36.96	0.56
E10	Sample 58	2	1	3	42000	36.96	0.55
E10	Sample 58	2	1	4	47000	36.96	0.56
E10	Sample 58	2	1	5	52000	37	0.54
E10	Sample 58	2	1	6	57000	37	0.55
E10	Sample 58	2	1	7	62000	37	0.55
E10	Sample 58	2	1	8	67020	36.96	0.54
E10	Sample 58	2	1	9	72000	37	0.54
E10	Sample 58	2	1	10	76990	37	0.53
E10	Sample 58	2	1	11	81990	37	0.55
E10	Sample 58	2	1	12	87000	37	0.54
E10	Sample 58	2	1	13	92000	36.96	0.54
E10	Sample 58	2	1	14	96990	37	0.54
E10	Sample 58	2	1	15	102000	37	0.54
E11	Sample 59	2	1	1	31970	36.91	0.66
E11	Sample 59	2	1	2	36990	36.96	0.65
E11	Sample 59	2	1	3	42000	36.96	0.66
E11	Sample 59	2	1	4	47000	36.96	0.65
E11	Sample 59	2	1	5	52000	37	0.65
E11	Sample 59	2	1	6	57000	37	0.64
E11	Sample 59	2	1	7	62000	37	0.64
E11	Sample 59	2	1	8	67020	36.96	0.64
E11	Sample 59	2	1	9	72000	37	0.65
E11	Sample 59	2	1	10	76990	37	0.64
E11	Sample 59	2	1	11	81990	37	0.64
E11	Sample 59	2	1	12	87000	37	0.64
E11	Sample 59	2	1	13	92000	36.96	0.64
E11	Sample 59	2	1	14	96990	37	0.64
E11	Sample 59	2	1	15	102000	37	0.65
E12	Sample 60	2	1	1	31970	36.91	0.59
E12	Sample 60	2	1	2	36990	36.96	0.59
E12	Sample 60	2	1	3	42000	36.96	0.58
E12	Sample 60	2	1	4	47000	36.96	0.58
E12	Sample 60	2	1	5	52000	37	0.57
E12	Sample 60	2	1	6	57000	37	0.57
E12	Sample 60	2	1	7	62000	37	0.57
E12	Sample 60	2	1	8	67020	36.96	0.57
E12	Sample 60	2	1	9	72000	37	0.57
E12	Sample 60	2	1	10	76990	37	0.56
E12	Sample 60	2	1	11	81990	37	0.56
E12	Sample 60	2	1	12	87000	37	0.56
E12	Sample 60	2	1	13	92000	36.96	0.56
E12	Sample 60	2	1	14	96990	37	0.56
E12	Sample 60	2	1	15	102000	37	0.56
F1	Sample 61	2	1	1	31970	36.91	2.32
F1	Sample 61	2	1	2	36990	36.96	2.30
F1	Sample 61	2	1	3	42000	36.96	2.29
F1	Sample 61	2	1	4	47000	36.96	2.26
F1	Sample 61	2	1	5	52000	37	2.27
F1	Sample 61	2	1	6	57000	37	2.25
F1	Sample 61	2	1	7	62000	37	2.26
F1	Sample 61	2	1	8	67020	36.96	2.24
F1	Sample 61	2	1	9	72000	37	2.25
F1	Sample 61	2	1	10	76990	37	2.24
F1	Sample 61	2	1	11	81990	37	2.24
F1	Sample 61	2	1	12	87000	37	2.25
F1	Sample 61	2	1	13	92000	36.96	2.24
F1	Sample 61	2	1	14	96990	37	2.24
F1	Sample 61	2	1	15	102000	37	2.25
F2	Sample 62	2	1	1	31970	36.91	2.36
F2	Sample 62	2	1	2	36990	36.96	2.35
F2	Sample 62	2	1	3	42000	36.96	2.33
F2	Sample 62	2	1	4	47000	36.96	2.32
F2	Sample 62	2	1	5	52000	37	2.31
F2	Sample 62	2	1	6	57000	37	2.30
F2	Sample 62	2	1	7	62000	37	2.29
F2	Sample 62	2	1	8	67020	36.96	2.28
F2	Sample 62	2	1	9	72000	37	2.28
F2	Sample 62	2	1	10	76990	37	2.28
F2	Sample 62	2	1	11	81990	37	2.28
F2	Sample 62	2	1	12	87000	37	2.29
F2	Sample 62	2	1	13	92000	36.96	2.29
F2	Sample 62	2	1	14	96990	37	2.29
F2	Sample 62	2	1	15	102000	37	2.29
F3	Sample 63	2	1	1	31970	36.91	2.65
F3	Sample 63	2	1	2	36990	36.96	2.61
F3	Sample 63	2	1	3	42000	36.96	2.60
F3	Sample 63	2	1	4	47000	36.96	2.58
F3	Sample 63	2	1	5	52000	37	2.59
F3	Sample 63	2	1	6	57000	37	2.58
F3	Sample 63	2	1	7	62000	37	2.56
F3	Sample 63	2	1	8	67020	36.96	2.56
F3	Sample 63	2	1	9	72000	37	2.55
F3	Sample 63	2	1	10	76990	37	2.55
F3	Sample 63	2	1	11	81990	37	2.56
F3	Sample 63	2	1	12	87000	37	2.55
F3	Sample 63	2	1	13	92000	36.96	2.56
F3	Sample 63	2	1	14	96990	37	2.55
F3	Sample 63	2	1	15	102000	37	2.56
F4	Sample 64	2	1	1	31970	36.91	2.55
F4	Sample 64	2	1	2	36990	36.96	2.52
F4	Sample 64	2	1	3	42000	36.96	2.50
F4	Sample 64	2	1	4	47000	36.96	2.48
F4	Sample 64	2	1	5	52000	37	2.47
F4	Sample 64	2	1	6	57000	37	2.47
F4	Sample 64	2	1	7	62000	37	2.46
F4	Sample 64	2	1	8	67020	36.96	2.45
F4	Sample 64	2	1	9	72000	37	2.45
F4	Sample 64	2	1	10	76990	37	2.44
F4	Sample 64	2	1	11	81990	37	2.45
F4	Sample 64	2	1	12	87000	37	2.44
F4	Sample 64	2	1	13	92000	36.96	2.45
F4	Sample 64	2	1	14	96990	37	2.45
F4	Sample 64	2	1	15	102000	37	2.45
F5	Sample 65	2	1	1	31970	36.91	1.46
F5	Sample 65	2	1	2	36990	36.96	1.44
F5	Sample 65	2	1	3	42000	36.96	1.42
F5	Sample 65	2	1	4	47000	36.96	1.42
F5	Sample 65	2	1	5	52000	37	1.42
F5	Sample 65	2	1	6	57000	37	1.42
F5	Sample 65	2	1	7	62000	37	1.40
F5	Sample 65	2	1	8	67020	36.96	1.40
F5	Sample 65	2	1	9	72000	37	1.40
F5	Sample 65	2	1	10	76990	37	1.40
F5	Sample 65	2	1	11	81990	37	1.40
F5	Sample 65	2	1	12	87000	37	1.40
F5	Sample 65	2	1	13	92000	36.96	1.40
F5	Sample 65	2	1	14	96990	37	1.41
F5	Sample 65	2	1	15	102000	37	1.40
F6	Sample 66	2	1	1	31970	36.91	1.35
F6	Sample 66	2	1	2	36990	36.96	1.34
F6	Sample 66	2	1	3	42000	36.96	1.33
F6	Sample 66	2	1	4	47000	36.96	1.32
F6	Sample 66	2	1	5	52000	37	1.31
F6	Sample 66	2	1	6	57000	37	1.31
F6	Sample 66	2	1	7	62000	37	1.30
F6	Sample 66	2	1	8	67020	36.96	1.30
F6	Sample 66	2	1	9	72000	37	1.31
F6	Sample 66	2	1	10	76990	37	1.31
F6	Sample 66	2	1	11	81990	37	1.30
F6	Sample 66	2	1	12	87000	37	1.31
F6	Sample 66	2	1	13	92000	36.96	1.30
F6	Sample 66	2	1	14	96990	37	1.31
F6	Sample 66	2	1	15	102000	37	1.31
F7	Sample 67	2	1	1	31970	36.91	1.64
F7	Sample 67	2	1	2	36990	36.96	1.61
F7	Sample 67	2	1	3	42000	36.96	1.59
F7	Sample 67	2	1	4	47000	36.96	1.59
F7	Sample 67	2	1	5	52000	37	1.58
F7	Sample 67	2	1	6	57000	37	1.58
F7	Sample 67	2	1	7	62000	37	1.58
F7	Sample 67	2	1	8	67020	36.96	1.57
F7	Sample 67	2	1	9	72000	37	1.58
F7	Sample 67	2	1	10	76990	37	1.57
F7	Sample 67	2	1	11	81990	37	1.58
F7	Sample 67	2	1	12	87000	37	1.58
F7	Sample 67	2	1	13	92000	36.96	1.57
F7	Sample 67	2	1	14	96990	37	1.57
F7	Sample 67	2	1	15	102000	37	1.58
F8	Sample 68	2	1	1	31970	36.91	1.65
F8	Sample 68	2	1	2	36990	36.96	1.63
F8	Sample 68	2	1	3	42000	36.96	1.62
F8	Sample 68	2	1	4	47000	36.96	1.62
F8	Sample 68	2	1	5	52000	37	1.60
F8	Sample 68	2	1	6	57000	37	1.60
F8	Sample 68	2	1	7	62000	37	1.59
F8	Sample 68	2	1	8	67020	36.96	1.58
F8	Sample 68	2	1	9	72000	37	1.58
F8	Sample 68	2	1	10	76990	37	1.59
F8	Sample 68	2	1	11	81990	37	1.59
F8	Sample 68	2	1	12	87000	37	1.58
F8	Sample 68	2	1	13	92000	36.96	1.58
F8	Sample 68	2	1	14	96990	37	1.58
F8	Sample 68	2	1	15	102000	37	1.59
F9	Sample 69	2	1	1	31970	36.91	0.83
F9	Sample 69	2	1	2	36990	36.96	0.82
F9	Sample 69	2	1	3	42000	36.96	0.82
F9	Sample 69	2	1	4	47000	36.96	0.81
F9	Sample 69	2	1	5	52000	37	0.81
F9	Sample 69	2	1	6	57000	37	0.80
F9	Sample 69	2	1	7	62000	37	0.80
F9	Sample 69	2	1	8	67020	36.96	0.80
F9	Sample 69	2	1	9	72000	37	0.80
F9	Sample 69	2	1	10	76990	37	0.80
F9	Sample 69	2	1	11	81990	37	0.80
F9	Sample 69	2	1	12	87000	37	0.81
F9	Sample 69	2	1	13	92000	36.96	0.80
F9	Sample 69	2	1	14	96990	37	0.80
F9	Sample 69	2	1	15	102000	37	0.80
F10	Sample 70	2	1	1	31970	36.91	0.89
F10	Sample 70	2	1	2	36990	36.96	0.89
F10	Sample 70	2	1	3	42000	36.96	0.89
F10	Sample 70	2	1	4	47000	36.96	0.89
F10	Sample 70	2	1	5	52000	37	0.89
F10	Sample 70	2	1	6	57000	37	0.88
F10	Sample 70	2	1	7	62000	37	0.88
F10	Sample 70	2	1	8	67020	36.96	0.88
F10	Sample 70	2	1	9	72000	37	0.87
F10	Sample 70	2	1	10	76990	37	0.88
F10	Sample 70	2	1	11	81990	37	0.87
F10	Sample 70	2	1	12	87000	37	0.89
F10	Sample 70	2	1	13	92000	36.96	0.88
F10	Sample 70	2	1	14	96990	37	0.88
F10	Sample 70	2	1	15	102000	37	0.89
F11	Sample 71	2	1	1	31970	36.91	0.97
F11	Sample 71	2	1	2	36990	36.96	0.97
F11	Sample 71	2	1	3	42000	36.96	0.96
F11	Sample 71	2	1	4	47000	36.96	0.97
F11	Sample 71	2	1	5	52000	37	0.97
F11	Sample 71	2	1	6	57000	37	0.97
F11	Sample 71	2	1	7	62000	37	0.97
F11	Sample 71	2	1	8	67020	36.96	0.96
F11	Sample 71	2	1	9	72000	37	0.96
F11	Sample 71	2	1	10	76990	37	0.97
F11	Sample 71	2	1	11	81990	37	0.96
F11	Sample 71	2	1	12	87000	37	0.97
F11	Sample 71	2	1	13	92000	36.96	0.96
F11	Sample 71	2	1	14	96990	37	0.97
F11	Sample 71	2	1	15	102000	37	0.96
F12	Sample 72	2	1	1	31970	36.91	0.89
F12	Sample 72	2	1	2	36990	36.96	0.88
F12	Sample 72	2	1	3	42000	36.96	0.88
F12	Sample 72	2	1	4	47000	36.96	0.88
F12	Sample 72	2	1	5	52000	37	0.88
F12	Sample 72	2	1	6	57000	37	0.87
F12	Sample 72	2	1	7	62000	37	0.87
F12	Sample 72	2	1	8	67020	36.96	0.87
F12	Sample 72	2	1	9	72000	37	0.88
F12	Sample 72	2	1	10	76990	37	0.87
F12	Sample 72	2	1	11	81990	37	0.86
F12	Sample 72	2	1	12	87000	37	0.87
F12	Sample 72	2	1	13	92000	36.96	0.87
F12	Sample 72	2	1	14	96990	37	0.86
F12	Sample 72	2	1	15	102000	37	0.86
G1	Sample 73	2	1	1	31970	36.91	2.40
G1	Sample 73	2	1	2	36990	36.96	2.38
G1	Sample 73	2	1	3	42000	36.96	2.38
G1	Sample 73	2	1	4	47000	36.96	2.36
G1	Sample 73	2	1	5	52000	37	2.35
G1	Sample 73	2	1	6	57000	37	2.35
G1	Sample 73	2	1	7	62000	37	2.35
G1	Sample 73	2	1	8	67020	36.96	2.34
G1	Sample 73	2	1	9	72000	37	2.34
G1	Sample 73	2	1	10	76990	37	2.33
G1	Sample 73	2	1	11	81990	37	2.33
G1	Sample 73	2	1	12	87000	37	2.34
G1	Sample 73	2	1	13	92000	36.96	2.33
G1	Sample 73	2	1	14	96990	37	2.32
G1	Sample 73	2	1	15	102000	37	2.34
G2	Sample 74	2	1	1	31970	36.91	2.48
G2	Sample 74	2	1	2	36990	36.96	2.45
G2	Sample 74	2	1	3	42000	36.96	2.42
G2	Sample 74	2	1	4	47000	36.96	2.42
G2	Sample 74	2	1	5	52000	37	2.42
G2	Sample 74	2	1	6	57000	37	2.41
G2	Sample 74	2	1	7	62000	37	2.41
G2	Sample 74	2	1	8	67020	36.96	2.40
G2	Sample 74	2	1	9	72000	37	2.40
G2	Sample 74	2	1	10	76990	37	2.41
G2	Sample 74	2	1	11	81990	37	2.40
G2	Sample 74	2	1	12	87000	37	2.40
G2	Sample 74	2	1	13	92000	36.96	2.40
G2	Sample 74	2	1	14	96990	37	2.40
G2	Sample 74	2	1	15	102000	37	2.40
G3	Sample 75	2	1	1	31970	36.91	2.69
G3	Sample 75	2	1	2	36990	36.96	2.66
G3	Sample 75	2	1	3	42000	36.96	2.65
G3	Sample 75	2	1	4	47000	36.96	2.64
G3	Sample 75	2	1	5	52000	37	2.63
G3	Sample 75	2	1	6	57000	37	2.62
G3	Sample 75	2	1	7	62000	37	2.61
G3	Sample 75	2	1	8	67020	36.96	2.59
G3	Sample 75	2	1	9	72000	37	2.59
G3	Sample 75	2	1	10	76990	37	2.58
G3	Sample 75	2	1	11	81990	37	2.58
G3	Sample 75	2	1	12	87000	37	2.58
G3	Sample 75	2	1	13	92000	36.96	2.58
G3	Sample 75	2	1	14	96990	37	2.59
G3	Sample 75	2	1	15	102000	37	2.59
G4	Sample 76	2	1	1	31970	36.91	2.67
G4	Sample 76	2	1	2	36990	36.96	2.63
G4	Sample 76	2	1	3	42000	36.96	2.62
G4	Sample 76	2	1	4	47000	36.96	2.60
G4	Sample 76	2	1	5	52000	37	2.59
G4	Sample 76	2	1	6	57000	37	2.58
G4	Sample 76	2	1	7	62000	37	2.57
G4	Sample 76	2	1	8	67020	36.96	2.57
G4	Sample 76	2	1	9	72000	37	2.57
G4	Sample 76	2	1	10	76990	37	2.56
G4	Sample 76	2	1	11	81990	37	2.56
G4	Sample 76	2	1	12	87000	37	2.55
G4	Sample 76	2	1	13	92000	36.96	2.56
G4	Sample 76	2	1	14	96990	37	2.56
G4	Sample 76	2	1	15	102000	37	2.56
G5	Sample 77	2	1	1	31970	36.91	1.92
G5	Sample 77	2	1	2	36990	36.96	1.91
G5	Sample 77	2	1	3	42000	36.96	1.89
G5	Sample 77	2	1	4	47000	36.96	1.88
G5	Sample 77	2	1	5	52000	37	1.87
G5	Sample 77	2	1	6	57000	37	1.86
G5	Sample 77	2	1	7	62000	37	1.86
G5	Sample 77	2	1	8	67020	36.96	1.86
G5	Sample 77	2	1	9	72000	37	1.86
G5	Sample 77	2	1	10	76990	37	1.86
G5	Sample 77	2	1	11	81990	37	1.85
G5	Sample 77	2	1	12	87000	37	1.85
G5	Sample 77	2	1	13	92000	36.96	1.84
G5	Sample 77	2	1	14	96990	37	1.85
G5	Sample 77	2	1	15	102000	37	1.85
G6	Sample 78	2	1	1	31970	36.91	1.81
G6	Sample 78	2	1	2	36990	36.96	1.79
G6	Sample 78	2	1	3	42000	36.96	1.78
G6	Sample 78	2	1	4	47000	36.96	1.77
G6	Sample 78	2	1	5	52000	37	1.76
G6	Sample 78	2	1	6	57000	37	1.76
G6	Sample 78	2	1	7	62000	37	1.75
G6	Sample 78	2	1	8	67020	36.96	1.75
G6	Sample 78	2	1	9	72000	37	1.75
G6	Sample 78	2	1	10	76990	37	1.75
G6	Sample 78	2	1	11	81990	37	1.74
G6	Sample 78	2	1	12	87000	37	1.73
G6	Sample 78	2	1	13	92000	36.96	1.74
G6	Sample 78	2	1	14	96990	37	1.74
G6	Sample 78	2	1	15	102000	37	1.74
G7	Sample 79	2	1	1	31970	36.91	1.83
G7	Sample 79	2	1	2	36990	36.96	1.82
G7	Sample 79	2	1	3	42000	36.96	1.80
G7	Sample 79	2	1	4	47000	36.96	1.80
G7	Sample 79	2	1	5	52000	37	1.79
G7	Sample 79	2	1	6	57000	37	1.78
G7	Sample 79	2	1	7	62000	37	1.78
G7	Sample 79	2	1	8	67020	36.96	1.77
G7	Sample 79	2	1	9	72000	37	1.78
G7	Sample 79	2	1	10	76990	37	1.77
G7	Sample 79	2	1	11	81990	37	1.76
G7	Sample 79	2	1	12	87000	37	1.78
G7	Sample 79	2	1	13	92000	36.96	1.77
G7	Sample 79	2	1	14	96990	37	1.78
G7	Sample 79	2	1	15	102000	37	1.78
G8	Sample 80	2	1	1	31970	36.91	1.71
G8	Sample 80	2	1	2	36990	36.96	1.69
G8	Sample 80	2	1	3	42000	36.96	1.68
G8	Sample 80	2	1	4	47000	36.96	1.68
G8	Sample 80	2	1	5	52000	37	1.66
G8	Sample 80	2	1	6	57000	37	1.66
G8	Sample 80	2	1	7	62000	37	1.65
G8	Sample 80	2	1	8	67020	36.96	1.65
G8	Sample 80	2	1	9	72000	37	1.64
G8	Sample 80	2	1	10	76990	37	1.64
G8	Sample 80	2	1	11	81990	37	1.65
G8	Sample 80	2	1	12	87000	37	1.64
G8	Sample 80	2	1	13	92000	36.96	1.64
G8	Sample 80	2	1	14	96990	37	1.64
G8	Sample 80	2	1	15	102000	37	1.65
G9	Sample 81	2	1	1	31970	36.91	1.08
G9	Sample 81	2	1	2	36990	36.96	1.07
G9	Sample 81	2	1	3	42000	36.96	1.06
G9	Sample 81	2	1	4	47000	36.96	1.07
G9	Sample 81	2	1	5	52000	37	1.05
G9	Sample 81	2	1	6	57000	37	1.05
G9	Sample 81	2	1	7	62000	37	1.05
G9	Sample 81	2	1	8	67020	36.96	1.04
G9	Sample 81	2	1	9	72000	37	1.04
G9	Sample 81	2	1	10	76990	37	1.04
G9	Sample 81	2	1	11	81990	37	1.05
G9	Sample 81	2	1	12	87000	37	1.04
G9	Sample 81	2	1	13	92000	36.96	1.05
G9	Sample 81	2	1	14	96990	37	1.05
G9	Sample 81	2	1	15	102000	37	1.05
G10	Sample 82	2	1	1	31970	36.91	1.03
G10	Sample 82	2	1	2	36990	36.96	1.03
G10	Sample 82	2	1	3	42000	36.96	1.02
G10	Sample 82	2	1	4	47000	36.96	1.02
G10	Sample 82	2	1	5	52000	37	1.01
G10	Sample 82	2	1	6	57000	37	1.00
G10	Sample 82	2	1	7	62000	37	1.01
G10	Sample 82	2	1	8	67020	36.96	1.00
G10	Sample 82	2	1	9	72000	37	1.00
G10	Sample 82	2	1	10	76990	37	1.00
G10	Sample 82	2	1	11	81990	37	1.00
G10	Sample 82	2	1	12	87000	37	0.99
G10	Sample 82	2	1	13	92000	36.96	1.00
G10	Sample 82	2	1	14	96990	37	1.00
G10	Sample 82	2	1	15	102000	37	1.00
G11	Sample 83	2	1	1	31970	36.91	1.05
G11	Sample 83	2	1	2	36990	36.96	1.04
G11	Sample 83	2	1	3	42000	36.96	1.03
G11	Sample 83	2	1	4	47000	36.96	1.03
G11	Sample 83	2	1	5	52000	37	1.03
G11	Sample 83	2	1	6	57000	37	1.02
G11	Sample 83	2	1	7	62000	37	1.02
G11	Sample 83	2	1	8	67020	36.96	1.01
G11	Sample 83	2	1	9	72000	37	1.02
G11	Sample 83	2	1	10	76990	37	1.01
G11	Sample 83	2	1	11	81990	37	1.00
G11	Sample 83	2	1	12	87000	37	1.01
G11	Sample 83	2	1	13	92000	36.96	1.01
G11	Sample 83	2	1	14	96990	37	1.02
G11	Sample 83	2	1	15	102000	37	1.02
G12	Sample 84	2	1	1	31970	36.91	0.98
G12	Sample 84	2	1	2	36990	36.96	0.97
G12	Sample 84	2	1	3	42000	36.96	0.96
G12	Sample 84	2	1	4	47000	36.96	0.96
G12	Sample 84	2	1	5	52000	37	0.95
G12	Sample 84	2	1	6	57000	37	0.95
G12	Sample 84	2	1	7	62000	37	0.94
G12	Sample 84	2	1	8	67020	36.96	0.94
G12	Sample 84	2	1	9	72000	37	0.94
G12	Sample 84	2	1	10	76990	37	0.94
G12	Sample 84	2	1	11	81990	37	0.94
G12	Sample 84	2	1	12	87000	37	0.94
G12	Sample 84	2	1	13	92000	36.96	0.94
G12	Sample 84	2	1	14	96990	37	0.94
G12	Sample 84	2	1	15	102000	37	0.96
H1	Sample 85	2	1	1	31970	36.91	2.37
H1	Sample 85	2	1	2	36990	36.96	2.36
H1	Sample 85	2	1	3	42000	36.96	2.34
H1	Sample 85	2	1	4	47000	36.96	2.33
H1	Sample 85	2	1	5	52000	37	2.33
H1	Sample 85	2	1	6	57000	37	2.32
H1	Sample 85	2	1	7	62000	37	2.32
H1	Sample 85	2	1	8	67020	36.96	2.31
H1	Sample 85	2	1	9	72000	37	2.31
H1	Sample 85	2	1	10	76990	37	2.32
H1	Sample 85	2	1	11	81990	37	2.32
H1	Sample 85	2	1	12	87000	37	2.31
H1	Sample 85	2	1	13	92000	36.96	2.31
H1	Sample 85	2	1	14	96990	37	2.31
H1	Sample 85	2	1	15	102000	37	2.31
H2	Sample 86	2	1	1	31970	36.91	2.35
H2	Sample 86	2	1	2	36990	36.96	2.33
H2	Sample 86	2	1	3	42000	36.96	2.31
H2	Sample 86	2	1	4	47000	36.96	2.30
H2	Sample 86	2	1	5	52000	37	2.29
H2	Sample 86	2	1	6	57000	37	2.28
H2	Sample 86	2	1	7	62000	37	2.27
H2	Sample 86	2	1	8	67020	36.96	2.27
H2	Sample 86	2	1	9	72000	37	2.26
H2	Sample 86	2	1	10	76990	37	2.26
H2	Sample 86	2	1	11	81990	37	2.26
H2	Sample 86	2	1	12	87000	37	2.26
H2	Sample 86	2	1	13	92000	36.96	2.25
H2	Sample 86	2	1	14	96990	37	2.25
H2	Sample 86	2	1	15	102000	37	2.26
H3	Sample 87	2	1	1	31970	36.91	2.62
H3	Sample 87	2	1	2	36990	36.96	2.59
H3	Sample 87	2	1	3	42000	36.96	2.57
H3	Sample 87	2	1	4	47000	36.96	2.55
H3	Sample 87	2	1	5	52000	37	2.55
H3	Sample 87	2	1	6	57000	37	2.53
H3	Sample 87	2	1	7	62000	37	2.53
H3	Sample 87	2	1	8	67020	36.96	2.51
H3	Sample 87	2	1	9	72000	37	2.51
H3	Sample 87	2	1	10	76990	37	2.50
H3	Sample 87	2	1	11	81990	37	2.50
H3	Sample 87	2	1	12	87000	37	2.50
H3	Sample 87	2	1	13	92000	36.96	2.51
H3	Sample 87	2	1	14	96990	37	2.51
H3	Sample 87	2	1	15	102000	37	2.51
H4	Sample 88	2	1	1	31970	36.91	2.61
H4	Sample 88	2	1	2	36990	36.96	2.59
H4	Sample 88	2	1	3	42000	36.96	2.57
H4	Sample 88	2	1	4	47000	36.96	2.57
H4	Sample 88	2	1	5	52000	37	2.55
H4	Sample 88	2	1	6	57000	37	2.56
H4	Sample 88	2	1	7	62000	37	2.54
H4	Sample 88	2	1	8	67020	36.96	2.53
H4	Sample 88	2	1	9	72000	37	2.54
H4	Sample 88	2	1	10	76990	37	2.52
H4	Sample 88	2	1	11	81990	37	2.52
H4	Sample 88	2	1	12	87000	37	2.53
H4	Sample 88	2	1	13	92000	36.96	2.52
H4	Sample 88	2	1	14	96990	37	2.52
H4	Sample 88	2	1	15	102000	37	2.52
H5	Sample 89	2	1	1	31970	36.91	1.96
H5	Sample 89	2	1	2	36990	36.96	1.94
H5	Sample 89	2	1	3	42000	36.96	1.92
H5	Sample 89	2	1	4	47000	36.96	1.92
H5	Sample 89	2	1	5	52000	37	1.91
H5	Sample 89	2	1	6	57000	37	1.91
H5	Sample 89	2	1	7	62000	37	1.90
H5	Sample 89	2	1	8	67020	36.96	1.89
H5	Sample 89	2	1	9	72000	37	1.89
H5	Sample 89	2	1	10	76990	37	1.88
H5	Sample 89	2	1	11	81990	37	1.89
H5	Sample 89	2	1	12	87000	37	1.88
H5	Sample 89	2	1	13	92000	36.96	1.89
H5	Sample 89	2	1	14	96990	37	1.89
H5	Sample 89	2	1	15	102000	37	1.89
H6	Sample 90	2	1	1	31970	36.91	1.88
H6	Sample 90	2	1	2	36990	36.96	1.87
H6	Sample 90	2	1	3	42000	36.96	1.85
H6	Sample 90	2	1	4	47000	36.96	1.86
H6	Sample 90	2	1	5	52000	37	1.84
H6	Sample 90	2	1	6	57000	37	1.84
H6	Sample 90	2	1	7	62000	37	1.83
H6	Sample 90	2	1	8	67020	36.96	1.82
H6	Sample 90	2	1	9	72000	37	1.83
H6	Sample 90	2	1	10	76990	37	1.82
H6	Sample 90	2	1	11	81990	37	1.82
H6	Sample 90	2	1	12	87000	37	1.83
H6	Sample 90	2	1	13	92000	36.96	1.82
H6	Sample 90	2	1	14	96990	37	1.83
H6	Sample 90	2	1	15	102000	37	1.81
H7	Sample 91	2	1	1	31970	36.91	1.94
H7	Sample 91	2	1	2	36990	36.96	1.93
H7	Sample 91	2	1	3	42000	36.96	1.93
H7	Sample 91	2	1	4	47000	36.96	1.91
H7	Sample 91	2	1	5	52000	37	1.90
H7	Sample 91	2	1	6	57000	37	1.90
H7	Sample 91	2	1	7	62000	37	1.89
H7	Sample 91	2	1	8	67020	36.96	1.90
H7	Sample 91	2	1	9	72000	37	1.89
H7	Sample 91	2	1	10	76990	37	1.88
H7	Sample 91	2	1	11	81990	37	1.88
H7	Sample 91	2	1	12	87000	37	1.88
H7	Sample 91	2	1	13	92000	36.96	1.88
H7	Sample 91	2	1	14	96990	37	1.88
H7	Sample 91	2	1	15	102000	37	1.89
H8	Sample 92	2	1	1	31970	36.91	1.83
H8	Sample 92	2	1	2	36990	36.96	1.81
H8	Sample 92	2	1	3	42000	36.96	1.80
H8	Sample 92	2	1	4	47000	36.96	1.79
H8	Sample 92	2	1	5	52000	37	1.78
H8	Sample 92	2	1	6	57000	37	1.78
H8	Sample 92	2	1	7	62000	37	1.78
H8	Sample 92	2	1	8	67020	36.96	1.77
H8	Sample 92	2	1	9	72000	37	1.77
H8	Sample 92	2	1	10	76990	37	1.77
H8	Sample 92	2	1	11	81990	37	1.76
H8	Sample 92	2	1	12	87000	37	1.77
H8	Sample 92	2	1	13	92000	36.96	1.77
H8	Sample 92	2	1	14	96990	37	1.76
H8	Sample 92	2	1	15	102000	37	1.77
H9	Sample 93	2	1	1	31970	36.91	1.07
H9	Sample 93	2	1	2	36990	36.96	1.06
H9	Sample 93	2	1	3	42000	36.96	1.06
H9	Sample 93	2	1	4	47000	36.96	1.06
H9	Sample 93	2	1	5	52000	37	1.05
H9	Sample 93	2	1	6	57000	37	1.04
H9	Sample 93	2	1	7	62000	37	1.05
H9	Sample 93	2	1	8	67020	36.96	1.04
H9	Sample 93	2	1	9	72000	37	1.04
H9	Sample 93	2	1	10	76990	37	1.04
H9	Sample 93	2	1	11	81990	37	1.03
H9	Sample 93	2	1	12	87000	37	1.04
H9	Sample 93	2	1	13	92000	36.96	1.03
H9	Sample 93	2	1	14	96990	37	1.03
H9	Sample 93	2	1	15	102000	37	1.03
H10	Sample 94	2	1	1	31970	36.91	1.02
H10	Sample 94	2	1	2	36990	36.96	1.01
H10	Sample 94	2	1	3	42000	36.96	1.00
H10	Sample 94	2	1	4	47000	36.96	1.00
H10	Sample 94	2	1	5	52000	37	0.99
H10	Sample 94	2	1	6	57000	37	0.98
H10	Sample 94	2	1	7	62000	37	1.00
H10	Sample 94	2	1	8	67020	36.96	0.99
H10	Sample 94	2	1	9	72000	37	0.98
H10	Sample 94	2	1	10	76990	37	0.98
H10	Sample 94	2	1	11	81990	37	0.99
H10	Sample 94	2	1	12	87000	37	0.98
H10	Sample 94	2	1	13	92000	36.96	0.98
H10	Sample 94	2	1	14	96990	37	0.98
H10	Sample 94	2	1	15	102000	37	0.98
H11	Sample 95	2	1	1	31970	36.91	1.00
H11	Sample 95	2	1	2	36990	36.96	0.99
H11	Sample 95	2	1	3	42000	36.96	0.99
H11	Sample 95	2	1	4	47000	36.96	0.99
H11	Sample 95	2	1	5	52000	37	0.98
H11	Sample 95	2	1	6	57000	37	0.97
H11	Sample 95	2	1	7	62000	37	0.98
H11	Sample 95	2	1	8	67020	36.96	0.98
H11	Sample 95	2	1	9	72000	37	0.98
H11	Sample 95	2	1	10	76990	37	0.97
H11	Sample 95	2	1	11	81990	37	0.98
H11	Sample 95	2	1	12	87000	37	0.97
H11	Sample 95	2	1	13	92000	36.96	0.97
H11	Sample 95	2	1	14	96990	37	0.97
H11	Sample 95	2	1	15	102000	37	0.97
H12	Sample 96	2	1	1	31970	36.91	0.98
H12	Sample 96	2	1	2	36990	36.96	0.97
H12	Sample 96	2	1	3	42000	36.96	0.97
H12	Sample 96	2	1	4	47000	36.96	0.97
H12	Sample 96	2	1	5	52000	37	0.96
H12	Sample 96	2	1	6	57000	37	0.96
H12	Sample 96	2	1	7	62000	37	0.96
H12	Sample 96	2	1	8	67020	36.96	0.96
H12	Sample 96	2	1	9	72000	37	0.95
H12	Sample 96	2	1	10	76990	37	0.95
H12	Sample 96	2	1	11	81990	37	0.95
H12	Sample 96	2	1	12	87000	37	0.96
H12	Sample 96	2	1	13	92000	36.96	0.95
H12	Sample 96	2	1	14	96990	37	0.95
H12	Sample 96	2	1	15	102000	37	0.95
