Raw Data 		Experiment - evIC50_4_plate5_13APRIL2026 (Run on LCS480 1.5.1.62)
SamplePos	SampleName	Prog#	Seg#	Cycle#	Time	Temp	465-510	
A1	Sample 1	2	1	1	27510	36.96	2.01
A1	Sample 1	2	1	2	31870	36.96	2.01
A1	Sample 1	2	1	3	36270	37	2.01
A1	Sample 1	2	1	4	40660	36.96	2.01
A1	Sample 1	2	1	5	44970	37	2.03
A1	Sample 1	2	1	6	49370	36.96	2.03
A1	Sample 1	2	1	7	53790	37	2.00
A1	Sample 1	2	1	8	58170	36.96	2.00
A1	Sample 1	2	1	9	62570	36.96	2.01
A1	Sample 1	2	1	10	66980	37	2.00
A1	Sample 1	2	1	11	71370	36.96	2.03
A1	Sample 1	2	1	12	75670	36.96	2.01
A1	Sample 1	2	1	13	80060	37	2.00
A1	Sample 1	2	1	14	84360	37	2.03
A1	Sample 1	2	1	15	88670	36.96	2.02
A2	Sample 2	2	1	1	27510	36.96	2.20
A2	Sample 2	2	1	2	31870	36.96	2.20
A2	Sample 2	2	1	3	36270	37	2.18
A2	Sample 2	2	1	4	40660	36.96	2.19
A2	Sample 2	2	1	5	44970	37	2.20
A2	Sample 2	2	1	6	49370	36.96	2.19
A2	Sample 2	2	1	7	53790	37	2.19
A2	Sample 2	2	1	8	58170	36.96	2.18
A2	Sample 2	2	1	9	62570	36.96	2.18
A2	Sample 2	2	1	10	66980	37	2.19
A2	Sample 2	2	1	11	71370	36.96	2.19
A2	Sample 2	2	1	12	75670	36.96	2.18
A2	Sample 2	2	1	13	80060	37	2.18
A2	Sample 2	2	1	14	84360	37	2.19
A2	Sample 2	2	1	15	88670	36.96	2.19
A3	Sample 3	2	1	1	27510	36.96	2.54
A3	Sample 3	2	1	2	31870	36.96	2.53
A3	Sample 3	2	1	3	36270	37	2.51
A3	Sample 3	2	1	4	40660	36.96	2.51
A3	Sample 3	2	1	5	44970	37	2.53
A3	Sample 3	2	1	6	49370	36.96	2.54
A3	Sample 3	2	1	7	53790	37	2.53
A3	Sample 3	2	1	8	58170	36.96	2.53
A3	Sample 3	2	1	9	62570	36.96	2.51
A3	Sample 3	2	1	10	66980	37	2.53
A3	Sample 3	2	1	11	71370	36.96	2.51
A3	Sample 3	2	1	12	75670	36.96	2.50
A3	Sample 3	2	1	13	80060	37	2.51
A3	Sample 3	2	1	14	84360	37	2.53
A3	Sample 3	2	1	15	88670	36.96	2.53
A4	Sample 4	2	1	1	27510	36.96	2.41
A4	Sample 4	2	1	2	31870	36.96	2.41
A4	Sample 4	2	1	3	36270	37	2.39
A4	Sample 4	2	1	4	40660	36.96	2.40
A4	Sample 4	2	1	5	44970	37	2.41
A4	Sample 4	2	1	6	49370	36.96	2.41
A4	Sample 4	2	1	7	53790	37	2.40
A4	Sample 4	2	1	8	58170	36.96	2.40
A4	Sample 4	2	1	9	62570	36.96	2.39
A4	Sample 4	2	1	10	66980	37	2.39
A4	Sample 4	2	1	11	71370	36.96	2.41
A4	Sample 4	2	1	12	75670	36.96	2.37
A4	Sample 4	2	1	13	80060	37	2.39
A4	Sample 4	2	1	14	84360	37	2.40
A4	Sample 4	2	1	15	88670	36.96	2.40
A5	Sample 5	2	1	1	27510	36.96	1.53
A5	Sample 5	2	1	2	31870	36.96	1.52
A5	Sample 5	2	1	3	36270	37	1.51
A5	Sample 5	2	1	4	40660	36.96	1.51
A5	Sample 5	2	1	5	44970	37	1.52
A5	Sample 5	2	1	6	49370	36.96	1.52
A5	Sample 5	2	1	7	53790	37	1.51
A5	Sample 5	2	1	8	58170	36.96	1.52
A5	Sample 5	2	1	9	62570	36.96	1.48
A5	Sample 5	2	1	10	66980	37	1.52
A5	Sample 5	2	1	11	71370	36.96	1.53
A5	Sample 5	2	1	12	75670	36.96	1.51
A5	Sample 5	2	1	13	80060	37	1.51
A5	Sample 5	2	1	14	84360	37	1.49
A5	Sample 5	2	1	15	88670	36.96	1.53
A6	Sample 6	2	1	1	27510	36.96	1.54
A6	Sample 6	2	1	2	31870	36.96	1.56
A6	Sample 6	2	1	3	36270	37	1.55
A6	Sample 6	2	1	4	40660	36.96	1.56
A6	Sample 6	2	1	5	44970	37	1.56
A6	Sample 6	2	1	6	49370	36.96	1.56
A6	Sample 6	2	1	7	53790	37	1.55
A6	Sample 6	2	1	8	58170	36.96	1.55
A6	Sample 6	2	1	9	62570	36.96	1.53
A6	Sample 6	2	1	10	66980	37	1.55
A6	Sample 6	2	1	11	71370	36.96	1.56
A6	Sample 6	2	1	12	75670	36.96	1.55
A6	Sample 6	2	1	13	80060	37	1.55
A6	Sample 6	2	1	14	84360	37	1.56
A6	Sample 6	2	1	15	88670	36.96	1.55
A7	Sample 7	2	1	1	27510	36.96	1.51
A7	Sample 7	2	1	2	31870	36.96	1.53
A7	Sample 7	2	1	3	36270	37	1.51
A7	Sample 7	2	1	4	40660	36.96	1.52
A7	Sample 7	2	1	5	44970	37	1.52
A7	Sample 7	2	1	6	49370	36.96	1.52
A7	Sample 7	2	1	7	53790	37	1.52
A7	Sample 7	2	1	8	58170	36.96	1.51
A7	Sample 7	2	1	9	62570	36.96	1.49
A7	Sample 7	2	1	10	66980	37	1.52
A7	Sample 7	2	1	11	71370	36.96	1.52
A7	Sample 7	2	1	12	75670	36.96	1.52
A7	Sample 7	2	1	13	80060	37	1.49
A7	Sample 7	2	1	14	84360	37	1.52
A7	Sample 7	2	1	15	88670	36.96	1.52
A8	Sample 8	2	1	1	27510	36.96	1.51
A8	Sample 8	2	1	2	31870	36.96	1.52
A8	Sample 8	2	1	3	36270	37	1.51
A8	Sample 8	2	1	4	40660	36.96	1.52
A8	Sample 8	2	1	5	44970	37	1.52
A8	Sample 8	2	1	6	49370	36.96	1.52
A8	Sample 8	2	1	7	53790	37	1.51
A8	Sample 8	2	1	8	58170	36.96	1.51
A8	Sample 8	2	1	9	62570	36.96	1.51
A8	Sample 8	2	1	10	66980	37	1.51
A8	Sample 8	2	1	11	71370	36.96	1.51
A8	Sample 8	2	1	12	75670	36.96	1.51
A8	Sample 8	2	1	13	80060	37	1.51
A8	Sample 8	2	1	14	84360	37	1.52
A8	Sample 8	2	1	15	88670	36.96	1.52
A9	Sample 9	2	1	1	27510	36.96	8.08
A9	Sample 9	2	1	2	31870	36.96	8.11
A9	Sample 9	2	1	3	36270	37	8.09
A9	Sample 9	2	1	4	40660	36.96	8.12
A9	Sample 9	2	1	5	44970	37	8.11
A9	Sample 9	2	1	6	49370	36.96	8.11
A9	Sample 9	2	1	7	53790	37	8.12
A9	Sample 9	2	1	8	58170	36.96	8.09
A9	Sample 9	2	1	9	62570	36.96	8.10
A9	Sample 9	2	1	10	66980	37	8.11
A9	Sample 9	2	1	11	71370	36.96	8.11
A9	Sample 9	2	1	12	75670	36.96	8.08
A9	Sample 9	2	1	13	80060	37	8.08
A9	Sample 9	2	1	14	84360	37	8.10
A9	Sample 9	2	1	15	88670	36.96	8.06
A10	Sample 10	2	1	1	27510	36.96	8.30
A10	Sample 10	2	1	2	31870	36.96	8.26
A10	Sample 10	2	1	3	36270	37	8.28
A10	Sample 10	2	1	4	40660	36.96	8.28
A10	Sample 10	2	1	5	44970	37	8.29
A10	Sample 10	2	1	6	49370	36.96	8.26
A10	Sample 10	2	1	7	53790	37	8.29
A10	Sample 10	2	1	8	58170	36.96	8.28
A10	Sample 10	2	1	9	62570	36.96	8.27
A10	Sample 10	2	1	10	66980	37	8.25
A10	Sample 10	2	1	11	71370	36.96	8.31
A10	Sample 10	2	1	12	75670	36.96	8.27
A10	Sample 10	2	1	13	80060	37	8.27
A10	Sample 10	2	1	14	84360	37	8.28
A10	Sample 10	2	1	15	88670	36.96	8.28
A11	Sample 11	2	1	1	27510	36.96	8.23
A11	Sample 11	2	1	2	31870	36.96	8.26
A11	Sample 11	2	1	3	36270	37	8.25
A11	Sample 11	2	1	4	40660	36.96	8.25
A11	Sample 11	2	1	5	44970	37	8.26
A11	Sample 11	2	1	6	49370	36.96	8.25
A11	Sample 11	2	1	7	53790	37	8.29
A11	Sample 11	2	1	8	58170	36.96	8.26
A11	Sample 11	2	1	9	62570	36.96	8.25
A11	Sample 11	2	1	10	66980	37	8.23
A11	Sample 11	2	1	11	71370	36.96	8.24
A11	Sample 11	2	1	12	75670	36.96	8.24
A11	Sample 11	2	1	13	80060	37	8.24
A11	Sample 11	2	1	14	84360	37	8.24
A11	Sample 11	2	1	15	88670	36.96	8.25
A12	Sample 12	2	1	1	27510	36.96	7.12
A12	Sample 12	2	1	2	31870	36.96	7.16
A12	Sample 12	2	1	3	36270	37	7.15
A12	Sample 12	2	1	4	40660	36.96	7.14
A12	Sample 12	2	1	5	44970	37	7.14
A12	Sample 12	2	1	6	49370	36.96	7.16
A12	Sample 12	2	1	7	53790	37	7.15
A12	Sample 12	2	1	8	58170	36.96	7.12
A12	Sample 12	2	1	9	62570	36.96	7.14
A12	Sample 12	2	1	10	66980	37	7.12
A12	Sample 12	2	1	11	71370	36.96	7.15
A12	Sample 12	2	1	12	75670	36.96	7.14
A12	Sample 12	2	1	13	80060	37	7.14
A12	Sample 12	2	1	14	84360	37	7.15
A12	Sample 12	2	1	15	88670	36.96	7.14
B1	Sample 13	2	1	1	27510	36.96	1.96
B1	Sample 13	2	1	2	31870	36.96	1.96
B1	Sample 13	2	1	3	36270	37	1.97
B1	Sample 13	2	1	4	40660	36.96	1.95
B1	Sample 13	2	1	5	44970	37	1.96
B1	Sample 13	2	1	6	49370	36.96	1.97
B1	Sample 13	2	1	7	53790	37	1.96
B1	Sample 13	2	1	8	58170	36.96	1.95
B1	Sample 13	2	1	9	62570	36.96	1.93
B1	Sample 13	2	1	10	66980	37	1.93
B1	Sample 13	2	1	11	71370	36.96	1.95
B1	Sample 13	2	1	12	75670	36.96	1.95
B1	Sample 13	2	1	13	80060	37	1.96
B1	Sample 13	2	1	14	84360	37	1.96
B1	Sample 13	2	1	15	88670	36.96	1.93
B2	Sample 14	2	1	1	27510	36.96	2.10
B2	Sample 14	2	1	2	31870	36.96	2.10
B2	Sample 14	2	1	3	36270	37	2.10
B2	Sample 14	2	1	4	40660	36.96	2.08
B2	Sample 14	2	1	5	44970	37	2.10
B2	Sample 14	2	1	6	49370	36.96	2.11
B2	Sample 14	2	1	7	53790	37	2.10
B2	Sample 14	2	1	8	58170	36.96	2.08
B2	Sample 14	2	1	9	62570	36.96	2.07
B2	Sample 14	2	1	10	66980	37	2.07
B2	Sample 14	2	1	11	71370	36.96	2.10
B2	Sample 14	2	1	12	75670	36.96	2.10
B2	Sample 14	2	1	13	80060	37	2.10
B2	Sample 14	2	1	14	84360	37	2.10
B2	Sample 14	2	1	15	88670	36.96	2.07
B3	Sample 15	2	1	1	27510	36.96	2.50
B3	Sample 15	2	1	2	31870	36.96	2.48
B3	Sample 15	2	1	3	36270	37	2.48
B3	Sample 15	2	1	4	40660	36.96	2.48
B3	Sample 15	2	1	5	44970	37	2.48
B3	Sample 15	2	1	6	49370	36.96	2.48
B3	Sample 15	2	1	7	53790	37	2.48
B3	Sample 15	2	1	8	58170	36.96	2.46
B3	Sample 15	2	1	9	62570	36.96	2.44
B3	Sample 15	2	1	10	66980	37	2.46
B3	Sample 15	2	1	11	71370	36.96	2.46
B3	Sample 15	2	1	12	75670	36.96	2.47
B3	Sample 15	2	1	13	80060	37	2.46
B3	Sample 15	2	1	14	84360	37	2.47
B3	Sample 15	2	1	15	88670	36.96	2.45
B4	Sample 16	2	1	1	27510	36.96	2.43
B4	Sample 16	2	1	2	31870	36.96	2.43
B4	Sample 16	2	1	3	36270	37	2.45
B4	Sample 16	2	1	4	40660	36.96	2.42
B4	Sample 16	2	1	5	44970	37	2.43
B4	Sample 16	2	1	6	49370	36.96	2.43
B4	Sample 16	2	1	7	53790	37	2.41
B4	Sample 16	2	1	8	58170	36.96	2.41
B4	Sample 16	2	1	9	62570	36.96	2.41
B4	Sample 16	2	1	10	66980	37	2.41
B4	Sample 16	2	1	11	71370	36.96	2.44
B4	Sample 16	2	1	12	75670	36.96	2.42
B4	Sample 16	2	1	13	80060	37	2.44
B4	Sample 16	2	1	14	84360	37	2.41
B4	Sample 16	2	1	15	88670	36.96	2.41
B5	Sample 17	2	1	1	27510	36.96	1.44
B5	Sample 17	2	1	2	31870	36.96	1.44
B5	Sample 17	2	1	3	36270	37	1.44
B5	Sample 17	2	1	4	40660	36.96	1.43
B5	Sample 17	2	1	5	44970	37	1.44
B5	Sample 17	2	1	6	49370	36.96	1.43
B5	Sample 17	2	1	7	53790	37	1.43
B5	Sample 17	2	1	8	58170	36.96	1.41
B5	Sample 17	2	1	9	62570	36.96	1.41
B5	Sample 17	2	1	10	66980	37	1.41
B5	Sample 17	2	1	11	71370	36.96	1.43
B5	Sample 17	2	1	12	75670	36.96	1.44
B5	Sample 17	2	1	13	80060	37	1.43
B5	Sample 17	2	1	14	84360	37	1.43
B5	Sample 17	2	1	15	88670	36.96	1.40
B6	Sample 18	2	1	1	27510	36.96	1.47
B6	Sample 18	2	1	2	31870	36.96	1.49
B6	Sample 18	2	1	3	36270	37	1.48
B6	Sample 18	2	1	4	40660	36.96	1.48
B6	Sample 18	2	1	5	44970	37	1.49
B6	Sample 18	2	1	6	49370	36.96	1.49
B6	Sample 18	2	1	7	53790	37	1.48
B6	Sample 18	2	1	8	58170	36.96	1.46
B6	Sample 18	2	1	9	62570	36.96	1.48
B6	Sample 18	2	1	10	66980	37	1.46
B6	Sample 18	2	1	11	71370	36.96	1.46
B6	Sample 18	2	1	12	75670	36.96	1.48
B6	Sample 18	2	1	13	80060	37	1.46
B6	Sample 18	2	1	14	84360	37	1.48
B6	Sample 18	2	1	15	88670	36.96	1.45
B7	Sample 19	2	1	1	27510	36.96	1.49
B7	Sample 19	2	1	2	31870	36.96	1.50
B7	Sample 19	2	1	3	36270	37	1.50
B7	Sample 19	2	1	4	40660	36.96	1.50
B7	Sample 19	2	1	5	44970	37	1.50
B7	Sample 19	2	1	6	49370	36.96	1.50
B7	Sample 19	2	1	7	53790	37	1.49
B7	Sample 19	2	1	8	58170	36.96	1.49
B7	Sample 19	2	1	9	62570	36.96	1.47
B7	Sample 19	2	1	10	66980	37	1.47
B7	Sample 19	2	1	11	71370	36.96	1.48
B7	Sample 19	2	1	12	75670	36.96	1.50
B7	Sample 19	2	1	13	80060	37	1.50
B7	Sample 19	2	1	14	84360	37	1.47
B7	Sample 19	2	1	15	88670	36.96	1.46
B8	Sample 20	2	1	1	27510	36.96	1.42
B8	Sample 20	2	1	2	31870	36.96	1.44
B8	Sample 20	2	1	3	36270	37	1.42
B8	Sample 20	2	1	4	40660	36.96	1.42
B8	Sample 20	2	1	5	44970	37	1.42
B8	Sample 20	2	1	6	49370	36.96	1.44
B8	Sample 20	2	1	7	53790	37	1.42
B8	Sample 20	2	1	8	58170	36.96	1.41
B8	Sample 20	2	1	9	62570	36.96	1.42
B8	Sample 20	2	1	10	66980	37	1.41
B8	Sample 20	2	1	11	71370	36.96	1.42
B8	Sample 20	2	1	12	75670	36.96	1.44
B8	Sample 20	2	1	13	80060	37	1.41
B8	Sample 20	2	1	14	84360	37	1.41
B8	Sample 20	2	1	15	88670	36.96	1.40
B9	Sample 21	2	1	1	27510	36.96	8.45
B9	Sample 21	2	1	2	31870	36.96	8.47
B9	Sample 21	2	1	3	36270	37	8.47
B9	Sample 21	2	1	4	40660	36.96	8.47
B9	Sample 21	2	1	5	44970	37	8.49
B9	Sample 21	2	1	6	49370	36.96	8.48
B9	Sample 21	2	1	7	53790	37	8.50
B9	Sample 21	2	1	8	58170	36.96	8.47
B9	Sample 21	2	1	9	62570	36.96	8.46
B9	Sample 21	2	1	10	66980	37	8.47
B9	Sample 21	2	1	11	71370	36.96	8.47
B9	Sample 21	2	1	12	75670	36.96	8.44
B9	Sample 21	2	1	13	80060	37	8.48
B9	Sample 21	2	1	14	84360	37	8.42
B9	Sample 21	2	1	15	88670	36.96	8.45
B10	Sample 22	2	1	1	27510	36.96	8.22
B10	Sample 22	2	1	2	31870	36.96	8.24
B10	Sample 22	2	1	3	36270	37	8.20
B10	Sample 22	2	1	4	40660	36.96	8.23
B10	Sample 22	2	1	5	44970	37	8.23
B10	Sample 22	2	1	6	49370	36.96	8.22
B10	Sample 22	2	1	7	53790	37	8.24
B10	Sample 22	2	1	8	58170	36.96	8.21
B10	Sample 22	2	1	9	62570	36.96	8.24
B10	Sample 22	2	1	10	66980	37	8.21
B10	Sample 22	2	1	11	71370	36.96	8.22
B10	Sample 22	2	1	12	75670	36.96	8.23
B10	Sample 22	2	1	13	80060	37	8.21
B10	Sample 22	2	1	14	84360	37	8.23
B10	Sample 22	2	1	15	88670	36.96	8.19
B11	Sample 23	2	1	1	27510	36.96	9.15
B11	Sample 23	2	1	2	31870	36.96	9.19
B11	Sample 23	2	1	3	36270	37	9.16
B11	Sample 23	2	1	4	40660	36.96	9.17
B11	Sample 23	2	1	5	44970	37	9.17
B11	Sample 23	2	1	6	49370	36.96	9.16
B11	Sample 23	2	1	7	53790	37	9.18
B11	Sample 23	2	1	8	58170	36.96	9.14
B11	Sample 23	2	1	9	62570	36.96	9.15
B11	Sample 23	2	1	10	66980	37	9.13
B11	Sample 23	2	1	11	71370	36.96	9.16
B11	Sample 23	2	1	12	75670	36.96	9.13
B11	Sample 23	2	1	13	80060	37	9.15
B11	Sample 23	2	1	14	84360	37	9.11
B11	Sample 23	2	1	15	88670	36.96	9.12
B12	Sample 24	2	1	1	27510	36.96	7.96
B12	Sample 24	2	1	2	31870	36.96	7.93
B12	Sample 24	2	1	3	36270	37	7.95
B12	Sample 24	2	1	4	40660	36.96	7.96
B12	Sample 24	2	1	5	44970	37	7.96
B12	Sample 24	2	1	6	49370	36.96	7.96
B12	Sample 24	2	1	7	53790	37	7.99
B12	Sample 24	2	1	8	58170	36.96	7.95
B12	Sample 24	2	1	9	62570	36.96	7.95
B12	Sample 24	2	1	10	66980	37	7.98
B12	Sample 24	2	1	11	71370	36.96	7.96
B12	Sample 24	2	1	12	75670	36.96	7.96
B12	Sample 24	2	1	13	80060	37	7.98
B12	Sample 24	2	1	14	84360	37	7.98
B12	Sample 24	2	1	15	88670	36.96	7.95
C1	Sample 25	2	1	1	27510	36.96	2.11
C1	Sample 25	2	1	2	31870	36.96	2.10
C1	Sample 25	2	1	3	36270	37	2.10
C1	Sample 25	2	1	4	40660	36.96	2.10
C1	Sample 25	2	1	5	44970	37	2.11
C1	Sample 25	2	1	6	49370	36.96	2.10
C1	Sample 25	2	1	7	53790	37	2.07
C1	Sample 25	2	1	8	58170	36.96	2.09
C1	Sample 25	2	1	9	62570	36.96	2.09
C1	Sample 25	2	1	10	66980	37	2.09
C1	Sample 25	2	1	11	71370	36.96	2.09
C1	Sample 25	2	1	12	75670	36.96	2.09
C1	Sample 25	2	1	13	80060	37	2.09
C1	Sample 25	2	1	14	84360	37	2.07
C1	Sample 25	2	1	15	88670	36.96	2.07
C2	Sample 26	2	1	1	27510	36.96	2.18
C2	Sample 26	2	1	2	31870	36.96	2.15
C2	Sample 26	2	1	3	36270	37	2.17
C2	Sample 26	2	1	4	40660	36.96	2.15
C2	Sample 26	2	1	5	44970	37	2.17
C2	Sample 26	2	1	6	49370	36.96	2.14
C2	Sample 26	2	1	7	53790	37	2.13
C2	Sample 26	2	1	8	58170	36.96	2.14
C2	Sample 26	2	1	9	62570	36.96	2.14
C2	Sample 26	2	1	10	66980	37	2.14
C2	Sample 26	2	1	11	71370	36.96	2.14
C2	Sample 26	2	1	12	75670	36.96	2.13
C2	Sample 26	2	1	13	80060	37	2.14
C2	Sample 26	2	1	14	84360	37	2.13
C2	Sample 26	2	1	15	88670	36.96	2.11
C3	Sample 27	2	1	1	27510	36.96	2.38
C3	Sample 27	2	1	2	31870	36.96	2.38
C3	Sample 27	2	1	3	36270	37	2.37
C3	Sample 27	2	1	4	40660	36.96	2.38
C3	Sample 27	2	1	5	44970	37	2.37
C3	Sample 27	2	1	6	49370	36.96	2.37
C3	Sample 27	2	1	7	53790	37	2.37
C3	Sample 27	2	1	8	58170	36.96	2.35
C3	Sample 27	2	1	9	62570	36.96	2.37
C3	Sample 27	2	1	10	66980	37	2.37
C3	Sample 27	2	1	11	71370	36.96	2.36
C3	Sample 27	2	1	12	75670	36.96	2.36
C3	Sample 27	2	1	13	80060	37	2.36
C3	Sample 27	2	1	14	84360	37	2.36
C3	Sample 27	2	1	15	88670	36.96	2.34
C4	Sample 28	2	1	1	27510	36.96	2.38
C4	Sample 28	2	1	2	31870	36.96	2.36
C4	Sample 28	2	1	3	36270	37	2.37
C4	Sample 28	2	1	4	40660	36.96	2.37
C4	Sample 28	2	1	5	44970	37	2.37
C4	Sample 28	2	1	6	49370	36.96	2.37
C4	Sample 28	2	1	7	53790	37	2.37
C4	Sample 28	2	1	8	58170	36.96	2.36
C4	Sample 28	2	1	9	62570	36.96	2.36
C4	Sample 28	2	1	10	66980	37	2.37
C4	Sample 28	2	1	11	71370	36.96	2.36
C4	Sample 28	2	1	12	75670	36.96	2.35
C4	Sample 28	2	1	13	80060	37	2.36
C4	Sample 28	2	1	14	84360	37	2.35
C4	Sample 28	2	1	15	88670	36.96	2.33
C5	Sample 29	2	1	1	27510	36.96	1.46
C5	Sample 29	2	1	2	31870	36.96	1.45
C5	Sample 29	2	1	3	36270	37	1.47
C5	Sample 29	2	1	4	40660	36.96	1.45
C5	Sample 29	2	1	5	44970	37	1.47
C5	Sample 29	2	1	6	49370	36.96	1.45
C5	Sample 29	2	1	7	53790	37	1.45
C5	Sample 29	2	1	8	58170	36.96	1.45
C5	Sample 29	2	1	9	62570	36.96	1.47
C5	Sample 29	2	1	10	66980	37	1.45
C5	Sample 29	2	1	11	71370	36.96	1.47
C5	Sample 29	2	1	12	75670	36.96	1.44
C5	Sample 29	2	1	13	80060	37	1.45
C5	Sample 29	2	1	14	84360	37	1.45
C5	Sample 29	2	1	15	88670	36.96	1.43
C6	Sample 30	2	1	1	27510	36.96	1.61
C6	Sample 30	2	1	2	31870	36.96	1.59
C6	Sample 30	2	1	3	36270	37	1.59
C6	Sample 30	2	1	4	40660	36.96	1.58
C6	Sample 30	2	1	5	44970	37	1.61
C6	Sample 30	2	1	6	49370	36.96	1.59
C6	Sample 30	2	1	7	53790	37	1.58
C6	Sample 30	2	1	8	58170	36.96	1.58
C6	Sample 30	2	1	9	62570	36.96	1.57
C6	Sample 30	2	1	10	66980	37	1.58
C6	Sample 30	2	1	11	71370	36.96	1.59
C6	Sample 30	2	1	12	75670	36.96	1.57
C6	Sample 30	2	1	13	80060	37	1.58
C6	Sample 30	2	1	14	84360	37	1.58
C6	Sample 30	2	1	15	88670	36.96	1.57
C7	Sample 31	2	1	1	27510	36.96	1.53
C7	Sample 31	2	1	2	31870	36.96	1.50
C7	Sample 31	2	1	3	36270	37	1.50
C7	Sample 31	2	1	4	40660	36.96	1.50
C7	Sample 31	2	1	5	44970	37	1.51
C7	Sample 31	2	1	6	49370	36.96	1.50
C7	Sample 31	2	1	7	53790	37	1.50
C7	Sample 31	2	1	8	58170	36.96	1.50
C7	Sample 31	2	1	9	62570	36.96	1.49
C7	Sample 31	2	1	10	66980	37	1.50
C7	Sample 31	2	1	11	71370	36.96	1.49
C7	Sample 31	2	1	12	75670	36.96	1.49
C7	Sample 31	2	1	13	80060	37	1.47
C7	Sample 31	2	1	14	84360	37	1.50
C7	Sample 31	2	1	15	88670	36.96	1.47
C8	Sample 32	2	1	1	27510	36.96	1.47
C8	Sample 32	2	1	2	31870	36.96	1.47
C8	Sample 32	2	1	3	36270	37	1.49
C8	Sample 32	2	1	4	40660	36.96	1.47
C8	Sample 32	2	1	5	44970	37	1.47
C8	Sample 32	2	1	6	49370	36.96	1.49
C8	Sample 32	2	1	7	53790	37	1.46
C8	Sample 32	2	1	8	58170	36.96	1.46
C8	Sample 32	2	1	9	62570	36.96	1.46
C8	Sample 32	2	1	10	66980	37	1.46
C8	Sample 32	2	1	11	71370	36.96	1.47
C8	Sample 32	2	1	12	75670	36.96	1.46
C8	Sample 32	2	1	13	80060	37	1.46
C8	Sample 32	2	1	14	84360	37	1.46
C8	Sample 32	2	1	15	88670	36.96	1.45
C9	Sample 33	2	1	1	27510	36.96	8.45
C9	Sample 33	2	1	2	31870	36.96	8.44
C9	Sample 33	2	1	3	36270	37	8.44
C9	Sample 33	2	1	4	40660	36.96	8.43
C9	Sample 33	2	1	5	44970	37	8.44
C9	Sample 33	2	1	6	49370	36.96	8.42
C9	Sample 33	2	1	7	53790	37	8.41
C9	Sample 33	2	1	8	58170	36.96	8.44
C9	Sample 33	2	1	9	62570	36.96	8.43
C9	Sample 33	2	1	10	66980	37	8.44
C9	Sample 33	2	1	11	71370	36.96	8.42
C9	Sample 33	2	1	12	75670	36.96	8.43
C9	Sample 33	2	1	13	80060	37	8.43
C9	Sample 33	2	1	14	84360	37	8.41
C9	Sample 33	2	1	15	88670	36.96	8.40
C10	Sample 34	2	1	1	27510	36.96	9.01
C10	Sample 34	2	1	2	31870	36.96	8.97
C10	Sample 34	2	1	3	36270	37	8.97
C10	Sample 34	2	1	4	40660	36.96	8.97
C10	Sample 34	2	1	5	44970	37	8.97
C10	Sample 34	2	1	6	49370	36.96	8.97
C10	Sample 34	2	1	7	53790	37	8.96
C10	Sample 34	2	1	8	58170	36.96	8.97
C10	Sample 34	2	1	9	62570	36.96	8.95
C10	Sample 34	2	1	10	66980	37	8.95
C10	Sample 34	2	1	11	71370	36.96	8.95
C10	Sample 34	2	1	12	75670	36.96	8.92
C10	Sample 34	2	1	13	80060	37	8.93
C10	Sample 34	2	1	14	84360	37	8.91
C10	Sample 34	2	1	15	88670	36.96	8.92
C11	Sample 35	2	1	1	27510	36.96	8.27
C11	Sample 35	2	1	2	31870	36.96	8.27
C11	Sample 35	2	1	3	36270	37	8.28
C11	Sample 35	2	1	4	40660	36.96	8.28
C11	Sample 35	2	1	5	44970	37	8.28
C11	Sample 35	2	1	6	49370	36.96	8.27
C11	Sample 35	2	1	7	53790	37	8.27
C11	Sample 35	2	1	8	58170	36.96	8.28
C11	Sample 35	2	1	9	62570	36.96	8.30
C11	Sample 35	2	1	10	66980	37	8.28
C11	Sample 35	2	1	11	71370	36.96	8.31
C11	Sample 35	2	1	12	75670	36.96	8.27
C11	Sample 35	2	1	13	80060	37	8.27
C11	Sample 35	2	1	14	84360	37	8.26
C11	Sample 35	2	1	15	88670	36.96	8.25
C12	Sample 36	2	1	1	27510	36.96	8.54
C12	Sample 36	2	1	2	31870	36.96	8.54
C12	Sample 36	2	1	3	36270	37	8.57
C12	Sample 36	2	1	4	40660	36.96	8.57
C12	Sample 36	2	1	5	44970	37	8.57
C12	Sample 36	2	1	6	49370	36.96	8.57
C12	Sample 36	2	1	7	53790	37	8.54
C12	Sample 36	2	1	8	58170	36.96	8.56
C12	Sample 36	2	1	9	62570	36.96	8.54
C12	Sample 36	2	1	10	66980	37	8.56
C12	Sample 36	2	1	11	71370	36.96	8.55
C12	Sample 36	2	1	12	75670	36.96	8.53
C12	Sample 36	2	1	13	80060	37	8.53
C12	Sample 36	2	1	14	84360	37	8.55
C12	Sample 36	2	1	15	88670	36.96	8.55
D1	Sample 37	2	1	1	27510	36.96	2.27
D1	Sample 37	2	1	2	31870	36.96	2.27
D1	Sample 37	2	1	3	36270	37	2.27
D1	Sample 37	2	1	4	40660	36.96	2.27
D1	Sample 37	2	1	5	44970	37	2.27
D1	Sample 37	2	1	6	49370	36.96	2.27
D1	Sample 37	2	1	7	53790	37	2.25
D1	Sample 37	2	1	8	58170	36.96	2.26
D1	Sample 37	2	1	9	62570	36.96	2.26
D1	Sample 37	2	1	10	66980	37	2.25
D1	Sample 37	2	1	11	71370	36.96	2.26
D1	Sample 37	2	1	12	75670	36.96	2.25
D1	Sample 37	2	1	13	80060	37	2.26
D1	Sample 37	2	1	14	84360	37	2.25
D1	Sample 37	2	1	15	88670	36.96	2.25
D2	Sample 38	2	1	1	27510	36.96	2.14
D2	Sample 38	2	1	2	31870	36.96	2.14
D2	Sample 38	2	1	3	36270	37	2.12
D2	Sample 38	2	1	4	40660	36.96	2.12
D2	Sample 38	2	1	5	44970	37	2.10
D2	Sample 38	2	1	6	49370	36.96	2.10
D2	Sample 38	2	1	7	53790	37	2.08
D2	Sample 38	2	1	8	58170	36.96	2.10
D2	Sample 38	2	1	9	62570	36.96	2.08
D2	Sample 38	2	1	10	66980	37	2.10
D2	Sample 38	2	1	11	71370	36.96	2.11
D2	Sample 38	2	1	12	75670	36.96	2.10
D2	Sample 38	2	1	13	80060	37	2.11
D2	Sample 38	2	1	14	84360	37	2.10
D2	Sample 38	2	1	15	88670	36.96	2.11
D3	Sample 39	2	1	1	27510	36.96	2.31
D3	Sample 39	2	1	2	31870	36.96	2.31
D3	Sample 39	2	1	3	36270	37	2.30
D3	Sample 39	2	1	4	40660	36.96	2.30
D3	Sample 39	2	1	5	44970	37	2.30
D3	Sample 39	2	1	6	49370	36.96	2.28
D3	Sample 39	2	1	7	53790	37	2.28
D3	Sample 39	2	1	8	58170	36.96	2.28
D3	Sample 39	2	1	9	62570	36.96	2.28
D3	Sample 39	2	1	10	66980	37	2.27
D3	Sample 39	2	1	11	71370	36.96	2.30
D3	Sample 39	2	1	12	75670	36.96	2.27
D3	Sample 39	2	1	13	80060	37	2.27
D3	Sample 39	2	1	14	84360	37	2.26
D3	Sample 39	2	1	15	88670	36.96	2.27
D4	Sample 40	2	1	1	27510	36.96	2.32
D4	Sample 40	2	1	2	31870	36.96	2.32
D4	Sample 40	2	1	3	36270	37	2.33
D4	Sample 40	2	1	4	40660	36.96	2.34
D4	Sample 40	2	1	5	44970	37	2.33
D4	Sample 40	2	1	6	49370	36.96	2.33
D4	Sample 40	2	1	7	53790	37	2.31
D4	Sample 40	2	1	8	58170	36.96	2.31
D4	Sample 40	2	1	9	62570	36.96	2.30
D4	Sample 40	2	1	10	66980	37	2.31
D4	Sample 40	2	1	11	71370	36.96	2.33
D4	Sample 40	2	1	12	75670	36.96	2.31
D4	Sample 40	2	1	13	80060	37	2.31
D4	Sample 40	2	1	14	84360	37	2.30
D4	Sample 40	2	1	15	88670	36.96	2.30
D5	Sample 41	2	1	1	27510	36.96	1.59
D5	Sample 41	2	1	2	31870	36.96	1.61
D5	Sample 41	2	1	3	36270	37	1.60
D5	Sample 41	2	1	4	40660	36.96	1.59
D5	Sample 41	2	1	5	44970	37	1.60
D5	Sample 41	2	1	6	49370	36.96	1.60
D5	Sample 41	2	1	7	53790	37	1.59
D5	Sample 41	2	1	8	58170	36.96	1.59
D5	Sample 41	2	1	9	62570	36.96	1.59
D5	Sample 41	2	1	10	66980	37	1.58
D5	Sample 41	2	1	11	71370	36.96	1.59
D5	Sample 41	2	1	12	75670	36.96	1.59
D5	Sample 41	2	1	13	80060	37	1.59
D5	Sample 41	2	1	14	84360	37	1.58
D5	Sample 41	2	1	15	88670	36.96	1.58
D6	Sample 42	2	1	1	27510	36.96	1.70
D6	Sample 42	2	1	2	31870	36.96	1.70
D6	Sample 42	2	1	3	36270	37	1.70
D6	Sample 42	2	1	4	40660	36.96	1.70
D6	Sample 42	2	1	5	44970	37	1.70
D6	Sample 42	2	1	6	49370	36.96	1.72
D6	Sample 42	2	1	7	53790	37	1.69
D6	Sample 42	2	1	8	58170	36.96	1.70
D6	Sample 42	2	1	9	62570	36.96	1.69
D6	Sample 42	2	1	10	66980	37	1.68
D6	Sample 42	2	1	11	71370	36.96	1.70
D6	Sample 42	2	1	12	75670	36.96	1.68
D6	Sample 42	2	1	13	80060	37	1.69
D6	Sample 42	2	1	14	84360	37	1.66
D6	Sample 42	2	1	15	88670	36.96	1.68
D7	Sample 43	2	1	1	27510	36.96	1.49
D7	Sample 43	2	1	2	31870	36.96	1.50
D7	Sample 43	2	1	3	36270	37	1.49
D7	Sample 43	2	1	4	40660	36.96	1.50
D7	Sample 43	2	1	5	44970	37	1.49
D7	Sample 43	2	1	6	49370	36.96	1.49
D7	Sample 43	2	1	7	53790	37	1.49
D7	Sample 43	2	1	8	58170	36.96	1.49
D7	Sample 43	2	1	9	62570	36.96	1.49
D7	Sample 43	2	1	10	66980	37	1.48
D7	Sample 43	2	1	11	71370	36.96	1.48
D7	Sample 43	2	1	12	75670	36.96	1.48
D7	Sample 43	2	1	13	80060	37	1.48
D7	Sample 43	2	1	14	84360	37	1.48
D7	Sample 43	2	1	15	88670	36.96	1.48
D8	Sample 44	2	1	1	27510	36.96	1.47
D8	Sample 44	2	1	2	31870	36.96	1.47
D8	Sample 44	2	1	3	36270	37	1.47
D8	Sample 44	2	1	4	40660	36.96	1.49
D8	Sample 44	2	1	5	44970	37	1.49
D8	Sample 44	2	1	6	49370	36.96	1.49
D8	Sample 44	2	1	7	53790	37	1.47
D8	Sample 44	2	1	8	58170	36.96	1.47
D8	Sample 44	2	1	9	62570	36.96	1.47
D8	Sample 44	2	1	10	66980	37	1.46
D8	Sample 44	2	1	11	71370	36.96	1.48
D8	Sample 44	2	1	12	75670	36.96	1.46
D8	Sample 44	2	1	13	80060	37	1.48
D8	Sample 44	2	1	14	84360	37	1.48
D8	Sample 44	2	1	15	88670	36.96	1.46
D9	Sample 45	2	1	1	27510	36.96	8.79
D9	Sample 45	2	1	2	31870	36.96	8.80
D9	Sample 45	2	1	3	36270	37	8.81
D9	Sample 45	2	1	4	40660	36.96	8.80
D9	Sample 45	2	1	5	44970	37	8.80
D9	Sample 45	2	1	6	49370	36.96	8.81
D9	Sample 45	2	1	7	53790	37	8.79
D9	Sample 45	2	1	8	58170	36.96	8.81
D9	Sample 45	2	1	9	62570	36.96	8.76
D9	Sample 45	2	1	10	66980	37	8.79
D9	Sample 45	2	1	11	71370	36.96	8.78
D9	Sample 45	2	1	12	75670	36.96	8.79
D9	Sample 45	2	1	13	80060	37	8.76
D9	Sample 45	2	1	14	84360	37	8.75
D9	Sample 45	2	1	15	88670	36.96	8.75
D10	Sample 46	2	1	1	27510	36.96	8.98
D10	Sample 46	2	1	2	31870	36.96	8.97
D10	Sample 46	2	1	3	36270	37	8.98
D10	Sample 46	2	1	4	40660	36.96	9.01
D10	Sample 46	2	1	5	44970	37	8.98
D10	Sample 46	2	1	6	49370	36.96	8.98
D10	Sample 46	2	1	7	53790	37	9.00
D10	Sample 46	2	1	8	58170	36.96	8.96
D10	Sample 46	2	1	9	62570	36.96	8.94
D10	Sample 46	2	1	10	66980	37	8.96
D10	Sample 46	2	1	11	71370	36.96	8.99
D10	Sample 46	2	1	12	75670	36.96	8.97
D10	Sample 46	2	1	13	80060	37	8.96
D10	Sample 46	2	1	14	84360	37	8.95
D10	Sample 46	2	1	15	88670	36.96	8.95
D11	Sample 47	2	1	1	27510	36.96	8.83
D11	Sample 47	2	1	2	31870	36.96	8.84
D11	Sample 47	2	1	3	36270	37	8.82
D11	Sample 47	2	1	4	40660	36.96	8.83
D11	Sample 47	2	1	5	44970	37	8.85
D11	Sample 47	2	1	6	49370	36.96	8.82
D11	Sample 47	2	1	7	53790	37	8.81
D11	Sample 47	2	1	8	58170	36.96	8.82
D11	Sample 47	2	1	9	62570	36.96	8.82
D11	Sample 47	2	1	10	66980	37	8.83
D11	Sample 47	2	1	11	71370	36.96	8.82
D11	Sample 47	2	1	12	75670	36.96	8.81
D11	Sample 47	2	1	13	80060	37	8.81
D11	Sample 47	2	1	14	84360	37	8.82
D11	Sample 47	2	1	15	88670	36.96	8.80
D12	Sample 48	2	1	1	27510	36.96	7.93
D12	Sample 48	2	1	2	31870	36.96	7.95
D12	Sample 48	2	1	3	36270	37	7.95
D12	Sample 48	2	1	4	40660	36.96	7.99
D12	Sample 48	2	1	5	44970	37	7.94
D12	Sample 48	2	1	6	49370	36.96	7.97
D12	Sample 48	2	1	7	53790	37	7.95
D12	Sample 48	2	1	8	58170	36.96	7.94
D12	Sample 48	2	1	9	62570	36.96	7.95
D12	Sample 48	2	1	10	66980	37	7.90
D12	Sample 48	2	1	11	71370	36.96	7.93
D12	Sample 48	2	1	12	75670	36.96	7.92
D12	Sample 48	2	1	13	80060	37	7.95
D12	Sample 48	2	1	14	84360	37	7.92
D12	Sample 48	2	1	15	88670	36.96	7.91
E1	Sample 49	2	1	1	27510	36.96	2.52
E1	Sample 49	2	1	2	31870	36.96	2.52
E1	Sample 49	2	1	3	36270	37	2.53
E1	Sample 49	2	1	4	40660	36.96	2.51
E1	Sample 49	2	1	5	44970	37	2.51
E1	Sample 49	2	1	6	49370	36.96	2.51
E1	Sample 49	2	1	7	53790	37	2.52
E1	Sample 49	2	1	8	58170	36.96	2.51
E1	Sample 49	2	1	9	62570	36.96	2.51
E1	Sample 49	2	1	10	66980	37	2.51
E1	Sample 49	2	1	11	71370	36.96	2.51
E1	Sample 49	2	1	12	75670	36.96	2.51
E1	Sample 49	2	1	13	80060	37	2.51
E1	Sample 49	2	1	14	84360	37	2.52
E1	Sample 49	2	1	15	88670	36.96	2.51
E2	Sample 50	2	1	1	27510	36.96	2.51
E2	Sample 50	2	1	2	31870	36.96	2.49
E2	Sample 50	2	1	3	36270	37	2.51
E2	Sample 50	2	1	4	40660	36.96	2.46
E2	Sample 50	2	1	5	44970	37	2.47
E2	Sample 50	2	1	6	49370	36.96	2.47
E2	Sample 50	2	1	7	53790	37	2.46
E2	Sample 50	2	1	8	58170	36.96	2.47
E2	Sample 50	2	1	9	62570	36.96	2.46
E2	Sample 50	2	1	10	66980	37	2.48
E2	Sample 50	2	1	11	71370	36.96	2.49
E2	Sample 50	2	1	12	75670	36.96	2.48
E2	Sample 50	2	1	13	80060	37	2.46
E2	Sample 50	2	1	14	84360	37	2.48
E2	Sample 50	2	1	15	88670	36.96	2.46
E3	Sample 51	2	1	1	27510	36.96	2.43
E3	Sample 51	2	1	2	31870	36.96	2.42
E3	Sample 51	2	1	3	36270	37	2.43
E3	Sample 51	2	1	4	40660	36.96	2.42
E3	Sample 51	2	1	5	44970	37	2.39
E3	Sample 51	2	1	6	49370	36.96	2.42
E3	Sample 51	2	1	7	53790	37	2.42
E3	Sample 51	2	1	8	58170	36.96	2.41
E3	Sample 51	2	1	9	62570	36.96	2.39
E3	Sample 51	2	1	10	66980	37	2.41
E3	Sample 51	2	1	11	71370	36.96	2.41
E3	Sample 51	2	1	12	75670	36.96	2.42
E3	Sample 51	2	1	13	80060	37	2.39
E3	Sample 51	2	1	14	84360	37	2.41
E3	Sample 51	2	1	15	88670	36.96	2.41
E4	Sample 52	2	1	1	27510	36.96	2.42
E4	Sample 52	2	1	2	31870	36.96	2.39
E4	Sample 52	2	1	3	36270	37	2.42
E4	Sample 52	2	1	4	40660	36.96	2.39
E4	Sample 52	2	1	5	44970	37	2.39
E4	Sample 52	2	1	6	49370	36.96	2.40
E4	Sample 52	2	1	7	53790	37	2.39
E4	Sample 52	2	1	8	58170	36.96	2.39
E4	Sample 52	2	1	9	62570	36.96	2.38
E4	Sample 52	2	1	10	66980	37	2.39
E4	Sample 52	2	1	11	71370	36.96	2.39
E4	Sample 52	2	1	12	75670	36.96	2.39
E4	Sample 52	2	1	13	80060	37	2.38
E4	Sample 52	2	1	14	84360	37	2.39
E4	Sample 52	2	1	15	88670	36.96	2.39
E5	Sample 53	2	1	1	27510	36.96	2.23
E5	Sample 53	2	1	2	31870	36.96	2.25
E5	Sample 53	2	1	3	36270	37	2.25
E5	Sample 53	2	1	4	40660	36.96	2.22
E5	Sample 53	2	1	5	44970	37	2.22
E5	Sample 53	2	1	6	49370	36.96	2.23
E5	Sample 53	2	1	7	53790	37	2.21
E5	Sample 53	2	1	8	58170	36.96	2.21
E5	Sample 53	2	1	9	62570	36.96	2.22
E5	Sample 53	2	1	10	66980	37	2.22
E5	Sample 53	2	1	11	71370	36.96	2.24
E5	Sample 53	2	1	12	75670	36.96	2.22
E5	Sample 53	2	1	13	80060	37	2.20
E5	Sample 53	2	1	14	84360	37	2.22
E5	Sample 53	2	1	15	88670	36.96	2.21
E6	Sample 54	2	1	1	27510	36.96	2.24
E6	Sample 54	2	1	2	31870	36.96	2.24
E6	Sample 54	2	1	3	36270	37	2.24
E6	Sample 54	2	1	4	40660	36.96	2.24
E6	Sample 54	2	1	5	44970	37	2.24
E6	Sample 54	2	1	6	49370	36.96	2.25
E6	Sample 54	2	1	7	53790	37	2.23
E6	Sample 54	2	1	8	58170	36.96	2.23
E6	Sample 54	2	1	9	62570	36.96	2.23
E6	Sample 54	2	1	10	66980	37	2.23
E6	Sample 54	2	1	11	71370	36.96	2.23
E6	Sample 54	2	1	12	75670	36.96	2.24
E6	Sample 54	2	1	13	80060	37	2.23
E6	Sample 54	2	1	14	84360	37	2.24
E6	Sample 54	2	1	15	88670	36.96	2.23
E7	Sample 55	2	1	1	27510	36.96	1.47
E7	Sample 55	2	1	2	31870	36.96	1.47
E7	Sample 55	2	1	3	36270	37	1.47
E7	Sample 55	2	1	4	40660	36.96	1.45
E7	Sample 55	2	1	5	44970	37	1.47
E7	Sample 55	2	1	6	49370	36.96	1.47
E7	Sample 55	2	1	7	53790	37	1.47
E7	Sample 55	2	1	8	58170	36.96	1.47
E7	Sample 55	2	1	9	62570	36.96	1.47
E7	Sample 55	2	1	10	66980	37	1.47
E7	Sample 55	2	1	11	71370	36.96	1.47
E7	Sample 55	2	1	12	75670	36.96	1.47
E7	Sample 55	2	1	13	80060	37	1.47
E7	Sample 55	2	1	14	84360	37	1.46
E7	Sample 55	2	1	15	88670	36.96	1.46
E8	Sample 56	2	1	1	27510	36.96	1.45
E8	Sample 56	2	1	2	31870	36.96	1.45
E8	Sample 56	2	1	3	36270	37	1.48
E8	Sample 56	2	1	4	40660	36.96	1.45
E8	Sample 56	2	1	5	44970	37	1.47
E8	Sample 56	2	1	6	49370	36.96	1.47
E8	Sample 56	2	1	7	53790	37	1.47
E8	Sample 56	2	1	8	58170	36.96	1.45
E8	Sample 56	2	1	9	62570	36.96	1.44
E8	Sample 56	2	1	10	66980	37	1.45
E8	Sample 56	2	1	11	71370	36.96	1.47
E8	Sample 56	2	1	12	75670	36.96	1.47
E8	Sample 56	2	1	13	80060	37	1.45
E8	Sample 56	2	1	14	84360	37	1.45
E8	Sample 56	2	1	15	88670	36.96	1.45
E9	Sample 57	2	1	1	27510	36.96	8.70
E9	Sample 57	2	1	2	31870	36.96	8.70
E9	Sample 57	2	1	3	36270	37	8.70
E9	Sample 57	2	1	4	40660	36.96	8.70
E9	Sample 57	2	1	5	44970	37	8.72
E9	Sample 57	2	1	6	49370	36.96	8.70
E9	Sample 57	2	1	7	53790	37	8.69
E9	Sample 57	2	1	8	58170	36.96	8.70
E9	Sample 57	2	1	9	62570	36.96	8.69
E9	Sample 57	2	1	10	66980	37	8.69
E9	Sample 57	2	1	11	71370	36.96	8.69
E9	Sample 57	2	1	12	75670	36.96	8.69
E9	Sample 57	2	1	13	80060	37	8.67
E9	Sample 57	2	1	14	84360	37	8.69
E9	Sample 57	2	1	15	88670	36.96	8.68
E10	Sample 58	2	1	1	27510	36.96	8.51
E10	Sample 58	2	1	2	31870	36.96	8.48
E10	Sample 58	2	1	3	36270	37	8.53
E10	Sample 58	2	1	4	40660	36.96	8.49
E10	Sample 58	2	1	5	44970	37	8.51
E10	Sample 58	2	1	6	49370	36.96	8.49
E10	Sample 58	2	1	7	53790	37	8.49
E10	Sample 58	2	1	8	58170	36.96	8.46
E10	Sample 58	2	1	9	62570	36.96	8.46
E10	Sample 58	2	1	10	66980	37	8.49
E10	Sample 58	2	1	11	71370	36.96	8.48
E10	Sample 58	2	1	12	75670	36.96	8.45
E10	Sample 58	2	1	13	80060	37	8.46
E10	Sample 58	2	1	14	84360	37	8.46
E10	Sample 58	2	1	15	88670	36.96	8.45
E11	Sample 59	2	1	1	27510	36.96	8.76
E11	Sample 59	2	1	2	31870	36.96	8.77
E11	Sample 59	2	1	3	36270	37	8.79
E11	Sample 59	2	1	4	40660	36.96	8.79
E11	Sample 59	2	1	5	44970	37	8.78
E11	Sample 59	2	1	6	49370	36.96	8.75
E11	Sample 59	2	1	7	53790	37	8.77
E11	Sample 59	2	1	8	58170	36.96	8.77
E11	Sample 59	2	1	9	62570	36.96	8.76
E11	Sample 59	2	1	10	66980	37	8.74
E11	Sample 59	2	1	11	71370	36.96	8.80
E11	Sample 59	2	1	12	75670	36.96	8.78
E11	Sample 59	2	1	13	80060	37	8.77
E11	Sample 59	2	1	14	84360	37	8.77
E11	Sample 59	2	1	15	88670	36.96	8.77
E12	Sample 60	2	1	1	27510	36.96	8.07
E12	Sample 60	2	1	2	31870	36.96	8.05
E12	Sample 60	2	1	3	36270	37	8.06
E12	Sample 60	2	1	4	40660	36.96	8.05
E12	Sample 60	2	1	5	44970	37	8.05
E12	Sample 60	2	1	6	49370	36.96	8.05
E12	Sample 60	2	1	7	53790	37	8.05
E12	Sample 60	2	1	8	58170	36.96	8.04
E12	Sample 60	2	1	9	62570	36.96	8.05
E12	Sample 60	2	1	10	66980	37	8.04
E12	Sample 60	2	1	11	71370	36.96	8.05
E12	Sample 60	2	1	12	75670	36.96	8.05
E12	Sample 60	2	1	13	80060	37	8.05
E12	Sample 60	2	1	14	84360	37	8.04
E12	Sample 60	2	1	15	88670	36.96	8.04
F1	Sample 61	2	1	1	27510	36.96	2.52
F1	Sample 61	2	1	2	31870	36.96	2.49
F1	Sample 61	2	1	3	36270	37	2.52
F1	Sample 61	2	1	4	40660	36.96	2.49
F1	Sample 61	2	1	5	44970	37	2.49
F1	Sample 61	2	1	6	49370	36.96	2.49
F1	Sample 61	2	1	7	53790	37	2.50
F1	Sample 61	2	1	8	58170	36.96	2.49
F1	Sample 61	2	1	9	62570	36.96	2.48
F1	Sample 61	2	1	10	66980	37	2.50
F1	Sample 61	2	1	11	71370	36.96	2.50
F1	Sample 61	2	1	12	75670	36.96	2.50
F1	Sample 61	2	1	13	80060	37	2.48
F1	Sample 61	2	1	14	84360	37	2.49
F1	Sample 61	2	1	15	88670	36.96	2.49
F2	Sample 62	2	1	1	27510	36.96	2.60
F2	Sample 62	2	1	2	31870	36.96	2.59
F2	Sample 62	2	1	3	36270	37	2.59
F2	Sample 62	2	1	4	40660	36.96	2.61
F2	Sample 62	2	1	5	44970	37	2.59
F2	Sample 62	2	1	6	49370	36.96	2.58
F2	Sample 62	2	1	7	53790	37	2.59
F2	Sample 62	2	1	8	58170	36.96	2.59
F2	Sample 62	2	1	9	62570	36.96	2.58
F2	Sample 62	2	1	10	66980	37	2.61
F2	Sample 62	2	1	11	71370	36.96	2.59
F2	Sample 62	2	1	12	75670	36.96	2.57
F2	Sample 62	2	1	13	80060	37	2.58
F2	Sample 62	2	1	14	84360	37	2.57
F2	Sample 62	2	1	15	88670	36.96	2.57
F3	Sample 63	2	1	1	27510	36.96	2.60
F3	Sample 63	2	1	2	31870	36.96	2.59
F3	Sample 63	2	1	3	36270	37	2.59
F3	Sample 63	2	1	4	40660	36.96	2.60
F3	Sample 63	2	1	5	44970	37	2.57
F3	Sample 63	2	1	6	49370	36.96	2.57
F3	Sample 63	2	1	7	53790	37	2.59
F3	Sample 63	2	1	8	58170	36.96	2.59
F3	Sample 63	2	1	9	62570	36.96	2.59
F3	Sample 63	2	1	10	66980	37	2.59
F3	Sample 63	2	1	11	71370	36.96	2.60
F3	Sample 63	2	1	12	75670	36.96	2.57
F3	Sample 63	2	1	13	80060	37	2.57
F3	Sample 63	2	1	14	84360	37	2.60
F3	Sample 63	2	1	15	88670	36.96	2.56
F4	Sample 64	2	1	1	27510	36.96	2.57
F4	Sample 64	2	1	2	31870	36.96	2.57
F4	Sample 64	2	1	3	36270	37	2.57
F4	Sample 64	2	1	4	40660	36.96	2.56
F4	Sample 64	2	1	5	44970	37	2.55
F4	Sample 64	2	1	6	49370	36.96	2.57
F4	Sample 64	2	1	7	53790	37	2.56
F4	Sample 64	2	1	8	58170	36.96	2.56
F4	Sample 64	2	1	9	62570	36.96	2.55
F4	Sample 64	2	1	10	66980	37	2.56
F4	Sample 64	2	1	11	71370	36.96	2.57
F4	Sample 64	2	1	12	75670	36.96	2.56
F4	Sample 64	2	1	13	80060	37	2.55
F4	Sample 64	2	1	14	84360	37	2.56
F4	Sample 64	2	1	15	88670	36.96	2.55
F5	Sample 65	2	1	1	27510	36.96	2.24
F5	Sample 65	2	1	2	31870	36.96	2.25
F5	Sample 65	2	1	3	36270	37	2.25
F5	Sample 65	2	1	4	40660	36.96	2.24
F5	Sample 65	2	1	5	44970	37	2.24
F5	Sample 65	2	1	6	49370	36.96	2.24
F5	Sample 65	2	1	7	53790	37	2.25
F5	Sample 65	2	1	8	58170	36.96	2.25
F5	Sample 65	2	1	9	62570	36.96	2.24
F5	Sample 65	2	1	10	66980	37	2.25
F5	Sample 65	2	1	11	71370	36.96	2.24
F5	Sample 65	2	1	12	75670	36.96	2.24
F5	Sample 65	2	1	13	80060	37	2.25
F5	Sample 65	2	1	14	84360	37	2.25
F5	Sample 65	2	1	15	88670	36.96	2.21
F6	Sample 66	2	1	1	27510	36.96	2.19
F6	Sample 66	2	1	2	31870	36.96	2.19
F6	Sample 66	2	1	3	36270	37	2.22
F6	Sample 66	2	1	4	40660	36.96	2.19
F6	Sample 66	2	1	5	44970	37	2.18
F6	Sample 66	2	1	6	49370	36.96	2.19
F6	Sample 66	2	1	7	53790	37	2.19
F6	Sample 66	2	1	8	58170	36.96	2.19
F6	Sample 66	2	1	9	62570	36.96	2.18
F6	Sample 66	2	1	10	66980	37	2.19
F6	Sample 66	2	1	11	71370	36.96	2.19
F6	Sample 66	2	1	12	75670	36.96	2.18
F6	Sample 66	2	1	13	80060	37	2.18
F6	Sample 66	2	1	14	84360	37	2.19
F6	Sample 66	2	1	15	88670	36.96	2.19
F7	Sample 67	2	1	1	27510	36.96	1.70
F7	Sample 67	2	1	2	31870	36.96	1.69
F7	Sample 67	2	1	3	36270	37	1.70
F7	Sample 67	2	1	4	40660	36.96	1.69
F7	Sample 67	2	1	5	44970	37	1.66
F7	Sample 67	2	1	6	49370	36.96	1.70
F7	Sample 67	2	1	7	53790	37	1.68
F7	Sample 67	2	1	8	58170	36.96	1.69
F7	Sample 67	2	1	9	62570	36.96	1.66
F7	Sample 67	2	1	10	66980	37	1.69
F7	Sample 67	2	1	11	71370	36.96	1.70
F7	Sample 67	2	1	12	75670	36.96	1.69
F7	Sample 67	2	1	13	80060	37	1.68
F7	Sample 67	2	1	14	84360	37	1.68
F7	Sample 67	2	1	15	88670	36.96	1.68
F8	Sample 68	2	1	1	27510	36.96	1.69
F8	Sample 68	2	1	2	31870	36.96	1.70
F8	Sample 68	2	1	3	36270	37	1.70
F8	Sample 68	2	1	4	40660	36.96	1.69
F8	Sample 68	2	1	5	44970	37	1.67
F8	Sample 68	2	1	6	49370	36.96	1.69
F8	Sample 68	2	1	7	53790	37	1.67
F8	Sample 68	2	1	8	58170	36.96	1.69
F8	Sample 68	2	1	9	62570	36.96	1.67
F8	Sample 68	2	1	10	66980	37	1.70
F8	Sample 68	2	1	11	71370	36.96	1.69
F8	Sample 68	2	1	12	75670	36.96	1.67
F8	Sample 68	2	1	13	80060	37	1.67
F8	Sample 68	2	1	14	84360	37	1.67
F8	Sample 68	2	1	15	88670	36.96	1.66
F9	Sample 69	2	1	1	27510	36.96	8.64
F9	Sample 69	2	1	2	31870	36.96	8.64
F9	Sample 69	2	1	3	36270	37	8.67
F9	Sample 69	2	1	4	40660	36.96	8.64
F9	Sample 69	2	1	5	44970	37	8.63
F9	Sample 69	2	1	6	49370	36.96	8.65
F9	Sample 69	2	1	7	53790	37	8.63
F9	Sample 69	2	1	8	58170	36.96	8.62
F9	Sample 69	2	1	9	62570	36.96	8.62
F9	Sample 69	2	1	10	66980	37	8.63
F9	Sample 69	2	1	11	71370	36.96	8.65
F9	Sample 69	2	1	12	75670	36.96	8.63
F9	Sample 69	2	1	13	80060	37	8.63
F9	Sample 69	2	1	14	84360	37	8.62
F9	Sample 69	2	1	15	88670	36.96	8.59
F10	Sample 70	2	1	1	27510	36.96	8.95
F10	Sample 70	2	1	2	31870	36.96	8.94
F10	Sample 70	2	1	3	36270	37	8.95
F10	Sample 70	2	1	4	40660	36.96	8.96
F10	Sample 70	2	1	5	44970	37	8.94
F10	Sample 70	2	1	6	49370	36.96	8.94
F10	Sample 70	2	1	7	53790	37	8.95
F10	Sample 70	2	1	8	58170	36.96	8.95
F10	Sample 70	2	1	9	62570	36.96	8.93
F10	Sample 70	2	1	10	66980	37	8.95
F10	Sample 70	2	1	11	71370	36.96	8.95
F10	Sample 70	2	1	12	75670	36.96	8.93
F10	Sample 70	2	1	13	80060	37	8.90
F10	Sample 70	2	1	14	84360	37	8.94
F10	Sample 70	2	1	15	88670	36.96	8.92
F11	Sample 71	2	1	1	27510	36.96	8.47
F11	Sample 71	2	1	2	31870	36.96	8.47
F11	Sample 71	2	1	3	36270	37	8.50
F11	Sample 71	2	1	4	40660	36.96	8.48
F11	Sample 71	2	1	5	44970	37	8.47
F11	Sample 71	2	1	6	49370	36.96	8.47
F11	Sample 71	2	1	7	53790	37	8.50
F11	Sample 71	2	1	8	58170	36.96	8.47
F11	Sample 71	2	1	9	62570	36.96	8.47
F11	Sample 71	2	1	10	66980	37	8.49
F11	Sample 71	2	1	11	71370	36.96	8.47
F11	Sample 71	2	1	12	75670	36.96	8.46
F11	Sample 71	2	1	13	80060	37	8.46
F11	Sample 71	2	1	14	84360	37	8.47
F11	Sample 71	2	1	15	88670	36.96	8.44
F12	Sample 72	2	1	1	27510	36.96	7.98
F12	Sample 72	2	1	2	31870	36.96	7.98
F12	Sample 72	2	1	3	36270	37	8.01
F12	Sample 72	2	1	4	40660	36.96	8.00
F12	Sample 72	2	1	5	44970	37	8.00
F12	Sample 72	2	1	6	49370	36.96	8.01
F12	Sample 72	2	1	7	53790	37	7.97
F12	Sample 72	2	1	8	58170	36.96	8.01
F12	Sample 72	2	1	9	62570	36.96	7.97
F12	Sample 72	2	1	10	66980	37	8.00
F12	Sample 72	2	1	11	71370	36.96	7.98
F12	Sample 72	2	1	12	75670	36.96	7.97
F12	Sample 72	2	1	13	80060	37	7.97
F12	Sample 72	2	1	14	84360	37	7.99
F12	Sample 72	2	1	15	88670	36.96	7.96
G1	Sample 73	2	1	1	27510	36.96	2.56
G1	Sample 73	2	1	2	31870	36.96	2.54
G1	Sample 73	2	1	3	36270	37	2.53
G1	Sample 73	2	1	4	40660	36.96	2.55
G1	Sample 73	2	1	5	44970	37	2.55
G1	Sample 73	2	1	6	49370	36.96	2.56
G1	Sample 73	2	1	7	53790	37	2.53
G1	Sample 73	2	1	8	58170	36.96	2.50
G1	Sample 73	2	1	9	62570	36.96	2.53
G1	Sample 73	2	1	10	66980	37	2.52
G1	Sample 73	2	1	11	71370	36.96	2.53
G1	Sample 73	2	1	12	75670	36.96	2.53
G1	Sample 73	2	1	13	80060	37	2.53
G1	Sample 73	2	1	14	84360	37	2.52
G1	Sample 73	2	1	15	88670	36.96	2.53
G2	Sample 74	2	1	1	27510	36.96	2.59
G2	Sample 74	2	1	2	31870	36.96	2.58
G2	Sample 74	2	1	3	36270	37	2.57
G2	Sample 74	2	1	4	40660	36.96	2.57
G2	Sample 74	2	1	5	44970	37	2.59
G2	Sample 74	2	1	6	49370	36.96	2.58
G2	Sample 74	2	1	7	53790	37	2.58
G2	Sample 74	2	1	8	58170	36.96	2.55
G2	Sample 74	2	1	9	62570	36.96	2.55
G2	Sample 74	2	1	10	66980	37	2.55
G2	Sample 74	2	1	11	71370	36.96	2.57
G2	Sample 74	2	1	12	75670	36.96	2.57
G2	Sample 74	2	1	13	80060	37	2.57
G2	Sample 74	2	1	14	84360	37	2.57
G2	Sample 74	2	1	15	88670	36.96	2.57
G3	Sample 75	2	1	1	27510	36.96	2.79
G3	Sample 75	2	1	2	31870	36.96	2.77
G3	Sample 75	2	1	3	36270	37	2.78
G3	Sample 75	2	1	4	40660	36.96	2.77
G3	Sample 75	2	1	5	44970	37	2.78
G3	Sample 75	2	1	6	49370	36.96	2.78
G3	Sample 75	2	1	7	53790	37	2.77
G3	Sample 75	2	1	8	58170	36.96	2.74
G3	Sample 75	2	1	9	62570	36.96	2.75
G3	Sample 75	2	1	10	66980	37	2.75
G3	Sample 75	2	1	11	71370	36.96	2.78
G3	Sample 75	2	1	12	75670	36.96	2.75
G3	Sample 75	2	1	13	80060	37	2.77
G3	Sample 75	2	1	14	84360	37	2.75
G3	Sample 75	2	1	15	88670	36.96	2.77
G4	Sample 76	2	1	1	27510	36.96	2.73
G4	Sample 76	2	1	2	31870	36.96	2.73
G4	Sample 76	2	1	3	36270	37	2.72
G4	Sample 76	2	1	4	40660	36.96	2.71
G4	Sample 76	2	1	5	44970	37	2.72
G4	Sample 76	2	1	6	49370	36.96	2.72
G4	Sample 76	2	1	7	53790	37	2.73
G4	Sample 76	2	1	8	58170	36.96	2.69
G4	Sample 76	2	1	9	62570	36.96	2.69
G4	Sample 76	2	1	10	66980	37	2.69
G4	Sample 76	2	1	11	71370	36.96	2.72
G4	Sample 76	2	1	12	75670	36.96	2.71
G4	Sample 76	2	1	13	80060	37	2.69
G4	Sample 76	2	1	14	84360	37	2.69
G4	Sample 76	2	1	15	88670	36.96	2.71
G5	Sample 77	2	1	1	27510	36.96	2.27
G5	Sample 77	2	1	2	31870	36.96	2.25
G5	Sample 77	2	1	3	36270	37	2.26
G5	Sample 77	2	1	4	40660	36.96	2.25
G5	Sample 77	2	1	5	44970	37	2.25
G5	Sample 77	2	1	6	49370	36.96	2.25
G5	Sample 77	2	1	7	53790	37	2.25
G5	Sample 77	2	1	8	58170	36.96	2.22
G5	Sample 77	2	1	9	62570	36.96	2.22
G5	Sample 77	2	1	10	66980	37	2.23
G5	Sample 77	2	1	11	71370	36.96	2.23
G5	Sample 77	2	1	12	75670	36.96	2.25
G5	Sample 77	2	1	13	80060	37	2.23
G5	Sample 77	2	1	14	84360	37	2.23
G5	Sample 77	2	1	15	88670	36.96	2.23
G6	Sample 78	2	1	1	27510	36.96	2.21
G6	Sample 78	2	1	2	31870	36.96	2.20
G6	Sample 78	2	1	3	36270	37	2.20
G6	Sample 78	2	1	4	40660	36.96	2.18
G6	Sample 78	2	1	5	44970	37	2.20
G6	Sample 78	2	1	6	49370	36.96	2.21
G6	Sample 78	2	1	7	53790	37	2.20
G6	Sample 78	2	1	8	58170	36.96	2.18
G6	Sample 78	2	1	9	62570	36.96	2.17
G6	Sample 78	2	1	10	66980	37	2.20
G6	Sample 78	2	1	11	71370	36.96	2.21
G6	Sample 78	2	1	12	75670	36.96	2.18
G6	Sample 78	2	1	13	80060	37	2.18
G6	Sample 78	2	1	14	84360	37	2.18
G6	Sample 78	2	1	15	88670	36.96	2.18
G7	Sample 79	2	1	1	27510	36.96	2.01
G7	Sample 79	2	1	2	31870	36.96	2.00
G7	Sample 79	2	1	3	36270	37	2.00
G7	Sample 79	2	1	4	40660	36.96	2.01
G7	Sample 79	2	1	5	44970	37	2.00
G7	Sample 79	2	1	6	49370	36.96	2.01
G7	Sample 79	2	1	7	53790	37	2.00
G7	Sample 79	2	1	8	58170	36.96	1.99
G7	Sample 79	2	1	9	62570	36.96	1.99
G7	Sample 79	2	1	10	66980	37	2.00
G7	Sample 79	2	1	11	71370	36.96	2.00
G7	Sample 79	2	1	12	75670	36.96	1.99
G7	Sample 79	2	1	13	80060	37	1.99
G7	Sample 79	2	1	14	84360	37	2.00
G7	Sample 79	2	1	15	88670	36.96	1.99
G8	Sample 80	2	1	1	27510	36.96	1.97
G8	Sample 80	2	1	2	31870	36.96	1.95
G8	Sample 80	2	1	3	36270	37	1.96
G8	Sample 80	2	1	4	40660	36.96	1.96
G8	Sample 80	2	1	5	44970	37	1.96
G8	Sample 80	2	1	6	49370	36.96	1.97
G8	Sample 80	2	1	7	53790	37	1.96
G8	Sample 80	2	1	8	58170	36.96	1.93
G8	Sample 80	2	1	9	62570	36.96	1.94
G8	Sample 80	2	1	10	66980	37	1.93
G8	Sample 80	2	1	11	71370	36.96	1.97
G8	Sample 80	2	1	12	75670	36.96	1.94
G8	Sample 80	2	1	13	80060	37	1.94
G8	Sample 80	2	1	14	84360	37	1.94
G8	Sample 80	2	1	15	88670	36.96	1.96
G9	Sample 81	2	1	1	27510	36.96	7.98
G9	Sample 81	2	1	2	31870	36.96	7.94
G9	Sample 81	2	1	3	36270	37	7.96
G9	Sample 81	2	1	4	40660	36.96	7.96
G9	Sample 81	2	1	5	44970	37	7.95
G9	Sample 81	2	1	6	49370	36.96	7.96
G9	Sample 81	2	1	7	53790	37	7.96
G9	Sample 81	2	1	8	58170	36.96	7.96
G9	Sample 81	2	1	9	62570	36.96	7.93
G9	Sample 81	2	1	10	66980	37	7.96
G9	Sample 81	2	1	11	71370	36.96	7.96
G9	Sample 81	2	1	12	75670	36.96	7.95
G9	Sample 81	2	1	13	80060	37	7.95
G9	Sample 81	2	1	14	84360	37	7.93
G9	Sample 81	2	1	15	88670	36.96	7.94
G10	Sample 82	2	1	1	27510	36.96	8.07
G10	Sample 82	2	1	2	31870	36.96	8.06
G10	Sample 82	2	1	3	36270	37	8.06
G10	Sample 82	2	1	4	40660	36.96	8.06
G10	Sample 82	2	1	5	44970	37	8.08
G10	Sample 82	2	1	6	49370	36.96	8.08
G10	Sample 82	2	1	7	53790	37	8.06
G10	Sample 82	2	1	8	58170	36.96	8.01
G10	Sample 82	2	1	9	62570	36.96	8.07
G10	Sample 82	2	1	10	66980	37	8.04
G10	Sample 82	2	1	11	71370	36.96	8.07
G10	Sample 82	2	1	12	75670	36.96	8.07
G10	Sample 82	2	1	13	80060	37	8.03
G10	Sample 82	2	1	14	84360	37	8.05
G10	Sample 82	2	1	15	88670	36.96	8.04
G11	Sample 83	2	1	1	27510	36.96	8.82
G11	Sample 83	2	1	2	31870	36.96	8.78
G11	Sample 83	2	1	3	36270	37	8.78
G11	Sample 83	2	1	4	40660	36.96	8.81
G11	Sample 83	2	1	5	44970	37	8.81
G11	Sample 83	2	1	6	49370	36.96	8.82
G11	Sample 83	2	1	7	53790	37	8.79
G11	Sample 83	2	1	8	58170	36.96	8.79
G11	Sample 83	2	1	9	62570	36.96	8.78
G11	Sample 83	2	1	10	66980	37	8.77
G11	Sample 83	2	1	11	71370	36.96	8.82
G11	Sample 83	2	1	12	75670	36.96	8.80
G11	Sample 83	2	1	13	80060	37	8.80
G11	Sample 83	2	1	14	84360	37	8.77
G11	Sample 83	2	1	15	88670	36.96	8.76
G12	Sample 84	2	1	1	27510	36.96	7.59
G12	Sample 84	2	1	2	31870	36.96	7.60
G12	Sample 84	2	1	3	36270	37	7.58
G12	Sample 84	2	1	4	40660	36.96	7.58
G12	Sample 84	2	1	5	44970	37	7.60
G12	Sample 84	2	1	6	49370	36.96	7.62
G12	Sample 84	2	1	7	53790	37	7.60
G12	Sample 84	2	1	8	58170	36.96	7.58
G12	Sample 84	2	1	9	62570	36.96	7.58
G12	Sample 84	2	1	10	66980	37	7.58
G12	Sample 84	2	1	11	71370	36.96	7.59
G12	Sample 84	2	1	12	75670	36.96	7.58
G12	Sample 84	2	1	13	80060	37	7.57
G12	Sample 84	2	1	14	84360	37	7.58
G12	Sample 84	2	1	15	88670	36.96	7.58
H1	Sample 85	2	1	1	27510	36.96	2.42
H1	Sample 85	2	1	2	31870	36.96	2.40
H1	Sample 85	2	1	3	36270	37	2.43
H1	Sample 85	2	1	4	40660	36.96	2.44
H1	Sample 85	2	1	5	44970	37	2.43
H1	Sample 85	2	1	6	49370	36.96	2.43
H1	Sample 85	2	1	7	53790	37	2.41
H1	Sample 85	2	1	8	58170	36.96	2.43
H1	Sample 85	2	1	9	62570	36.96	2.41
H1	Sample 85	2	1	10	66980	37	2.41
H1	Sample 85	2	1	11	71370	36.96	2.44
H1	Sample 85	2	1	12	75670	36.96	2.41
H1	Sample 85	2	1	13	80060	37	2.41
H1	Sample 85	2	1	14	84360	37	2.41
H1	Sample 85	2	1	15	88670	36.96	2.41
H2	Sample 86	2	1	1	27510	36.96	2.46
H2	Sample 86	2	1	2	31870	36.96	2.46
H2	Sample 86	2	1	3	36270	37	2.46
H2	Sample 86	2	1	4	40660	36.96	2.46
H2	Sample 86	2	1	5	44970	37	2.46
H2	Sample 86	2	1	6	49370	36.96	2.45
H2	Sample 86	2	1	7	53790	37	2.46
H2	Sample 86	2	1	8	58170	36.96	2.46
H2	Sample 86	2	1	9	62570	36.96	2.45
H2	Sample 86	2	1	10	66980	37	2.45
H2	Sample 86	2	1	11	71370	36.96	2.48
H2	Sample 86	2	1	12	75670	36.96	2.45
H2	Sample 86	2	1	13	80060	37	2.46
H2	Sample 86	2	1	14	84360	37	2.45
H2	Sample 86	2	1	15	88670	36.96	2.45
H3	Sample 87	2	1	1	27510	36.96	2.66
H3	Sample 87	2	1	2	31870	36.96	2.66
H3	Sample 87	2	1	3	36270	37	2.66
H3	Sample 87	2	1	4	40660	36.96	2.66
H3	Sample 87	2	1	5	44970	37	2.66
H3	Sample 87	2	1	6	49370	36.96	2.66
H3	Sample 87	2	1	7	53790	37	2.68
H3	Sample 87	2	1	8	58170	36.96	2.69
H3	Sample 87	2	1	9	62570	36.96	2.65
H3	Sample 87	2	1	10	66980	37	2.65
H3	Sample 87	2	1	11	71370	36.96	2.68
H3	Sample 87	2	1	12	75670	36.96	2.65
H3	Sample 87	2	1	13	80060	37	2.66
H3	Sample 87	2	1	14	84360	37	2.68
H3	Sample 87	2	1	15	88670	36.96	2.65
H4	Sample 88	2	1	1	27510	36.96	2.64
H4	Sample 88	2	1	2	31870	36.96	2.64
H4	Sample 88	2	1	3	36270	37	2.64
H4	Sample 88	2	1	4	40660	36.96	2.64
H4	Sample 88	2	1	5	44970	37	2.64
H4	Sample 88	2	1	6	49370	36.96	2.63
H4	Sample 88	2	1	7	53790	37	2.64
H4	Sample 88	2	1	8	58170	36.96	2.66
H4	Sample 88	2	1	9	62570	36.96	2.62
H4	Sample 88	2	1	10	66980	37	2.60
H4	Sample 88	2	1	11	71370	36.96	2.65
H4	Sample 88	2	1	12	75670	36.96	2.63
H4	Sample 88	2	1	13	80060	37	2.62
H4	Sample 88	2	1	14	84360	37	2.62
H4	Sample 88	2	1	15	88670	36.96	2.63
H5	Sample 89	2	1	1	27510	36.96	2.22
H5	Sample 89	2	1	2	31870	36.96	2.20
H5	Sample 89	2	1	3	36270	37	2.22
H5	Sample 89	2	1	4	40660	36.96	2.20
H5	Sample 89	2	1	5	44970	37	2.20
H5	Sample 89	2	1	6	49370	36.96	2.20
H5	Sample 89	2	1	7	53790	37	2.19
H5	Sample 89	2	1	8	58170	36.96	2.20
H5	Sample 89	2	1	9	62570	36.96	2.19
H5	Sample 89	2	1	10	66980	37	2.20
H5	Sample 89	2	1	11	71370	36.96	2.22
H5	Sample 89	2	1	12	75670	36.96	2.22
H5	Sample 89	2	1	13	80060	37	2.22
H5	Sample 89	2	1	14	84360	37	2.20
H5	Sample 89	2	1	15	88670	36.96	2.19
H6	Sample 90	2	1	1	27510	36.96	2.17
H6	Sample 90	2	1	2	31870	36.96	2.15
H6	Sample 90	2	1	3	36270	37	2.15
H6	Sample 90	2	1	4	40660	36.96	2.17
H6	Sample 90	2	1	5	44970	37	2.15
H6	Sample 90	2	1	6	49370	36.96	2.15
H6	Sample 90	2	1	7	53790	37	2.15
H6	Sample 90	2	1	8	58170	36.96	2.15
H6	Sample 90	2	1	9	62570	36.96	2.14
H6	Sample 90	2	1	10	66980	37	2.15
H6	Sample 90	2	1	11	71370	36.96	2.15
H6	Sample 90	2	1	12	75670	36.96	2.14
H6	Sample 90	2	1	13	80060	37	2.14
H6	Sample 90	2	1	14	84360	37	2.14
H6	Sample 90	2	1	15	88670	36.96	2.15
H7	Sample 91	2	1	1	27510	36.96	2.13
H7	Sample 91	2	1	2	31870	36.96	2.12
H7	Sample 91	2	1	3	36270	37	2.13
H7	Sample 91	2	1	4	40660	36.96	2.13
H7	Sample 91	2	1	5	44970	37	2.12
H7	Sample 91	2	1	6	49370	36.96	2.14
H7	Sample 91	2	1	7	53790	37	2.12
H7	Sample 91	2	1	8	58170	36.96	2.13
H7	Sample 91	2	1	9	62570	36.96	2.13
H7	Sample 91	2	1	10	66980	37	2.12
H7	Sample 91	2	1	11	71370	36.96	2.13
H7	Sample 91	2	1	12	75670	36.96	2.12
H7	Sample 91	2	1	13	80060	37	2.13
H7	Sample 91	2	1	14	84360	37	2.12
H7	Sample 91	2	1	15	88670	36.96	2.13
H8	Sample 92	2	1	1	27510	36.96	2.08
H8	Sample 92	2	1	2	31870	36.96	2.08
H8	Sample 92	2	1	3	36270	37	2.07
H8	Sample 92	2	1	4	40660	36.96	2.07
H8	Sample 92	2	1	5	44970	37	2.10
H8	Sample 92	2	1	6	49370	36.96	2.08
H8	Sample 92	2	1	7	53790	37	2.08
H8	Sample 92	2	1	8	58170	36.96	2.11
H8	Sample 92	2	1	9	62570	36.96	2.07
H8	Sample 92	2	1	10	66980	37	2.10
H8	Sample 92	2	1	11	71370	36.96	2.10
H8	Sample 92	2	1	12	75670	36.96	2.08
H8	Sample 92	2	1	13	80060	37	2.10
H8	Sample 92	2	1	14	84360	37	2.07
H8	Sample 92	2	1	15	88670	36.96	2.07
H9	Sample 93	2	1	1	27510	36.96	7.30
H9	Sample 93	2	1	2	31870	36.96	7.31
H9	Sample 93	2	1	3	36270	37	7.32
H9	Sample 93	2	1	4	40660	36.96	7.32
H9	Sample 93	2	1	5	44970	37	7.32
H9	Sample 93	2	1	6	49370	36.96	7.33
H9	Sample 93	2	1	7	53790	37	7.31
H9	Sample 93	2	1	8	58170	36.96	7.32
H9	Sample 93	2	1	9	62570	36.96	7.32
H9	Sample 93	2	1	10	66980	37	7.31
H9	Sample 93	2	1	11	71370	36.96	7.32
H9	Sample 93	2	1	12	75670	36.96	7.30
H9	Sample 93	2	1	13	80060	37	7.34
H9	Sample 93	2	1	14	84360	37	7.32
H9	Sample 93	2	1	15	88670	36.96	7.31
H10	Sample 94	2	1	1	27510	36.96	7.45
H10	Sample 94	2	1	2	31870	36.96	7.48
H10	Sample 94	2	1	3	36270	37	7.45
H10	Sample 94	2	1	4	40660	36.96	7.46
H10	Sample 94	2	1	5	44970	37	7.45
H10	Sample 94	2	1	6	49370	36.96	7.48
H10	Sample 94	2	1	7	53790	37	7.44
H10	Sample 94	2	1	8	58170	36.96	7.48
H10	Sample 94	2	1	9	62570	36.96	7.45
H10	Sample 94	2	1	10	66980	37	7.45
H10	Sample 94	2	1	11	71370	36.96	7.44
H10	Sample 94	2	1	12	75670	36.96	7.44
H10	Sample 94	2	1	13	80060	37	7.44
H10	Sample 94	2	1	14	84360	37	7.44
H10	Sample 94	2	1	15	88670	36.96	7.44
H11	Sample 95	2	1	1	27510	36.96	7.46
H11	Sample 95	2	1	2	31870	36.96	7.46
H11	Sample 95	2	1	3	36270	37	7.48
H11	Sample 95	2	1	4	40660	36.96	7.49
H11	Sample 95	2	1	5	44970	37	7.49
H11	Sample 95	2	1	6	49370	36.96	7.49
H11	Sample 95	2	1	7	53790	37	7.48
H11	Sample 95	2	1	8	58170	36.96	7.49
H11	Sample 95	2	1	9	62570	36.96	7.48
H11	Sample 95	2	1	10	66980	37	7.49
H11	Sample 95	2	1	11	71370	36.96	7.50
H11	Sample 95	2	1	12	75670	36.96	7.48
H11	Sample 95	2	1	13	80060	37	7.51
H11	Sample 95	2	1	14	84360	37	7.48
H11	Sample 95	2	1	15	88670	36.96	7.47
H12	Sample 96	2	1	1	27510	36.96	7.88
H12	Sample 96	2	1	2	31870	36.96	7.91
H12	Sample 96	2	1	3	36270	37	7.89
H12	Sample 96	2	1	4	40660	36.96	7.92
H12	Sample 96	2	1	5	44970	37	7.89
H12	Sample 96	2	1	6	49370	36.96	7.89
H12	Sample 96	2	1	7	53790	37	7.91
H12	Sample 96	2	1	8	58170	36.96	7.90
H12	Sample 96	2	1	9	62570	36.96	7.87
H12	Sample 96	2	1	10	66980	37	7.87
H12	Sample 96	2	1	11	71370	36.96	7.91
H12	Sample 96	2	1	12	75670	36.96	7.88
H12	Sample 96	2	1	13	80060	37	7.88
H12	Sample 96	2	1	14	84360	37	7.90
H12	Sample 96	2	1	15	88670	36.96	7.88
