Raw Data 		Experiment - evIC50_9_plate6_22APRIL2026 (Run on LCS480 1.5.1.62)
SamplePos	SampleName	Prog#	Seg#	Cycle#	Time	Temp	465-510	
A1	Sample 1	2	1	1	29420	36.86	1.40
A1	Sample 1	2	1	2	33690	36.96	1.40
A1	Sample 1	2	1	3	37990	36.91	1.43
A1	Sample 1	2	1	4	42300	36.96	1.44
A1	Sample 1	2	1	5	46600	36.96	1.46
A1	Sample 1	2	1	6	50900	36.96	1.44
A1	Sample 1	2	1	7	55200	37	1.44
A1	Sample 1	2	1	8	59520	36.96	1.46
A1	Sample 1	2	1	9	63800	36.96	1.46
A1	Sample 1	2	1	10	68100	36.96	1.46
A1	Sample 1	2	1	11	72400	37	1.46
A1	Sample 1	2	1	12	76700	37	1.46
A1	Sample 1	2	1	13	81000	37	1.46
A1	Sample 1	2	1	14	85300	37	1.48
A1	Sample 1	2	1	15	89600	36.96	1.46
A2	Sample 2	2	1	1	29420	36.86	1.41
A2	Sample 2	2	1	2	33690	36.96	1.41
A2	Sample 2	2	1	3	37990	36.91	1.44
A2	Sample 2	2	1	4	42300	36.96	1.45
A2	Sample 2	2	1	5	46600	36.96	1.47
A2	Sample 2	2	1	6	50900	36.96	1.45
A2	Sample 2	2	1	7	55200	37	1.45
A2	Sample 2	2	1	8	59520	36.96	1.47
A2	Sample 2	2	1	9	63800	36.96	1.47
A2	Sample 2	2	1	10	68100	36.96	1.47
A2	Sample 2	2	1	11	72400	37	1.47
A2	Sample 2	2	1	12	76700	37	1.47
A2	Sample 2	2	1	13	81000	37	1.47
A2	Sample 2	2	1	14	85300	37	1.47
A2	Sample 2	2	1	15	89600	36.96	1.47
A3	Sample 3	2	1	1	29420	36.86	1.67
A3	Sample 3	2	1	2	33690	36.96	1.66
A3	Sample 3	2	1	3	37990	36.91	1.66
A3	Sample 3	2	1	4	42300	36.96	1.66
A3	Sample 3	2	1	5	46600	36.96	1.64
A3	Sample 3	2	1	6	50900	36.96	1.63
A3	Sample 3	2	1	7	55200	37	1.61
A3	Sample 3	2	1	8	59520	36.96	1.63
A3	Sample 3	2	1	9	63800	36.96	1.60
A3	Sample 3	2	1	10	68100	36.96	1.61
A3	Sample 3	2	1	11	72400	37	1.61
A3	Sample 3	2	1	12	76700	37	1.58
A3	Sample 3	2	1	13	81000	37	1.60
A3	Sample 3	2	1	14	85300	37	1.58
A3	Sample 3	2	1	15	89600	36.96	1.60
A4	Sample 4	2	1	1	29420	36.86	1.67
A4	Sample 4	2	1	2	33690	36.96	1.67
A4	Sample 4	2	1	3	37990	36.91	1.67
A4	Sample 4	2	1	4	42300	36.96	1.65
A4	Sample 4	2	1	5	46600	36.96	1.62
A4	Sample 4	2	1	6	50900	36.96	1.62
A4	Sample 4	2	1	7	55200	37	1.61
A4	Sample 4	2	1	8	59520	36.96	1.61
A4	Sample 4	2	1	9	63800	36.96	1.59
A4	Sample 4	2	1	10	68100	36.96	1.59
A4	Sample 4	2	1	11	72400	37	1.59
A4	Sample 4	2	1	12	76700	37	1.59
A4	Sample 4	2	1	13	81000	37	1.59
A4	Sample 4	2	1	14	85300	37	1.61
A4	Sample 4	2	1	15	89600	36.96	1.59
A5	Sample 5	2	1	1	29420	36.86	7.28
A5	Sample 5	2	1	2	33690	36.96	7.28
A5	Sample 5	2	1	3	37990	36.91	7.26
A5	Sample 5	2	1	4	42300	36.96	7.26
A5	Sample 5	2	1	5	46600	36.96	7.26
A5	Sample 5	2	1	6	50900	36.96	7.25
A5	Sample 5	2	1	7	55200	37	7.22
A5	Sample 5	2	1	8	59520	36.96	7.22
A5	Sample 5	2	1	9	63800	36.96	7.22
A5	Sample 5	2	1	10	68100	36.96	7.22
A5	Sample 5	2	1	11	72400	37	7.20
A5	Sample 5	2	1	12	76700	37	7.17
A5	Sample 5	2	1	13	81000	37	7.17
A5	Sample 5	2	1	14	85300	37	7.17
A5	Sample 5	2	1	15	89600	36.96	7.17
A6	Sample 6	2	1	1	29420	36.86	8.97
A6	Sample 6	2	1	2	33690	36.96	8.93
A6	Sample 6	2	1	3	37990	36.91	8.95
A6	Sample 6	2	1	4	42300	36.96	8.93
A6	Sample 6	2	1	5	46600	36.96	8.93
A6	Sample 6	2	1	6	50900	36.96	8.92
A6	Sample 6	2	1	7	55200	37	8.90
A6	Sample 6	2	1	8	59520	36.96	8.90
A6	Sample 6	2	1	9	63800	36.96	8.87
A6	Sample 6	2	1	10	68100	36.96	8.86
A6	Sample 6	2	1	11	72400	37	8.87
A6	Sample 6	2	1	12	76700	37	8.87
A6	Sample 6	2	1	13	81000	37	8.81
A6	Sample 6	2	1	14	85300	37	8.84
A6	Sample 6	2	1	15	89600	36.96	8.83
A7	Sample 7	2	1	1	29420	36.86	7.40
A7	Sample 7	2	1	2	33690	36.96	7.39
A7	Sample 7	2	1	3	37990	36.91	7.40
A7	Sample 7	2	1	4	42300	36.96	7.39
A7	Sample 7	2	1	5	46600	36.96	7.38
A7	Sample 7	2	1	6	50900	36.96	7.37
A7	Sample 7	2	1	7	55200	37	7.34
A7	Sample 7	2	1	8	59520	36.96	7.36
A7	Sample 7	2	1	9	63800	36.96	7.35
A7	Sample 7	2	1	10	68100	36.96	7.33
A7	Sample 7	2	1	11	72400	37	7.31
A7	Sample 7	2	1	12	76700	37	7.30
A7	Sample 7	2	1	13	81000	37	7.32
A7	Sample 7	2	1	14	85300	37	7.28
A7	Sample 7	2	1	15	89600	36.96	7.32
A8	Sample 8	2	1	1	29420	36.86	6.58
A8	Sample 8	2	1	2	33690	36.96	6.58
A8	Sample 8	2	1	3	37990	36.91	6.58
A8	Sample 8	2	1	4	42300	36.96	6.56
A8	Sample 8	2	1	5	46600	36.96	6.55
A8	Sample 8	2	1	6	50900	36.96	6.55
A8	Sample 8	2	1	7	55200	37	6.52
A8	Sample 8	2	1	8	59520	36.96	6.55
A8	Sample 8	2	1	9	63800	36.96	6.52
A8	Sample 8	2	1	10	68100	36.96	6.52
A8	Sample 8	2	1	11	72400	37	6.50
A8	Sample 8	2	1	12	76700	37	6.50
A8	Sample 8	2	1	13	81000	37	6.49
A8	Sample 8	2	1	14	85300	37	6.49
A8	Sample 8	2	1	15	89600	36.96	6.51
A9	Sample 9	2	1	1	29420	36.86	6.94
A9	Sample 9	2	1	2	33690	36.96	6.96
A9	Sample 9	2	1	3	37990	36.91	6.96
A9	Sample 9	2	1	4	42300	36.96	6.94
A9	Sample 9	2	1	5	46600	36.96	6.94
A9	Sample 9	2	1	6	50900	36.96	6.93
A9	Sample 9	2	1	7	55200	37	6.91
A9	Sample 9	2	1	8	59520	36.96	6.93
A9	Sample 9	2	1	9	63800	36.96	6.91
A9	Sample 9	2	1	10	68100	36.96	6.90
A9	Sample 9	2	1	11	72400	37	6.93
A9	Sample 9	2	1	12	76700	37	6.87
A9	Sample 9	2	1	13	81000	37	6.85
A9	Sample 9	2	1	14	85300	37	6.88
A9	Sample 9	2	1	15	89600	36.96	6.84
A10	Sample 10	2	1	1	29420	36.86	8.56
A10	Sample 10	2	1	2	33690	36.96	8.56
A10	Sample 10	2	1	3	37990	36.91	8.59
A10	Sample 10	2	1	4	42300	36.96	8.56
A10	Sample 10	2	1	5	46600	36.96	8.55
A10	Sample 10	2	1	6	50900	36.96	8.54
A10	Sample 10	2	1	7	55200	37	8.53
A10	Sample 10	2	1	8	59520	36.96	8.54
A10	Sample 10	2	1	9	63800	36.96	8.50
A10	Sample 10	2	1	10	68100	36.96	8.48
A10	Sample 10	2	1	11	72400	37	8.48
A10	Sample 10	2	1	12	76700	37	8.48
A10	Sample 10	2	1	13	81000	37	8.47
A10	Sample 10	2	1	14	85300	37	8.44
A10	Sample 10	2	1	15	89600	36.96	8.44
A11	Sample 11	2	1	1	29420	36.86	8.10
A11	Sample 11	2	1	2	33690	36.96	8.08
A11	Sample 11	2	1	3	37990	36.91	8.08
A11	Sample 11	2	1	4	42300	36.96	8.08
A11	Sample 11	2	1	5	46600	36.96	8.08
A11	Sample 11	2	1	6	50900	36.96	8.06
A11	Sample 11	2	1	7	55200	37	8.03
A11	Sample 11	2	1	8	59520	36.96	8.05
A11	Sample 11	2	1	9	63800	36.96	8.02
A11	Sample 11	2	1	10	68100	36.96	8.02
A11	Sample 11	2	1	11	72400	37	8.02
A11	Sample 11	2	1	12	76700	37	8.00
A11	Sample 11	2	1	13	81000	37	8.02
A11	Sample 11	2	1	14	85300	37	7.97
A11	Sample 11	2	1	15	89600	36.96	7.99
A12	Sample 12	2	1	1	29420	36.86	7.58
A12	Sample 12	2	1	2	33690	36.96	7.55
A12	Sample 12	2	1	3	37990	36.91	7.57
A12	Sample 12	2	1	4	42300	36.96	7.60
A12	Sample 12	2	1	5	46600	36.96	7.57
A12	Sample 12	2	1	6	50900	36.96	7.54
A12	Sample 12	2	1	7	55200	37	7.54
A12	Sample 12	2	1	8	59520	36.96	7.54
A12	Sample 12	2	1	9	63800	36.96	7.51
A12	Sample 12	2	1	10	68100	36.96	7.52
A12	Sample 12	2	1	11	72400	37	7.51
A12	Sample 12	2	1	12	76700	37	7.49
A12	Sample 12	2	1	13	81000	37	7.49
A12	Sample 12	2	1	14	85300	37	7.49
A12	Sample 12	2	1	15	89600	36.96	7.46
B1	Sample 13	2	1	1	29420	36.86	1.43
B1	Sample 13	2	1	2	33690	36.96	1.41
B1	Sample 13	2	1	3	37990	36.91	1.41
B1	Sample 13	2	1	4	42300	36.96	1.40
B1	Sample 13	2	1	5	46600	36.96	1.40
B1	Sample 13	2	1	6	50900	36.96	1.38
B1	Sample 13	2	1	7	55200	37	1.37
B1	Sample 13	2	1	8	59520	36.96	1.38
B1	Sample 13	2	1	9	63800	36.96	1.35
B1	Sample 13	2	1	10	68100	36.96	1.38
B1	Sample 13	2	1	11	72400	37	1.38
B1	Sample 13	2	1	12	76700	37	1.37
B1	Sample 13	2	1	13	81000	37	1.37
B1	Sample 13	2	1	14	85300	37	1.35
B1	Sample 13	2	1	15	89600	36.96	1.38
B2	Sample 14	2	1	1	29420	36.86	1.45
B2	Sample 14	2	1	2	33690	36.96	1.44
B2	Sample 14	2	1	3	37990	36.91	1.45
B2	Sample 14	2	1	4	42300	36.96	1.42
B2	Sample 14	2	1	5	46600	36.96	1.42
B2	Sample 14	2	1	6	50900	36.96	1.41
B2	Sample 14	2	1	7	55200	37	1.41
B2	Sample 14	2	1	8	59520	36.96	1.39
B2	Sample 14	2	1	9	63800	36.96	1.36
B2	Sample 14	2	1	10	68100	36.96	1.37
B2	Sample 14	2	1	11	72400	37	1.39
B2	Sample 14	2	1	12	76700	37	1.36
B2	Sample 14	2	1	13	81000	37	1.36
B2	Sample 14	2	1	14	85300	37	1.36
B2	Sample 14	2	1	15	89600	36.96	1.38
B3	Sample 15	2	1	1	29420	36.86	1.63
B3	Sample 15	2	1	2	33690	36.96	1.60
B3	Sample 15	2	1	3	37990	36.91	1.61
B3	Sample 15	2	1	4	42300	36.96	1.60
B3	Sample 15	2	1	5	46600	36.96	1.58
B3	Sample 15	2	1	6	50900	36.96	1.57
B3	Sample 15	2	1	7	55200	37	1.57
B3	Sample 15	2	1	8	59520	36.96	1.55
B3	Sample 15	2	1	9	63800	36.96	1.54
B3	Sample 15	2	1	10	68100	36.96	1.57
B3	Sample 15	2	1	11	72400	37	1.55
B3	Sample 15	2	1	12	76700	37	1.54
B3	Sample 15	2	1	13	81000	37	1.55
B3	Sample 15	2	1	14	85300	37	1.54
B3	Sample 15	2	1	15	89600	36.96	1.55
B4	Sample 16	2	1	1	29420	36.86	1.62
B4	Sample 16	2	1	2	33690	36.96	1.62
B4	Sample 16	2	1	3	37990	36.91	1.64
B4	Sample 16	2	1	4	42300	36.96	1.61
B4	Sample 16	2	1	5	46600	36.96	1.59
B4	Sample 16	2	1	6	50900	36.96	1.57
B4	Sample 16	2	1	7	55200	37	1.59
B4	Sample 16	2	1	8	59520	36.96	1.57
B4	Sample 16	2	1	9	63800	36.96	1.56
B4	Sample 16	2	1	10	68100	36.96	1.57
B4	Sample 16	2	1	11	72400	37	1.57
B4	Sample 16	2	1	12	76700	37	1.54
B4	Sample 16	2	1	13	81000	37	1.56
B4	Sample 16	2	1	14	85300	37	1.56
B4	Sample 16	2	1	15	89600	36.96	1.58
B5	Sample 17	2	1	1	29420	36.86	7.95
B5	Sample 17	2	1	2	33690	36.96	7.96
B5	Sample 17	2	1	3	37990	36.91	7.96
B5	Sample 17	2	1	4	42300	36.96	7.93
B5	Sample 17	2	1	5	46600	36.96	7.93
B5	Sample 17	2	1	6	50900	36.96	7.90
B5	Sample 17	2	1	7	55200	37	7.90
B5	Sample 17	2	1	8	59520	36.96	7.88
B5	Sample 17	2	1	9	63800	36.96	7.87
B5	Sample 17	2	1	10	68100	36.96	7.85
B5	Sample 17	2	1	11	72400	37	7.85
B5	Sample 17	2	1	12	76700	37	7.81
B5	Sample 17	2	1	13	81000	37	7.82
B5	Sample 17	2	1	14	85300	37	7.82
B5	Sample 17	2	1	15	89600	36.96	7.82
B6	Sample 18	2	1	1	29420	36.86	7.38
B6	Sample 18	2	1	2	33690	36.96	7.36
B6	Sample 18	2	1	3	37990	36.91	7.37
B6	Sample 18	2	1	4	42300	36.96	7.37
B6	Sample 18	2	1	5	46600	36.96	7.34
B6	Sample 18	2	1	6	50900	36.96	7.31
B6	Sample 18	2	1	7	55200	37	7.33
B6	Sample 18	2	1	8	59520	36.96	7.31
B6	Sample 18	2	1	9	63800	36.96	7.28
B6	Sample 18	2	1	10	68100	36.96	7.31
B6	Sample 18	2	1	11	72400	37	7.28
B6	Sample 18	2	1	12	76700	37	7.30
B6	Sample 18	2	1	13	81000	37	7.28
B6	Sample 18	2	1	14	85300	37	7.25
B6	Sample 18	2	1	15	89600	36.96	7.28
B7	Sample 19	2	1	1	29420	36.86	7.18
B7	Sample 19	2	1	2	33690	36.96	7.17
B7	Sample 19	2	1	3	37990	36.91	7.17
B7	Sample 19	2	1	4	42300	36.96	7.17
B7	Sample 19	2	1	5	46600	36.96	7.13
B7	Sample 19	2	1	6	50900	36.96	7.14
B7	Sample 19	2	1	7	55200	37	7.08
B7	Sample 19	2	1	8	59520	36.96	7.12
B7	Sample 19	2	1	9	63800	36.96	7.10
B7	Sample 19	2	1	10	68100	36.96	7.08
B7	Sample 19	2	1	11	72400	37	7.07
B7	Sample 19	2	1	12	76700	37	7.05
B7	Sample 19	2	1	13	81000	37	7.07
B7	Sample 19	2	1	14	85300	37	7.05
B7	Sample 19	2	1	15	89600	36.96	7.07
B8	Sample 20	2	1	1	29420	36.86	7.91
B8	Sample 20	2	1	2	33690	36.96	7.93
B8	Sample 20	2	1	3	37990	36.91	7.93
B8	Sample 20	2	1	4	42300	36.96	7.90
B8	Sample 20	2	1	5	46600	36.96	7.90
B8	Sample 20	2	1	6	50900	36.96	7.87
B8	Sample 20	2	1	7	55200	37	7.87
B8	Sample 20	2	1	8	59520	36.96	7.85
B8	Sample 20	2	1	9	63800	36.96	7.78
B8	Sample 20	2	1	10	68100	36.96	7.84
B8	Sample 20	2	1	11	72400	37	7.82
B8	Sample 20	2	1	12	76700	37	7.79
B8	Sample 20	2	1	13	81000	37	7.79
B8	Sample 20	2	1	14	85300	37	7.78
B8	Sample 20	2	1	15	89600	36.96	7.78
B9	Sample 21	2	1	1	29420	36.86	8.40
B9	Sample 21	2	1	2	33690	36.96	8.39
B9	Sample 21	2	1	3	37990	36.91	8.41
B9	Sample 21	2	1	4	42300	36.96	8.39
B9	Sample 21	2	1	5	46600	36.96	8.36
B9	Sample 21	2	1	6	50900	36.96	8.33
B9	Sample 21	2	1	7	55200	37	8.33
B9	Sample 21	2	1	8	59520	36.96	8.33
B9	Sample 21	2	1	9	63800	36.96	8.29
B9	Sample 21	2	1	10	68100	36.96	8.30
B9	Sample 21	2	1	11	72400	37	8.29
B9	Sample 21	2	1	12	76700	37	8.29
B9	Sample 21	2	1	13	81000	37	8.32
B9	Sample 21	2	1	14	85300	37	8.27
B9	Sample 21	2	1	15	89600	36.96	8.27
B10	Sample 22	2	1	1	29420	36.86	7.79
B10	Sample 22	2	1	2	33690	36.96	7.84
B10	Sample 22	2	1	3	37990	36.91	7.81
B10	Sample 22	2	1	4	42300	36.96	7.79
B10	Sample 22	2	1	5	46600	36.96	7.78
B10	Sample 22	2	1	6	50900	36.96	7.76
B10	Sample 22	2	1	7	55200	37	7.75
B10	Sample 22	2	1	8	59520	36.96	7.75
B10	Sample 22	2	1	9	63800	36.96	7.70
B10	Sample 22	2	1	10	68100	36.96	7.72
B10	Sample 22	2	1	11	72400	37	7.73
B10	Sample 22	2	1	12	76700	37	7.70
B10	Sample 22	2	1	13	81000	37	7.70
B10	Sample 22	2	1	14	85300	37	7.66
B10	Sample 22	2	1	15	89600	36.96	7.70
B11	Sample 23	2	1	1	29420	36.86	9.27
B11	Sample 23	2	1	2	33690	36.96	9.28
B11	Sample 23	2	1	3	37990	36.91	9.26
B11	Sample 23	2	1	4	42300	36.96	9.23
B11	Sample 23	2	1	5	46600	36.96	9.22
B11	Sample 23	2	1	6	50900	36.96	9.23
B11	Sample 23	2	1	7	55200	37	9.22
B11	Sample 23	2	1	8	59520	36.96	9.22
B11	Sample 23	2	1	9	63800	36.96	9.14
B11	Sample 23	2	1	10	68100	36.96	9.19
B11	Sample 23	2	1	11	72400	37	9.16
B11	Sample 23	2	1	12	76700	37	9.14
B11	Sample 23	2	1	13	81000	37	9.16
B11	Sample 23	2	1	14	85300	37	9.13
B11	Sample 23	2	1	15	89600	36.96	9.13
B12	Sample 24	2	1	1	29420	36.86	7.50
B12	Sample 24	2	1	2	33690	36.96	7.52
B12	Sample 24	2	1	3	37990	36.91	7.54
B12	Sample 24	2	1	4	42300	36.96	7.49
B12	Sample 24	2	1	5	46600	36.96	7.48
B12	Sample 24	2	1	6	50900	36.96	7.49
B12	Sample 24	2	1	7	55200	37	7.48
B12	Sample 24	2	1	8	59520	36.96	7.48
B12	Sample 24	2	1	9	63800	36.96	7.43
B12	Sample 24	2	1	10	68100	36.96	7.45
B12	Sample 24	2	1	11	72400	37	7.45
B12	Sample 24	2	1	12	76700	37	7.40
B12	Sample 24	2	1	13	81000	37	7.42
B12	Sample 24	2	1	14	85300	37	7.40
B12	Sample 24	2	1	15	89600	36.96	7.42
C1	Sample 25	2	1	1	29420	36.86	1.51
C1	Sample 25	2	1	2	33690	36.96	1.48
C1	Sample 25	2	1	3	37990	36.91	1.49
C1	Sample 25	2	1	4	42300	36.96	1.45
C1	Sample 25	2	1	5	46600	36.96	1.48
C1	Sample 25	2	1	6	50900	36.96	1.43
C1	Sample 25	2	1	7	55200	37	1.46
C1	Sample 25	2	1	8	59520	36.96	1.46
C1	Sample 25	2	1	9	63800	36.96	1.45
C1	Sample 25	2	1	10	68100	36.96	1.43
C1	Sample 25	2	1	11	72400	37	1.43
C1	Sample 25	2	1	12	76700	37	1.43
C1	Sample 25	2	1	13	81000	37	1.43
C1	Sample 25	2	1	14	85300	37	1.42
C1	Sample 25	2	1	15	89600	36.96	1.43
C2	Sample 26	2	1	1	29420	36.86	1.53
C2	Sample 26	2	1	2	33690	36.96	1.50
C2	Sample 26	2	1	3	37990	36.91	1.53
C2	Sample 26	2	1	4	42300	36.96	1.47
C2	Sample 26	2	1	5	46600	36.96	1.50
C2	Sample 26	2	1	6	50900	36.96	1.45
C2	Sample 26	2	1	7	55200	37	1.48
C2	Sample 26	2	1	8	59520	36.96	1.47
C2	Sample 26	2	1	9	63800	36.96	1.45
C2	Sample 26	2	1	10	68100	36.96	1.45
C2	Sample 26	2	1	11	72400	37	1.45
C2	Sample 26	2	1	12	76700	37	1.44
C2	Sample 26	2	1	13	81000	37	1.45
C2	Sample 26	2	1	14	85300	37	1.45
C2	Sample 26	2	1	15	89600	36.96	1.45
C3	Sample 27	2	1	1	29420	36.86	1.61
C3	Sample 27	2	1	2	33690	36.96	1.55
C3	Sample 27	2	1	3	37990	36.91	1.57
C3	Sample 27	2	1	4	42300	36.96	1.55
C3	Sample 27	2	1	5	46600	36.96	1.57
C3	Sample 27	2	1	6	50900	36.96	1.52
C3	Sample 27	2	1	7	55200	37	1.55
C3	Sample 27	2	1	8	59520	36.96	1.54
C3	Sample 27	2	1	9	63800	36.96	1.52
C3	Sample 27	2	1	10	68100	36.96	1.52
C3	Sample 27	2	1	11	72400	37	1.52
C3	Sample 27	2	1	12	76700	37	1.49
C3	Sample 27	2	1	13	81000	37	1.54
C3	Sample 27	2	1	14	85300	37	1.51
C3	Sample 27	2	1	15	89600	36.96	1.51
C4	Sample 28	2	1	1	29420	36.86	1.62
C4	Sample 28	2	1	2	33690	36.96	1.56
C4	Sample 28	2	1	3	37990	36.91	1.58
C4	Sample 28	2	1	4	42300	36.96	1.56
C4	Sample 28	2	1	5	46600	36.96	1.58
C4	Sample 28	2	1	6	50900	36.96	1.55
C4	Sample 28	2	1	7	55200	37	1.56
C4	Sample 28	2	1	8	59520	36.96	1.56
C4	Sample 28	2	1	9	63800	36.96	1.53
C4	Sample 28	2	1	10	68100	36.96	1.55
C4	Sample 28	2	1	11	72400	37	1.53
C4	Sample 28	2	1	12	76700	37	1.53
C4	Sample 28	2	1	13	81000	37	1.55
C4	Sample 28	2	1	14	85300	37	1.53
C4	Sample 28	2	1	15	89600	36.96	1.53
C5	Sample 29	2	1	1	29420	36.86	7.70
C5	Sample 29	2	1	2	33690	36.96	7.69
C5	Sample 29	2	1	3	37990	36.91	7.69
C5	Sample 29	2	1	4	42300	36.96	7.67
C5	Sample 29	2	1	5	46600	36.96	7.70
C5	Sample 29	2	1	6	50900	36.96	7.63
C5	Sample 29	2	1	7	55200	37	7.66
C5	Sample 29	2	1	8	59520	36.96	7.66
C5	Sample 29	2	1	9	63800	36.96	7.61
C5	Sample 29	2	1	10	68100	36.96	7.64
C5	Sample 29	2	1	11	72400	37	7.61
C5	Sample 29	2	1	12	76700	37	7.63
C5	Sample 29	2	1	13	81000	37	7.60
C5	Sample 29	2	1	14	85300	37	7.57
C5	Sample 29	2	1	15	89600	36.96	7.57
C6	Sample 30	2	1	1	29420	36.86	8.51
C6	Sample 30	2	1	2	33690	36.96	8.44
C6	Sample 30	2	1	3	37990	36.91	8.47
C6	Sample 30	2	1	4	42300	36.96	8.47
C6	Sample 30	2	1	5	46600	36.96	8.47
C6	Sample 30	2	1	6	50900	36.96	8.42
C6	Sample 30	2	1	7	55200	37	8.44
C6	Sample 30	2	1	8	59520	36.96	8.42
C6	Sample 30	2	1	9	63800	36.96	8.41
C6	Sample 30	2	1	10	68100	36.96	8.39
C6	Sample 30	2	1	11	72400	37	8.39
C6	Sample 30	2	1	12	76700	37	8.36
C6	Sample 30	2	1	13	81000	37	8.37
C6	Sample 30	2	1	14	85300	37	8.35
C6	Sample 30	2	1	15	89600	36.96	8.37
C7	Sample 31	2	1	1	29420	36.86	8.43
C7	Sample 31	2	1	2	33690	36.96	8.39
C7	Sample 31	2	1	3	37990	36.91	8.43
C7	Sample 31	2	1	4	42300	36.96	8.40
C7	Sample 31	2	1	5	46600	36.96	8.40
C7	Sample 31	2	1	6	50900	36.96	8.35
C7	Sample 31	2	1	7	55200	37	8.40
C7	Sample 31	2	1	8	59520	36.96	8.34
C7	Sample 31	2	1	9	63800	36.96	8.32
C7	Sample 31	2	1	10	68100	36.96	8.35
C7	Sample 31	2	1	11	72400	37	8.31
C7	Sample 31	2	1	12	76700	37	8.31
C7	Sample 31	2	1	13	81000	37	8.31
C7	Sample 31	2	1	14	85300	37	8.26
C7	Sample 31	2	1	15	89600	36.96	8.28
C8	Sample 32	2	1	1	29420	36.86	8.33
C8	Sample 32	2	1	2	33690	36.96	8.35
C8	Sample 32	2	1	3	37990	36.91	8.34
C8	Sample 32	2	1	4	42300	36.96	8.32
C8	Sample 32	2	1	5	46600	36.96	8.32
C8	Sample 32	2	1	6	50900	36.96	8.29
C8	Sample 32	2	1	7	55200	37	8.31
C8	Sample 32	2	1	8	59520	36.96	8.28
C8	Sample 32	2	1	9	63800	36.96	8.25
C8	Sample 32	2	1	10	68100	36.96	8.26
C8	Sample 32	2	1	11	72400	37	8.28
C8	Sample 32	2	1	12	76700	37	8.23
C8	Sample 32	2	1	13	81000	37	8.28
C8	Sample 32	2	1	14	85300	37	8.22
C8	Sample 32	2	1	15	89600	36.96	8.22
C9	Sample 33	2	1	1	29420	36.86	8.87
C9	Sample 33	2	1	2	33690	36.96	8.81
C9	Sample 33	2	1	3	37990	36.91	8.84
C9	Sample 33	2	1	4	42300	36.96	8.80
C9	Sample 33	2	1	5	46600	36.96	8.84
C9	Sample 33	2	1	6	50900	36.96	8.80
C9	Sample 33	2	1	7	55200	37	8.80
C9	Sample 33	2	1	8	59520	36.96	8.77
C9	Sample 33	2	1	9	63800	36.96	8.75
C9	Sample 33	2	1	10	68100	36.96	8.75
C9	Sample 33	2	1	11	72400	37	8.74
C9	Sample 33	2	1	12	76700	37	8.74
C9	Sample 33	2	1	13	81000	37	8.75
C9	Sample 33	2	1	14	85300	37	8.69
C9	Sample 33	2	1	15	89600	36.96	8.69
C10	Sample 34	2	1	1	29420	36.86	9.07
C10	Sample 34	2	1	2	33690	36.96	9.03
C10	Sample 34	2	1	3	37990	36.91	9.06
C10	Sample 34	2	1	4	42300	36.96	9.03
C10	Sample 34	2	1	5	46600	36.96	9.03
C10	Sample 34	2	1	6	50900	36.96	9.01
C10	Sample 34	2	1	7	55200	37	9.01
C10	Sample 34	2	1	8	59520	36.96	8.96
C10	Sample 34	2	1	9	63800	36.96	8.97
C10	Sample 34	2	1	10	68100	36.96	8.98
C10	Sample 34	2	1	11	72400	37	8.97
C10	Sample 34	2	1	12	76700	37	8.92
C10	Sample 34	2	1	13	81000	37	8.94
C10	Sample 34	2	1	14	85300	37	8.91
C10	Sample 34	2	1	15	89600	36.96	8.89
C11	Sample 35	2	1	1	29420	36.86	7.32
C11	Sample 35	2	1	2	33690	36.96	7.31
C11	Sample 35	2	1	3	37990	36.91	7.31
C11	Sample 35	2	1	4	42300	36.96	7.28
C11	Sample 35	2	1	5	46600	36.96	7.33
C11	Sample 35	2	1	6	50900	36.96	7.27
C11	Sample 35	2	1	7	55200	37	7.28
C11	Sample 35	2	1	8	59520	36.96	7.27
C11	Sample 35	2	1	9	63800	36.96	7.25
C11	Sample 35	2	1	10	68100	36.96	7.27
C11	Sample 35	2	1	11	72400	37	7.25
C11	Sample 35	2	1	12	76700	37	7.21
C11	Sample 35	2	1	13	81000	37	7.24
C11	Sample 35	2	1	14	85300	37	7.19
C11	Sample 35	2	1	15	89600	36.96	7.22
C12	Sample 36	2	1	1	29420	36.86	7.58
C12	Sample 36	2	1	2	33690	36.96	7.59
C12	Sample 36	2	1	3	37990	36.91	7.57
C12	Sample 36	2	1	4	42300	36.96	7.57
C12	Sample 36	2	1	5	46600	36.96	7.59
C12	Sample 36	2	1	6	50900	36.96	7.54
C12	Sample 36	2	1	7	55200	37	7.54
C12	Sample 36	2	1	8	59520	36.96	7.55
C12	Sample 36	2	1	9	63800	36.96	7.53
C12	Sample 36	2	1	10	68100	36.96	7.54
C12	Sample 36	2	1	11	72400	37	7.54
C12	Sample 36	2	1	12	76700	37	7.52
C12	Sample 36	2	1	13	81000	37	7.51
C12	Sample 36	2	1	14	85300	37	7.46
C12	Sample 36	2	1	15	89600	36.96	7.47
D1	Sample 37	2	1	1	29420	36.86	1.55
D1	Sample 37	2	1	2	33690	36.96	1.53
D1	Sample 37	2	1	3	37990	36.91	1.52
D1	Sample 37	2	1	4	42300	36.96	1.50
D1	Sample 37	2	1	5	46600	36.96	1.50
D1	Sample 37	2	1	6	50900	36.96	1.50
D1	Sample 37	2	1	7	55200	37	1.49
D1	Sample 37	2	1	8	59520	36.96	1.49
D1	Sample 37	2	1	9	63800	36.96	1.49
D1	Sample 37	2	1	10	68100	36.96	1.49
D1	Sample 37	2	1	11	72400	37	1.49
D1	Sample 37	2	1	12	76700	37	1.47
D1	Sample 37	2	1	13	81000	37	1.49
D1	Sample 37	2	1	14	85300	37	1.47
D1	Sample 37	2	1	15	89600	36.96	1.47
D2	Sample 38	2	1	1	29420	36.86	1.57
D2	Sample 38	2	1	2	33690	36.96	1.54
D2	Sample 38	2	1	3	37990	36.91	1.55
D2	Sample 38	2	1	4	42300	36.96	1.54
D2	Sample 38	2	1	5	46600	36.96	1.52
D2	Sample 38	2	1	6	50900	36.96	1.52
D2	Sample 38	2	1	7	55200	37	1.51
D2	Sample 38	2	1	8	59520	36.96	1.51
D2	Sample 38	2	1	9	63800	36.96	1.51
D2	Sample 38	2	1	10	68100	36.96	1.49
D2	Sample 38	2	1	11	72400	37	1.49
D2	Sample 38	2	1	12	76700	37	1.49
D2	Sample 38	2	1	13	81000	37	1.48
D2	Sample 38	2	1	14	85300	37	1.48
D2	Sample 38	2	1	15	89600	36.96	1.49
D3	Sample 39	2	1	1	29420	36.86	1.65
D3	Sample 39	2	1	2	33690	36.96	1.60
D3	Sample 39	2	1	3	37990	36.91	1.62
D3	Sample 39	2	1	4	42300	36.96	1.59
D3	Sample 39	2	1	5	46600	36.96	1.59
D3	Sample 39	2	1	6	50900	36.96	1.57
D3	Sample 39	2	1	7	55200	37	1.57
D3	Sample 39	2	1	8	59520	36.96	1.56
D3	Sample 39	2	1	9	63800	36.96	1.57
D3	Sample 39	2	1	10	68100	36.96	1.57
D3	Sample 39	2	1	11	72400	37	1.56
D3	Sample 39	2	1	12	76700	37	1.54
D3	Sample 39	2	1	13	81000	37	1.54
D3	Sample 39	2	1	14	85300	37	1.56
D3	Sample 39	2	1	15	89600	36.96	1.56
D4	Sample 40	2	1	1	29420	36.86	1.61
D4	Sample 40	2	1	2	33690	36.96	1.58
D4	Sample 40	2	1	3	37990	36.91	1.58
D4	Sample 40	2	1	4	42300	36.96	1.57
D4	Sample 40	2	1	5	46600	36.96	1.57
D4	Sample 40	2	1	6	50900	36.96	1.55
D4	Sample 40	2	1	7	55200	37	1.54
D4	Sample 40	2	1	8	59520	36.96	1.55
D4	Sample 40	2	1	9	63800	36.96	1.54
D4	Sample 40	2	1	10	68100	36.96	1.54
D4	Sample 40	2	1	11	72400	37	1.54
D4	Sample 40	2	1	12	76700	37	1.51
D4	Sample 40	2	1	13	81000	37	1.52
D4	Sample 40	2	1	14	85300	37	1.54
D4	Sample 40	2	1	15	89600	36.96	1.52
D5	Sample 41	2	1	1	29420	36.86	7.66
D5	Sample 41	2	1	2	33690	36.96	7.66
D5	Sample 41	2	1	3	37990	36.91	7.68
D5	Sample 41	2	1	4	42300	36.96	7.68
D5	Sample 41	2	1	5	46600	36.96	7.63
D5	Sample 41	2	1	6	50900	36.96	7.63
D5	Sample 41	2	1	7	55200	37	7.60
D5	Sample 41	2	1	8	59520	36.96	7.60
D5	Sample 41	2	1	9	63800	36.96	7.59
D5	Sample 41	2	1	10	68100	36.96	7.60
D5	Sample 41	2	1	11	72400	37	7.57
D5	Sample 41	2	1	12	76700	37	7.59
D5	Sample 41	2	1	13	81000	37	7.56
D5	Sample 41	2	1	14	85300	37	7.53
D5	Sample 41	2	1	15	89600	36.96	7.54
D6	Sample 42	2	1	1	29420	36.86	7.58
D6	Sample 42	2	1	2	33690	36.96	7.58
D6	Sample 42	2	1	3	37990	36.91	7.57
D6	Sample 42	2	1	4	42300	36.96	7.55
D6	Sample 42	2	1	5	46600	36.96	7.57
D6	Sample 42	2	1	6	50900	36.96	7.52
D6	Sample 42	2	1	7	55200	37	7.49
D6	Sample 42	2	1	8	59520	36.96	7.52
D6	Sample 42	2	1	9	63800	36.96	7.49
D6	Sample 42	2	1	10	68100	36.96	7.52
D6	Sample 42	2	1	11	72400	37	7.48
D6	Sample 42	2	1	12	76700	37	7.47
D6	Sample 42	2	1	13	81000	37	7.45
D6	Sample 42	2	1	14	85300	37	7.45
D6	Sample 42	2	1	15	89600	36.96	7.45
D7	Sample 43	2	1	1	29420	36.86	8.03
D7	Sample 43	2	1	2	33690	36.96	8.01
D7	Sample 43	2	1	3	37990	36.91	8.00
D7	Sample 43	2	1	4	42300	36.96	8.02
D7	Sample 43	2	1	5	46600	36.96	8.01
D7	Sample 43	2	1	6	50900	36.96	7.97
D7	Sample 43	2	1	7	55200	37	7.97
D7	Sample 43	2	1	8	59520	36.96	7.94
D7	Sample 43	2	1	9	63800	36.96	7.94
D7	Sample 43	2	1	10	68100	36.96	7.94
D7	Sample 43	2	1	11	72400	37	7.93
D7	Sample 43	2	1	12	76700	37	7.91
D7	Sample 43	2	1	13	81000	37	7.92
D7	Sample 43	2	1	14	85300	37	7.88
D7	Sample 43	2	1	15	89600	36.96	7.89
D8	Sample 44	2	1	1	29420	36.86	8.00
D8	Sample 44	2	1	2	33690	36.96	7.99
D8	Sample 44	2	1	3	37990	36.91	7.97
D8	Sample 44	2	1	4	42300	36.96	7.97
D8	Sample 44	2	1	5	46600	36.96	7.96
D8	Sample 44	2	1	6	50900	36.96	7.97
D8	Sample 44	2	1	7	55200	37	7.95
D8	Sample 44	2	1	8	59520	36.96	7.94
D8	Sample 44	2	1	9	63800	36.96	7.92
D8	Sample 44	2	1	10	68100	36.96	7.92
D8	Sample 44	2	1	11	72400	37	7.89
D8	Sample 44	2	1	12	76700	37	7.88
D8	Sample 44	2	1	13	81000	37	7.90
D8	Sample 44	2	1	14	85300	37	7.86
D8	Sample 44	2	1	15	89600	36.96	7.85
D9	Sample 45	2	1	1	29420	36.86	8.42
D9	Sample 45	2	1	2	33690	36.96	8.41
D9	Sample 45	2	1	3	37990	36.91	8.41
D9	Sample 45	2	1	4	42300	36.96	8.39
D9	Sample 45	2	1	5	46600	36.96	8.41
D9	Sample 45	2	1	6	50900	36.96	8.38
D9	Sample 45	2	1	7	55200	37	8.35
D9	Sample 45	2	1	8	59520	36.96	8.36
D9	Sample 45	2	1	9	63800	36.96	8.35
D9	Sample 45	2	1	10	68100	36.96	8.36
D9	Sample 45	2	1	11	72400	37	8.35
D9	Sample 45	2	1	12	76700	37	8.32
D9	Sample 45	2	1	13	81000	37	8.30
D9	Sample 45	2	1	14	85300	37	8.29
D9	Sample 45	2	1	15	89600	36.96	8.27
D10	Sample 46	2	1	1	29420	36.86	8.84
D10	Sample 46	2	1	2	33690	36.96	8.85
D10	Sample 46	2	1	3	37990	36.91	8.84
D10	Sample 46	2	1	4	42300	36.96	8.81
D10	Sample 46	2	1	5	46600	36.96	8.83
D10	Sample 46	2	1	6	50900	36.96	8.81
D10	Sample 46	2	1	7	55200	37	8.77
D10	Sample 46	2	1	8	59520	36.96	8.77
D10	Sample 46	2	1	9	63800	36.96	8.74
D10	Sample 46	2	1	10	68100	36.96	8.72
D10	Sample 46	2	1	11	72400	37	8.72
D10	Sample 46	2	1	12	76700	37	8.71
D10	Sample 46	2	1	13	81000	37	8.71
D10	Sample 46	2	1	14	85300	37	8.69
D10	Sample 46	2	1	15	89600	36.96	8.66
D11	Sample 47	2	1	1	29420	36.86	8.53
D11	Sample 47	2	1	2	33690	36.96	8.55
D11	Sample 47	2	1	3	37990	36.91	8.55
D11	Sample 47	2	1	4	42300	36.96	8.52
D11	Sample 47	2	1	5	46600	36.96	8.52
D11	Sample 47	2	1	6	50900	36.96	8.52
D11	Sample 47	2	1	7	55200	37	8.50
D11	Sample 47	2	1	8	59520	36.96	8.47
D11	Sample 47	2	1	9	63800	36.96	8.50
D11	Sample 47	2	1	10	68100	36.96	8.49
D11	Sample 47	2	1	11	72400	37	8.47
D11	Sample 47	2	1	12	76700	37	8.41
D11	Sample 47	2	1	13	81000	37	8.44
D11	Sample 47	2	1	14	85300	37	8.43
D11	Sample 47	2	1	15	89600	36.96	8.40
D12	Sample 48	2	1	1	29420	36.86	6.75
D12	Sample 48	2	1	2	33690	36.96	6.73
D12	Sample 48	2	1	3	37990	36.91	6.70
D12	Sample 48	2	1	4	42300	36.96	6.73
D12	Sample 48	2	1	5	46600	36.96	6.71
D12	Sample 48	2	1	6	50900	36.96	6.68
D12	Sample 48	2	1	7	55200	37	6.68
D12	Sample 48	2	1	8	59520	36.96	6.70
D12	Sample 48	2	1	9	63800	36.96	6.68
D12	Sample 48	2	1	10	68100	36.96	6.67
D12	Sample 48	2	1	11	72400	37	6.67
D12	Sample 48	2	1	12	76700	37	6.63
D12	Sample 48	2	1	13	81000	37	6.67
D12	Sample 48	2	1	14	85300	37	6.64
D12	Sample 48	2	1	15	89600	36.96	6.62
E1	Sample 49	2	1	1	29420	36.86	1.45
E1	Sample 49	2	1	2	33690	36.96	1.42
E1	Sample 49	2	1	3	37990	36.91	1.43
E1	Sample 49	2	1	4	42300	36.96	1.42
E1	Sample 49	2	1	5	46600	36.96	1.43
E1	Sample 49	2	1	6	50900	36.96	1.43
E1	Sample 49	2	1	7	55200	37	1.45
E1	Sample 49	2	1	8	59520	36.96	1.48
E1	Sample 49	2	1	9	63800	36.96	1.51
E1	Sample 49	2	1	10	68100	36.96	1.53
E1	Sample 49	2	1	11	72400	37	1.54
E1	Sample 49	2	1	12	76700	37	1.56
E1	Sample 49	2	1	13	81000	37	1.57
E1	Sample 49	2	1	14	85300	37	1.56
E1	Sample 49	2	1	15	89600	36.96	1.57
E2	Sample 50	2	1	1	29420	36.86	1.62
E2	Sample 50	2	1	2	33690	36.96	1.61
E2	Sample 50	2	1	3	37990	36.91	1.62
E2	Sample 50	2	1	4	42300	36.96	1.61
E2	Sample 50	2	1	5	46600	36.96	1.64
E2	Sample 50	2	1	6	50900	36.96	1.59
E2	Sample 50	2	1	7	55200	37	1.58
E2	Sample 50	2	1	8	59520	36.96	1.58
E2	Sample 50	2	1	9	63800	36.96	1.58
E2	Sample 50	2	1	10	68100	36.96	1.56
E2	Sample 50	2	1	11	72400	37	1.58
E2	Sample 50	2	1	12	76700	37	1.56
E2	Sample 50	2	1	13	81000	37	1.58
E2	Sample 50	2	1	14	85300	37	1.56
E2	Sample 50	2	1	15	89600	36.96	1.58
E3	Sample 51	2	1	1	29420	36.86	2.00
E3	Sample 51	2	1	2	33690	36.96	1.98
E3	Sample 51	2	1	3	37990	36.91	2.00
E3	Sample 51	2	1	4	42300	36.96	1.95
E3	Sample 51	2	1	5	46600	36.96	1.95
E3	Sample 51	2	1	6	50900	36.96	1.94
E3	Sample 51	2	1	7	55200	37	1.94
E3	Sample 51	2	1	8	59520	36.96	1.94
E3	Sample 51	2	1	9	63800	36.96	1.92
E3	Sample 51	2	1	10	68100	36.96	1.92
E3	Sample 51	2	1	11	72400	37	1.91
E3	Sample 51	2	1	12	76700	37	1.91
E3	Sample 51	2	1	13	81000	37	1.91
E3	Sample 51	2	1	14	85300	37	1.91
E3	Sample 51	2	1	15	89600	36.96	1.89
E4	Sample 52	2	1	1	29420	36.86	2.09
E4	Sample 52	2	1	2	33690	36.96	2.06
E4	Sample 52	2	1	3	37990	36.91	2.08
E4	Sample 52	2	1	4	42300	36.96	2.03
E4	Sample 52	2	1	5	46600	36.96	2.05
E4	Sample 52	2	1	6	50900	36.96	2.02
E4	Sample 52	2	1	7	55200	37	2.00
E4	Sample 52	2	1	8	59520	36.96	2.00
E4	Sample 52	2	1	9	63800	36.96	1.99
E4	Sample 52	2	1	10	68100	36.96	1.99
E4	Sample 52	2	1	11	72400	37	1.97
E4	Sample 52	2	1	12	76700	37	1.97
E4	Sample 52	2	1	13	81000	37	1.99
E4	Sample 52	2	1	14	85300	37	1.99
E4	Sample 52	2	1	15	89600	36.96	1.99
E5	Sample 53	2	1	1	29420	36.86	8.46
E5	Sample 53	2	1	2	33690	36.96	8.45
E5	Sample 53	2	1	3	37990	36.91	8.46
E5	Sample 53	2	1	4	42300	36.96	8.42
E5	Sample 53	2	1	5	46600	36.96	8.42
E5	Sample 53	2	1	6	50900	36.96	8.42
E5	Sample 53	2	1	7	55200	37	8.42
E5	Sample 53	2	1	8	59520	36.96	8.39
E5	Sample 53	2	1	9	63800	36.96	8.37
E5	Sample 53	2	1	10	68100	36.96	8.36
E5	Sample 53	2	1	11	72400	37	8.37
E5	Sample 53	2	1	12	76700	37	8.34
E5	Sample 53	2	1	13	81000	37	8.37
E5	Sample 53	2	1	14	85300	37	8.33
E5	Sample 53	2	1	15	89600	36.96	8.33
E6	Sample 54	2	1	1	29420	36.86	8.29
E6	Sample 54	2	1	2	33690	36.96	8.28
E6	Sample 54	2	1	3	37990	36.91	8.27
E6	Sample 54	2	1	4	42300	36.96	8.22
E6	Sample 54	2	1	5	46600	36.96	8.30
E6	Sample 54	2	1	6	50900	36.96	8.25
E6	Sample 54	2	1	7	55200	37	8.24
E6	Sample 54	2	1	8	59520	36.96	8.22
E6	Sample 54	2	1	9	63800	36.96	8.24
E6	Sample 54	2	1	10	68100	36.96	8.19
E6	Sample 54	2	1	11	72400	37	8.21
E6	Sample 54	2	1	12	76700	37	8.18
E6	Sample 54	2	1	13	81000	37	8.19
E6	Sample 54	2	1	14	85300	37	8.16
E6	Sample 54	2	1	15	89600	36.96	8.18
E7	Sample 55	2	1	1	29420	36.86	8.43
E7	Sample 55	2	1	2	33690	36.96	8.42
E7	Sample 55	2	1	3	37990	36.91	8.41
E7	Sample 55	2	1	4	42300	36.96	8.40
E7	Sample 55	2	1	5	46600	36.96	8.39
E7	Sample 55	2	1	6	50900	36.96	8.38
E7	Sample 55	2	1	7	55200	37	8.37
E7	Sample 55	2	1	8	59520	36.96	8.35
E7	Sample 55	2	1	9	63800	36.96	8.37
E7	Sample 55	2	1	10	68100	36.96	8.32
E7	Sample 55	2	1	11	72400	37	8.32
E7	Sample 55	2	1	12	76700	37	8.31
E7	Sample 55	2	1	13	81000	37	8.33
E7	Sample 55	2	1	14	85300	37	8.32
E7	Sample 55	2	1	15	89600	36.96	8.30
E8	Sample 56	2	1	1	29420	36.86	7.81
E8	Sample 56	2	1	2	33690	36.96	7.80
E8	Sample 56	2	1	3	37990	36.91	7.81
E8	Sample 56	2	1	4	42300	36.96	7.81
E8	Sample 56	2	1	5	46600	36.96	7.83
E8	Sample 56	2	1	6	50900	36.96	7.78
E8	Sample 56	2	1	7	55200	37	7.78
E8	Sample 56	2	1	8	59520	36.96	7.78
E8	Sample 56	2	1	9	63800	36.96	7.75
E8	Sample 56	2	1	10	68100	36.96	7.72
E8	Sample 56	2	1	11	72400	37	7.74
E8	Sample 56	2	1	12	76700	37	7.72
E8	Sample 56	2	1	13	81000	37	7.74
E8	Sample 56	2	1	14	85300	37	7.72
E8	Sample 56	2	1	15	89600	36.96	7.71
E9	Sample 57	2	1	1	29420	36.86	8.66
E9	Sample 57	2	1	2	33690	36.96	8.63
E9	Sample 57	2	1	3	37990	36.91	8.66
E9	Sample 57	2	1	4	42300	36.96	8.61
E9	Sample 57	2	1	5	46600	36.96	8.65
E9	Sample 57	2	1	6	50900	36.96	8.58
E9	Sample 57	2	1	7	55200	37	8.57
E9	Sample 57	2	1	8	59520	36.96	8.55
E9	Sample 57	2	1	9	63800	36.96	8.55
E9	Sample 57	2	1	10	68100	36.96	8.55
E9	Sample 57	2	1	11	72400	37	8.54
E9	Sample 57	2	1	12	76700	37	8.51
E9	Sample 57	2	1	13	81000	37	8.51
E9	Sample 57	2	1	14	85300	37	8.51
E9	Sample 57	2	1	15	89600	36.96	8.49
E10	Sample 58	2	1	1	29420	36.86	8.97
E10	Sample 58	2	1	2	33690	36.96	8.97
E10	Sample 58	2	1	3	37990	36.91	8.98
E10	Sample 58	2	1	4	42300	36.96	8.97
E10	Sample 58	2	1	5	46600	36.96	8.97
E10	Sample 58	2	1	6	50900	36.96	8.95
E10	Sample 58	2	1	7	55200	37	8.92
E10	Sample 58	2	1	8	59520	36.96	8.94
E10	Sample 58	2	1	9	63800	36.96	8.91
E10	Sample 58	2	1	10	68100	36.96	8.86
E10	Sample 58	2	1	11	72400	37	8.92
E10	Sample 58	2	1	12	76700	37	8.89
E10	Sample 58	2	1	13	81000	37	8.88
E10	Sample 58	2	1	14	85300	37	8.85
E10	Sample 58	2	1	15	89600	36.96	8.87
E11	Sample 59	2	1	1	29420	36.86	8.53
E11	Sample 59	2	1	2	33690	36.96	8.50
E11	Sample 59	2	1	3	37990	36.91	8.53
E11	Sample 59	2	1	4	42300	36.96	8.52
E11	Sample 59	2	1	5	46600	36.96	8.55
E11	Sample 59	2	1	6	50900	36.96	8.50
E11	Sample 59	2	1	7	55200	37	8.49
E11	Sample 59	2	1	8	59520	36.96	8.47
E11	Sample 59	2	1	9	63800	36.96	8.47
E11	Sample 59	2	1	10	68100	36.96	8.46
E11	Sample 59	2	1	11	72400	37	8.43
E11	Sample 59	2	1	12	76700	37	8.41
E11	Sample 59	2	1	13	81000	37	8.44
E11	Sample 59	2	1	14	85300	37	8.41
E11	Sample 59	2	1	15	89600	36.96	8.40
E12	Sample 60	2	1	1	29420	36.86	6.84
E12	Sample 60	2	1	2	33690	36.96	6.86
E12	Sample 60	2	1	3	37990	36.91	6.82
E12	Sample 60	2	1	4	42300	36.96	6.86
E12	Sample 60	2	1	5	46600	36.96	6.86
E12	Sample 60	2	1	6	50900	36.96	6.81
E12	Sample 60	2	1	7	55200	37	6.82
E12	Sample 60	2	1	8	59520	36.96	6.81
E12	Sample 60	2	1	9	63800	36.96	6.81
E12	Sample 60	2	1	10	68100	36.96	6.78
E12	Sample 60	2	1	11	72400	37	6.80
E12	Sample 60	2	1	12	76700	37	6.78
E12	Sample 60	2	1	13	81000	37	6.78
E12	Sample 60	2	1	14	85300	37	6.80
E12	Sample 60	2	1	15	89600	36.96	6.77
F1	Sample 61	2	1	1	29420	36.86	1.70
F1	Sample 61	2	1	2	33690	36.96	1.68
F1	Sample 61	2	1	3	37990	36.91	1.64
F1	Sample 61	2	1	4	42300	36.96	1.67
F1	Sample 61	2	1	5	46600	36.96	1.72
F1	Sample 61	2	1	6	50900	36.96	1.71
F1	Sample 61	2	1	7	55200	37	1.75
F1	Sample 61	2	1	8	59520	36.96	1.81
F1	Sample 61	2	1	9	63800	36.96	1.81
F1	Sample 61	2	1	10	68100	36.96	1.83
F1	Sample 61	2	1	11	72400	37	1.83
F1	Sample 61	2	1	12	76700	37	1.83
F1	Sample 61	2	1	13	81000	37	1.86
F1	Sample 61	2	1	14	85300	37	1.84
F1	Sample 61	2	1	15	89600	36.96	1.86
F2	Sample 62	2	1	1	29420	36.86	1.95
F2	Sample 62	2	1	2	33690	36.96	1.95
F2	Sample 62	2	1	3	37990	36.91	1.90
F2	Sample 62	2	1	4	42300	36.96	1.90
F2	Sample 62	2	1	5	46600	36.96	1.92
F2	Sample 62	2	1	6	50900	36.96	1.89
F2	Sample 62	2	1	7	55200	37	1.87
F2	Sample 62	2	1	8	59520	36.96	1.89
F2	Sample 62	2	1	9	63800	36.96	1.86
F2	Sample 62	2	1	10	68100	36.96	1.86
F2	Sample 62	2	1	11	72400	37	1.86
F2	Sample 62	2	1	12	76700	37	1.86
F2	Sample 62	2	1	13	81000	37	1.83
F2	Sample 62	2	1	14	85300	37	1.86
F2	Sample 62	2	1	15	89600	36.96	1.86
F3	Sample 63	2	1	1	29420	36.86	2.14
F3	Sample 63	2	1	2	33690	36.96	2.12
F3	Sample 63	2	1	3	37990	36.91	2.09
F3	Sample 63	2	1	4	42300	36.96	2.09
F3	Sample 63	2	1	5	46600	36.96	2.09
F3	Sample 63	2	1	6	50900	36.96	2.06
F3	Sample 63	2	1	7	55200	37	2.06
F3	Sample 63	2	1	8	59520	36.96	2.06
F3	Sample 63	2	1	9	63800	36.96	2.03
F3	Sample 63	2	1	10	68100	36.96	2.03
F3	Sample 63	2	1	11	72400	37	2.03
F3	Sample 63	2	1	12	76700	37	2.03
F3	Sample 63	2	1	13	81000	37	2.05
F3	Sample 63	2	1	14	85300	37	2.02
F3	Sample 63	2	1	15	89600	36.96	2.05
F4	Sample 64	2	1	1	29420	36.86	2.17
F4	Sample 64	2	1	2	33690	36.96	2.14
F4	Sample 64	2	1	3	37990	36.91	2.11
F4	Sample 64	2	1	4	42300	36.96	2.13
F4	Sample 64	2	1	5	46600	36.96	2.14
F4	Sample 64	2	1	6	50900	36.96	2.10
F4	Sample 64	2	1	7	55200	37	2.10
F4	Sample 64	2	1	8	59520	36.96	2.10
F4	Sample 64	2	1	9	63800	36.96	2.08
F4	Sample 64	2	1	10	68100	36.96	2.05
F4	Sample 64	2	1	11	72400	37	2.10
F4	Sample 64	2	1	12	76700	37	2.05
F4	Sample 64	2	1	13	81000	37	2.08
F4	Sample 64	2	1	14	85300	37	2.06
F4	Sample 64	2	1	15	89600	36.96	2.07
F5	Sample 65	2	1	1	29420	36.86	8.52
F5	Sample 65	2	1	2	33690	36.96	8.54
F5	Sample 65	2	1	3	37990	36.91	8.51
F5	Sample 65	2	1	4	42300	36.96	8.52
F5	Sample 65	2	1	5	46600	36.96	8.48
F5	Sample 65	2	1	6	50900	36.96	8.51
F5	Sample 65	2	1	7	55200	37	8.46
F5	Sample 65	2	1	8	59520	36.96	8.45
F5	Sample 65	2	1	9	63800	36.96	8.45
F5	Sample 65	2	1	10	68100	36.96	8.43
F5	Sample 65	2	1	11	72400	37	8.43
F5	Sample 65	2	1	12	76700	37	8.42
F5	Sample 65	2	1	13	81000	37	8.43
F5	Sample 65	2	1	14	85300	37	8.39
F5	Sample 65	2	1	15	89600	36.96	8.42
F6	Sample 66	2	1	1	29420	36.86	7.95
F6	Sample 66	2	1	2	33690	36.96	7.93
F6	Sample 66	2	1	3	37990	36.91	7.91
F6	Sample 66	2	1	4	42300	36.96	7.91
F6	Sample 66	2	1	5	46600	36.96	7.90
F6	Sample 66	2	1	6	50900	36.96	7.90
F6	Sample 66	2	1	7	55200	37	7.88
F6	Sample 66	2	1	8	59520	36.96	7.88
F6	Sample 66	2	1	9	63800	36.96	7.85
F6	Sample 66	2	1	10	68100	36.96	7.85
F6	Sample 66	2	1	11	72400	37	7.84
F6	Sample 66	2	1	12	76700	37	7.80
F6	Sample 66	2	1	13	81000	37	7.84
F6	Sample 66	2	1	14	85300	37	7.82
F6	Sample 66	2	1	15	89600	36.96	7.79
F7	Sample 67	2	1	1	29420	36.86	8.80
F7	Sample 67	2	1	2	33690	36.96	8.80
F7	Sample 67	2	1	3	37990	36.91	8.79
F7	Sample 67	2	1	4	42300	36.96	8.77
F7	Sample 67	2	1	5	46600	36.96	8.79
F7	Sample 67	2	1	6	50900	36.96	8.74
F7	Sample 67	2	1	7	55200	37	8.73
F7	Sample 67	2	1	8	59520	36.96	8.73
F7	Sample 67	2	1	9	63800	36.96	8.68
F7	Sample 67	2	1	10	68100	36.96	8.71
F7	Sample 67	2	1	11	72400	37	8.67
F7	Sample 67	2	1	12	76700	37	8.67
F7	Sample 67	2	1	13	81000	37	8.67
F7	Sample 67	2	1	14	85300	37	8.65
F7	Sample 67	2	1	15	89600	36.96	8.62
F8	Sample 68	2	1	1	29420	36.86	8.86
F8	Sample 68	2	1	2	33690	36.96	8.86
F8	Sample 68	2	1	3	37990	36.91	8.82
F8	Sample 68	2	1	4	42300	36.96	8.82
F8	Sample 68	2	1	5	46600	36.96	8.83
F8	Sample 68	2	1	6	50900	36.96	8.82
F8	Sample 68	2	1	7	55200	37	8.79
F8	Sample 68	2	1	8	59520	36.96	8.80
F8	Sample 68	2	1	9	63800	36.96	8.76
F8	Sample 68	2	1	10	68100	36.96	8.77
F8	Sample 68	2	1	11	72400	37	8.74
F8	Sample 68	2	1	12	76700	37	8.70
F8	Sample 68	2	1	13	81000	37	8.73
F8	Sample 68	2	1	14	85300	37	8.71
F8	Sample 68	2	1	15	89600	36.96	8.70
F9	Sample 69	2	1	1	29420	36.86	9.49
F9	Sample 69	2	1	2	33690	36.96	9.50
F9	Sample 69	2	1	3	37990	36.91	9.46
F9	Sample 69	2	1	4	42300	36.96	9.46
F9	Sample 69	2	1	5	46600	36.96	9.45
F9	Sample 69	2	1	6	50900	36.96	9.46
F9	Sample 69	2	1	7	55200	37	9.43
F9	Sample 69	2	1	8	59520	36.96	9.42
F9	Sample 69	2	1	9	63800	36.96	9.42
F9	Sample 69	2	1	10	68100	36.96	9.40
F9	Sample 69	2	1	11	72400	37	9.40
F9	Sample 69	2	1	12	76700	37	9.34
F9	Sample 69	2	1	13	81000	37	9.34
F9	Sample 69	2	1	14	85300	37	9.34
F9	Sample 69	2	1	15	89600	36.96	9.33
F10	Sample 70	2	1	1	29420	36.86	10.31
F10	Sample 70	2	1	2	33690	36.96	10.32
F10	Sample 70	2	1	3	37990	36.91	10.30
F10	Sample 70	2	1	4	42300	36.96	10.29
F10	Sample 70	2	1	5	46600	36.96	10.29
F10	Sample 70	2	1	6	50900	36.96	10.26
F10	Sample 70	2	1	7	55200	37	10.21
F10	Sample 70	2	1	8	59520	36.96	10.21
F10	Sample 70	2	1	9	63800	36.96	10.20
F10	Sample 70	2	1	10	68100	36.96	10.20
F10	Sample 70	2	1	11	72400	37	10.18
F10	Sample 70	2	1	12	76700	37	10.18
F10	Sample 70	2	1	13	81000	37	10.17
F10	Sample 70	2	1	14	85300	37	10.15
F10	Sample 70	2	1	15	89600	36.96	10.15
F11	Sample 71	2	1	1	29420	36.86	8.38
F11	Sample 71	2	1	2	33690	36.96	8.37
F11	Sample 71	2	1	3	37990	36.91	8.35
F11	Sample 71	2	1	4	42300	36.96	8.37
F11	Sample 71	2	1	5	46600	36.96	8.36
F11	Sample 71	2	1	6	50900	36.96	8.35
F11	Sample 71	2	1	7	55200	37	8.34
F11	Sample 71	2	1	8	59520	36.96	8.34
F11	Sample 71	2	1	9	63800	36.96	8.32
F11	Sample 71	2	1	10	68100	36.96	8.32
F11	Sample 71	2	1	11	72400	37	8.29
F11	Sample 71	2	1	12	76700	37	8.29
F11	Sample 71	2	1	13	81000	37	8.28
F11	Sample 71	2	1	14	85300	37	8.26
F11	Sample 71	2	1	15	89600	36.96	8.26
F12	Sample 72	2	1	1	29420	36.86	8.16
F12	Sample 72	2	1	2	33690	36.96	8.18
F12	Sample 72	2	1	3	37990	36.91	8.16
F12	Sample 72	2	1	4	42300	36.96	8.13
F12	Sample 72	2	1	5	46600	36.96	8.16
F12	Sample 72	2	1	6	50900	36.96	8.10
F12	Sample 72	2	1	7	55200	37	8.10
F12	Sample 72	2	1	8	59520	36.96	8.13
F12	Sample 72	2	1	9	63800	36.96	8.10
F12	Sample 72	2	1	10	68100	36.96	8.09
F12	Sample 72	2	1	11	72400	37	8.09
F12	Sample 72	2	1	12	76700	37	8.05
F12	Sample 72	2	1	13	81000	37	8.07
F12	Sample 72	2	1	14	85300	37	8.05
F12	Sample 72	2	1	15	89600	36.96	8.04
G1	Sample 73	2	1	1	29420	36.86	2.00
G1	Sample 73	2	1	2	33690	36.96	2.01
G1	Sample 73	2	1	3	37990	36.91	2.01
G1	Sample 73	2	1	4	42300	36.96	1.99
G1	Sample 73	2	1	5	46600	36.96	1.99
G1	Sample 73	2	1	6	50900	36.96	1.97
G1	Sample 73	2	1	7	55200	37	1.96
G1	Sample 73	2	1	8	59520	36.96	1.96
G1	Sample 73	2	1	9	63800	36.96	1.96
G1	Sample 73	2	1	10	68100	36.96	1.96
G1	Sample 73	2	1	11	72400	37	1.94
G1	Sample 73	2	1	12	76700	37	1.94
G1	Sample 73	2	1	13	81000	37	1.94
G1	Sample 73	2	1	14	85300	37	1.94
G1	Sample 73	2	1	15	89600	36.96	1.94
G2	Sample 74	2	1	1	29420	36.86	2.04
G2	Sample 74	2	1	2	33690	36.96	2.02
G2	Sample 74	2	1	3	37990	36.91	2.02
G2	Sample 74	2	1	4	42300	36.96	2.00
G2	Sample 74	2	1	5	46600	36.96	1.99
G2	Sample 74	2	1	6	50900	36.96	1.97
G2	Sample 74	2	1	7	55200	37	1.97
G2	Sample 74	2	1	8	59520	36.96	1.97
G2	Sample 74	2	1	9	63800	36.96	1.97
G2	Sample 74	2	1	10	68100	36.96	1.94
G2	Sample 74	2	1	11	72400	37	1.97
G2	Sample 74	2	1	12	76700	37	1.94
G2	Sample 74	2	1	13	81000	37	1.94
G2	Sample 74	2	1	14	85300	37	1.96
G2	Sample 74	2	1	15	89600	36.96	1.96
G3	Sample 75	2	1	1	29420	36.86	2.21
G3	Sample 75	2	1	2	33690	36.96	2.18
G3	Sample 75	2	1	3	37990	36.91	2.16
G3	Sample 75	2	1	4	42300	36.96	2.15
G3	Sample 75	2	1	5	46600	36.96	2.16
G3	Sample 75	2	1	6	50900	36.96	2.15
G3	Sample 75	2	1	7	55200	37	2.13
G3	Sample 75	2	1	8	59520	36.96	2.13
G3	Sample 75	2	1	9	63800	36.96	2.10
G3	Sample 75	2	1	10	68100	36.96	2.12
G3	Sample 75	2	1	11	72400	37	2.12
G3	Sample 75	2	1	12	76700	37	2.08
G3	Sample 75	2	1	13	81000	37	2.12
G3	Sample 75	2	1	14	85300	37	2.10
G3	Sample 75	2	1	15	89600	36.96	2.08
G4	Sample 76	2	1	1	29420	36.86	2.26
G4	Sample 76	2	1	2	33690	36.96	2.24
G4	Sample 76	2	1	3	37990	36.91	2.19
G4	Sample 76	2	1	4	42300	36.96	2.21
G4	Sample 76	2	1	5	46600	36.96	2.21
G4	Sample 76	2	1	6	50900	36.96	2.18
G4	Sample 76	2	1	7	55200	37	2.16
G4	Sample 76	2	1	8	59520	36.96	2.18
G4	Sample 76	2	1	9	63800	36.96	2.16
G4	Sample 76	2	1	10	68100	36.96	2.15
G4	Sample 76	2	1	11	72400	37	2.16
G4	Sample 76	2	1	12	76700	37	2.13
G4	Sample 76	2	1	13	81000	37	2.15
G4	Sample 76	2	1	14	85300	37	2.16
G4	Sample 76	2	1	15	89600	36.96	2.16
G5	Sample 77	2	1	1	29420	36.86	8.17
G5	Sample 77	2	1	2	33690	36.96	8.16
G5	Sample 77	2	1	3	37990	36.91	8.17
G5	Sample 77	2	1	4	42300	36.96	8.16
G5	Sample 77	2	1	5	46600	36.96	8.14
G5	Sample 77	2	1	6	50900	36.96	8.13
G5	Sample 77	2	1	7	55200	37	8.11
G5	Sample 77	2	1	8	59520	36.96	8.13
G5	Sample 77	2	1	9	63800	36.96	8.10
G5	Sample 77	2	1	10	68100	36.96	8.10
G5	Sample 77	2	1	11	72400	37	8.07
G5	Sample 77	2	1	12	76700	37	8.03
G5	Sample 77	2	1	13	81000	37	8.07
G5	Sample 77	2	1	14	85300	37	8.07
G5	Sample 77	2	1	15	89600	36.96	8.07
G6	Sample 78	2	1	1	29420	36.86	6.99
G6	Sample 78	2	1	2	33690	36.96	7.01
G6	Sample 78	2	1	3	37990	36.91	6.98
G6	Sample 78	2	1	4	42300	36.96	6.98
G6	Sample 78	2	1	5	46600	36.96	6.98
G6	Sample 78	2	1	6	50900	36.96	6.97
G6	Sample 78	2	1	7	55200	37	6.97
G6	Sample 78	2	1	8	59520	36.96	6.97
G6	Sample 78	2	1	9	63800	36.96	6.97
G6	Sample 78	2	1	10	68100	36.96	6.92
G6	Sample 78	2	1	11	72400	37	6.91
G6	Sample 78	2	1	12	76700	37	6.89
G6	Sample 78	2	1	13	81000	37	6.91
G6	Sample 78	2	1	14	85300	37	6.89
G6	Sample 78	2	1	15	89600	36.96	6.89
G7	Sample 79	2	1	1	29420	36.86	6.77
G7	Sample 79	2	1	2	33690	36.96	6.79
G7	Sample 79	2	1	3	37990	36.91	6.76
G7	Sample 79	2	1	4	42300	36.96	6.76
G7	Sample 79	2	1	5	46600	36.96	6.74
G7	Sample 79	2	1	6	50900	36.96	6.76
G7	Sample 79	2	1	7	55200	37	6.74
G7	Sample 79	2	1	8	59520	36.96	6.73
G7	Sample 79	2	1	9	63800	36.96	6.68
G7	Sample 79	2	1	10	68100	36.96	6.70
G7	Sample 79	2	1	11	72400	37	6.68
G7	Sample 79	2	1	12	76700	37	6.68
G7	Sample 79	2	1	13	81000	37	6.67
G7	Sample 79	2	1	14	85300	37	6.68
G7	Sample 79	2	1	15	89600	36.96	6.68
G8	Sample 80	2	1	1	29420	36.86	7.64
G8	Sample 80	2	1	2	33690	36.96	7.63
G8	Sample 80	2	1	3	37990	36.91	7.62
G8	Sample 80	2	1	4	42300	36.96	7.65
G8	Sample 80	2	1	5	46600	36.96	7.63
G8	Sample 80	2	1	6	50900	36.96	7.60
G8	Sample 80	2	1	7	55200	37	7.57
G8	Sample 80	2	1	8	59520	36.96	7.59
G8	Sample 80	2	1	9	63800	36.96	7.57
G8	Sample 80	2	1	10	68100	36.96	7.54
G8	Sample 80	2	1	11	72400	37	7.57
G8	Sample 80	2	1	12	76700	37	7.52
G8	Sample 80	2	1	13	81000	37	7.56
G8	Sample 80	2	1	14	85300	37	7.54
G8	Sample 80	2	1	15	89600	36.96	7.54
G9	Sample 81	2	1	1	29420	36.86	8.64
G9	Sample 81	2	1	2	33690	36.96	8.62
G9	Sample 81	2	1	3	37990	36.91	8.59
G9	Sample 81	2	1	4	42300	36.96	8.62
G9	Sample 81	2	1	5	46600	36.96	8.59
G9	Sample 81	2	1	6	50900	36.96	8.56
G9	Sample 81	2	1	7	55200	37	8.56
G9	Sample 81	2	1	8	59520	36.96	8.52
G9	Sample 81	2	1	9	63800	36.96	8.54
G9	Sample 81	2	1	10	68100	36.96	8.53
G9	Sample 81	2	1	11	72400	37	8.53
G9	Sample 81	2	1	12	76700	37	8.51
G9	Sample 81	2	1	13	81000	37	8.48
G9	Sample 81	2	1	14	85300	37	8.48
G9	Sample 81	2	1	15	89600	36.96	8.48
G10	Sample 82	2	1	1	29420	36.86	8.49
G10	Sample 82	2	1	2	33690	36.96	8.51
G10	Sample 82	2	1	3	37990	36.91	8.48
G10	Sample 82	2	1	4	42300	36.96	8.48
G10	Sample 82	2	1	5	46600	36.96	8.48
G10	Sample 82	2	1	6	50900	36.96	8.45
G10	Sample 82	2	1	7	55200	37	8.45
G10	Sample 82	2	1	8	59520	36.96	8.46
G10	Sample 82	2	1	9	63800	36.96	8.39
G10	Sample 82	2	1	10	68100	36.96	8.42
G10	Sample 82	2	1	11	72400	37	8.40
G10	Sample 82	2	1	12	76700	37	8.37
G10	Sample 82	2	1	13	81000	37	8.40
G10	Sample 82	2	1	14	85300	37	8.37
G10	Sample 82	2	1	15	89600	36.96	8.36
G11	Sample 83	2	1	1	29420	36.86	9.09
G11	Sample 83	2	1	2	33690	36.96	9.10
G11	Sample 83	2	1	3	37990	36.91	9.08
G11	Sample 83	2	1	4	42300	36.96	9.08
G11	Sample 83	2	1	5	46600	36.96	9.08
G11	Sample 83	2	1	6	50900	36.96	9.05
G11	Sample 83	2	1	7	55200	37	9.03
G11	Sample 83	2	1	8	59520	36.96	9.03
G11	Sample 83	2	1	9	63800	36.96	9.01
G11	Sample 83	2	1	10	68100	36.96	8.99
G11	Sample 83	2	1	11	72400	37	8.97
G11	Sample 83	2	1	12	76700	37	8.97
G11	Sample 83	2	1	13	81000	37	8.96
G11	Sample 83	2	1	14	85300	37	8.96
G11	Sample 83	2	1	15	89600	36.96	8.95
G12	Sample 84	2	1	1	29420	36.86	6.95
G12	Sample 84	2	1	2	33690	36.96	7.00
G12	Sample 84	2	1	3	37990	36.91	6.95
G12	Sample 84	2	1	4	42300	36.96	6.95
G12	Sample 84	2	1	5	46600	36.96	6.97
G12	Sample 84	2	1	6	50900	36.96	6.93
G12	Sample 84	2	1	7	55200	37	6.90
G12	Sample 84	2	1	8	59520	36.96	6.90
G12	Sample 84	2	1	9	63800	36.96	6.90
G12	Sample 84	2	1	10	68100	36.96	6.90
G12	Sample 84	2	1	11	72400	37	6.89
G12	Sample 84	2	1	12	76700	37	6.87
G12	Sample 84	2	1	13	81000	37	6.89
G12	Sample 84	2	1	14	85300	37	6.87
G12	Sample 84	2	1	15	89600	36.96	6.87
H1	Sample 85	2	1	1	29420	36.86	2.00
H1	Sample 85	2	1	2	33690	36.96	1.98
H1	Sample 85	2	1	3	37990	36.91	1.97
H1	Sample 85	2	1	4	42300	36.96	1.94
H1	Sample 85	2	1	5	46600	36.96	1.95
H1	Sample 85	2	1	6	50900	36.96	1.97
H1	Sample 85	2	1	7	55200	37	1.95
H1	Sample 85	2	1	8	59520	36.96	1.94
H1	Sample 85	2	1	9	63800	36.96	1.92
H1	Sample 85	2	1	10	68100	36.96	1.90
H1	Sample 85	2	1	11	72400	37	1.92
H1	Sample 85	2	1	12	76700	37	1.90
H1	Sample 85	2	1	13	81000	37	1.92
H1	Sample 85	2	1	14	85300	37	1.90
H1	Sample 85	2	1	15	89600	36.96	1.90
H2	Sample 86	2	1	1	29420	36.86	2.05
H2	Sample 86	2	1	2	33690	36.96	2.02
H2	Sample 86	2	1	3	37990	36.91	2.00
H2	Sample 86	2	1	4	42300	36.96	1.97
H2	Sample 86	2	1	5	46600	36.96	1.97
H2	Sample 86	2	1	6	50900	36.96	1.97
H2	Sample 86	2	1	7	55200	37	1.97
H2	Sample 86	2	1	8	59520	36.96	1.97
H2	Sample 86	2	1	9	63800	36.96	1.92
H2	Sample 86	2	1	10	68100	36.96	1.95
H2	Sample 86	2	1	11	72400	37	1.94
H2	Sample 86	2	1	12	76700	37	1.94
H2	Sample 86	2	1	13	81000	37	1.94
H2	Sample 86	2	1	14	85300	37	1.92
H2	Sample 86	2	1	15	89600	36.96	1.92
H3	Sample 87	2	1	1	29420	36.86	2.11
H3	Sample 87	2	1	2	33690	36.96	2.06
H3	Sample 87	2	1	3	37990	36.91	2.06
H3	Sample 87	2	1	4	42300	36.96	2.05
H3	Sample 87	2	1	5	46600	36.96	2.05
H3	Sample 87	2	1	6	50900	36.96	2.03
H3	Sample 87	2	1	7	55200	37	2.03
H3	Sample 87	2	1	8	59520	36.96	2.02
H3	Sample 87	2	1	9	63800	36.96	1.98
H3	Sample 87	2	1	10	68100	36.96	2.00
H3	Sample 87	2	1	11	72400	37	2.00
H3	Sample 87	2	1	12	76700	37	2.00
H3	Sample 87	2	1	13	81000	37	2.02
H3	Sample 87	2	1	14	85300	37	2.00
H3	Sample 87	2	1	15	89600	36.96	2.00
H4	Sample 88	2	1	1	29420	36.86	2.14
H4	Sample 88	2	1	2	33690	36.96	2.11
H4	Sample 88	2	1	3	37990	36.91	2.11
H4	Sample 88	2	1	4	42300	36.96	2.10
H4	Sample 88	2	1	5	46600	36.96	2.08
H4	Sample 88	2	1	6	50900	36.96	2.06
H4	Sample 88	2	1	7	55200	37	2.06
H4	Sample 88	2	1	8	59520	36.96	2.05
H4	Sample 88	2	1	9	63800	36.96	2.03
H4	Sample 88	2	1	10	68100	36.96	2.03
H4	Sample 88	2	1	11	72400	37	2.05
H4	Sample 88	2	1	12	76700	37	2.02
H4	Sample 88	2	1	13	81000	37	2.03
H4	Sample 88	2	1	14	85300	37	2.02
H4	Sample 88	2	1	15	89600	36.96	2.02
H5	Sample 89	2	1	1	29420	36.86	6.37
H5	Sample 89	2	1	2	33690	36.96	6.36
H5	Sample 89	2	1	3	37990	36.91	6.36
H5	Sample 89	2	1	4	42300	36.96	6.36
H5	Sample 89	2	1	5	46600	36.96	6.33
H5	Sample 89	2	1	6	50900	36.96	6.33
H5	Sample 89	2	1	7	55200	37	6.33
H5	Sample 89	2	1	8	59520	36.96	6.30
H5	Sample 89	2	1	9	63800	36.96	6.28
H5	Sample 89	2	1	10	68100	36.96	6.31
H5	Sample 89	2	1	11	72400	37	6.30
H5	Sample 89	2	1	12	76700	37	6.28
H5	Sample 89	2	1	13	81000	37	6.25
H5	Sample 89	2	1	14	85300	37	6.27
H5	Sample 89	2	1	15	89600	36.96	6.27
H6	Sample 90	2	1	1	29420	36.86	6.84
H6	Sample 90	2	1	2	33690	36.96	6.84
H6	Sample 90	2	1	3	37990	36.91	6.81
H6	Sample 90	2	1	4	42300	36.96	6.81
H6	Sample 90	2	1	5	46600	36.96	6.78
H6	Sample 90	2	1	6	50900	36.96	6.77
H6	Sample 90	2	1	7	55200	37	6.78
H6	Sample 90	2	1	8	59520	36.96	6.78
H6	Sample 90	2	1	9	63800	36.96	6.75
H6	Sample 90	2	1	10	68100	36.96	6.75
H6	Sample 90	2	1	11	72400	37	6.73
H6	Sample 90	2	1	12	76700	37	6.73
H6	Sample 90	2	1	13	81000	37	6.74
H6	Sample 90	2	1	14	85300	37	6.70
H6	Sample 90	2	1	15	89600	36.96	6.72
H7	Sample 91	2	1	1	29420	36.86	7.00
H7	Sample 91	2	1	2	33690	36.96	6.96
H7	Sample 91	2	1	3	37990	36.91	6.97
H7	Sample 91	2	1	4	42300	36.96	6.96
H7	Sample 91	2	1	5	46600	36.96	6.94
H7	Sample 91	2	1	6	50900	36.96	6.94
H7	Sample 91	2	1	7	55200	37	6.93
H7	Sample 91	2	1	8	59520	36.96	6.91
H7	Sample 91	2	1	9	63800	36.96	6.88
H7	Sample 91	2	1	10	68100	36.96	6.91
H7	Sample 91	2	1	11	72400	37	6.91
H7	Sample 91	2	1	12	76700	37	6.88
H7	Sample 91	2	1	13	81000	37	6.86
H7	Sample 91	2	1	14	85300	37	6.86
H7	Sample 91	2	1	15	89600	36.96	6.86
H8	Sample 92	2	1	1	29420	36.86	6.58
H8	Sample 92	2	1	2	33690	36.96	6.57
H8	Sample 92	2	1	3	37990	36.91	6.55
H8	Sample 92	2	1	4	42300	36.96	6.52
H8	Sample 92	2	1	5	46600	36.96	6.55
H8	Sample 92	2	1	6	50900	36.96	6.52
H8	Sample 92	2	1	7	55200	37	6.52
H8	Sample 92	2	1	8	59520	36.96	6.49
H8	Sample 92	2	1	9	63800	36.96	6.47
H8	Sample 92	2	1	10	68100	36.96	6.49
H8	Sample 92	2	1	11	72400	37	6.46
H8	Sample 92	2	1	12	76700	37	6.47
H8	Sample 92	2	1	13	81000	37	6.47
H8	Sample 92	2	1	14	85300	37	6.46
H8	Sample 92	2	1	15	89600	36.96	6.47
H9	Sample 93	2	1	1	29420	36.86	7.48
H9	Sample 93	2	1	2	33690	36.96	7.44
H9	Sample 93	2	1	3	37990	36.91	7.42
H9	Sample 93	2	1	4	42300	36.96	7.40
H9	Sample 93	2	1	5	46600	36.96	7.39
H9	Sample 93	2	1	6	50900	36.96	7.40
H9	Sample 93	2	1	7	55200	37	7.36
H9	Sample 93	2	1	8	59520	36.96	7.37
H9	Sample 93	2	1	9	63800	36.96	7.33
H9	Sample 93	2	1	10	68100	36.96	7.36
H9	Sample 93	2	1	11	72400	37	7.36
H9	Sample 93	2	1	12	76700	37	7.34
H9	Sample 93	2	1	13	81000	37	7.33
H9	Sample 93	2	1	14	85300	37	7.33
H9	Sample 93	2	1	15	89600	36.96	7.31
H10	Sample 94	2	1	1	29420	36.86	7.92
H10	Sample 94	2	1	2	33690	36.96	7.91
H10	Sample 94	2	1	3	37990	36.91	7.92
H10	Sample 94	2	1	4	42300	36.96	7.85
H10	Sample 94	2	1	5	46600	36.96	7.89
H10	Sample 94	2	1	6	50900	36.96	7.88
H10	Sample 94	2	1	7	55200	37	7.88
H10	Sample 94	2	1	8	59520	36.96	7.86
H10	Sample 94	2	1	9	63800	36.96	7.83
H10	Sample 94	2	1	10	68100	36.96	7.82
H10	Sample 94	2	1	11	72400	37	7.80
H10	Sample 94	2	1	12	76700	37	7.81
H10	Sample 94	2	1	13	81000	37	7.83
H10	Sample 94	2	1	14	85300	37	7.78
H10	Sample 94	2	1	15	89600	36.96	7.79
H11	Sample 95	2	1	1	29420	36.86	7.55
H11	Sample 95	2	1	2	33690	36.96	7.54
H11	Sample 95	2	1	3	37990	36.91	7.52
H11	Sample 95	2	1	4	42300	36.96	7.54
H11	Sample 95	2	1	5	46600	36.96	7.52
H11	Sample 95	2	1	6	50900	36.96	7.52
H11	Sample 95	2	1	7	55200	37	7.54
H11	Sample 95	2	1	8	59520	36.96	7.48
H11	Sample 95	2	1	9	63800	36.96	7.48
H11	Sample 95	2	1	10	68100	36.96	7.49
H11	Sample 95	2	1	11	72400	37	7.46
H11	Sample 95	2	1	12	76700	37	7.43
H11	Sample 95	2	1	13	81000	37	7.46
H11	Sample 95	2	1	14	85300	37	7.46
H11	Sample 95	2	1	15	89600	36.96	7.45
H12	Sample 96	2	1	1	29420	36.86	8.21
H12	Sample 96	2	1	2	33690	36.96	8.22
H12	Sample 96	2	1	3	37990	36.91	8.21
H12	Sample 96	2	1	4	42300	36.96	8.18
H12	Sample 96	2	1	5	46600	36.96	8.18
H12	Sample 96	2	1	6	50900	36.96	8.17
H12	Sample 96	2	1	7	55200	37	8.17
H12	Sample 96	2	1	8	59520	36.96	8.18
H12	Sample 96	2	1	9	63800	36.96	8.12
H12	Sample 96	2	1	10	68100	36.96	8.12
H12	Sample 96	2	1	11	72400	37	8.12
H12	Sample 96	2	1	12	76700	37	8.12
H12	Sample 96	2	1	13	81000	37	8.11
H12	Sample 96	2	1	14	85300	37	8.09
H12	Sample 96	2	1	15	89600	36.96	8.06
