Raw Data 		Experiment - evIC50_8_plate2_21APRIL2026 (Run on LCS480 1.5.1.62)
SamplePos	SampleName	Prog#	Seg#	Cycle#	Time	Temp	465-510	
A1	Sample 1	2	1	1	32720	36.91	0.59
A1	Sample 1	2	1	2	37730	36.91	0.60
A1	Sample 1	2	1	3	42730	37	0.59
A1	Sample 1	2	1	4	47720	36.96	0.59
A1	Sample 1	2	1	5	52730	37	0.59
A1	Sample 1	2	1	6	57730	37	0.59
A1	Sample 1	2	1	7	62720	37	0.59
A1	Sample 1	2	1	8	67730	36.96	0.59
A1	Sample 1	2	1	9	72750	37	0.59
A1	Sample 1	2	1	10	77730	37	0.59
A1	Sample 1	2	1	11	82730	36.96	0.59
A1	Sample 1	2	1	12	87730	36.96	0.58
A1	Sample 1	2	1	13	92720	36.96	0.59
A1	Sample 1	2	1	14	97730	36.96	0.59
A1	Sample 1	2	1	15	102730	36.96	0.58
A2	Sample 2	2	1	1	32720	36.91	0.57
A2	Sample 2	2	1	2	37730	36.91	0.56
A2	Sample 2	2	1	3	42730	37	0.57
A2	Sample 2	2	1	4	47720	36.96	0.56
A2	Sample 2	2	1	5	52730	37	0.56
A2	Sample 2	2	1	6	57730	37	0.56
A2	Sample 2	2	1	7	62720	37	0.56
A2	Sample 2	2	1	8	67730	36.96	0.56
A2	Sample 2	2	1	9	72750	37	0.55
A2	Sample 2	2	1	10	77730	37	0.56
A2	Sample 2	2	1	11	82730	36.96	0.56
A2	Sample 2	2	1	12	87730	36.96	0.56
A2	Sample 2	2	1	13	92720	36.96	0.55
A2	Sample 2	2	1	14	97730	36.96	0.55
A2	Sample 2	2	1	15	102730	36.96	0.55
A3	Sample 3	2	1	1	32720	36.91	0.67
A3	Sample 3	2	1	2	37730	36.91	0.67
A3	Sample 3	2	1	3	42730	37	0.67
A3	Sample 3	2	1	4	47720	36.96	0.66
A3	Sample 3	2	1	5	52730	37	0.65
A3	Sample 3	2	1	6	57730	37	0.65
A3	Sample 3	2	1	7	62720	37	0.66
A3	Sample 3	2	1	8	67730	36.96	0.65
A3	Sample 3	2	1	9	72750	37	0.66
A3	Sample 3	2	1	10	77730	37	0.65
A3	Sample 3	2	1	11	82730	36.96	0.65
A3	Sample 3	2	1	12	87730	36.96	0.65
A3	Sample 3	2	1	13	92720	36.96	0.65
A3	Sample 3	2	1	14	97730	36.96	0.65
A3	Sample 3	2	1	15	102730	36.96	0.64
A4	Sample 4	2	1	1	32720	36.91	0.62
A4	Sample 4	2	1	2	37730	36.91	0.62
A4	Sample 4	2	1	3	42730	37	0.61
A4	Sample 4	2	1	4	47720	36.96	0.62
A4	Sample 4	2	1	5	52730	37	0.61
A4	Sample 4	2	1	6	57730	37	0.61
A4	Sample 4	2	1	7	62720	37	0.62
A4	Sample 4	2	1	8	67730	36.96	0.61
A4	Sample 4	2	1	9	72750	37	0.61
A4	Sample 4	2	1	10	77730	37	0.61
A4	Sample 4	2	1	11	82730	36.96	0.61
A4	Sample 4	2	1	12	87730	36.96	0.60
A4	Sample 4	2	1	13	92720	36.96	0.60
A4	Sample 4	2	1	14	97730	36.96	0.60
A4	Sample 4	2	1	15	102730	36.96	0.61
A5	Sample 5	2	1	1	32720	36.91	1.01
A5	Sample 5	2	1	2	37730	36.91	1.00
A5	Sample 5	2	1	3	42730	37	1.00
A5	Sample 5	2	1	4	47720	36.96	0.99
A5	Sample 5	2	1	5	52730	37	0.98
A5	Sample 5	2	1	6	57730	37	0.98
A5	Sample 5	2	1	7	62720	37	0.99
A5	Sample 5	2	1	8	67730	36.96	0.98
A5	Sample 5	2	1	9	72750	37	0.98
A5	Sample 5	2	1	10	77730	37	0.98
A5	Sample 5	2	1	11	82730	36.96	0.99
A5	Sample 5	2	1	12	87730	36.96	0.97
A5	Sample 5	2	1	13	92720	36.96	0.97
A5	Sample 5	2	1	14	97730	36.96	0.98
A5	Sample 5	2	1	15	102730	36.96	0.98
A6	Sample 6	2	1	1	32720	36.91	0.99
A6	Sample 6	2	1	2	37730	36.91	0.98
A6	Sample 6	2	1	3	42730	37	0.98
A6	Sample 6	2	1	4	47720	36.96	0.97
A6	Sample 6	2	1	5	52730	37	0.97
A6	Sample 6	2	1	6	57730	37	0.96
A6	Sample 6	2	1	7	62720	37	0.97
A6	Sample 6	2	1	8	67730	36.96	0.96
A6	Sample 6	2	1	9	72750	37	0.96
A6	Sample 6	2	1	10	77730	37	0.97
A6	Sample 6	2	1	11	82730	36.96	0.96
A6	Sample 6	2	1	12	87730	36.96	0.97
A6	Sample 6	2	1	13	92720	36.96	0.96
A6	Sample 6	2	1	14	97730	36.96	0.97
A6	Sample 6	2	1	15	102730	36.96	0.96
A7	Sample 7	2	1	1	32720	36.91	1.03
A7	Sample 7	2	1	2	37730	36.91	1.03
A7	Sample 7	2	1	3	42730	37	1.02
A7	Sample 7	2	1	4	47720	36.96	1.01
A7	Sample 7	2	1	5	52730	37	1.01
A7	Sample 7	2	1	6	57730	37	1.01
A7	Sample 7	2	1	7	62720	37	1.01
A7	Sample 7	2	1	8	67730	36.96	1.01
A7	Sample 7	2	1	9	72750	37	1.00
A7	Sample 7	2	1	10	77730	37	1.01
A7	Sample 7	2	1	11	82730	36.96	1.00
A7	Sample 7	2	1	12	87730	36.96	1.00
A7	Sample 7	2	1	13	92720	36.96	1.00
A7	Sample 7	2	1	14	97730	36.96	1.00
A7	Sample 7	2	1	15	102730	36.96	1.00
A8	Sample 8	2	1	1	32720	36.91	0.99
A8	Sample 8	2	1	2	37730	36.91	0.98
A8	Sample 8	2	1	3	42730	37	0.98
A8	Sample 8	2	1	4	47720	36.96	0.96
A8	Sample 8	2	1	5	52730	37	0.97
A8	Sample 8	2	1	6	57730	37	0.96
A8	Sample 8	2	1	7	62720	37	0.97
A8	Sample 8	2	1	8	67730	36.96	0.97
A8	Sample 8	2	1	9	72750	37	0.96
A8	Sample 8	2	1	10	77730	37	0.97
A8	Sample 8	2	1	11	82730	36.96	0.97
A8	Sample 8	2	1	12	87730	36.96	0.96
A8	Sample 8	2	1	13	92720	36.96	0.95
A8	Sample 8	2	1	14	97730	36.96	0.96
A8	Sample 8	2	1	15	102730	36.96	0.96
A9	Sample 9	2	1	1	32720	36.91	1.10
A9	Sample 9	2	1	2	37730	36.91	1.09
A9	Sample 9	2	1	3	42730	37	1.08
A9	Sample 9	2	1	4	47720	36.96	1.08
A9	Sample 9	2	1	5	52730	37	1.07
A9	Sample 9	2	1	6	57730	37	1.07
A9	Sample 9	2	1	7	62720	37	1.07
A9	Sample 9	2	1	8	67730	36.96	1.07
A9	Sample 9	2	1	9	72750	37	1.07
A9	Sample 9	2	1	10	77730	37	1.07
A9	Sample 9	2	1	11	82730	36.96	1.07
A9	Sample 9	2	1	12	87730	36.96	1.06
A9	Sample 9	2	1	13	92720	36.96	1.06
A9	Sample 9	2	1	14	97730	36.96	1.07
A9	Sample 9	2	1	15	102730	36.96	1.06
A10	Sample 10	2	1	1	32720	36.91	1.07
A10	Sample 10	2	1	2	37730	36.91	1.07
A10	Sample 10	2	1	3	42730	37	1.05
A10	Sample 10	2	1	4	47720	36.96	1.05
A10	Sample 10	2	1	5	52730	37	1.04
A10	Sample 10	2	1	6	57730	37	1.04
A10	Sample 10	2	1	7	62720	37	1.04
A10	Sample 10	2	1	8	67730	36.96	1.03
A10	Sample 10	2	1	9	72750	37	1.03
A10	Sample 10	2	1	10	77730	37	1.04
A10	Sample 10	2	1	11	82730	36.96	1.03
A10	Sample 10	2	1	12	87730	36.96	1.03
A10	Sample 10	2	1	13	92720	36.96	1.03
A10	Sample 10	2	1	14	97730	36.96	1.03
A10	Sample 10	2	1	15	102730	36.96	1.03
A11	Sample 11	2	1	1	32720	36.91	1.06
A11	Sample 11	2	1	2	37730	36.91	1.06
A11	Sample 11	2	1	3	42730	37	1.05
A11	Sample 11	2	1	4	47720	36.96	1.04
A11	Sample 11	2	1	5	52730	37	1.04
A11	Sample 11	2	1	6	57730	37	1.03
A11	Sample 11	2	1	7	62720	37	1.04
A11	Sample 11	2	1	8	67730	36.96	1.03
A11	Sample 11	2	1	9	72750	37	1.03
A11	Sample 11	2	1	10	77730	37	1.03
A11	Sample 11	2	1	11	82730	36.96	1.04
A11	Sample 11	2	1	12	87730	36.96	1.02
A11	Sample 11	2	1	13	92720	36.96	1.03
A11	Sample 11	2	1	14	97730	36.96	1.03
A11	Sample 11	2	1	15	102730	36.96	1.02
A12	Sample 12	2	1	1	32720	36.91	0.93
A12	Sample 12	2	1	2	37730	36.91	0.93
A12	Sample 12	2	1	3	42730	37	0.92
A12	Sample 12	2	1	4	47720	36.96	0.92
A12	Sample 12	2	1	5	52730	37	0.92
A12	Sample 12	2	1	6	57730	37	0.91
A12	Sample 12	2	1	7	62720	37	0.92
A12	Sample 12	2	1	8	67730	36.96	0.91
A12	Sample 12	2	1	9	72750	37	0.91
A12	Sample 12	2	1	10	77730	37	0.91
A12	Sample 12	2	1	11	82730	36.96	0.91
A12	Sample 12	2	1	12	87730	36.96	0.91
A12	Sample 12	2	1	13	92720	36.96	0.90
A12	Sample 12	2	1	14	97730	36.96	0.91
A12	Sample 12	2	1	15	102730	36.96	0.90
B1	Sample 13	2	1	1	32720	36.91	0.55
B1	Sample 13	2	1	2	37730	36.91	0.55
B1	Sample 13	2	1	3	42730	37	0.55
B1	Sample 13	2	1	4	47720	36.96	0.54
B1	Sample 13	2	1	5	52730	37	0.54
B1	Sample 13	2	1	6	57730	37	0.54
B1	Sample 13	2	1	7	62720	37	0.54
B1	Sample 13	2	1	8	67730	36.96	0.54
B1	Sample 13	2	1	9	72750	37	0.54
B1	Sample 13	2	1	10	77730	37	0.55
B1	Sample 13	2	1	11	82730	36.96	0.54
B1	Sample 13	2	1	12	87730	36.96	0.54
B1	Sample 13	2	1	13	92720	36.96	0.54
B1	Sample 13	2	1	14	97730	36.96	0.54
B1	Sample 13	2	1	15	102730	36.96	0.53
B2	Sample 14	2	1	1	32720	36.91	0.54
B2	Sample 14	2	1	2	37730	36.91	0.53
B2	Sample 14	2	1	3	42730	37	0.53
B2	Sample 14	2	1	4	47720	36.96	0.53
B2	Sample 14	2	1	5	52730	37	0.52
B2	Sample 14	2	1	6	57730	37	0.52
B2	Sample 14	2	1	7	62720	37	0.53
B2	Sample 14	2	1	8	67730	36.96	0.51
B2	Sample 14	2	1	9	72750	37	0.52
B2	Sample 14	2	1	10	77730	37	0.52
B2	Sample 14	2	1	11	82730	36.96	0.52
B2	Sample 14	2	1	12	87730	36.96	0.52
B2	Sample 14	2	1	13	92720	36.96	0.52
B2	Sample 14	2	1	14	97730	36.96	0.52
B2	Sample 14	2	1	15	102730	36.96	0.51
B3	Sample 15	2	1	1	32720	36.91	0.59
B3	Sample 15	2	1	2	37730	36.91	0.58
B3	Sample 15	2	1	3	42730	37	0.58
B3	Sample 15	2	1	4	47720	36.96	0.58
B3	Sample 15	2	1	5	52730	37	0.57
B3	Sample 15	2	1	6	57730	37	0.57
B3	Sample 15	2	1	7	62720	37	0.57
B3	Sample 15	2	1	8	67730	36.96	0.57
B3	Sample 15	2	1	9	72750	37	0.57
B3	Sample 15	2	1	10	77730	37	0.57
B3	Sample 15	2	1	11	82730	36.96	0.57
B3	Sample 15	2	1	12	87730	36.96	0.57
B3	Sample 15	2	1	13	92720	36.96	0.56
B3	Sample 15	2	1	14	97730	36.96	0.57
B3	Sample 15	2	1	15	102730	36.96	0.56
B4	Sample 16	2	1	1	32720	36.91	0.60
B4	Sample 16	2	1	2	37730	36.91	0.59
B4	Sample 16	2	1	3	42730	37	0.59
B4	Sample 16	2	1	4	47720	36.96	0.59
B4	Sample 16	2	1	5	52730	37	0.58
B4	Sample 16	2	1	6	57730	37	0.57
B4	Sample 16	2	1	7	62720	37	0.58
B4	Sample 16	2	1	8	67730	36.96	0.57
B4	Sample 16	2	1	9	72750	37	0.58
B4	Sample 16	2	1	10	77730	37	0.58
B4	Sample 16	2	1	11	82730	36.96	0.57
B4	Sample 16	2	1	12	87730	36.96	0.58
B4	Sample 16	2	1	13	92720	36.96	0.57
B4	Sample 16	2	1	14	97730	36.96	0.58
B4	Sample 16	2	1	15	102730	36.96	0.57
B5	Sample 17	2	1	1	32720	36.91	0.95
B5	Sample 17	2	1	2	37730	36.91	0.95
B5	Sample 17	2	1	3	42730	37	0.94
B5	Sample 17	2	1	4	47720	36.96	0.93
B5	Sample 17	2	1	5	52730	37	0.92
B5	Sample 17	2	1	6	57730	37	0.92
B5	Sample 17	2	1	7	62720	37	0.92
B5	Sample 17	2	1	8	67730	36.96	0.92
B5	Sample 17	2	1	9	72750	37	0.91
B5	Sample 17	2	1	10	77730	37	0.92
B5	Sample 17	2	1	11	82730	36.96	0.92
B5	Sample 17	2	1	12	87730	36.96	0.92
B5	Sample 17	2	1	13	92720	36.96	0.92
B5	Sample 17	2	1	14	97730	36.96	0.92
B5	Sample 17	2	1	15	102730	36.96	0.91
B6	Sample 18	2	1	1	32720	36.91	0.95
B6	Sample 18	2	1	2	37730	36.91	0.94
B6	Sample 18	2	1	3	42730	37	0.94
B6	Sample 18	2	1	4	47720	36.96	0.93
B6	Sample 18	2	1	5	52730	37	0.92
B6	Sample 18	2	1	6	57730	37	0.92
B6	Sample 18	2	1	7	62720	37	0.92
B6	Sample 18	2	1	8	67730	36.96	0.92
B6	Sample 18	2	1	9	72750	37	0.92
B6	Sample 18	2	1	10	77730	37	0.93
B6	Sample 18	2	1	11	82730	36.96	0.92
B6	Sample 18	2	1	12	87730	36.96	0.93
B6	Sample 18	2	1	13	92720	36.96	0.92
B6	Sample 18	2	1	14	97730	36.96	0.92
B6	Sample 18	2	1	15	102730	36.96	0.91
B7	Sample 19	2	1	1	32720	36.91	0.98
B7	Sample 19	2	1	2	37730	36.91	0.99
B7	Sample 19	2	1	3	42730	37	0.98
B7	Sample 19	2	1	4	47720	36.96	0.97
B7	Sample 19	2	1	5	52730	37	0.97
B7	Sample 19	2	1	6	57730	37	0.97
B7	Sample 19	2	1	7	62720	37	0.97
B7	Sample 19	2	1	8	67730	36.96	0.96
B7	Sample 19	2	1	9	72750	37	0.97
B7	Sample 19	2	1	10	77730	37	0.96
B7	Sample 19	2	1	11	82730	36.96	0.95
B7	Sample 19	2	1	12	87730	36.96	0.96
B7	Sample 19	2	1	13	92720	36.96	0.95
B7	Sample 19	2	1	14	97730	36.96	0.96
B7	Sample 19	2	1	15	102730	36.96	0.95
B8	Sample 20	2	1	1	32720	36.91	0.95
B8	Sample 20	2	1	2	37730	36.91	0.93
B8	Sample 20	2	1	3	42730	37	0.92
B8	Sample 20	2	1	4	47720	36.96	0.91
B8	Sample 20	2	1	5	52730	37	0.91
B8	Sample 20	2	1	6	57730	37	0.91
B8	Sample 20	2	1	7	62720	37	0.91
B8	Sample 20	2	1	8	67730	36.96	0.90
B8	Sample 20	2	1	9	72750	37	0.91
B8	Sample 20	2	1	10	77730	37	0.91
B8	Sample 20	2	1	11	82730	36.96	0.90
B8	Sample 20	2	1	12	87730	36.96	0.91
B8	Sample 20	2	1	13	92720	36.96	0.90
B8	Sample 20	2	1	14	97730	36.96	0.91
B8	Sample 20	2	1	15	102730	36.96	0.90
B9	Sample 21	2	1	1	32720	36.91	1.09
B9	Sample 21	2	1	2	37730	36.91	1.08
B9	Sample 21	2	1	3	42730	37	1.06
B9	Sample 21	2	1	4	47720	36.96	1.06
B9	Sample 21	2	1	5	52730	37	1.05
B9	Sample 21	2	1	6	57730	37	1.05
B9	Sample 21	2	1	7	62720	37	1.05
B9	Sample 21	2	1	8	67730	36.96	1.04
B9	Sample 21	2	1	9	72750	37	1.04
B9	Sample 21	2	1	10	77730	37	1.05
B9	Sample 21	2	1	11	82730	36.96	1.05
B9	Sample 21	2	1	12	87730	36.96	1.04
B9	Sample 21	2	1	13	92720	36.96	1.04
B9	Sample 21	2	1	14	97730	36.96	1.05
B9	Sample 21	2	1	15	102730	36.96	1.04
B10	Sample 22	2	1	1	32720	36.91	1.05
B10	Sample 22	2	1	2	37730	36.91	1.04
B10	Sample 22	2	1	3	42730	37	1.03
B10	Sample 22	2	1	4	47720	36.96	1.02
B10	Sample 22	2	1	5	52730	37	1.01
B10	Sample 22	2	1	6	57730	37	1.02
B10	Sample 22	2	1	7	62720	37	1.02
B10	Sample 22	2	1	8	67730	36.96	1.01
B10	Sample 22	2	1	9	72750	37	1.02
B10	Sample 22	2	1	10	77730	37	1.02
B10	Sample 22	2	1	11	82730	36.96	1.02
B10	Sample 22	2	1	12	87730	36.96	1.02
B10	Sample 22	2	1	13	92720	36.96	1.01
B10	Sample 22	2	1	14	97730	36.96	1.02
B10	Sample 22	2	1	15	102730	36.96	1.01
B11	Sample 23	2	1	1	32720	36.91	1.07
B11	Sample 23	2	1	2	37730	36.91	1.05
B11	Sample 23	2	1	3	42730	37	1.05
B11	Sample 23	2	1	4	47720	36.96	1.04
B11	Sample 23	2	1	5	52730	37	1.03
B11	Sample 23	2	1	6	57730	37	1.03
B11	Sample 23	2	1	7	62720	37	1.03
B11	Sample 23	2	1	8	67730	36.96	1.02
B11	Sample 23	2	1	9	72750	37	1.03
B11	Sample 23	2	1	10	77730	37	1.03
B11	Sample 23	2	1	11	82730	36.96	1.02
B11	Sample 23	2	1	12	87730	36.96	1.03
B11	Sample 23	2	1	13	92720	36.96	1.02
B11	Sample 23	2	1	14	97730	36.96	1.03
B11	Sample 23	2	1	15	102730	36.96	1.02
B12	Sample 24	2	1	1	32720	36.91	0.96
B12	Sample 24	2	1	2	37730	36.91	0.95
B12	Sample 24	2	1	3	42730	37	0.95
B12	Sample 24	2	1	4	47720	36.96	0.93
B12	Sample 24	2	1	5	52730	37	0.93
B12	Sample 24	2	1	6	57730	37	0.93
B12	Sample 24	2	1	7	62720	37	0.93
B12	Sample 24	2	1	8	67730	36.96	0.92
B12	Sample 24	2	1	9	72750	37	0.93
B12	Sample 24	2	1	10	77730	37	0.93
B12	Sample 24	2	1	11	82730	36.96	0.93
B12	Sample 24	2	1	12	87730	36.96	0.93
B12	Sample 24	2	1	13	92720	36.96	0.92
B12	Sample 24	2	1	14	97730	36.96	0.93
B12	Sample 24	2	1	15	102730	36.96	0.92
C1	Sample 25	2	1	1	32720	36.91	0.55
C1	Sample 25	2	1	2	37730	36.91	0.55
C1	Sample 25	2	1	3	42730	37	0.54
C1	Sample 25	2	1	4	47720	36.96	0.54
C1	Sample 25	2	1	5	52730	37	0.54
C1	Sample 25	2	1	6	57730	37	0.54
C1	Sample 25	2	1	7	62720	37	0.54
C1	Sample 25	2	1	8	67730	36.96	0.53
C1	Sample 25	2	1	9	72750	37	0.53
C1	Sample 25	2	1	10	77730	37	0.54
C1	Sample 25	2	1	11	82730	36.96	0.53
C1	Sample 25	2	1	12	87730	36.96	0.53
C1	Sample 25	2	1	13	92720	36.96	0.53
C1	Sample 25	2	1	14	97730	36.96	0.53
C1	Sample 25	2	1	15	102730	36.96	0.54
C2	Sample 26	2	1	1	32720	36.91	0.57
C2	Sample 26	2	1	2	37730	36.91	0.57
C2	Sample 26	2	1	3	42730	37	0.57
C2	Sample 26	2	1	4	47720	36.96	0.56
C2	Sample 26	2	1	5	52730	37	0.56
C2	Sample 26	2	1	6	57730	37	0.55
C2	Sample 26	2	1	7	62720	37	0.56
C2	Sample 26	2	1	8	67730	36.96	0.56
C2	Sample 26	2	1	9	72750	37	0.56
C2	Sample 26	2	1	10	77730	37	0.56
C2	Sample 26	2	1	11	82730	36.96	0.55
C2	Sample 26	2	1	12	87730	36.96	0.56
C2	Sample 26	2	1	13	92720	36.96	0.56
C2	Sample 26	2	1	14	97730	36.96	0.55
C2	Sample 26	2	1	15	102730	36.96	0.56
C3	Sample 27	2	1	1	32720	36.91	0.61
C3	Sample 27	2	1	2	37730	36.91	0.60
C3	Sample 27	2	1	3	42730	37	0.60
C3	Sample 27	2	1	4	47720	36.96	0.59
C3	Sample 27	2	1	5	52730	37	0.59
C3	Sample 27	2	1	6	57730	37	0.58
C3	Sample 27	2	1	7	62720	37	0.58
C3	Sample 27	2	1	8	67730	36.96	0.58
C3	Sample 27	2	1	9	72750	37	0.59
C3	Sample 27	2	1	10	77730	37	0.59
C3	Sample 27	2	1	11	82730	36.96	0.59
C3	Sample 27	2	1	12	87730	36.96	0.59
C3	Sample 27	2	1	13	92720	36.96	0.59
C3	Sample 27	2	1	14	97730	36.96	0.59
C3	Sample 27	2	1	15	102730	36.96	0.59
C4	Sample 28	2	1	1	32720	36.91	0.59
C4	Sample 28	2	1	2	37730	36.91	0.58
C4	Sample 28	2	1	3	42730	37	0.57
C4	Sample 28	2	1	4	47720	36.96	0.57
C4	Sample 28	2	1	5	52730	37	0.56
C4	Sample 28	2	1	6	57730	37	0.56
C4	Sample 28	2	1	7	62720	37	0.57
C4	Sample 28	2	1	8	67730	36.96	0.56
C4	Sample 28	2	1	9	72750	37	0.56
C4	Sample 28	2	1	10	77730	37	0.57
C4	Sample 28	2	1	11	82730	36.96	0.56
C4	Sample 28	2	1	12	87730	36.96	0.57
C4	Sample 28	2	1	13	92720	36.96	0.56
C4	Sample 28	2	1	14	97730	36.96	0.56
C4	Sample 28	2	1	15	102730	36.96	0.57
C5	Sample 29	2	1	1	32720	36.91	0.94
C5	Sample 29	2	1	2	37730	36.91	0.94
C5	Sample 29	2	1	3	42730	37	0.93
C5	Sample 29	2	1	4	47720	36.96	0.92
C5	Sample 29	2	1	5	52730	37	0.92
C5	Sample 29	2	1	6	57730	37	0.91
C5	Sample 29	2	1	7	62720	37	0.91
C5	Sample 29	2	1	8	67730	36.96	0.91
C5	Sample 29	2	1	9	72750	37	0.91
C5	Sample 29	2	1	10	77730	37	0.91
C5	Sample 29	2	1	11	82730	36.96	0.90
C5	Sample 29	2	1	12	87730	36.96	0.91
C5	Sample 29	2	1	13	92720	36.96	0.91
C5	Sample 29	2	1	14	97730	36.96	0.91
C5	Sample 29	2	1	15	102730	36.96	0.92
C6	Sample 30	2	1	1	32720	36.91	0.98
C6	Sample 30	2	1	2	37730	36.91	0.97
C6	Sample 30	2	1	3	42730	37	0.96
C6	Sample 30	2	1	4	47720	36.96	0.95
C6	Sample 30	2	1	5	52730	37	0.95
C6	Sample 30	2	1	6	57730	37	0.95
C6	Sample 30	2	1	7	62720	37	0.95
C6	Sample 30	2	1	8	67730	36.96	0.94
C6	Sample 30	2	1	9	72750	37	0.94
C6	Sample 30	2	1	10	77730	37	0.94
C6	Sample 30	2	1	11	82730	36.96	0.94
C6	Sample 30	2	1	12	87730	36.96	0.94
C6	Sample 30	2	1	13	92720	36.96	0.94
C6	Sample 30	2	1	14	97730	36.96	0.93
C6	Sample 30	2	1	15	102730	36.96	0.94
C7	Sample 31	2	1	1	32720	36.91	1.01
C7	Sample 31	2	1	2	37730	36.91	0.99
C7	Sample 31	2	1	3	42730	37	0.99
C7	Sample 31	2	1	4	47720	36.96	0.98
C7	Sample 31	2	1	5	52730	37	0.98
C7	Sample 31	2	1	6	57730	37	0.97
C7	Sample 31	2	1	7	62720	37	0.97
C7	Sample 31	2	1	8	67730	36.96	0.97
C7	Sample 31	2	1	9	72750	37	0.98
C7	Sample 31	2	1	10	77730	37	0.98
C7	Sample 31	2	1	11	82730	36.96	0.97
C7	Sample 31	2	1	12	87730	36.96	0.97
C7	Sample 31	2	1	13	92720	36.96	0.97
C7	Sample 31	2	1	14	97730	36.96	0.97
C7	Sample 31	2	1	15	102730	36.96	0.97
C8	Sample 32	2	1	1	32720	36.91	0.92
C8	Sample 32	2	1	2	37730	36.91	0.92
C8	Sample 32	2	1	3	42730	37	0.91
C8	Sample 32	2	1	4	47720	36.96	0.90
C8	Sample 32	2	1	5	52730	37	0.90
C8	Sample 32	2	1	6	57730	37	0.89
C8	Sample 32	2	1	7	62720	37	0.89
C8	Sample 32	2	1	8	67730	36.96	0.90
C8	Sample 32	2	1	9	72750	37	0.90
C8	Sample 32	2	1	10	77730	37	0.90
C8	Sample 32	2	1	11	82730	36.96	0.89
C8	Sample 32	2	1	12	87730	36.96	0.89
C8	Sample 32	2	1	13	92720	36.96	0.90
C8	Sample 32	2	1	14	97730	36.96	0.89
C8	Sample 32	2	1	15	102730	36.96	0.89
C9	Sample 33	2	1	1	32720	36.91	1.08
C9	Sample 33	2	1	2	37730	36.91	1.07
C9	Sample 33	2	1	3	42730	37	1.05
C9	Sample 33	2	1	4	47720	36.96	1.04
C9	Sample 33	2	1	5	52730	37	1.04
C9	Sample 33	2	1	6	57730	37	1.04
C9	Sample 33	2	1	7	62720	37	1.04
C9	Sample 33	2	1	8	67730	36.96	1.04
C9	Sample 33	2	1	9	72750	37	1.04
C9	Sample 33	2	1	10	77730	37	1.04
C9	Sample 33	2	1	11	82730	36.96	1.03
C9	Sample 33	2	1	12	87730	36.96	1.03
C9	Sample 33	2	1	13	92720	36.96	1.04
C9	Sample 33	2	1	14	97730	36.96	1.04
C9	Sample 33	2	1	15	102730	36.96	1.04
C10	Sample 34	2	1	1	32720	36.91	1.04
C10	Sample 34	2	1	2	37730	36.91	1.04
C10	Sample 34	2	1	3	42730	37	1.03
C10	Sample 34	2	1	4	47720	36.96	1.01
C10	Sample 34	2	1	5	52730	37	1.01
C10	Sample 34	2	1	6	57730	37	1.00
C10	Sample 34	2	1	7	62720	37	1.00
C10	Sample 34	2	1	8	67730	36.96	1.00
C10	Sample 34	2	1	9	72750	37	1.00
C10	Sample 34	2	1	10	77730	37	1.00
C10	Sample 34	2	1	11	82730	36.96	0.99
C10	Sample 34	2	1	12	87730	36.96	1.00
C10	Sample 34	2	1	13	92720	36.96	0.99
C10	Sample 34	2	1	14	97730	36.96	1.00
C10	Sample 34	2	1	15	102730	36.96	1.00
C11	Sample 35	2	1	1	32720	36.91	1.09
C11	Sample 35	2	1	2	37730	36.91	1.08
C11	Sample 35	2	1	3	42730	37	1.07
C11	Sample 35	2	1	4	47720	36.96	1.06
C11	Sample 35	2	1	5	52730	37	1.06
C11	Sample 35	2	1	6	57730	37	1.05
C11	Sample 35	2	1	7	62720	37	1.05
C11	Sample 35	2	1	8	67730	36.96	1.05
C11	Sample 35	2	1	9	72750	37	1.06
C11	Sample 35	2	1	10	77730	37	1.06
C11	Sample 35	2	1	11	82730	36.96	1.05
C11	Sample 35	2	1	12	87730	36.96	1.05
C11	Sample 35	2	1	13	92720	36.96	1.06
C11	Sample 35	2	1	14	97730	36.96	1.06
C11	Sample 35	2	1	15	102730	36.96	1.06
C12	Sample 36	2	1	1	32720	36.91	0.99
C12	Sample 36	2	1	2	37730	36.91	0.97
C12	Sample 36	2	1	3	42730	37	0.97
C12	Sample 36	2	1	4	47720	36.96	0.96
C12	Sample 36	2	1	5	52730	37	0.95
C12	Sample 36	2	1	6	57730	37	0.94
C12	Sample 36	2	1	7	62720	37	0.95
C12	Sample 36	2	1	8	67730	36.96	0.94
C12	Sample 36	2	1	9	72750	37	0.94
C12	Sample 36	2	1	10	77730	37	0.95
C12	Sample 36	2	1	11	82730	36.96	0.94
C12	Sample 36	2	1	12	87730	36.96	0.94
C12	Sample 36	2	1	13	92720	36.96	0.94
C12	Sample 36	2	1	14	97730	36.96	0.94
C12	Sample 36	2	1	15	102730	36.96	0.95
D1	Sample 37	2	1	1	32720	36.91	0.58
D1	Sample 37	2	1	2	37730	36.91	0.58
D1	Sample 37	2	1	3	42730	37	0.58
D1	Sample 37	2	1	4	47720	36.96	0.57
D1	Sample 37	2	1	5	52730	37	0.56
D1	Sample 37	2	1	6	57730	37	0.56
D1	Sample 37	2	1	7	62720	37	0.56
D1	Sample 37	2	1	8	67730	36.96	0.57
D1	Sample 37	2	1	9	72750	37	0.56
D1	Sample 37	2	1	10	77730	37	0.56
D1	Sample 37	2	1	11	82730	36.96	0.56
D1	Sample 37	2	1	12	87730	36.96	0.55
D1	Sample 37	2	1	13	92720	36.96	0.56
D1	Sample 37	2	1	14	97730	36.96	0.56
D1	Sample 37	2	1	15	102730	36.96	0.56
D2	Sample 38	2	1	1	32720	36.91	0.56
D2	Sample 38	2	1	2	37730	36.91	0.55
D2	Sample 38	2	1	3	42730	37	0.55
D2	Sample 38	2	1	4	47720	36.96	0.54
D2	Sample 38	2	1	5	52730	37	0.53
D2	Sample 38	2	1	6	57730	37	0.54
D2	Sample 38	2	1	7	62720	37	0.54
D2	Sample 38	2	1	8	67730	36.96	0.53
D2	Sample 38	2	1	9	72750	37	0.53
D2	Sample 38	2	1	10	77730	37	0.54
D2	Sample 38	2	1	11	82730	36.96	0.53
D2	Sample 38	2	1	12	87730	36.96	0.53
D2	Sample 38	2	1	13	92720	36.96	0.53
D2	Sample 38	2	1	14	97730	36.96	0.53
D2	Sample 38	2	1	15	102730	36.96	0.54
D3	Sample 39	2	1	1	32720	36.91	0.59
D3	Sample 39	2	1	2	37730	36.91	0.59
D3	Sample 39	2	1	3	42730	37	0.58
D3	Sample 39	2	1	4	47720	36.96	0.58
D3	Sample 39	2	1	5	52730	37	0.57
D3	Sample 39	2	1	6	57730	37	0.57
D3	Sample 39	2	1	7	62720	37	0.57
D3	Sample 39	2	1	8	67730	36.96	0.57
D3	Sample 39	2	1	9	72750	37	0.56
D3	Sample 39	2	1	10	77730	37	0.57
D3	Sample 39	2	1	11	82730	36.96	0.56
D3	Sample 39	2	1	12	87730	36.96	0.56
D3	Sample 39	2	1	13	92720	36.96	0.57
D3	Sample 39	2	1	14	97730	36.96	0.57
D3	Sample 39	2	1	15	102730	36.96	0.57
D4	Sample 40	2	1	1	32720	36.91	0.59
D4	Sample 40	2	1	2	37730	36.91	0.59
D4	Sample 40	2	1	3	42730	37	0.58
D4	Sample 40	2	1	4	47720	36.96	0.57
D4	Sample 40	2	1	5	52730	37	0.57
D4	Sample 40	2	1	6	57730	37	0.57
D4	Sample 40	2	1	7	62720	37	0.58
D4	Sample 40	2	1	8	67730	36.96	0.57
D4	Sample 40	2	1	9	72750	37	0.57
D4	Sample 40	2	1	10	77730	37	0.57
D4	Sample 40	2	1	11	82730	36.96	0.56
D4	Sample 40	2	1	12	87730	36.96	0.57
D4	Sample 40	2	1	13	92720	36.96	0.56
D4	Sample 40	2	1	14	97730	36.96	0.57
D4	Sample 40	2	1	15	102730	36.96	0.57
D5	Sample 41	2	1	1	32720	36.91	0.96
D5	Sample 41	2	1	2	37730	36.91	0.95
D5	Sample 41	2	1	3	42730	37	0.95
D5	Sample 41	2	1	4	47720	36.96	0.94
D5	Sample 41	2	1	5	52730	37	0.94
D5	Sample 41	2	1	6	57730	37	0.93
D5	Sample 41	2	1	7	62720	37	0.94
D5	Sample 41	2	1	8	67730	36.96	0.94
D5	Sample 41	2	1	9	72750	37	0.94
D5	Sample 41	2	1	10	77730	37	0.93
D5	Sample 41	2	1	11	82730	36.96	0.94
D5	Sample 41	2	1	12	87730	36.96	0.93
D5	Sample 41	2	1	13	92720	36.96	0.93
D5	Sample 41	2	1	14	97730	36.96	0.93
D5	Sample 41	2	1	15	102730	36.96	0.93
D6	Sample 42	2	1	1	32720	36.91	0.91
D6	Sample 42	2	1	2	37730	36.91	0.91
D6	Sample 42	2	1	3	42730	37	0.90
D6	Sample 42	2	1	4	47720	36.96	0.90
D6	Sample 42	2	1	5	52730	37	0.88
D6	Sample 42	2	1	6	57730	37	0.88
D6	Sample 42	2	1	7	62720	37	0.88
D6	Sample 42	2	1	8	67730	36.96	0.88
D6	Sample 42	2	1	9	72750	37	0.88
D6	Sample 42	2	1	10	77730	37	0.88
D6	Sample 42	2	1	11	82730	36.96	0.88
D6	Sample 42	2	1	12	87730	36.96	0.87
D6	Sample 42	2	1	13	92720	36.96	0.88
D6	Sample 42	2	1	14	97730	36.96	0.88
D6	Sample 42	2	1	15	102730	36.96	0.88
D7	Sample 43	2	1	1	32720	36.91	1.06
D7	Sample 43	2	1	2	37730	36.91	1.05
D7	Sample 43	2	1	3	42730	37	1.04
D7	Sample 43	2	1	4	47720	36.96	1.03
D7	Sample 43	2	1	5	52730	37	1.03
D7	Sample 43	2	1	6	57730	37	1.02
D7	Sample 43	2	1	7	62720	37	1.03
D7	Sample 43	2	1	8	67730	36.96	1.02
D7	Sample 43	2	1	9	72750	37	1.02
D7	Sample 43	2	1	10	77730	37	1.02
D7	Sample 43	2	1	11	82730	36.96	1.02
D7	Sample 43	2	1	12	87730	36.96	1.02
D7	Sample 43	2	1	13	92720	36.96	1.02
D7	Sample 43	2	1	14	97730	36.96	1.03
D7	Sample 43	2	1	15	102730	36.96	1.02
D8	Sample 44	2	1	1	32720	36.91	0.95
D8	Sample 44	2	1	2	37730	36.91	0.96
D8	Sample 44	2	1	3	42730	37	0.95
D8	Sample 44	2	1	4	47720	36.96	0.94
D8	Sample 44	2	1	5	52730	37	0.94
D8	Sample 44	2	1	6	57730	37	0.93
D8	Sample 44	2	1	7	62720	37	0.94
D8	Sample 44	2	1	8	67730	36.96	0.94
D8	Sample 44	2	1	9	72750	37	0.93
D8	Sample 44	2	1	10	77730	37	0.93
D8	Sample 44	2	1	11	82730	36.96	0.92
D8	Sample 44	2	1	12	87730	36.96	0.92
D8	Sample 44	2	1	13	92720	36.96	0.93
D8	Sample 44	2	1	14	97730	36.96	0.93
D8	Sample 44	2	1	15	102730	36.96	0.93
D9	Sample 45	2	1	1	32720	36.91	1.15
D9	Sample 45	2	1	2	37730	36.91	1.15
D9	Sample 45	2	1	3	42730	37	1.13
D9	Sample 45	2	1	4	47720	36.96	1.13
D9	Sample 45	2	1	5	52730	37	1.11
D9	Sample 45	2	1	6	57730	37	1.11
D9	Sample 45	2	1	7	62720	37	1.11
D9	Sample 45	2	1	8	67730	36.96	1.11
D9	Sample 45	2	1	9	72750	37	1.11
D9	Sample 45	2	1	10	77730	37	1.10
D9	Sample 45	2	1	11	82730	36.96	1.10
D9	Sample 45	2	1	12	87730	36.96	1.10
D9	Sample 45	2	1	13	92720	36.96	1.10
D9	Sample 45	2	1	14	97730	36.96	1.11
D9	Sample 45	2	1	15	102730	36.96	1.11
D10	Sample 46	2	1	1	32720	36.91	1.09
D10	Sample 46	2	1	2	37730	36.91	1.09
D10	Sample 46	2	1	3	42730	37	1.08
D10	Sample 46	2	1	4	47720	36.96	1.06
D10	Sample 46	2	1	5	52730	37	1.06
D10	Sample 46	2	1	6	57730	37	1.06
D10	Sample 46	2	1	7	62720	37	1.06
D10	Sample 46	2	1	8	67730	36.96	1.05
D10	Sample 46	2	1	9	72750	37	1.04
D10	Sample 46	2	1	10	77730	37	1.05
D10	Sample 46	2	1	11	82730	36.96	1.05
D10	Sample 46	2	1	12	87730	36.96	1.04
D10	Sample 46	2	1	13	92720	36.96	1.04
D10	Sample 46	2	1	14	97730	36.96	1.05
D10	Sample 46	2	1	15	102730	36.96	1.05
D11	Sample 47	2	1	1	32720	36.91	1.11
D11	Sample 47	2	1	2	37730	36.91	1.11
D11	Sample 47	2	1	3	42730	37	1.10
D11	Sample 47	2	1	4	47720	36.96	1.09
D11	Sample 47	2	1	5	52730	37	1.09
D11	Sample 47	2	1	6	57730	37	1.09
D11	Sample 47	2	1	7	62720	37	1.09
D11	Sample 47	2	1	8	67730	36.96	1.08
D11	Sample 47	2	1	9	72750	37	1.08
D11	Sample 47	2	1	10	77730	37	1.08
D11	Sample 47	2	1	11	82730	36.96	1.08
D11	Sample 47	2	1	12	87730	36.96	1.08
D11	Sample 47	2	1	13	92720	36.96	1.08
D11	Sample 47	2	1	14	97730	36.96	1.08
D11	Sample 47	2	1	15	102730	36.96	1.08
D12	Sample 48	2	1	1	32720	36.91	1.09
D12	Sample 48	2	1	2	37730	36.91	1.08
D12	Sample 48	2	1	3	42730	37	1.07
D12	Sample 48	2	1	4	47720	36.96	1.06
D12	Sample 48	2	1	5	52730	37	1.06
D12	Sample 48	2	1	6	57730	37	1.06
D12	Sample 48	2	1	7	62720	37	1.06
D12	Sample 48	2	1	8	67730	36.96	1.06
D12	Sample 48	2	1	9	72750	37	1.05
D12	Sample 48	2	1	10	77730	37	1.05
D12	Sample 48	2	1	11	82730	36.96	1.05
D12	Sample 48	2	1	12	87730	36.96	1.05
D12	Sample 48	2	1	13	92720	36.96	1.05
D12	Sample 48	2	1	14	97730	36.96	1.05
D12	Sample 48	2	1	15	102730	36.96	1.05
E1	Sample 49	2	1	1	32720	36.91	0.59
E1	Sample 49	2	1	2	37730	36.91	0.58
E1	Sample 49	2	1	3	42730	37	0.58
E1	Sample 49	2	1	4	47720	36.96	0.58
E1	Sample 49	2	1	5	52730	37	0.57
E1	Sample 49	2	1	6	57730	37	0.56
E1	Sample 49	2	1	7	62720	37	0.58
E1	Sample 49	2	1	8	67730	36.96	0.57
E1	Sample 49	2	1	9	72750	37	0.57
E1	Sample 49	2	1	10	77730	37	0.57
E1	Sample 49	2	1	11	82730	36.96	0.57
E1	Sample 49	2	1	12	87730	36.96	0.57
E1	Sample 49	2	1	13	92720	36.96	0.57
E1	Sample 49	2	1	14	97730	36.96	0.58
E1	Sample 49	2	1	15	102730	36.96	0.57
E2	Sample 50	2	1	1	32720	36.91	0.58
E2	Sample 50	2	1	2	37730	36.91	0.57
E2	Sample 50	2	1	3	42730	37	0.57
E2	Sample 50	2	1	4	47720	36.96	0.57
E2	Sample 50	2	1	5	52730	37	0.56
E2	Sample 50	2	1	6	57730	37	0.56
E2	Sample 50	2	1	7	62720	37	0.57
E2	Sample 50	2	1	8	67730	36.96	0.56
E2	Sample 50	2	1	9	72750	37	0.57
E2	Sample 50	2	1	10	77730	37	0.57
E2	Sample 50	2	1	11	82730	36.96	0.56
E2	Sample 50	2	1	12	87730	36.96	0.56
E2	Sample 50	2	1	13	92720	36.96	0.56
E2	Sample 50	2	1	14	97730	36.96	0.57
E2	Sample 50	2	1	15	102730	36.96	0.57
E3	Sample 51	2	1	1	32720	36.91	0.62
E3	Sample 51	2	1	2	37730	36.91	0.61
E3	Sample 51	2	1	3	42730	37	0.61
E3	Sample 51	2	1	4	47720	36.96	0.61
E3	Sample 51	2	1	5	52730	37	0.61
E3	Sample 51	2	1	6	57730	37	0.60
E3	Sample 51	2	1	7	62720	37	0.61
E3	Sample 51	2	1	8	67730	36.96	0.60
E3	Sample 51	2	1	9	72750	37	0.61
E3	Sample 51	2	1	10	77730	37	0.60
E3	Sample 51	2	1	11	82730	36.96	0.60
E3	Sample 51	2	1	12	87730	36.96	0.60
E3	Sample 51	2	1	13	92720	36.96	0.60
E3	Sample 51	2	1	14	97730	36.96	0.60
E3	Sample 51	2	1	15	102730	36.96	0.61
E4	Sample 52	2	1	1	32720	36.91	0.60
E4	Sample 52	2	1	2	37730	36.91	0.60
E4	Sample 52	2	1	3	42730	37	0.60
E4	Sample 52	2	1	4	47720	36.96	0.60
E4	Sample 52	2	1	5	52730	37	0.60
E4	Sample 52	2	1	6	57730	37	0.59
E4	Sample 52	2	1	7	62720	37	0.60
E4	Sample 52	2	1	8	67730	36.96	0.59
E4	Sample 52	2	1	9	72750	37	0.60
E4	Sample 52	2	1	10	77730	37	0.59
E4	Sample 52	2	1	11	82730	36.96	0.60
E4	Sample 52	2	1	12	87730	36.96	0.60
E4	Sample 52	2	1	13	92720	36.96	0.60
E4	Sample 52	2	1	14	97730	36.96	0.61
E4	Sample 52	2	1	15	102730	36.96	0.60
E5	Sample 53	2	1	1	32720	36.91	1.00
E5	Sample 53	2	1	2	37730	36.91	0.99
E5	Sample 53	2	1	3	42730	37	0.99
E5	Sample 53	2	1	4	47720	36.96	0.98
E5	Sample 53	2	1	5	52730	37	0.98
E5	Sample 53	2	1	6	57730	37	0.96
E5	Sample 53	2	1	7	62720	37	0.98
E5	Sample 53	2	1	8	67730	36.96	0.97
E5	Sample 53	2	1	9	72750	37	0.98
E5	Sample 53	2	1	10	77730	37	0.97
E5	Sample 53	2	1	11	82730	36.96	0.98
E5	Sample 53	2	1	12	87730	36.96	0.97
E5	Sample 53	2	1	13	92720	36.96	0.97
E5	Sample 53	2	1	14	97730	36.96	0.97
E5	Sample 53	2	1	15	102730	36.96	0.97
E6	Sample 54	2	1	1	32720	36.91	0.96
E6	Sample 54	2	1	2	37730	36.91	0.95
E6	Sample 54	2	1	3	42730	37	0.94
E6	Sample 54	2	1	4	47720	36.96	0.94
E6	Sample 54	2	1	5	52730	37	0.93
E6	Sample 54	2	1	6	57730	37	0.93
E6	Sample 54	2	1	7	62720	37	0.94
E6	Sample 54	2	1	8	67730	36.96	0.93
E6	Sample 54	2	1	9	72750	37	0.93
E6	Sample 54	2	1	10	77730	37	0.93
E6	Sample 54	2	1	11	82730	36.96	0.93
E6	Sample 54	2	1	12	87730	36.96	0.93
E6	Sample 54	2	1	13	92720	36.96	0.92
E6	Sample 54	2	1	14	97730	36.96	0.94
E6	Sample 54	2	1	15	102730	36.96	0.93
E7	Sample 55	2	1	1	32720	36.91	1.11
E7	Sample 55	2	1	2	37730	36.91	1.10
E7	Sample 55	2	1	3	42730	37	1.10
E7	Sample 55	2	1	4	47720	36.96	1.10
E7	Sample 55	2	1	5	52730	37	1.10
E7	Sample 55	2	1	6	57730	37	1.09
E7	Sample 55	2	1	7	62720	37	1.09
E7	Sample 55	2	1	8	67730	36.96	1.09
E7	Sample 55	2	1	9	72750	37	1.09
E7	Sample 55	2	1	10	77730	37	1.09
E7	Sample 55	2	1	11	82730	36.96	1.09
E7	Sample 55	2	1	12	87730	36.96	1.09
E7	Sample 55	2	1	13	92720	36.96	1.09
E7	Sample 55	2	1	14	97730	36.96	1.09
E7	Sample 55	2	1	15	102730	36.96	1.09
E8	Sample 56	2	1	1	32720	36.91	1.01
E8	Sample 56	2	1	2	37730	36.91	1.01
E8	Sample 56	2	1	3	42730	37	1.00
E8	Sample 56	2	1	4	47720	36.96	0.99
E8	Sample 56	2	1	5	52730	37	0.98
E8	Sample 56	2	1	6	57730	37	0.98
E8	Sample 56	2	1	7	62720	37	0.99
E8	Sample 56	2	1	8	67730	36.96	0.98
E8	Sample 56	2	1	9	72750	37	0.98
E8	Sample 56	2	1	10	77730	37	0.98
E8	Sample 56	2	1	11	82730	36.96	0.98
E8	Sample 56	2	1	12	87730	36.96	0.98
E8	Sample 56	2	1	13	92720	36.96	0.98
E8	Sample 56	2	1	14	97730	36.96	0.98
E8	Sample 56	2	1	15	102730	36.96	0.98
E9	Sample 57	2	1	1	32720	36.91	1.56
E9	Sample 57	2	1	2	37730	36.91	1.54
E9	Sample 57	2	1	3	42730	37	1.54
E9	Sample 57	2	1	4	47720	36.96	1.53
E9	Sample 57	2	1	5	52730	37	1.51
E9	Sample 57	2	1	6	57730	37	1.52
E9	Sample 57	2	1	7	62720	37	1.52
E9	Sample 57	2	1	8	67730	36.96	1.52
E9	Sample 57	2	1	9	72750	37	1.51
E9	Sample 57	2	1	10	77730	37	1.50
E9	Sample 57	2	1	11	82730	36.96	1.51
E9	Sample 57	2	1	12	87730	36.96	1.51
E9	Sample 57	2	1	13	92720	36.96	1.51
E9	Sample 57	2	1	14	97730	36.96	1.51
E9	Sample 57	2	1	15	102730	36.96	1.51
E10	Sample 58	2	1	1	32720	36.91	1.55
E10	Sample 58	2	1	2	37730	36.91	1.54
E10	Sample 58	2	1	3	42730	37	1.53
E10	Sample 58	2	1	4	47720	36.96	1.52
E10	Sample 58	2	1	5	52730	37	1.52
E10	Sample 58	2	1	6	57730	37	1.51
E10	Sample 58	2	1	7	62720	37	1.51
E10	Sample 58	2	1	8	67730	36.96	1.50
E10	Sample 58	2	1	9	72750	37	1.51
E10	Sample 58	2	1	10	77730	37	1.51
E10	Sample 58	2	1	11	82730	36.96	1.51
E10	Sample 58	2	1	12	87730	36.96	1.51
E10	Sample 58	2	1	13	92720	36.96	1.51
E10	Sample 58	2	1	14	97730	36.96	1.51
E10	Sample 58	2	1	15	102730	36.96	1.51
E11	Sample 59	2	1	1	32720	36.91	1.74
E11	Sample 59	2	1	2	37730	36.91	1.72
E11	Sample 59	2	1	3	42730	37	1.72
E11	Sample 59	2	1	4	47720	36.96	1.71
E11	Sample 59	2	1	5	52730	37	1.70
E11	Sample 59	2	1	6	57730	37	1.70
E11	Sample 59	2	1	7	62720	37	1.70
E11	Sample 59	2	1	8	67730	36.96	1.69
E11	Sample 59	2	1	9	72750	37	1.70
E11	Sample 59	2	1	10	77730	37	1.69
E11	Sample 59	2	1	11	82730	36.96	1.70
E11	Sample 59	2	1	12	87730	36.96	1.69
E11	Sample 59	2	1	13	92720	36.96	1.70
E11	Sample 59	2	1	14	97730	36.96	1.69
E11	Sample 59	2	1	15	102730	36.96	1.69
E12	Sample 60	2	1	1	32720	36.91	1.68
E12	Sample 60	2	1	2	37730	36.91	1.66
E12	Sample 60	2	1	3	42730	37	1.65
E12	Sample 60	2	1	4	47720	36.96	1.64
E12	Sample 60	2	1	5	52730	37	1.63
E12	Sample 60	2	1	6	57730	37	1.63
E12	Sample 60	2	1	7	62720	37	1.63
E12	Sample 60	2	1	8	67730	36.96	1.62
E12	Sample 60	2	1	9	72750	37	1.62
E12	Sample 60	2	1	10	77730	37	1.62
E12	Sample 60	2	1	11	82730	36.96	1.62
E12	Sample 60	2	1	12	87730	36.96	1.61
E12	Sample 60	2	1	13	92720	36.96	1.61
E12	Sample 60	2	1	14	97730	36.96	1.62
E12	Sample 60	2	1	15	102730	36.96	1.61
F1	Sample 61	2	1	1	32720	36.91	0.59
F1	Sample 61	2	1	2	37730	36.91	0.59
F1	Sample 61	2	1	3	42730	37	0.59
F1	Sample 61	2	1	4	47720	36.96	0.58
F1	Sample 61	2	1	5	52730	37	0.58
F1	Sample 61	2	1	6	57730	37	0.58
F1	Sample 61	2	1	7	62720	37	0.58
F1	Sample 61	2	1	8	67730	36.96	0.58
F1	Sample 61	2	1	9	72750	37	0.58
F1	Sample 61	2	1	10	77730	37	0.58
F1	Sample 61	2	1	11	82730	36.96	0.58
F1	Sample 61	2	1	12	87730	36.96	0.57
F1	Sample 61	2	1	13	92720	36.96	0.58
F1	Sample 61	2	1	14	97730	36.96	0.58
F1	Sample 61	2	1	15	102730	36.96	0.57
F2	Sample 62	2	1	1	32720	36.91	0.60
F2	Sample 62	2	1	2	37730	36.91	0.59
F2	Sample 62	2	1	3	42730	37	0.59
F2	Sample 62	2	1	4	47720	36.96	0.58
F2	Sample 62	2	1	5	52730	37	0.58
F2	Sample 62	2	1	6	57730	37	0.58
F2	Sample 62	2	1	7	62720	37	0.59
F2	Sample 62	2	1	8	67730	36.96	0.58
F2	Sample 62	2	1	9	72750	37	0.59
F2	Sample 62	2	1	10	77730	37	0.58
F2	Sample 62	2	1	11	82730	36.96	0.58
F2	Sample 62	2	1	12	87730	36.96	0.58
F2	Sample 62	2	1	13	92720	36.96	0.58
F2	Sample 62	2	1	14	97730	36.96	0.58
F2	Sample 62	2	1	15	102730	36.96	0.58
F3	Sample 63	2	1	1	32720	36.91	0.62
F3	Sample 63	2	1	2	37730	36.91	0.62
F3	Sample 63	2	1	3	42730	37	0.61
F3	Sample 63	2	1	4	47720	36.96	0.61
F3	Sample 63	2	1	5	52730	37	0.60
F3	Sample 63	2	1	6	57730	37	0.60
F3	Sample 63	2	1	7	62720	37	0.60
F3	Sample 63	2	1	8	67730	36.96	0.61
F3	Sample 63	2	1	9	72750	37	0.60
F3	Sample 63	2	1	10	77730	37	0.60
F3	Sample 63	2	1	11	82730	36.96	0.60
F3	Sample 63	2	1	12	87730	36.96	0.60
F3	Sample 63	2	1	13	92720	36.96	0.60
F3	Sample 63	2	1	14	97730	36.96	0.61
F3	Sample 63	2	1	15	102730	36.96	0.61
F4	Sample 64	2	1	1	32720	36.91	0.63
F4	Sample 64	2	1	2	37730	36.91	0.62
F4	Sample 64	2	1	3	42730	37	0.62
F4	Sample 64	2	1	4	47720	36.96	0.60
F4	Sample 64	2	1	5	52730	37	0.60
F4	Sample 64	2	1	6	57730	37	0.60
F4	Sample 64	2	1	7	62720	37	0.60
F4	Sample 64	2	1	8	67730	36.96	0.60
F4	Sample 64	2	1	9	72750	37	0.60
F4	Sample 64	2	1	10	77730	37	0.60
F4	Sample 64	2	1	11	82730	36.96	0.60
F4	Sample 64	2	1	12	87730	36.96	0.60
F4	Sample 64	2	1	13	92720	36.96	0.60
F4	Sample 64	2	1	14	97730	36.96	0.60
F4	Sample 64	2	1	15	102730	36.96	0.60
F5	Sample 65	2	1	1	32720	36.91	1.10
F5	Sample 65	2	1	2	37730	36.91	1.10
F5	Sample 65	2	1	3	42730	37	1.09
F5	Sample 65	2	1	4	47720	36.96	1.08
F5	Sample 65	2	1	5	52730	37	1.08
F5	Sample 65	2	1	6	57730	37	1.07
F5	Sample 65	2	1	7	62720	37	1.08
F5	Sample 65	2	1	8	67730	36.96	1.08
F5	Sample 65	2	1	9	72750	37	1.08
F5	Sample 65	2	1	10	77730	37	1.08
F5	Sample 65	2	1	11	82730	36.96	1.07
F5	Sample 65	2	1	12	87730	36.96	1.07
F5	Sample 65	2	1	13	92720	36.96	1.07
F5	Sample 65	2	1	14	97730	36.96	1.07
F5	Sample 65	2	1	15	102730	36.96	1.07
F6	Sample 66	2	1	1	32720	36.91	1.07
F6	Sample 66	2	1	2	37730	36.91	1.07
F6	Sample 66	2	1	3	42730	37	1.06
F6	Sample 66	2	1	4	47720	36.96	1.05
F6	Sample 66	2	1	5	52730	37	1.04
F6	Sample 66	2	1	6	57730	37	1.04
F6	Sample 66	2	1	7	62720	37	1.04
F6	Sample 66	2	1	8	67730	36.96	1.04
F6	Sample 66	2	1	9	72750	37	1.04
F6	Sample 66	2	1	10	77730	37	1.04
F6	Sample 66	2	1	11	82730	36.96	1.04
F6	Sample 66	2	1	12	87730	36.96	1.04
F6	Sample 66	2	1	13	92720	36.96	1.05
F6	Sample 66	2	1	14	97730	36.96	1.05
F6	Sample 66	2	1	15	102730	36.96	1.05
F7	Sample 67	2	1	1	32720	36.91	1.14
F7	Sample 67	2	1	2	37730	36.91	1.13
F7	Sample 67	2	1	3	42730	37	1.12
F7	Sample 67	2	1	4	47720	36.96	1.11
F7	Sample 67	2	1	5	52730	37	1.11
F7	Sample 67	2	1	6	57730	37	1.10
F7	Sample 67	2	1	7	62720	37	1.11
F7	Sample 67	2	1	8	67730	36.96	1.10
F7	Sample 67	2	1	9	72750	37	1.10
F7	Sample 67	2	1	10	77730	37	1.11
F7	Sample 67	2	1	11	82730	36.96	1.10
F7	Sample 67	2	1	12	87730	36.96	1.11
F7	Sample 67	2	1	13	92720	36.96	1.11
F7	Sample 67	2	1	14	97730	36.96	1.11
F7	Sample 67	2	1	15	102730	36.96	1.10
F8	Sample 68	2	1	1	32720	36.91	1.10
F8	Sample 68	2	1	2	37730	36.91	1.09
F8	Sample 68	2	1	3	42730	37	1.08
F8	Sample 68	2	1	4	47720	36.96	1.07
F8	Sample 68	2	1	5	52730	37	1.06
F8	Sample 68	2	1	6	57730	37	1.06
F8	Sample 68	2	1	7	62720	37	1.06
F8	Sample 68	2	1	8	67730	36.96	1.05
F8	Sample 68	2	1	9	72750	37	1.05
F8	Sample 68	2	1	10	77730	37	1.06
F8	Sample 68	2	1	11	82730	36.96	1.06
F8	Sample 68	2	1	12	87730	36.96	1.06
F8	Sample 68	2	1	13	92720	36.96	1.05
F8	Sample 68	2	1	14	97730	36.96	1.07
F8	Sample 68	2	1	15	102730	36.96	1.06
F9	Sample 69	2	1	1	32720	36.91	1.91
F9	Sample 69	2	1	2	37730	36.91	1.89
F9	Sample 69	2	1	3	42730	37	1.87
F9	Sample 69	2	1	4	47720	36.96	1.87
F9	Sample 69	2	1	5	52730	37	1.86
F9	Sample 69	2	1	6	57730	37	1.85
F9	Sample 69	2	1	7	62720	37	1.85
F9	Sample 69	2	1	8	67730	36.96	1.84
F9	Sample 69	2	1	9	72750	37	1.86
F9	Sample 69	2	1	10	77730	37	1.85
F9	Sample 69	2	1	11	82730	36.96	1.85
F9	Sample 69	2	1	12	87730	36.96	1.85
F9	Sample 69	2	1	13	92720	36.96	1.85
F9	Sample 69	2	1	14	97730	36.96	1.85
F9	Sample 69	2	1	15	102730	36.96	1.85
F10	Sample 70	2	1	1	32720	36.91	1.81
F10	Sample 70	2	1	2	37730	36.91	1.79
F10	Sample 70	2	1	3	42730	37	1.78
F10	Sample 70	2	1	4	47720	36.96	1.77
F10	Sample 70	2	1	5	52730	37	1.77
F10	Sample 70	2	1	6	57730	37	1.76
F10	Sample 70	2	1	7	62720	37	1.76
F10	Sample 70	2	1	8	67730	36.96	1.76
F10	Sample 70	2	1	9	72750	37	1.77
F10	Sample 70	2	1	10	77730	37	1.76
F10	Sample 70	2	1	11	82730	36.96	1.76
F10	Sample 70	2	1	12	87730	36.96	1.76
F10	Sample 70	2	1	13	92720	36.96	1.76
F10	Sample 70	2	1	14	97730	36.96	1.76
F10	Sample 70	2	1	15	102730	36.96	1.76
F11	Sample 71	2	1	1	32720	36.91	1.96
F11	Sample 71	2	1	2	37730	36.91	1.94
F11	Sample 71	2	1	3	42730	37	1.93
F11	Sample 71	2	1	4	47720	36.96	1.92
F11	Sample 71	2	1	5	52730	37	1.90
F11	Sample 71	2	1	6	57730	37	1.91
F11	Sample 71	2	1	7	62720	37	1.91
F11	Sample 71	2	1	8	67730	36.96	1.91
F11	Sample 71	2	1	9	72750	37	1.91
F11	Sample 71	2	1	10	77730	37	1.92
F11	Sample 71	2	1	11	82730	36.96	1.91
F11	Sample 71	2	1	12	87730	36.96	1.91
F11	Sample 71	2	1	13	92720	36.96	1.90
F11	Sample 71	2	1	14	97730	36.96	1.90
F11	Sample 71	2	1	15	102730	36.96	1.90
F12	Sample 72	2	1	1	32720	36.91	1.81
F12	Sample 72	2	1	2	37730	36.91	1.80
F12	Sample 72	2	1	3	42730	37	1.78
F12	Sample 72	2	1	4	47720	36.96	1.78
F12	Sample 72	2	1	5	52730	37	1.77
F12	Sample 72	2	1	6	57730	37	1.77
F12	Sample 72	2	1	7	62720	37	1.76
F12	Sample 72	2	1	8	67730	36.96	1.74
F12	Sample 72	2	1	9	72750	37	1.75
F12	Sample 72	2	1	10	77730	37	1.75
F12	Sample 72	2	1	11	82730	36.96	1.75
F12	Sample 72	2	1	12	87730	36.96	1.75
F12	Sample 72	2	1	13	92720	36.96	1.74
F12	Sample 72	2	1	14	97730	36.96	1.75
F12	Sample 72	2	1	15	102730	36.96	1.74
G1	Sample 73	2	1	1	32720	36.91	0.59
G1	Sample 73	2	1	2	37730	36.91	0.59
G1	Sample 73	2	1	3	42730	37	0.59
G1	Sample 73	2	1	4	47720	36.96	0.58
G1	Sample 73	2	1	5	52730	37	0.57
G1	Sample 73	2	1	6	57730	37	0.58
G1	Sample 73	2	1	7	62720	37	0.58
G1	Sample 73	2	1	8	67730	36.96	0.58
G1	Sample 73	2	1	9	72750	37	0.58
G1	Sample 73	2	1	10	77730	37	0.58
G1	Sample 73	2	1	11	82730	36.96	0.57
G1	Sample 73	2	1	12	87730	36.96	0.58
G1	Sample 73	2	1	13	92720	36.96	0.58
G1	Sample 73	2	1	14	97730	36.96	0.57
G1	Sample 73	2	1	15	102730	36.96	0.57
G2	Sample 74	2	1	1	32720	36.91	0.60
G2	Sample 74	2	1	2	37730	36.91	0.60
G2	Sample 74	2	1	3	42730	37	0.59
G2	Sample 74	2	1	4	47720	36.96	0.59
G2	Sample 74	2	1	5	52730	37	0.59
G2	Sample 74	2	1	6	57730	37	0.59
G2	Sample 74	2	1	7	62720	37	0.59
G2	Sample 74	2	1	8	67730	36.96	0.59
G2	Sample 74	2	1	9	72750	37	0.59
G2	Sample 74	2	1	10	77730	37	0.59
G2	Sample 74	2	1	11	82730	36.96	0.59
G2	Sample 74	2	1	12	87730	36.96	0.58
G2	Sample 74	2	1	13	92720	36.96	0.59
G2	Sample 74	2	1	14	97730	36.96	0.58
G2	Sample 74	2	1	15	102730	36.96	0.59
G3	Sample 75	2	1	1	32720	36.91	0.64
G3	Sample 75	2	1	2	37730	36.91	0.64
G3	Sample 75	2	1	3	42730	37	0.63
G3	Sample 75	2	1	4	47720	36.96	0.63
G3	Sample 75	2	1	5	52730	37	0.62
G3	Sample 75	2	1	6	57730	37	0.62
G3	Sample 75	2	1	7	62720	37	0.62
G3	Sample 75	2	1	8	67730	36.96	0.62
G3	Sample 75	2	1	9	72750	37	0.62
G3	Sample 75	2	1	10	77730	37	0.62
G3	Sample 75	2	1	11	82730	36.96	0.62
G3	Sample 75	2	1	12	87730	36.96	0.62
G3	Sample 75	2	1	13	92720	36.96	0.62
G3	Sample 75	2	1	14	97730	36.96	0.62
G3	Sample 75	2	1	15	102730	36.96	0.62
G4	Sample 76	2	1	1	32720	36.91	0.61
G4	Sample 76	2	1	2	37730	36.91	0.61
G4	Sample 76	2	1	3	42730	37	0.61
G4	Sample 76	2	1	4	47720	36.96	0.61
G4	Sample 76	2	1	5	52730	37	0.60
G4	Sample 76	2	1	6	57730	37	0.60
G4	Sample 76	2	1	7	62720	37	0.60
G4	Sample 76	2	1	8	67730	36.96	0.61
G4	Sample 76	2	1	9	72750	37	0.60
G4	Sample 76	2	1	10	77730	37	0.60
G4	Sample 76	2	1	11	82730	36.96	0.60
G4	Sample 76	2	1	12	87730	36.96	0.60
G4	Sample 76	2	1	13	92720	36.96	0.60
G4	Sample 76	2	1	14	97730	36.96	0.60
G4	Sample 76	2	1	15	102730	36.96	0.60
G5	Sample 77	2	1	1	32720	36.91	1.15
G5	Sample 77	2	1	2	37730	36.91	1.14
G5	Sample 77	2	1	3	42730	37	1.13
G5	Sample 77	2	1	4	47720	36.96	1.13
G5	Sample 77	2	1	5	52730	37	1.13
G5	Sample 77	2	1	6	57730	37	1.13
G5	Sample 77	2	1	7	62720	37	1.12
G5	Sample 77	2	1	8	67730	36.96	1.12
G5	Sample 77	2	1	9	72750	37	1.12
G5	Sample 77	2	1	10	77730	37	1.12
G5	Sample 77	2	1	11	82730	36.96	1.11
G5	Sample 77	2	1	12	87730	36.96	1.12
G5	Sample 77	2	1	13	92720	36.96	1.11
G5	Sample 77	2	1	14	97730	36.96	1.11
G5	Sample 77	2	1	15	102730	36.96	1.11
G6	Sample 78	2	1	1	32720	36.91	1.09
G6	Sample 78	2	1	2	37730	36.91	1.08
G6	Sample 78	2	1	3	42730	37	1.07
G6	Sample 78	2	1	4	47720	36.96	1.06
G6	Sample 78	2	1	5	52730	37	1.05
G6	Sample 78	2	1	6	57730	37	1.05
G6	Sample 78	2	1	7	62720	37	1.05
G6	Sample 78	2	1	8	67730	36.96	1.04
G6	Sample 78	2	1	9	72750	37	1.05
G6	Sample 78	2	1	10	77730	37	1.04
G6	Sample 78	2	1	11	82730	36.96	1.04
G6	Sample 78	2	1	12	87730	36.96	1.04
G6	Sample 78	2	1	13	92720	36.96	1.04
G6	Sample 78	2	1	14	97730	36.96	1.04
G6	Sample 78	2	1	15	102730	36.96	1.04
G7	Sample 79	2	1	1	32720	36.91	1.07
G7	Sample 79	2	1	2	37730	36.91	1.06
G7	Sample 79	2	1	3	42730	37	1.06
G7	Sample 79	2	1	4	47720	36.96	1.05
G7	Sample 79	2	1	5	52730	37	1.04
G7	Sample 79	2	1	6	57730	37	1.04
G7	Sample 79	2	1	7	62720	37	1.05
G7	Sample 79	2	1	8	67730	36.96	1.04
G7	Sample 79	2	1	9	72750	37	1.05
G7	Sample 79	2	1	10	77730	37	1.04
G7	Sample 79	2	1	11	82730	36.96	1.04
G7	Sample 79	2	1	12	87730	36.96	1.04
G7	Sample 79	2	1	13	92720	36.96	1.04
G7	Sample 79	2	1	14	97730	36.96	1.05
G7	Sample 79	2	1	15	102730	36.96	1.04
G8	Sample 80	2	1	1	32720	36.91	1.02
G8	Sample 80	2	1	2	37730	36.91	1.01
G8	Sample 80	2	1	3	42730	37	1.00
G8	Sample 80	2	1	4	47720	36.96	1.01
G8	Sample 80	2	1	5	52730	37	0.99
G8	Sample 80	2	1	6	57730	37	0.99
G8	Sample 80	2	1	7	62720	37	1.00
G8	Sample 80	2	1	8	67730	36.96	1.00
G8	Sample 80	2	1	9	72750	37	1.00
G8	Sample 80	2	1	10	77730	37	1.00
G8	Sample 80	2	1	11	82730	36.96	0.99
G8	Sample 80	2	1	12	87730	36.96	1.00
G8	Sample 80	2	1	13	92720	36.96	1.00
G8	Sample 80	2	1	14	97730	36.96	1.00
G8	Sample 80	2	1	15	102730	36.96	1.00
G9	Sample 81	2	1	1	32720	36.91	1.89
G9	Sample 81	2	1	2	37730	36.91	1.87
G9	Sample 81	2	1	3	42730	37	1.86
G9	Sample 81	2	1	4	47720	36.96	1.85
G9	Sample 81	2	1	5	52730	37	1.84
G9	Sample 81	2	1	6	57730	37	1.84
G9	Sample 81	2	1	7	62720	37	1.83
G9	Sample 81	2	1	8	67730	36.96	1.84
G9	Sample 81	2	1	9	72750	37	1.83
G9	Sample 81	2	1	10	77730	37	1.83
G9	Sample 81	2	1	11	82730	36.96	1.83
G9	Sample 81	2	1	12	87730	36.96	1.82
G9	Sample 81	2	1	13	92720	36.96	1.83
G9	Sample 81	2	1	14	97730	36.96	1.83
G9	Sample 81	2	1	15	102730	36.96	1.84
G10	Sample 82	2	1	1	32720	36.91	1.85
G10	Sample 82	2	1	2	37730	36.91	1.83
G10	Sample 82	2	1	3	42730	37	1.82
G10	Sample 82	2	1	4	47720	36.96	1.82
G10	Sample 82	2	1	5	52730	37	1.80
G10	Sample 82	2	1	6	57730	37	1.80
G10	Sample 82	2	1	7	62720	37	1.81
G10	Sample 82	2	1	8	67730	36.96	1.80
G10	Sample 82	2	1	9	72750	37	1.80
G10	Sample 82	2	1	10	77730	37	1.80
G10	Sample 82	2	1	11	82730	36.96	1.79
G10	Sample 82	2	1	12	87730	36.96	1.80
G10	Sample 82	2	1	13	92720	36.96	1.81
G10	Sample 82	2	1	14	97730	36.96	1.80
G10	Sample 82	2	1	15	102730	36.96	1.80
G11	Sample 83	2	1	1	32720	36.91	1.96
G11	Sample 83	2	1	2	37730	36.91	1.95
G11	Sample 83	2	1	3	42730	37	1.92
G11	Sample 83	2	1	4	47720	36.96	1.91
G11	Sample 83	2	1	5	52730	37	1.90
G11	Sample 83	2	1	6	57730	37	1.90
G11	Sample 83	2	1	7	62720	37	1.90
G11	Sample 83	2	1	8	67730	36.96	1.90
G11	Sample 83	2	1	9	72750	37	1.90
G11	Sample 83	2	1	10	77730	37	1.90
G11	Sample 83	2	1	11	82730	36.96	1.89
G11	Sample 83	2	1	12	87730	36.96	1.90
G11	Sample 83	2	1	13	92720	36.96	1.90
G11	Sample 83	2	1	14	97730	36.96	1.89
G11	Sample 83	2	1	15	102730	36.96	1.90
G12	Sample 84	2	1	1	32720	36.91	1.75
G12	Sample 84	2	1	2	37730	36.91	1.74
G12	Sample 84	2	1	3	42730	37	1.73
G12	Sample 84	2	1	4	47720	36.96	1.72
G12	Sample 84	2	1	5	52730	37	1.71
G12	Sample 84	2	1	6	57730	37	1.70
G12	Sample 84	2	1	7	62720	37	1.71
G12	Sample 84	2	1	8	67730	36.96	1.70
G12	Sample 84	2	1	9	72750	37	1.69
G12	Sample 84	2	1	10	77730	37	1.69
G12	Sample 84	2	1	11	82730	36.96	1.69
G12	Sample 84	2	1	12	87730	36.96	1.69
G12	Sample 84	2	1	13	92720	36.96	1.70
G12	Sample 84	2	1	14	97730	36.96	1.69
G12	Sample 84	2	1	15	102730	36.96	1.68
H1	Sample 85	2	1	1	32720	36.91	0.59
H1	Sample 85	2	1	2	37730	36.91	0.58
H1	Sample 85	2	1	3	42730	37	0.58
H1	Sample 85	2	1	4	47720	36.96	0.58
H1	Sample 85	2	1	5	52730	37	0.57
H1	Sample 85	2	1	6	57730	37	0.57
H1	Sample 85	2	1	7	62720	37	0.57
H1	Sample 85	2	1	8	67730	36.96	0.57
H1	Sample 85	2	1	9	72750	37	0.57
H1	Sample 85	2	1	10	77730	37	0.57
H1	Sample 85	2	1	11	82730	36.96	0.57
H1	Sample 85	2	1	12	87730	36.96	0.57
H1	Sample 85	2	1	13	92720	36.96	0.57
H1	Sample 85	2	1	14	97730	36.96	0.57
H1	Sample 85	2	1	15	102730	36.96	0.57
H2	Sample 86	2	1	1	32720	36.91	0.58
H2	Sample 86	2	1	2	37730	36.91	0.57
H2	Sample 86	2	1	3	42730	37	0.57
H2	Sample 86	2	1	4	47720	36.96	0.56
H2	Sample 86	2	1	5	52730	37	0.56
H2	Sample 86	2	1	6	57730	37	0.56
H2	Sample 86	2	1	7	62720	37	0.56
H2	Sample 86	2	1	8	67730	36.96	0.55
H2	Sample 86	2	1	9	72750	37	0.57
H2	Sample 86	2	1	10	77730	37	0.56
H2	Sample 86	2	1	11	82730	36.96	0.56
H2	Sample 86	2	1	12	87730	36.96	0.56
H2	Sample 86	2	1	13	92720	36.96	0.56
H2	Sample 86	2	1	14	97730	36.96	0.56
H2	Sample 86	2	1	15	102730	36.96	0.56
H3	Sample 87	2	1	1	32720	36.91	0.62
H3	Sample 87	2	1	2	37730	36.91	0.62
H3	Sample 87	2	1	3	42730	37	0.62
H3	Sample 87	2	1	4	47720	36.96	0.61
H3	Sample 87	2	1	5	52730	37	0.60
H3	Sample 87	2	1	6	57730	37	0.60
H3	Sample 87	2	1	7	62720	37	0.60
H3	Sample 87	2	1	8	67730	36.96	0.61
H3	Sample 87	2	1	9	72750	37	0.61
H3	Sample 87	2	1	10	77730	37	0.60
H3	Sample 87	2	1	11	82730	36.96	0.60
H3	Sample 87	2	1	12	87730	36.96	0.60
H3	Sample 87	2	1	13	92720	36.96	0.60
H3	Sample 87	2	1	14	97730	36.96	0.60
H3	Sample 87	2	1	15	102730	36.96	0.60
H4	Sample 88	2	1	1	32720	36.91	0.60
H4	Sample 88	2	1	2	37730	36.91	0.60
H4	Sample 88	2	1	3	42730	37	0.60
H4	Sample 88	2	1	4	47720	36.96	0.59
H4	Sample 88	2	1	5	52730	37	0.59
H4	Sample 88	2	1	6	57730	37	0.59
H4	Sample 88	2	1	7	62720	37	0.59
H4	Sample 88	2	1	8	67730	36.96	0.59
H4	Sample 88	2	1	9	72750	37	0.60
H4	Sample 88	2	1	10	77730	37	0.60
H4	Sample 88	2	1	11	82730	36.96	0.60
H4	Sample 88	2	1	12	87730	36.96	0.60
H4	Sample 88	2	1	13	92720	36.96	0.60
H4	Sample 88	2	1	14	97730	36.96	0.60
H4	Sample 88	2	1	15	102730	36.96	0.60
H5	Sample 89	2	1	1	32720	36.91	1.13
H5	Sample 89	2	1	2	37730	36.91	1.13
H5	Sample 89	2	1	3	42730	37	1.13
H5	Sample 89	2	1	4	47720	36.96	1.12
H5	Sample 89	2	1	5	52730	37	1.11
H5	Sample 89	2	1	6	57730	37	1.11
H5	Sample 89	2	1	7	62720	37	1.11
H5	Sample 89	2	1	8	67730	36.96	1.11
H5	Sample 89	2	1	9	72750	37	1.12
H5	Sample 89	2	1	10	77730	37	1.12
H5	Sample 89	2	1	11	82730	36.96	1.12
H5	Sample 89	2	1	12	87730	36.96	1.11
H5	Sample 89	2	1	13	92720	36.96	1.11
H5	Sample 89	2	1	14	97730	36.96	1.10
H5	Sample 89	2	1	15	102730	36.96	1.11
H6	Sample 90	2	1	1	32720	36.91	1.13
H6	Sample 90	2	1	2	37730	36.91	1.12
H6	Sample 90	2	1	3	42730	37	1.11
H6	Sample 90	2	1	4	47720	36.96	1.10
H6	Sample 90	2	1	5	52730	37	1.10
H6	Sample 90	2	1	6	57730	37	1.10
H6	Sample 90	2	1	7	62720	37	1.10
H6	Sample 90	2	1	8	67730	36.96	1.10
H6	Sample 90	2	1	9	72750	37	1.10
H6	Sample 90	2	1	10	77730	37	1.10
H6	Sample 90	2	1	11	82730	36.96	1.10
H6	Sample 90	2	1	12	87730	36.96	1.10
H6	Sample 90	2	1	13	92720	36.96	1.10
H6	Sample 90	2	1	14	97730	36.96	1.10
H6	Sample 90	2	1	15	102730	36.96	1.10
H7	Sample 91	2	1	1	32720	36.91	1.11
H7	Sample 91	2	1	2	37730	36.91	1.10
H7	Sample 91	2	1	3	42730	37	1.10
H7	Sample 91	2	1	4	47720	36.96	1.10
H7	Sample 91	2	1	5	52730	37	1.09
H7	Sample 91	2	1	6	57730	37	1.10
H7	Sample 91	2	1	7	62720	37	1.09
H7	Sample 91	2	1	8	67730	36.96	1.09
H7	Sample 91	2	1	9	72750	37	1.09
H7	Sample 91	2	1	10	77730	37	1.09
H7	Sample 91	2	1	11	82730	36.96	1.09
H7	Sample 91	2	1	12	87730	36.96	1.09
H7	Sample 91	2	1	13	92720	36.96	1.09
H7	Sample 91	2	1	14	97730	36.96	1.09
H7	Sample 91	2	1	15	102730	36.96	1.09
H8	Sample 92	2	1	1	32720	36.91	1.05
H8	Sample 92	2	1	2	37730	36.91	1.04
H8	Sample 92	2	1	3	42730	37	1.03
H8	Sample 92	2	1	4	47720	36.96	1.03
H8	Sample 92	2	1	5	52730	37	1.02
H8	Sample 92	2	1	6	57730	37	1.03
H8	Sample 92	2	1	7	62720	37	1.03
H8	Sample 92	2	1	8	67730	36.96	1.02
H8	Sample 92	2	1	9	72750	37	1.02
H8	Sample 92	2	1	10	77730	37	1.02
H8	Sample 92	2	1	11	82730	36.96	1.02
H8	Sample 92	2	1	12	87730	36.96	1.02
H8	Sample 92	2	1	13	92720	36.96	1.02
H8	Sample 92	2	1	14	97730	36.96	1.02
H8	Sample 92	2	1	15	102730	36.96	1.02
H9	Sample 93	2	1	1	32720	36.91	1.89
H9	Sample 93	2	1	2	37730	36.91	1.87
H9	Sample 93	2	1	3	42730	37	1.86
H9	Sample 93	2	1	4	47720	36.96	1.85
H9	Sample 93	2	1	5	52730	37	1.84
H9	Sample 93	2	1	6	57730	37	1.84
H9	Sample 93	2	1	7	62720	37	1.84
H9	Sample 93	2	1	8	67730	36.96	1.83
H9	Sample 93	2	1	9	72750	37	1.83
H9	Sample 93	2	1	10	77730	37	1.83
H9	Sample 93	2	1	11	82730	36.96	1.83
H9	Sample 93	2	1	12	87730	36.96	1.83
H9	Sample 93	2	1	13	92720	36.96	1.83
H9	Sample 93	2	1	14	97730	36.96	1.83
H9	Sample 93	2	1	15	102730	36.96	1.82
H10	Sample 94	2	1	1	32720	36.91	1.75
H10	Sample 94	2	1	2	37730	36.91	1.74
H10	Sample 94	2	1	3	42730	37	1.73
H10	Sample 94	2	1	4	47720	36.96	1.72
H10	Sample 94	2	1	5	52730	37	1.71
H10	Sample 94	2	1	6	57730	37	1.71
H10	Sample 94	2	1	7	62720	37	1.70
H10	Sample 94	2	1	8	67730	36.96	1.71
H10	Sample 94	2	1	9	72750	37	1.71
H10	Sample 94	2	1	10	77730	37	1.72
H10	Sample 94	2	1	11	82730	36.96	1.72
H10	Sample 94	2	1	12	87730	36.96	1.71
H10	Sample 94	2	1	13	92720	36.96	1.71
H10	Sample 94	2	1	14	97730	36.96	1.71
H10	Sample 94	2	1	15	102730	36.96	1.71
H11	Sample 95	2	1	1	32720	36.91	1.81
H11	Sample 95	2	1	2	37730	36.91	1.79
H11	Sample 95	2	1	3	42730	37	1.80
H11	Sample 95	2	1	4	47720	36.96	1.78
H11	Sample 95	2	1	5	52730	37	1.78
H11	Sample 95	2	1	6	57730	37	1.78
H11	Sample 95	2	1	7	62720	37	1.76
H11	Sample 95	2	1	8	67730	36.96	1.77
H11	Sample 95	2	1	9	72750	37	1.77
H11	Sample 95	2	1	10	77730	37	1.77
H11	Sample 95	2	1	11	82730	36.96	1.77
H11	Sample 95	2	1	12	87730	36.96	1.76
H11	Sample 95	2	1	13	92720	36.96	1.77
H11	Sample 95	2	1	14	97730	36.96	1.77
H11	Sample 95	2	1	15	102730	36.96	1.77
H12	Sample 96	2	1	1	32720	36.91	1.72
H12	Sample 96	2	1	2	37730	36.91	1.71
H12	Sample 96	2	1	3	42730	37	1.70
H12	Sample 96	2	1	4	47720	36.96	1.70
H12	Sample 96	2	1	5	52730	37	1.68
H12	Sample 96	2	1	6	57730	37	1.68
H12	Sample 96	2	1	7	62720	37	1.68
H12	Sample 96	2	1	8	67730	36.96	1.67
H12	Sample 96	2	1	9	72750	37	1.68
H12	Sample 96	2	1	10	77730	37	1.67
H12	Sample 96	2	1	11	82730	36.96	1.67
H12	Sample 96	2	1	12	87730	36.96	1.66
H12	Sample 96	2	1	13	92720	36.96	1.67
H12	Sample 96	2	1	14	97730	36.96	1.67
H12	Sample 96	2	1	15	102730	36.96	1.66
