Raw Data 		Experiment - evIC50_6_plate2_17APRIL2026 (Run on LCS480 1.5.1.62)
SamplePos	SampleName	Prog#	Seg#	Cycle#	Time	Temp	465-510	
A1	Sample 1	2	1	1	33990	36.91	0.62
A1	Sample 1	2	1	2	39020	36.96	0.62
A1	Sample 1	2	1	3	44020	36.96	0.62
A1	Sample 1	2	1	4	49010	36.96	0.62
A1	Sample 1	2	1	5	54010	37	0.62
A1	Sample 1	2	1	6	59020	36.96	0.62
A1	Sample 1	2	1	7	64010	37	0.62
A1	Sample 1	2	1	8	69010	37	0.62
A1	Sample 1	2	1	9	74010	37	0.62
A1	Sample 1	2	1	10	79010	37	0.62
A1	Sample 1	2	1	11	84010	36.96	0.62
A1	Sample 1	2	1	12	89020	36.96	0.62
A1	Sample 1	2	1	13	94010	36.96	0.62
A1	Sample 1	2	1	14	99020	37	0.62
A1	Sample 1	2	1	15	104020	37	0.62
A2	Sample 2	2	1	1	33990	36.91	0.65
A2	Sample 2	2	1	2	39020	36.96	0.65
A2	Sample 2	2	1	3	44020	36.96	0.65
A2	Sample 2	2	1	4	49010	36.96	0.65
A2	Sample 2	2	1	5	54010	37	0.65
A2	Sample 2	2	1	6	59020	36.96	0.64
A2	Sample 2	2	1	7	64010	37	0.64
A2	Sample 2	2	1	8	69010	37	0.64
A2	Sample 2	2	1	9	74010	37	0.64
A2	Sample 2	2	1	10	79010	37	0.64
A2	Sample 2	2	1	11	84010	36.96	0.65
A2	Sample 2	2	1	12	89020	36.96	0.64
A2	Sample 2	2	1	13	94010	36.96	0.64
A2	Sample 2	2	1	14	99020	37	0.65
A2	Sample 2	2	1	15	104020	37	0.64
A3	Sample 3	2	1	1	33990	36.91	0.70
A3	Sample 3	2	1	2	39020	36.96	0.70
A3	Sample 3	2	1	3	44020	36.96	0.70
A3	Sample 3	2	1	4	49010	36.96	0.70
A3	Sample 3	2	1	5	54010	37	0.70
A3	Sample 3	2	1	6	59020	36.96	0.70
A3	Sample 3	2	1	7	64010	37	0.71
A3	Sample 3	2	1	8	69010	37	0.70
A3	Sample 3	2	1	9	74010	37	0.70
A3	Sample 3	2	1	10	79010	37	0.70
A3	Sample 3	2	1	11	84010	36.96	0.70
A3	Sample 3	2	1	12	89020	36.96	0.70
A3	Sample 3	2	1	13	94010	36.96	0.70
A3	Sample 3	2	1	14	99020	37	0.70
A3	Sample 3	2	1	15	104020	37	0.70
A4	Sample 4	2	1	1	33990	36.91	0.67
A4	Sample 4	2	1	2	39020	36.96	0.68
A4	Sample 4	2	1	3	44020	36.96	0.68
A4	Sample 4	2	1	4	49010	36.96	0.68
A4	Sample 4	2	1	5	54010	37	0.68
A4	Sample 4	2	1	6	59020	36.96	0.68
A4	Sample 4	2	1	7	64010	37	0.68
A4	Sample 4	2	1	8	69010	37	0.67
A4	Sample 4	2	1	9	74010	37	0.68
A4	Sample 4	2	1	10	79010	37	0.67
A4	Sample 4	2	1	11	84010	36.96	0.68
A4	Sample 4	2	1	12	89020	36.96	0.68
A4	Sample 4	2	1	13	94010	36.96	0.68
A4	Sample 4	2	1	14	99020	37	0.67
A4	Sample 4	2	1	15	104020	37	0.67
A5	Sample 5	2	1	1	33990	36.91	0.52
A5	Sample 5	2	1	2	39020	36.96	0.53
A5	Sample 5	2	1	3	44020	36.96	0.53
A5	Sample 5	2	1	4	49010	36.96	0.52
A5	Sample 5	2	1	5	54010	37	0.52
A5	Sample 5	2	1	6	59020	36.96	0.52
A5	Sample 5	2	1	7	64010	37	0.52
A5	Sample 5	2	1	8	69010	37	0.52
A5	Sample 5	2	1	9	74010	37	0.52
A5	Sample 5	2	1	10	79010	37	0.52
A5	Sample 5	2	1	11	84010	36.96	0.52
A5	Sample 5	2	1	12	89020	36.96	0.52
A5	Sample 5	2	1	13	94010	36.96	0.53
A5	Sample 5	2	1	14	99020	37	0.52
A5	Sample 5	2	1	15	104020	37	0.52
A6	Sample 6	2	1	1	33990	36.91	0.51
A6	Sample 6	2	1	2	39020	36.96	0.51
A6	Sample 6	2	1	3	44020	36.96	0.51
A6	Sample 6	2	1	4	49010	36.96	0.51
A6	Sample 6	2	1	5	54010	37	0.51
A6	Sample 6	2	1	6	59020	36.96	0.50
A6	Sample 6	2	1	7	64010	37	0.51
A6	Sample 6	2	1	8	69010	37	0.51
A6	Sample 6	2	1	9	74010	37	0.50
A6	Sample 6	2	1	10	79010	37	0.51
A6	Sample 6	2	1	11	84010	36.96	0.51
A6	Sample 6	2	1	12	89020	36.96	0.51
A6	Sample 6	2	1	13	94010	36.96	0.51
A6	Sample 6	2	1	14	99020	37	0.51
A6	Sample 6	2	1	15	104020	37	0.50
A7	Sample 7	2	1	1	33990	36.91	0.57
A7	Sample 7	2	1	2	39020	36.96	0.57
A7	Sample 7	2	1	3	44020	36.96	0.57
A7	Sample 7	2	1	4	49010	36.96	0.57
A7	Sample 7	2	1	5	54010	37	0.57
A7	Sample 7	2	1	6	59020	36.96	0.57
A7	Sample 7	2	1	7	64010	37	0.57
A7	Sample 7	2	1	8	69010	37	0.57
A7	Sample 7	2	1	9	74010	37	0.57
A7	Sample 7	2	1	10	79010	37	0.57
A7	Sample 7	2	1	11	84010	36.96	0.57
A7	Sample 7	2	1	12	89020	36.96	0.57
A7	Sample 7	2	1	13	94010	36.96	0.58
A7	Sample 7	2	1	14	99020	37	0.57
A7	Sample 7	2	1	15	104020	37	0.57
A8	Sample 8	2	1	1	33990	36.91	0.56
A8	Sample 8	2	1	2	39020	36.96	0.56
A8	Sample 8	2	1	3	44020	36.96	0.57
A8	Sample 8	2	1	4	49010	36.96	0.56
A8	Sample 8	2	1	5	54010	37	0.56
A8	Sample 8	2	1	6	59020	36.96	0.56
A8	Sample 8	2	1	7	64010	37	0.56
A8	Sample 8	2	1	8	69010	37	0.56
A8	Sample 8	2	1	9	74010	37	0.56
A8	Sample 8	2	1	10	79010	37	0.56
A8	Sample 8	2	1	11	84010	36.96	0.56
A8	Sample 8	2	1	12	89020	36.96	0.56
A8	Sample 8	2	1	13	94010	36.96	0.56
A8	Sample 8	2	1	14	99020	37	0.55
A8	Sample 8	2	1	15	104020	37	0.56
A9	Sample 9	2	1	1	33990	36.91	0.76
A9	Sample 9	2	1	2	39020	36.96	0.75
A9	Sample 9	2	1	3	44020	36.96	0.76
A9	Sample 9	2	1	4	49010	36.96	0.75
A9	Sample 9	2	1	5	54010	37	0.75
A9	Sample 9	2	1	6	59020	36.96	0.76
A9	Sample 9	2	1	7	64010	37	0.75
A9	Sample 9	2	1	8	69010	37	0.76
A9	Sample 9	2	1	9	74010	37	0.75
A9	Sample 9	2	1	10	79010	37	0.75
A9	Sample 9	2	1	11	84010	36.96	0.75
A9	Sample 9	2	1	12	89020	36.96	0.75
A9	Sample 9	2	1	13	94010	36.96	0.76
A9	Sample 9	2	1	14	99020	37	0.75
A9	Sample 9	2	1	15	104020	37	0.75
A10	Sample 10	2	1	1	33990	36.91	0.75
A10	Sample 10	2	1	2	39020	36.96	0.74
A10	Sample 10	2	1	3	44020	36.96	0.75
A10	Sample 10	2	1	4	49010	36.96	0.74
A10	Sample 10	2	1	5	54010	37	0.74
A10	Sample 10	2	1	6	59020	36.96	0.74
A10	Sample 10	2	1	7	64010	37	0.74
A10	Sample 10	2	1	8	69010	37	0.74
A10	Sample 10	2	1	9	74010	37	0.73
A10	Sample 10	2	1	10	79010	37	0.74
A10	Sample 10	2	1	11	84010	36.96	0.74
A10	Sample 10	2	1	12	89020	36.96	0.73
A10	Sample 10	2	1	13	94010	36.96	0.74
A10	Sample 10	2	1	14	99020	37	0.73
A10	Sample 10	2	1	15	104020	37	0.74
A11	Sample 11	2	1	1	33990	36.91	0.74
A11	Sample 11	2	1	2	39020	36.96	0.73
A11	Sample 11	2	1	3	44020	36.96	0.74
A11	Sample 11	2	1	4	49010	36.96	0.73
A11	Sample 11	2	1	5	54010	37	0.73
A11	Sample 11	2	1	6	59020	36.96	0.73
A11	Sample 11	2	1	7	64010	37	0.73
A11	Sample 11	2	1	8	69010	37	0.73
A11	Sample 11	2	1	9	74010	37	0.73
A11	Sample 11	2	1	10	79010	37	0.73
A11	Sample 11	2	1	11	84010	36.96	0.73
A11	Sample 11	2	1	12	89020	36.96	0.73
A11	Sample 11	2	1	13	94010	36.96	0.74
A11	Sample 11	2	1	14	99020	37	0.73
A11	Sample 11	2	1	15	104020	37	0.73
A12	Sample 12	2	1	1	33990	36.91	0.67
A12	Sample 12	2	1	2	39020	36.96	0.66
A12	Sample 12	2	1	3	44020	36.96	0.67
A12	Sample 12	2	1	4	49010	36.96	0.66
A12	Sample 12	2	1	5	54010	37	0.66
A12	Sample 12	2	1	6	59020	36.96	0.66
A12	Sample 12	2	1	7	64010	37	0.66
A12	Sample 12	2	1	8	69010	37	0.65
A12	Sample 12	2	1	9	74010	37	0.66
A12	Sample 12	2	1	10	79010	37	0.66
A12	Sample 12	2	1	11	84010	36.96	0.66
A12	Sample 12	2	1	12	89020	36.96	0.66
A12	Sample 12	2	1	13	94010	36.96	0.67
A12	Sample 12	2	1	14	99020	37	0.66
A12	Sample 12	2	1	15	104020	37	0.66
B1	Sample 13	2	1	1	33990	36.91	0.55
B1	Sample 13	2	1	2	39020	36.96	0.55
B1	Sample 13	2	1	3	44020	36.96	0.55
B1	Sample 13	2	1	4	49010	36.96	0.55
B1	Sample 13	2	1	5	54010	37	0.55
B1	Sample 13	2	1	6	59020	36.96	0.55
B1	Sample 13	2	1	7	64010	37	0.56
B1	Sample 13	2	1	8	69010	37	0.54
B1	Sample 13	2	1	9	74010	37	0.55
B1	Sample 13	2	1	10	79010	37	0.54
B1	Sample 13	2	1	11	84010	36.96	0.55
B1	Sample 13	2	1	12	89020	36.96	0.55
B1	Sample 13	2	1	13	94010	36.96	0.56
B1	Sample 13	2	1	14	99020	37	0.55
B1	Sample 13	2	1	15	104020	37	0.56
B2	Sample 14	2	1	1	33990	36.91	0.57
B2	Sample 14	2	1	2	39020	36.96	0.56
B2	Sample 14	2	1	3	44020	36.96	0.57
B2	Sample 14	2	1	4	49010	36.96	0.57
B2	Sample 14	2	1	5	54010	37	0.57
B2	Sample 14	2	1	6	59020	36.96	0.56
B2	Sample 14	2	1	7	64010	37	0.56
B2	Sample 14	2	1	8	69010	37	0.56
B2	Sample 14	2	1	9	74010	37	0.56
B2	Sample 14	2	1	10	79010	37	0.55
B2	Sample 14	2	1	11	84010	36.96	0.55
B2	Sample 14	2	1	12	89020	36.96	0.56
B2	Sample 14	2	1	13	94010	36.96	0.56
B2	Sample 14	2	1	14	99020	37	0.55
B2	Sample 14	2	1	15	104020	37	0.56
B3	Sample 15	2	1	1	33990	36.91	0.65
B3	Sample 15	2	1	2	39020	36.96	0.64
B3	Sample 15	2	1	3	44020	36.96	0.65
B3	Sample 15	2	1	4	49010	36.96	0.64
B3	Sample 15	2	1	5	54010	37	0.64
B3	Sample 15	2	1	6	59020	36.96	0.65
B3	Sample 15	2	1	7	64010	37	0.65
B3	Sample 15	2	1	8	69010	37	0.64
B3	Sample 15	2	1	9	74010	37	0.64
B3	Sample 15	2	1	10	79010	37	0.65
B3	Sample 15	2	1	11	84010	36.96	0.65
B3	Sample 15	2	1	12	89020	36.96	0.65
B3	Sample 15	2	1	13	94010	36.96	0.65
B3	Sample 15	2	1	14	99020	37	0.65
B3	Sample 15	2	1	15	104020	37	0.65
B4	Sample 16	2	1	1	33990	36.91	0.66
B4	Sample 16	2	1	2	39020	36.96	0.66
B4	Sample 16	2	1	3	44020	36.96	0.65
B4	Sample 16	2	1	4	49010	36.96	0.67
B4	Sample 16	2	1	5	54010	37	0.65
B4	Sample 16	2	1	6	59020	36.96	0.65
B4	Sample 16	2	1	7	64010	37	0.66
B4	Sample 16	2	1	8	69010	37	0.65
B4	Sample 16	2	1	9	74010	37	0.65
B4	Sample 16	2	1	10	79010	37	0.65
B4	Sample 16	2	1	11	84010	36.96	0.65
B4	Sample 16	2	1	12	89020	36.96	0.65
B4	Sample 16	2	1	13	94010	36.96	0.65
B4	Sample 16	2	1	14	99020	37	0.64
B4	Sample 16	2	1	15	104020	37	0.65
B5	Sample 17	2	1	1	33990	36.91	0.48
B5	Sample 17	2	1	2	39020	36.96	0.48
B5	Sample 17	2	1	3	44020	36.96	0.49
B5	Sample 17	2	1	4	49010	36.96	0.49
B5	Sample 17	2	1	5	54010	37	0.48
B5	Sample 17	2	1	6	59020	36.96	0.48
B5	Sample 17	2	1	7	64010	37	0.49
B5	Sample 17	2	1	8	69010	37	0.48
B5	Sample 17	2	1	9	74010	37	0.48
B5	Sample 17	2	1	10	79010	37	0.48
B5	Sample 17	2	1	11	84010	36.96	0.48
B5	Sample 17	2	1	12	89020	36.96	0.48
B5	Sample 17	2	1	13	94010	36.96	0.48
B5	Sample 17	2	1	14	99020	37	0.48
B5	Sample 17	2	1	15	104020	37	0.48
B6	Sample 18	2	1	1	33990	36.91	0.50
B6	Sample 18	2	1	2	39020	36.96	0.50
B6	Sample 18	2	1	3	44020	36.96	0.49
B6	Sample 18	2	1	4	49010	36.96	0.50
B6	Sample 18	2	1	5	54010	37	0.50
B6	Sample 18	2	1	6	59020	36.96	0.50
B6	Sample 18	2	1	7	64010	37	0.50
B6	Sample 18	2	1	8	69010	37	0.49
B6	Sample 18	2	1	9	74010	37	0.50
B6	Sample 18	2	1	10	79010	37	0.49
B6	Sample 18	2	1	11	84010	36.96	0.49
B6	Sample 18	2	1	12	89020	36.96	0.49
B6	Sample 18	2	1	13	94010	36.96	0.49
B6	Sample 18	2	1	14	99020	37	0.49
B6	Sample 18	2	1	15	104020	37	0.49
B7	Sample 19	2	1	1	33990	36.91	0.51
B7	Sample 19	2	1	2	39020	36.96	0.51
B7	Sample 19	2	1	3	44020	36.96	0.51
B7	Sample 19	2	1	4	49010	36.96	0.51
B7	Sample 19	2	1	5	54010	37	0.51
B7	Sample 19	2	1	6	59020	36.96	0.51
B7	Sample 19	2	1	7	64010	37	0.51
B7	Sample 19	2	1	8	69010	37	0.50
B7	Sample 19	2	1	9	74010	37	0.50
B7	Sample 19	2	1	10	79010	37	0.51
B7	Sample 19	2	1	11	84010	36.96	0.50
B7	Sample 19	2	1	12	89020	36.96	0.51
B7	Sample 19	2	1	13	94010	36.96	0.51
B7	Sample 19	2	1	14	99020	37	0.51
B7	Sample 19	2	1	15	104020	37	0.51
B8	Sample 20	2	1	1	33990	36.91	0.51
B8	Sample 20	2	1	2	39020	36.96	0.50
B8	Sample 20	2	1	3	44020	36.96	0.50
B8	Sample 20	2	1	4	49010	36.96	0.50
B8	Sample 20	2	1	5	54010	37	0.50
B8	Sample 20	2	1	6	59020	36.96	0.50
B8	Sample 20	2	1	7	64010	37	0.50
B8	Sample 20	2	1	8	69010	37	0.50
B8	Sample 20	2	1	9	74010	37	0.50
B8	Sample 20	2	1	10	79010	37	0.50
B8	Sample 20	2	1	11	84010	36.96	0.49
B8	Sample 20	2	1	12	89020	36.96	0.50
B8	Sample 20	2	1	13	94010	36.96	0.50
B8	Sample 20	2	1	14	99020	37	0.49
B8	Sample 20	2	1	15	104020	37	0.49
B9	Sample 21	2	1	1	33990	36.91	0.68
B9	Sample 21	2	1	2	39020	36.96	0.67
B9	Sample 21	2	1	3	44020	36.96	0.67
B9	Sample 21	2	1	4	49010	36.96	0.67
B9	Sample 21	2	1	5	54010	37	0.67
B9	Sample 21	2	1	6	59020	36.96	0.67
B9	Sample 21	2	1	7	64010	37	0.68
B9	Sample 21	2	1	8	69010	37	0.66
B9	Sample 21	2	1	9	74010	37	0.66
B9	Sample 21	2	1	10	79010	37	0.67
B9	Sample 21	2	1	11	84010	36.96	0.66
B9	Sample 21	2	1	12	89020	36.96	0.67
B9	Sample 21	2	1	13	94010	36.96	0.67
B9	Sample 21	2	1	14	99020	37	0.67
B9	Sample 21	2	1	15	104020	37	0.67
B10	Sample 22	2	1	1	33990	36.91	0.62
B10	Sample 22	2	1	2	39020	36.96	0.61
B10	Sample 22	2	1	3	44020	36.96	0.61
B10	Sample 22	2	1	4	49010	36.96	0.61
B10	Sample 22	2	1	5	54010	37	0.61
B10	Sample 22	2	1	6	59020	36.96	0.61
B10	Sample 22	2	1	7	64010	37	0.62
B10	Sample 22	2	1	8	69010	37	0.61
B10	Sample 22	2	1	9	74010	37	0.61
B10	Sample 22	2	1	10	79010	37	0.61
B10	Sample 22	2	1	11	84010	36.96	0.61
B10	Sample 22	2	1	12	89020	36.96	0.61
B10	Sample 22	2	1	13	94010	36.96	0.61
B10	Sample 22	2	1	14	99020	37	0.61
B10	Sample 22	2	1	15	104020	37	0.61
B11	Sample 23	2	1	1	33990	36.91	0.70
B11	Sample 23	2	1	2	39020	36.96	0.69
B11	Sample 23	2	1	3	44020	36.96	0.69
B11	Sample 23	2	1	4	49010	36.96	0.70
B11	Sample 23	2	1	5	54010	37	0.70
B11	Sample 23	2	1	6	59020	36.96	0.69
B11	Sample 23	2	1	7	64010	37	0.70
B11	Sample 23	2	1	8	69010	37	0.69
B11	Sample 23	2	1	9	74010	37	0.69
B11	Sample 23	2	1	10	79010	37	0.69
B11	Sample 23	2	1	11	84010	36.96	0.69
B11	Sample 23	2	1	12	89020	36.96	0.69
B11	Sample 23	2	1	13	94010	36.96	0.69
B11	Sample 23	2	1	14	99020	37	0.68
B11	Sample 23	2	1	15	104020	37	0.69
B12	Sample 24	2	1	1	33990	36.91	0.58
B12	Sample 24	2	1	2	39020	36.96	0.57
B12	Sample 24	2	1	3	44020	36.96	0.58
B12	Sample 24	2	1	4	49010	36.96	0.58
B12	Sample 24	2	1	5	54010	37	0.58
B12	Sample 24	2	1	6	59020	36.96	0.58
B12	Sample 24	2	1	7	64010	37	0.59
B12	Sample 24	2	1	8	69010	37	0.57
B12	Sample 24	2	1	9	74010	37	0.57
B12	Sample 24	2	1	10	79010	37	0.58
B12	Sample 24	2	1	11	84010	36.96	0.58
B12	Sample 24	2	1	12	89020	36.96	0.58
B12	Sample 24	2	1	13	94010	36.96	0.58
B12	Sample 24	2	1	14	99020	37	0.58
B12	Sample 24	2	1	15	104020	37	0.58
C1	Sample 25	2	1	1	33990	36.91	0.58
C1	Sample 25	2	1	2	39020	36.96	0.58
C1	Sample 25	2	1	3	44020	36.96	0.58
C1	Sample 25	2	1	4	49010	36.96	0.57
C1	Sample 25	2	1	5	54010	37	0.57
C1	Sample 25	2	1	6	59020	36.96	0.57
C1	Sample 25	2	1	7	64010	37	0.58
C1	Sample 25	2	1	8	69010	37	0.57
C1	Sample 25	2	1	9	74010	37	0.58
C1	Sample 25	2	1	10	79010	37	0.57
C1	Sample 25	2	1	11	84010	36.96	0.57
C1	Sample 25	2	1	12	89020	36.96	0.57
C1	Sample 25	2	1	13	94010	36.96	0.57
C1	Sample 25	2	1	14	99020	37	0.57
C1	Sample 25	2	1	15	104020	37	0.57
C2	Sample 26	2	1	1	33990	36.91	0.59
C2	Sample 26	2	1	2	39020	36.96	0.59
C2	Sample 26	2	1	3	44020	36.96	0.59
C2	Sample 26	2	1	4	49010	36.96	0.59
C2	Sample 26	2	1	5	54010	37	0.59
C2	Sample 26	2	1	6	59020	36.96	0.58
C2	Sample 26	2	1	7	64010	37	0.59
C2	Sample 26	2	1	8	69010	37	0.59
C2	Sample 26	2	1	9	74010	37	0.58
C2	Sample 26	2	1	10	79010	37	0.58
C2	Sample 26	2	1	11	84010	36.96	0.58
C2	Sample 26	2	1	12	89020	36.96	0.58
C2	Sample 26	2	1	13	94010	36.96	0.58
C2	Sample 26	2	1	14	99020	37	0.58
C2	Sample 26	2	1	15	104020	37	0.58
C3	Sample 27	2	1	1	33990	36.91	0.66
C3	Sample 27	2	1	2	39020	36.96	0.66
C3	Sample 27	2	1	3	44020	36.96	0.66
C3	Sample 27	2	1	4	49010	36.96	0.66
C3	Sample 27	2	1	5	54010	37	0.65
C3	Sample 27	2	1	6	59020	36.96	0.66
C3	Sample 27	2	1	7	64010	37	0.66
C3	Sample 27	2	1	8	69010	37	0.66
C3	Sample 27	2	1	9	74010	37	0.66
C3	Sample 27	2	1	10	79010	37	0.65
C3	Sample 27	2	1	11	84010	36.96	0.66
C3	Sample 27	2	1	12	89020	36.96	0.66
C3	Sample 27	2	1	13	94010	36.96	0.66
C3	Sample 27	2	1	14	99020	37	0.66
C3	Sample 27	2	1	15	104020	37	0.65
C4	Sample 28	2	1	1	33990	36.91	0.64
C4	Sample 28	2	1	2	39020	36.96	0.63
C4	Sample 28	2	1	3	44020	36.96	0.63
C4	Sample 28	2	1	4	49010	36.96	0.63
C4	Sample 28	2	1	5	54010	37	0.63
C4	Sample 28	2	1	6	59020	36.96	0.63
C4	Sample 28	2	1	7	64010	37	0.64
C4	Sample 28	2	1	8	69010	37	0.63
C4	Sample 28	2	1	9	74010	37	0.63
C4	Sample 28	2	1	10	79010	37	0.63
C4	Sample 28	2	1	11	84010	36.96	0.63
C4	Sample 28	2	1	12	89020	36.96	0.63
C4	Sample 28	2	1	13	94010	36.96	0.63
C4	Sample 28	2	1	14	99020	37	0.62
C4	Sample 28	2	1	15	104020	37	0.63
C5	Sample 29	2	1	1	33990	36.91	0.47
C5	Sample 29	2	1	2	39020	36.96	0.46
C5	Sample 29	2	1	3	44020	36.96	0.46
C5	Sample 29	2	1	4	49010	36.96	0.46
C5	Sample 29	2	1	5	54010	37	0.47
C5	Sample 29	2	1	6	59020	36.96	0.46
C5	Sample 29	2	1	7	64010	37	0.47
C5	Sample 29	2	1	8	69010	37	0.46
C5	Sample 29	2	1	9	74010	37	0.47
C5	Sample 29	2	1	10	79010	37	0.46
C5	Sample 29	2	1	11	84010	36.96	0.47
C5	Sample 29	2	1	12	89020	36.96	0.47
C5	Sample 29	2	1	13	94010	36.96	0.47
C5	Sample 29	2	1	14	99020	37	0.47
C5	Sample 29	2	1	15	104020	37	0.46
C6	Sample 30	2	1	1	33990	36.91	0.53
C6	Sample 30	2	1	2	39020	36.96	0.52
C6	Sample 30	2	1	3	44020	36.96	0.52
C6	Sample 30	2	1	4	49010	36.96	0.52
C6	Sample 30	2	1	5	54010	37	0.53
C6	Sample 30	2	1	6	59020	36.96	0.52
C6	Sample 30	2	1	7	64010	37	0.52
C6	Sample 30	2	1	8	69010	37	0.52
C6	Sample 30	2	1	9	74010	37	0.52
C6	Sample 30	2	1	10	79010	37	0.52
C6	Sample 30	2	1	11	84010	36.96	0.52
C6	Sample 30	2	1	12	89020	36.96	0.52
C6	Sample 30	2	1	13	94010	36.96	0.52
C6	Sample 30	2	1	14	99020	37	0.52
C6	Sample 30	2	1	15	104020	37	0.52
C7	Sample 31	2	1	1	33990	36.91	0.54
C7	Sample 31	2	1	2	39020	36.96	0.54
C7	Sample 31	2	1	3	44020	36.96	0.54
C7	Sample 31	2	1	4	49010	36.96	0.54
C7	Sample 31	2	1	5	54010	37	0.53
C7	Sample 31	2	1	6	59020	36.96	0.54
C7	Sample 31	2	1	7	64010	37	0.55
C7	Sample 31	2	1	8	69010	37	0.53
C7	Sample 31	2	1	9	74010	37	0.54
C7	Sample 31	2	1	10	79010	37	0.54
C7	Sample 31	2	1	11	84010	36.96	0.54
C7	Sample 31	2	1	12	89020	36.96	0.53
C7	Sample 31	2	1	13	94010	36.96	0.54
C7	Sample 31	2	1	14	99020	37	0.54
C7	Sample 31	2	1	15	104020	37	0.53
C8	Sample 32	2	1	1	33990	36.91	0.49
C8	Sample 32	2	1	2	39020	36.96	0.49
C8	Sample 32	2	1	3	44020	36.96	0.48
C8	Sample 32	2	1	4	49010	36.96	0.48
C8	Sample 32	2	1	5	54010	37	0.48
C8	Sample 32	2	1	6	59020	36.96	0.48
C8	Sample 32	2	1	7	64010	37	0.49
C8	Sample 32	2	1	8	69010	37	0.48
C8	Sample 32	2	1	9	74010	37	0.48
C8	Sample 32	2	1	10	79010	37	0.47
C8	Sample 32	2	1	11	84010	36.96	0.48
C8	Sample 32	2	1	12	89020	36.96	0.48
C8	Sample 32	2	1	13	94010	36.96	0.48
C8	Sample 32	2	1	14	99020	37	0.48
C8	Sample 32	2	1	15	104020	37	0.47
C9	Sample 33	2	1	1	33990	36.91	0.64
C9	Sample 33	2	1	2	39020	36.96	0.63
C9	Sample 33	2	1	3	44020	36.96	0.63
C9	Sample 33	2	1	4	49010	36.96	0.63
C9	Sample 33	2	1	5	54010	37	0.63
C9	Sample 33	2	1	6	59020	36.96	0.63
C9	Sample 33	2	1	7	64010	37	0.64
C9	Sample 33	2	1	8	69010	37	0.63
C9	Sample 33	2	1	9	74010	37	0.63
C9	Sample 33	2	1	10	79010	37	0.63
C9	Sample 33	2	1	11	84010	36.96	0.63
C9	Sample 33	2	1	12	89020	36.96	0.63
C9	Sample 33	2	1	13	94010	36.96	0.63
C9	Sample 33	2	1	14	99020	37	0.63
C9	Sample 33	2	1	15	104020	37	0.63
C10	Sample 34	2	1	1	33990	36.91	0.71
C10	Sample 34	2	1	2	39020	36.96	0.71
C10	Sample 34	2	1	3	44020	36.96	0.71
C10	Sample 34	2	1	4	49010	36.96	0.70
C10	Sample 34	2	1	5	54010	37	0.70
C10	Sample 34	2	1	6	59020	36.96	0.71
C10	Sample 34	2	1	7	64010	37	0.71
C10	Sample 34	2	1	8	69010	37	0.70
C10	Sample 34	2	1	9	74010	37	0.70
C10	Sample 34	2	1	10	79010	37	0.70
C10	Sample 34	2	1	11	84010	36.96	0.71
C10	Sample 34	2	1	12	89020	36.96	0.71
C10	Sample 34	2	1	13	94010	36.96	0.70
C10	Sample 34	2	1	14	99020	37	0.70
C10	Sample 34	2	1	15	104020	37	0.70
C11	Sample 35	2	1	1	33990	36.91	0.65
C11	Sample 35	2	1	2	39020	36.96	0.65
C11	Sample 35	2	1	3	44020	36.96	0.64
C11	Sample 35	2	1	4	49010	36.96	0.65
C11	Sample 35	2	1	5	54010	37	0.64
C11	Sample 35	2	1	6	59020	36.96	0.64
C11	Sample 35	2	1	7	64010	37	0.65
C11	Sample 35	2	1	8	69010	37	0.64
C11	Sample 35	2	1	9	74010	37	0.64
C11	Sample 35	2	1	10	79010	37	0.64
C11	Sample 35	2	1	11	84010	36.96	0.65
C11	Sample 35	2	1	12	89020	36.96	0.64
C11	Sample 35	2	1	13	94010	36.96	0.65
C11	Sample 35	2	1	14	99020	37	0.64
C11	Sample 35	2	1	15	104020	37	0.64
C12	Sample 36	2	1	1	33990	36.91	0.62
C12	Sample 36	2	1	2	39020	36.96	0.62
C12	Sample 36	2	1	3	44020	36.96	0.62
C12	Sample 36	2	1	4	49010	36.96	0.62
C12	Sample 36	2	1	5	54010	37	0.62
C12	Sample 36	2	1	6	59020	36.96	0.61
C12	Sample 36	2	1	7	64010	37	0.62
C12	Sample 36	2	1	8	69010	37	0.61
C12	Sample 36	2	1	9	74010	37	0.61
C12	Sample 36	2	1	10	79010	37	0.61
C12	Sample 36	2	1	11	84010	36.96	0.61
C12	Sample 36	2	1	12	89020	36.96	0.61
C12	Sample 36	2	1	13	94010	36.96	0.61
C12	Sample 36	2	1	14	99020	37	0.61
C12	Sample 36	2	1	15	104020	37	0.61
D1	Sample 37	2	1	1	33990	36.91	0.59
D1	Sample 37	2	1	2	39020	36.96	0.59
D1	Sample 37	2	1	3	44020	36.96	0.59
D1	Sample 37	2	1	4	49010	36.96	0.58
D1	Sample 37	2	1	5	54010	37	0.58
D1	Sample 37	2	1	6	59020	36.96	0.58
D1	Sample 37	2	1	7	64010	37	0.59
D1	Sample 37	2	1	8	69010	37	0.59
D1	Sample 37	2	1	9	74010	37	0.59
D1	Sample 37	2	1	10	79010	37	0.59
D1	Sample 37	2	1	11	84010	36.96	0.58
D1	Sample 37	2	1	12	89020	36.96	0.59
D1	Sample 37	2	1	13	94010	36.96	0.59
D1	Sample 37	2	1	14	99020	37	0.58
D1	Sample 37	2	1	15	104020	37	0.58
D2	Sample 38	2	1	1	33990	36.91	0.61
D2	Sample 38	2	1	2	39020	36.96	0.62
D2	Sample 38	2	1	3	44020	36.96	0.62
D2	Sample 38	2	1	4	49010	36.96	0.61
D2	Sample 38	2	1	5	54010	37	0.61
D2	Sample 38	2	1	6	59020	36.96	0.61
D2	Sample 38	2	1	7	64010	37	0.62
D2	Sample 38	2	1	8	69010	37	0.61
D2	Sample 38	2	1	9	74010	37	0.61
D2	Sample 38	2	1	10	79010	37	0.61
D2	Sample 38	2	1	11	84010	36.96	0.61
D2	Sample 38	2	1	12	89020	36.96	0.62
D2	Sample 38	2	1	13	94010	36.96	0.61
D2	Sample 38	2	1	14	99020	37	0.61
D2	Sample 38	2	1	15	104020	37	0.61
D3	Sample 39	2	1	1	33990	36.91	0.65
D3	Sample 39	2	1	2	39020	36.96	0.64
D3	Sample 39	2	1	3	44020	36.96	0.65
D3	Sample 39	2	1	4	49010	36.96	0.65
D3	Sample 39	2	1	5	54010	37	0.64
D3	Sample 39	2	1	6	59020	36.96	0.64
D3	Sample 39	2	1	7	64010	37	0.65
D3	Sample 39	2	1	8	69010	37	0.64
D3	Sample 39	2	1	9	74010	37	0.64
D3	Sample 39	2	1	10	79010	37	0.64
D3	Sample 39	2	1	11	84010	36.96	0.64
D3	Sample 39	2	1	12	89020	36.96	0.65
D3	Sample 39	2	1	13	94010	36.96	0.65
D3	Sample 39	2	1	14	99020	37	0.64
D3	Sample 39	2	1	15	104020	37	0.64
D4	Sample 40	2	1	1	33990	36.91	0.65
D4	Sample 40	2	1	2	39020	36.96	0.65
D4	Sample 40	2	1	3	44020	36.96	0.65
D4	Sample 40	2	1	4	49010	36.96	0.65
D4	Sample 40	2	1	5	54010	37	0.64
D4	Sample 40	2	1	6	59020	36.96	0.64
D4	Sample 40	2	1	7	64010	37	0.65
D4	Sample 40	2	1	8	69010	37	0.65
D4	Sample 40	2	1	9	74010	37	0.65
D4	Sample 40	2	1	10	79010	37	0.65
D4	Sample 40	2	1	11	84010	36.96	0.64
D4	Sample 40	2	1	12	89020	36.96	0.65
D4	Sample 40	2	1	13	94010	36.96	0.65
D4	Sample 40	2	1	14	99020	37	0.65
D4	Sample 40	2	1	15	104020	37	0.65
D5	Sample 41	2	1	1	33990	36.91	0.49
D5	Sample 41	2	1	2	39020	36.96	0.49
D5	Sample 41	2	1	3	44020	36.96	0.49
D5	Sample 41	2	1	4	49010	36.96	0.49
D5	Sample 41	2	1	5	54010	37	0.48
D5	Sample 41	2	1	6	59020	36.96	0.48
D5	Sample 41	2	1	7	64010	37	0.49
D5	Sample 41	2	1	8	69010	37	0.48
D5	Sample 41	2	1	9	74010	37	0.48
D5	Sample 41	2	1	10	79010	37	0.49
D5	Sample 41	2	1	11	84010	36.96	0.48
D5	Sample 41	2	1	12	89020	36.96	0.48
D5	Sample 41	2	1	13	94010	36.96	0.48
D5	Sample 41	2	1	14	99020	37	0.48
D5	Sample 41	2	1	15	104020	37	0.49
D6	Sample 42	2	1	1	33990	36.91	0.51
D6	Sample 42	2	1	2	39020	36.96	0.51
D6	Sample 42	2	1	3	44020	36.96	0.51
D6	Sample 42	2	1	4	49010	36.96	0.51
D6	Sample 42	2	1	5	54010	37	0.51
D6	Sample 42	2	1	6	59020	36.96	0.51
D6	Sample 42	2	1	7	64010	37	0.51
D6	Sample 42	2	1	8	69010	37	0.50
D6	Sample 42	2	1	9	74010	37	0.50
D6	Sample 42	2	1	10	79010	37	0.51
D6	Sample 42	2	1	11	84010	36.96	0.50
D6	Sample 42	2	1	12	89020	36.96	0.51
D6	Sample 42	2	1	13	94010	36.96	0.51
D6	Sample 42	2	1	14	99020	37	0.51
D6	Sample 42	2	1	15	104020	37	0.50
D7	Sample 43	2	1	1	33990	36.91	0.67
D7	Sample 43	2	1	2	39020	36.96	0.67
D7	Sample 43	2	1	3	44020	36.96	0.68
D7	Sample 43	2	1	4	49010	36.96	0.67
D7	Sample 43	2	1	5	54010	37	0.66
D7	Sample 43	2	1	6	59020	36.96	0.67
D7	Sample 43	2	1	7	64010	37	0.67
D7	Sample 43	2	1	8	69010	37	0.66
D7	Sample 43	2	1	9	74010	37	0.66
D7	Sample 43	2	1	10	79010	37	0.67
D7	Sample 43	2	1	11	84010	36.96	0.67
D7	Sample 43	2	1	12	89020	36.96	0.67
D7	Sample 43	2	1	13	94010	36.96	0.67
D7	Sample 43	2	1	14	99020	37	0.67
D7	Sample 43	2	1	15	104020	37	0.66
D8	Sample 44	2	1	1	33990	36.91	0.64
D8	Sample 44	2	1	2	39020	36.96	0.65
D8	Sample 44	2	1	3	44020	36.96	0.64
D8	Sample 44	2	1	4	49010	36.96	0.65
D8	Sample 44	2	1	5	54010	37	0.64
D8	Sample 44	2	1	6	59020	36.96	0.64
D8	Sample 44	2	1	7	64010	37	0.64
D8	Sample 44	2	1	8	69010	37	0.63
D8	Sample 44	2	1	9	74010	37	0.64
D8	Sample 44	2	1	10	79010	37	0.64
D8	Sample 44	2	1	11	84010	36.96	0.64
D8	Sample 44	2	1	12	89020	36.96	0.64
D8	Sample 44	2	1	13	94010	36.96	0.64
D8	Sample 44	2	1	14	99020	37	0.64
D8	Sample 44	2	1	15	104020	37	0.64
D9	Sample 45	2	1	1	33990	36.91	0.74
D9	Sample 45	2	1	2	39020	36.96	0.74
D9	Sample 45	2	1	3	44020	36.96	0.74
D9	Sample 45	2	1	4	49010	36.96	0.74
D9	Sample 45	2	1	5	54010	37	0.73
D9	Sample 45	2	1	6	59020	36.96	0.74
D9	Sample 45	2	1	7	64010	37	0.74
D9	Sample 45	2	1	8	69010	37	0.73
D9	Sample 45	2	1	9	74010	37	0.73
D9	Sample 45	2	1	10	79010	37	0.73
D9	Sample 45	2	1	11	84010	36.96	0.73
D9	Sample 45	2	1	12	89020	36.96	0.74
D9	Sample 45	2	1	13	94010	36.96	0.74
D9	Sample 45	2	1	14	99020	37	0.74
D9	Sample 45	2	1	15	104020	37	0.74
D10	Sample 46	2	1	1	33990	36.91	0.71
D10	Sample 46	2	1	2	39020	36.96	0.72
D10	Sample 46	2	1	3	44020	36.96	0.71
D10	Sample 46	2	1	4	49010	36.96	0.71
D10	Sample 46	2	1	5	54010	37	0.70
D10	Sample 46	2	1	6	59020	36.96	0.70
D10	Sample 46	2	1	7	64010	37	0.71
D10	Sample 46	2	1	8	69010	37	0.70
D10	Sample 46	2	1	9	74010	37	0.70
D10	Sample 46	2	1	10	79010	37	0.71
D10	Sample 46	2	1	11	84010	36.96	0.70
D10	Sample 46	2	1	12	89020	36.96	0.71
D10	Sample 46	2	1	13	94010	36.96	0.70
D10	Sample 46	2	1	14	99020	37	0.70
D10	Sample 46	2	1	15	104020	37	0.70
D11	Sample 47	2	1	1	33990	36.91	0.67
D11	Sample 47	2	1	2	39020	36.96	0.67
D11	Sample 47	2	1	3	44020	36.96	0.67
D11	Sample 47	2	1	4	49010	36.96	0.67
D11	Sample 47	2	1	5	54010	37	0.67
D11	Sample 47	2	1	6	59020	36.96	0.66
D11	Sample 47	2	1	7	64010	37	0.67
D11	Sample 47	2	1	8	69010	37	0.67
D11	Sample 47	2	1	9	74010	37	0.65
D11	Sample 47	2	1	10	79010	37	0.67
D11	Sample 47	2	1	11	84010	36.96	0.66
D11	Sample 47	2	1	12	89020	36.96	0.66
D11	Sample 47	2	1	13	94010	36.96	0.66
D11	Sample 47	2	1	14	99020	37	0.66
D11	Sample 47	2	1	15	104020	37	0.66
D12	Sample 48	2	1	1	33990	36.91	0.62
D12	Sample 48	2	1	2	39020	36.96	0.62
D12	Sample 48	2	1	3	44020	36.96	0.62
D12	Sample 48	2	1	4	49010	36.96	0.62
D12	Sample 48	2	1	5	54010	37	0.62
D12	Sample 48	2	1	6	59020	36.96	0.62
D12	Sample 48	2	1	7	64010	37	0.63
D12	Sample 48	2	1	8	69010	37	0.62
D12	Sample 48	2	1	9	74010	37	0.63
D12	Sample 48	2	1	10	79010	37	0.63
D12	Sample 48	2	1	11	84010	36.96	0.62
D12	Sample 48	2	1	12	89020	36.96	0.63
D12	Sample 48	2	1	13	94010	36.96	0.63
D12	Sample 48	2	1	14	99020	37	0.62
D12	Sample 48	2	1	15	104020	37	0.62
E1	Sample 49	2	1	1	33990	36.91	0.60
E1	Sample 49	2	1	2	39020	36.96	0.61
E1	Sample 49	2	1	3	44020	36.96	0.61
E1	Sample 49	2	1	4	49010	36.96	0.60
E1	Sample 49	2	1	5	54010	37	0.60
E1	Sample 49	2	1	6	59020	36.96	0.60
E1	Sample 49	2	1	7	64010	37	0.61
E1	Sample 49	2	1	8	69010	37	0.60
E1	Sample 49	2	1	9	74010	37	0.60
E1	Sample 49	2	1	10	79010	37	0.60
E1	Sample 49	2	1	11	84010	36.96	0.61
E1	Sample 49	2	1	12	89020	36.96	0.61
E1	Sample 49	2	1	13	94010	36.96	0.60
E1	Sample 49	2	1	14	99020	37	0.60
E1	Sample 49	2	1	15	104020	37	0.59
E2	Sample 50	2	1	1	33990	36.91	0.63
E2	Sample 50	2	1	2	39020	36.96	0.63
E2	Sample 50	2	1	3	44020	36.96	0.63
E2	Sample 50	2	1	4	49010	36.96	0.63
E2	Sample 50	2	1	5	54010	37	0.62
E2	Sample 50	2	1	6	59020	36.96	0.63
E2	Sample 50	2	1	7	64010	37	0.64
E2	Sample 50	2	1	8	69010	37	0.63
E2	Sample 50	2	1	9	74010	37	0.62
E2	Sample 50	2	1	10	79010	37	0.63
E2	Sample 50	2	1	11	84010	36.96	0.62
E2	Sample 50	2	1	12	89020	36.96	0.63
E2	Sample 50	2	1	13	94010	36.96	0.62
E2	Sample 50	2	1	14	99020	37	0.62
E2	Sample 50	2	1	15	104020	37	0.62
E3	Sample 51	2	1	1	33990	36.91	0.80
E3	Sample 51	2	1	2	39020	36.96	0.79
E3	Sample 51	2	1	3	44020	36.96	0.80
E3	Sample 51	2	1	4	49010	36.96	0.79
E3	Sample 51	2	1	5	54010	37	0.79
E3	Sample 51	2	1	6	59020	36.96	0.78
E3	Sample 51	2	1	7	64010	37	0.79
E3	Sample 51	2	1	8	69010	37	0.79
E3	Sample 51	2	1	9	74010	37	0.79
E3	Sample 51	2	1	10	79010	37	0.79
E3	Sample 51	2	1	11	84010	36.96	0.79
E3	Sample 51	2	1	12	89020	36.96	0.80
E3	Sample 51	2	1	13	94010	36.96	0.79
E3	Sample 51	2	1	14	99020	37	0.78
E3	Sample 51	2	1	15	104020	37	0.78
E4	Sample 52	2	1	1	33990	36.91	0.84
E4	Sample 52	2	1	2	39020	36.96	0.84
E4	Sample 52	2	1	3	44020	36.96	0.84
E4	Sample 52	2	1	4	49010	36.96	0.84
E4	Sample 52	2	1	5	54010	37	0.83
E4	Sample 52	2	1	6	59020	36.96	0.84
E4	Sample 52	2	1	7	64010	37	0.84
E4	Sample 52	2	1	8	69010	37	0.84
E4	Sample 52	2	1	9	74010	37	0.83
E4	Sample 52	2	1	10	79010	37	0.84
E4	Sample 52	2	1	11	84010	36.96	0.84
E4	Sample 52	2	1	12	89020	36.96	0.84
E4	Sample 52	2	1	13	94010	36.96	0.83
E4	Sample 52	2	1	14	99020	37	0.83
E4	Sample 52	2	1	15	104020	37	0.83
E5	Sample 53	2	1	1	33990	36.91	0.52
E5	Sample 53	2	1	2	39020	36.96	0.52
E5	Sample 53	2	1	3	44020	36.96	0.52
E5	Sample 53	2	1	4	49010	36.96	0.52
E5	Sample 53	2	1	5	54010	37	0.51
E5	Sample 53	2	1	6	59020	36.96	0.51
E5	Sample 53	2	1	7	64010	37	0.52
E5	Sample 53	2	1	8	69010	37	0.51
E5	Sample 53	2	1	9	74010	37	0.51
E5	Sample 53	2	1	10	79010	37	0.51
E5	Sample 53	2	1	11	84010	36.96	0.52
E5	Sample 53	2	1	12	89020	36.96	0.51
E5	Sample 53	2	1	13	94010	36.96	0.51
E5	Sample 53	2	1	14	99020	37	0.51
E5	Sample 53	2	1	15	104020	37	0.51
E6	Sample 54	2	1	1	33990	36.91	0.77
E6	Sample 54	2	1	2	39020	36.96	0.77
E6	Sample 54	2	1	3	44020	36.96	0.77
E6	Sample 54	2	1	4	49010	36.96	0.77
E6	Sample 54	2	1	5	54010	37	0.77
E6	Sample 54	2	1	6	59020	36.96	0.77
E6	Sample 54	2	1	7	64010	37	0.77
E6	Sample 54	2	1	8	69010	37	0.78
E6	Sample 54	2	1	9	74010	37	0.77
E6	Sample 54	2	1	10	79010	37	0.77
E6	Sample 54	2	1	11	84010	36.96	0.77
E6	Sample 54	2	1	12	89020	36.96	0.78
E6	Sample 54	2	1	13	94010	36.96	0.77
E6	Sample 54	2	1	14	99020	37	0.77
E6	Sample 54	2	1	15	104020	37	0.77
E7	Sample 55	2	1	1	33990	36.91	1.13
E7	Sample 55	2	1	2	39020	36.96	1.13
E7	Sample 55	2	1	3	44020	36.96	1.13
E7	Sample 55	2	1	4	49010	36.96	1.13
E7	Sample 55	2	1	5	54010	37	1.12
E7	Sample 55	2	1	6	59020	36.96	1.13
E7	Sample 55	2	1	7	64010	37	1.12
E7	Sample 55	2	1	8	69010	37	1.13
E7	Sample 55	2	1	9	74010	37	1.12
E7	Sample 55	2	1	10	79010	37	1.12
E7	Sample 55	2	1	11	84010	36.96	1.12
E7	Sample 55	2	1	12	89020	36.96	1.12
E7	Sample 55	2	1	13	94010	36.96	1.12
E7	Sample 55	2	1	14	99020	37	1.12
E7	Sample 55	2	1	15	104020	37	1.12
E8	Sample 56	2	1	1	33990	36.91	1.06
E8	Sample 56	2	1	2	39020	36.96	1.06
E8	Sample 56	2	1	3	44020	36.96	1.06
E8	Sample 56	2	1	4	49010	36.96	1.05
E8	Sample 56	2	1	5	54010	37	1.06
E8	Sample 56	2	1	6	59020	36.96	1.05
E8	Sample 56	2	1	7	64010	37	1.06
E8	Sample 56	2	1	8	69010	37	1.06
E8	Sample 56	2	1	9	74010	37	1.05
E8	Sample 56	2	1	10	79010	37	1.06
E8	Sample 56	2	1	11	84010	36.96	1.05
E8	Sample 56	2	1	12	89020	36.96	1.05
E8	Sample 56	2	1	13	94010	36.96	1.05
E8	Sample 56	2	1	14	99020	37	1.05
E8	Sample 56	2	1	15	104020	37	1.04
E9	Sample 57	2	1	1	33990	36.91	0.76
E9	Sample 57	2	1	2	39020	36.96	0.75
E9	Sample 57	2	1	3	44020	36.96	0.76
E9	Sample 57	2	1	4	49010	36.96	0.76
E9	Sample 57	2	1	5	54010	37	0.75
E9	Sample 57	2	1	6	59020	36.96	0.75
E9	Sample 57	2	1	7	64010	37	0.75
E9	Sample 57	2	1	8	69010	37	0.75
E9	Sample 57	2	1	9	74010	37	0.74
E9	Sample 57	2	1	10	79010	37	0.75
E9	Sample 57	2	1	11	84010	36.96	0.75
E9	Sample 57	2	1	12	89020	36.96	0.75
E9	Sample 57	2	1	13	94010	36.96	0.75
E9	Sample 57	2	1	14	99020	37	0.75
E9	Sample 57	2	1	15	104020	37	0.75
E10	Sample 58	2	1	1	33990	36.91	0.75
E10	Sample 58	2	1	2	39020	36.96	0.75
E10	Sample 58	2	1	3	44020	36.96	0.75
E10	Sample 58	2	1	4	49010	36.96	0.75
E10	Sample 58	2	1	5	54010	37	0.75
E10	Sample 58	2	1	6	59020	36.96	0.75
E10	Sample 58	2	1	7	64010	37	0.75
E10	Sample 58	2	1	8	69010	37	0.74
E10	Sample 58	2	1	9	74010	37	0.75
E10	Sample 58	2	1	10	79010	37	0.75
E10	Sample 58	2	1	11	84010	36.96	0.75
E10	Sample 58	2	1	12	89020	36.96	0.75
E10	Sample 58	2	1	13	94010	36.96	0.74
E10	Sample 58	2	1	14	99020	37	0.74
E10	Sample 58	2	1	15	104020	37	0.74
E11	Sample 59	2	1	1	33990	36.91	0.83
E11	Sample 59	2	1	2	39020	36.96	0.83
E11	Sample 59	2	1	3	44020	36.96	0.84
E11	Sample 59	2	1	4	49010	36.96	0.84
E11	Sample 59	2	1	5	54010	37	0.83
E11	Sample 59	2	1	6	59020	36.96	0.83
E11	Sample 59	2	1	7	64010	37	0.84
E11	Sample 59	2	1	8	69010	37	0.84
E11	Sample 59	2	1	9	74010	37	0.83
E11	Sample 59	2	1	10	79010	37	0.83
E11	Sample 59	2	1	11	84010	36.96	0.83
E11	Sample 59	2	1	12	89020	36.96	0.84
E11	Sample 59	2	1	13	94010	36.96	0.83
E11	Sample 59	2	1	14	99020	37	0.83
E11	Sample 59	2	1	15	104020	37	0.83
E12	Sample 60	2	1	1	33990	36.91	0.71
E12	Sample 60	2	1	2	39020	36.96	0.71
E12	Sample 60	2	1	3	44020	36.96	0.71
E12	Sample 60	2	1	4	49010	36.96	0.72
E12	Sample 60	2	1	5	54010	37	0.71
E12	Sample 60	2	1	6	59020	36.96	0.71
E12	Sample 60	2	1	7	64010	37	0.72
E12	Sample 60	2	1	8	69010	37	0.71
E12	Sample 60	2	1	9	74010	37	0.71
E12	Sample 60	2	1	10	79010	37	0.71
E12	Sample 60	2	1	11	84010	36.96	0.71
E12	Sample 60	2	1	12	89020	36.96	0.71
E12	Sample 60	2	1	13	94010	36.96	0.71
E12	Sample 60	2	1	14	99020	37	0.71
E12	Sample 60	2	1	15	104020	37	0.70
F1	Sample 61	2	1	1	33990	36.91	0.63
F1	Sample 61	2	1	2	39020	36.96	0.63
F1	Sample 61	2	1	3	44020	36.96	0.62
F1	Sample 61	2	1	4	49010	36.96	0.63
F1	Sample 61	2	1	5	54010	37	0.63
F1	Sample 61	2	1	6	59020	36.96	0.63
F1	Sample 61	2	1	7	64010	37	0.63
F1	Sample 61	2	1	8	69010	37	0.62
F1	Sample 61	2	1	9	74010	37	0.63
F1	Sample 61	2	1	10	79010	37	0.63
F1	Sample 61	2	1	11	84010	36.96	0.63
F1	Sample 61	2	1	12	89020	36.96	0.63
F1	Sample 61	2	1	13	94010	36.96	0.63
F1	Sample 61	2	1	14	99020	37	0.62
F1	Sample 61	2	1	15	104020	37	0.63
F2	Sample 62	2	1	1	33990	36.91	0.63
F2	Sample 62	2	1	2	39020	36.96	0.63
F2	Sample 62	2	1	3	44020	36.96	0.63
F2	Sample 62	2	1	4	49010	36.96	0.63
F2	Sample 62	2	1	5	54010	37	0.63
F2	Sample 62	2	1	6	59020	36.96	0.63
F2	Sample 62	2	1	7	64010	37	0.63
F2	Sample 62	2	1	8	69010	37	0.63
F2	Sample 62	2	1	9	74010	37	0.63
F2	Sample 62	2	1	10	79010	37	0.63
F2	Sample 62	2	1	11	84010	36.96	0.62
F2	Sample 62	2	1	12	89020	36.96	0.63
F2	Sample 62	2	1	13	94010	36.96	0.62
F2	Sample 62	2	1	14	99020	37	0.62
F2	Sample 62	2	1	15	104020	37	0.63
F3	Sample 63	2	1	1	33990	36.91	1.23
F3	Sample 63	2	1	2	39020	36.96	1.22
F3	Sample 63	2	1	3	44020	36.96	1.23
F3	Sample 63	2	1	4	49010	36.96	1.22
F3	Sample 63	2	1	5	54010	37	1.22
F3	Sample 63	2	1	6	59020	36.96	1.23
F3	Sample 63	2	1	7	64010	37	1.22
F3	Sample 63	2	1	8	69010	37	1.21
F3	Sample 63	2	1	9	74010	37	1.21
F3	Sample 63	2	1	10	79010	37	1.22
F3	Sample 63	2	1	11	84010	36.96	1.21
F3	Sample 63	2	1	12	89020	36.96	1.21
F3	Sample 63	2	1	13	94010	36.96	1.21
F3	Sample 63	2	1	14	99020	37	1.21
F3	Sample 63	2	1	15	104020	37	1.21
F4	Sample 64	2	1	1	33990	36.91	1.21
F4	Sample 64	2	1	2	39020	36.96	1.20
F4	Sample 64	2	1	3	44020	36.96	1.20
F4	Sample 64	2	1	4	49010	36.96	1.20
F4	Sample 64	2	1	5	54010	37	1.20
F4	Sample 64	2	1	6	59020	36.96	1.20
F4	Sample 64	2	1	7	64010	37	1.21
F4	Sample 64	2	1	8	69010	37	1.19
F4	Sample 64	2	1	9	74010	37	1.19
F4	Sample 64	2	1	10	79010	37	1.19
F4	Sample 64	2	1	11	84010	36.96	1.20
F4	Sample 64	2	1	12	89020	36.96	1.20
F4	Sample 64	2	1	13	94010	36.96	1.19
F4	Sample 64	2	1	14	99020	37	1.19
F4	Sample 64	2	1	15	104020	37	1.19
F5	Sample 65	2	1	1	33990	36.91	0.55
F5	Sample 65	2	1	2	39020	36.96	0.54
F5	Sample 65	2	1	3	44020	36.96	0.55
F5	Sample 65	2	1	4	49010	36.96	0.55
F5	Sample 65	2	1	5	54010	37	0.55
F5	Sample 65	2	1	6	59020	36.96	0.55
F5	Sample 65	2	1	7	64010	37	0.55
F5	Sample 65	2	1	8	69010	37	0.54
F5	Sample 65	2	1	9	74010	37	0.55
F5	Sample 65	2	1	10	79010	37	0.54
F5	Sample 65	2	1	11	84010	36.96	0.54
F5	Sample 65	2	1	12	89020	36.96	0.54
F5	Sample 65	2	1	13	94010	36.96	0.55
F5	Sample 65	2	1	14	99020	37	0.55
F5	Sample 65	2	1	15	104020	37	0.54
F6	Sample 66	2	1	1	33990	36.91	1.06
F6	Sample 66	2	1	2	39020	36.96	1.06
F6	Sample 66	2	1	3	44020	36.96	1.06
F6	Sample 66	2	1	4	49010	36.96	1.06
F6	Sample 66	2	1	5	54010	37	1.06
F6	Sample 66	2	1	6	59020	36.96	1.06
F6	Sample 66	2	1	7	64010	37	1.07
F6	Sample 66	2	1	8	69010	37	1.06
F6	Sample 66	2	1	9	74010	37	1.06
F6	Sample 66	2	1	10	79010	37	1.05
F6	Sample 66	2	1	11	84010	36.96	1.06
F6	Sample 66	2	1	12	89020	36.96	1.06
F6	Sample 66	2	1	13	94010	36.96	1.06
F6	Sample 66	2	1	14	99020	37	1.05
F6	Sample 66	2	1	15	104020	37	1.06
F7	Sample 67	2	1	1	33990	36.91	1.35
F7	Sample 67	2	1	2	39020	36.96	1.34
F7	Sample 67	2	1	3	44020	36.96	1.34
F7	Sample 67	2	1	4	49010	36.96	1.34
F7	Sample 67	2	1	5	54010	37	1.34
F7	Sample 67	2	1	6	59020	36.96	1.34
F7	Sample 67	2	1	7	64010	37	1.35
F7	Sample 67	2	1	8	69010	37	1.34
F7	Sample 67	2	1	9	74010	37	1.34
F7	Sample 67	2	1	10	79010	37	1.33
F7	Sample 67	2	1	11	84010	36.96	1.33
F7	Sample 67	2	1	12	89020	36.96	1.33
F7	Sample 67	2	1	13	94010	36.96	1.33
F7	Sample 67	2	1	14	99020	37	1.33
F7	Sample 67	2	1	15	104020	37	1.34
F8	Sample 68	2	1	1	33990	36.91	1.32
F8	Sample 68	2	1	2	39020	36.96	1.31
F8	Sample 68	2	1	3	44020	36.96	1.31
F8	Sample 68	2	1	4	49010	36.96	1.32
F8	Sample 68	2	1	5	54010	37	1.31
F8	Sample 68	2	1	6	59020	36.96	1.31
F8	Sample 68	2	1	7	64010	37	1.31
F8	Sample 68	2	1	8	69010	37	1.31
F8	Sample 68	2	1	9	74010	37	1.31
F8	Sample 68	2	1	10	79010	37	1.31
F8	Sample 68	2	1	11	84010	36.96	1.31
F8	Sample 68	2	1	12	89020	36.96	1.31
F8	Sample 68	2	1	13	94010	36.96	1.30
F8	Sample 68	2	1	14	99020	37	1.30
F8	Sample 68	2	1	15	104020	37	1.31
F9	Sample 69	2	1	1	33990	36.91	0.80
F9	Sample 69	2	1	2	39020	36.96	0.79
F9	Sample 69	2	1	3	44020	36.96	0.80
F9	Sample 69	2	1	4	49010	36.96	0.80
F9	Sample 69	2	1	5	54010	37	0.80
F9	Sample 69	2	1	6	59020	36.96	0.80
F9	Sample 69	2	1	7	64010	37	0.81
F9	Sample 69	2	1	8	69010	37	0.79
F9	Sample 69	2	1	9	74010	37	0.79
F9	Sample 69	2	1	10	79010	37	0.79
F9	Sample 69	2	1	11	84010	36.96	0.79
F9	Sample 69	2	1	12	89020	36.96	0.80
F9	Sample 69	2	1	13	94010	36.96	0.79
F9	Sample 69	2	1	14	99020	37	0.78
F9	Sample 69	2	1	15	104020	37	0.79
F10	Sample 70	2	1	1	33990	36.91	0.76
F10	Sample 70	2	1	2	39020	36.96	0.75
F10	Sample 70	2	1	3	44020	36.96	0.75
F10	Sample 70	2	1	4	49010	36.96	0.75
F10	Sample 70	2	1	5	54010	37	0.76
F10	Sample 70	2	1	6	59020	36.96	0.75
F10	Sample 70	2	1	7	64010	37	0.77
F10	Sample 70	2	1	8	69010	37	0.76
F10	Sample 70	2	1	9	74010	37	0.75
F10	Sample 70	2	1	10	79010	37	0.75
F10	Sample 70	2	1	11	84010	36.96	0.75
F10	Sample 70	2	1	12	89020	36.96	0.75
F10	Sample 70	2	1	13	94010	36.96	0.75
F10	Sample 70	2	1	14	99020	37	0.75
F10	Sample 70	2	1	15	104020	37	0.75
F11	Sample 71	2	1	1	33990	36.91	1.18
F11	Sample 71	2	1	2	39020	36.96	1.18
F11	Sample 71	2	1	3	44020	36.96	1.17
F11	Sample 71	2	1	4	49010	36.96	1.17
F11	Sample 71	2	1	5	54010	37	1.17
F11	Sample 71	2	1	6	59020	36.96	1.18
F11	Sample 71	2	1	7	64010	37	1.19
F11	Sample 71	2	1	8	69010	37	1.17
F11	Sample 71	2	1	9	74010	37	1.17
F11	Sample 71	2	1	10	79010	37	1.17
F11	Sample 71	2	1	11	84010	36.96	1.17
F11	Sample 71	2	1	12	89020	36.96	1.17
F11	Sample 71	2	1	13	94010	36.96	1.18
F11	Sample 71	2	1	14	99020	37	1.17
F11	Sample 71	2	1	15	104020	37	1.17
F12	Sample 72	2	1	1	33990	36.91	1.05
F12	Sample 72	2	1	2	39020	36.96	1.05
F12	Sample 72	2	1	3	44020	36.96	1.05
F12	Sample 72	2	1	4	49010	36.96	1.05
F12	Sample 72	2	1	5	54010	37	1.05
F12	Sample 72	2	1	6	59020	36.96	1.05
F12	Sample 72	2	1	7	64010	37	1.06
F12	Sample 72	2	1	8	69010	37	1.04
F12	Sample 72	2	1	9	74010	37	1.05
F12	Sample 72	2	1	10	79010	37	1.04
F12	Sample 72	2	1	11	84010	36.96	1.04
F12	Sample 72	2	1	12	89020	36.96	1.04
F12	Sample 72	2	1	13	94010	36.96	1.04
F12	Sample 72	2	1	14	99020	37	1.04
F12	Sample 72	2	1	15	104020	37	1.04
G1	Sample 73	2	1	1	33990	36.91	0.97
G1	Sample 73	2	1	2	39020	36.96	0.96
G1	Sample 73	2	1	3	44020	36.96	0.96
G1	Sample 73	2	1	4	49010	36.96	0.96
G1	Sample 73	2	1	5	54010	37	0.96
G1	Sample 73	2	1	6	59020	36.96	0.97
G1	Sample 73	2	1	7	64010	37	0.98
G1	Sample 73	2	1	8	69010	37	0.96
G1	Sample 73	2	1	9	74010	37	0.96
G1	Sample 73	2	1	10	79010	37	0.97
G1	Sample 73	2	1	11	84010	36.96	0.97
G1	Sample 73	2	1	12	89020	36.96	0.97
G1	Sample 73	2	1	13	94010	36.96	0.97
G1	Sample 73	2	1	14	99020	37	0.96
G1	Sample 73	2	1	15	104020	37	0.97
G2	Sample 74	2	1	1	33990	36.91	0.86
G2	Sample 74	2	1	2	39020	36.96	0.85
G2	Sample 74	2	1	3	44020	36.96	0.85
G2	Sample 74	2	1	4	49010	36.96	0.85
G2	Sample 74	2	1	5	54010	37	0.84
G2	Sample 74	2	1	6	59020	36.96	0.85
G2	Sample 74	2	1	7	64010	37	0.85
G2	Sample 74	2	1	8	69010	37	0.84
G2	Sample 74	2	1	9	74010	37	0.85
G2	Sample 74	2	1	10	79010	37	0.85
G2	Sample 74	2	1	11	84010	36.96	0.84
G2	Sample 74	2	1	12	89020	36.96	0.84
G2	Sample 74	2	1	13	94010	36.96	0.85
G2	Sample 74	2	1	14	99020	37	0.84
G2	Sample 74	2	1	15	104020	37	0.84
G3	Sample 75	2	1	1	33990	36.91	1.43
G3	Sample 75	2	1	2	39020	36.96	1.42
G3	Sample 75	2	1	3	44020	36.96	1.41
G3	Sample 75	2	1	4	49010	36.96	1.42
G3	Sample 75	2	1	5	54010	37	1.41
G3	Sample 75	2	1	6	59020	36.96	1.41
G3	Sample 75	2	1	7	64010	37	1.42
G3	Sample 75	2	1	8	69010	37	1.42
G3	Sample 75	2	1	9	74010	37	1.41
G3	Sample 75	2	1	10	79010	37	1.41
G3	Sample 75	2	1	11	84010	36.96	1.41
G3	Sample 75	2	1	12	89020	36.96	1.40
G3	Sample 75	2	1	13	94010	36.96	1.41
G3	Sample 75	2	1	14	99020	37	1.41
G3	Sample 75	2	1	15	104020	37	1.41
G4	Sample 76	2	1	1	33990	36.91	1.41
G4	Sample 76	2	1	2	39020	36.96	1.40
G4	Sample 76	2	1	3	44020	36.96	1.39
G4	Sample 76	2	1	4	49010	36.96	1.39
G4	Sample 76	2	1	5	54010	37	1.39
G4	Sample 76	2	1	6	59020	36.96	1.40
G4	Sample 76	2	1	7	64010	37	1.40
G4	Sample 76	2	1	8	69010	37	1.39
G4	Sample 76	2	1	9	74010	37	1.39
G4	Sample 76	2	1	10	79010	37	1.39
G4	Sample 76	2	1	11	84010	36.96	1.39
G4	Sample 76	2	1	12	89020	36.96	1.39
G4	Sample 76	2	1	13	94010	36.96	1.39
G4	Sample 76	2	1	14	99020	37	1.39
G4	Sample 76	2	1	15	104020	37	1.39
G5	Sample 77	2	1	1	33990	36.91	0.88
G5	Sample 77	2	1	2	39020	36.96	0.87
G5	Sample 77	2	1	3	44020	36.96	0.87
G5	Sample 77	2	1	4	49010	36.96	0.87
G5	Sample 77	2	1	5	54010	37	0.87
G5	Sample 77	2	1	6	59020	36.96	0.86
G5	Sample 77	2	1	7	64010	37	0.87
G5	Sample 77	2	1	8	69010	37	0.86
G5	Sample 77	2	1	9	74010	37	0.87
G5	Sample 77	2	1	10	79010	37	0.87
G5	Sample 77	2	1	11	84010	36.96	0.87
G5	Sample 77	2	1	12	89020	36.96	0.86
G5	Sample 77	2	1	13	94010	36.96	0.86
G5	Sample 77	2	1	14	99020	37	0.86
G5	Sample 77	2	1	15	104020	37	0.86
G6	Sample 78	2	1	1	33990	36.91	1.47
G6	Sample 78	2	1	2	39020	36.96	1.46
G6	Sample 78	2	1	3	44020	36.96	1.46
G6	Sample 78	2	1	4	49010	36.96	1.46
G6	Sample 78	2	1	5	54010	37	1.45
G6	Sample 78	2	1	6	59020	36.96	1.46
G6	Sample 78	2	1	7	64010	37	1.46
G6	Sample 78	2	1	8	69010	37	1.45
G6	Sample 78	2	1	9	74010	37	1.45
G6	Sample 78	2	1	10	79010	37	1.46
G6	Sample 78	2	1	11	84010	36.96	1.45
G6	Sample 78	2	1	12	89020	36.96	1.45
G6	Sample 78	2	1	13	94010	36.96	1.45
G6	Sample 78	2	1	14	99020	37	1.45
G6	Sample 78	2	1	15	104020	37	1.46
G7	Sample 79	2	1	1	33990	36.91	1.49
G7	Sample 79	2	1	2	39020	36.96	1.48
G7	Sample 79	2	1	3	44020	36.96	1.48
G7	Sample 79	2	1	4	49010	36.96	1.49
G7	Sample 79	2	1	5	54010	37	1.48
G7	Sample 79	2	1	6	59020	36.96	1.48
G7	Sample 79	2	1	7	64010	37	1.49
G7	Sample 79	2	1	8	69010	37	1.48
G7	Sample 79	2	1	9	74010	37	1.48
G7	Sample 79	2	1	10	79010	37	1.47
G7	Sample 79	2	1	11	84010	36.96	1.47
G7	Sample 79	2	1	12	89020	36.96	1.47
G7	Sample 79	2	1	13	94010	36.96	1.48
G7	Sample 79	2	1	14	99020	37	1.47
G7	Sample 79	2	1	15	104020	37	1.48
G8	Sample 80	2	1	1	33990	36.91	1.40
G8	Sample 80	2	1	2	39020	36.96	1.39
G8	Sample 80	2	1	3	44020	36.96	1.39
G8	Sample 80	2	1	4	49010	36.96	1.39
G8	Sample 80	2	1	5	54010	37	1.38
G8	Sample 80	2	1	6	59020	36.96	1.39
G8	Sample 80	2	1	7	64010	37	1.39
G8	Sample 80	2	1	8	69010	37	1.38
G8	Sample 80	2	1	9	74010	37	1.39
G8	Sample 80	2	1	10	79010	37	1.39
G8	Sample 80	2	1	11	84010	36.96	1.38
G8	Sample 80	2	1	12	89020	36.96	1.38
G8	Sample 80	2	1	13	94010	36.96	1.38
G8	Sample 80	2	1	14	99020	37	1.39
G8	Sample 80	2	1	15	104020	37	1.39
G9	Sample 81	2	1	1	33990	36.91	1.11
G9	Sample 81	2	1	2	39020	36.96	1.10
G9	Sample 81	2	1	3	44020	36.96	1.10
G9	Sample 81	2	1	4	49010	36.96	1.10
G9	Sample 81	2	1	5	54010	37	1.10
G9	Sample 81	2	1	6	59020	36.96	1.10
G9	Sample 81	2	1	7	64010	37	1.11
G9	Sample 81	2	1	8	69010	37	1.10
G9	Sample 81	2	1	9	74010	37	1.10
G9	Sample 81	2	1	10	79010	37	1.10
G9	Sample 81	2	1	11	84010	36.96	1.10
G9	Sample 81	2	1	12	89020	36.96	1.10
G9	Sample 81	2	1	13	94010	36.96	1.10
G9	Sample 81	2	1	14	99020	37	1.09
G9	Sample 81	2	1	15	104020	37	1.10
G10	Sample 82	2	1	1	33990	36.91	1.07
G10	Sample 82	2	1	2	39020	36.96	1.07
G10	Sample 82	2	1	3	44020	36.96	1.06
G10	Sample 82	2	1	4	49010	36.96	1.06
G10	Sample 82	2	1	5	54010	37	1.06
G10	Sample 82	2	1	6	59020	36.96	1.06
G10	Sample 82	2	1	7	64010	37	1.07
G10	Sample 82	2	1	8	69010	37	1.05
G10	Sample 82	2	1	9	74010	37	1.05
G10	Sample 82	2	1	10	79010	37	1.06
G10	Sample 82	2	1	11	84010	36.96	1.05
G10	Sample 82	2	1	12	89020	36.96	1.05
G10	Sample 82	2	1	13	94010	36.96	1.06
G10	Sample 82	2	1	14	99020	37	1.06
G10	Sample 82	2	1	15	104020	37	1.05
G11	Sample 83	2	1	1	33990	36.91	1.26
G11	Sample 83	2	1	2	39020	36.96	1.26
G11	Sample 83	2	1	3	44020	36.96	1.25
G11	Sample 83	2	1	4	49010	36.96	1.25
G11	Sample 83	2	1	5	54010	37	1.25
G11	Sample 83	2	1	6	59020	36.96	1.25
G11	Sample 83	2	1	7	64010	37	1.26
G11	Sample 83	2	1	8	69010	37	1.25
G11	Sample 83	2	1	9	74010	37	1.24
G11	Sample 83	2	1	10	79010	37	1.25
G11	Sample 83	2	1	11	84010	36.96	1.24
G11	Sample 83	2	1	12	89020	36.96	1.25
G11	Sample 83	2	1	13	94010	36.96	1.25
G11	Sample 83	2	1	14	99020	37	1.25
G11	Sample 83	2	1	15	104020	37	1.25
G12	Sample 84	2	1	1	33990	36.91	1.12
G12	Sample 84	2	1	2	39020	36.96	1.11
G12	Sample 84	2	1	3	44020	36.96	1.10
G12	Sample 84	2	1	4	49010	36.96	1.10
G12	Sample 84	2	1	5	54010	37	1.10
G12	Sample 84	2	1	6	59020	36.96	1.10
G12	Sample 84	2	1	7	64010	37	1.11
G12	Sample 84	2	1	8	69010	37	1.10
G12	Sample 84	2	1	9	74010	37	1.10
G12	Sample 84	2	1	10	79010	37	1.10
G12	Sample 84	2	1	11	84010	36.96	1.10
G12	Sample 84	2	1	12	89020	36.96	1.11
G12	Sample 84	2	1	13	94010	36.96	1.09
G12	Sample 84	2	1	14	99020	37	1.10
G12	Sample 84	2	1	15	104020	37	1.10
H1	Sample 85	2	1	1	33990	36.91	1.26
H1	Sample 85	2	1	2	39020	36.96	1.25
H1	Sample 85	2	1	3	44020	36.96	1.25
H1	Sample 85	2	1	4	49010	36.96	1.26
H1	Sample 85	2	1	5	54010	37	1.26
H1	Sample 85	2	1	6	59020	36.96	1.26
H1	Sample 85	2	1	7	64010	37	1.26
H1	Sample 85	2	1	8	69010	37	1.25
H1	Sample 85	2	1	9	74010	37	1.25
H1	Sample 85	2	1	10	79010	37	1.26
H1	Sample 85	2	1	11	84010	36.96	1.25
H1	Sample 85	2	1	12	89020	36.96	1.25
H1	Sample 85	2	1	13	94010	36.96	1.26
H1	Sample 85	2	1	14	99020	37	1.26
H1	Sample 85	2	1	15	104020	37	1.25
H2	Sample 86	2	1	1	33990	36.91	1.28
H2	Sample 86	2	1	2	39020	36.96	1.28
H2	Sample 86	2	1	3	44020	36.96	1.28
H2	Sample 86	2	1	4	49010	36.96	1.27
H2	Sample 86	2	1	5	54010	37	1.27
H2	Sample 86	2	1	6	59020	36.96	1.27
H2	Sample 86	2	1	7	64010	37	1.27
H2	Sample 86	2	1	8	69010	37	1.27
H2	Sample 86	2	1	9	74010	37	1.27
H2	Sample 86	2	1	10	79010	37	1.26
H2	Sample 86	2	1	11	84010	36.96	1.27
H2	Sample 86	2	1	12	89020	36.96	1.27
H2	Sample 86	2	1	13	94010	36.96	1.27
H2	Sample 86	2	1	14	99020	37	1.27
H2	Sample 86	2	1	15	104020	37	1.27
H3	Sample 87	2	1	1	33990	36.91	1.41
H3	Sample 87	2	1	2	39020	36.96	1.40
H3	Sample 87	2	1	3	44020	36.96	1.41
H3	Sample 87	2	1	4	49010	36.96	1.40
H3	Sample 87	2	1	5	54010	37	1.40
H3	Sample 87	2	1	6	59020	36.96	1.40
H3	Sample 87	2	1	7	64010	37	1.41
H3	Sample 87	2	1	8	69010	37	1.40
H3	Sample 87	2	1	9	74010	37	1.41
H3	Sample 87	2	1	10	79010	37	1.41
H3	Sample 87	2	1	11	84010	36.96	1.41
H3	Sample 87	2	1	12	89020	36.96	1.41
H3	Sample 87	2	1	13	94010	36.96	1.40
H3	Sample 87	2	1	14	99020	37	1.40
H3	Sample 87	2	1	15	104020	37	1.41
H4	Sample 88	2	1	1	33990	36.91	1.40
H4	Sample 88	2	1	2	39020	36.96	1.39
H4	Sample 88	2	1	3	44020	36.96	1.39
H4	Sample 88	2	1	4	49010	36.96	1.39
H4	Sample 88	2	1	5	54010	37	1.39
H4	Sample 88	2	1	6	59020	36.96	1.39
H4	Sample 88	2	1	7	64010	37	1.40
H4	Sample 88	2	1	8	69010	37	1.38
H4	Sample 88	2	1	9	74010	37	1.39
H4	Sample 88	2	1	10	79010	37	1.39
H4	Sample 88	2	1	11	84010	36.96	1.39
H4	Sample 88	2	1	12	89020	36.96	1.39
H4	Sample 88	2	1	13	94010	36.96	1.39
H4	Sample 88	2	1	14	99020	37	1.39
H4	Sample 88	2	1	15	104020	37	1.39
H5	Sample 89	2	1	1	33990	36.91	1.55
H5	Sample 89	2	1	2	39020	36.96	1.55
H5	Sample 89	2	1	3	44020	36.96	1.55
H5	Sample 89	2	1	4	49010	36.96	1.54
H5	Sample 89	2	1	5	54010	37	1.54
H5	Sample 89	2	1	6	59020	36.96	1.54
H5	Sample 89	2	1	7	64010	37	1.54
H5	Sample 89	2	1	8	69010	37	1.55
H5	Sample 89	2	1	9	74010	37	1.54
H5	Sample 89	2	1	10	79010	37	1.55
H5	Sample 89	2	1	11	84010	36.96	1.55
H5	Sample 89	2	1	12	89020	36.96	1.55
H5	Sample 89	2	1	13	94010	36.96	1.55
H5	Sample 89	2	1	14	99020	37	1.55
H5	Sample 89	2	1	15	104020	37	1.55
H6	Sample 90	2	1	1	33990	36.91	1.54
H6	Sample 90	2	1	2	39020	36.96	1.54
H6	Sample 90	2	1	3	44020	36.96	1.54
H6	Sample 90	2	1	4	49010	36.96	1.54
H6	Sample 90	2	1	5	54010	37	1.54
H6	Sample 90	2	1	6	59020	36.96	1.54
H6	Sample 90	2	1	7	64010	37	1.55
H6	Sample 90	2	1	8	69010	37	1.54
H6	Sample 90	2	1	9	74010	37	1.54
H6	Sample 90	2	1	10	79010	37	1.54
H6	Sample 90	2	1	11	84010	36.96	1.54
H6	Sample 90	2	1	12	89020	36.96	1.55
H6	Sample 90	2	1	13	94010	36.96	1.53
H6	Sample 90	2	1	14	99020	37	1.54
H6	Sample 90	2	1	15	104020	37	1.54
H7	Sample 91	2	1	1	33990	36.91	1.52
H7	Sample 91	2	1	2	39020	36.96	1.52
H7	Sample 91	2	1	3	44020	36.96	1.53
H7	Sample 91	2	1	4	49010	36.96	1.53
H7	Sample 91	2	1	5	54010	37	1.52
H7	Sample 91	2	1	6	59020	36.96	1.52
H7	Sample 91	2	1	7	64010	37	1.53
H7	Sample 91	2	1	8	69010	37	1.53
H7	Sample 91	2	1	9	74010	37	1.53
H7	Sample 91	2	1	10	79010	37	1.52
H7	Sample 91	2	1	11	84010	36.96	1.52
H7	Sample 91	2	1	12	89020	36.96	1.52
H7	Sample 91	2	1	13	94010	36.96	1.52
H7	Sample 91	2	1	14	99020	37	1.53
H7	Sample 91	2	1	15	104020	37	1.53
H8	Sample 92	2	1	1	33990	36.91	1.50
H8	Sample 92	2	1	2	39020	36.96	1.50
H8	Sample 92	2	1	3	44020	36.96	1.50
H8	Sample 92	2	1	4	49010	36.96	1.49
H8	Sample 92	2	1	5	54010	37	1.50
H8	Sample 92	2	1	6	59020	36.96	1.50
H8	Sample 92	2	1	7	64010	37	1.51
H8	Sample 92	2	1	8	69010	37	1.50
H8	Sample 92	2	1	9	74010	37	1.50
H8	Sample 92	2	1	10	79010	37	1.51
H8	Sample 92	2	1	11	84010	36.96	1.51
H8	Sample 92	2	1	12	89020	36.96	1.51
H8	Sample 92	2	1	13	94010	36.96	1.51
H8	Sample 92	2	1	14	99020	37	1.50
H8	Sample 92	2	1	15	104020	37	1.51
H9	Sample 93	2	1	1	33990	36.91	1.36
H9	Sample 93	2	1	2	39020	36.96	1.35
H9	Sample 93	2	1	3	44020	36.96	1.36
H9	Sample 93	2	1	4	49010	36.96	1.36
H9	Sample 93	2	1	5	54010	37	1.35
H9	Sample 93	2	1	6	59020	36.96	1.35
H9	Sample 93	2	1	7	64010	37	1.36
H9	Sample 93	2	1	8	69010	37	1.35
H9	Sample 93	2	1	9	74010	37	1.35
H9	Sample 93	2	1	10	79010	37	1.35
H9	Sample 93	2	1	11	84010	36.96	1.35
H9	Sample 93	2	1	12	89020	36.96	1.36
H9	Sample 93	2	1	13	94010	36.96	1.35
H9	Sample 93	2	1	14	99020	37	1.36
H9	Sample 93	2	1	15	104020	37	1.35
H10	Sample 94	2	1	1	33990	36.91	1.29
H10	Sample 94	2	1	2	39020	36.96	1.28
H10	Sample 94	2	1	3	44020	36.96	1.29
H10	Sample 94	2	1	4	49010	36.96	1.28
H10	Sample 94	2	1	5	54010	37	1.28
H10	Sample 94	2	1	6	59020	36.96	1.28
H10	Sample 94	2	1	7	64010	37	1.29
H10	Sample 94	2	1	8	69010	37	1.28
H10	Sample 94	2	1	9	74010	37	1.28
H10	Sample 94	2	1	10	79010	37	1.28
H10	Sample 94	2	1	11	84010	36.96	1.28
H10	Sample 94	2	1	12	89020	36.96	1.29
H10	Sample 94	2	1	13	94010	36.96	1.28
H10	Sample 94	2	1	14	99020	37	1.28
H10	Sample 94	2	1	15	104020	37	1.28
H11	Sample 95	2	1	1	33990	36.91	1.26
H11	Sample 95	2	1	2	39020	36.96	1.25
H11	Sample 95	2	1	3	44020	36.96	1.25
H11	Sample 95	2	1	4	49010	36.96	1.25
H11	Sample 95	2	1	5	54010	37	1.24
H11	Sample 95	2	1	6	59020	36.96	1.25
H11	Sample 95	2	1	7	64010	37	1.25
H11	Sample 95	2	1	8	69010	37	1.24
H11	Sample 95	2	1	9	74010	37	1.24
H11	Sample 95	2	1	10	79010	37	1.24
H11	Sample 95	2	1	11	84010	36.96	1.24
H11	Sample 95	2	1	12	89020	36.96	1.25
H11	Sample 95	2	1	13	94010	36.96	1.24
H11	Sample 95	2	1	14	99020	37	1.24
H11	Sample 95	2	1	15	104020	37	1.24
H12	Sample 96	2	1	1	33990	36.91	1.12
H12	Sample 96	2	1	2	39020	36.96	1.12
H12	Sample 96	2	1	3	44020	36.96	1.12
H12	Sample 96	2	1	4	49010	36.96	1.12
H12	Sample 96	2	1	5	54010	37	1.11
H12	Sample 96	2	1	6	59020	36.96	1.11
H12	Sample 96	2	1	7	64010	37	1.11
H12	Sample 96	2	1	8	69010	37	1.11
H12	Sample 96	2	1	9	74010	37	1.11
H12	Sample 96	2	1	10	79010	37	1.11
H12	Sample 96	2	1	11	84010	36.96	1.11
H12	Sample 96	2	1	12	89020	36.96	1.11
H12	Sample 96	2	1	13	94010	36.96	1.11
H12	Sample 96	2	1	14	99020	37	1.11
H12	Sample 96	2	1	15	104020	37	1.11
