Raw Data 		Experiment - evIC50_6_plate1_17APRIL2026 (Run on LCS480 1.5.1.62)
SamplePos	SampleName	Prog#	Seg#	Cycle#	Time	Temp	465-510	
A1	Sample 1	2	1	1	35270	36.86	0.96
A1	Sample 1	2	1	2	40290	36.91	0.95
A1	Sample 1	2	1	3	45290	36.91	0.97
A1	Sample 1	2	1	4	50300	36.96	0.96
A1	Sample 1	2	1	5	55280	36.96	0.96
A1	Sample 1	2	1	6	60290	36.96	0.96
A1	Sample 1	2	1	7	65290	36.96	0.96
A1	Sample 1	2	1	8	70300	36.96	0.96
A1	Sample 1	2	1	9	75290	36.96	0.96
A1	Sample 1	2	1	10	80290	36.96	0.96
A1	Sample 1	2	1	11	85290	36.96	0.97
A1	Sample 1	2	1	12	90290	37	0.96
A1	Sample 1	2	1	13	95290	36.96	0.96
A1	Sample 1	2	1	14	100290	36.96	0.96
A1	Sample 1	2	1	15	105290	36.96	0.96
A2	Sample 2	2	1	1	35270	36.86	1.01
A2	Sample 2	2	1	2	40290	36.91	1.01
A2	Sample 2	2	1	3	45290	36.91	1.02
A2	Sample 2	2	1	4	50300	36.96	1.01
A2	Sample 2	2	1	5	55280	36.96	1.00
A2	Sample 2	2	1	6	60290	36.96	1.01
A2	Sample 2	2	1	7	65290	36.96	1.01
A2	Sample 2	2	1	8	70300	36.96	1.01
A2	Sample 2	2	1	9	75290	36.96	1.01
A2	Sample 2	2	1	10	80290	36.96	1.02
A2	Sample 2	2	1	11	85290	36.96	1.01
A2	Sample 2	2	1	12	90290	37	1.01
A2	Sample 2	2	1	13	95290	36.96	1.01
A2	Sample 2	2	1	14	100290	36.96	1.01
A2	Sample 2	2	1	15	105290	36.96	1.01
A3	Sample 3	2	1	1	35270	36.86	1.12
A3	Sample 3	2	1	2	40290	36.91	1.12
A3	Sample 3	2	1	3	45290	36.91	1.13
A3	Sample 3	2	1	4	50300	36.96	1.13
A3	Sample 3	2	1	5	55280	36.96	1.11
A3	Sample 3	2	1	6	60290	36.96	1.12
A3	Sample 3	2	1	7	65290	36.96	1.12
A3	Sample 3	2	1	8	70300	36.96	1.13
A3	Sample 3	2	1	9	75290	36.96	1.13
A3	Sample 3	2	1	10	80290	36.96	1.13
A3	Sample 3	2	1	11	85290	36.96	1.12
A3	Sample 3	2	1	12	90290	37	1.12
A3	Sample 3	2	1	13	95290	36.96	1.13
A3	Sample 3	2	1	14	100290	36.96	1.12
A3	Sample 3	2	1	15	105290	36.96	1.12
A4	Sample 4	2	1	1	35270	36.86	1.03
A4	Sample 4	2	1	2	40290	36.91	1.03
A4	Sample 4	2	1	3	45290	36.91	1.05
A4	Sample 4	2	1	4	50300	36.96	1.04
A4	Sample 4	2	1	5	55280	36.96	1.03
A4	Sample 4	2	1	6	60290	36.96	1.04
A4	Sample 4	2	1	7	65290	36.96	1.03
A4	Sample 4	2	1	8	70300	36.96	1.03
A4	Sample 4	2	1	9	75290	36.96	1.03
A4	Sample 4	2	1	10	80290	36.96	1.03
A4	Sample 4	2	1	11	85290	36.96	1.03
A4	Sample 4	2	1	12	90290	37	1.03
A4	Sample 4	2	1	13	95290	36.96	1.03
A4	Sample 4	2	1	14	100290	36.96	1.03
A4	Sample 4	2	1	15	105290	36.96	1.03
A5	Sample 5	2	1	1	35270	36.86	1.47
A5	Sample 5	2	1	2	40290	36.91	1.48
A5	Sample 5	2	1	3	45290	36.91	1.48
A5	Sample 5	2	1	4	50300	36.96	1.47
A5	Sample 5	2	1	5	55280	36.96	1.47
A5	Sample 5	2	1	6	60290	36.96	1.46
A5	Sample 5	2	1	7	65290	36.96	1.47
A5	Sample 5	2	1	8	70300	36.96	1.46
A5	Sample 5	2	1	9	75290	36.96	1.47
A5	Sample 5	2	1	10	80290	36.96	1.47
A5	Sample 5	2	1	11	85290	36.96	1.47
A5	Sample 5	2	1	12	90290	37	1.47
A5	Sample 5	2	1	13	95290	36.96	1.47
A5	Sample 5	2	1	14	100290	36.96	1.48
A5	Sample 5	2	1	15	105290	36.96	1.47
A6	Sample 6	2	1	1	35270	36.86	1.46
A6	Sample 6	2	1	2	40290	36.91	1.45
A6	Sample 6	2	1	3	45290	36.91	1.46
A6	Sample 6	2	1	4	50300	36.96	1.45
A6	Sample 6	2	1	5	55280	36.96	1.44
A6	Sample 6	2	1	6	60290	36.96	1.46
A6	Sample 6	2	1	7	65290	36.96	1.46
A6	Sample 6	2	1	8	70300	36.96	1.45
A6	Sample 6	2	1	9	75290	36.96	1.46
A6	Sample 6	2	1	10	80290	36.96	1.45
A6	Sample 6	2	1	11	85290	36.96	1.46
A6	Sample 6	2	1	12	90290	37	1.46
A6	Sample 6	2	1	13	95290	36.96	1.45
A6	Sample 6	2	1	14	100290	36.96	1.45
A6	Sample 6	2	1	15	105290	36.96	1.45
A7	Sample 7	2	1	1	35270	36.86	1.47
A7	Sample 7	2	1	2	40290	36.91	1.47
A7	Sample 7	2	1	3	45290	36.91	1.48
A7	Sample 7	2	1	4	50300	36.96	1.47
A7	Sample 7	2	1	5	55280	36.96	1.46
A7	Sample 7	2	1	6	60290	36.96	1.47
A7	Sample 7	2	1	7	65290	36.96	1.47
A7	Sample 7	2	1	8	70300	36.96	1.47
A7	Sample 7	2	1	9	75290	36.96	1.47
A7	Sample 7	2	1	10	80290	36.96	1.47
A7	Sample 7	2	1	11	85290	36.96	1.47
A7	Sample 7	2	1	12	90290	37	1.46
A7	Sample 7	2	1	13	95290	36.96	1.46
A7	Sample 7	2	1	14	100290	36.96	1.46
A7	Sample 7	2	1	15	105290	36.96	1.46
A8	Sample 8	2	1	1	35270	36.86	1.44
A8	Sample 8	2	1	2	40290	36.91	1.44
A8	Sample 8	2	1	3	45290	36.91	1.44
A8	Sample 8	2	1	4	50300	36.96	1.44
A8	Sample 8	2	1	5	55280	36.96	1.43
A8	Sample 8	2	1	6	60290	36.96	1.44
A8	Sample 8	2	1	7	65290	36.96	1.43
A8	Sample 8	2	1	8	70300	36.96	1.44
A8	Sample 8	2	1	9	75290	36.96	1.43
A8	Sample 8	2	1	10	80290	36.96	1.44
A8	Sample 8	2	1	11	85290	36.96	1.44
A8	Sample 8	2	1	12	90290	37	1.44
A8	Sample 8	2	1	13	95290	36.96	1.44
A8	Sample 8	2	1	14	100290	36.96	1.43
A8	Sample 8	2	1	15	105290	36.96	1.43
A9	Sample 9	2	1	1	35270	36.86	0.86
A9	Sample 9	2	1	2	40290	36.91	0.87
A9	Sample 9	2	1	3	45290	36.91	0.87
A9	Sample 9	2	1	4	50300	36.96	0.87
A9	Sample 9	2	1	5	55280	36.96	0.86
A9	Sample 9	2	1	6	60290	36.96	0.86
A9	Sample 9	2	1	7	65290	36.96	0.87
A9	Sample 9	2	1	8	70300	36.96	0.86
A9	Sample 9	2	1	9	75290	36.96	0.87
A9	Sample 9	2	1	10	80290	36.96	0.87
A9	Sample 9	2	1	11	85290	36.96	0.86
A9	Sample 9	2	1	12	90290	37	0.86
A9	Sample 9	2	1	13	95290	36.96	0.87
A9	Sample 9	2	1	14	100290	36.96	0.86
A9	Sample 9	2	1	15	105290	36.96	0.87
A10	Sample 10	2	1	1	35270	36.86	0.83
A10	Sample 10	2	1	2	40290	36.91	0.82
A10	Sample 10	2	1	3	45290	36.91	0.84
A10	Sample 10	2	1	4	50300	36.96	0.84
A10	Sample 10	2	1	5	55280	36.96	0.83
A10	Sample 10	2	1	6	60290	36.96	0.84
A10	Sample 10	2	1	7	65290	36.96	0.83
A10	Sample 10	2	1	8	70300	36.96	0.83
A10	Sample 10	2	1	9	75290	36.96	0.84
A10	Sample 10	2	1	10	80290	36.96	0.83
A10	Sample 10	2	1	11	85290	36.96	0.84
A10	Sample 10	2	1	12	90290	37	0.83
A10	Sample 10	2	1	13	95290	36.96	0.83
A10	Sample 10	2	1	14	100290	36.96	0.83
A10	Sample 10	2	1	15	105290	36.96	0.83
A11	Sample 11	2	1	1	35270	36.86	0.84
A11	Sample 11	2	1	2	40290	36.91	0.84
A11	Sample 11	2	1	3	45290	36.91	0.85
A11	Sample 11	2	1	4	50300	36.96	0.84
A11	Sample 11	2	1	5	55280	36.96	0.84
A11	Sample 11	2	1	6	60290	36.96	0.84
A11	Sample 11	2	1	7	65290	36.96	0.84
A11	Sample 11	2	1	8	70300	36.96	0.85
A11	Sample 11	2	1	9	75290	36.96	0.85
A11	Sample 11	2	1	10	80290	36.96	0.84
A11	Sample 11	2	1	11	85290	36.96	0.84
A11	Sample 11	2	1	12	90290	37	0.84
A11	Sample 11	2	1	13	95290	36.96	0.84
A11	Sample 11	2	1	14	100290	36.96	0.84
A11	Sample 11	2	1	15	105290	36.96	0.84
A12	Sample 12	2	1	1	35270	36.86	0.72
A12	Sample 12	2	1	2	40290	36.91	0.72
A12	Sample 12	2	1	3	45290	36.91	0.73
A12	Sample 12	2	1	4	50300	36.96	0.72
A12	Sample 12	2	1	5	55280	36.96	0.72
A12	Sample 12	2	1	6	60290	36.96	0.73
A12	Sample 12	2	1	7	65290	36.96	0.73
A12	Sample 12	2	1	8	70300	36.96	0.73
A12	Sample 12	2	1	9	75290	36.96	0.73
A12	Sample 12	2	1	10	80290	36.96	0.73
A12	Sample 12	2	1	11	85290	36.96	0.74
A12	Sample 12	2	1	12	90290	37	0.73
A12	Sample 12	2	1	13	95290	36.96	0.73
A12	Sample 12	2	1	14	100290	36.96	0.73
A12	Sample 12	2	1	15	105290	36.96	0.73
B1	Sample 13	2	1	1	35270	36.86	0.87
B1	Sample 13	2	1	2	40290	36.91	0.87
B1	Sample 13	2	1	3	45290	36.91	0.88
B1	Sample 13	2	1	4	50300	36.96	0.88
B1	Sample 13	2	1	5	55280	36.96	0.87
B1	Sample 13	2	1	6	60290	36.96	0.87
B1	Sample 13	2	1	7	65290	36.96	0.87
B1	Sample 13	2	1	8	70300	36.96	0.87
B1	Sample 13	2	1	9	75290	36.96	0.87
B1	Sample 13	2	1	10	80290	36.96	0.87
B1	Sample 13	2	1	11	85290	36.96	0.88
B1	Sample 13	2	1	12	90290	37	0.87
B1	Sample 13	2	1	13	95290	36.96	0.86
B1	Sample 13	2	1	14	100290	36.96	0.87
B1	Sample 13	2	1	15	105290	36.96	0.87
B2	Sample 14	2	1	1	35270	36.86	0.93
B2	Sample 14	2	1	2	40290	36.91	0.93
B2	Sample 14	2	1	3	45290	36.91	0.93
B2	Sample 14	2	1	4	50300	36.96	0.93
B2	Sample 14	2	1	5	55280	36.96	0.93
B2	Sample 14	2	1	6	60290	36.96	0.93
B2	Sample 14	2	1	7	65290	36.96	0.93
B2	Sample 14	2	1	8	70300	36.96	0.92
B2	Sample 14	2	1	9	75290	36.96	0.92
B2	Sample 14	2	1	10	80290	36.96	0.93
B2	Sample 14	2	1	11	85290	36.96	0.93
B2	Sample 14	2	1	12	90290	37	0.93
B2	Sample 14	2	1	13	95290	36.96	0.92
B2	Sample 14	2	1	14	100290	36.96	0.92
B2	Sample 14	2	1	15	105290	36.96	0.93
B3	Sample 15	2	1	1	35270	36.86	1.00
B3	Sample 15	2	1	2	40290	36.91	1.00
B3	Sample 15	2	1	3	45290	36.91	1.00
B3	Sample 15	2	1	4	50300	36.96	1.00
B3	Sample 15	2	1	5	55280	36.96	1.00
B3	Sample 15	2	1	6	60290	36.96	1.00
B3	Sample 15	2	1	7	65290	36.96	0.99
B3	Sample 15	2	1	8	70300	36.96	0.99
B3	Sample 15	2	1	9	75290	36.96	1.00
B3	Sample 15	2	1	10	80290	36.96	0.99
B3	Sample 15	2	1	11	85290	36.96	1.00
B3	Sample 15	2	1	12	90290	37	1.00
B3	Sample 15	2	1	13	95290	36.96	1.00
B3	Sample 15	2	1	14	100290	36.96	1.00
B3	Sample 15	2	1	15	105290	36.96	1.00
B4	Sample 16	2	1	1	35270	36.86	1.00
B4	Sample 16	2	1	2	40290	36.91	0.99
B4	Sample 16	2	1	3	45290	36.91	1.00
B4	Sample 16	2	1	4	50300	36.96	1.00
B4	Sample 16	2	1	5	55280	36.96	0.99
B4	Sample 16	2	1	6	60290	36.96	0.99
B4	Sample 16	2	1	7	65290	36.96	0.99
B4	Sample 16	2	1	8	70300	36.96	0.99
B4	Sample 16	2	1	9	75290	36.96	0.99
B4	Sample 16	2	1	10	80290	36.96	0.99
B4	Sample 16	2	1	11	85290	36.96	0.99
B4	Sample 16	2	1	12	90290	37	0.99
B4	Sample 16	2	1	13	95290	36.96	0.99
B4	Sample 16	2	1	14	100290	36.96	0.99
B4	Sample 16	2	1	15	105290	36.96	1.00
B5	Sample 17	2	1	1	35270	36.86	1.18
B5	Sample 17	2	1	2	40290	36.91	1.18
B5	Sample 17	2	1	3	45290	36.91	1.18
B5	Sample 17	2	1	4	50300	36.96	1.18
B5	Sample 17	2	1	5	55280	36.96	1.17
B5	Sample 17	2	1	6	60290	36.96	1.18
B5	Sample 17	2	1	7	65290	36.96	1.18
B5	Sample 17	2	1	8	70300	36.96	1.17
B5	Sample 17	2	1	9	75290	36.96	1.17
B5	Sample 17	2	1	10	80290	36.96	1.17
B5	Sample 17	2	1	11	85290	36.96	1.18
B5	Sample 17	2	1	12	90290	37	1.17
B5	Sample 17	2	1	13	95290	36.96	1.17
B5	Sample 17	2	1	14	100290	36.96	1.17
B5	Sample 17	2	1	15	105290	36.96	1.17
B6	Sample 18	2	1	1	35270	36.86	1.44
B6	Sample 18	2	1	2	40290	36.91	1.44
B6	Sample 18	2	1	3	45290	36.91	1.44
B6	Sample 18	2	1	4	50300	36.96	1.44
B6	Sample 18	2	1	5	55280	36.96	1.44
B6	Sample 18	2	1	6	60290	36.96	1.44
B6	Sample 18	2	1	7	65290	36.96	1.44
B6	Sample 18	2	1	8	70300	36.96	1.43
B6	Sample 18	2	1	9	75290	36.96	1.43
B6	Sample 18	2	1	10	80290	36.96	1.44
B6	Sample 18	2	1	11	85290	36.96	1.44
B6	Sample 18	2	1	12	90290	37	1.44
B6	Sample 18	2	1	13	95290	36.96	1.44
B6	Sample 18	2	1	14	100290	36.96	1.43
B6	Sample 18	2	1	15	105290	36.96	1.44
B7	Sample 19	2	1	1	35270	36.86	1.48
B7	Sample 19	2	1	2	40290	36.91	1.46
B7	Sample 19	2	1	3	45290	36.91	1.47
B7	Sample 19	2	1	4	50300	36.96	1.47
B7	Sample 19	2	1	5	55280	36.96	1.47
B7	Sample 19	2	1	6	60290	36.96	1.46
B7	Sample 19	2	1	7	65290	36.96	1.46
B7	Sample 19	2	1	8	70300	36.96	1.45
B7	Sample 19	2	1	9	75290	36.96	1.46
B7	Sample 19	2	1	10	80290	36.96	1.46
B7	Sample 19	2	1	11	85290	36.96	1.47
B7	Sample 19	2	1	12	90290	37	1.46
B7	Sample 19	2	1	13	95290	36.96	1.46
B7	Sample 19	2	1	14	100290	36.96	1.46
B7	Sample 19	2	1	15	105290	36.96	1.46
B8	Sample 20	2	1	1	35270	36.86	1.43
B8	Sample 20	2	1	2	40290	36.91	1.42
B8	Sample 20	2	1	3	45290	36.91	1.42
B8	Sample 20	2	1	4	50300	36.96	1.42
B8	Sample 20	2	1	5	55280	36.96	1.42
B8	Sample 20	2	1	6	60290	36.96	1.41
B8	Sample 20	2	1	7	65290	36.96	1.40
B8	Sample 20	2	1	8	70300	36.96	1.40
B8	Sample 20	2	1	9	75290	36.96	1.40
B8	Sample 20	2	1	10	80290	36.96	1.40
B8	Sample 20	2	1	11	85290	36.96	1.41
B8	Sample 20	2	1	12	90290	37	1.40
B8	Sample 20	2	1	13	95290	36.96	1.40
B8	Sample 20	2	1	14	100290	36.96	1.40
B8	Sample 20	2	1	15	105290	36.96	1.41
B9	Sample 21	2	1	1	35270	36.86	0.82
B9	Sample 21	2	1	2	40290	36.91	0.81
B9	Sample 21	2	1	3	45290	36.91	0.81
B9	Sample 21	2	1	4	50300	36.96	0.81
B9	Sample 21	2	1	5	55280	36.96	0.81
B9	Sample 21	2	1	6	60290	36.96	0.81
B9	Sample 21	2	1	7	65290	36.96	0.81
B9	Sample 21	2	1	8	70300	36.96	0.80
B9	Sample 21	2	1	9	75290	36.96	0.81
B9	Sample 21	2	1	10	80290	36.96	0.81
B9	Sample 21	2	1	11	85290	36.96	0.82
B9	Sample 21	2	1	12	90290	37	0.81
B9	Sample 21	2	1	13	95290	36.96	0.81
B9	Sample 21	2	1	14	100290	36.96	0.81
B9	Sample 21	2	1	15	105290	36.96	0.81
B10	Sample 22	2	1	1	35270	36.86	0.77
B10	Sample 22	2	1	2	40290	36.91	0.76
B10	Sample 22	2	1	3	45290	36.91	0.76
B10	Sample 22	2	1	4	50300	36.96	0.77
B10	Sample 22	2	1	5	55280	36.96	0.76
B10	Sample 22	2	1	6	60290	36.96	0.76
B10	Sample 22	2	1	7	65290	36.96	0.76
B10	Sample 22	2	1	8	70300	36.96	0.76
B10	Sample 22	2	1	9	75290	36.96	0.76
B10	Sample 22	2	1	10	80290	36.96	0.76
B10	Sample 22	2	1	11	85290	36.96	0.77
B10	Sample 22	2	1	12	90290	37	0.76
B10	Sample 22	2	1	13	95290	36.96	0.76
B10	Sample 22	2	1	14	100290	36.96	0.76
B10	Sample 22	2	1	15	105290	36.96	0.76
B11	Sample 23	2	1	1	35270	36.86	0.83
B11	Sample 23	2	1	2	40290	36.91	0.82
B11	Sample 23	2	1	3	45290	36.91	0.83
B11	Sample 23	2	1	4	50300	36.96	0.83
B11	Sample 23	2	1	5	55280	36.96	0.83
B11	Sample 23	2	1	6	60290	36.96	0.83
B11	Sample 23	2	1	7	65290	36.96	0.83
B11	Sample 23	2	1	8	70300	36.96	0.83
B11	Sample 23	2	1	9	75290	36.96	0.83
B11	Sample 23	2	1	10	80290	36.96	0.83
B11	Sample 23	2	1	11	85290	36.96	0.83
B11	Sample 23	2	1	12	90290	37	0.83
B11	Sample 23	2	1	13	95290	36.96	0.82
B11	Sample 23	2	1	14	100290	36.96	0.83
B11	Sample 23	2	1	15	105290	36.96	0.83
B12	Sample 24	2	1	1	35270	36.86	0.73
B12	Sample 24	2	1	2	40290	36.91	0.73
B12	Sample 24	2	1	3	45290	36.91	0.74
B12	Sample 24	2	1	4	50300	36.96	0.74
B12	Sample 24	2	1	5	55280	36.96	0.73
B12	Sample 24	2	1	6	60290	36.96	0.73
B12	Sample 24	2	1	7	65290	36.96	0.73
B12	Sample 24	2	1	8	70300	36.96	0.73
B12	Sample 24	2	1	9	75290	36.96	0.74
B12	Sample 24	2	1	10	80290	36.96	0.73
B12	Sample 24	2	1	11	85290	36.96	0.73
B12	Sample 24	2	1	12	90290	37	0.73
B12	Sample 24	2	1	13	95290	36.96	0.74
B12	Sample 24	2	1	14	100290	36.96	0.74
B12	Sample 24	2	1	15	105290	36.96	0.74
C1	Sample 25	2	1	1	35270	36.86	0.89
C1	Sample 25	2	1	2	40290	36.91	0.88
C1	Sample 25	2	1	3	45290	36.91	0.89
C1	Sample 25	2	1	4	50300	36.96	0.89
C1	Sample 25	2	1	5	55280	36.96	0.89
C1	Sample 25	2	1	6	60290	36.96	0.88
C1	Sample 25	2	1	7	65290	36.96	0.89
C1	Sample 25	2	1	8	70300	36.96	0.89
C1	Sample 25	2	1	9	75290	36.96	0.88
C1	Sample 25	2	1	10	80290	36.96	0.89
C1	Sample 25	2	1	11	85290	36.96	0.88
C1	Sample 25	2	1	12	90290	37	0.88
C1	Sample 25	2	1	13	95290	36.96	0.89
C1	Sample 25	2	1	14	100290	36.96	0.89
C1	Sample 25	2	1	15	105290	36.96	0.89
C2	Sample 26	2	1	1	35270	36.86	1.01
C2	Sample 26	2	1	2	40290	36.91	1.01
C2	Sample 26	2	1	3	45290	36.91	1.02
C2	Sample 26	2	1	4	50300	36.96	1.02
C2	Sample 26	2	1	5	55280	36.96	1.01
C2	Sample 26	2	1	6	60290	36.96	1.01
C2	Sample 26	2	1	7	65290	36.96	1.01
C2	Sample 26	2	1	8	70300	36.96	1.01
C2	Sample 26	2	1	9	75290	36.96	1.00
C2	Sample 26	2	1	10	80290	36.96	1.01
C2	Sample 26	2	1	11	85290	36.96	1.01
C2	Sample 26	2	1	12	90290	37	1.01
C2	Sample 26	2	1	13	95290	36.96	1.01
C2	Sample 26	2	1	14	100290	36.96	1.00
C2	Sample 26	2	1	15	105290	36.96	1.01
C3	Sample 27	2	1	1	35270	36.86	1.01
C3	Sample 27	2	1	2	40290	36.91	1.01
C3	Sample 27	2	1	3	45290	36.91	1.01
C3	Sample 27	2	1	4	50300	36.96	1.01
C3	Sample 27	2	1	5	55280	36.96	1.01
C3	Sample 27	2	1	6	60290	36.96	1.01
C3	Sample 27	2	1	7	65290	36.96	1.00
C3	Sample 27	2	1	8	70300	36.96	1.00
C3	Sample 27	2	1	9	75290	36.96	1.00
C3	Sample 27	2	1	10	80290	36.96	1.00
C3	Sample 27	2	1	11	85290	36.96	1.00
C3	Sample 27	2	1	12	90290	37	1.00
C3	Sample 27	2	1	13	95290	36.96	1.00
C3	Sample 27	2	1	14	100290	36.96	1.00
C3	Sample 27	2	1	15	105290	36.96	1.00
C4	Sample 28	2	1	1	35270	36.86	0.96
C4	Sample 28	2	1	2	40290	36.91	0.96
C4	Sample 28	2	1	3	45290	36.91	0.97
C4	Sample 28	2	1	4	50300	36.96	0.97
C4	Sample 28	2	1	5	55280	36.96	0.96
C4	Sample 28	2	1	6	60290	36.96	0.97
C4	Sample 28	2	1	7	65290	36.96	0.97
C4	Sample 28	2	1	8	70300	36.96	0.96
C4	Sample 28	2	1	9	75290	36.96	0.96
C4	Sample 28	2	1	10	80290	36.96	0.97
C4	Sample 28	2	1	11	85290	36.96	0.97
C4	Sample 28	2	1	12	90290	37	0.96
C4	Sample 28	2	1	13	95290	36.96	0.96
C4	Sample 28	2	1	14	100290	36.96	0.96
C4	Sample 28	2	1	15	105290	36.96	0.96
C5	Sample 29	2	1	1	35270	36.86	1.19
C5	Sample 29	2	1	2	40290	36.91	1.19
C5	Sample 29	2	1	3	45290	36.91	1.19
C5	Sample 29	2	1	4	50300	36.96	1.20
C5	Sample 29	2	1	5	55280	36.96	1.19
C5	Sample 29	2	1	6	60290	36.96	1.19
C5	Sample 29	2	1	7	65290	36.96	1.19
C5	Sample 29	2	1	8	70300	36.96	1.20
C5	Sample 29	2	1	9	75290	36.96	1.19
C5	Sample 29	2	1	10	80290	36.96	1.19
C5	Sample 29	2	1	11	85290	36.96	1.19
C5	Sample 29	2	1	12	90290	37	1.18
C5	Sample 29	2	1	13	95290	36.96	1.18
C5	Sample 29	2	1	14	100290	36.96	1.17
C5	Sample 29	2	1	15	105290	36.96	1.19
C6	Sample 30	2	1	1	35270	36.86	1.46
C6	Sample 30	2	1	2	40290	36.91	1.46
C6	Sample 30	2	1	3	45290	36.91	1.46
C6	Sample 30	2	1	4	50300	36.96	1.46
C6	Sample 30	2	1	5	55280	36.96	1.45
C6	Sample 30	2	1	6	60290	36.96	1.45
C6	Sample 30	2	1	7	65290	36.96	1.45
C6	Sample 30	2	1	8	70300	36.96	1.45
C6	Sample 30	2	1	9	75290	36.96	1.45
C6	Sample 30	2	1	10	80290	36.96	1.45
C6	Sample 30	2	1	11	85290	36.96	1.46
C6	Sample 30	2	1	12	90290	37	1.45
C6	Sample 30	2	1	13	95290	36.96	1.45
C6	Sample 30	2	1	14	100290	36.96	1.45
C6	Sample 30	2	1	15	105290	36.96	1.45
C7	Sample 31	2	1	1	35270	36.86	1.45
C7	Sample 31	2	1	2	40290	36.91	1.44
C7	Sample 31	2	1	3	45290	36.91	1.45
C7	Sample 31	2	1	4	50300	36.96	1.45
C7	Sample 31	2	1	5	55280	36.96	1.44
C7	Sample 31	2	1	6	60290	36.96	1.44
C7	Sample 31	2	1	7	65290	36.96	1.44
C7	Sample 31	2	1	8	70300	36.96	1.43
C7	Sample 31	2	1	9	75290	36.96	1.43
C7	Sample 31	2	1	10	80290	36.96	1.44
C7	Sample 31	2	1	11	85290	36.96	1.44
C7	Sample 31	2	1	12	90290	37	1.43
C7	Sample 31	2	1	13	95290	36.96	1.43
C7	Sample 31	2	1	14	100290	36.96	1.43
C7	Sample 31	2	1	15	105290	36.96	1.43
C8	Sample 32	2	1	1	35270	36.86	1.38
C8	Sample 32	2	1	2	40290	36.91	1.37
C8	Sample 32	2	1	3	45290	36.91	1.37
C8	Sample 32	2	1	4	50300	36.96	1.38
C8	Sample 32	2	1	5	55280	36.96	1.37
C8	Sample 32	2	1	6	60290	36.96	1.37
C8	Sample 32	2	1	7	65290	36.96	1.37
C8	Sample 32	2	1	8	70300	36.96	1.36
C8	Sample 32	2	1	9	75290	36.96	1.37
C8	Sample 32	2	1	10	80290	36.96	1.37
C8	Sample 32	2	1	11	85290	36.96	1.37
C8	Sample 32	2	1	12	90290	37	1.36
C8	Sample 32	2	1	13	95290	36.96	1.37
C8	Sample 32	2	1	14	100290	36.96	1.37
C8	Sample 32	2	1	15	105290	36.96	1.37
C9	Sample 33	2	1	1	35270	36.86	0.82
C9	Sample 33	2	1	2	40290	36.91	0.82
C9	Sample 33	2	1	3	45290	36.91	0.83
C9	Sample 33	2	1	4	50300	36.96	0.83
C9	Sample 33	2	1	5	55280	36.96	0.82
C9	Sample 33	2	1	6	60290	36.96	0.82
C9	Sample 33	2	1	7	65290	36.96	0.82
C9	Sample 33	2	1	8	70300	36.96	0.82
C9	Sample 33	2	1	9	75290	36.96	0.82
C9	Sample 33	2	1	10	80290	36.96	0.82
C9	Sample 33	2	1	11	85290	36.96	0.82
C9	Sample 33	2	1	12	90290	37	0.81
C9	Sample 33	2	1	13	95290	36.96	0.81
C9	Sample 33	2	1	14	100290	36.96	0.81
C9	Sample 33	2	1	15	105290	36.96	0.82
C10	Sample 34	2	1	1	35270	36.86	0.75
C10	Sample 34	2	1	2	40290	36.91	0.75
C10	Sample 34	2	1	3	45290	36.91	0.75
C10	Sample 34	2	1	4	50300	36.96	0.75
C10	Sample 34	2	1	5	55280	36.96	0.74
C10	Sample 34	2	1	6	60290	36.96	0.75
C10	Sample 34	2	1	7	65290	36.96	0.74
C10	Sample 34	2	1	8	70300	36.96	0.74
C10	Sample 34	2	1	9	75290	36.96	0.74
C10	Sample 34	2	1	10	80290	36.96	0.75
C10	Sample 34	2	1	11	85290	36.96	0.74
C10	Sample 34	2	1	12	90290	37	0.73
C10	Sample 34	2	1	13	95290	36.96	0.74
C10	Sample 34	2	1	14	100290	36.96	0.74
C10	Sample 34	2	1	15	105290	36.96	0.74
C11	Sample 35	2	1	1	35270	36.86	0.81
C11	Sample 35	2	1	2	40290	36.91	0.82
C11	Sample 35	2	1	3	45290	36.91	0.82
C11	Sample 35	2	1	4	50300	36.96	0.82
C11	Sample 35	2	1	5	55280	36.96	0.81
C11	Sample 35	2	1	6	60290	36.96	0.82
C11	Sample 35	2	1	7	65290	36.96	0.81
C11	Sample 35	2	1	8	70300	36.96	0.81
C11	Sample 35	2	1	9	75290	36.96	0.81
C11	Sample 35	2	1	10	80290	36.96	0.81
C11	Sample 35	2	1	11	85290	36.96	0.81
C11	Sample 35	2	1	12	90290	37	0.81
C11	Sample 35	2	1	13	95290	36.96	0.81
C11	Sample 35	2	1	14	100290	36.96	0.81
C11	Sample 35	2	1	15	105290	36.96	0.81
C12	Sample 36	2	1	1	35270	36.86	0.77
C12	Sample 36	2	1	2	40290	36.91	0.77
C12	Sample 36	2	1	3	45290	36.91	0.78
C12	Sample 36	2	1	4	50300	36.96	0.78
C12	Sample 36	2	1	5	55280	36.96	0.77
C12	Sample 36	2	1	6	60290	36.96	0.77
C12	Sample 36	2	1	7	65290	36.96	0.77
C12	Sample 36	2	1	8	70300	36.96	0.76
C12	Sample 36	2	1	9	75290	36.96	0.77
C12	Sample 36	2	1	10	80290	36.96	0.77
C12	Sample 36	2	1	11	85290	36.96	0.77
C12	Sample 36	2	1	12	90290	37	0.77
C12	Sample 36	2	1	13	95290	36.96	0.77
C12	Sample 36	2	1	14	100290	36.96	0.76
C12	Sample 36	2	1	15	105290	36.96	0.77
D1	Sample 37	2	1	1	35270	36.86	1.01
D1	Sample 37	2	1	2	40290	36.91	1.01
D1	Sample 37	2	1	3	45290	36.91	1.00
D1	Sample 37	2	1	4	50300	36.96	1.01
D1	Sample 37	2	1	5	55280	36.96	0.99
D1	Sample 37	2	1	6	60290	36.96	1.00
D1	Sample 37	2	1	7	65290	36.96	1.01
D1	Sample 37	2	1	8	70300	36.96	1.01
D1	Sample 37	2	1	9	75290	36.96	1.00
D1	Sample 37	2	1	10	80290	36.96	1.01
D1	Sample 37	2	1	11	85290	36.96	1.01
D1	Sample 37	2	1	12	90290	37	1.01
D1	Sample 37	2	1	13	95290	36.96	1.01
D1	Sample 37	2	1	14	100290	36.96	1.00
D1	Sample 37	2	1	15	105290	36.96	1.00
D2	Sample 38	2	1	1	35270	36.86	1.06
D2	Sample 38	2	1	2	40290	36.91	1.06
D2	Sample 38	2	1	3	45290	36.91	1.05
D2	Sample 38	2	1	4	50300	36.96	1.06
D2	Sample 38	2	1	5	55280	36.96	1.05
D2	Sample 38	2	1	6	60290	36.96	1.05
D2	Sample 38	2	1	7	65290	36.96	1.04
D2	Sample 38	2	1	8	70300	36.96	1.05
D2	Sample 38	2	1	9	75290	36.96	1.05
D2	Sample 38	2	1	10	80290	36.96	1.05
D2	Sample 38	2	1	11	85290	36.96	1.05
D2	Sample 38	2	1	12	90290	37	1.05
D2	Sample 38	2	1	13	95290	36.96	1.05
D2	Sample 38	2	1	14	100290	36.96	1.05
D2	Sample 38	2	1	15	105290	36.96	1.06
D3	Sample 39	2	1	1	35270	36.86	1.00
D3	Sample 39	2	1	2	40290	36.91	1.00
D3	Sample 39	2	1	3	45290	36.91	1.00
D3	Sample 39	2	1	4	50300	36.96	1.00
D3	Sample 39	2	1	5	55280	36.96	0.98
D3	Sample 39	2	1	6	60290	36.96	0.99
D3	Sample 39	2	1	7	65290	36.96	0.98
D3	Sample 39	2	1	8	70300	36.96	0.98
D3	Sample 39	2	1	9	75290	36.96	0.99
D3	Sample 39	2	1	10	80290	36.96	0.98
D3	Sample 39	2	1	11	85290	36.96	1.00
D3	Sample 39	2	1	12	90290	37	0.99
D3	Sample 39	2	1	13	95290	36.96	0.98
D3	Sample 39	2	1	14	100290	36.96	0.99
D3	Sample 39	2	1	15	105290	36.96	0.99
D4	Sample 40	2	1	1	35270	36.86	0.96
D4	Sample 40	2	1	2	40290	36.91	0.96
D4	Sample 40	2	1	3	45290	36.91	0.96
D4	Sample 40	2	1	4	50300	36.96	0.97
D4	Sample 40	2	1	5	55280	36.96	0.96
D4	Sample 40	2	1	6	60290	36.96	0.96
D4	Sample 40	2	1	7	65290	36.96	0.95
D4	Sample 40	2	1	8	70300	36.96	0.95
D4	Sample 40	2	1	9	75290	36.96	0.96
D4	Sample 40	2	1	10	80290	36.96	0.96
D4	Sample 40	2	1	11	85290	36.96	0.96
D4	Sample 40	2	1	12	90290	37	0.96
D4	Sample 40	2	1	13	95290	36.96	0.96
D4	Sample 40	2	1	14	100290	36.96	0.96
D4	Sample 40	2	1	15	105290	36.96	0.96
D5	Sample 41	2	1	1	35270	36.86	1.38
D5	Sample 41	2	1	2	40290	36.91	1.38
D5	Sample 41	2	1	3	45290	36.91	1.39
D5	Sample 41	2	1	4	50300	36.96	1.39
D5	Sample 41	2	1	5	55280	36.96	1.37
D5	Sample 41	2	1	6	60290	36.96	1.38
D5	Sample 41	2	1	7	65290	36.96	1.38
D5	Sample 41	2	1	8	70300	36.96	1.38
D5	Sample 41	2	1	9	75290	36.96	1.37
D5	Sample 41	2	1	10	80290	36.96	1.38
D5	Sample 41	2	1	11	85290	36.96	1.38
D5	Sample 41	2	1	12	90290	37	1.38
D5	Sample 41	2	1	13	95290	36.96	1.38
D5	Sample 41	2	1	14	100290	36.96	1.38
D5	Sample 41	2	1	15	105290	36.96	1.38
D6	Sample 42	2	1	1	35270	36.86	1.43
D6	Sample 42	2	1	2	40290	36.91	1.44
D6	Sample 42	2	1	3	45290	36.91	1.43
D6	Sample 42	2	1	4	50300	36.96	1.44
D6	Sample 42	2	1	5	55280	36.96	1.43
D6	Sample 42	2	1	6	60290	36.96	1.42
D6	Sample 42	2	1	7	65290	36.96	1.43
D6	Sample 42	2	1	8	70300	36.96	1.43
D6	Sample 42	2	1	9	75290	36.96	1.43
D6	Sample 42	2	1	10	80290	36.96	1.43
D6	Sample 42	2	1	11	85290	36.96	1.43
D6	Sample 42	2	1	12	90290	37	1.43
D6	Sample 42	2	1	13	95290	36.96	1.43
D6	Sample 42	2	1	14	100290	36.96	1.42
D6	Sample 42	2	1	15	105290	36.96	1.43
D7	Sample 43	2	1	1	35270	36.86	1.44
D7	Sample 43	2	1	2	40290	36.91	1.44
D7	Sample 43	2	1	3	45290	36.91	1.43
D7	Sample 43	2	1	4	50300	36.96	1.45
D7	Sample 43	2	1	5	55280	36.96	1.43
D7	Sample 43	2	1	6	60290	36.96	1.44
D7	Sample 43	2	1	7	65290	36.96	1.43
D7	Sample 43	2	1	8	70300	36.96	1.43
D7	Sample 43	2	1	9	75290	36.96	1.43
D7	Sample 43	2	1	10	80290	36.96	1.43
D7	Sample 43	2	1	11	85290	36.96	1.43
D7	Sample 43	2	1	12	90290	37	1.43
D7	Sample 43	2	1	13	95290	36.96	1.43
D7	Sample 43	2	1	14	100290	36.96	1.43
D7	Sample 43	2	1	15	105290	36.96	1.42
D8	Sample 44	2	1	1	35270	36.86	1.36
D8	Sample 44	2	1	2	40290	36.91	1.36
D8	Sample 44	2	1	3	45290	36.91	1.35
D8	Sample 44	2	1	4	50300	36.96	1.36
D8	Sample 44	2	1	5	55280	36.96	1.35
D8	Sample 44	2	1	6	60290	36.96	1.33
D8	Sample 44	2	1	7	65290	36.96	1.33
D8	Sample 44	2	1	8	70300	36.96	1.34
D8	Sample 44	2	1	9	75290	36.96	1.33
D8	Sample 44	2	1	10	80290	36.96	1.33
D8	Sample 44	2	1	11	85290	36.96	1.33
D8	Sample 44	2	1	12	90290	37	1.33
D8	Sample 44	2	1	13	95290	36.96	1.33
D8	Sample 44	2	1	14	100290	36.96	1.34
D8	Sample 44	2	1	15	105290	36.96	1.33
D9	Sample 45	2	1	1	35270	36.86	0.80
D9	Sample 45	2	1	2	40290	36.91	0.79
D9	Sample 45	2	1	3	45290	36.91	0.80
D9	Sample 45	2	1	4	50300	36.96	0.79
D9	Sample 45	2	1	5	55280	36.96	0.79
D9	Sample 45	2	1	6	60290	36.96	0.79
D9	Sample 45	2	1	7	65290	36.96	0.79
D9	Sample 45	2	1	8	70300	36.96	0.79
D9	Sample 45	2	1	9	75290	36.96	0.79
D9	Sample 45	2	1	10	80290	36.96	0.80
D9	Sample 45	2	1	11	85290	36.96	0.79
D9	Sample 45	2	1	12	90290	37	0.79
D9	Sample 45	2	1	13	95290	36.96	0.80
D9	Sample 45	2	1	14	100290	36.96	0.79
D9	Sample 45	2	1	15	105290	36.96	0.79
D10	Sample 46	2	1	1	35270	36.86	0.78
D10	Sample 46	2	1	2	40290	36.91	0.77
D10	Sample 46	2	1	3	45290	36.91	0.77
D10	Sample 46	2	1	4	50300	36.96	0.78
D10	Sample 46	2	1	5	55280	36.96	0.76
D10	Sample 46	2	1	6	60290	36.96	0.76
D10	Sample 46	2	1	7	65290	36.96	0.76
D10	Sample 46	2	1	8	70300	36.96	0.77
D10	Sample 46	2	1	9	75290	36.96	0.77
D10	Sample 46	2	1	10	80290	36.96	0.77
D10	Sample 46	2	1	11	85290	36.96	0.77
D10	Sample 46	2	1	12	90290	37	0.76
D10	Sample 46	2	1	13	95290	36.96	0.77
D10	Sample 46	2	1	14	100290	36.96	0.76
D10	Sample 46	2	1	15	105290	36.96	0.76
D11	Sample 47	2	1	1	35270	36.86	0.78
D11	Sample 47	2	1	2	40290	36.91	0.78
D11	Sample 47	2	1	3	45290	36.91	0.77
D11	Sample 47	2	1	4	50300	36.96	0.79
D11	Sample 47	2	1	5	55280	36.96	0.77
D11	Sample 47	2	1	6	60290	36.96	0.78
D11	Sample 47	2	1	7	65290	36.96	0.78
D11	Sample 47	2	1	8	70300	36.96	0.78
D11	Sample 47	2	1	9	75290	36.96	0.77
D11	Sample 47	2	1	10	80290	36.96	0.77
D11	Sample 47	2	1	11	85290	36.96	0.77
D11	Sample 47	2	1	12	90290	37	0.76
D11	Sample 47	2	1	13	95290	36.96	0.77
D11	Sample 47	2	1	14	100290	36.96	0.77
D11	Sample 47	2	1	15	105290	36.96	0.77
D12	Sample 48	2	1	1	35270	36.86	0.75
D12	Sample 48	2	1	2	40290	36.91	0.73
D12	Sample 48	2	1	3	45290	36.91	0.73
D12	Sample 48	2	1	4	50300	36.96	0.73
D12	Sample 48	2	1	5	55280	36.96	0.73
D12	Sample 48	2	1	6	60290	36.96	0.73
D12	Sample 48	2	1	7	65290	36.96	0.72
D12	Sample 48	2	1	8	70300	36.96	0.73
D12	Sample 48	2	1	9	75290	36.96	0.72
D12	Sample 48	2	1	10	80290	36.96	0.73
D12	Sample 48	2	1	11	85290	36.96	0.73
D12	Sample 48	2	1	12	90290	37	0.72
D12	Sample 48	2	1	13	95290	36.96	0.72
D12	Sample 48	2	1	14	100290	36.96	0.73
D12	Sample 48	2	1	15	105290	36.96	0.73
E1	Sample 49	2	1	1	35270	36.86	1.13
E1	Sample 49	2	1	2	40290	36.91	1.13
E1	Sample 49	2	1	3	45290	36.91	1.14
E1	Sample 49	2	1	4	50300	36.96	1.14
E1	Sample 49	2	1	5	55280	36.96	1.13
E1	Sample 49	2	1	6	60290	36.96	1.13
E1	Sample 49	2	1	7	65290	36.96	1.13
E1	Sample 49	2	1	8	70300	36.96	1.13
E1	Sample 49	2	1	9	75290	36.96	1.14
E1	Sample 49	2	1	10	80290	36.96	1.13
E1	Sample 49	2	1	11	85290	36.96	1.13
E1	Sample 49	2	1	12	90290	37	1.13
E1	Sample 49	2	1	13	95290	36.96	1.13
E1	Sample 49	2	1	14	100290	36.96	1.13
E1	Sample 49	2	1	15	105290	36.96	1.14
E2	Sample 50	2	1	1	35270	36.86	1.15
E2	Sample 50	2	1	2	40290	36.91	1.16
E2	Sample 50	2	1	3	45290	36.91	1.16
E2	Sample 50	2	1	4	50300	36.96	1.16
E2	Sample 50	2	1	5	55280	36.96	1.16
E2	Sample 50	2	1	6	60290	36.96	1.16
E2	Sample 50	2	1	7	65290	36.96	1.16
E2	Sample 50	2	1	8	70300	36.96	1.16
E2	Sample 50	2	1	9	75290	36.96	1.15
E2	Sample 50	2	1	10	80290	36.96	1.16
E2	Sample 50	2	1	11	85290	36.96	1.16
E2	Sample 50	2	1	12	90290	37	1.16
E2	Sample 50	2	1	13	95290	36.96	1.15
E2	Sample 50	2	1	14	100290	36.96	1.15
E2	Sample 50	2	1	15	105290	36.96	1.16
E3	Sample 51	2	1	1	35270	36.86	1.00
E3	Sample 51	2	1	2	40290	36.91	1.01
E3	Sample 51	2	1	3	45290	36.91	1.01
E3	Sample 51	2	1	4	50300	36.96	1.01
E3	Sample 51	2	1	5	55280	36.96	1.00
E3	Sample 51	2	1	6	60290	36.96	1.00
E3	Sample 51	2	1	7	65290	36.96	1.00
E3	Sample 51	2	1	8	70300	36.96	1.00
E3	Sample 51	2	1	9	75290	36.96	0.99
E3	Sample 51	2	1	10	80290	36.96	1.00
E3	Sample 51	2	1	11	85290	36.96	1.00
E3	Sample 51	2	1	12	90290	37	0.99
E3	Sample 51	2	1	13	95290	36.96	0.99
E3	Sample 51	2	1	14	100290	36.96	0.99
E3	Sample 51	2	1	15	105290	36.96	1.00
E4	Sample 52	2	1	1	35270	36.86	1.01
E4	Sample 52	2	1	2	40290	36.91	1.02
E4	Sample 52	2	1	3	45290	36.91	1.02
E4	Sample 52	2	1	4	50300	36.96	1.02
E4	Sample 52	2	1	5	55280	36.96	1.01
E4	Sample 52	2	1	6	60290	36.96	1.01
E4	Sample 52	2	1	7	65290	36.96	1.01
E4	Sample 52	2	1	8	70300	36.96	1.01
E4	Sample 52	2	1	9	75290	36.96	1.01
E4	Sample 52	2	1	10	80290	36.96	1.01
E4	Sample 52	2	1	11	85290	36.96	1.01
E4	Sample 52	2	1	12	90290	37	1.00
E4	Sample 52	2	1	13	95290	36.96	1.01
E4	Sample 52	2	1	14	100290	36.96	1.01
E4	Sample 52	2	1	15	105290	36.96	1.01
E5	Sample 53	2	1	1	35270	36.86	1.44
E5	Sample 53	2	1	2	40290	36.91	1.43
E5	Sample 53	2	1	3	45290	36.91	1.43
E5	Sample 53	2	1	4	50300	36.96	1.43
E5	Sample 53	2	1	5	55280	36.96	1.42
E5	Sample 53	2	1	6	60290	36.96	1.43
E5	Sample 53	2	1	7	65290	36.96	1.42
E5	Sample 53	2	1	8	70300	36.96	1.42
E5	Sample 53	2	1	9	75290	36.96	1.42
E5	Sample 53	2	1	10	80290	36.96	1.43
E5	Sample 53	2	1	11	85290	36.96	1.42
E5	Sample 53	2	1	12	90290	37	1.42
E5	Sample 53	2	1	13	95290	36.96	1.43
E5	Sample 53	2	1	14	100290	36.96	1.42
E5	Sample 53	2	1	15	105290	36.96	1.43
E6	Sample 54	2	1	1	35270	36.86	1.43
E6	Sample 54	2	1	2	40290	36.91	1.44
E6	Sample 54	2	1	3	45290	36.91	1.43
E6	Sample 54	2	1	4	50300	36.96	1.43
E6	Sample 54	2	1	5	55280	36.96	1.43
E6	Sample 54	2	1	6	60290	36.96	1.43
E6	Sample 54	2	1	7	65290	36.96	1.42
E6	Sample 54	2	1	8	70300	36.96	1.42
E6	Sample 54	2	1	9	75290	36.96	1.42
E6	Sample 54	2	1	10	80290	36.96	1.42
E6	Sample 54	2	1	11	85290	36.96	1.43
E6	Sample 54	2	1	12	90290	37	1.42
E6	Sample 54	2	1	13	95290	36.96	1.43
E6	Sample 54	2	1	14	100290	36.96	1.43
E6	Sample 54	2	1	15	105290	36.96	1.43
E7	Sample 55	2	1	1	35270	36.86	1.33
E7	Sample 55	2	1	2	40290	36.91	1.34
E7	Sample 55	2	1	3	45290	36.91	1.33
E7	Sample 55	2	1	4	50300	36.96	1.34
E7	Sample 55	2	1	5	55280	36.96	1.33
E7	Sample 55	2	1	6	60290	36.96	1.33
E7	Sample 55	2	1	7	65290	36.96	1.32
E7	Sample 55	2	1	8	70300	36.96	1.33
E7	Sample 55	2	1	9	75290	36.96	1.34
E7	Sample 55	2	1	10	80290	36.96	1.33
E7	Sample 55	2	1	11	85290	36.96	1.34
E7	Sample 55	2	1	12	90290	37	1.32
E7	Sample 55	2	1	13	95290	36.96	1.33
E7	Sample 55	2	1	14	100290	36.96	1.33
E7	Sample 55	2	1	15	105290	36.96	1.33
E8	Sample 56	2	1	1	35270	36.86	1.32
E8	Sample 56	2	1	2	40290	36.91	1.31
E8	Sample 56	2	1	3	45290	36.91	1.31
E8	Sample 56	2	1	4	50300	36.96	1.30
E8	Sample 56	2	1	5	55280	36.96	1.30
E8	Sample 56	2	1	6	60290	36.96	1.31
E8	Sample 56	2	1	7	65290	36.96	1.30
E8	Sample 56	2	1	8	70300	36.96	1.30
E8	Sample 56	2	1	9	75290	36.96	1.30
E8	Sample 56	2	1	10	80290	36.96	1.30
E8	Sample 56	2	1	11	85290	36.96	1.30
E8	Sample 56	2	1	12	90290	37	1.30
E8	Sample 56	2	1	13	95290	36.96	1.30
E8	Sample 56	2	1	14	100290	36.96	1.29
E8	Sample 56	2	1	15	105290	36.96	1.29
E9	Sample 57	2	1	1	35270	36.86	0.77
E9	Sample 57	2	1	2	40290	36.91	0.77
E9	Sample 57	2	1	3	45290	36.91	0.77
E9	Sample 57	2	1	4	50300	36.96	0.77
E9	Sample 57	2	1	5	55280	36.96	0.77
E9	Sample 57	2	1	6	60290	36.96	0.77
E9	Sample 57	2	1	7	65290	36.96	0.77
E9	Sample 57	2	1	8	70300	36.96	0.76
E9	Sample 57	2	1	9	75290	36.96	0.77
E9	Sample 57	2	1	10	80290	36.96	0.76
E9	Sample 57	2	1	11	85290	36.96	0.76
E9	Sample 57	2	1	12	90290	37	0.76
E9	Sample 57	2	1	13	95290	36.96	0.76
E9	Sample 57	2	1	14	100290	36.96	0.76
E9	Sample 57	2	1	15	105290	36.96	0.76
E10	Sample 58	2	1	1	35270	36.86	0.78
E10	Sample 58	2	1	2	40290	36.91	0.79
E10	Sample 58	2	1	3	45290	36.91	0.79
E10	Sample 58	2	1	4	50300	36.96	0.79
E10	Sample 58	2	1	5	55280	36.96	0.79
E10	Sample 58	2	1	6	60290	36.96	0.78
E10	Sample 58	2	1	7	65290	36.96	0.78
E10	Sample 58	2	1	8	70300	36.96	0.78
E10	Sample 58	2	1	9	75290	36.96	0.78
E10	Sample 58	2	1	10	80290	36.96	0.78
E10	Sample 58	2	1	11	85290	36.96	0.79
E10	Sample 58	2	1	12	90290	37	0.78
E10	Sample 58	2	1	13	95290	36.96	0.78
E10	Sample 58	2	1	14	100290	36.96	0.77
E10	Sample 58	2	1	15	105290	36.96	0.78
E11	Sample 59	2	1	1	35270	36.86	0.79
E11	Sample 59	2	1	2	40290	36.91	0.79
E11	Sample 59	2	1	3	45290	36.91	0.79
E11	Sample 59	2	1	4	50300	36.96	0.80
E11	Sample 59	2	1	5	55280	36.96	0.78
E11	Sample 59	2	1	6	60290	36.96	0.79
E11	Sample 59	2	1	7	65290	36.96	0.79
E11	Sample 59	2	1	8	70300	36.96	0.79
E11	Sample 59	2	1	9	75290	36.96	0.78
E11	Sample 59	2	1	10	80290	36.96	0.79
E11	Sample 59	2	1	11	85290	36.96	0.80
E11	Sample 59	2	1	12	90290	37	0.78
E11	Sample 59	2	1	13	95290	36.96	0.78
E11	Sample 59	2	1	14	100290	36.96	0.78
E11	Sample 59	2	1	15	105290	36.96	0.79
E12	Sample 60	2	1	1	35270	36.86	0.74
E12	Sample 60	2	1	2	40290	36.91	0.74
E12	Sample 60	2	1	3	45290	36.91	0.74
E12	Sample 60	2	1	4	50300	36.96	0.74
E12	Sample 60	2	1	5	55280	36.96	0.73
E12	Sample 60	2	1	6	60290	36.96	0.74
E12	Sample 60	2	1	7	65290	36.96	0.74
E12	Sample 60	2	1	8	70300	36.96	0.74
E12	Sample 60	2	1	9	75290	36.96	0.74
E12	Sample 60	2	1	10	80290	36.96	0.73
E12	Sample 60	2	1	11	85290	36.96	0.74
E12	Sample 60	2	1	12	90290	37	0.73
E12	Sample 60	2	1	13	95290	36.96	0.73
E12	Sample 60	2	1	14	100290	36.96	0.73
E12	Sample 60	2	1	15	105290	36.96	0.74
F1	Sample 61	2	1	1	35270	36.86	1.19
F1	Sample 61	2	1	2	40290	36.91	1.18
F1	Sample 61	2	1	3	45290	36.91	1.20
F1	Sample 61	2	1	4	50300	36.96	1.19
F1	Sample 61	2	1	5	55280	36.96	1.18
F1	Sample 61	2	1	6	60290	36.96	1.18
F1	Sample 61	2	1	7	65290	36.96	1.18
F1	Sample 61	2	1	8	70300	36.96	1.18
F1	Sample 61	2	1	9	75290	36.96	1.19
F1	Sample 61	2	1	10	80290	36.96	1.18
F1	Sample 61	2	1	11	85290	36.96	1.18
F1	Sample 61	2	1	12	90290	37	1.18
F1	Sample 61	2	1	13	95290	36.96	1.18
F1	Sample 61	2	1	14	100290	36.96	1.18
F1	Sample 61	2	1	15	105290	36.96	1.18
F2	Sample 62	2	1	1	35270	36.86	1.29
F2	Sample 62	2	1	2	40290	36.91	1.29
F2	Sample 62	2	1	3	45290	36.91	1.30
F2	Sample 62	2	1	4	50300	36.96	1.29
F2	Sample 62	2	1	5	55280	36.96	1.28
F2	Sample 62	2	1	6	60290	36.96	1.28
F2	Sample 62	2	1	7	65290	36.96	1.28
F2	Sample 62	2	1	8	70300	36.96	1.28
F2	Sample 62	2	1	9	75290	36.96	1.28
F2	Sample 62	2	1	10	80290	36.96	1.29
F2	Sample 62	2	1	11	85290	36.96	1.28
F2	Sample 62	2	1	12	90290	37	1.27
F2	Sample 62	2	1	13	95290	36.96	1.28
F2	Sample 62	2	1	14	100290	36.96	1.28
F2	Sample 62	2	1	15	105290	36.96	1.28
F3	Sample 63	2	1	1	35270	36.86	1.25
F3	Sample 63	2	1	2	40290	36.91	1.25
F3	Sample 63	2	1	3	45290	36.91	1.25
F3	Sample 63	2	1	4	50300	36.96	1.24
F3	Sample 63	2	1	5	55280	36.96	1.24
F3	Sample 63	2	1	6	60290	36.96	1.24
F3	Sample 63	2	1	7	65290	36.96	1.24
F3	Sample 63	2	1	8	70300	36.96	1.25
F3	Sample 63	2	1	9	75290	36.96	1.24
F3	Sample 63	2	1	10	80290	36.96	1.25
F3	Sample 63	2	1	11	85290	36.96	1.25
F3	Sample 63	2	1	12	90290	37	1.24
F3	Sample 63	2	1	13	95290	36.96	1.24
F3	Sample 63	2	1	14	100290	36.96	1.25
F3	Sample 63	2	1	15	105290	36.96	1.23
F4	Sample 64	2	1	1	35270	36.86	1.22
F4	Sample 64	2	1	2	40290	36.91	1.22
F4	Sample 64	2	1	3	45290	36.91	1.22
F4	Sample 64	2	1	4	50300	36.96	1.21
F4	Sample 64	2	1	5	55280	36.96	1.21
F4	Sample 64	2	1	6	60290	36.96	1.21
F4	Sample 64	2	1	7	65290	36.96	1.20
F4	Sample 64	2	1	8	70300	36.96	1.20
F4	Sample 64	2	1	9	75290	36.96	1.21
F4	Sample 64	2	1	10	80290	36.96	1.20
F4	Sample 64	2	1	11	85290	36.96	1.20
F4	Sample 64	2	1	12	90290	37	1.20
F4	Sample 64	2	1	13	95290	36.96	1.20
F4	Sample 64	2	1	14	100290	36.96	1.20
F4	Sample 64	2	1	15	105290	36.96	1.19
F5	Sample 65	2	1	1	35270	36.86	1.32
F5	Sample 65	2	1	2	40290	36.91	1.32
F5	Sample 65	2	1	3	45290	36.91	1.32
F5	Sample 65	2	1	4	50300	36.96	1.32
F5	Sample 65	2	1	5	55280	36.96	1.32
F5	Sample 65	2	1	6	60290	36.96	1.32
F5	Sample 65	2	1	7	65290	36.96	1.32
F5	Sample 65	2	1	8	70300	36.96	1.32
F5	Sample 65	2	1	9	75290	36.96	1.32
F5	Sample 65	2	1	10	80290	36.96	1.33
F5	Sample 65	2	1	11	85290	36.96	1.31
F5	Sample 65	2	1	12	90290	37	1.31
F5	Sample 65	2	1	13	95290	36.96	1.32
F5	Sample 65	2	1	14	100290	36.96	1.33
F5	Sample 65	2	1	15	105290	36.96	1.32
F6	Sample 66	2	1	1	35270	36.86	1.32
F6	Sample 66	2	1	2	40290	36.91	1.32
F6	Sample 66	2	1	3	45290	36.91	1.32
F6	Sample 66	2	1	4	50300	36.96	1.31
F6	Sample 66	2	1	5	55280	36.96	1.31
F6	Sample 66	2	1	6	60290	36.96	1.31
F6	Sample 66	2	1	7	65290	36.96	1.31
F6	Sample 66	2	1	8	70300	36.96	1.31
F6	Sample 66	2	1	9	75290	36.96	1.31
F6	Sample 66	2	1	10	80290	36.96	1.31
F6	Sample 66	2	1	11	85290	36.96	1.30
F6	Sample 66	2	1	12	90290	37	1.30
F6	Sample 66	2	1	13	95290	36.96	1.31
F6	Sample 66	2	1	14	100290	36.96	1.31
F6	Sample 66	2	1	15	105290	36.96	1.31
F7	Sample 67	2	1	1	35270	36.86	1.34
F7	Sample 67	2	1	2	40290	36.91	1.34
F7	Sample 67	2	1	3	45290	36.91	1.34
F7	Sample 67	2	1	4	50300	36.96	1.34
F7	Sample 67	2	1	5	55280	36.96	1.34
F7	Sample 67	2	1	6	60290	36.96	1.33
F7	Sample 67	2	1	7	65290	36.96	1.33
F7	Sample 67	2	1	8	70300	36.96	1.33
F7	Sample 67	2	1	9	75290	36.96	1.33
F7	Sample 67	2	1	10	80290	36.96	1.34
F7	Sample 67	2	1	11	85290	36.96	1.34
F7	Sample 67	2	1	12	90290	37	1.33
F7	Sample 67	2	1	13	95290	36.96	1.33
F7	Sample 67	2	1	14	100290	36.96	1.33
F7	Sample 67	2	1	15	105290	36.96	1.33
F8	Sample 68	2	1	1	35270	36.86	1.36
F8	Sample 68	2	1	2	40290	36.91	1.37
F8	Sample 68	2	1	3	45290	36.91	1.37
F8	Sample 68	2	1	4	50300	36.96	1.37
F8	Sample 68	2	1	5	55280	36.96	1.36
F8	Sample 68	2	1	6	60290	36.96	1.35
F8	Sample 68	2	1	7	65290	36.96	1.35
F8	Sample 68	2	1	8	70300	36.96	1.35
F8	Sample 68	2	1	9	75290	36.96	1.35
F8	Sample 68	2	1	10	80290	36.96	1.36
F8	Sample 68	2	1	11	85290	36.96	1.36
F8	Sample 68	2	1	12	90290	37	1.35
F8	Sample 68	2	1	13	95290	36.96	1.35
F8	Sample 68	2	1	14	100290	36.96	1.36
F8	Sample 68	2	1	15	105290	36.96	1.35
F9	Sample 69	2	1	1	35270	36.86	0.76
F9	Sample 69	2	1	2	40290	36.91	0.77
F9	Sample 69	2	1	3	45290	36.91	0.77
F9	Sample 69	2	1	4	50300	36.96	0.77
F9	Sample 69	2	1	5	55280	36.96	0.76
F9	Sample 69	2	1	6	60290	36.96	0.75
F9	Sample 69	2	1	7	65290	36.96	0.75
F9	Sample 69	2	1	8	70300	36.96	0.75
F9	Sample 69	2	1	9	75290	36.96	0.76
F9	Sample 69	2	1	10	80290	36.96	0.76
F9	Sample 69	2	1	11	85290	36.96	0.76
F9	Sample 69	2	1	12	90290	37	0.76
F9	Sample 69	2	1	13	95290	36.96	0.76
F9	Sample 69	2	1	14	100290	36.96	0.76
F9	Sample 69	2	1	15	105290	36.96	0.76
F10	Sample 70	2	1	1	35270	36.86	0.76
F10	Sample 70	2	1	2	40290	36.91	0.75
F10	Sample 70	2	1	3	45290	36.91	0.76
F10	Sample 70	2	1	4	50300	36.96	0.76
F10	Sample 70	2	1	5	55280	36.96	0.75
F10	Sample 70	2	1	6	60290	36.96	0.75
F10	Sample 70	2	1	7	65290	36.96	0.75
F10	Sample 70	2	1	8	70300	36.96	0.75
F10	Sample 70	2	1	9	75290	36.96	0.74
F10	Sample 70	2	1	10	80290	36.96	0.75
F10	Sample 70	2	1	11	85290	36.96	0.75
F10	Sample 70	2	1	12	90290	37	0.74
F10	Sample 70	2	1	13	95290	36.96	0.74
F10	Sample 70	2	1	14	100290	36.96	0.75
F10	Sample 70	2	1	15	105290	36.96	0.75
F11	Sample 71	2	1	1	35270	36.86	0.79
F11	Sample 71	2	1	2	40290	36.91	0.79
F11	Sample 71	2	1	3	45290	36.91	0.80
F11	Sample 71	2	1	4	50300	36.96	0.79
F11	Sample 71	2	1	5	55280	36.96	0.79
F11	Sample 71	2	1	6	60290	36.96	0.78
F11	Sample 71	2	1	7	65290	36.96	0.79
F11	Sample 71	2	1	8	70300	36.96	0.78
F11	Sample 71	2	1	9	75290	36.96	0.78
F11	Sample 71	2	1	10	80290	36.96	0.79
F11	Sample 71	2	1	11	85290	36.96	0.78
F11	Sample 71	2	1	12	90290	37	0.78
F11	Sample 71	2	1	13	95290	36.96	0.78
F11	Sample 71	2	1	14	100290	36.96	0.78
F11	Sample 71	2	1	15	105290	36.96	0.78
F12	Sample 72	2	1	1	35270	36.86	0.73
F12	Sample 72	2	1	2	40290	36.91	0.74
F12	Sample 72	2	1	3	45290	36.91	0.74
F12	Sample 72	2	1	4	50300	36.96	0.73
F12	Sample 72	2	1	5	55280	36.96	0.72
F12	Sample 72	2	1	6	60290	36.96	0.72
F12	Sample 72	2	1	7	65290	36.96	0.73
F12	Sample 72	2	1	8	70300	36.96	0.72
F12	Sample 72	2	1	9	75290	36.96	0.73
F12	Sample 72	2	1	10	80290	36.96	0.73
F12	Sample 72	2	1	11	85290	36.96	0.73
F12	Sample 72	2	1	12	90290	37	0.73
F12	Sample 72	2	1	13	95290	36.96	0.73
F12	Sample 72	2	1	14	100290	36.96	0.73
F12	Sample 72	2	1	15	105290	36.96	0.73
G1	Sample 73	2	1	1	35270	36.86	1.19
G1	Sample 73	2	1	2	40290	36.91	1.19
G1	Sample 73	2	1	3	45290	36.91	1.19
G1	Sample 73	2	1	4	50300	36.96	1.19
G1	Sample 73	2	1	5	55280	36.96	1.18
G1	Sample 73	2	1	6	60290	36.96	1.18
G1	Sample 73	2	1	7	65290	36.96	1.18
G1	Sample 73	2	1	8	70300	36.96	1.18
G1	Sample 73	2	1	9	75290	36.96	1.19
G1	Sample 73	2	1	10	80290	36.96	1.18
G1	Sample 73	2	1	11	85290	36.96	1.19
G1	Sample 73	2	1	12	90290	37	1.17
G1	Sample 73	2	1	13	95290	36.96	1.18
G1	Sample 73	2	1	14	100290	36.96	1.18
G1	Sample 73	2	1	15	105290	36.96	1.19
G2	Sample 74	2	1	1	35270	36.86	1.22
G2	Sample 74	2	1	2	40290	36.91	1.21
G2	Sample 74	2	1	3	45290	36.91	1.22
G2	Sample 74	2	1	4	50300	36.96	1.21
G2	Sample 74	2	1	5	55280	36.96	1.20
G2	Sample 74	2	1	6	60290	36.96	1.21
G2	Sample 74	2	1	7	65290	36.96	1.21
G2	Sample 74	2	1	8	70300	36.96	1.21
G2	Sample 74	2	1	9	75290	36.96	1.21
G2	Sample 74	2	1	10	80290	36.96	1.21
G2	Sample 74	2	1	11	85290	36.96	1.21
G2	Sample 74	2	1	12	90290	37	1.21
G2	Sample 74	2	1	13	95290	36.96	1.21
G2	Sample 74	2	1	14	100290	36.96	1.21
G2	Sample 74	2	1	15	105290	36.96	1.22
G3	Sample 75	2	1	1	35270	36.86	1.33
G3	Sample 75	2	1	2	40290	36.91	1.33
G3	Sample 75	2	1	3	45290	36.91	1.34
G3	Sample 75	2	1	4	50300	36.96	1.34
G3	Sample 75	2	1	5	55280	36.96	1.33
G3	Sample 75	2	1	6	60290	36.96	1.33
G3	Sample 75	2	1	7	65290	36.96	1.33
G3	Sample 75	2	1	8	70300	36.96	1.32
G3	Sample 75	2	1	9	75290	36.96	1.32
G3	Sample 75	2	1	10	80290	36.96	1.33
G3	Sample 75	2	1	11	85290	36.96	1.33
G3	Sample 75	2	1	12	90290	37	1.33
G3	Sample 75	2	1	13	95290	36.96	1.33
G3	Sample 75	2	1	14	100290	36.96	1.33
G3	Sample 75	2	1	15	105290	36.96	1.33
G4	Sample 76	2	1	1	35270	36.86	1.33
G4	Sample 76	2	1	2	40290	36.91	1.33
G4	Sample 76	2	1	3	45290	36.91	1.33
G4	Sample 76	2	1	4	50300	36.96	1.34
G4	Sample 76	2	1	5	55280	36.96	1.32
G4	Sample 76	2	1	6	60290	36.96	1.33
G4	Sample 76	2	1	7	65290	36.96	1.33
G4	Sample 76	2	1	8	70300	36.96	1.33
G4	Sample 76	2	1	9	75290	36.96	1.33
G4	Sample 76	2	1	10	80290	36.96	1.33
G4	Sample 76	2	1	11	85290	36.96	1.33
G4	Sample 76	2	1	12	90290	37	1.32
G4	Sample 76	2	1	13	95290	36.96	1.33
G4	Sample 76	2	1	14	100290	36.96	1.32
G4	Sample 76	2	1	15	105290	36.96	1.32
G5	Sample 77	2	1	1	35270	36.86	1.47
G5	Sample 77	2	1	2	40290	36.91	1.46
G5	Sample 77	2	1	3	45290	36.91	1.47
G5	Sample 77	2	1	4	50300	36.96	1.47
G5	Sample 77	2	1	5	55280	36.96	1.45
G5	Sample 77	2	1	6	60290	36.96	1.46
G5	Sample 77	2	1	7	65290	36.96	1.46
G5	Sample 77	2	1	8	70300	36.96	1.46
G5	Sample 77	2	1	9	75290	36.96	1.46
G5	Sample 77	2	1	10	80290	36.96	1.46
G5	Sample 77	2	1	11	85290	36.96	1.46
G5	Sample 77	2	1	12	90290	37	1.45
G5	Sample 77	2	1	13	95290	36.96	1.45
G5	Sample 77	2	1	14	100290	36.96	1.44
G5	Sample 77	2	1	15	105290	36.96	1.46
G6	Sample 78	2	1	1	35270	36.86	1.42
G6	Sample 78	2	1	2	40290	36.91	1.42
G6	Sample 78	2	1	3	45290	36.91	1.41
G6	Sample 78	2	1	4	50300	36.96	1.42
G6	Sample 78	2	1	5	55280	36.96	1.41
G6	Sample 78	2	1	6	60290	36.96	1.41
G6	Sample 78	2	1	7	65290	36.96	1.41
G6	Sample 78	2	1	8	70300	36.96	1.41
G6	Sample 78	2	1	9	75290	36.96	1.42
G6	Sample 78	2	1	10	80290	36.96	1.42
G6	Sample 78	2	1	11	85290	36.96	1.42
G6	Sample 78	2	1	12	90290	37	1.41
G6	Sample 78	2	1	13	95290	36.96	1.41
G6	Sample 78	2	1	14	100290	36.96	1.40
G6	Sample 78	2	1	15	105290	36.96	1.41
G7	Sample 79	2	1	1	35270	36.86	1.43
G7	Sample 79	2	1	2	40290	36.91	1.42
G7	Sample 79	2	1	3	45290	36.91	1.42
G7	Sample 79	2	1	4	50300	36.96	1.43
G7	Sample 79	2	1	5	55280	36.96	1.42
G7	Sample 79	2	1	6	60290	36.96	1.42
G7	Sample 79	2	1	7	65290	36.96	1.42
G7	Sample 79	2	1	8	70300	36.96	1.42
G7	Sample 79	2	1	9	75290	36.96	1.42
G7	Sample 79	2	1	10	80290	36.96	1.42
G7	Sample 79	2	1	11	85290	36.96	1.42
G7	Sample 79	2	1	12	90290	37	1.42
G7	Sample 79	2	1	13	95290	36.96	1.42
G7	Sample 79	2	1	14	100290	36.96	1.41
G7	Sample 79	2	1	15	105290	36.96	1.42
G8	Sample 80	2	1	1	35270	36.86	1.41
G8	Sample 80	2	1	2	40290	36.91	1.41
G8	Sample 80	2	1	3	45290	36.91	1.41
G8	Sample 80	2	1	4	50300	36.96	1.41
G8	Sample 80	2	1	5	55280	36.96	1.40
G8	Sample 80	2	1	6	60290	36.96	1.41
G8	Sample 80	2	1	7	65290	36.96	1.40
G8	Sample 80	2	1	8	70300	36.96	1.39
G8	Sample 80	2	1	9	75290	36.96	1.39
G8	Sample 80	2	1	10	80290	36.96	1.39
G8	Sample 80	2	1	11	85290	36.96	1.40
G8	Sample 80	2	1	12	90290	37	1.39
G8	Sample 80	2	1	13	95290	36.96	1.40
G8	Sample 80	2	1	14	100290	36.96	1.39
G8	Sample 80	2	1	15	105290	36.96	1.40
G9	Sample 81	2	1	1	35270	36.86	0.78
G9	Sample 81	2	1	2	40290	36.91	0.78
G9	Sample 81	2	1	3	45290	36.91	0.79
G9	Sample 81	2	1	4	50300	36.96	0.79
G9	Sample 81	2	1	5	55280	36.96	0.78
G9	Sample 81	2	1	6	60290	36.96	0.79
G9	Sample 81	2	1	7	65290	36.96	0.78
G9	Sample 81	2	1	8	70300	36.96	0.78
G9	Sample 81	2	1	9	75290	36.96	0.79
G9	Sample 81	2	1	10	80290	36.96	0.79
G9	Sample 81	2	1	11	85290	36.96	0.79
G9	Sample 81	2	1	12	90290	37	0.78
G9	Sample 81	2	1	13	95290	36.96	0.79
G9	Sample 81	2	1	14	100290	36.96	0.77
G9	Sample 81	2	1	15	105290	36.96	0.79
G10	Sample 82	2	1	1	35270	36.86	0.75
G10	Sample 82	2	1	2	40290	36.91	0.74
G10	Sample 82	2	1	3	45290	36.91	0.75
G10	Sample 82	2	1	4	50300	36.96	0.75
G10	Sample 82	2	1	5	55280	36.96	0.75
G10	Sample 82	2	1	6	60290	36.96	0.74
G10	Sample 82	2	1	7	65290	36.96	0.75
G10	Sample 82	2	1	8	70300	36.96	0.75
G10	Sample 82	2	1	9	75290	36.96	0.74
G10	Sample 82	2	1	10	80290	36.96	0.75
G10	Sample 82	2	1	11	85290	36.96	0.75
G10	Sample 82	2	1	12	90290	37	0.74
G10	Sample 82	2	1	13	95290	36.96	0.74
G10	Sample 82	2	1	14	100290	36.96	0.74
G10	Sample 82	2	1	15	105290	36.96	0.74
G11	Sample 83	2	1	1	35270	36.86	0.84
G11	Sample 83	2	1	2	40290	36.91	0.83
G11	Sample 83	2	1	3	45290	36.91	0.84
G11	Sample 83	2	1	4	50300	36.96	0.84
G11	Sample 83	2	1	5	55280	36.96	0.82
G11	Sample 83	2	1	6	60290	36.96	0.83
G11	Sample 83	2	1	7	65290	36.96	0.83
G11	Sample 83	2	1	8	70300	36.96	0.83
G11	Sample 83	2	1	9	75290	36.96	0.83
G11	Sample 83	2	1	10	80290	36.96	0.83
G11	Sample 83	2	1	11	85290	36.96	0.83
G11	Sample 83	2	1	12	90290	37	0.82
G11	Sample 83	2	1	13	95290	36.96	0.83
G11	Sample 83	2	1	14	100290	36.96	0.83
G11	Sample 83	2	1	15	105290	36.96	0.83
G12	Sample 84	2	1	1	35270	36.86	0.73
G12	Sample 84	2	1	2	40290	36.91	0.74
G12	Sample 84	2	1	3	45290	36.91	0.74
G12	Sample 84	2	1	4	50300	36.96	0.75
G12	Sample 84	2	1	5	55280	36.96	0.73
G12	Sample 84	2	1	6	60290	36.96	0.74
G12	Sample 84	2	1	7	65290	36.96	0.74
G12	Sample 84	2	1	8	70300	36.96	0.74
G12	Sample 84	2	1	9	75290	36.96	0.74
G12	Sample 84	2	1	10	80290	36.96	0.74
G12	Sample 84	2	1	11	85290	36.96	0.74
G12	Sample 84	2	1	12	90290	37	0.74
G12	Sample 84	2	1	13	95290	36.96	0.75
G12	Sample 84	2	1	14	100290	36.96	0.74
G12	Sample 84	2	1	15	105290	36.96	0.74
H1	Sample 85	2	1	1	35270	36.86	1.13
H1	Sample 85	2	1	2	40290	36.91	1.13
H1	Sample 85	2	1	3	45290	36.91	1.13
H1	Sample 85	2	1	4	50300	36.96	1.13
H1	Sample 85	2	1	5	55280	36.96	1.13
H1	Sample 85	2	1	6	60290	36.96	1.12
H1	Sample 85	2	1	7	65290	36.96	1.13
H1	Sample 85	2	1	8	70300	36.96	1.12
H1	Sample 85	2	1	9	75290	36.96	1.13
H1	Sample 85	2	1	10	80290	36.96	1.13
H1	Sample 85	2	1	11	85290	36.96	1.14
H1	Sample 85	2	1	12	90290	37	1.11
H1	Sample 85	2	1	13	95290	36.96	1.12
H1	Sample 85	2	1	14	100290	36.96	1.13
H1	Sample 85	2	1	15	105290	36.96	1.12
H2	Sample 86	2	1	1	35270	36.86	1.17
H2	Sample 86	2	1	2	40290	36.91	1.16
H2	Sample 86	2	1	3	45290	36.91	1.18
H2	Sample 86	2	1	4	50300	36.96	1.17
H2	Sample 86	2	1	5	55280	36.96	1.16
H2	Sample 86	2	1	6	60290	36.96	1.16
H2	Sample 86	2	1	7	65290	36.96	1.16
H2	Sample 86	2	1	8	70300	36.96	1.16
H2	Sample 86	2	1	9	75290	36.96	1.16
H2	Sample 86	2	1	10	80290	36.96	1.17
H2	Sample 86	2	1	11	85290	36.96	1.17
H2	Sample 86	2	1	12	90290	37	1.16
H2	Sample 86	2	1	13	95290	36.96	1.16
H2	Sample 86	2	1	14	100290	36.96	1.17
H2	Sample 86	2	1	15	105290	36.96	1.16
H3	Sample 87	2	1	1	35270	36.86	1.36
H3	Sample 87	2	1	2	40290	36.91	1.36
H3	Sample 87	2	1	3	45290	36.91	1.36
H3	Sample 87	2	1	4	50300	36.96	1.36
H3	Sample 87	2	1	5	55280	36.96	1.36
H3	Sample 87	2	1	6	60290	36.96	1.36
H3	Sample 87	2	1	7	65290	36.96	1.35
H3	Sample 87	2	1	8	70300	36.96	1.36
H3	Sample 87	2	1	9	75290	36.96	1.36
H3	Sample 87	2	1	10	80290	36.96	1.36
H3	Sample 87	2	1	11	85290	36.96	1.36
H3	Sample 87	2	1	12	90290	37	1.36
H3	Sample 87	2	1	13	95290	36.96	1.36
H3	Sample 87	2	1	14	100290	36.96	1.36
H3	Sample 87	2	1	15	105290	36.96	1.35
H4	Sample 88	2	1	1	35270	36.86	1.29
H4	Sample 88	2	1	2	40290	36.91	1.28
H4	Sample 88	2	1	3	45290	36.91	1.27
H4	Sample 88	2	1	4	50300	36.96	1.27
H4	Sample 88	2	1	5	55280	36.96	1.27
H4	Sample 88	2	1	6	60290	36.96	1.27
H4	Sample 88	2	1	7	65290	36.96	1.28
H4	Sample 88	2	1	8	70300	36.96	1.27
H4	Sample 88	2	1	9	75290	36.96	1.27
H4	Sample 88	2	1	10	80290	36.96	1.28
H4	Sample 88	2	1	11	85290	36.96	1.28
H4	Sample 88	2	1	12	90290	37	1.27
H4	Sample 88	2	1	13	95290	36.96	1.28
H4	Sample 88	2	1	14	100290	36.96	1.27
H4	Sample 88	2	1	15	105290	36.96	1.27
H5	Sample 89	2	1	1	35270	36.86	1.55
H5	Sample 89	2	1	2	40290	36.91	1.55
H5	Sample 89	2	1	3	45290	36.91	1.56
H5	Sample 89	2	1	4	50300	36.96	1.55
H5	Sample 89	2	1	5	55280	36.96	1.55
H5	Sample 89	2	1	6	60290	36.96	1.55
H5	Sample 89	2	1	7	65290	36.96	1.55
H5	Sample 89	2	1	8	70300	36.96	1.54
H5	Sample 89	2	1	9	75290	36.96	1.55
H5	Sample 89	2	1	10	80290	36.96	1.54
H5	Sample 89	2	1	11	85290	36.96	1.55
H5	Sample 89	2	1	12	90290	37	1.54
H5	Sample 89	2	1	13	95290	36.96	1.54
H5	Sample 89	2	1	14	100290	36.96	1.55
H5	Sample 89	2	1	15	105290	36.96	1.54
H6	Sample 90	2	1	1	35270	36.86	1.53
H6	Sample 90	2	1	2	40290	36.91	1.53
H6	Sample 90	2	1	3	45290	36.91	1.54
H6	Sample 90	2	1	4	50300	36.96	1.54
H6	Sample 90	2	1	5	55280	36.96	1.53
H6	Sample 90	2	1	6	60290	36.96	1.53
H6	Sample 90	2	1	7	65290	36.96	1.53
H6	Sample 90	2	1	8	70300	36.96	1.52
H6	Sample 90	2	1	9	75290	36.96	1.53
H6	Sample 90	2	1	10	80290	36.96	1.54
H6	Sample 90	2	1	11	85290	36.96	1.54
H6	Sample 90	2	1	12	90290	37	1.53
H6	Sample 90	2	1	13	95290	36.96	1.54
H6	Sample 90	2	1	14	100290	36.96	1.53
H6	Sample 90	2	1	15	105290	36.96	1.52
H7	Sample 91	2	1	1	35270	36.86	1.40
H7	Sample 91	2	1	2	40290	36.91	1.60
H7	Sample 91	2	1	3	45290	36.91	1.61
H7	Sample 91	2	1	4	50300	36.96	1.61
H7	Sample 91	2	1	5	55280	36.96	1.61
H7	Sample 91	2	1	6	60290	36.96	1.62
H7	Sample 91	2	1	7	65290	36.96	1.63
H7	Sample 91	2	1	8	70300	36.96	1.63
H7	Sample 91	2	1	9	75290	36.96	1.62
H7	Sample 91	2	1	10	80290	36.96	1.63
H7	Sample 91	2	1	11	85290	36.96	1.63
H7	Sample 91	2	1	12	90290	37	1.62
H7	Sample 91	2	1	13	95290	36.96	1.63
H7	Sample 91	2	1	14	100290	36.96	1.63
H7	Sample 91	2	1	15	105290	36.96	1.63
H8	Sample 92	2	1	1	35270	36.86	1.45
H8	Sample 92	2	1	2	40290	36.91	1.45
H8	Sample 92	2	1	3	45290	36.91	1.46
H8	Sample 92	2	1	4	50300	36.96	1.45
H8	Sample 92	2	1	5	55280	36.96	1.44
H8	Sample 92	2	1	6	60290	36.96	1.44
H8	Sample 92	2	1	7	65290	36.96	1.44
H8	Sample 92	2	1	8	70300	36.96	1.43
H8	Sample 92	2	1	9	75290	36.96	1.43
H8	Sample 92	2	1	10	80290	36.96	1.45
H8	Sample 92	2	1	11	85290	36.96	1.45
H8	Sample 92	2	1	12	90290	37	1.43
H8	Sample 92	2	1	13	95290	36.96	1.43
H8	Sample 92	2	1	14	100290	36.96	1.44
H8	Sample 92	2	1	15	105290	36.96	1.43
H9	Sample 93	2	1	1	35270	36.86	0.78
H9	Sample 93	2	1	2	40290	36.91	0.78
H9	Sample 93	2	1	3	45290	36.91	0.78
H9	Sample 93	2	1	4	50300	36.96	0.78
H9	Sample 93	2	1	5	55280	36.96	0.78
H9	Sample 93	2	1	6	60290	36.96	0.77
H9	Sample 93	2	1	7	65290	36.96	0.78
H9	Sample 93	2	1	8	70300	36.96	0.77
H9	Sample 93	2	1	9	75290	36.96	0.77
H9	Sample 93	2	1	10	80290	36.96	0.78
H9	Sample 93	2	1	11	85290	36.96	0.78
H9	Sample 93	2	1	12	90290	37	0.77
H9	Sample 93	2	1	13	95290	36.96	0.79
H9	Sample 93	2	1	14	100290	36.96	0.78
H9	Sample 93	2	1	15	105290	36.96	0.77
H10	Sample 94	2	1	1	35270	36.86	0.76
H10	Sample 94	2	1	2	40290	36.91	0.76
H10	Sample 94	2	1	3	45290	36.91	0.76
H10	Sample 94	2	1	4	50300	36.96	0.76
H10	Sample 94	2	1	5	55280	36.96	0.76
H10	Sample 94	2	1	6	60290	36.96	0.76
H10	Sample 94	2	1	7	65290	36.96	0.75
H10	Sample 94	2	1	8	70300	36.96	0.75
H10	Sample 94	2	1	9	75290	36.96	0.75
H10	Sample 94	2	1	10	80290	36.96	0.76
H10	Sample 94	2	1	11	85290	36.96	0.76
H10	Sample 94	2	1	12	90290	37	0.75
H10	Sample 94	2	1	13	95290	36.96	0.76
H10	Sample 94	2	1	14	100290	36.96	0.76
H10	Sample 94	2	1	15	105290	36.96	0.75
H11	Sample 95	2	1	1	35270	36.86	0.76
H11	Sample 95	2	1	2	40290	36.91	0.76
H11	Sample 95	2	1	3	45290	36.91	0.76
H11	Sample 95	2	1	4	50300	36.96	0.76
H11	Sample 95	2	1	5	55280	36.96	0.76
H11	Sample 95	2	1	6	60290	36.96	0.76
H11	Sample 95	2	1	7	65290	36.96	0.76
H11	Sample 95	2	1	8	70300	36.96	0.76
H11	Sample 95	2	1	9	75290	36.96	0.76
H11	Sample 95	2	1	10	80290	36.96	0.76
H11	Sample 95	2	1	11	85290	36.96	0.77
H11	Sample 95	2	1	12	90290	37	0.76
H11	Sample 95	2	1	13	95290	36.96	0.76
H11	Sample 95	2	1	14	100290	36.96	0.76
H11	Sample 95	2	1	15	105290	36.96	0.76
H12	Sample 96	2	1	1	35270	36.86	0.72
H12	Sample 96	2	1	2	40290	36.91	0.73
H12	Sample 96	2	1	3	45290	36.91	0.72
H12	Sample 96	2	1	4	50300	36.96	0.72
H12	Sample 96	2	1	5	55280	36.96	0.71
H12	Sample 96	2	1	6	60290	36.96	0.71
H12	Sample 96	2	1	7	65290	36.96	0.71
H12	Sample 96	2	1	8	70300	36.96	0.71
H12	Sample 96	2	1	9	75290	36.96	0.71
H12	Sample 96	2	1	10	80290	36.96	0.72
H12	Sample 96	2	1	11	85290	36.96	0.72
H12	Sample 96	2	1	12	90290	37	0.71
H12	Sample 96	2	1	13	95290	36.96	0.72
H12	Sample 96	2	1	14	100290	36.96	0.71
H12	Sample 96	2	1	15	105290	36.96	0.71
