Raw Data 		Experiment - evIC50_2_plate3_08APRIL2026 (Run on LCS480 1.5.1.62)					
SamplePos	SampleName	Prog#	Seg#	Cycle#	Time	Temp	465-510
A1	Sample 1	2	1	1	32220	36.96	0.77
A1	Sample 1	2	1	2	37200	36.96	0.77
A1	Sample 1	2	1	3	42190	36.96	0.77
A1	Sample 1	2	1	4	47190	36.96	0.77
A1	Sample 1	2	1	5	52200	36.96	0.77
A1	Sample 1	2	1	6	57190	37	0.78
A1	Sample 1	2	1	7	62190	37	0.77
A1	Sample 1	2	1	8	67180	37	0.77
A1	Sample 1	2	1	9	72190	36.96	0.78
A1	Sample 1	2	1	10	77190	36.96	0.77
A1	Sample 1	2	1	11	82210	37	0.77
A1	Sample 1	2	1	12	87200	36.96	0.77
A1	Sample 1	2	1	13	92200	36.96	0.77
A1	Sample 1	2	1	14	97190	36.96	0.77
A1	Sample 1	2	1	15	102200	36.96	0.77
A2	Sample 2	2	1	1	32220	36.96	0.85
A2	Sample 2	2	1	2	37200	36.96	0.85
A2	Sample 2	2	1	3	42190	36.96	0.86
A2	Sample 2	2	1	4	47190	36.96	0.85
A2	Sample 2	2	1	5	52200	36.96	0.85
A2	Sample 2	2	1	6	57190	37	0.85
A2	Sample 2	2	1	7	62190	37	0.84
A2	Sample 2	2	1	8	67180	37	0.85
A2	Sample 2	2	1	9	72190	36.96	0.85
A2	Sample 2	2	1	10	77190	36.96	0.85
A2	Sample 2	2	1	11	82210	37	0.85
A2	Sample 2	2	1	12	87200	36.96	0.84
A2	Sample 2	2	1	13	92200	36.96	0.85
A2	Sample 2	2	1	14	97190	36.96	0.85
A2	Sample 2	2	1	15	102200	36.96	0.85
A3	Sample 3	2	1	1	32220	36.96	0.9
A3	Sample 3	2	1	2	37200	36.96	0.9
A3	Sample 3	2	1	3	42190	36.96	0.9
A3	Sample 3	2	1	4	47190	36.96	0.9
A3	Sample 3	2	1	5	52200	36.96	0.89
A3	Sample 3	2	1	6	57190	37	0.9
A3	Sample 3	2	1	7	62190	37	0.89
A3	Sample 3	2	1	8	67180	37	0.89
A3	Sample 3	2	1	9	72190	36.96	0.89
A3	Sample 3	2	1	10	77190	36.96	0.89
A3	Sample 3	2	1	11	82210	37	0.9
A3	Sample 3	2	1	12	87200	36.96	0.89
A3	Sample 3	2	1	13	92200	36.96	0.9
A3	Sample 3	2	1	14	97190	36.96	0.89
A3	Sample 3	2	1	15	102200	36.96	0.89
A4	Sample 4	2	1	1	32220	36.96	0.83
A4	Sample 4	2	1	2	37200	36.96	0.83
A4	Sample 4	2	1	3	42190	36.96	0.82
A4	Sample 4	2	1	4	47190	36.96	0.82
A4	Sample 4	2	1	5	52200	36.96	0.82
A4	Sample 4	2	1	6	57190	37	0.83
A4	Sample 4	2	1	7	62190	37	0.83
A4	Sample 4	2	1	8	67180	37	0.83
A4	Sample 4	2	1	9	72190	36.96	0.83
A4	Sample 4	2	1	10	77190	36.96	0.82
A4	Sample 4	2	1	11	82210	37	0.83
A4	Sample 4	2	1	12	87200	36.96	0.82
A4	Sample 4	2	1	13	92200	36.96	0.83
A4	Sample 4	2	1	14	97190	36.96	0.82
A4	Sample 4	2	1	15	102200	36.96	0.82
A5	Sample 5	2	1	1	32220	36.96	1.13
A5	Sample 5	2	1	2	37200	36.96	1.13
A5	Sample 5	2	1	3	42190	36.96	1.14
A5	Sample 5	2	1	4	47190	36.96	1.13
A5	Sample 5	2	1	5	52200	36.96	1.12
A5	Sample 5	2	1	6	57190	37	1.13
A5	Sample 5	2	1	7	62190	37	1.13
A5	Sample 5	2	1	8	67180	37	1.12
A5	Sample 5	2	1	9	72190	36.96	1.13
A5	Sample 5	2	1	10	77190	36.96	1.12
A5	Sample 5	2	1	11	82210	37	1.13
A5	Sample 5	2	1	12	87200	36.96	1.12
A5	Sample 5	2	1	13	92200	36.96	1.12
A5	Sample 5	2	1	14	97190	36.96	1.13
A5	Sample 5	2	1	15	102200	36.96	1.12
A6	Sample 6	2	1	1	32220	36.96	1.18
A6	Sample 6	2	1	2	37200	36.96	1.18
A6	Sample 6	2	1	3	42190	36.96	1.18
A6	Sample 6	2	1	4	47190	36.96	1.18
A6	Sample 6	2	1	5	52200	36.96	1.18
A6	Sample 6	2	1	6	57190	37	1.18
A6	Sample 6	2	1	7	62190	37	1.18
A6	Sample 6	2	1	8	67180	37	1.18
A6	Sample 6	2	1	9	72190	36.96	1.17
A6	Sample 6	2	1	10	77190	36.96	1.18
A6	Sample 6	2	1	11	82210	37	1.17
A6	Sample 6	2	1	12	87200	36.96	1.18
A6	Sample 6	2	1	13	92200	36.96	1.17
A6	Sample 6	2	1	14	97190	36.96	1.17
A6	Sample 6	2	1	15	102200	36.96	1.18
A7	Sample 7	2	1	1	32220	36.96	1.15
A7	Sample 7	2	1	2	37200	36.96	1.15
A7	Sample 7	2	1	3	42190	36.96	1.14
A7	Sample 7	2	1	4	47190	36.96	1.14
A7	Sample 7	2	1	5	52200	36.96	1.13
A7	Sample 7	2	1	6	57190	37	1.14
A7	Sample 7	2	1	7	62190	37	1.13
A7	Sample 7	2	1	8	67180	37	1.13
A7	Sample 7	2	1	9	72190	36.96	1.12
A7	Sample 7	2	1	10	77190	36.96	1.13
A7	Sample 7	2	1	11	82210	37	1.12
A7	Sample 7	2	1	12	87200	36.96	1.12
A7	Sample 7	2	1	13	92200	36.96	1.13
A7	Sample 7	2	1	14	97190	36.96	1.13
A7	Sample 7	2	1	15	102200	36.96	1.12
A8	Sample 8	2	1	1	32220	36.96	1.11
A8	Sample 8	2	1	2	37200	36.96	1.11
A8	Sample 8	2	1	3	42190	36.96	1.11
A8	Sample 8	2	1	4	47190	36.96	1.11
A8	Sample 8	2	1	5	52200	36.96	1.1
A8	Sample 8	2	1	6	57190	37	1.1
A8	Sample 8	2	1	7	62190	37	1.11
A8	Sample 8	2	1	8	67180	37	1.1
A8	Sample 8	2	1	9	72190	36.96	1.1
A8	Sample 8	2	1	10	77190	36.96	1.09
A8	Sample 8	2	1	11	82210	37	1.11
A8	Sample 8	2	1	12	87200	36.96	1.1
A8	Sample 8	2	1	13	92200	36.96	1.1
A8	Sample 8	2	1	14	97190	36.96	1.1
A8	Sample 8	2	1	15	102200	36.96	1.1
A9	Sample 9	2	1	1	32220	36.96	2.78
A9	Sample 9	2	1	2	37200	36.96	2.77
A9	Sample 9	2	1	3	42190	36.96	2.77
A9	Sample 9	2	1	4	47190	36.96	2.78
A9	Sample 9	2	1	5	52200	36.96	2.78
A9	Sample 9	2	1	6	57190	37	2.78
A9	Sample 9	2	1	7	62190	37	2.78
A9	Sample 9	2	1	8	67180	37	2.77
A9	Sample 9	2	1	9	72190	36.96	2.78
A9	Sample 9	2	1	10	77190	36.96	2.78
A9	Sample 9	2	1	11	82210	37	2.77
A9	Sample 9	2	1	12	87200	36.96	2.78
A9	Sample 9	2	1	13	92200	36.96	2.77
A9	Sample 9	2	1	14	97190	36.96	2.78
A9	Sample 9	2	1	15	102200	36.96	2.77
A10	Sample 10	2	1	1	32220	36.96	2.84
A10	Sample 10	2	1	2	37200	36.96	2.84
A10	Sample 10	2	1	3	42190	36.96	2.83
A10	Sample 10	2	1	4	47190	36.96	2.83
A10	Sample 10	2	1	5	52200	36.96	2.82
A10	Sample 10	2	1	6	57190	37	2.82
A10	Sample 10	2	1	7	62190	37	2.81
A10	Sample 10	2	1	8	67180	37	2.82
A10	Sample 10	2	1	9	72190	36.96	2.81
A10	Sample 10	2	1	10	77190	36.96	2.81
A10	Sample 10	2	1	11	82210	37	2.81
A10	Sample 10	2	1	12	87200	36.96	2.81
A10	Sample 10	2	1	13	92200	36.96	2.81
A10	Sample 10	2	1	14	97190	36.96	2.8
A10	Sample 10	2	1	15	102200	36.96	2.8
A11	Sample 11	2	1	1	32220	36.96	2.63
A11	Sample 11	2	1	2	37200	36.96	2.62
A11	Sample 11	2	1	3	42190	36.96	2.62
A11	Sample 11	2	1	4	47190	36.96	2.62
A11	Sample 11	2	1	5	52200	36.96	2.61
A11	Sample 11	2	1	6	57190	37	2.62
A11	Sample 11	2	1	7	62190	37	2.61
A11	Sample 11	2	1	8	67180	37	2.61
A11	Sample 11	2	1	9	72190	36.96	2.62
A11	Sample 11	2	1	10	77190	36.96	2.62
A11	Sample 11	2	1	11	82210	37	2.61
A11	Sample 11	2	1	12	87200	36.96	2.61
A11	Sample 11	2	1	13	92200	36.96	2.61
A11	Sample 11	2	1	14	97190	36.96	2.61
A11	Sample 11	2	1	15	102200	36.96	2.61
A12	Sample 12	2	1	1	32220	36.96	2.52
A12	Sample 12	2	1	2	37200	36.96	2.51
A12	Sample 12	2	1	3	42190	36.96	2.5
A12	Sample 12	2	1	4	47190	36.96	2.5
A12	Sample 12	2	1	5	52200	36.96	2.5
A12	Sample 12	2	1	6	57190	37	2.51
A12	Sample 12	2	1	7	62190	37	2.5
A12	Sample 12	2	1	8	67180	37	2.51
A12	Sample 12	2	1	9	72190	36.96	2.49
A12	Sample 12	2	1	10	77190	36.96	2.5
A12	Sample 12	2	1	11	82210	37	2.49
A12	Sample 12	2	1	12	87200	36.96	2.5
A12	Sample 12	2	1	13	92200	36.96	2.49
A12	Sample 12	2	1	14	97190	36.96	2.49
A12	Sample 12	2	1	15	102200	36.96	2.5
B1	Sample 13	2	1	1	32220	36.96	0.74
B1	Sample 13	2	1	2	37200	36.96	0.74
B1	Sample 13	2	1	3	42190	36.96	0.74
B1	Sample 13	2	1	4	47190	36.96	0.74
B1	Sample 13	2	1	5	52200	36.96	0.74
B1	Sample 13	2	1	6	57190	37	0.74
B1	Sample 13	2	1	7	62190	37	0.74
B1	Sample 13	2	1	8	67180	37	0.74
B1	Sample 13	2	1	9	72190	36.96	0.74
B1	Sample 13	2	1	10	77190	36.96	0.74
B1	Sample 13	2	1	11	82210	37	0.74
B1	Sample 13	2	1	12	87200	36.96	0.73
B1	Sample 13	2	1	13	92200	36.96	0.74
B1	Sample 13	2	1	14	97190	36.96	0.74
B1	Sample 13	2	1	15	102200	36.96	0.73
B2	Sample 14	2	1	1	32220	36.96	0.74
B2	Sample 14	2	1	2	37200	36.96	0.74
B2	Sample 14	2	1	3	42190	36.96	0.74
B2	Sample 14	2	1	4	47190	36.96	0.74
B2	Sample 14	2	1	5	52200	36.96	0.74
B2	Sample 14	2	1	6	57190	37	0.74
B2	Sample 14	2	1	7	62190	37	0.74
B2	Sample 14	2	1	8	67180	37	0.74
B2	Sample 14	2	1	9	72190	36.96	0.74
B2	Sample 14	2	1	10	77190	36.96	0.73
B2	Sample 14	2	1	11	82210	37	0.74
B2	Sample 14	2	1	12	87200	36.96	0.74
B2	Sample 14	2	1	13	92200	36.96	0.74
B2	Sample 14	2	1	14	97190	36.96	0.74
B2	Sample 14	2	1	15	102200	36.96	0.73
B3	Sample 15	2	1	1	32220	36.96	0.88
B3	Sample 15	2	1	2	37200	36.96	0.87
B3	Sample 15	2	1	3	42190	36.96	0.88
B3	Sample 15	2	1	4	47190	36.96	0.88
B3	Sample 15	2	1	5	52200	36.96	0.88
B3	Sample 15	2	1	6	57190	37	0.88
B3	Sample 15	2	1	7	62190	37	0.88
B3	Sample 15	2	1	8	67180	37	0.87
B3	Sample 15	2	1	9	72190	36.96	0.88
B3	Sample 15	2	1	10	77190	36.96	0.88
B3	Sample 15	2	1	11	82210	37	0.87
B3	Sample 15	2	1	12	87200	36.96	0.87
B3	Sample 15	2	1	13	92200	36.96	0.88
B3	Sample 15	2	1	14	97190	36.96	0.87
B3	Sample 15	2	1	15	102200	36.96	0.87
B4	Sample 16	2	1	1	32220	36.96	0.85
B4	Sample 16	2	1	2	37200	36.96	0.84
B4	Sample 16	2	1	3	42190	36.96	0.84
B4	Sample 16	2	1	4	47190	36.96	0.84
B4	Sample 16	2	1	5	52200	36.96	0.84
B4	Sample 16	2	1	6	57190	37	0.85
B4	Sample 16	2	1	7	62190	37	0.84
B4	Sample 16	2	1	8	67180	37	0.84
B4	Sample 16	2	1	9	72190	36.96	0.83
B4	Sample 16	2	1	10	77190	36.96	0.84
B4	Sample 16	2	1	11	82210	37	0.84
B4	Sample 16	2	1	12	87200	36.96	0.84
B4	Sample 16	2	1	13	92200	36.96	0.84
B4	Sample 16	2	1	14	97190	36.96	0.84
B4	Sample 16	2	1	15	102200	36.96	0.83
B5	Sample 17	2	1	1	32220	36.96	1.12
B5	Sample 17	2	1	2	37200	36.96	1.13
B5	Sample 17	2	1	3	42190	36.96	1.12
B5	Sample 17	2	1	4	47190	36.96	1.12
B5	Sample 17	2	1	5	52200	36.96	1.12
B5	Sample 17	2	1	6	57190	37	1.12
B5	Sample 17	2	1	7	62190	37	1.12
B5	Sample 17	2	1	8	67180	37	1.11
B5	Sample 17	2	1	9	72190	36.96	1.12
B5	Sample 17	2	1	10	77190	36.96	1.12
B5	Sample 17	2	1	11	82210	37	1.12
B5	Sample 17	2	1	12	87200	36.96	1.12
B5	Sample 17	2	1	13	92200	36.96	1.12
B5	Sample 17	2	1	14	97190	36.96	1.12
B5	Sample 17	2	1	15	102200	36.96	1.11
B6	Sample 18	2	1	1	32220	36.96	1.13
B6	Sample 18	2	1	2	37200	36.96	1.12
B6	Sample 18	2	1	3	42190	36.96	1.12
B6	Sample 18	2	1	4	47190	36.96	1.12
B6	Sample 18	2	1	5	52200	36.96	1.12
B6	Sample 18	2	1	6	57190	37	1.12
B6	Sample 18	2	1	7	62190	37	1.11
B6	Sample 18	2	1	8	67180	37	1.12
B6	Sample 18	2	1	9	72190	36.96	1.12
B6	Sample 18	2	1	10	77190	36.96	1.12
B6	Sample 18	2	1	11	82210	37	1.11
B6	Sample 18	2	1	12	87200	36.96	1.11
B6	Sample 18	2	1	13	92200	36.96	1.12
B6	Sample 18	2	1	14	97190	36.96	1.12
B6	Sample 18	2	1	15	102200	36.96	1.11
B7	Sample 19	2	1	1	32220	36.96	1.14
B7	Sample 19	2	1	2	37200	36.96	1.14
B7	Sample 19	2	1	3	42190	36.96	1.13
B7	Sample 19	2	1	4	47190	36.96	1.13
B7	Sample 19	2	1	5	52200	36.96	1.13
B7	Sample 19	2	1	6	57190	37	1.13
B7	Sample 19	2	1	7	62190	37	1.13
B7	Sample 19	2	1	8	67180	37	1.13
B7	Sample 19	2	1	9	72190	36.96	1.13
B7	Sample 19	2	1	10	77190	36.96	1.13
B7	Sample 19	2	1	11	82210	37	1.13
B7	Sample 19	2	1	12	87200	36.96	1.13
B7	Sample 19	2	1	13	92200	36.96	1.13
B7	Sample 19	2	1	14	97190	36.96	1.13
B7	Sample 19	2	1	15	102200	36.96	1.12
B8	Sample 20	2	1	1	32220	36.96	1.12
B8	Sample 20	2	1	2	37200	36.96	1.11
B8	Sample 20	2	1	3	42190	36.96	1.12
B8	Sample 20	2	1	4	47190	36.96	1.12
B8	Sample 20	2	1	5	52200	36.96	1.11
B8	Sample 20	2	1	6	57190	37	1.11
B8	Sample 20	2	1	7	62190	37	1.11
B8	Sample 20	2	1	8	67180	37	1.11
B8	Sample 20	2	1	9	72190	36.96	1.09
B8	Sample 20	2	1	10	77190	36.96	1.09
B8	Sample 20	2	1	11	82210	37	1.09
B8	Sample 20	2	1	12	87200	36.96	1.09
B8	Sample 20	2	1	13	92200	36.96	1.09
B8	Sample 20	2	1	14	97190	36.96	1.1
B8	Sample 20	2	1	15	102200	36.96	1.08
B9	Sample 21	2	1	1	32220	36.96	2.99
B9	Sample 21	2	1	2	37200	36.96	3
B9	Sample 21	2	1	3	42190	36.96	2.99
B9	Sample 21	2	1	4	47190	36.96	2.99
B9	Sample 21	2	1	5	52200	36.96	2.98
B9	Sample 21	2	1	6	57190	37	2.98
B9	Sample 21	2	1	7	62190	37	2.97
B9	Sample 21	2	1	8	67180	37	2.97
B9	Sample 21	2	1	9	72190	36.96	2.97
B9	Sample 21	2	1	10	77190	36.96	2.97
B9	Sample 21	2	1	11	82210	37	2.95
B9	Sample 21	2	1	12	87200	36.96	2.96
B9	Sample 21	2	1	13	92200	36.96	2.95
B9	Sample 21	2	1	14	97190	36.96	2.95
B9	Sample 21	2	1	15	102200	36.96	2.95
B10	Sample 22	2	1	1	32220	36.96	2.88
B10	Sample 22	2	1	2	37200	36.96	2.87
B10	Sample 22	2	1	3	42190	36.96	2.86
B10	Sample 22	2	1	4	47190	36.96	2.86
B10	Sample 22	2	1	5	52200	36.96	2.86
B10	Sample 22	2	1	6	57190	37	2.86
B10	Sample 22	2	1	7	62190	37	2.85
B10	Sample 22	2	1	8	67180	37	2.85
B10	Sample 22	2	1	9	72190	36.96	2.85
B10	Sample 22	2	1	10	77190	36.96	2.84
B10	Sample 22	2	1	11	82210	37	2.85
B10	Sample 22	2	1	12	87200	36.96	2.85
B10	Sample 22	2	1	13	92200	36.96	2.85
B10	Sample 22	2	1	14	97190	36.96	2.85
B10	Sample 22	2	1	15	102200	36.96	2.85
B11	Sample 23	2	1	1	32220	36.96	2.95
B11	Sample 23	2	1	2	37200	36.96	2.95
B11	Sample 23	2	1	3	42190	36.96	2.91
B11	Sample 23	2	1	4	47190	36.96	2.91
B11	Sample 23	2	1	5	52200	36.96	2.9
B11	Sample 23	2	1	6	57190	37	2.9
B11	Sample 23	2	1	7	62190	37	2.9
B11	Sample 23	2	1	8	67180	37	2.89
B11	Sample 23	2	1	9	72190	36.96	2.89
B11	Sample 23	2	1	10	77190	36.96	2.89
B11	Sample 23	2	1	11	82210	37	2.89
B11	Sample 23	2	1	12	87200	36.96	2.88
B11	Sample 23	2	1	13	92200	36.96	2.89
B11	Sample 23	2	1	14	97190	36.96	2.89
B11	Sample 23	2	1	15	102200	36.96	2.87
B12	Sample 24	2	1	1	32220	36.96	2.68
B12	Sample 24	2	1	2	37200	36.96	2.67
B12	Sample 24	2	1	3	42190	36.96	2.67
B12	Sample 24	2	1	4	47190	36.96	2.66
B12	Sample 24	2	1	5	52200	36.96	2.66
B12	Sample 24	2	1	6	57190	37	2.66
B12	Sample 24	2	1	7	62190	37	2.65
B12	Sample 24	2	1	8	67180	37	2.65
B12	Sample 24	2	1	9	72190	36.96	2.65
B12	Sample 24	2	1	10	77190	36.96	2.65
B12	Sample 24	2	1	11	82210	37	2.65
B12	Sample 24	2	1	12	87200	36.96	2.64
B12	Sample 24	2	1	13	92200	36.96	2.65
B12	Sample 24	2	1	14	97190	36.96	2.65
B12	Sample 24	2	1	15	102200	36.96	2.65
C1	Sample 25	2	1	1	32220	36.96	0.82
C1	Sample 25	2	1	2	37200	36.96	0.82
C1	Sample 25	2	1	3	42190	36.96	0.82
C1	Sample 25	2	1	4	47190	36.96	0.81
C1	Sample 25	2	1	5	52200	36.96	0.82
C1	Sample 25	2	1	6	57190	37	0.81
C1	Sample 25	2	1	7	62190	37	0.82
C1	Sample 25	2	1	8	67180	37	0.82
C1	Sample 25	2	1	9	72190	36.96	0.81
C1	Sample 25	2	1	10	77190	36.96	0.81
C1	Sample 25	2	1	11	82210	37	0.81
C1	Sample 25	2	1	12	87200	36.96	0.81
C1	Sample 25	2	1	13	92200	36.96	0.81
C1	Sample 25	2	1	14	97190	36.96	0.82
C1	Sample 25	2	1	15	102200	36.96	0.82
C2	Sample 26	2	1	1	32220	36.96	0.82
C2	Sample 26	2	1	2	37200	36.96	0.82
C2	Sample 26	2	1	3	42190	36.96	0.82
C2	Sample 26	2	1	4	47190	36.96	0.81
C2	Sample 26	2	1	5	52200	36.96	0.82
C2	Sample 26	2	1	6	57190	37	0.82
C2	Sample 26	2	1	7	62190	37	0.82
C2	Sample 26	2	1	8	67180	37	0.81
C2	Sample 26	2	1	9	72190	36.96	0.82
C2	Sample 26	2	1	10	77190	36.96	0.82
C2	Sample 26	2	1	11	82210	37	0.81
C2	Sample 26	2	1	12	87200	36.96	0.82
C2	Sample 26	2	1	13	92200	36.96	0.82
C2	Sample 26	2	1	14	97190	36.96	0.81
C2	Sample 26	2	1	15	102200	36.96	0.81
C3	Sample 27	2	1	1	32220	36.96	0.86
C3	Sample 27	2	1	2	37200	36.96	0.86
C3	Sample 27	2	1	3	42190	36.96	0.85
C3	Sample 27	2	1	4	47190	36.96	0.85
C3	Sample 27	2	1	5	52200	36.96	0.86
C3	Sample 27	2	1	6	57190	37	0.85
C3	Sample 27	2	1	7	62190	37	0.85
C3	Sample 27	2	1	8	67180	37	0.85
C3	Sample 27	2	1	9	72190	36.96	0.85
C3	Sample 27	2	1	10	77190	36.96	0.85
C3	Sample 27	2	1	11	82210	37	0.85
C3	Sample 27	2	1	12	87200	36.96	0.85
C3	Sample 27	2	1	13	92200	36.96	0.85
C3	Sample 27	2	1	14	97190	36.96	0.85
C3	Sample 27	2	1	15	102200	36.96	0.84
C4	Sample 28	2	1	1	32220	36.96	0.86
C4	Sample 28	2	1	2	37200	36.96	0.87
C4	Sample 28	2	1	3	42190	36.96	0.86
C4	Sample 28	2	1	4	47190	36.96	0.86
C4	Sample 28	2	1	5	52200	36.96	0.86
C4	Sample 28	2	1	6	57190	37	0.86
C4	Sample 28	2	1	7	62190	37	0.87
C4	Sample 28	2	1	8	67180	37	0.86
C4	Sample 28	2	1	9	72190	36.96	0.86
C4	Sample 28	2	1	10	77190	36.96	0.86
C4	Sample 28	2	1	11	82210	37	0.85
C4	Sample 28	2	1	12	87200	36.96	0.86
C4	Sample 28	2	1	13	92200	36.96	0.86
C4	Sample 28	2	1	14	97190	36.96	0.86
C4	Sample 28	2	1	15	102200	36.96	0.85
C5	Sample 29	2	1	1	32220	36.96	1.09
C5	Sample 29	2	1	2	37200	36.96	1.09
C5	Sample 29	2	1	3	42190	36.96	1.09
C5	Sample 29	2	1	4	47190	36.96	1.08
C5	Sample 29	2	1	5	52200	36.96	1.09
C5	Sample 29	2	1	6	57190	37	1.08
C5	Sample 29	2	1	7	62190	37	1.08
C5	Sample 29	2	1	8	67180	37	1.08
C5	Sample 29	2	1	9	72190	36.96	1.08
C5	Sample 29	2	1	10	77190	36.96	1.08
C5	Sample 29	2	1	11	82210	37	1.07
C5	Sample 29	2	1	12	87200	36.96	1.07
C5	Sample 29	2	1	13	92200	36.96	1.08
C5	Sample 29	2	1	14	97190	36.96	1.08
C5	Sample 29	2	1	15	102200	36.96	1.08
C6	Sample 30	2	1	1	32220	36.96	1.15
C6	Sample 30	2	1	2	37200	36.96	1.14
C6	Sample 30	2	1	3	42190	36.96	1.14
C6	Sample 30	2	1	4	47190	36.96	1.14
C6	Sample 30	2	1	5	52200	36.96	1.14
C6	Sample 30	2	1	6	57190	37	1.14
C6	Sample 30	2	1	7	62190	37	1.14
C6	Sample 30	2	1	8	67180	37	1.14
C6	Sample 30	2	1	9	72190	36.96	1.14
C6	Sample 30	2	1	10	77190	36.96	1.14
C6	Sample 30	2	1	11	82210	37	1.13
C6	Sample 30	2	1	12	87200	36.96	1.13
C6	Sample 30	2	1	13	92200	36.96	1.13
C6	Sample 30	2	1	14	97190	36.96	1.14
C6	Sample 30	2	1	15	102200	36.96	1.13
C7	Sample 31	2	1	1	32220	36.96	1.23
C7	Sample 31	2	1	2	37200	36.96	1.22
C7	Sample 31	2	1	3	42190	36.96	1.22
C7	Sample 31	2	1	4	47190	36.96	1.22
C7	Sample 31	2	1	5	52200	36.96	1.22
C7	Sample 31	2	1	6	57190	37	1.22
C7	Sample 31	2	1	7	62190	37	1.22
C7	Sample 31	2	1	8	67180	37	1.21
C7	Sample 31	2	1	9	72190	36.96	1.2
C7	Sample 31	2	1	10	77190	36.96	1.21
C7	Sample 31	2	1	11	82210	37	1.21
C7	Sample 31	2	1	12	87200	36.96	1.2
C7	Sample 31	2	1	13	92200	36.96	1.21
C7	Sample 31	2	1	14	97190	36.96	1.21
C7	Sample 31	2	1	15	102200	36.96	1.2
C8	Sample 32	2	1	1	32220	36.96	1.13
C8	Sample 32	2	1	2	37200	36.96	1.14
C8	Sample 32	2	1	3	42190	36.96	1.12
C8	Sample 32	2	1	4	47190	36.96	1.11
C8	Sample 32	2	1	5	52200	36.96	1.12
C8	Sample 32	2	1	6	57190	37	1.12
C8	Sample 32	2	1	7	62190	37	1.12
C8	Sample 32	2	1	8	67180	37	1.12
C8	Sample 32	2	1	9	72190	36.96	1.1
C8	Sample 32	2	1	10	77190	36.96	1.12
C8	Sample 32	2	1	11	82210	37	1.11
C8	Sample 32	2	1	12	87200	36.96	1.11
C8	Sample 32	2	1	13	92200	36.96	1.12
C8	Sample 32	2	1	14	97190	36.96	1.11
C8	Sample 32	2	1	15	102200	36.96	1.11
C9	Sample 33	2	1	1	32220	36.96	2.86
C9	Sample 33	2	1	2	37200	36.96	2.85
C9	Sample 33	2	1	3	42190	36.96	2.85
C9	Sample 33	2	1	4	47190	36.96	2.85
C9	Sample 33	2	1	5	52200	36.96	2.83
C9	Sample 33	2	1	6	57190	37	2.83
C9	Sample 33	2	1	7	62190	37	2.82
C9	Sample 33	2	1	8	67180	37	2.8
C9	Sample 33	2	1	9	72190	36.96	2.79
C9	Sample 33	2	1	10	77190	36.96	2.8
C9	Sample 33	2	1	11	82210	37	2.79
C9	Sample 33	2	1	12	87200	36.96	2.79
C9	Sample 33	2	1	13	92200	36.96	2.8
C9	Sample 33	2	1	14	97190	36.96	2.8
C9	Sample 33	2	1	15	102200	36.96	2.79
C10	Sample 34	2	1	1	32220	36.96	2.86
C10	Sample 34	2	1	2	37200	36.96	2.85
C10	Sample 34	2	1	3	42190	36.96	2.84
C10	Sample 34	2	1	4	47190	36.96	2.83
C10	Sample 34	2	1	5	52200	36.96	2.83
C10	Sample 34	2	1	6	57190	37	2.83
C10	Sample 34	2	1	7	62190	37	2.82
C10	Sample 34	2	1	8	67180	37	2.82
C10	Sample 34	2	1	9	72190	36.96	2.82
C10	Sample 34	2	1	10	77190	36.96	2.82
C10	Sample 34	2	1	11	82210	37	2.8
C10	Sample 34	2	1	12	87200	36.96	2.78
C10	Sample 34	2	1	13	92200	36.96	2.79
C10	Sample 34	2	1	14	97190	36.96	2.79
C10	Sample 34	2	1	15	102200	36.96	2.78
C11	Sample 35	2	1	1	32220	36.96	2.92
C11	Sample 35	2	1	2	37200	36.96	2.91
C11	Sample 35	2	1	3	42190	36.96	2.91
C11	Sample 35	2	1	4	47190	36.96	2.91
C11	Sample 35	2	1	5	52200	36.96	2.9
C11	Sample 35	2	1	6	57190	37	2.9
C11	Sample 35	2	1	7	62190	37	2.9
C11	Sample 35	2	1	8	67180	37	2.91
C11	Sample 35	2	1	9	72190	36.96	2.89
C11	Sample 35	2	1	10	77190	36.96	2.9
C11	Sample 35	2	1	11	82210	37	2.89
C11	Sample 35	2	1	12	87200	36.96	2.89
C11	Sample 35	2	1	13	92200	36.96	2.9
C11	Sample 35	2	1	14	97190	36.96	2.89
C11	Sample 35	2	1	15	102200	36.96	2.89
C12	Sample 36	2	1	1	32220	36.96	2.69
C12	Sample 36	2	1	2	37200	36.96	2.68
C12	Sample 36	2	1	3	42190	36.96	2.68
C12	Sample 36	2	1	4	47190	36.96	2.67
C12	Sample 36	2	1	5	52200	36.96	2.67
C12	Sample 36	2	1	6	57190	37	2.67
C12	Sample 36	2	1	7	62190	37	2.67
C12	Sample 36	2	1	8	67180	37	2.66
C12	Sample 36	2	1	9	72190	36.96	2.66
C12	Sample 36	2	1	10	77190	36.96	2.67
C12	Sample 36	2	1	11	82210	37	2.64
C12	Sample 36	2	1	12	87200	36.96	2.66
C12	Sample 36	2	1	13	92200	36.96	2.65
C12	Sample 36	2	1	14	97190	36.96	2.66
C12	Sample 36	2	1	15	102200	36.96	2.65
D1	Sample 37	2	1	1	32220	36.96	0.82
D1	Sample 37	2	1	2	37200	36.96	0.82
D1	Sample 37	2	1	3	42190	36.96	0.82
D1	Sample 37	2	1	4	47190	36.96	0.82
D1	Sample 37	2	1	5	52200	36.96	0.82
D1	Sample 37	2	1	6	57190	37	0.82
D1	Sample 37	2	1	7	62190	37	0.82
D1	Sample 37	2	1	8	67180	37	0.82
D1	Sample 37	2	1	9	72190	36.96	0.82
D1	Sample 37	2	1	10	77190	36.96	0.82
D1	Sample 37	2	1	11	82210	37	0.82
D1	Sample 37	2	1	12	87200	36.96	0.82
D1	Sample 37	2	1	13	92200	36.96	0.82
D1	Sample 37	2	1	14	97190	36.96	0.82
D1	Sample 37	2	1	15	102200	36.96	0.82
D2	Sample 38	2	1	1	32220	36.96	0.8
D2	Sample 38	2	1	2	37200	36.96	0.8
D2	Sample 38	2	1	3	42190	36.96	0.8
D2	Sample 38	2	1	4	47190	36.96	0.8
D2	Sample 38	2	1	5	52200	36.96	0.8
D2	Sample 38	2	1	6	57190	37	0.8
D2	Sample 38	2	1	7	62190	37	0.8
D2	Sample 38	2	1	8	67180	37	0.8
D2	Sample 38	2	1	9	72190	36.96	0.8
D2	Sample 38	2	1	10	77190	36.96	0.8
D2	Sample 38	2	1	11	82210	37	0.8
D2	Sample 38	2	1	12	87200	36.96	0.8
D2	Sample 38	2	1	13	92200	36.96	0.8
D2	Sample 38	2	1	14	97190	36.96	0.8
D2	Sample 38	2	1	15	102200	36.96	0.8
D3	Sample 39	2	1	1	32220	36.96	1.13
D3	Sample 39	2	1	2	37200	36.96	1.12
D3	Sample 39	2	1	3	42190	36.96	1.12
D3	Sample 39	2	1	4	47190	36.96	1.12
D3	Sample 39	2	1	5	52200	36.96	1.12
D3	Sample 39	2	1	6	57190	37	1.12
D3	Sample 39	2	1	7	62190	37	1.11
D3	Sample 39	2	1	8	67180	37	1.11
D3	Sample 39	2	1	9	72190	36.96	1.11
D3	Sample 39	2	1	10	77190	36.96	1.11
D3	Sample 39	2	1	11	82210	37	1.12
D3	Sample 39	2	1	12	87200	36.96	1.12
D3	Sample 39	2	1	13	92200	36.96	1.12
D3	Sample 39	2	1	14	97190	36.96	1.12
D3	Sample 39	2	1	15	102200	36.96	1.1
D4	Sample 40	2	1	1	32220	36.96	1.1
D4	Sample 40	2	1	2	37200	36.96	1.1
D4	Sample 40	2	1	3	42190	36.96	1.1
D4	Sample 40	2	1	4	47190	36.96	1.1
D4	Sample 40	2	1	5	52200	36.96	1.09
D4	Sample 40	2	1	6	57190	37	1.09
D4	Sample 40	2	1	7	62190	37	1.09
D4	Sample 40	2	1	8	67180	37	1.09
D4	Sample 40	2	1	9	72190	36.96	1.09
D4	Sample 40	2	1	10	77190	36.96	1.09
D4	Sample 40	2	1	11	82210	37	1.09
D4	Sample 40	2	1	12	87200	36.96	1.09
D4	Sample 40	2	1	13	92200	36.96	1.09
D4	Sample 40	2	1	14	97190	36.96	1.09
D4	Sample 40	2	1	15	102200	36.96	1.09
D5	Sample 41	2	1	1	32220	36.96	1.13
D5	Sample 41	2	1	2	37200	36.96	1.12
D5	Sample 41	2	1	3	42190	36.96	1.12
D5	Sample 41	2	1	4	47190	36.96	1.12
D5	Sample 41	2	1	5	52200	36.96	1.12
D5	Sample 41	2	1	6	57190	37	1.11
D5	Sample 41	2	1	7	62190	37	1.12
D5	Sample 41	2	1	8	67180	37	1.12
D5	Sample 41	2	1	9	72190	36.96	1.12
D5	Sample 41	2	1	10	77190	36.96	1.11
D5	Sample 41	2	1	11	82210	37	1.11
D5	Sample 41	2	1	12	87200	36.96	1.11
D5	Sample 41	2	1	13	92200	36.96	1.11
D5	Sample 41	2	1	14	97190	36.96	1.1
D5	Sample 41	2	1	15	102200	36.96	1.1
D6	Sample 42	2	1	1	32220	36.96	1.15
D6	Sample 42	2	1	2	37200	36.96	1.15
D6	Sample 42	2	1	3	42190	36.96	1.14
D6	Sample 42	2	1	4	47190	36.96	1.13
D6	Sample 42	2	1	5	52200	36.96	1.14
D6	Sample 42	2	1	6	57190	37	1.14
D6	Sample 42	2	1	7	62190	37	1.13
D6	Sample 42	2	1	8	67180	37	1.13
D6	Sample 42	2	1	9	72190	36.96	1.13
D6	Sample 42	2	1	10	77190	36.96	1.13
D6	Sample 42	2	1	11	82210	37	1.13
D6	Sample 42	2	1	12	87200	36.96	1.13
D6	Sample 42	2	1	13	92200	36.96	1.12
D6	Sample 42	2	1	14	97190	36.96	1.12
D6	Sample 42	2	1	15	102200	36.96	1.12
D7	Sample 43	2	1	1	32220	36.96	1.19
D7	Sample 43	2	1	2	37200	36.96	1.18
D7	Sample 43	2	1	3	42190	36.96	1.17
D7	Sample 43	2	1	4	47190	36.96	1.17
D7	Sample 43	2	1	5	52200	36.96	1.17
D7	Sample 43	2	1	6	57190	37	1.16
D7	Sample 43	2	1	7	62190	37	1.17
D7	Sample 43	2	1	8	67180	37	1.16
D7	Sample 43	2	1	9	72190	36.96	1.16
D7	Sample 43	2	1	10	77190	36.96	1.16
D7	Sample 43	2	1	11	82210	37	1.16
D7	Sample 43	2	1	12	87200	36.96	1.16
D7	Sample 43	2	1	13	92200	36.96	1.16
D7	Sample 43	2	1	14	97190	36.96	1.16
D7	Sample 43	2	1	15	102200	36.96	1.15
D8	Sample 44	2	1	1	32220	36.96	1.12
D8	Sample 44	2	1	2	37200	36.96	1.12
D8	Sample 44	2	1	3	42190	36.96	1.12
D8	Sample 44	2	1	4	47190	36.96	1.11
D8	Sample 44	2	1	5	52200	36.96	1.1
D8	Sample 44	2	1	6	57190	37	1.11
D8	Sample 44	2	1	7	62190	37	1.1
D8	Sample 44	2	1	8	67180	37	1.1
D8	Sample 44	2	1	9	72190	36.96	1.09
D8	Sample 44	2	1	10	77190	36.96	1.09
D8	Sample 44	2	1	11	82210	37	1.09
D8	Sample 44	2	1	12	87200	36.96	1.09
D8	Sample 44	2	1	13	92200	36.96	1.09
D8	Sample 44	2	1	14	97190	36.96	1.09
D8	Sample 44	2	1	15	102200	36.96	1.08
D9	Sample 45	2	1	1	32220	36.96	2.85
D9	Sample 45	2	1	2	37200	36.96	2.83
D9	Sample 45	2	1	3	42190	36.96	2.83
D9	Sample 45	2	1	4	47190	36.96	2.82
D9	Sample 45	2	1	5	52200	36.96	2.82
D9	Sample 45	2	1	6	57190	37	2.81
D9	Sample 45	2	1	7	62190	37	2.81
D9	Sample 45	2	1	8	67180	37	2.81
D9	Sample 45	2	1	9	72190	36.96	2.82
D9	Sample 45	2	1	10	77190	36.96	2.82
D9	Sample 45	2	1	11	82210	37	2.81
D9	Sample 45	2	1	12	87200	36.96	2.8
D9	Sample 45	2	1	13	92200	36.96	2.81
D9	Sample 45	2	1	14	97190	36.96	2.81
D9	Sample 45	2	1	15	102200	36.96	2.8
D10	Sample 46	2	1	1	32220	36.96	2.94
D10	Sample 46	2	1	2	37200	36.96	2.93
D10	Sample 46	2	1	3	42190	36.96	2.92
D10	Sample 46	2	1	4	47190	36.96	2.91
D10	Sample 46	2	1	5	52200	36.96	2.92
D10	Sample 46	2	1	6	57190	37	2.91
D10	Sample 46	2	1	7	62190	37	2.9
D10	Sample 46	2	1	8	67180	37	2.9
D10	Sample 46	2	1	9	72190	36.96	2.89
D10	Sample 46	2	1	10	77190	36.96	2.89
D10	Sample 46	2	1	11	82210	37	2.88
D10	Sample 46	2	1	12	87200	36.96	2.87
D10	Sample 46	2	1	13	92200	36.96	2.87
D10	Sample 46	2	1	14	97190	36.96	2.87
D10	Sample 46	2	1	15	102200	36.96	2.87
D11	Sample 47	2	1	1	32220	36.96	2.75
D11	Sample 47	2	1	2	37200	36.96	2.75
D11	Sample 47	2	1	3	42190	36.96	2.75
D11	Sample 47	2	1	4	47190	36.96	2.73
D11	Sample 47	2	1	5	52200	36.96	2.73
D11	Sample 47	2	1	6	57190	37	2.72
D11	Sample 47	2	1	7	62190	37	2.72
D11	Sample 47	2	1	8	67180	37	2.72
D11	Sample 47	2	1	9	72190	36.96	2.7
D11	Sample 47	2	1	10	77190	36.96	2.71
D11	Sample 47	2	1	11	82210	37	2.71
D11	Sample 47	2	1	12	87200	36.96	2.7
D11	Sample 47	2	1	13	92200	36.96	2.7
D11	Sample 47	2	1	14	97190	36.96	2.71
D11	Sample 47	2	1	15	102200	36.96	2.68
D12	Sample 48	2	1	1	32220	36.96	2.54
D12	Sample 48	2	1	2	37200	36.96	2.53
D12	Sample 48	2	1	3	42190	36.96	2.52
D12	Sample 48	2	1	4	47190	36.96	2.52
D12	Sample 48	2	1	5	52200	36.96	2.52
D12	Sample 48	2	1	6	57190	37	2.52
D12	Sample 48	2	1	7	62190	37	2.51
D12	Sample 48	2	1	8	67180	37	2.52
D12	Sample 48	2	1	9	72190	36.96	2.51
D12	Sample 48	2	1	10	77190	36.96	2.51
D12	Sample 48	2	1	11	82210	37	2.5
D12	Sample 48	2	1	12	87200	36.96	2.5
D12	Sample 48	2	1	13	92200	36.96	2.5
D12	Sample 48	2	1	14	97190	36.96	2.51
D12	Sample 48	2	1	15	102200	36.96	2.49
E1	Sample 49	2	1	1	32220	36.96	0.82
E1	Sample 49	2	1	2	37200	36.96	0.82
E1	Sample 49	2	1	3	42190	36.96	0.82
E1	Sample 49	2	1	4	47190	36.96	0.81
E1	Sample 49	2	1	5	52200	36.96	0.81
E1	Sample 49	2	1	6	57190	37	0.82
E1	Sample 49	2	1	7	62190	37	0.82
E1	Sample 49	2	1	8	67180	37	0.82
E1	Sample 49	2	1	9	72190	36.96	0.82
E1	Sample 49	2	1	10	77190	36.96	0.82
E1	Sample 49	2	1	11	82210	37	0.81
E1	Sample 49	2	1	12	87200	36.96	0.82
E1	Sample 49	2	1	13	92200	36.96	0.82
E1	Sample 49	2	1	14	97190	36.96	0.82
E1	Sample 49	2	1	15	102200	36.96	0.81
E2	Sample 50	2	1	1	32220	36.96	0.8
E2	Sample 50	2	1	2	37200	36.96	0.79
E2	Sample 50	2	1	3	42190	36.96	0.79
E2	Sample 50	2	1	4	47190	36.96	0.8
E2	Sample 50	2	1	5	52200	36.96	0.79
E2	Sample 50	2	1	6	57190	37	0.8
E2	Sample 50	2	1	7	62190	37	0.8
E2	Sample 50	2	1	8	67180	37	0.8
E2	Sample 50	2	1	9	72190	36.96	0.79
E2	Sample 50	2	1	10	77190	36.96	0.79
E2	Sample 50	2	1	11	82210	37	0.79
E2	Sample 50	2	1	12	87200	36.96	0.79
E2	Sample 50	2	1	13	92200	36.96	0.8
E2	Sample 50	2	1	14	97190	36.96	0.79
E2	Sample 50	2	1	15	102200	36.96	0.79
E3	Sample 51	2	1	1	32220	36.96	1.58
E3	Sample 51	2	1	2	37200	36.96	1.58
E3	Sample 51	2	1	3	42190	36.96	1.58
E3	Sample 51	2	1	4	47190	36.96	1.58
E3	Sample 51	2	1	5	52200	36.96	1.57
E3	Sample 51	2	1	6	57190	37	1.57
E3	Sample 51	2	1	7	62190	37	1.58
E3	Sample 51	2	1	8	67180	37	1.57
E3	Sample 51	2	1	9	72190	36.96	1.57
E3	Sample 51	2	1	10	77190	36.96	1.58
E3	Sample 51	2	1	11	82210	37	1.57
E3	Sample 51	2	1	12	87200	36.96	1.57
E3	Sample 51	2	1	13	92200	36.96	1.58
E3	Sample 51	2	1	14	97190	36.96	1.57
E3	Sample 51	2	1	15	102200	36.96	1.56
E4	Sample 52	2	1	1	32220	36.96	1.49
E4	Sample 52	2	1	2	37200	36.96	1.48
E4	Sample 52	2	1	3	42190	36.96	1.49
E4	Sample 52	2	1	4	47190	36.96	1.48
E4	Sample 52	2	1	5	52200	36.96	1.49
E4	Sample 52	2	1	6	57190	37	1.49
E4	Sample 52	2	1	7	62190	37	1.48
E4	Sample 52	2	1	8	67180	37	1.49
E4	Sample 52	2	1	9	72190	36.96	1.48
E4	Sample 52	2	1	10	77190	36.96	1.49
E4	Sample 52	2	1	11	82210	37	1.48
E4	Sample 52	2	1	12	87200	36.96	1.47
E4	Sample 52	2	1	13	92200	36.96	1.48
E4	Sample 52	2	1	14	97190	36.96	1.49
E4	Sample 52	2	1	15	102200	36.96	1.48
E5	Sample 53	2	1	1	32220	36.96	1.12
E5	Sample 53	2	1	2	37200	36.96	1.11
E5	Sample 53	2	1	3	42190	36.96	1.11
E5	Sample 53	2	1	4	47190	36.96	1.12
E5	Sample 53	2	1	5	52200	36.96	1.11
E5	Sample 53	2	1	6	57190	37	1.12
E5	Sample 53	2	1	7	62190	37	1.11
E5	Sample 53	2	1	8	67180	37	1.11
E5	Sample 53	2	1	9	72190	36.96	1.11
E5	Sample 53	2	1	10	77190	36.96	1.11
E5	Sample 53	2	1	11	82210	37	1.11
E5	Sample 53	2	1	12	87200	36.96	1.1
E5	Sample 53	2	1	13	92200	36.96	1.1
E5	Sample 53	2	1	14	97190	36.96	1.1
E5	Sample 53	2	1	15	102200	36.96	1.1
E6	Sample 54	2	1	1	32220	36.96	1.11
E6	Sample 54	2	1	2	37200	36.96	1.11
E6	Sample 54	2	1	3	42190	36.96	1.11
E6	Sample 54	2	1	4	47190	36.96	1.1
E6	Sample 54	2	1	5	52200	36.96	1.1
E6	Sample 54	2	1	6	57190	37	1.11
E6	Sample 54	2	1	7	62190	37	1.1
E6	Sample 54	2	1	8	67180	37	1.1
E6	Sample 54	2	1	9	72190	36.96	1.1
E6	Sample 54	2	1	10	77190	36.96	1.1
E6	Sample 54	2	1	11	82210	37	1.1
E6	Sample 54	2	1	12	87200	36.96	1.09
E6	Sample 54	2	1	13	92200	36.96	1.09
E6	Sample 54	2	1	14	97190	36.96	1.09
E6	Sample 54	2	1	15	102200	36.96	1.09
E7	Sample 55	2	1	1	32220	36.96	1.18
E7	Sample 55	2	1	2	37200	36.96	1.17
E7	Sample 55	2	1	3	42190	36.96	1.18
E7	Sample 55	2	1	4	47190	36.96	1.17
E7	Sample 55	2	1	5	52200	36.96	1.17
E7	Sample 55	2	1	6	57190	37	1.18
E7	Sample 55	2	1	7	62190	37	1.18
E7	Sample 55	2	1	8	67180	37	1.17
E7	Sample 55	2	1	9	72190	36.96	1.17
E7	Sample 55	2	1	10	77190	36.96	1.17
E7	Sample 55	2	1	11	82210	37	1.16
E7	Sample 55	2	1	12	87200	36.96	1.16
E7	Sample 55	2	1	13	92200	36.96	1.16
E7	Sample 55	2	1	14	97190	36.96	1.17
E7	Sample 55	2	1	15	102200	36.96	1.16
E8	Sample 56	2	1	1	32220	36.96	1.11
E8	Sample 56	2	1	2	37200	36.96	1.1
E8	Sample 56	2	1	3	42190	36.96	1.11
E8	Sample 56	2	1	4	47190	36.96	1.1
E8	Sample 56	2	1	5	52200	36.96	1.1
E8	Sample 56	2	1	6	57190	37	1.11
E8	Sample 56	2	1	7	62190	37	1.11
E8	Sample 56	2	1	8	67180	37	1.11
E8	Sample 56	2	1	9	72190	36.96	1.1
E8	Sample 56	2	1	10	77190	36.96	1.11
E8	Sample 56	2	1	11	82210	37	1.1
E8	Sample 56	2	1	12	87200	36.96	1.1
E8	Sample 56	2	1	13	92200	36.96	1.1
E8	Sample 56	2	1	14	97190	36.96	1.1
E8	Sample 56	2	1	15	102200	36.96	1.09
E9	Sample 57	2	1	1	32220	36.96	2.77
E9	Sample 57	2	1	2	37200	36.96	2.77
E9	Sample 57	2	1	3	42190	36.96	2.72
E9	Sample 57	2	1	4	47190	36.96	2.72
E9	Sample 57	2	1	5	52200	36.96	2.71
E9	Sample 57	2	1	6	57190	37	2.72
E9	Sample 57	2	1	7	62190	37	2.72
E9	Sample 57	2	1	8	67180	37	2.72
E9	Sample 57	2	1	9	72190	36.96	2.71
E9	Sample 57	2	1	10	77190	36.96	2.71
E9	Sample 57	2	1	11	82210	37	2.69
E9	Sample 57	2	1	12	87200	36.96	2.71
E9	Sample 57	2	1	13	92200	36.96	2.7
E9	Sample 57	2	1	14	97190	36.96	2.71
E9	Sample 57	2	1	15	102200	36.96	2.69
E10	Sample 58	2	1	1	32220	36.96	2.75
E10	Sample 58	2	1	2	37200	36.96	2.75
E10	Sample 58	2	1	3	42190	36.96	2.75
E10	Sample 58	2	1	4	47190	36.96	2.73
E10	Sample 58	2	1	5	52200	36.96	2.73
E10	Sample 58	2	1	6	57190	37	2.73
E10	Sample 58	2	1	7	62190	37	2.72
E10	Sample 58	2	1	8	67180	37	2.71
E10	Sample 58	2	1	9	72190	36.96	2.71
E10	Sample 58	2	1	10	77190	36.96	2.71
E10	Sample 58	2	1	11	82210	37	2.71
E10	Sample 58	2	1	12	87200	36.96	2.71
E10	Sample 58	2	1	13	92200	36.96	2.71
E10	Sample 58	2	1	14	97190	36.96	2.71
E10	Sample 58	2	1	15	102200	36.96	2.69
E11	Sample 59	2	1	1	32220	36.96	2.83
E11	Sample 59	2	1	2	37200	36.96	2.8
E11	Sample 59	2	1	3	42190	36.96	2.8
E11	Sample 59	2	1	4	47190	36.96	2.81
E11	Sample 59	2	1	5	52200	36.96	2.79
E11	Sample 59	2	1	6	57190	37	2.8
E11	Sample 59	2	1	7	62190	37	2.79
E11	Sample 59	2	1	8	67180	37	2.78
E11	Sample 59	2	1	9	72190	36.96	2.78
E11	Sample 59	2	1	10	77190	36.96	2.79
E11	Sample 59	2	1	11	82210	37	2.77
E11	Sample 59	2	1	12	87200	36.96	2.77
E11	Sample 59	2	1	13	92200	36.96	2.78
E11	Sample 59	2	1	14	97190	36.96	2.77
E11	Sample 59	2	1	15	102200	36.96	2.76
E12	Sample 60	2	1	1	32220	36.96	2.55
E12	Sample 60	2	1	2	37200	36.96	2.54
E12	Sample 60	2	1	3	42190	36.96	2.55
E12	Sample 60	2	1	4	47190	36.96	2.54
E12	Sample 60	2	1	5	52200	36.96	2.53
E12	Sample 60	2	1	6	57190	37	2.54
E12	Sample 60	2	1	7	62190	37	2.54
E12	Sample 60	2	1	8	67180	37	2.53
E12	Sample 60	2	1	9	72190	36.96	2.54
E12	Sample 60	2	1	10	77190	36.96	2.53
E12	Sample 60	2	1	11	82210	37	2.53
E12	Sample 60	2	1	12	87200	36.96	2.53
E12	Sample 60	2	1	13	92200	36.96	2.53
E12	Sample 60	2	1	14	97190	36.96	2.53
E12	Sample 60	2	1	15	102200	36.96	2.52
F1	Sample 61	2	1	1	32220	36.96	0.86
F1	Sample 61	2	1	2	37200	36.96	0.85
F1	Sample 61	2	1	3	42190	36.96	0.84
F1	Sample 61	2	1	4	47190	36.96	0.84
F1	Sample 61	2	1	5	52200	36.96	0.85
F1	Sample 61	2	1	6	57190	37	0.85
F1	Sample 61	2	1	7	62190	37	0.85
F1	Sample 61	2	1	8	67180	37	0.84
F1	Sample 61	2	1	9	72190	36.96	0.84
F1	Sample 61	2	1	10	77190	36.96	0.84
F1	Sample 61	2	1	11	82210	37	0.83
F1	Sample 61	2	1	12	87200	36.96	0.84
F1	Sample 61	2	1	13	92200	36.96	0.83
F1	Sample 61	2	1	14	97190	36.96	0.84
F1	Sample 61	2	1	15	102200	36.96	0.83
F2	Sample 62	2	1	1	32220	36.96	0.96
F2	Sample 62	2	1	2	37200	36.96	0.96
F2	Sample 62	2	1	3	42190	36.96	0.96
F2	Sample 62	2	1	4	47190	36.96	0.96
F2	Sample 62	2	1	5	52200	36.96	0.96
F2	Sample 62	2	1	6	57190	37	0.96
F2	Sample 62	2	1	7	62190	37	0.96
F2	Sample 62	2	1	8	67180	37	0.96
F2	Sample 62	2	1	9	72190	36.96	0.96
F2	Sample 62	2	1	10	77190	36.96	0.96
F2	Sample 62	2	1	11	82210	37	0.96
F2	Sample 62	2	1	12	87200	36.96	0.96
F2	Sample 62	2	1	13	92200	36.96	0.95
F2	Sample 62	2	1	14	97190	36.96	0.96
F2	Sample 62	2	1	15	102200	36.96	0.97
F3	Sample 63	2	1	1	32220	36.96	1.89
F3	Sample 63	2	1	2	37200	36.96	1.88
F3	Sample 63	2	1	3	42190	36.96	1.87
F3	Sample 63	2	1	4	47190	36.96	1.87
F3	Sample 63	2	1	5	52200	36.96	1.88
F3	Sample 63	2	1	6	57190	37	1.87
F3	Sample 63	2	1	7	62190	37	1.87
F3	Sample 63	2	1	8	67180	37	1.86
F3	Sample 63	2	1	9	72190	36.96	1.85
F3	Sample 63	2	1	10	77190	36.96	1.86
F3	Sample 63	2	1	11	82210	37	1.85
F3	Sample 63	2	1	12	87200	36.96	1.86
F3	Sample 63	2	1	13	92200	36.96	1.85
F3	Sample 63	2	1	14	97190	36.96	1.86
F3	Sample 63	2	1	15	102200	36.96	1.86
F4	Sample 64	2	1	1	32220	36.96	1.86
F4	Sample 64	2	1	2	37200	36.96	1.86
F4	Sample 64	2	1	3	42190	36.96	1.85
F4	Sample 64	2	1	4	47190	36.96	1.85
F4	Sample 64	2	1	5	52200	36.96	1.85
F4	Sample 64	2	1	6	57190	37	1.85
F4	Sample 64	2	1	7	62190	37	1.84
F4	Sample 64	2	1	8	67180	37	1.85
F4	Sample 64	2	1	9	72190	36.96	1.85
F4	Sample 64	2	1	10	77190	36.96	1.85
F4	Sample 64	2	1	11	82210	37	1.85
F4	Sample 64	2	1	12	87200	36.96	1.85
F4	Sample 64	2	1	13	92200	36.96	1.84
F4	Sample 64	2	1	14	97190	36.96	1.84
F4	Sample 64	2	1	15	102200	36.96	1.85
F5	Sample 65	2	1	1	32220	36.96	1.07
F5	Sample 65	2	1	2	37200	36.96	1.16
F5	Sample 65	2	1	3	42190	36.96	1.1
F5	Sample 65	2	1	4	47190	36.96	1.08
F5	Sample 65	2	1	5	52200	36.96	1.08
F5	Sample 65	2	1	6	57190	37	1.08
F5	Sample 65	2	1	7	62190	37	1.08
F5	Sample 65	2	1	8	67180	37	1.09
F5	Sample 65	2	1	9	72190	36.96	1.08
F5	Sample 65	2	1	10	77190	36.96	1.08
F5	Sample 65	2	1	11	82210	37	1.08
F5	Sample 65	2	1	12	87200	36.96	1.08
F5	Sample 65	2	1	13	92200	36.96	1.08
F5	Sample 65	2	1	14	97190	36.96	1.08
F5	Sample 65	2	1	15	102200	36.96	1.08
F6	Sample 66	2	1	1	32220	36.96	1.1
F6	Sample 66	2	1	2	37200	36.96	1.1
F6	Sample 66	2	1	3	42190	36.96	1.09
F6	Sample 66	2	1	4	47190	36.96	1.1
F6	Sample 66	2	1	5	52200	36.96	1.09
F6	Sample 66	2	1	6	57190	37	1.1
F6	Sample 66	2	1	7	62190	37	1.09
F6	Sample 66	2	1	8	67180	37	1.09
F6	Sample 66	2	1	9	72190	36.96	1.09
F6	Sample 66	2	1	10	77190	36.96	1.09
F6	Sample 66	2	1	11	82210	37	1.09
F6	Sample 66	2	1	12	87200	36.96	1.09
F6	Sample 66	2	1	13	92200	36.96	1.09
F6	Sample 66	2	1	14	97190	36.96	1.09
F6	Sample 66	2	1	15	102200	36.96	1.09
F7	Sample 67	2	1	1	32220	36.96	1.31
F7	Sample 67	2	1	2	37200	36.96	1.31
F7	Sample 67	2	1	3	42190	36.96	1.31
F7	Sample 67	2	1	4	47190	36.96	1.3
F7	Sample 67	2	1	5	52200	36.96	1.31
F7	Sample 67	2	1	6	57190	37	1.31
F7	Sample 67	2	1	7	62190	37	1.31
F7	Sample 67	2	1	8	67180	37	1.3
F7	Sample 67	2	1	9	72190	36.96	1.3
F7	Sample 67	2	1	10	77190	36.96	1.31
F7	Sample 67	2	1	11	82210	37	1.3
F7	Sample 67	2	1	12	87200	36.96	1.31
F7	Sample 67	2	1	13	92200	36.96	1.3
F7	Sample 67	2	1	14	97190	36.96	1.3
F7	Sample 67	2	1	15	102200	36.96	1.3
F8	Sample 68	2	1	1	32220	36.96	1.34
F8	Sample 68	2	1	2	37200	36.96	1.34
F8	Sample 68	2	1	3	42190	36.96	1.33
F8	Sample 68	2	1	4	47190	36.96	1.33
F8	Sample 68	2	1	5	52200	36.96	1.33
F8	Sample 68	2	1	6	57190	37	1.33
F8	Sample 68	2	1	7	62190	37	1.33
F8	Sample 68	2	1	8	67180	37	1.32
F8	Sample 68	2	1	9	72190	36.96	1.33
F8	Sample 68	2	1	10	77190	36.96	1.32
F8	Sample 68	2	1	11	82210	37	1.33
F8	Sample 68	2	1	12	87200	36.96	1.32
F8	Sample 68	2	1	13	92200	36.96	1.32
F8	Sample 68	2	1	14	97190	36.96	1.32
F8	Sample 68	2	1	15	102200	36.96	1.32
F9	Sample 69	2	1	1	32220	36.96	2.83
F9	Sample 69	2	1	2	37200	36.96	2.83
F9	Sample 69	2	1	3	42190	36.96	2.82
F9	Sample 69	2	1	4	47190	36.96	2.81
F9	Sample 69	2	1	5	52200	36.96	2.81
F9	Sample 69	2	1	6	57190	37	2.81
F9	Sample 69	2	1	7	62190	37	2.81
F9	Sample 69	2	1	8	67180	37	2.79
F9	Sample 69	2	1	9	72190	36.96	2.79
F9	Sample 69	2	1	10	77190	36.96	2.8
F9	Sample 69	2	1	11	82210	37	2.79
F9	Sample 69	2	1	12	87200	36.96	2.79
F9	Sample 69	2	1	13	92200	36.96	2.77
F9	Sample 69	2	1	14	97190	36.96	2.77
F9	Sample 69	2	1	15	102200	36.96	2.77
F10	Sample 70	2	1	1	32220	36.96	2.77
F10	Sample 70	2	1	2	37200	36.96	2.75
F10	Sample 70	2	1	3	42190	36.96	2.75
F10	Sample 70	2	1	4	47190	36.96	2.75
F10	Sample 70	2	1	5	52200	36.96	2.75
F10	Sample 70	2	1	6	57190	37	2.75
F10	Sample 70	2	1	7	62190	37	2.73
F10	Sample 70	2	1	8	67180	37	2.74
F10	Sample 70	2	1	9	72190	36.96	2.75
F10	Sample 70	2	1	10	77190	36.96	2.72
F10	Sample 70	2	1	11	82210	37	2.71
F10	Sample 70	2	1	12	87200	36.96	2.7
F10	Sample 70	2	1	13	92200	36.96	2.7
F10	Sample 70	2	1	14	97190	36.96	2.69
F10	Sample 70	2	1	15	102200	36.96	2.7
F11	Sample 71	2	1	1	32220	36.96	2.59
F11	Sample 71	2	1	2	37200	36.96	2.6
F11	Sample 71	2	1	3	42190	36.96	2.58
F11	Sample 71	2	1	4	47190	36.96	2.58
F11	Sample 71	2	1	5	52200	36.96	2.58
F11	Sample 71	2	1	6	57190	37	2.58
F11	Sample 71	2	1	7	62190	37	2.57
F11	Sample 71	2	1	8	67180	37	2.57
F11	Sample 71	2	1	9	72190	36.96	2.57
F11	Sample 71	2	1	10	77190	36.96	2.54
F11	Sample 71	2	1	11	82210	37	2.53
F11	Sample 71	2	1	12	87200	36.96	2.53
F11	Sample 71	2	1	13	92200	36.96	2.53
F11	Sample 71	2	1	14	97190	36.96	2.53
F11	Sample 71	2	1	15	102200	36.96	2.53
F12	Sample 72	2	1	1	32220	36.96	2.46
F12	Sample 72	2	1	2	37200	36.96	2.46
F12	Sample 72	2	1	3	42190	36.96	2.46
F12	Sample 72	2	1	4	47190	36.96	2.46
F12	Sample 72	2	1	5	52200	36.96	2.44
F12	Sample 72	2	1	6	57190	37	2.45
F12	Sample 72	2	1	7	62190	37	2.45
F12	Sample 72	2	1	8	67180	37	2.44
F12	Sample 72	2	1	9	72190	36.96	2.45
F12	Sample 72	2	1	10	77190	36.96	2.44
F12	Sample 72	2	1	11	82210	37	2.45
F12	Sample 72	2	1	12	87200	36.96	2.44
F12	Sample 72	2	1	13	92200	36.96	2.43
F12	Sample 72	2	1	14	97190	36.96	2.44
F12	Sample 72	2	1	15	102200	36.96	2.44
G1	Sample 73	2	1	1	32220	36.96	1.45
G1	Sample 73	2	1	2	37200	36.96	1.44
G1	Sample 73	2	1	3	42190	36.96	1.44
G1	Sample 73	2	1	4	47190	36.96	1.44
G1	Sample 73	2	1	5	52200	36.96	1.44
G1	Sample 73	2	1	6	57190	37	1.44
G1	Sample 73	2	1	7	62190	37	1.44
G1	Sample 73	2	1	8	67180	37	1.43
G1	Sample 73	2	1	9	72190	36.96	1.44
G1	Sample 73	2	1	10	77190	36.96	1.44
G1	Sample 73	2	1	11	82210	37	1.44
G1	Sample 73	2	1	12	87200	36.96	1.43
G1	Sample 73	2	1	13	92200	36.96	1.43
G1	Sample 73	2	1	14	97190	36.96	1.44
G1	Sample 73	2	1	15	102200	36.96	1.44
G2	Sample 74	2	1	1	32220	36.96	1.44
G2	Sample 74	2	1	2	37200	36.96	1.44
G2	Sample 74	2	1	3	42190	36.96	1.44
G2	Sample 74	2	1	4	47190	36.96	1.43
G2	Sample 74	2	1	5	52200	36.96	1.44
G2	Sample 74	2	1	6	57190	37	1.43
G2	Sample 74	2	1	7	62190	37	1.4
G2	Sample 74	2	1	8	67180	37	1.41
G2	Sample 74	2	1	9	72190	36.96	1.41
G2	Sample 74	2	1	10	77190	36.96	1.42
G2	Sample 74	2	1	11	82210	37	1.4
G2	Sample 74	2	1	12	87200	36.96	1.41
G2	Sample 74	2	1	13	92200	36.96	1.41
G2	Sample 74	2	1	14	97190	36.96	1.42
G2	Sample 74	2	1	15	102200	36.96	1.41
G3	Sample 75	2	1	1	32220	36.96	2.18
G3	Sample 75	2	1	2	37200	36.96	2.17
G3	Sample 75	2	1	3	42190	36.96	2.16
G3	Sample 75	2	1	4	47190	36.96	2.16
G3	Sample 75	2	1	5	52200	36.96	2.16
G3	Sample 75	2	1	6	57190	37	2.17
G3	Sample 75	2	1	7	62190	37	2.15
G3	Sample 75	2	1	8	67180	37	2.16
G3	Sample 75	2	1	9	72190	36.96	2.16
G3	Sample 75	2	1	10	77190	36.96	2.16
G3	Sample 75	2	1	11	82210	37	2.15
G3	Sample 75	2	1	12	87200	36.96	2.15
G3	Sample 75	2	1	13	92200	36.96	2.14
G3	Sample 75	2	1	14	97190	36.96	2.15
G3	Sample 75	2	1	15	102200	36.96	2.14
G4	Sample 76	2	1	1	32220	36.96	2.18
G4	Sample 76	2	1	2	37200	36.96	2.18
G4	Sample 76	2	1	3	42190	36.96	2.17
G4	Sample 76	2	1	4	47190	36.96	2.17
G4	Sample 76	2	1	5	52200	36.96	2.18
G4	Sample 76	2	1	6	57190	37	2.18
G4	Sample 76	2	1	7	62190	37	2.17
G4	Sample 76	2	1	8	67180	37	2.15
G4	Sample 76	2	1	9	72190	36.96	2.14
G4	Sample 76	2	1	10	77190	36.96	2.15
G4	Sample 76	2	1	11	82210	37	2.15
G4	Sample 76	2	1	12	87200	36.96	2.14
G4	Sample 76	2	1	13	92200	36.96	2.15
G4	Sample 76	2	1	14	97190	36.96	2.15
G4	Sample 76	2	1	15	102200	36.96	2.14
G5	Sample 77	2	1	1	32220	36.96	1.48
G5	Sample 77	2	1	2	37200	36.96	1.5
G5	Sample 77	2	1	3	42190	36.96	1.36
G5	Sample 77	2	1	4	47190	36.96	1.27
G5	Sample 77	2	1	5	52200	36.96	1.24
G5	Sample 77	2	1	6	57190	37	1.24
G5	Sample 77	2	1	7	62190	37	1.24
G5	Sample 77	2	1	8	67180	37	1.24
G5	Sample 77	2	1	9	72190	36.96	1.24
G5	Sample 77	2	1	10	77190	36.96	1.24
G5	Sample 77	2	1	11	82210	37	1.24
G5	Sample 77	2	1	12	87200	36.96	1.24
G5	Sample 77	2	1	13	92200	36.96	1.25
G5	Sample 77	2	1	14	97190	36.96	1.24
G5	Sample 77	2	1	15	102200	36.96	1.25
G6	Sample 78	2	1	1	32220	36.96	1.26
G6	Sample 78	2	1	2	37200	36.96	1.26
G6	Sample 78	2	1	3	42190	36.96	1.25
G6	Sample 78	2	1	4	47190	36.96	1.25
G6	Sample 78	2	1	5	52200	36.96	1.25
G6	Sample 78	2	1	6	57190	37	1.25
G6	Sample 78	2	1	7	62190	37	1.25
G6	Sample 78	2	1	8	67180	37	1.26
G6	Sample 78	2	1	9	72190	36.96	1.25
G6	Sample 78	2	1	10	77190	36.96	1.25
G6	Sample 78	2	1	11	82210	37	1.24
G6	Sample 78	2	1	12	87200	36.96	1.25
G6	Sample 78	2	1	13	92200	36.96	1.25
G6	Sample 78	2	1	14	97190	36.96	1.25
G6	Sample 78	2	1	15	102200	36.96	1.25
G7	Sample 79	2	1	1	32220	36.96	1.39
G7	Sample 79	2	1	2	37200	36.96	1.38
G7	Sample 79	2	1	3	42190	36.96	1.37
G7	Sample 79	2	1	4	47190	36.96	1.38
G7	Sample 79	2	1	5	52200	36.96	1.39
G7	Sample 79	2	1	6	57190	37	1.38
G7	Sample 79	2	1	7	62190	37	1.37
G7	Sample 79	2	1	8	67180	37	1.38
G7	Sample 79	2	1	9	72190	36.96	1.37
G7	Sample 79	2	1	10	77190	36.96	1.38
G7	Sample 79	2	1	11	82210	37	1.35
G7	Sample 79	2	1	12	87200	36.96	1.35
G7	Sample 79	2	1	13	92200	36.96	1.35
G7	Sample 79	2	1	14	97190	36.96	1.35
G7	Sample 79	2	1	15	102200	36.96	1.35
G8	Sample 80	2	1	1	32220	36.96	1.35
G8	Sample 80	2	1	2	37200	36.96	1.33
G8	Sample 80	2	1	3	42190	36.96	1.33
G8	Sample 80	2	1	4	47190	36.96	1.33
G8	Sample 80	2	1	5	52200	36.96	1.33
G8	Sample 80	2	1	6	57190	37	1.33
G8	Sample 80	2	1	7	62190	37	1.33
G8	Sample 80	2	1	8	67180	37	1.33
G8	Sample 80	2	1	9	72190	36.96	1.32
G8	Sample 80	2	1	10	77190	36.96	1.33
G8	Sample 80	2	1	11	82210	37	1.32
G8	Sample 80	2	1	12	87200	36.96	1.32
G8	Sample 80	2	1	13	92200	36.96	1.32
G8	Sample 80	2	1	14	97190	36.96	1.32
G8	Sample 80	2	1	15	102200	36.96	1.33
G9	Sample 81	2	1	1	32220	36.96	2.71
G9	Sample 81	2	1	2	37200	36.96	2.7
G9	Sample 81	2	1	3	42190	36.96	2.69
G9	Sample 81	2	1	4	47190	36.96	2.7
G9	Sample 81	2	1	5	52200	36.96	2.69
G9	Sample 81	2	1	6	57190	37	2.7
G9	Sample 81	2	1	7	62190	37	2.69
G9	Sample 81	2	1	8	67180	37	2.69
G9	Sample 81	2	1	9	72190	36.96	2.68
G9	Sample 81	2	1	10	77190	36.96	2.68
G9	Sample 81	2	1	11	82210	37	2.67
G9	Sample 81	2	1	12	87200	36.96	2.67
G9	Sample 81	2	1	13	92200	36.96	2.68
G9	Sample 81	2	1	14	97190	36.96	2.68
G9	Sample 81	2	1	15	102200	36.96	2.67
G10	Sample 82	2	1	1	32220	36.96	2.7
G10	Sample 82	2	1	2	37200	36.96	2.69
G10	Sample 82	2	1	3	42190	36.96	2.68
G10	Sample 82	2	1	4	47190	36.96	2.68
G10	Sample 82	2	1	5	52200	36.96	2.68
G10	Sample 82	2	1	6	57190	37	2.68
G10	Sample 82	2	1	7	62190	37	2.68
G10	Sample 82	2	1	8	67180	37	2.67
G10	Sample 82	2	1	9	72190	36.96	2.66
G10	Sample 82	2	1	10	77190	36.96	2.66
G10	Sample 82	2	1	11	82210	37	2.66
G10	Sample 82	2	1	12	87200	36.96	2.66
G10	Sample 82	2	1	13	92200	36.96	2.66
G10	Sample 82	2	1	14	97190	36.96	2.66
G10	Sample 82	2	1	15	102200	36.96	2.66
G11	Sample 83	2	1	1	32220	36.96	3.34
G11	Sample 83	2	1	2	37200	36.96	3.32
G11	Sample 83	2	1	3	42190	36.96	3.31
G11	Sample 83	2	1	4	47190	36.96	3.31
G11	Sample 83	2	1	5	52200	36.96	3.3
G11	Sample 83	2	1	6	57190	37	3.31
G11	Sample 83	2	1	7	62190	37	3.31
G11	Sample 83	2	1	8	67180	37	3.3
G11	Sample 83	2	1	9	72190	36.96	3.3
G11	Sample 83	2	1	10	77190	36.96	3.29
G11	Sample 83	2	1	11	82210	37	3.29
G11	Sample 83	2	1	12	87200	36.96	3.29
G11	Sample 83	2	1	13	92200	36.96	3.29
G11	Sample 83	2	1	14	97190	36.96	3.3
G11	Sample 83	2	1	15	102200	36.96	3.3
G12	Sample 84	2	1	1	32220	36.96	2.54
G12	Sample 84	2	1	2	37200	36.96	2.53
G12	Sample 84	2	1	3	42190	36.96	2.53
G12	Sample 84	2	1	4	47190	36.96	2.52
G12	Sample 84	2	1	5	52200	36.96	2.52
G12	Sample 84	2	1	6	57190	37	2.52
G12	Sample 84	2	1	7	62190	37	2.52
G12	Sample 84	2	1	8	67180	37	2.52
G12	Sample 84	2	1	9	72190	36.96	2.51
G12	Sample 84	2	1	10	77190	36.96	2.52
G12	Sample 84	2	1	11	82210	37	2.51
G12	Sample 84	2	1	12	87200	36.96	2.51
G12	Sample 84	2	1	13	92200	36.96	2.51
G12	Sample 84	2	1	14	97190	36.96	2.51
G12	Sample 84	2	1	15	102200	36.96	2.51
H1	Sample 85	2	1	1	32220	36.96	2.06
H1	Sample 85	2	1	2	37200	36.96	2.03
H1	Sample 85	2	1	3	42190	36.96	2.12
H1	Sample 85	2	1	4	47190	36.96	2.69
H1	Sample 85	2	1	5	52200	36.96	3.11
H1	Sample 85	2	1	6	57190	37	2.83
H1	Sample 85	2	1	7	62190	37	2.43
H1	Sample 85	2	1	8	67180	37	2.17
H1	Sample 85	2	1	9	72190	36.96	2.02
H1	Sample 85	2	1	10	77190	36.96	1.94
H1	Sample 85	2	1	11	82210	37	1.9
H1	Sample 85	2	1	12	87200	36.96	1.89
H1	Sample 85	2	1	13	92200	36.96	1.92
H1	Sample 85	2	1	14	97190	36.96	1.92
H1	Sample 85	2	1	15	102200	36.96	1.93
H2	Sample 86	2	1	1	32220	36.96	1.96
H2	Sample 86	2	1	2	37200	36.96	1.96
H2	Sample 86	2	1	3	42190	36.96	1.96
H2	Sample 86	2	1	4	47190	36.96	1.96
H2	Sample 86	2	1	5	52200	36.96	1.97
H2	Sample 86	2	1	6	57190	37	1.98
H2	Sample 86	2	1	7	62190	37	2.01
H2	Sample 86	2	1	8	67180	37	2
H2	Sample 86	2	1	9	72190	36.96	2.03
H2	Sample 86	2	1	10	77190	36.96	2.03
H2	Sample 86	2	1	11	82210	37	2.03
H2	Sample 86	2	1	12	87200	36.96	2.03
H2	Sample 86	2	1	13	92200	36.96	2.04
H2	Sample 86	2	1	14	97190	36.96	2.04
H2	Sample 86	2	1	15	102200	36.96	2.04
H3	Sample 87	2	1	1	32220	36.96	2.2
H3	Sample 87	2	1	2	37200	36.96	2.19
H3	Sample 87	2	1	3	42190	36.96	2.16
H3	Sample 87	2	1	4	47190	36.96	2.15
H3	Sample 87	2	1	5	52200	36.96	2.16
H3	Sample 87	2	1	6	57190	37	2.16
H3	Sample 87	2	1	7	62190	37	2.15
H3	Sample 87	2	1	8	67180	37	2.16
H3	Sample 87	2	1	9	72190	36.96	2.15
H3	Sample 87	2	1	10	77190	36.96	2.15
H3	Sample 87	2	1	11	82210	37	2.15
H3	Sample 87	2	1	12	87200	36.96	2.15
H3	Sample 87	2	1	13	92200	36.96	2.15
H3	Sample 87	2	1	14	97190	36.96	2.15
H3	Sample 87	2	1	15	102200	36.96	2.15
H4	Sample 88	2	1	1	32220	36.96	2.04
H4	Sample 88	2	1	2	37200	36.96	2.03
H4	Sample 88	2	1	3	42190	36.96	2.03
H4	Sample 88	2	1	4	47190	36.96	2.02
H4	Sample 88	2	1	5	52200	36.96	2.03
H4	Sample 88	2	1	6	57190	37	2.02
H4	Sample 88	2	1	7	62190	37	2.02
H4	Sample 88	2	1	8	67180	37	2.03
H4	Sample 88	2	1	9	72190	36.96	2.03
H4	Sample 88	2	1	10	77190	36.96	2.03
H4	Sample 88	2	1	11	82210	37	2.02
H4	Sample 88	2	1	12	87200	36.96	2.03
H4	Sample 88	2	1	13	92200	36.96	2.02
H4	Sample 88	2	1	14	97190	36.96	2.02
H4	Sample 88	2	1	15	102200	36.96	2.02
H5	Sample 89	2	1	1	32220	36.96	1.35
H5	Sample 89	2	1	2	37200	36.96	1.35
H5	Sample 89	2	1	3	42190	36.96	1.35
H5	Sample 89	2	1	4	47190	36.96	1.35
H5	Sample 89	2	1	5	52200	36.96	1.35
H5	Sample 89	2	1	6	57190	37	1.35
H5	Sample 89	2	1	7	62190	37	1.35
H5	Sample 89	2	1	8	67180	37	1.35
H5	Sample 89	2	1	9	72190	36.96	1.35
H5	Sample 89	2	1	10	77190	36.96	1.35
H5	Sample 89	2	1	11	82210	37	1.34
H5	Sample 89	2	1	12	87200	36.96	1.34
H5	Sample 89	2	1	13	92200	36.96	1.35
H5	Sample 89	2	1	14	97190	36.96	1.34
H5	Sample 89	2	1	15	102200	36.96	1.35
H6	Sample 90	2	1	1	32220	36.96	1.29
H6	Sample 90	2	1	2	37200	36.96	1.29
H6	Sample 90	2	1	3	42190	36.96	1.29
H6	Sample 90	2	1	4	47190	36.96	1.28
H6	Sample 90	2	1	5	52200	36.96	1.28
H6	Sample 90	2	1	6	57190	37	1.28
H6	Sample 90	2	1	7	62190	37	1.27
H6	Sample 90	2	1	8	67180	37	1.28
H6	Sample 90	2	1	9	72190	36.96	1.28
H6	Sample 90	2	1	10	77190	36.96	1.28
H6	Sample 90	2	1	11	82210	37	1.27
H6	Sample 90	2	1	12	87200	36.96	1.28
H6	Sample 90	2	1	13	92200	36.96	1.27
H6	Sample 90	2	1	14	97190	36.96	1.28
H6	Sample 90	2	1	15	102200	36.96	1.28
H7	Sample 91	2	1	1	32220	36.96	1.29
H7	Sample 91	2	1	2	37200	36.96	1.28
H7	Sample 91	2	1	3	42190	36.96	1.28
H7	Sample 91	2	1	4	47190	36.96	1.28
H7	Sample 91	2	1	5	52200	36.96	1.27
H7	Sample 91	2	1	6	57190	37	1.27
H7	Sample 91	2	1	7	62190	37	1.26
H7	Sample 91	2	1	8	67180	37	1.26
H7	Sample 91	2	1	9	72190	36.96	1.27
H7	Sample 91	2	1	10	77190	36.96	1.26
H7	Sample 91	2	1	11	82210	37	1.26
H7	Sample 91	2	1	12	87200	36.96	1.26
H7	Sample 91	2	1	13	92200	36.96	1.27
H7	Sample 91	2	1	14	97190	36.96	1.27
H7	Sample 91	2	1	15	102200	36.96	1.27
H8	Sample 92	2	1	1	32220	36.96	1.31
H8	Sample 92	2	1	2	37200	36.96	1.32
H8	Sample 92	2	1	3	42190	36.96	1.31
H8	Sample 92	2	1	4	47190	36.96	1.3
H8	Sample 92	2	1	5	52200	36.96	1.31
H8	Sample 92	2	1	6	57190	37	1.31
H8	Sample 92	2	1	7	62190	37	1.3
H8	Sample 92	2	1	8	67180	37	1.3
H8	Sample 92	2	1	9	72190	36.96	1.3
H8	Sample 92	2	1	10	77190	36.96	1.3
H8	Sample 92	2	1	11	82210	37	1.29
H8	Sample 92	2	1	12	87200	36.96	1.3
H8	Sample 92	2	1	13	92200	36.96	1.28
H8	Sample 92	2	1	14	97190	36.96	1.28
H8	Sample 92	2	1	15	102200	36.96	1.29
H9	Sample 93	2	1	1	32220	36.96	2.53
H9	Sample 93	2	1	2	37200	36.96	2.52
H9	Sample 93	2	1	3	42190	36.96	2.51
H9	Sample 93	2	1	4	47190	36.96	2.51
H9	Sample 93	2	1	5	52200	36.96	2.51
H9	Sample 93	2	1	6	57190	37	2.51
H9	Sample 93	2	1	7	62190	37	2.5
H9	Sample 93	2	1	8	67180	37	2.51
H9	Sample 93	2	1	9	72190	36.96	2.5
H9	Sample 93	2	1	10	77190	36.96	2.5
H9	Sample 93	2	1	11	82210	37	2.49
H9	Sample 93	2	1	12	87200	36.96	2.49
H9	Sample 93	2	1	13	92200	36.96	2.49
H9	Sample 93	2	1	14	97190	36.96	2.49
H9	Sample 93	2	1	15	102200	36.96	2.49
H10	Sample 94	2	1	1	32220	36.96	2.48
H10	Sample 94	2	1	2	37200	36.96	2.47
H10	Sample 94	2	1	3	42190	36.96	2.46
H10	Sample 94	2	1	4	47190	36.96	2.47
H10	Sample 94	2	1	5	52200	36.96	2.46
H10	Sample 94	2	1	6	57190	37	2.47
H10	Sample 94	2	1	7	62190	37	2.46
H10	Sample 94	2	1	8	67180	37	2.45
H10	Sample 94	2	1	9	72190	36.96	2.46
H10	Sample 94	2	1	10	77190	36.96	2.45
H10	Sample 94	2	1	11	82210	37	2.45
H10	Sample 94	2	1	12	87200	36.96	2.45
H10	Sample 94	2	1	13	92200	36.96	2.45
H10	Sample 94	2	1	14	97190	36.96	2.45
H10	Sample 94	2	1	15	102200	36.96	2.45
H11	Sample 95	2	1	1	32220	36.96	2.52
H11	Sample 95	2	1	2	37200	36.96	2.51
H11	Sample 95	2	1	3	42190	36.96	2.5
H11	Sample 95	2	1	4	47190	36.96	2.5
H11	Sample 95	2	1	5	52200	36.96	2.51
H11	Sample 95	2	1	6	57190	37	2.5
H11	Sample 95	2	1	7	62190	37	2.5
H11	Sample 95	2	1	8	67180	37	2.49
H11	Sample 95	2	1	9	72190	36.96	2.49
H11	Sample 95	2	1	10	77190	36.96	2.5
H11	Sample 95	2	1	11	82210	37	2.48
H11	Sample 95	2	1	12	87200	36.96	2.48
H11	Sample 95	2	1	13	92200	36.96	2.49
H11	Sample 95	2	1	14	97190	36.96	2.48
H11	Sample 95	2	1	15	102200	36.96	2.47
H12	Sample 96	2	1	1	32220	36.96	2.38
H12	Sample 96	2	1	2	37200	36.96	2.37
H12	Sample 96	2	1	3	42190	36.96	2.37
H12	Sample 96	2	1	4	47190	36.96	2.36
H12	Sample 96	2	1	5	52200	36.96	2.37
H12	Sample 96	2	1	6	57190	37	2.37
H12	Sample 96	2	1	7	62190	37	2.36
H12	Sample 96	2	1	8	67180	37	2.36
H12	Sample 96	2	1	9	72190	36.96	2.37
H12	Sample 96	2	1	10	77190	36.96	2.36
H12	Sample 96	2	1	11	82210	37	2.35
H12	Sample 96	2	1	12	87200	36.96	2.36
H12	Sample 96	2	1	13	92200	36.96	2.36
H12	Sample 96	2	1	14	97190	36.96	2.35
H12	Sample 96	2	1	15	102200	36.96	2.36