Raw Data 		Experiment - evIC50_7_plate1_19APRIL2026 (Run on LCS480 1.5.1.62)
SamplePos	SampleName	Prog#	Seg#	Cycle#	Time	Temp	465-510	
A1	Sample 1	2	1	1	31930	36.91	0.49
A1	Sample 1	2	1	2	36990	36.96	0.49
A1	Sample 1	2	1	3	41960	37	0.49
A1	Sample 1	2	1	4	46970	37	0.49
A1	Sample 1	2	1	5	51970	37	0.49
A1	Sample 1	2	1	6	56960	37	0.49
A1	Sample 1	2	1	7	61970	36.96	0.49
A1	Sample 1	2	1	8	66970	37	0.48
A1	Sample 1	2	1	9	71980	37	0.48
A1	Sample 1	2	1	10	76970	36.96	0.49
A1	Sample 1	2	1	11	81970	37	0.49
A1	Sample 1	2	1	12	86970	36.96	0.49
A1	Sample 1	2	1	13	91970	37	0.48
A1	Sample 1	2	1	14	96970	37	0.48
A1	Sample 1	2	1	15	101970	37	0.48
A2	Sample 2	2	1	1	31930	36.91	0.46
A2	Sample 2	2	1	2	36990	36.96	0.46
A2	Sample 2	2	1	3	41960	37	0.46
A2	Sample 2	2	1	4	46970	37	0.47
A2	Sample 2	2	1	5	51970	37	0.46
A2	Sample 2	2	1	6	56960	37	0.46
A2	Sample 2	2	1	7	61970	36.96	0.46
A2	Sample 2	2	1	8	66970	37	0.46
A2	Sample 2	2	1	9	71980	37	0.46
A2	Sample 2	2	1	10	76970	36.96	0.46
A2	Sample 2	2	1	11	81970	37	0.45
A2	Sample 2	2	1	12	86970	36.96	0.46
A2	Sample 2	2	1	13	91970	37	0.46
A2	Sample 2	2	1	14	96970	37	0.46
A2	Sample 2	2	1	15	101970	37	0.46
A3	Sample 3	2	1	1	31930	36.91	0.50
A3	Sample 3	2	1	2	36990	36.96	0.50
A3	Sample 3	2	1	3	41960	37	0.50
A3	Sample 3	2	1	4	46970	37	0.50
A3	Sample 3	2	1	5	51970	37	0.50
A3	Sample 3	2	1	6	56960	37	0.50
A3	Sample 3	2	1	7	61970	36.96	0.50
A3	Sample 3	2	1	8	66970	37	0.50
A3	Sample 3	2	1	9	71980	37	0.50
A3	Sample 3	2	1	10	76970	36.96	0.50
A3	Sample 3	2	1	11	81970	37	0.49
A3	Sample 3	2	1	12	86970	36.96	0.50
A3	Sample 3	2	1	13	91970	37	0.50
A3	Sample 3	2	1	14	96970	37	0.49
A3	Sample 3	2	1	15	101970	37	0.50
A4	Sample 4	2	1	1	31930	36.91	0.50
A4	Sample 4	2	1	2	36990	36.96	0.51
A4	Sample 4	2	1	3	41960	37	0.50
A4	Sample 4	2	1	4	46970	37	0.50
A4	Sample 4	2	1	5	51970	37	0.50
A4	Sample 4	2	1	6	56960	37	0.49
A4	Sample 4	2	1	7	61970	36.96	0.50
A4	Sample 4	2	1	8	66970	37	0.49
A4	Sample 4	2	1	9	71980	37	0.49
A4	Sample 4	2	1	10	76970	36.96	0.50
A4	Sample 4	2	1	11	81970	37	0.49
A4	Sample 4	2	1	12	86970	36.96	0.50
A4	Sample 4	2	1	13	91970	37	0.49
A4	Sample 4	2	1	14	96970	37	0.49
A4	Sample 4	2	1	15	101970	37	0.49
A5	Sample 5	2	1	1	31930	36.91	1.37
A5	Sample 5	2	1	2	36990	36.96	1.37
A5	Sample 5	2	1	3	41960	37	1.37
A5	Sample 5	2	1	4	46970	37	1.36
A5	Sample 5	2	1	5	51970	37	1.35
A5	Sample 5	2	1	6	56960	37	1.35
A5	Sample 5	2	1	7	61970	36.96	1.35
A5	Sample 5	2	1	8	66970	37	1.35
A5	Sample 5	2	1	9	71980	37	1.35
A5	Sample 5	2	1	10	76970	36.96	1.35
A5	Sample 5	2	1	11	81970	37	1.34
A5	Sample 5	2	1	12	86970	36.96	1.35
A5	Sample 5	2	1	13	91970	37	1.34
A5	Sample 5	2	1	14	96970	37	1.35
A5	Sample 5	2	1	15	101970	37	1.35
A6	Sample 6	2	1	1	31930	36.91	1.39
A6	Sample 6	2	1	2	36990	36.96	1.38
A6	Sample 6	2	1	3	41960	37	1.38
A6	Sample 6	2	1	4	46970	37	1.38
A6	Sample 6	2	1	5	51970	37	1.37
A6	Sample 6	2	1	6	56960	37	1.36
A6	Sample 6	2	1	7	61970	36.96	1.36
A6	Sample 6	2	1	8	66970	37	1.36
A6	Sample 6	2	1	9	71980	37	1.36
A6	Sample 6	2	1	10	76970	36.96	1.37
A6	Sample 6	2	1	11	81970	37	1.36
A6	Sample 6	2	1	12	86970	36.96	1.37
A6	Sample 6	2	1	13	91970	37	1.36
A6	Sample 6	2	1	14	96970	37	1.37
A6	Sample 6	2	1	15	101970	37	1.36
A7	Sample 7	2	1	1	31930	36.91	1.40
A7	Sample 7	2	1	2	36990	36.96	1.40
A7	Sample 7	2	1	3	41960	37	1.39
A7	Sample 7	2	1	4	46970	37	1.39
A7	Sample 7	2	1	5	51970	37	1.39
A7	Sample 7	2	1	6	56960	37	1.39
A7	Sample 7	2	1	7	61970	36.96	1.38
A7	Sample 7	2	1	8	66970	37	1.39
A7	Sample 7	2	1	9	71980	37	1.38
A7	Sample 7	2	1	10	76970	36.96	1.39
A7	Sample 7	2	1	11	81970	37	1.38
A7	Sample 7	2	1	12	86970	36.96	1.38
A7	Sample 7	2	1	13	91970	37	1.39
A7	Sample 7	2	1	14	96970	37	1.38
A7	Sample 7	2	1	15	101970	37	1.38
A8	Sample 8	2	1	1	31930	36.91	1.34
A8	Sample 8	2	1	2	36990	36.96	1.35
A8	Sample 8	2	1	3	41960	37	1.35
A8	Sample 8	2	1	4	46970	37	1.34
A8	Sample 8	2	1	5	51970	37	1.34
A8	Sample 8	2	1	6	56960	37	1.34
A8	Sample 8	2	1	7	61970	36.96	1.33
A8	Sample 8	2	1	8	66970	37	1.34
A8	Sample 8	2	1	9	71980	37	1.34
A8	Sample 8	2	1	10	76970	36.96	1.34
A8	Sample 8	2	1	11	81970	37	1.33
A8	Sample 8	2	1	12	86970	36.96	1.33
A8	Sample 8	2	1	13	91970	37	1.32
A8	Sample 8	2	1	14	96970	37	1.33
A8	Sample 8	2	1	15	101970	37	1.32
A9	Sample 9	2	1	1	31930	36.91	0.78
A9	Sample 9	2	1	2	36990	36.96	0.77
A9	Sample 9	2	1	3	41960	37	0.77
A9	Sample 9	2	1	4	46970	37	0.78
A9	Sample 9	2	1	5	51970	37	0.77
A9	Sample 9	2	1	6	56960	37	0.77
A9	Sample 9	2	1	7	61970	36.96	0.77
A9	Sample 9	2	1	8	66970	37	0.77
A9	Sample 9	2	1	9	71980	37	0.77
A9	Sample 9	2	1	10	76970	36.96	0.77
A9	Sample 9	2	1	11	81970	37	0.76
A9	Sample 9	2	1	12	86970	36.96	0.77
A9	Sample 9	2	1	13	91970	37	0.77
A9	Sample 9	2	1	14	96970	37	0.77
A9	Sample 9	2	1	15	101970	37	0.77
A10	Sample 10	2	1	1	31930	36.91	0.74
A10	Sample 10	2	1	2	36990	36.96	0.74
A10	Sample 10	2	1	3	41960	37	0.74
A10	Sample 10	2	1	4	46970	37	0.74
A10	Sample 10	2	1	5	51970	37	0.73
A10	Sample 10	2	1	6	56960	37	0.74
A10	Sample 10	2	1	7	61970	36.96	0.74
A10	Sample 10	2	1	8	66970	37	0.73
A10	Sample 10	2	1	9	71980	37	0.73
A10	Sample 10	2	1	10	76970	36.96	0.73
A10	Sample 10	2	1	11	81970	37	0.72
A10	Sample 10	2	1	12	86970	36.96	0.73
A10	Sample 10	2	1	13	91970	37	0.72
A10	Sample 10	2	1	14	96970	37	0.73
A10	Sample 10	2	1	15	101970	37	0.72
A11	Sample 11	2	1	1	31930	36.91	0.69
A11	Sample 11	2	1	2	36990	36.96	0.68
A11	Sample 11	2	1	3	41960	37	0.68
A11	Sample 11	2	1	4	46970	37	0.68
A11	Sample 11	2	1	5	51970	37	0.68
A11	Sample 11	2	1	6	56960	37	0.67
A11	Sample 11	2	1	7	61970	36.96	0.67
A11	Sample 11	2	1	8	66970	37	0.66
A11	Sample 11	2	1	9	71980	37	0.67
A11	Sample 11	2	1	10	76970	36.96	0.68
A11	Sample 11	2	1	11	81970	37	0.67
A11	Sample 11	2	1	12	86970	36.96	0.67
A11	Sample 11	2	1	13	91970	37	0.67
A11	Sample 11	2	1	14	96970	37	0.67
A11	Sample 11	2	1	15	101970	37	0.67
A12	Sample 12	2	1	1	31930	36.91	0.61
A12	Sample 12	2	1	2	36990	36.96	0.61
A12	Sample 12	2	1	3	41960	37	0.61
A12	Sample 12	2	1	4	46970	37	0.61
A12	Sample 12	2	1	5	51970	37	0.60
A12	Sample 12	2	1	6	56960	37	0.61
A12	Sample 12	2	1	7	61970	36.96	0.60
A12	Sample 12	2	1	8	66970	37	0.59
A12	Sample 12	2	1	9	71980	37	0.60
A12	Sample 12	2	1	10	76970	36.96	0.61
A12	Sample 12	2	1	11	81970	37	0.60
A12	Sample 12	2	1	12	86970	36.96	0.60
A12	Sample 12	2	1	13	91970	37	0.60
A12	Sample 12	2	1	14	96970	37	0.60
A12	Sample 12	2	1	15	101970	37	0.60
B1	Sample 13	2	1	1	31930	36.91	0.46
B1	Sample 13	2	1	2	36990	36.96	0.46
B1	Sample 13	2	1	3	41960	37	0.46
B1	Sample 13	2	1	4	46970	37	0.46
B1	Sample 13	2	1	5	51970	37	0.46
B1	Sample 13	2	1	6	56960	37	0.46
B1	Sample 13	2	1	7	61970	36.96	0.46
B1	Sample 13	2	1	8	66970	37	0.45
B1	Sample 13	2	1	9	71980	37	0.46
B1	Sample 13	2	1	10	76970	36.96	0.45
B1	Sample 13	2	1	11	81970	37	0.45
B1	Sample 13	2	1	12	86970	36.96	0.45
B1	Sample 13	2	1	13	91970	37	0.45
B1	Sample 13	2	1	14	96970	37	0.45
B1	Sample 13	2	1	15	101970	37	0.45
B2	Sample 14	2	1	1	31930	36.91	0.45
B2	Sample 14	2	1	2	36990	36.96	0.46
B2	Sample 14	2	1	3	41960	37	0.47
B2	Sample 14	2	1	4	46970	37	0.46
B2	Sample 14	2	1	5	51970	37	0.46
B2	Sample 14	2	1	6	56960	37	0.45
B2	Sample 14	2	1	7	61970	36.96	0.46
B2	Sample 14	2	1	8	66970	37	0.46
B2	Sample 14	2	1	9	71980	37	0.46
B2	Sample 14	2	1	10	76970	36.96	0.46
B2	Sample 14	2	1	11	81970	37	0.46
B2	Sample 14	2	1	12	86970	36.96	0.45
B2	Sample 14	2	1	13	91970	37	0.46
B2	Sample 14	2	1	14	96970	37	0.45
B2	Sample 14	2	1	15	101970	37	0.46
B3	Sample 15	2	1	1	31930	36.91	0.50
B3	Sample 15	2	1	2	36990	36.96	0.50
B3	Sample 15	2	1	3	41960	37	0.51
B3	Sample 15	2	1	4	46970	37	0.51
B3	Sample 15	2	1	5	51970	37	0.50
B3	Sample 15	2	1	6	56960	37	0.51
B3	Sample 15	2	1	7	61970	36.96	0.50
B3	Sample 15	2	1	8	66970	37	0.50
B3	Sample 15	2	1	9	71980	37	0.50
B3	Sample 15	2	1	10	76970	36.96	0.50
B3	Sample 15	2	1	11	81970	37	0.50
B3	Sample 15	2	1	12	86970	36.96	0.49
B3	Sample 15	2	1	13	91970	37	0.50
B3	Sample 15	2	1	14	96970	37	0.49
B3	Sample 15	2	1	15	101970	37	0.50
B4	Sample 16	2	1	1	31930	36.91	0.49
B4	Sample 16	2	1	2	36990	36.96	0.49
B4	Sample 16	2	1	3	41960	37	0.48
B4	Sample 16	2	1	4	46970	37	0.48
B4	Sample 16	2	1	5	51970	37	0.48
B4	Sample 16	2	1	6	56960	37	0.48
B4	Sample 16	2	1	7	61970	36.96	0.49
B4	Sample 16	2	1	8	66970	37	0.48
B4	Sample 16	2	1	9	71980	37	0.49
B4	Sample 16	2	1	10	76970	36.96	0.48
B4	Sample 16	2	1	11	81970	37	0.48
B4	Sample 16	2	1	12	86970	36.96	0.48
B4	Sample 16	2	1	13	91970	37	0.48
B4	Sample 16	2	1	14	96970	37	0.48
B4	Sample 16	2	1	15	101970	37	0.48
B5	Sample 17	2	1	1	31930	36.91	1.34
B5	Sample 17	2	1	2	36990	36.96	1.34
B5	Sample 17	2	1	3	41960	37	1.34
B5	Sample 17	2	1	4	46970	37	1.34
B5	Sample 17	2	1	5	51970	37	1.34
B5	Sample 17	2	1	6	56960	37	1.33
B5	Sample 17	2	1	7	61970	36.96	1.33
B5	Sample 17	2	1	8	66970	37	1.32
B5	Sample 17	2	1	9	71980	37	1.33
B5	Sample 17	2	1	10	76970	36.96	1.32
B5	Sample 17	2	1	11	81970	37	1.32
B5	Sample 17	2	1	12	86970	36.96	1.32
B5	Sample 17	2	1	13	91970	37	1.32
B5	Sample 17	2	1	14	96970	37	1.32
B5	Sample 17	2	1	15	101970	37	1.32
B6	Sample 18	2	1	1	31930	36.91	1.34
B6	Sample 18	2	1	2	36990	36.96	1.34
B6	Sample 18	2	1	3	41960	37	1.33
B6	Sample 18	2	1	4	46970	37	1.33
B6	Sample 18	2	1	5	51970	37	1.33
B6	Sample 18	2	1	6	56960	37	1.33
B6	Sample 18	2	1	7	61970	36.96	1.33
B6	Sample 18	2	1	8	66970	37	1.33
B6	Sample 18	2	1	9	71980	37	1.33
B6	Sample 18	2	1	10	76970	36.96	1.33
B6	Sample 18	2	1	11	81970	37	1.32
B6	Sample 18	2	1	12	86970	36.96	1.32
B6	Sample 18	2	1	13	91970	37	1.33
B6	Sample 18	2	1	14	96970	37	1.32
B6	Sample 18	2	1	15	101970	37	1.33
B7	Sample 19	2	1	1	31930	36.91	1.36
B7	Sample 19	2	1	2	36990	36.96	1.36
B7	Sample 19	2	1	3	41960	37	1.35
B7	Sample 19	2	1	4	46970	37	1.34
B7	Sample 19	2	1	5	51970	37	1.35
B7	Sample 19	2	1	6	56960	37	1.35
B7	Sample 19	2	1	7	61970	36.96	1.35
B7	Sample 19	2	1	8	66970	37	1.35
B7	Sample 19	2	1	9	71980	37	1.34
B7	Sample 19	2	1	10	76970	36.96	1.34
B7	Sample 19	2	1	11	81970	37	1.34
B7	Sample 19	2	1	12	86970	36.96	1.34
B7	Sample 19	2	1	13	91970	37	1.35
B7	Sample 19	2	1	14	96970	37	1.34
B7	Sample 19	2	1	15	101970	37	1.34
B8	Sample 20	2	1	1	31930	36.91	1.29
B8	Sample 20	2	1	2	36990	36.96	1.29
B8	Sample 20	2	1	3	41960	37	1.29
B8	Sample 20	2	1	4	46970	37	1.28
B8	Sample 20	2	1	5	51970	37	1.29
B8	Sample 20	2	1	6	56960	37	1.27
B8	Sample 20	2	1	7	61970	36.96	1.27
B8	Sample 20	2	1	8	66970	37	1.27
B8	Sample 20	2	1	9	71980	37	1.27
B8	Sample 20	2	1	10	76970	36.96	1.27
B8	Sample 20	2	1	11	81970	37	1.27
B8	Sample 20	2	1	12	86970	36.96	1.27
B8	Sample 20	2	1	13	91970	37	1.27
B8	Sample 20	2	1	14	96970	37	1.26
B8	Sample 20	2	1	15	101970	37	1.27
B9	Sample 21	2	1	1	31930	36.91	0.72
B9	Sample 21	2	1	2	36990	36.96	0.72
B9	Sample 21	2	1	3	41960	37	0.72
B9	Sample 21	2	1	4	46970	37	0.72
B9	Sample 21	2	1	5	51970	37	0.72
B9	Sample 21	2	1	6	56960	37	0.72
B9	Sample 21	2	1	7	61970	36.96	0.72
B9	Sample 21	2	1	8	66970	37	0.72
B9	Sample 21	2	1	9	71980	37	0.72
B9	Sample 21	2	1	10	76970	36.96	0.71
B9	Sample 21	2	1	11	81970	37	0.72
B9	Sample 21	2	1	12	86970	36.96	0.71
B9	Sample 21	2	1	13	91970	37	0.71
B9	Sample 21	2	1	14	96970	37	0.71
B9	Sample 21	2	1	15	101970	37	0.72
B10	Sample 22	2	1	1	31930	36.91	0.71
B10	Sample 22	2	1	2	36990	36.96	0.70
B10	Sample 22	2	1	3	41960	37	0.70
B10	Sample 22	2	1	4	46970	37	0.70
B10	Sample 22	2	1	5	51970	37	0.69
B10	Sample 22	2	1	6	56960	37	0.69
B10	Sample 22	2	1	7	61970	36.96	0.69
B10	Sample 22	2	1	8	66970	37	0.69
B10	Sample 22	2	1	9	71980	37	0.69
B10	Sample 22	2	1	10	76970	36.96	0.69
B10	Sample 22	2	1	11	81970	37	0.70
B10	Sample 22	2	1	12	86970	36.96	0.69
B10	Sample 22	2	1	13	91970	37	0.69
B10	Sample 22	2	1	14	96970	37	0.69
B10	Sample 22	2	1	15	101970	37	0.69
B11	Sample 23	2	1	1	31930	36.91	0.70
B11	Sample 23	2	1	2	36990	36.96	0.70
B11	Sample 23	2	1	3	41960	37	0.70
B11	Sample 23	2	1	4	46970	37	0.70
B11	Sample 23	2	1	5	51970	37	0.69
B11	Sample 23	2	1	6	56960	37	0.69
B11	Sample 23	2	1	7	61970	36.96	0.69
B11	Sample 23	2	1	8	66970	37	0.69
B11	Sample 23	2	1	9	71980	37	0.69
B11	Sample 23	2	1	10	76970	36.96	0.69
B11	Sample 23	2	1	11	81970	37	0.69
B11	Sample 23	2	1	12	86970	36.96	0.68
B11	Sample 23	2	1	13	91970	37	0.69
B11	Sample 23	2	1	14	96970	37	0.68
B11	Sample 23	2	1	15	101970	37	0.69
B12	Sample 24	2	1	1	31930	36.91	0.65
B12	Sample 24	2	1	2	36990	36.96	0.65
B12	Sample 24	2	1	3	41960	37	0.65
B12	Sample 24	2	1	4	46970	37	0.65
B12	Sample 24	2	1	5	51970	37	0.64
B12	Sample 24	2	1	6	56960	37	0.64
B12	Sample 24	2	1	7	61970	36.96	0.64
B12	Sample 24	2	1	8	66970	37	0.63
B12	Sample 24	2	1	9	71980	37	0.64
B12	Sample 24	2	1	10	76970	36.96	0.64
B12	Sample 24	2	1	11	81970	37	0.64
B12	Sample 24	2	1	12	86970	36.96	0.64
B12	Sample 24	2	1	13	91970	37	0.64
B12	Sample 24	2	1	14	96970	37	0.64
B12	Sample 24	2	1	15	101970	37	0.64
C1	Sample 25	2	1	1	31930	36.91	0.45
C1	Sample 25	2	1	2	36990	36.96	0.45
C1	Sample 25	2	1	3	41960	37	0.44
C1	Sample 25	2	1	4	46970	37	0.45
C1	Sample 25	2	1	5	51970	37	0.44
C1	Sample 25	2	1	6	56960	37	0.45
C1	Sample 25	2	1	7	61970	36.96	0.45
C1	Sample 25	2	1	8	66970	37	0.44
C1	Sample 25	2	1	9	71980	37	0.45
C1	Sample 25	2	1	10	76970	36.96	0.44
C1	Sample 25	2	1	11	81970	37	0.45
C1	Sample 25	2	1	12	86970	36.96	0.44
C1	Sample 25	2	1	13	91970	37	0.45
C1	Sample 25	2	1	14	96970	37	0.45
C1	Sample 25	2	1	15	101970	37	0.45
C2	Sample 26	2	1	1	31930	36.91	0.47
C2	Sample 26	2	1	2	36990	36.96	0.47
C2	Sample 26	2	1	3	41960	37	0.47
C2	Sample 26	2	1	4	46970	37	0.46
C2	Sample 26	2	1	5	51970	37	0.45
C2	Sample 26	2	1	6	56960	37	0.46
C2	Sample 26	2	1	7	61970	36.96	0.46
C2	Sample 26	2	1	8	66970	37	0.46
C2	Sample 26	2	1	9	71980	37	0.46
C2	Sample 26	2	1	10	76970	36.96	0.46
C2	Sample 26	2	1	11	81970	37	0.46
C2	Sample 26	2	1	12	86970	36.96	0.46
C2	Sample 26	2	1	13	91970	37	0.46
C2	Sample 26	2	1	14	96970	37	0.46
C2	Sample 26	2	1	15	101970	37	0.46
C3	Sample 27	2	1	1	31930	36.91	0.52
C3	Sample 27	2	1	2	36990	36.96	0.51
C3	Sample 27	2	1	3	41960	37	0.51
C3	Sample 27	2	1	4	46970	37	0.52
C3	Sample 27	2	1	5	51970	37	0.51
C3	Sample 27	2	1	6	56960	37	0.51
C3	Sample 27	2	1	7	61970	36.96	0.52
C3	Sample 27	2	1	8	66970	37	0.51
C3	Sample 27	2	1	9	71980	37	0.52
C3	Sample 27	2	1	10	76970	36.96	0.51
C3	Sample 27	2	1	11	81970	37	0.51
C3	Sample 27	2	1	12	86970	36.96	0.51
C3	Sample 27	2	1	13	91970	37	0.52
C3	Sample 27	2	1	14	96970	37	0.52
C3	Sample 27	2	1	15	101970	37	0.52
C4	Sample 28	2	1	1	31930	36.91	0.48
C4	Sample 28	2	1	2	36990	36.96	0.48
C4	Sample 28	2	1	3	41960	37	0.48
C4	Sample 28	2	1	4	46970	37	0.48
C4	Sample 28	2	1	5	51970	37	0.47
C4	Sample 28	2	1	6	56960	37	0.47
C4	Sample 28	2	1	7	61970	36.96	0.47
C4	Sample 28	2	1	8	66970	37	0.47
C4	Sample 28	2	1	9	71980	37	0.48
C4	Sample 28	2	1	10	76970	36.96	0.48
C4	Sample 28	2	1	11	81970	37	0.47
C4	Sample 28	2	1	12	86970	36.96	0.47
C4	Sample 28	2	1	13	91970	37	0.48
C4	Sample 28	2	1	14	96970	37	0.47
C4	Sample 28	2	1	15	101970	37	0.47
C5	Sample 29	2	1	1	31930	36.91	1.29
C5	Sample 29	2	1	2	36990	36.96	1.29
C5	Sample 29	2	1	3	41960	37	1.28
C5	Sample 29	2	1	4	46970	37	1.28
C5	Sample 29	2	1	5	51970	37	1.27
C5	Sample 29	2	1	6	56960	37	1.27
C5	Sample 29	2	1	7	61970	36.96	1.28
C5	Sample 29	2	1	8	66970	37	1.27
C5	Sample 29	2	1	9	71980	37	1.27
C5	Sample 29	2	1	10	76970	36.96	1.27
C5	Sample 29	2	1	11	81970	37	1.27
C5	Sample 29	2	1	12	86970	36.96	1.27
C5	Sample 29	2	1	13	91970	37	1.28
C5	Sample 29	2	1	14	96970	37	1.27
C5	Sample 29	2	1	15	101970	37	1.27
C6	Sample 30	2	1	1	31930	36.91	1.39
C6	Sample 30	2	1	2	36990	36.96	1.38
C6	Sample 30	2	1	3	41960	37	1.37
C6	Sample 30	2	1	4	46970	37	1.37
C6	Sample 30	2	1	5	51970	37	1.36
C6	Sample 30	2	1	6	56960	37	1.36
C6	Sample 30	2	1	7	61970	36.96	1.37
C6	Sample 30	2	1	8	66970	37	1.36
C6	Sample 30	2	1	9	71980	37	1.36
C6	Sample 30	2	1	10	76970	36.96	1.36
C6	Sample 30	2	1	11	81970	37	1.35
C6	Sample 30	2	1	12	86970	36.96	1.35
C6	Sample 30	2	1	13	91970	37	1.36
C6	Sample 30	2	1	14	96970	37	1.37
C6	Sample 30	2	1	15	101970	37	1.36
C7	Sample 31	2	1	1	31930	36.91	1.36
C7	Sample 31	2	1	2	36990	36.96	1.35
C7	Sample 31	2	1	3	41960	37	1.34
C7	Sample 31	2	1	4	46970	37	1.35
C7	Sample 31	2	1	5	51970	37	1.34
C7	Sample 31	2	1	6	56960	37	1.34
C7	Sample 31	2	1	7	61970	36.96	1.34
C7	Sample 31	2	1	8	66970	37	1.33
C7	Sample 31	2	1	9	71980	37	1.34
C7	Sample 31	2	1	10	76970	36.96	1.34
C7	Sample 31	2	1	11	81970	37	1.34
C7	Sample 31	2	1	12	86970	36.96	1.33
C7	Sample 31	2	1	13	91970	37	1.34
C7	Sample 31	2	1	14	96970	37	1.34
C7	Sample 31	2	1	15	101970	37	1.34
C8	Sample 32	2	1	1	31930	36.91	1.30
C8	Sample 32	2	1	2	36990	36.96	1.28
C8	Sample 32	2	1	3	41960	37	1.28
C8	Sample 32	2	1	4	46970	37	1.28
C8	Sample 32	2	1	5	51970	37	1.27
C8	Sample 32	2	1	6	56960	37	1.27
C8	Sample 32	2	1	7	61970	36.96	1.27
C8	Sample 32	2	1	8	66970	37	1.26
C8	Sample 32	2	1	9	71980	37	1.27
C8	Sample 32	2	1	10	76970	36.96	1.27
C8	Sample 32	2	1	11	81970	37	1.26
C8	Sample 32	2	1	12	86970	36.96	1.27
C8	Sample 32	2	1	13	91970	37	1.27
C8	Sample 32	2	1	14	96970	37	1.27
C8	Sample 32	2	1	15	101970	37	1.27
C9	Sample 33	2	1	1	31930	36.91	0.73
C9	Sample 33	2	1	2	36990	36.96	0.72
C9	Sample 33	2	1	3	41960	37	0.72
C9	Sample 33	2	1	4	46970	37	0.72
C9	Sample 33	2	1	5	51970	37	0.71
C9	Sample 33	2	1	6	56960	37	0.71
C9	Sample 33	2	1	7	61970	36.96	0.71
C9	Sample 33	2	1	8	66970	37	0.71
C9	Sample 33	2	1	9	71980	37	0.72
C9	Sample 33	2	1	10	76970	36.96	0.71
C9	Sample 33	2	1	11	81970	37	0.71
C9	Sample 33	2	1	12	86970	36.96	0.71
C9	Sample 33	2	1	13	91970	37	0.72
C9	Sample 33	2	1	14	96970	37	0.71
C9	Sample 33	2	1	15	101970	37	0.72
C10	Sample 34	2	1	1	31930	36.91	0.70
C10	Sample 34	2	1	2	36990	36.96	0.69
C10	Sample 34	2	1	3	41960	37	0.70
C10	Sample 34	2	1	4	46970	37	0.70
C10	Sample 34	2	1	5	51970	37	0.69
C10	Sample 34	2	1	6	56960	37	0.69
C10	Sample 34	2	1	7	61970	36.96	0.70
C10	Sample 34	2	1	8	66970	37	0.69
C10	Sample 34	2	1	9	71980	37	0.70
C10	Sample 34	2	1	10	76970	36.96	0.69
C10	Sample 34	2	1	11	81970	37	0.69
C10	Sample 34	2	1	12	86970	36.96	0.69
C10	Sample 34	2	1	13	91970	37	0.69
C10	Sample 34	2	1	14	96970	37	0.69
C10	Sample 34	2	1	15	101970	37	0.69
C11	Sample 35	2	1	1	31930	36.91	0.69
C11	Sample 35	2	1	2	36990	36.96	0.69
C11	Sample 35	2	1	3	41960	37	0.69
C11	Sample 35	2	1	4	46970	37	0.69
C11	Sample 35	2	1	5	51970	37	0.69
C11	Sample 35	2	1	6	56960	37	0.68
C11	Sample 35	2	1	7	61970	36.96	0.69
C11	Sample 35	2	1	8	66970	37	0.68
C11	Sample 35	2	1	9	71980	37	0.69
C11	Sample 35	2	1	10	76970	36.96	0.69
C11	Sample 35	2	1	11	81970	37	0.68
C11	Sample 35	2	1	12	86970	36.96	0.68
C11	Sample 35	2	1	13	91970	37	0.69
C11	Sample 35	2	1	14	96970	37	0.69
C11	Sample 35	2	1	15	101970	37	0.68
C12	Sample 36	2	1	1	31930	36.91	0.65
C12	Sample 36	2	1	2	36990	36.96	0.65
C12	Sample 36	2	1	3	41960	37	0.65
C12	Sample 36	2	1	4	46970	37	0.65
C12	Sample 36	2	1	5	51970	37	0.64
C12	Sample 36	2	1	6	56960	37	0.64
C12	Sample 36	2	1	7	61970	36.96	0.65
C12	Sample 36	2	1	8	66970	37	0.64
C12	Sample 36	2	1	9	71980	37	0.65
C12	Sample 36	2	1	10	76970	36.96	0.65
C12	Sample 36	2	1	11	81970	37	0.64
C12	Sample 36	2	1	12	86970	36.96	0.65
C12	Sample 36	2	1	13	91970	37	0.65
C12	Sample 36	2	1	14	96970	37	0.65
C12	Sample 36	2	1	15	101970	37	0.64
D1	Sample 37	2	1	1	31930	36.91	0.48
D1	Sample 37	2	1	2	36990	36.96	0.47
D1	Sample 37	2	1	3	41960	37	0.47
D1	Sample 37	2	1	4	46970	37	0.47
D1	Sample 37	2	1	5	51970	37	0.47
D1	Sample 37	2	1	6	56960	37	0.46
D1	Sample 37	2	1	7	61970	36.96	0.47
D1	Sample 37	2	1	8	66970	37	0.46
D1	Sample 37	2	1	9	71980	37	0.46
D1	Sample 37	2	1	10	76970	36.96	0.47
D1	Sample 37	2	1	11	81970	37	0.46
D1	Sample 37	2	1	12	86970	36.96	0.46
D1	Sample 37	2	1	13	91970	37	0.47
D1	Sample 37	2	1	14	96970	37	0.47
D1	Sample 37	2	1	15	101970	37	0.46
D2	Sample 38	2	1	1	31930	36.91	0.47
D2	Sample 38	2	1	2	36990	36.96	0.46
D2	Sample 38	2	1	3	41960	37	0.46
D2	Sample 38	2	1	4	46970	37	0.46
D2	Sample 38	2	1	5	51970	37	0.46
D2	Sample 38	2	1	6	56960	37	0.46
D2	Sample 38	2	1	7	61970	36.96	0.46
D2	Sample 38	2	1	8	66970	37	0.46
D2	Sample 38	2	1	9	71980	37	0.46
D2	Sample 38	2	1	10	76970	36.96	0.46
D2	Sample 38	2	1	11	81970	37	0.46
D2	Sample 38	2	1	12	86970	36.96	0.45
D2	Sample 38	2	1	13	91970	37	0.45
D2	Sample 38	2	1	14	96970	37	0.46
D2	Sample 38	2	1	15	101970	37	0.46
D3	Sample 39	2	1	1	31930	36.91	0.52
D3	Sample 39	2	1	2	36990	36.96	0.51
D3	Sample 39	2	1	3	41960	37	0.52
D3	Sample 39	2	1	4	46970	37	0.52
D3	Sample 39	2	1	5	51970	37	0.51
D3	Sample 39	2	1	6	56960	37	0.52
D3	Sample 39	2	1	7	61970	36.96	0.52
D3	Sample 39	2	1	8	66970	37	0.51
D3	Sample 39	2	1	9	71980	37	0.52
D3	Sample 39	2	1	10	76970	36.96	0.52
D3	Sample 39	2	1	11	81970	37	0.51
D3	Sample 39	2	1	12	86970	36.96	0.51
D3	Sample 39	2	1	13	91970	37	0.52
D3	Sample 39	2	1	14	96970	37	0.51
D3	Sample 39	2	1	15	101970	37	0.52
D4	Sample 40	2	1	1	31930	36.91	0.47
D4	Sample 40	2	1	2	36990	36.96	0.46
D4	Sample 40	2	1	3	41960	37	0.47
D4	Sample 40	2	1	4	46970	37	0.47
D4	Sample 40	2	1	5	51970	37	0.46
D4	Sample 40	2	1	6	56960	37	0.46
D4	Sample 40	2	1	7	61970	36.96	0.47
D4	Sample 40	2	1	8	66970	37	0.47
D4	Sample 40	2	1	9	71980	37	0.47
D4	Sample 40	2	1	10	76970	36.96	0.47
D4	Sample 40	2	1	11	81970	37	0.46
D4	Sample 40	2	1	12	86970	36.96	0.46
D4	Sample 40	2	1	13	91970	37	0.45
D4	Sample 40	2	1	14	96970	37	0.46
D4	Sample 40	2	1	15	101970	37	0.46
D5	Sample 41	2	1	1	31930	36.91	1.34
D5	Sample 41	2	1	2	36990	36.96	1.33
D5	Sample 41	2	1	3	41960	37	1.33
D5	Sample 41	2	1	4	46970	37	1.33
D5	Sample 41	2	1	5	51970	37	1.33
D5	Sample 41	2	1	6	56960	37	1.32
D5	Sample 41	2	1	7	61970	36.96	1.32
D5	Sample 41	2	1	8	66970	37	1.32
D5	Sample 41	2	1	9	71980	37	1.33
D5	Sample 41	2	1	10	76970	36.96	1.33
D5	Sample 41	2	1	11	81970	37	1.33
D5	Sample 41	2	1	12	86970	36.96	1.33
D5	Sample 41	2	1	13	91970	37	1.33
D5	Sample 41	2	1	14	96970	37	1.33
D5	Sample 41	2	1	15	101970	37	1.33
D6	Sample 42	2	1	1	31930	36.91	1.33
D6	Sample 42	2	1	2	36990	36.96	1.32
D6	Sample 42	2	1	3	41960	37	1.32
D6	Sample 42	2	1	4	46970	37	1.32
D6	Sample 42	2	1	5	51970	37	1.31
D6	Sample 42	2	1	6	56960	37	1.31
D6	Sample 42	2	1	7	61970	36.96	1.31
D6	Sample 42	2	1	8	66970	37	1.31
D6	Sample 42	2	1	9	71980	37	1.30
D6	Sample 42	2	1	10	76970	36.96	1.30
D6	Sample 42	2	1	11	81970	37	1.30
D6	Sample 42	2	1	12	86970	36.96	1.31
D6	Sample 42	2	1	13	91970	37	1.30
D6	Sample 42	2	1	14	96970	37	1.29
D6	Sample 42	2	1	15	101970	37	1.30
D7	Sample 43	2	1	1	31930	36.91	1.35
D7	Sample 43	2	1	2	36990	36.96	1.34
D7	Sample 43	2	1	3	41960	37	1.34
D7	Sample 43	2	1	4	46970	37	1.33
D7	Sample 43	2	1	5	51970	37	1.33
D7	Sample 43	2	1	6	56960	37	1.33
D7	Sample 43	2	1	7	61970	36.96	1.33
D7	Sample 43	2	1	8	66970	37	1.32
D7	Sample 43	2	1	9	71980	37	1.32
D7	Sample 43	2	1	10	76970	36.96	1.33
D7	Sample 43	2	1	11	81970	37	1.33
D7	Sample 43	2	1	12	86970	36.96	1.33
D7	Sample 43	2	1	13	91970	37	1.33
D7	Sample 43	2	1	14	96970	37	1.32
D7	Sample 43	2	1	15	101970	37	1.33
D8	Sample 44	2	1	1	31930	36.91	1.31
D8	Sample 44	2	1	2	36990	36.96	1.30
D8	Sample 44	2	1	3	41960	37	1.30
D8	Sample 44	2	1	4	46970	37	1.30
D8	Sample 44	2	1	5	51970	37	1.29
D8	Sample 44	2	1	6	56960	37	1.29
D8	Sample 44	2	1	7	61970	36.96	1.29
D8	Sample 44	2	1	8	66970	37	1.29
D8	Sample 44	2	1	9	71980	37	1.29
D8	Sample 44	2	1	10	76970	36.96	1.29
D8	Sample 44	2	1	11	81970	37	1.28
D8	Sample 44	2	1	12	86970	36.96	1.29
D8	Sample 44	2	1	13	91970	37	1.29
D8	Sample 44	2	1	14	96970	37	1.29
D8	Sample 44	2	1	15	101970	37	1.29
D9	Sample 45	2	1	1	31930	36.91	0.98
D9	Sample 45	2	1	2	36990	36.96	0.97
D9	Sample 45	2	1	3	41960	37	0.97
D9	Sample 45	2	1	4	46970	37	0.98
D9	Sample 45	2	1	5	51970	37	0.97
D9	Sample 45	2	1	6	56960	37	0.97
D9	Sample 45	2	1	7	61970	36.96	0.97
D9	Sample 45	2	1	8	66970	37	0.97
D9	Sample 45	2	1	9	71980	37	0.97
D9	Sample 45	2	1	10	76970	36.96	0.97
D9	Sample 45	2	1	11	81970	37	0.97
D9	Sample 45	2	1	12	86970	36.96	0.97
D9	Sample 45	2	1	13	91970	37	0.97
D9	Sample 45	2	1	14	96970	37	0.97
D9	Sample 45	2	1	15	101970	37	0.97
D10	Sample 46	2	1	1	31930	36.91	0.97
D10	Sample 46	2	1	2	36990	36.96	0.96
D10	Sample 46	2	1	3	41960	37	0.97
D10	Sample 46	2	1	4	46970	37	0.97
D10	Sample 46	2	1	5	51970	37	0.96
D10	Sample 46	2	1	6	56960	37	0.95
D10	Sample 46	2	1	7	61970	36.96	0.96
D10	Sample 46	2	1	8	66970	37	0.95
D10	Sample 46	2	1	9	71980	37	0.95
D10	Sample 46	2	1	10	76970	36.96	0.95
D10	Sample 46	2	1	11	81970	37	0.95
D10	Sample 46	2	1	12	86970	36.96	0.95
D10	Sample 46	2	1	13	91970	37	0.96
D10	Sample 46	2	1	14	96970	37	0.96
D10	Sample 46	2	1	15	101970	37	0.96
D11	Sample 47	2	1	1	31930	36.91	0.67
D11	Sample 47	2	1	2	36990	36.96	0.66
D11	Sample 47	2	1	3	41960	37	0.67
D11	Sample 47	2	1	4	46970	37	0.67
D11	Sample 47	2	1	5	51970	37	0.66
D11	Sample 47	2	1	6	56960	37	0.66
D11	Sample 47	2	1	7	61970	36.96	0.67
D11	Sample 47	2	1	8	66970	37	0.66
D11	Sample 47	2	1	9	71980	37	0.66
D11	Sample 47	2	1	10	76970	36.96	0.66
D11	Sample 47	2	1	11	81970	37	0.66
D11	Sample 47	2	1	12	86970	36.96	0.66
D11	Sample 47	2	1	13	91970	37	0.67
D11	Sample 47	2	1	14	96970	37	0.66
D11	Sample 47	2	1	15	101970	37	0.66
D12	Sample 48	2	1	1	31930	36.91	0.65
D12	Sample 48	2	1	2	36990	36.96	0.65
D12	Sample 48	2	1	3	41960	37	0.65
D12	Sample 48	2	1	4	46970	37	0.65
D12	Sample 48	2	1	5	51970	37	0.64
D12	Sample 48	2	1	6	56960	37	0.64
D12	Sample 48	2	1	7	61970	36.96	0.64
D12	Sample 48	2	1	8	66970	37	0.64
D12	Sample 48	2	1	9	71980	37	0.64
D12	Sample 48	2	1	10	76970	36.96	0.64
D12	Sample 48	2	1	11	81970	37	0.64
D12	Sample 48	2	1	12	86970	36.96	0.64
D12	Sample 48	2	1	13	91970	37	0.64
D12	Sample 48	2	1	14	96970	37	0.63
D12	Sample 48	2	1	15	101970	37	0.63
E1	Sample 49	2	1	1	31930	36.91	0.72
E1	Sample 49	2	1	2	36990	36.96	0.72
E1	Sample 49	2	1	3	41960	37	0.72
E1	Sample 49	2	1	4	46970	37	0.72
E1	Sample 49	2	1	5	51970	37	0.71
E1	Sample 49	2	1	6	56960	37	0.71
E1	Sample 49	2	1	7	61970	36.96	0.71
E1	Sample 49	2	1	8	66970	37	0.71
E1	Sample 49	2	1	9	71980	37	0.72
E1	Sample 49	2	1	10	76970	36.96	0.71
E1	Sample 49	2	1	11	81970	37	0.71
E1	Sample 49	2	1	12	86970	36.96	0.71
E1	Sample 49	2	1	13	91970	37	0.72
E1	Sample 49	2	1	14	96970	37	0.72
E1	Sample 49	2	1	15	101970	37	0.72
E2	Sample 50	2	1	1	31930	36.91	0.72
E2	Sample 50	2	1	2	36990	36.96	0.72
E2	Sample 50	2	1	3	41960	37	0.72
E2	Sample 50	2	1	4	46970	37	0.72
E2	Sample 50	2	1	5	51970	37	0.71
E2	Sample 50	2	1	6	56960	37	0.71
E2	Sample 50	2	1	7	61970	36.96	0.72
E2	Sample 50	2	1	8	66970	37	0.71
E2	Sample 50	2	1	9	71980	37	0.71
E2	Sample 50	2	1	10	76970	36.96	0.71
E2	Sample 50	2	1	11	81970	37	0.71
E2	Sample 50	2	1	12	86970	36.96	0.71
E2	Sample 50	2	1	13	91970	37	0.72
E2	Sample 50	2	1	14	96970	37	0.71
E2	Sample 50	2	1	15	101970	37	0.71
E3	Sample 51	2	1	1	31930	36.91	0.68
E3	Sample 51	2	1	2	36990	36.96	0.68
E3	Sample 51	2	1	3	41960	37	0.68
E3	Sample 51	2	1	4	46970	37	0.68
E3	Sample 51	2	1	5	51970	37	0.68
E3	Sample 51	2	1	6	56960	37	0.68
E3	Sample 51	2	1	7	61970	36.96	0.67
E3	Sample 51	2	1	8	66970	37	0.67
E3	Sample 51	2	1	9	71980	37	0.68
E3	Sample 51	2	1	10	76970	36.96	0.68
E3	Sample 51	2	1	11	81970	37	0.67
E3	Sample 51	2	1	12	86970	36.96	0.67
E3	Sample 51	2	1	13	91970	37	0.68
E3	Sample 51	2	1	14	96970	37	0.68
E3	Sample 51	2	1	15	101970	37	0.67
E4	Sample 52	2	1	1	31930	36.91	0.65
E4	Sample 52	2	1	2	36990	36.96	0.64
E4	Sample 52	2	1	3	41960	37	0.64
E4	Sample 52	2	1	4	46970	37	0.64
E4	Sample 52	2	1	5	51970	37	0.64
E4	Sample 52	2	1	6	56960	37	0.64
E4	Sample 52	2	1	7	61970	36.96	0.64
E4	Sample 52	2	1	8	66970	37	0.64
E4	Sample 52	2	1	9	71980	37	0.63
E4	Sample 52	2	1	10	76970	36.96	0.64
E4	Sample 52	2	1	11	81970	37	0.64
E4	Sample 52	2	1	12	86970	36.96	0.63
E4	Sample 52	2	1	13	91970	37	0.64
E4	Sample 52	2	1	14	96970	37	0.64
E4	Sample 52	2	1	15	101970	37	0.64
E5	Sample 53	2	1	1	31930	36.91	1.42
E5	Sample 53	2	1	2	36990	36.96	1.41
E5	Sample 53	2	1	3	41960	37	1.41
E5	Sample 53	2	1	4	46970	37	1.42
E5	Sample 53	2	1	5	51970	37	1.41
E5	Sample 53	2	1	6	56960	37	1.41
E5	Sample 53	2	1	7	61970	36.96	1.40
E5	Sample 53	2	1	8	66970	37	1.40
E5	Sample 53	2	1	9	71980	37	1.40
E5	Sample 53	2	1	10	76970	36.96	1.40
E5	Sample 53	2	1	11	81970	37	1.39
E5	Sample 53	2	1	12	86970	36.96	1.39
E5	Sample 53	2	1	13	91970	37	1.40
E5	Sample 53	2	1	14	96970	37	1.40
E5	Sample 53	2	1	15	101970	37	1.39
E6	Sample 54	2	1	1	31930	36.91	1.33
E6	Sample 54	2	1	2	36990	36.96	1.33
E6	Sample 54	2	1	3	41960	37	1.31
E6	Sample 54	2	1	4	46970	37	1.32
E6	Sample 54	2	1	5	51970	37	1.31
E6	Sample 54	2	1	6	56960	37	1.30
E6	Sample 54	2	1	7	61970	36.96	1.31
E6	Sample 54	2	1	8	66970	37	1.29
E6	Sample 54	2	1	9	71980	37	1.31
E6	Sample 54	2	1	10	76970	36.96	1.30
E6	Sample 54	2	1	11	81970	37	1.30
E6	Sample 54	2	1	12	86970	36.96	1.30
E6	Sample 54	2	1	13	91970	37	1.31
E6	Sample 54	2	1	14	96970	37	1.31
E6	Sample 54	2	1	15	101970	37	1.30
E7	Sample 55	2	1	1	31930	36.91	1.34
E7	Sample 55	2	1	2	36990	36.96	1.33
E7	Sample 55	2	1	3	41960	37	1.33
E7	Sample 55	2	1	4	46970	37	1.33
E7	Sample 55	2	1	5	51970	37	1.32
E7	Sample 55	2	1	6	56960	37	1.32
E7	Sample 55	2	1	7	61970	36.96	1.32
E7	Sample 55	2	1	8	66970	37	1.32
E7	Sample 55	2	1	9	71980	37	1.32
E7	Sample 55	2	1	10	76970	36.96	1.33
E7	Sample 55	2	1	11	81970	37	1.32
E7	Sample 55	2	1	12	86970	36.96	1.32
E7	Sample 55	2	1	13	91970	37	1.32
E7	Sample 55	2	1	14	96970	37	1.31
E7	Sample 55	2	1	15	101970	37	1.31
E8	Sample 56	2	1	1	31930	36.91	1.27
E8	Sample 56	2	1	2	36990	36.96	1.26
E8	Sample 56	2	1	3	41960	37	1.26
E8	Sample 56	2	1	4	46970	37	1.26
E8	Sample 56	2	1	5	51970	37	1.25
E8	Sample 56	2	1	6	56960	37	1.25
E8	Sample 56	2	1	7	61970	36.96	1.25
E8	Sample 56	2	1	8	66970	37	1.25
E8	Sample 56	2	1	9	71980	37	1.25
E8	Sample 56	2	1	10	76970	36.96	1.25
E8	Sample 56	2	1	11	81970	37	1.25
E8	Sample 56	2	1	12	86970	36.96	1.24
E8	Sample 56	2	1	13	91970	37	1.24
E8	Sample 56	2	1	14	96970	37	1.25
E8	Sample 56	2	1	15	101970	37	1.24
E9	Sample 57	2	1	1	31930	36.91	1.15
E9	Sample 57	2	1	2	36990	36.96	1.15
E9	Sample 57	2	1	3	41960	37	1.15
E9	Sample 57	2	1	4	46970	37	1.15
E9	Sample 57	2	1	5	51970	37	1.14
E9	Sample 57	2	1	6	56960	37	1.14
E9	Sample 57	2	1	7	61970	36.96	1.14
E9	Sample 57	2	1	8	66970	37	1.14
E9	Sample 57	2	1	9	71980	37	1.14
E9	Sample 57	2	1	10	76970	36.96	1.14
E9	Sample 57	2	1	11	81970	37	1.14
E9	Sample 57	2	1	12	86970	36.96	1.14
E9	Sample 57	2	1	13	91970	37	1.14
E9	Sample 57	2	1	14	96970	37	1.14
E9	Sample 57	2	1	15	101970	37	1.14
E10	Sample 58	2	1	1	31930	36.91	1.14
E10	Sample 58	2	1	2	36990	36.96	1.14
E10	Sample 58	2	1	3	41960	37	1.13
E10	Sample 58	2	1	4	46970	37	1.14
E10	Sample 58	2	1	5	51970	37	1.13
E10	Sample 58	2	1	6	56960	37	1.13
E10	Sample 58	2	1	7	61970	36.96	1.13
E10	Sample 58	2	1	8	66970	37	1.13
E10	Sample 58	2	1	9	71980	37	1.13
E10	Sample 58	2	1	10	76970	36.96	1.14
E10	Sample 58	2	1	11	81970	37	1.12
E10	Sample 58	2	1	12	86970	36.96	1.12
E10	Sample 58	2	1	13	91970	37	1.14
E10	Sample 58	2	1	14	96970	37	1.13
E10	Sample 58	2	1	15	101970	37	1.13
E11	Sample 59	2	1	1	31930	36.91	0.75
E11	Sample 59	2	1	2	36990	36.96	0.74
E11	Sample 59	2	1	3	41960	37	0.74
E11	Sample 59	2	1	4	46970	37	0.75
E11	Sample 59	2	1	5	51970	37	0.74
E11	Sample 59	2	1	6	56960	37	0.74
E11	Sample 59	2	1	7	61970	36.96	0.74
E11	Sample 59	2	1	8	66970	37	0.73
E11	Sample 59	2	1	9	71980	37	0.74
E11	Sample 59	2	1	10	76970	36.96	0.74
E11	Sample 59	2	1	11	81970	37	0.74
E11	Sample 59	2	1	12	86970	36.96	0.74
E11	Sample 59	2	1	13	91970	37	0.74
E11	Sample 59	2	1	14	96970	37	0.74
E11	Sample 59	2	1	15	101970	37	0.74
E12	Sample 60	2	1	1	31930	36.91	0.70
E12	Sample 60	2	1	2	36990	36.96	0.69
E12	Sample 60	2	1	3	41960	37	0.69
E12	Sample 60	2	1	4	46970	37	0.70
E12	Sample 60	2	1	5	51970	37	0.69
E12	Sample 60	2	1	6	56960	37	0.69
E12	Sample 60	2	1	7	61970	36.96	0.69
E12	Sample 60	2	1	8	66970	37	0.69
E12	Sample 60	2	1	9	71980	37	0.69
E12	Sample 60	2	1	10	76970	36.96	0.70
E12	Sample 60	2	1	11	81970	37	0.69
E12	Sample 60	2	1	12	86970	36.96	0.69
E12	Sample 60	2	1	13	91970	37	0.69
E12	Sample 60	2	1	14	96970	37	0.69
E12	Sample 60	2	1	15	101970	37	0.69
F1	Sample 61	2	1	1	31930	36.91	0.96
F1	Sample 61	2	1	2	36990	36.96	0.95
F1	Sample 61	2	1	3	41960	37	0.95
F1	Sample 61	2	1	4	46970	37	0.95
F1	Sample 61	2	1	5	51970	37	0.94
F1	Sample 61	2	1	6	56960	37	0.93
F1	Sample 61	2	1	7	61970	36.96	0.93
F1	Sample 61	2	1	8	66970	37	0.93
F1	Sample 61	2	1	9	71980	37	0.93
F1	Sample 61	2	1	10	76970	36.96	0.94
F1	Sample 61	2	1	11	81970	37	0.93
F1	Sample 61	2	1	12	86970	36.96	0.93
F1	Sample 61	2	1	13	91970	37	0.94
F1	Sample 61	2	1	14	96970	37	0.94
F1	Sample 61	2	1	15	101970	37	0.94
F2	Sample 62	2	1	1	31930	36.91	0.92
F2	Sample 62	2	1	2	36990	36.96	0.92
F2	Sample 62	2	1	3	41960	37	0.92
F2	Sample 62	2	1	4	46970	37	0.92
F2	Sample 62	2	1	5	51970	37	0.92
F2	Sample 62	2	1	6	56960	37	0.92
F2	Sample 62	2	1	7	61970	36.96	0.92
F2	Sample 62	2	1	8	66970	37	0.91
F2	Sample 62	2	1	9	71980	37	0.92
F2	Sample 62	2	1	10	76970	36.96	0.92
F2	Sample 62	2	1	11	81970	37	0.91
F2	Sample 62	2	1	12	86970	36.96	0.91
F2	Sample 62	2	1	13	91970	37	0.91
F2	Sample 62	2	1	14	96970	37	0.91
F2	Sample 62	2	1	15	101970	37	0.92
F3	Sample 63	2	1	1	31930	36.91	1.06
F3	Sample 63	2	1	2	36990	36.96	1.07
F3	Sample 63	2	1	3	41960	37	1.07
F3	Sample 63	2	1	4	46970	37	1.07
F3	Sample 63	2	1	5	51970	37	1.06
F3	Sample 63	2	1	6	56960	37	1.06
F3	Sample 63	2	1	7	61970	36.96	1.06
F3	Sample 63	2	1	8	66970	37	1.06
F3	Sample 63	2	1	9	71980	37	1.06
F3	Sample 63	2	1	10	76970	36.96	1.06
F3	Sample 63	2	1	11	81970	37	1.05
F3	Sample 63	2	1	12	86970	36.96	1.06
F3	Sample 63	2	1	13	91970	37	1.06
F3	Sample 63	2	1	14	96970	37	1.05
F3	Sample 63	2	1	15	101970	37	1.06
F4	Sample 64	2	1	1	31930	36.91	1.03
F4	Sample 64	2	1	2	36990	36.96	1.03
F4	Sample 64	2	1	3	41960	37	1.04
F4	Sample 64	2	1	4	46970	37	1.03
F4	Sample 64	2	1	5	51970	37	1.03
F4	Sample 64	2	1	6	56960	37	1.02
F4	Sample 64	2	1	7	61970	36.96	1.02
F4	Sample 64	2	1	8	66970	37	1.02
F4	Sample 64	2	1	9	71980	37	1.02
F4	Sample 64	2	1	10	76970	36.96	1.02
F4	Sample 64	2	1	11	81970	37	1.01
F4	Sample 64	2	1	12	86970	36.96	1.02
F4	Sample 64	2	1	13	91970	37	1.02
F4	Sample 64	2	1	14	96970	37	1.04
F4	Sample 64	2	1	15	101970	37	1.02
F5	Sample 65	2	1	1	31930	36.91	1.36
F5	Sample 65	2	1	2	36990	36.96	1.35
F5	Sample 65	2	1	3	41960	37	1.35
F5	Sample 65	2	1	4	46970	37	1.34
F5	Sample 65	2	1	5	51970	37	1.34
F5	Sample 65	2	1	6	56960	37	1.33
F5	Sample 65	2	1	7	61970	36.96	1.33
F5	Sample 65	2	1	8	66970	37	1.34
F5	Sample 65	2	1	9	71980	37	1.33
F5	Sample 65	2	1	10	76970	36.96	1.33
F5	Sample 65	2	1	11	81970	37	1.33
F5	Sample 65	2	1	12	86970	36.96	1.33
F5	Sample 65	2	1	13	91970	37	1.33
F5	Sample 65	2	1	14	96970	37	1.34
F5	Sample 65	2	1	15	101970	37	1.33
F6	Sample 66	2	1	1	31930	36.91	1.29
F6	Sample 66	2	1	2	36990	36.96	1.28
F6	Sample 66	2	1	3	41960	37	1.29
F6	Sample 66	2	1	4	46970	37	1.29
F6	Sample 66	2	1	5	51970	37	1.28
F6	Sample 66	2	1	6	56960	37	1.27
F6	Sample 66	2	1	7	61970	36.96	1.27
F6	Sample 66	2	1	8	66970	37	1.27
F6	Sample 66	2	1	9	71980	37	1.27
F6	Sample 66	2	1	10	76970	36.96	1.28
F6	Sample 66	2	1	11	81970	37	1.27
F6	Sample 66	2	1	12	86970	36.96	1.27
F6	Sample 66	2	1	13	91970	37	1.28
F6	Sample 66	2	1	14	96970	37	1.27
F6	Sample 66	2	1	15	101970	37	1.28
F7	Sample 67	2	1	1	31930	36.91	1.37
F7	Sample 67	2	1	2	36990	36.96	1.36
F7	Sample 67	2	1	3	41960	37	1.37
F7	Sample 67	2	1	4	46970	37	1.37
F7	Sample 67	2	1	5	51970	37	1.36
F7	Sample 67	2	1	6	56960	37	1.36
F7	Sample 67	2	1	7	61970	36.96	1.35
F7	Sample 67	2	1	8	66970	37	1.35
F7	Sample 67	2	1	9	71980	37	1.35
F7	Sample 67	2	1	10	76970	36.96	1.35
F7	Sample 67	2	1	11	81970	37	1.36
F7	Sample 67	2	1	12	86970	36.96	1.34
F7	Sample 67	2	1	13	91970	37	1.36
F7	Sample 67	2	1	14	96970	37	1.36
F7	Sample 67	2	1	15	101970	37	1.36
F8	Sample 68	2	1	1	31930	36.91	1.31
F8	Sample 68	2	1	2	36990	36.96	1.30
F8	Sample 68	2	1	3	41960	37	1.31
F8	Sample 68	2	1	4	46970	37	1.30
F8	Sample 68	2	1	5	51970	37	1.30
F8	Sample 68	2	1	6	56960	37	1.29
F8	Sample 68	2	1	7	61970	36.96	1.29
F8	Sample 68	2	1	8	66970	37	1.28
F8	Sample 68	2	1	9	71980	37	1.28
F8	Sample 68	2	1	10	76970	36.96	1.28
F8	Sample 68	2	1	11	81970	37	1.28
F8	Sample 68	2	1	12	86970	36.96	1.29
F8	Sample 68	2	1	13	91970	37	1.29
F8	Sample 68	2	1	14	96970	37	1.29
F8	Sample 68	2	1	15	101970	37	1.29
F9	Sample 69	2	1	1	31930	36.91	1.38
F9	Sample 69	2	1	2	36990	36.96	1.38
F9	Sample 69	2	1	3	41960	37	1.37
F9	Sample 69	2	1	4	46970	37	1.37
F9	Sample 69	2	1	5	51970	37	1.36
F9	Sample 69	2	1	6	56960	37	1.36
F9	Sample 69	2	1	7	61970	36.96	1.37
F9	Sample 69	2	1	8	66970	37	1.37
F9	Sample 69	2	1	9	71980	37	1.37
F9	Sample 69	2	1	10	76970	36.96	1.37
F9	Sample 69	2	1	11	81970	37	1.36
F9	Sample 69	2	1	12	86970	36.96	1.37
F9	Sample 69	2	1	13	91970	37	1.38
F9	Sample 69	2	1	14	96970	37	1.37
F9	Sample 69	2	1	15	101970	37	1.37
F10	Sample 70	2	1	1	31930	36.91	1.35
F10	Sample 70	2	1	2	36990	36.96	1.35
F10	Sample 70	2	1	3	41960	37	1.35
F10	Sample 70	2	1	4	46970	37	1.36
F10	Sample 70	2	1	5	51970	37	1.34
F10	Sample 70	2	1	6	56960	37	1.35
F10	Sample 70	2	1	7	61970	36.96	1.35
F10	Sample 70	2	1	8	66970	37	1.35
F10	Sample 70	2	1	9	71980	37	1.35
F10	Sample 70	2	1	10	76970	36.96	1.34
F10	Sample 70	2	1	11	81970	37	1.34
F10	Sample 70	2	1	12	86970	36.96	1.34
F10	Sample 70	2	1	13	91970	37	1.34
F10	Sample 70	2	1	14	96970	37	1.34
F10	Sample 70	2	1	15	101970	37	1.34
F11	Sample 71	2	1	1	31930	36.91	1.12
F11	Sample 71	2	1	2	36990	36.96	1.12
F11	Sample 71	2	1	3	41960	37	1.12
F11	Sample 71	2	1	4	46970	37	1.13
F11	Sample 71	2	1	5	51970	37	1.12
F11	Sample 71	2	1	6	56960	37	1.11
F11	Sample 71	2	1	7	61970	36.96	1.12
F11	Sample 71	2	1	8	66970	37	1.12
F11	Sample 71	2	1	9	71980	37	1.12
F11	Sample 71	2	1	10	76970	36.96	1.12
F11	Sample 71	2	1	11	81970	37	1.11
F11	Sample 71	2	1	12	86970	36.96	1.11
F11	Sample 71	2	1	13	91970	37	1.12
F11	Sample 71	2	1	14	96970	37	1.13
F11	Sample 71	2	1	15	101970	37	1.12
F12	Sample 72	2	1	1	31930	36.91	0.97
F12	Sample 72	2	1	2	36990	36.96	0.97
F12	Sample 72	2	1	3	41960	37	0.97
F12	Sample 72	2	1	4	46970	37	0.97
F12	Sample 72	2	1	5	51970	37	0.97
F12	Sample 72	2	1	6	56960	37	0.96
F12	Sample 72	2	1	7	61970	36.96	0.96
F12	Sample 72	2	1	8	66970	37	0.96
F12	Sample 72	2	1	9	71980	37	0.96
F12	Sample 72	2	1	10	76970	36.96	0.96
F12	Sample 72	2	1	11	81970	37	0.96
F12	Sample 72	2	1	12	86970	36.96	0.96
F12	Sample 72	2	1	13	91970	37	0.96
F12	Sample 72	2	1	14	96970	37	0.96
F12	Sample 72	2	1	15	101970	37	0.96
G1	Sample 73	2	1	1	31930	36.91	0.94
G1	Sample 73	2	1	2	36990	36.96	0.94
G1	Sample 73	2	1	3	41960	37	0.95
G1	Sample 73	2	1	4	46970	37	0.95
G1	Sample 73	2	1	5	51970	37	0.94
G1	Sample 73	2	1	6	56960	37	0.94
G1	Sample 73	2	1	7	61970	36.96	0.94
G1	Sample 73	2	1	8	66970	37	0.93
G1	Sample 73	2	1	9	71980	37	0.93
G1	Sample 73	2	1	10	76970	36.96	0.93
G1	Sample 73	2	1	11	81970	37	0.92
G1	Sample 73	2	1	12	86970	36.96	0.92
G1	Sample 73	2	1	13	91970	37	0.93
G1	Sample 73	2	1	14	96970	37	0.93
G1	Sample 73	2	1	15	101970	37	0.93
G2	Sample 74	2	1	1	31930	36.91	0.99
G2	Sample 74	2	1	2	36990	36.96	0.98
G2	Sample 74	2	1	3	41960	37	0.97
G2	Sample 74	2	1	4	46970	37	0.97
G2	Sample 74	2	1	5	51970	37	0.97
G2	Sample 74	2	1	6	56960	37	0.97
G2	Sample 74	2	1	7	61970	36.96	0.98
G2	Sample 74	2	1	8	66970	37	0.97
G2	Sample 74	2	1	9	71980	37	0.97
G2	Sample 74	2	1	10	76970	36.96	0.97
G2	Sample 74	2	1	11	81970	37	0.97
G2	Sample 74	2	1	12	86970	36.96	0.96
G2	Sample 74	2	1	13	91970	37	0.97
G2	Sample 74	2	1	14	96970	37	0.97
G2	Sample 74	2	1	15	101970	37	0.97
G3	Sample 75	2	1	1	31930	36.91	1.12
G3	Sample 75	2	1	2	36990	36.96	1.12
G3	Sample 75	2	1	3	41960	37	1.11
G3	Sample 75	2	1	4	46970	37	1.12
G3	Sample 75	2	1	5	51970	37	1.12
G3	Sample 75	2	1	6	56960	37	1.11
G3	Sample 75	2	1	7	61970	36.96	1.12
G3	Sample 75	2	1	8	66970	37	1.11
G3	Sample 75	2	1	9	71980	37	1.11
G3	Sample 75	2	1	10	76970	36.96	1.11
G3	Sample 75	2	1	11	81970	37	1.10
G3	Sample 75	2	1	12	86970	36.96	1.11
G3	Sample 75	2	1	13	91970	37	1.11
G3	Sample 75	2	1	14	96970	37	1.11
G3	Sample 75	2	1	15	101970	37	1.10
G4	Sample 76	2	1	1	31930	36.91	1.05
G4	Sample 76	2	1	2	36990	36.96	1.05
G4	Sample 76	2	1	3	41960	37	1.05
G4	Sample 76	2	1	4	46970	37	1.04
G4	Sample 76	2	1	5	51970	37	1.05
G4	Sample 76	2	1	6	56960	37	1.04
G4	Sample 76	2	1	7	61970	36.96	1.04
G4	Sample 76	2	1	8	66970	37	1.04
G4	Sample 76	2	1	9	71980	37	1.04
G4	Sample 76	2	1	10	76970	36.96	1.04
G4	Sample 76	2	1	11	81970	37	1.03
G4	Sample 76	2	1	12	86970	36.96	1.04
G4	Sample 76	2	1	13	91970	37	1.03
G4	Sample 76	2	1	14	96970	37	1.04
G4	Sample 76	2	1	15	101970	37	1.04
G5	Sample 77	2	1	1	31930	36.91	1.33
G5	Sample 77	2	1	2	36990	36.96	1.33
G5	Sample 77	2	1	3	41960	37	1.33
G5	Sample 77	2	1	4	46970	37	1.32
G5	Sample 77	2	1	5	51970	37	1.32
G5	Sample 77	2	1	6	56960	37	1.32
G5	Sample 77	2	1	7	61970	36.96	1.32
G5	Sample 77	2	1	8	66970	37	1.31
G5	Sample 77	2	1	9	71980	37	1.31
G5	Sample 77	2	1	10	76970	36.96	1.31
G5	Sample 77	2	1	11	81970	37	1.31
G5	Sample 77	2	1	12	86970	36.96	1.32
G5	Sample 77	2	1	13	91970	37	1.31
G5	Sample 77	2	1	14	96970	37	1.31
G5	Sample 77	2	1	15	101970	37	1.32
G6	Sample 78	2	1	1	31930	36.91	1.27
G6	Sample 78	2	1	2	36990	36.96	1.27
G6	Sample 78	2	1	3	41960	37	1.28
G6	Sample 78	2	1	4	46970	37	1.27
G6	Sample 78	2	1	5	51970	37	1.26
G6	Sample 78	2	1	6	56960	37	1.26
G6	Sample 78	2	1	7	61970	36.96	1.26
G6	Sample 78	2	1	8	66970	37	1.27
G6	Sample 78	2	1	9	71980	37	1.26
G6	Sample 78	2	1	10	76970	36.96	1.27
G6	Sample 78	2	1	11	81970	37	1.27
G6	Sample 78	2	1	12	86970	36.96	1.26
G6	Sample 78	2	1	13	91970	37	1.26
G6	Sample 78	2	1	14	96970	37	1.27
G6	Sample 78	2	1	15	101970	37	1.26
G7	Sample 79	2	1	1	31930	36.91	1.27
G7	Sample 79	2	1	2	36990	36.96	1.27
G7	Sample 79	2	1	3	41960	37	1.27
G7	Sample 79	2	1	4	46970	37	1.26
G7	Sample 79	2	1	5	51970	37	1.26
G7	Sample 79	2	1	6	56960	37	1.25
G7	Sample 79	2	1	7	61970	36.96	1.25
G7	Sample 79	2	1	8	66970	37	1.25
G7	Sample 79	2	1	9	71980	37	1.25
G7	Sample 79	2	1	10	76970	36.96	1.26
G7	Sample 79	2	1	11	81970	37	1.25
G7	Sample 79	2	1	12	86970	36.96	1.26
G7	Sample 79	2	1	13	91970	37	1.25
G7	Sample 79	2	1	14	96970	37	1.25
G7	Sample 79	2	1	15	101970	37	1.26
G8	Sample 80	2	1	1	31930	36.91	1.24
G8	Sample 80	2	1	2	36990	36.96	1.24
G8	Sample 80	2	1	3	41960	37	1.23
G8	Sample 80	2	1	4	46970	37	1.23
G8	Sample 80	2	1	5	51970	37	1.23
G8	Sample 80	2	1	6	56960	37	1.23
G8	Sample 80	2	1	7	61970	36.96	1.23
G8	Sample 80	2	1	8	66970	37	1.23
G8	Sample 80	2	1	9	71980	37	1.22
G8	Sample 80	2	1	10	76970	36.96	1.22
G8	Sample 80	2	1	11	81970	37	1.22
G8	Sample 80	2	1	12	86970	36.96	1.22
G8	Sample 80	2	1	13	91970	37	1.23
G8	Sample 80	2	1	14	96970	37	1.23
G8	Sample 80	2	1	15	101970	37	1.23
G9	Sample 81	2	1	1	31930	36.91	1.37
G9	Sample 81	2	1	2	36990	36.96	1.36
G9	Sample 81	2	1	3	41960	37	1.36
G9	Sample 81	2	1	4	46970	37	1.36
G9	Sample 81	2	1	5	51970	37	1.35
G9	Sample 81	2	1	6	56960	37	1.34
G9	Sample 81	2	1	7	61970	36.96	1.35
G9	Sample 81	2	1	8	66970	37	1.35
G9	Sample 81	2	1	9	71980	37	1.35
G9	Sample 81	2	1	10	76970	36.96	1.35
G9	Sample 81	2	1	11	81970	37	1.35
G9	Sample 81	2	1	12	86970	36.96	1.35
G9	Sample 81	2	1	13	91970	37	1.35
G9	Sample 81	2	1	14	96970	37	1.35
G9	Sample 81	2	1	15	101970	37	1.35
G10	Sample 82	2	1	1	31930	36.91	1.34
G10	Sample 82	2	1	2	36990	36.96	1.34
G10	Sample 82	2	1	3	41960	37	1.34
G10	Sample 82	2	1	4	46970	37	1.34
G10	Sample 82	2	1	5	51970	37	1.34
G10	Sample 82	2	1	6	56960	37	1.33
G10	Sample 82	2	1	7	61970	36.96	1.34
G10	Sample 82	2	1	8	66970	37	1.34
G10	Sample 82	2	1	9	71980	37	1.34
G10	Sample 82	2	1	10	76970	36.96	1.34
G10	Sample 82	2	1	11	81970	37	1.34
G10	Sample 82	2	1	12	86970	36.96	1.34
G10	Sample 82	2	1	13	91970	37	1.35
G10	Sample 82	2	1	14	96970	37	1.35
G10	Sample 82	2	1	15	101970	37	1.34
G11	Sample 83	2	1	1	31930	36.91	1.34
G11	Sample 83	2	1	2	36990	36.96	1.35
G11	Sample 83	2	1	3	41960	37	1.34
G11	Sample 83	2	1	4	46970	37	1.34
G11	Sample 83	2	1	5	51970	37	1.34
G11	Sample 83	2	1	6	56960	37	1.33
G11	Sample 83	2	1	7	61970	36.96	1.34
G11	Sample 83	2	1	8	66970	37	1.33
G11	Sample 83	2	1	9	71980	37	1.33
G11	Sample 83	2	1	10	76970	36.96	1.33
G11	Sample 83	2	1	11	81970	37	1.33
G11	Sample 83	2	1	12	86970	36.96	1.33
G11	Sample 83	2	1	13	91970	37	1.33
G11	Sample 83	2	1	14	96970	37	1.33
G11	Sample 83	2	1	15	101970	37	1.33
G12	Sample 84	2	1	1	31930	36.91	1.20
G12	Sample 84	2	1	2	36990	36.96	1.20
G12	Sample 84	2	1	3	41960	37	1.19
G12	Sample 84	2	1	4	46970	37	1.20
G12	Sample 84	2	1	5	51970	37	1.18
G12	Sample 84	2	1	6	56960	37	1.19
G12	Sample 84	2	1	7	61970	36.96	1.20
G12	Sample 84	2	1	8	66970	37	1.19
G12	Sample 84	2	1	9	71980	37	1.19
G12	Sample 84	2	1	10	76970	36.96	1.19
G12	Sample 84	2	1	11	81970	37	1.18
G12	Sample 84	2	1	12	86970	36.96	1.18
G12	Sample 84	2	1	13	91970	37	1.18
G12	Sample 84	2	1	14	96970	37	1.19
G12	Sample 84	2	1	15	101970	37	1.19
H1	Sample 85	2	1	1	31930	36.91	0.91
H1	Sample 85	2	1	2	36990	36.96	0.91
H1	Sample 85	2	1	3	41960	37	0.91
H1	Sample 85	2	1	4	46970	37	0.91
H1	Sample 85	2	1	5	51970	37	0.91
H1	Sample 85	2	1	6	56960	37	0.91
H1	Sample 85	2	1	7	61970	36.96	0.91
H1	Sample 85	2	1	8	66970	37	0.89
H1	Sample 85	2	1	9	71980	37	0.91
H1	Sample 85	2	1	10	76970	36.96	0.90
H1	Sample 85	2	1	11	81970	37	0.91
H1	Sample 85	2	1	12	86970	36.96	0.91
H1	Sample 85	2	1	13	91970	37	0.91
H1	Sample 85	2	1	14	96970	37	0.91
H1	Sample 85	2	1	15	101970	37	0.91
H2	Sample 86	2	1	1	31930	36.91	0.95
H2	Sample 86	2	1	2	36990	36.96	0.94
H2	Sample 86	2	1	3	41960	37	0.94
H2	Sample 86	2	1	4	46970	37	0.94
H2	Sample 86	2	1	5	51970	37	0.94
H2	Sample 86	2	1	6	56960	37	0.93
H2	Sample 86	2	1	7	61970	36.96	0.93
H2	Sample 86	2	1	8	66970	37	0.93
H2	Sample 86	2	1	9	71980	37	0.93
H2	Sample 86	2	1	10	76970	36.96	0.94
H2	Sample 86	2	1	11	81970	37	0.93
H2	Sample 86	2	1	12	86970	36.96	0.93
H2	Sample 86	2	1	13	91970	37	0.94
H2	Sample 86	2	1	14	96970	37	0.93
H2	Sample 86	2	1	15	101970	37	0.93
H3	Sample 87	2	1	1	31930	36.91	1.11
H3	Sample 87	2	1	2	36990	36.96	1.10
H3	Sample 87	2	1	3	41960	37	1.10
H3	Sample 87	2	1	4	46970	37	1.10
H3	Sample 87	2	1	5	51970	37	1.09
H3	Sample 87	2	1	6	56960	37	1.09
H3	Sample 87	2	1	7	61970	36.96	1.10
H3	Sample 87	2	1	8	66970	37	1.08
H3	Sample 87	2	1	9	71980	37	1.09
H3	Sample 87	2	1	10	76970	36.96	1.08
H3	Sample 87	2	1	11	81970	37	1.08
H3	Sample 87	2	1	12	86970	36.96	1.09
H3	Sample 87	2	1	13	91970	37	1.09
H3	Sample 87	2	1	14	96970	37	1.09
H3	Sample 87	2	1	15	101970	37	1.09
H4	Sample 88	2	1	1	31930	36.91	1.02
H4	Sample 88	2	1	2	36990	36.96	1.02
H4	Sample 88	2	1	3	41960	37	1.02
H4	Sample 88	2	1	4	46970	37	1.02
H4	Sample 88	2	1	5	51970	37	1.01
H4	Sample 88	2	1	6	56960	37	1.01
H4	Sample 88	2	1	7	61970	36.96	1.01
H4	Sample 88	2	1	8	66970	37	1.00
H4	Sample 88	2	1	9	71980	37	1.01
H4	Sample 88	2	1	10	76970	36.96	1.02
H4	Sample 88	2	1	11	81970	37	1.00
H4	Sample 88	2	1	12	86970	36.96	1.01
H4	Sample 88	2	1	13	91970	37	1.01
H4	Sample 88	2	1	14	96970	37	1.01
H4	Sample 88	2	1	15	101970	37	1.01
H5	Sample 89	2	1	1	31930	36.91	1.32
H5	Sample 89	2	1	2	36990	36.96	1.31
H5	Sample 89	2	1	3	41960	37	1.31
H5	Sample 89	2	1	4	46970	37	1.32
H5	Sample 89	2	1	5	51970	37	1.31
H5	Sample 89	2	1	6	56960	37	1.31
H5	Sample 89	2	1	7	61970	36.96	1.32
H5	Sample 89	2	1	8	66970	37	1.31
H5	Sample 89	2	1	9	71980	37	1.31
H5	Sample 89	2	1	10	76970	36.96	1.32
H5	Sample 89	2	1	11	81970	37	1.31
H5	Sample 89	2	1	12	86970	36.96	1.31
H5	Sample 89	2	1	13	91970	37	1.30
H5	Sample 89	2	1	14	96970	37	1.31
H5	Sample 89	2	1	15	101970	37	1.31
H6	Sample 90	2	1	1	31930	36.91	1.30
H6	Sample 90	2	1	2	36990	36.96	1.30
H6	Sample 90	2	1	3	41960	37	1.29
H6	Sample 90	2	1	4	46970	37	1.30
H6	Sample 90	2	1	5	51970	37	1.30
H6	Sample 90	2	1	6	56960	37	1.29
H6	Sample 90	2	1	7	61970	36.96	1.29
H6	Sample 90	2	1	8	66970	37	1.29
H6	Sample 90	2	1	9	71980	37	1.29
H6	Sample 90	2	1	10	76970	36.96	1.29
H6	Sample 90	2	1	11	81970	37	1.28
H6	Sample 90	2	1	12	86970	36.96	1.29
H6	Sample 90	2	1	13	91970	37	1.30
H6	Sample 90	2	1	14	96970	37	1.29
H6	Sample 90	2	1	15	101970	37	1.29
H7	Sample 91	2	1	1	31930	36.91	1.31
H7	Sample 91	2	1	2	36990	36.96	1.31
H7	Sample 91	2	1	3	41960	37	1.30
H7	Sample 91	2	1	4	46970	37	1.30
H7	Sample 91	2	1	5	51970	37	1.29
H7	Sample 91	2	1	6	56960	37	1.29
H7	Sample 91	2	1	7	61970	36.96	1.30
H7	Sample 91	2	1	8	66970	37	1.30
H7	Sample 91	2	1	9	71980	37	1.30
H7	Sample 91	2	1	10	76970	36.96	1.30
H7	Sample 91	2	1	11	81970	37	1.28
H7	Sample 91	2	1	12	86970	36.96	1.29
H7	Sample 91	2	1	13	91970	37	1.29
H7	Sample 91	2	1	14	96970	37	1.30
H7	Sample 91	2	1	15	101970	37	1.29
H8	Sample 92	2	1	1	31930	36.91	1.27
H8	Sample 92	2	1	2	36990	36.96	1.26
H8	Sample 92	2	1	3	41960	37	1.26
H8	Sample 92	2	1	4	46970	37	1.27
H8	Sample 92	2	1	5	51970	37	1.26
H8	Sample 92	2	1	6	56960	37	1.26
H8	Sample 92	2	1	7	61970	36.96	1.25
H8	Sample 92	2	1	8	66970	37	1.25
H8	Sample 92	2	1	9	71980	37	1.25
H8	Sample 92	2	1	10	76970	36.96	1.25
H8	Sample 92	2	1	11	81970	37	1.25
H8	Sample 92	2	1	12	86970	36.96	1.26
H8	Sample 92	2	1	13	91970	37	1.25
H8	Sample 92	2	1	14	96970	37	1.25
H8	Sample 92	2	1	15	101970	37	1.25
H9	Sample 93	2	1	1	31930	36.91	1.31
H9	Sample 93	2	1	2	36990	36.96	1.31
H9	Sample 93	2	1	3	41960	37	1.31
H9	Sample 93	2	1	4	46970	37	1.32
H9	Sample 93	2	1	5	51970	37	1.31
H9	Sample 93	2	1	6	56960	37	1.31
H9	Sample 93	2	1	7	61970	36.96	1.31
H9	Sample 93	2	1	8	66970	37	1.31
H9	Sample 93	2	1	9	71980	37	1.32
H9	Sample 93	2	1	10	76970	36.96	1.32
H9	Sample 93	2	1	11	81970	37	1.31
H9	Sample 93	2	1	12	86970	36.96	1.31
H9	Sample 93	2	1	13	91970	37	1.31
H9	Sample 93	2	1	14	96970	37	1.32
H9	Sample 93	2	1	15	101970	37	1.32
H10	Sample 94	2	1	1	31930	36.91	1.23
H10	Sample 94	2	1	2	36990	36.96	1.23
H10	Sample 94	2	1	3	41960	37	1.23
H10	Sample 94	2	1	4	46970	37	1.24
H10	Sample 94	2	1	5	51970	37	1.23
H10	Sample 94	2	1	6	56960	37	1.23
H10	Sample 94	2	1	7	61970	36.96	1.23
H10	Sample 94	2	1	8	66970	37	1.23
H10	Sample 94	2	1	9	71980	37	1.23
H10	Sample 94	2	1	10	76970	36.96	1.23
H10	Sample 94	2	1	11	81970	37	1.23
H10	Sample 94	2	1	12	86970	36.96	1.22
H10	Sample 94	2	1	13	91970	37	1.23
H10	Sample 94	2	1	14	96970	37	1.23
H10	Sample 94	2	1	15	101970	37	1.22
H11	Sample 95	2	1	1	31930	36.91	1.22
H11	Sample 95	2	1	2	36990	36.96	1.21
H11	Sample 95	2	1	3	41960	37	1.20
H11	Sample 95	2	1	4	46970	37	1.20
H11	Sample 95	2	1	5	51970	37	1.20
H11	Sample 95	2	1	6	56960	37	1.20
H11	Sample 95	2	1	7	61970	36.96	1.21
H11	Sample 95	2	1	8	66970	37	1.20
H11	Sample 95	2	1	9	71980	37	1.20
H11	Sample 95	2	1	10	76970	36.96	1.20
H11	Sample 95	2	1	11	81970	37	1.20
H11	Sample 95	2	1	12	86970	36.96	1.20
H11	Sample 95	2	1	13	91970	37	1.21
H11	Sample 95	2	1	14	96970	37	1.21
H11	Sample 95	2	1	15	101970	37	1.21
H12	Sample 96	2	1	1	31930	36.91	1.15
H12	Sample 96	2	1	2	36990	36.96	1.15
H12	Sample 96	2	1	3	41960	37	1.16
H12	Sample 96	2	1	4	46970	37	1.16
H12	Sample 96	2	1	5	51970	37	1.15
H12	Sample 96	2	1	6	56960	37	1.15
H12	Sample 96	2	1	7	61970	36.96	1.15
H12	Sample 96	2	1	8	66970	37	1.15
H12	Sample 96	2	1	9	71980	37	1.15
H12	Sample 96	2	1	10	76970	36.96	1.16
H12	Sample 96	2	1	11	81970	37	1.16
H12	Sample 96	2	1	12	86970	36.96	1.15
H12	Sample 96	2	1	13	91970	37	1.15
H12	Sample 96	2	1	14	96970	37	1.15
H12	Sample 96	2	1	15	101970	37	1.15
