Raw Data 		Experiment - evIC50_12_plate2_246APRIL2026 (Run on LCS480 1.5.1.62)
SamplePos	SampleName	Prog#	Seg#	Cycle#	Time	Temp	465-510	
A1	Sample 1	2	1	1	32790	36.91	0.46
A1	Sample 1	2	1	2	37760	36.96	0.47
A1	Sample 1	2	1	3	42660	37	0.46
A1	Sample 1	2	1	4	47660	36.96	0.46
A1	Sample 1	2	1	5	52660	36.96	0.46
A1	Sample 1	2	1	6	57660	36.96	0.48
A1	Sample 1	2	1	7	62560	36.96	0.48
A1	Sample 1	2	1	8	67560	37	0.50
A1	Sample 1	2	1	9	72460	37	0.50
A1	Sample 1	2	1	10	77470	36.96	0.51
A1	Sample 1	2	1	11	82460	36.96	0.52
A1	Sample 1	2	1	12	87360	36.96	0.51
A1	Sample 1	2	1	13	92260	37	0.52
A1	Sample 1	2	1	14	97270	36.96	0.52
A1	Sample 1	2	1	15	102270	36.96	0.52
A2	Sample 2	2	1	1	32790	36.91	0.49
A2	Sample 2	2	1	2	37760	36.96	0.49
A2	Sample 2	2	1	3	42660	37	0.50
A2	Sample 2	2	1	4	47660	36.96	0.51
A2	Sample 2	2	1	5	52660	36.96	0.51
A2	Sample 2	2	1	6	57660	36.96	0.53
A2	Sample 2	2	1	7	62560	36.96	0.53
A2	Sample 2	2	1	8	67560	37	0.53
A2	Sample 2	2	1	9	72460	37	0.54
A2	Sample 2	2	1	10	77470	36.96	0.54
A2	Sample 2	2	1	11	82460	36.96	0.54
A2	Sample 2	2	1	12	87360	36.96	0.55
A2	Sample 2	2	1	13	92260	37	0.55
A2	Sample 2	2	1	14	97270	36.96	0.55
A2	Sample 2	2	1	15	102270	36.96	0.55
A3	Sample 3	2	1	1	32790	36.91	0.57
A3	Sample 3	2	1	2	37760	36.96	0.58
A3	Sample 3	2	1	3	42660	37	0.59
A3	Sample 3	2	1	4	47660	36.96	0.59
A3	Sample 3	2	1	5	52660	36.96	0.59
A3	Sample 3	2	1	6	57660	36.96	0.60
A3	Sample 3	2	1	7	62560	36.96	0.59
A3	Sample 3	2	1	8	67560	37	0.59
A3	Sample 3	2	1	9	72460	37	0.59
A3	Sample 3	2	1	10	77470	36.96	0.60
A3	Sample 3	2	1	11	82460	36.96	0.60
A3	Sample 3	2	1	12	87360	36.96	0.59
A3	Sample 3	2	1	13	92260	37	0.61
A3	Sample 3	2	1	14	97270	36.96	0.60
A3	Sample 3	2	1	15	102270	36.96	0.59
A4	Sample 4	2	1	1	32790	36.91	0.56
A4	Sample 4	2	1	2	37760	36.96	0.57
A4	Sample 4	2	1	3	42660	37	0.57
A4	Sample 4	2	1	4	47660	36.96	0.59
A4	Sample 4	2	1	5	52660	36.96	0.59
A4	Sample 4	2	1	6	57660	36.96	0.60
A4	Sample 4	2	1	7	62560	36.96	0.60
A4	Sample 4	2	1	8	67560	37	0.60
A4	Sample 4	2	1	9	72460	37	0.60
A4	Sample 4	2	1	10	77470	36.96	0.60
A4	Sample 4	2	1	11	82460	36.96	0.61
A4	Sample 4	2	1	12	87360	36.96	0.60
A4	Sample 4	2	1	13	92260	37	0.60
A4	Sample 4	2	1	14	97270	36.96	0.61
A4	Sample 4	2	1	15	102270	36.96	0.60
A5	Sample 5	2	1	1	32790	36.91	0.54
A5	Sample 5	2	1	2	37760	36.96	0.56
A5	Sample 5	2	1	3	42660	37	0.57
A5	Sample 5	2	1	4	47660	36.96	0.58
A5	Sample 5	2	1	5	52660	36.96	0.57
A5	Sample 5	2	1	6	57660	36.96	0.59
A5	Sample 5	2	1	7	62560	36.96	0.58
A5	Sample 5	2	1	8	67560	37	0.58
A5	Sample 5	2	1	9	72460	37	0.59
A5	Sample 5	2	1	10	77470	36.96	0.59
A5	Sample 5	2	1	11	82460	36.96	0.59
A5	Sample 5	2	1	12	87360	36.96	0.59
A5	Sample 5	2	1	13	92260	37	0.60
A5	Sample 5	2	1	14	97270	36.96	0.59
A5	Sample 5	2	1	15	102270	36.96	0.59
A6	Sample 6	2	1	1	32790	36.91	0.61
A6	Sample 6	2	1	2	37760	36.96	0.61
A6	Sample 6	2	1	3	42660	37	0.61
A6	Sample 6	2	1	4	47660	36.96	0.60
A6	Sample 6	2	1	5	52660	36.96	0.60
A6	Sample 6	2	1	6	57660	36.96	0.61
A6	Sample 6	2	1	7	62560	36.96	0.60
A6	Sample 6	2	1	8	67560	37	0.60
A6	Sample 6	2	1	9	72460	37	0.60
A6	Sample 6	2	1	10	77470	36.96	0.60
A6	Sample 6	2	1	11	82460	36.96	0.60
A6	Sample 6	2	1	12	87360	36.96	0.60
A6	Sample 6	2	1	13	92260	37	0.60
A6	Sample 6	2	1	14	97270	36.96	0.60
A6	Sample 6	2	1	15	102270	36.96	0.59
A7	Sample 7	2	1	1	32790	36.91	0.63
A7	Sample 7	2	1	2	37760	36.96	0.63
A7	Sample 7	2	1	3	42660	37	0.63
A7	Sample 7	2	1	4	47660	36.96	0.62
A7	Sample 7	2	1	5	52660	36.96	0.62
A7	Sample 7	2	1	6	57660	36.96	0.63
A7	Sample 7	2	1	7	62560	36.96	0.62
A7	Sample 7	2	1	8	67560	37	0.62
A7	Sample 7	2	1	9	72460	37	0.62
A7	Sample 7	2	1	10	77470	36.96	0.62
A7	Sample 7	2	1	11	82460	36.96	0.62
A7	Sample 7	2	1	12	87360	36.96	0.62
A7	Sample 7	2	1	13	92260	37	0.62
A7	Sample 7	2	1	14	97270	36.96	0.62
A7	Sample 7	2	1	15	102270	36.96	0.62
A8	Sample 8	2	1	1	32790	36.91	0.56
A8	Sample 8	2	1	2	37760	36.96	0.57
A8	Sample 8	2	1	3	42660	37	0.58
A8	Sample 8	2	1	4	47660	36.96	0.58
A8	Sample 8	2	1	5	52660	36.96	0.58
A8	Sample 8	2	1	6	57660	36.96	0.59
A8	Sample 8	2	1	7	62560	36.96	0.58
A8	Sample 8	2	1	8	67560	37	0.58
A8	Sample 8	2	1	9	72460	37	0.59
A8	Sample 8	2	1	10	77470	36.96	0.59
A8	Sample 8	2	1	11	82460	36.96	0.59
A8	Sample 8	2	1	12	87360	36.96	0.59
A8	Sample 8	2	1	13	92260	37	0.59
A8	Sample 8	2	1	14	97270	36.96	0.59
A8	Sample 8	2	1	15	102270	36.96	0.58
A9	Sample 9	2	1	1	32790	36.91	2.09
A9	Sample 9	2	1	2	37760	36.96	2.09
A9	Sample 9	2	1	3	42660	37	2.08
A9	Sample 9	2	1	4	47660	36.96	2.07
A9	Sample 9	2	1	5	52660	36.96	2.06
A9	Sample 9	2	1	6	57660	36.96	2.06
A9	Sample 9	2	1	7	62560	36.96	2.06
A9	Sample 9	2	1	8	67560	37	2.05
A9	Sample 9	2	1	9	72460	37	2.05
A9	Sample 9	2	1	10	77470	36.96	2.04
A9	Sample 9	2	1	11	82460	36.96	2.04
A9	Sample 9	2	1	12	87360	36.96	2.03
A9	Sample 9	2	1	13	92260	37	2.05
A9	Sample 9	2	1	14	97270	36.96	2.05
A9	Sample 9	2	1	15	102270	36.96	2.04
A10	Sample 10	2	1	1	32790	36.91	2.12
A10	Sample 10	2	1	2	37760	36.96	2.10
A10	Sample 10	2	1	3	42660	37	2.07
A10	Sample 10	2	1	4	47660	36.96	2.06
A10	Sample 10	2	1	5	52660	36.96	2.04
A10	Sample 10	2	1	6	57660	36.96	2.04
A10	Sample 10	2	1	7	62560	36.96	2.03
A10	Sample 10	2	1	8	67560	37	2.03
A10	Sample 10	2	1	9	72460	37	2.02
A10	Sample 10	2	1	10	77470	36.96	2.02
A10	Sample 10	2	1	11	82460	36.96	2.02
A10	Sample 10	2	1	12	87360	36.96	2.01
A10	Sample 10	2	1	13	92260	37	2.02
A10	Sample 10	2	1	14	97270	36.96	2.02
A10	Sample 10	2	1	15	102270	36.96	2.01
A11	Sample 11	2	1	1	32790	36.91	2.16
A11	Sample 11	2	1	2	37760	36.96	2.14
A11	Sample 11	2	1	3	42660	37	2.12
A11	Sample 11	2	1	4	47660	36.96	2.10
A11	Sample 11	2	1	5	52660	36.96	2.09
A11	Sample 11	2	1	6	57660	36.96	2.09
A11	Sample 11	2	1	7	62560	36.96	2.07
A11	Sample 11	2	1	8	67560	37	2.07
A11	Sample 11	2	1	9	72460	37	2.06
A11	Sample 11	2	1	10	77470	36.96	2.06
A11	Sample 11	2	1	11	82460	36.96	2.06
A11	Sample 11	2	1	12	87360	36.96	2.06
A11	Sample 11	2	1	13	92260	37	2.06
A11	Sample 11	2	1	14	97270	36.96	2.06
A11	Sample 11	2	1	15	102270	36.96	2.05
A12	Sample 12	2	1	1	32790	36.91	1.94
A12	Sample 12	2	1	2	37760	36.96	1.93
A12	Sample 12	2	1	3	42660	37	1.91
A12	Sample 12	2	1	4	47660	36.96	1.89
A12	Sample 12	2	1	5	52660	36.96	1.88
A12	Sample 12	2	1	6	57660	36.96	1.87
A12	Sample 12	2	1	7	62560	36.96	1.86
A12	Sample 12	2	1	8	67560	37	1.86
A12	Sample 12	2	1	9	72460	37	1.85
A12	Sample 12	2	1	10	77470	36.96	1.85
A12	Sample 12	2	1	11	82460	36.96	1.85
A12	Sample 12	2	1	12	87360	36.96	1.85
A12	Sample 12	2	1	13	92260	37	1.86
A12	Sample 12	2	1	14	97270	36.96	1.87
A12	Sample 12	2	1	15	102270	36.96	1.84
B1	Sample 13	2	1	1	32790	36.91	0.44
B1	Sample 13	2	1	2	37760	36.96	0.44
B1	Sample 13	2	1	3	42660	37	0.43
B1	Sample 13	2	1	4	47660	36.96	0.43
B1	Sample 13	2	1	5	52660	36.96	0.43
B1	Sample 13	2	1	6	57660	36.96	0.45
B1	Sample 13	2	1	7	62560	36.96	0.46
B1	Sample 13	2	1	8	67560	37	0.47
B1	Sample 13	2	1	9	72460	37	0.48
B1	Sample 13	2	1	10	77470	36.96	0.48
B1	Sample 13	2	1	11	82460	36.96	0.49
B1	Sample 13	2	1	12	87360	36.96	0.49
B1	Sample 13	2	1	13	92260	37	0.50
B1	Sample 13	2	1	14	97270	36.96	0.50
B1	Sample 13	2	1	15	102270	36.96	0.49
B2	Sample 14	2	1	1	32790	36.91	0.46
B2	Sample 14	2	1	2	37760	36.96	0.45
B2	Sample 14	2	1	3	42660	37	0.45
B2	Sample 14	2	1	4	47660	36.96	0.45
B2	Sample 14	2	1	5	52660	36.96	0.45
B2	Sample 14	2	1	6	57660	36.96	0.47
B2	Sample 14	2	1	7	62560	36.96	0.48
B2	Sample 14	2	1	8	67560	37	0.50
B2	Sample 14	2	1	9	72460	37	0.50
B2	Sample 14	2	1	10	77470	36.96	0.50
B2	Sample 14	2	1	11	82460	36.96	0.51
B2	Sample 14	2	1	12	87360	36.96	0.51
B2	Sample 14	2	1	13	92260	37	0.52
B2	Sample 14	2	1	14	97270	36.96	0.52
B2	Sample 14	2	1	15	102270	36.96	0.51
B3	Sample 15	2	1	1	32790	36.91	0.48
B3	Sample 15	2	1	2	37760	36.96	0.48
B3	Sample 15	2	1	3	42660	37	0.47
B3	Sample 15	2	1	4	47660	36.96	0.48
B3	Sample 15	2	1	5	52660	36.96	0.48
B3	Sample 15	2	1	6	57660	36.96	0.50
B3	Sample 15	2	1	7	62560	36.96	0.51
B3	Sample 15	2	1	8	67560	37	0.52
B3	Sample 15	2	1	9	72460	37	0.53
B3	Sample 15	2	1	10	77470	36.96	0.53
B3	Sample 15	2	1	11	82460	36.96	0.54
B3	Sample 15	2	1	12	87360	36.96	0.54
B3	Sample 15	2	1	13	92260	37	0.55
B3	Sample 15	2	1	14	97270	36.96	0.54
B3	Sample 15	2	1	15	102270	36.96	0.54
B4	Sample 16	2	1	1	32790	36.91	0.53
B4	Sample 16	2	1	2	37760	36.96	0.54
B4	Sample 16	2	1	3	42660	37	0.55
B4	Sample 16	2	1	4	47660	36.96	0.54
B4	Sample 16	2	1	5	52660	36.96	0.54
B4	Sample 16	2	1	6	57660	36.96	0.55
B4	Sample 16	2	1	7	62560	36.96	0.55
B4	Sample 16	2	1	8	67560	37	0.54
B4	Sample 16	2	1	9	72460	37	0.54
B4	Sample 16	2	1	10	77470	36.96	0.55
B4	Sample 16	2	1	11	82460	36.96	0.55
B4	Sample 16	2	1	12	87360	36.96	0.55
B4	Sample 16	2	1	13	92260	37	0.56
B4	Sample 16	2	1	14	97270	36.96	0.55
B4	Sample 16	2	1	15	102270	36.96	0.55
B5	Sample 17	2	1	1	32790	36.91	0.52
B5	Sample 17	2	1	2	37760	36.96	0.53
B5	Sample 17	2	1	3	42660	37	0.54
B5	Sample 17	2	1	4	47660	36.96	0.54
B5	Sample 17	2	1	5	52660	36.96	0.54
B5	Sample 17	2	1	6	57660	36.96	0.56
B5	Sample 17	2	1	7	62560	36.96	0.56
B5	Sample 17	2	1	8	67560	37	0.56
B5	Sample 17	2	1	9	72460	37	0.56
B5	Sample 17	2	1	10	77470	36.96	0.56
B5	Sample 17	2	1	11	82460	36.96	0.56
B5	Sample 17	2	1	12	87360	36.96	0.57
B5	Sample 17	2	1	13	92260	37	0.57
B5	Sample 17	2	1	14	97270	36.96	0.56
B5	Sample 17	2	1	15	102270	36.96	0.56
B6	Sample 18	2	1	1	32790	36.91	0.61
B6	Sample 18	2	1	2	37760	36.96	0.61
B6	Sample 18	2	1	3	42660	37	0.61
B6	Sample 18	2	1	4	47660	36.96	0.60
B6	Sample 18	2	1	5	52660	36.96	0.59
B6	Sample 18	2	1	6	57660	36.96	0.60
B6	Sample 18	2	1	7	62560	36.96	0.60
B6	Sample 18	2	1	8	67560	37	0.60
B6	Sample 18	2	1	9	72460	37	0.59
B6	Sample 18	2	1	10	77470	36.96	0.59
B6	Sample 18	2	1	11	82460	36.96	0.60
B6	Sample 18	2	1	12	87360	36.96	0.60
B6	Sample 18	2	1	13	92260	37	0.60
B6	Sample 18	2	1	14	97270	36.96	0.59
B6	Sample 18	2	1	15	102270	36.96	0.60
B7	Sample 19	2	1	1	32790	36.91	0.61
B7	Sample 19	2	1	2	37760	36.96	0.61
B7	Sample 19	2	1	3	42660	37	0.60
B7	Sample 19	2	1	4	47660	36.96	0.60
B7	Sample 19	2	1	5	52660	36.96	0.59
B7	Sample 19	2	1	6	57660	36.96	0.60
B7	Sample 19	2	1	7	62560	36.96	0.59
B7	Sample 19	2	1	8	67560	37	0.60
B7	Sample 19	2	1	9	72460	37	0.59
B7	Sample 19	2	1	10	77470	36.96	0.59
B7	Sample 19	2	1	11	82460	36.96	0.60
B7	Sample 19	2	1	12	87360	36.96	0.59
B7	Sample 19	2	1	13	92260	37	0.60
B7	Sample 19	2	1	14	97270	36.96	0.59
B7	Sample 19	2	1	15	102270	36.96	0.59
B8	Sample 20	2	1	1	32790	36.91	0.59
B8	Sample 20	2	1	2	37760	36.96	0.58
B8	Sample 20	2	1	3	42660	37	0.58
B8	Sample 20	2	1	4	47660	36.96	0.57
B8	Sample 20	2	1	5	52660	36.96	0.56
B8	Sample 20	2	1	6	57660	36.96	0.57
B8	Sample 20	2	1	7	62560	36.96	0.56
B8	Sample 20	2	1	8	67560	37	0.56
B8	Sample 20	2	1	9	72460	37	0.57
B8	Sample 20	2	1	10	77470	36.96	0.56
B8	Sample 20	2	1	11	82460	36.96	0.57
B8	Sample 20	2	1	12	87360	36.96	0.57
B8	Sample 20	2	1	13	92260	37	0.57
B8	Sample 20	2	1	14	97270	36.96	0.57
B8	Sample 20	2	1	15	102270	36.96	0.56
B9	Sample 21	2	1	1	32790	36.91	2.13
B9	Sample 21	2	1	2	37760	36.96	2.12
B9	Sample 21	2	1	3	42660	37	2.09
B9	Sample 21	2	1	4	47660	36.96	2.07
B9	Sample 21	2	1	5	52660	36.96	2.05
B9	Sample 21	2	1	6	57660	36.96	2.07
B9	Sample 21	2	1	7	62560	36.96	2.06
B9	Sample 21	2	1	8	67560	37	2.05
B9	Sample 21	2	1	9	72460	37	2.05
B9	Sample 21	2	1	10	77470	36.96	2.05
B9	Sample 21	2	1	11	82460	36.96	2.04
B9	Sample 21	2	1	12	87360	36.96	2.05
B9	Sample 21	2	1	13	92260	37	2.05
B9	Sample 21	2	1	14	97270	36.96	2.04
B9	Sample 21	2	1	15	102270	36.96	2.05
B10	Sample 22	2	1	1	32790	36.91	2.14
B10	Sample 22	2	1	2	37760	36.96	2.11
B10	Sample 22	2	1	3	42660	37	2.10
B10	Sample 22	2	1	4	47660	36.96	2.09
B10	Sample 22	2	1	5	52660	36.96	2.07
B10	Sample 22	2	1	6	57660	36.96	2.08
B10	Sample 22	2	1	7	62560	36.96	2.06
B10	Sample 22	2	1	8	67560	37	2.06
B10	Sample 22	2	1	9	72460	37	2.06
B10	Sample 22	2	1	10	77470	36.96	2.06
B10	Sample 22	2	1	11	82460	36.96	2.06
B10	Sample 22	2	1	12	87360	36.96	2.05
B10	Sample 22	2	1	13	92260	37	2.06
B10	Sample 22	2	1	14	97270	36.96	2.06
B10	Sample 22	2	1	15	102270	36.96	2.06
B11	Sample 23	2	1	1	32790	36.91	2.20
B11	Sample 23	2	1	2	37760	36.96	2.17
B11	Sample 23	2	1	3	42660	37	2.15
B11	Sample 23	2	1	4	47660	36.96	2.12
B11	Sample 23	2	1	5	52660	36.96	2.11
B11	Sample 23	2	1	6	57660	36.96	2.11
B11	Sample 23	2	1	7	62560	36.96	2.10
B11	Sample 23	2	1	8	67560	37	2.10
B11	Sample 23	2	1	9	72460	37	2.10
B11	Sample 23	2	1	10	77470	36.96	2.09
B11	Sample 23	2	1	11	82460	36.96	2.10
B11	Sample 23	2	1	12	87360	36.96	2.08
B11	Sample 23	2	1	13	92260	37	2.09
B11	Sample 23	2	1	14	97270	36.96	2.09
B11	Sample 23	2	1	15	102270	36.96	2.08
B12	Sample 24	2	1	1	32790	36.91	1.99
B12	Sample 24	2	1	2	37760	36.96	1.99
B12	Sample 24	2	1	3	42660	37	1.97
B12	Sample 24	2	1	4	47660	36.96	1.93
B12	Sample 24	2	1	5	52660	36.96	1.92
B12	Sample 24	2	1	6	57660	36.96	1.92
B12	Sample 24	2	1	7	62560	36.96	1.91
B12	Sample 24	2	1	8	67560	37	1.91
B12	Sample 24	2	1	9	72460	37	1.91
B12	Sample 24	2	1	10	77470	36.96	1.89
B12	Sample 24	2	1	11	82460	36.96	1.89
B12	Sample 24	2	1	12	87360	36.96	1.88
B12	Sample 24	2	1	13	92260	37	1.89
B12	Sample 24	2	1	14	97270	36.96	1.89
B12	Sample 24	2	1	15	102270	36.96	1.89
C1	Sample 25	2	1	1	32790	36.91	0.43
C1	Sample 25	2	1	2	37760	36.96	0.43
C1	Sample 25	2	1	3	42660	37	0.42
C1	Sample 25	2	1	4	47660	36.96	0.43
C1	Sample 25	2	1	5	52660	36.96	0.42
C1	Sample 25	2	1	6	57660	36.96	0.44
C1	Sample 25	2	1	7	62560	36.96	0.45
C1	Sample 25	2	1	8	67560	37	0.47
C1	Sample 25	2	1	9	72460	37	0.48
C1	Sample 25	2	1	10	77470	36.96	0.48
C1	Sample 25	2	1	11	82460	36.96	0.48
C1	Sample 25	2	1	12	87360	36.96	0.49
C1	Sample 25	2	1	13	92260	37	0.49
C1	Sample 25	2	1	14	97270	36.96	0.49
C1	Sample 25	2	1	15	102270	36.96	0.49
C2	Sample 26	2	1	1	32790	36.91	0.46
C2	Sample 26	2	1	2	37760	36.96	0.46
C2	Sample 26	2	1	3	42660	37	0.45
C2	Sample 26	2	1	4	47660	36.96	0.45
C2	Sample 26	2	1	5	52660	36.96	0.44
C2	Sample 26	2	1	6	57660	36.96	0.46
C2	Sample 26	2	1	7	62560	36.96	0.45
C2	Sample 26	2	1	8	67560	37	0.47
C2	Sample 26	2	1	9	72460	37	0.48
C2	Sample 26	2	1	10	77470	36.96	0.49
C2	Sample 26	2	1	11	82460	36.96	0.50
C2	Sample 26	2	1	12	87360	36.96	0.50
C2	Sample 26	2	1	13	92260	37	0.52
C2	Sample 26	2	1	14	97270	36.96	0.52
C2	Sample 26	2	1	15	102270	36.96	0.51
C3	Sample 27	2	1	1	32790	36.91	0.56
C3	Sample 27	2	1	2	37760	36.96	0.56
C3	Sample 27	2	1	3	42660	37	0.56
C3	Sample 27	2	1	4	47660	36.96	0.56
C3	Sample 27	2	1	5	52660	36.96	0.56
C3	Sample 27	2	1	6	57660	36.96	0.56
C3	Sample 27	2	1	7	62560	36.96	0.56
C3	Sample 27	2	1	8	67560	37	0.56
C3	Sample 27	2	1	9	72460	37	0.56
C3	Sample 27	2	1	10	77470	36.96	0.56
C3	Sample 27	2	1	11	82460	36.96	0.56
C3	Sample 27	2	1	12	87360	36.96	0.56
C3	Sample 27	2	1	13	92260	37	0.57
C3	Sample 27	2	1	14	97270	36.96	0.56
C3	Sample 27	2	1	15	102270	36.96	0.56
C4	Sample 28	2	1	1	32790	36.91	0.59
C4	Sample 28	2	1	2	37760	36.96	0.59
C4	Sample 28	2	1	3	42660	37	0.59
C4	Sample 28	2	1	4	47660	36.96	0.59
C4	Sample 28	2	1	5	52660	36.96	0.58
C4	Sample 28	2	1	6	57660	36.96	0.58
C4	Sample 28	2	1	7	62560	36.96	0.57
C4	Sample 28	2	1	8	67560	37	0.58
C4	Sample 28	2	1	9	72460	37	0.58
C4	Sample 28	2	1	10	77470	36.96	0.57
C4	Sample 28	2	1	11	82460	36.96	0.58
C4	Sample 28	2	1	12	87360	36.96	0.57
C4	Sample 28	2	1	13	92260	37	0.58
C4	Sample 28	2	1	14	97270	36.96	0.58
C4	Sample 28	2	1	15	102270	36.96	0.58
C5	Sample 29	2	1	1	32790	36.91	0.51
C5	Sample 29	2	1	2	37760	36.96	0.53
C5	Sample 29	2	1	3	42660	37	0.53
C5	Sample 29	2	1	4	47660	36.96	0.54
C5	Sample 29	2	1	5	52660	36.96	0.54
C5	Sample 29	2	1	6	57660	36.96	0.55
C5	Sample 29	2	1	7	62560	36.96	0.54
C5	Sample 29	2	1	8	67560	37	0.55
C5	Sample 29	2	1	9	72460	37	0.55
C5	Sample 29	2	1	10	77470	36.96	0.55
C5	Sample 29	2	1	11	82460	36.96	0.55
C5	Sample 29	2	1	12	87360	36.96	0.55
C5	Sample 29	2	1	13	92260	37	0.55
C5	Sample 29	2	1	14	97270	36.96	0.56
C5	Sample 29	2	1	15	102270	36.96	0.55
C6	Sample 30	2	1	1	32790	36.91	0.63
C6	Sample 30	2	1	2	37760	36.96	0.63
C6	Sample 30	2	1	3	42660	37	0.63
C6	Sample 30	2	1	4	47660	36.96	0.63
C6	Sample 30	2	1	5	52660	36.96	0.61
C6	Sample 30	2	1	6	57660	36.96	0.62
C6	Sample 30	2	1	7	62560	36.96	0.62
C6	Sample 30	2	1	8	67560	37	0.62
C6	Sample 30	2	1	9	72460	37	0.62
C6	Sample 30	2	1	10	77470	36.96	0.62
C6	Sample 30	2	1	11	82460	36.96	0.62
C6	Sample 30	2	1	12	87360	36.96	0.61
C6	Sample 30	2	1	13	92260	37	0.62
C6	Sample 30	2	1	14	97270	36.96	0.62
C6	Sample 30	2	1	15	102270	36.96	0.62
C7	Sample 31	2	1	1	32790	36.91	0.64
C7	Sample 31	2	1	2	37760	36.96	0.63
C7	Sample 31	2	1	3	42660	37	0.63
C7	Sample 31	2	1	4	47660	36.96	0.62
C7	Sample 31	2	1	5	52660	36.96	0.62
C7	Sample 31	2	1	6	57660	36.96	0.62
C7	Sample 31	2	1	7	62560	36.96	0.62
C7	Sample 31	2	1	8	67560	37	0.62
C7	Sample 31	2	1	9	72460	37	0.62
C7	Sample 31	2	1	10	77470	36.96	0.61
C7	Sample 31	2	1	11	82460	36.96	0.62
C7	Sample 31	2	1	12	87360	36.96	0.61
C7	Sample 31	2	1	13	92260	37	0.62
C7	Sample 31	2	1	14	97270	36.96	0.61
C7	Sample 31	2	1	15	102270	36.96	0.61
C8	Sample 32	2	1	1	32790	36.91	0.59
C8	Sample 32	2	1	2	37760	36.96	0.58
C8	Sample 32	2	1	3	42660	37	0.58
C8	Sample 32	2	1	4	47660	36.96	0.58
C8	Sample 32	2	1	5	52660	36.96	0.56
C8	Sample 32	2	1	6	57660	36.96	0.57
C8	Sample 32	2	1	7	62560	36.96	0.57
C8	Sample 32	2	1	8	67560	37	0.57
C8	Sample 32	2	1	9	72460	37	0.57
C8	Sample 32	2	1	10	77470	36.96	0.56
C8	Sample 32	2	1	11	82460	36.96	0.57
C8	Sample 32	2	1	12	87360	36.96	0.57
C8	Sample 32	2	1	13	92260	37	0.57
C8	Sample 32	2	1	14	97270	36.96	0.57
C8	Sample 32	2	1	15	102270	36.96	0.57
C9	Sample 33	2	1	1	32790	36.91	2.19
C9	Sample 33	2	1	2	37760	36.96	2.17
C9	Sample 33	2	1	3	42660	37	2.14
C9	Sample 33	2	1	4	47660	36.96	2.13
C9	Sample 33	2	1	5	52660	36.96	2.11
C9	Sample 33	2	1	6	57660	36.96	2.12
C9	Sample 33	2	1	7	62560	36.96	2.11
C9	Sample 33	2	1	8	67560	37	2.11
C9	Sample 33	2	1	9	72460	37	2.11
C9	Sample 33	2	1	10	77470	36.96	2.10
C9	Sample 33	2	1	11	82460	36.96	2.10
C9	Sample 33	2	1	12	87360	36.96	2.10
C9	Sample 33	2	1	13	92260	37	2.10
C9	Sample 33	2	1	14	97270	36.96	2.10
C9	Sample 33	2	1	15	102270	36.96	2.10
C10	Sample 34	2	1	1	32790	36.91	2.12
C10	Sample 34	2	1	2	37760	36.96	2.08
C10	Sample 34	2	1	3	42660	37	2.06
C10	Sample 34	2	1	4	47660	36.96	2.05
C10	Sample 34	2	1	5	52660	36.96	2.03
C10	Sample 34	2	1	6	57660	36.96	2.04
C10	Sample 34	2	1	7	62560	36.96	2.03
C10	Sample 34	2	1	8	67560	37	2.03
C10	Sample 34	2	1	9	72460	37	2.03
C10	Sample 34	2	1	10	77470	36.96	2.02
C10	Sample 34	2	1	11	82460	36.96	2.03
C10	Sample 34	2	1	12	87360	36.96	2.01
C10	Sample 34	2	1	13	92260	37	2.02
C10	Sample 34	2	1	14	97270	36.96	2.02
C10	Sample 34	2	1	15	102270	36.96	2.02
C11	Sample 35	2	1	1	32790	36.91	2.33
C11	Sample 35	2	1	2	37760	36.96	2.30
C11	Sample 35	2	1	3	42660	37	2.28
C11	Sample 35	2	1	4	47660	36.96	2.27
C11	Sample 35	2	1	5	52660	36.96	2.26
C11	Sample 35	2	1	6	57660	36.96	2.25
C11	Sample 35	2	1	7	62560	36.96	2.24
C11	Sample 35	2	1	8	67560	37	2.25
C11	Sample 35	2	1	9	72460	37	2.25
C11	Sample 35	2	1	10	77470	36.96	2.24
C11	Sample 35	2	1	11	82460	36.96	2.25
C11	Sample 35	2	1	12	87360	36.96	2.24
C11	Sample 35	2	1	13	92260	37	2.24
C11	Sample 35	2	1	14	97270	36.96	2.23
C11	Sample 35	2	1	15	102270	36.96	2.23
C12	Sample 36	2	1	1	32790	36.91	2.07
C12	Sample 36	2	1	2	37760	36.96	2.05
C12	Sample 36	2	1	3	42660	37	2.03
C12	Sample 36	2	1	4	47660	36.96	2.02
C12	Sample 36	2	1	5	52660	36.96	2.00
C12	Sample 36	2	1	6	57660	36.96	1.99
C12	Sample 36	2	1	7	62560	36.96	1.97
C12	Sample 36	2	1	8	67560	37	1.97
C12	Sample 36	2	1	9	72460	37	1.97
C12	Sample 36	2	1	10	77470	36.96	1.96
C12	Sample 36	2	1	11	82460	36.96	1.96
C12	Sample 36	2	1	12	87360	36.96	1.95
C12	Sample 36	2	1	13	92260	37	1.96
C12	Sample 36	2	1	14	97270	36.96	1.96
C12	Sample 36	2	1	15	102270	36.96	1.96
D1	Sample 37	2	1	1	32790	36.91	0.53
D1	Sample 37	2	1	2	37760	36.96	0.53
D1	Sample 37	2	1	3	42660	37	0.52
D1	Sample 37	2	1	4	47660	36.96	0.52
D1	Sample 37	2	1	5	52660	36.96	0.51
D1	Sample 37	2	1	6	57660	36.96	0.52
D1	Sample 37	2	1	7	62560	36.96	0.52
D1	Sample 37	2	1	8	67560	37	0.52
D1	Sample 37	2	1	9	72460	37	0.52
D1	Sample 37	2	1	10	77470	36.96	0.52
D1	Sample 37	2	1	11	82460	36.96	0.52
D1	Sample 37	2	1	12	87360	36.96	0.52
D1	Sample 37	2	1	13	92260	37	0.52
D1	Sample 37	2	1	14	97270	36.96	0.52
D1	Sample 37	2	1	15	102270	36.96	0.51
D2	Sample 38	2	1	1	32790	36.91	0.55
D2	Sample 38	2	1	2	37760	36.96	0.55
D2	Sample 38	2	1	3	42660	37	0.54
D2	Sample 38	2	1	4	47660	36.96	0.54
D2	Sample 38	2	1	5	52660	36.96	0.53
D2	Sample 38	2	1	6	57660	36.96	0.54
D2	Sample 38	2	1	7	62560	36.96	0.53
D2	Sample 38	2	1	8	67560	37	0.53
D2	Sample 38	2	1	9	72460	37	0.53
D2	Sample 38	2	1	10	77470	36.96	0.53
D2	Sample 38	2	1	11	82460	36.96	0.54
D2	Sample 38	2	1	12	87360	36.96	0.54
D2	Sample 38	2	1	13	92260	37	0.54
D2	Sample 38	2	1	14	97270	36.96	0.53
D2	Sample 38	2	1	15	102270	36.96	0.53
D3	Sample 39	2	1	1	32790	36.91	0.75
D3	Sample 39	2	1	2	37760	36.96	0.74
D3	Sample 39	2	1	3	42660	37	0.73
D3	Sample 39	2	1	4	47660	36.96	0.73
D3	Sample 39	2	1	5	52660	36.96	0.73
D3	Sample 39	2	1	6	57660	36.96	0.72
D3	Sample 39	2	1	7	62560	36.96	0.72
D3	Sample 39	2	1	8	67560	37	0.72
D3	Sample 39	2	1	9	72460	37	0.73
D3	Sample 39	2	1	10	77470	36.96	0.73
D3	Sample 39	2	1	11	82460	36.96	0.72
D3	Sample 39	2	1	12	87360	36.96	0.72
D3	Sample 39	2	1	13	92260	37	0.74
D3	Sample 39	2	1	14	97270	36.96	0.73
D3	Sample 39	2	1	15	102270	36.96	0.73
D4	Sample 40	2	1	1	32790	36.91	0.75
D4	Sample 40	2	1	2	37760	36.96	0.75
D4	Sample 40	2	1	3	42660	37	0.74
D4	Sample 40	2	1	4	47660	36.96	0.74
D4	Sample 40	2	1	5	52660	36.96	0.73
D4	Sample 40	2	1	6	57660	36.96	0.74
D4	Sample 40	2	1	7	62560	36.96	0.73
D4	Sample 40	2	1	8	67560	37	0.74
D4	Sample 40	2	1	9	72460	37	0.74
D4	Sample 40	2	1	10	77470	36.96	0.74
D4	Sample 40	2	1	11	82460	36.96	0.74
D4	Sample 40	2	1	12	87360	36.96	0.74
D4	Sample 40	2	1	13	92260	37	0.74
D4	Sample 40	2	1	14	97270	36.96	0.74
D4	Sample 40	2	1	15	102270	36.96	0.73
D5	Sample 41	2	1	1	32790	36.91	0.59
D5	Sample 41	2	1	2	37760	36.96	0.58
D5	Sample 41	2	1	3	42660	37	0.57
D5	Sample 41	2	1	4	47660	36.96	0.57
D5	Sample 41	2	1	5	52660	36.96	0.57
D5	Sample 41	2	1	6	57660	36.96	0.57
D5	Sample 41	2	1	7	62560	36.96	0.57
D5	Sample 41	2	1	8	67560	37	0.57
D5	Sample 41	2	1	9	72460	37	0.57
D5	Sample 41	2	1	10	77470	36.96	0.57
D5	Sample 41	2	1	11	82460	36.96	0.57
D5	Sample 41	2	1	12	87360	36.96	0.57
D5	Sample 41	2	1	13	92260	37	0.57
D5	Sample 41	2	1	14	97270	36.96	0.57
D5	Sample 41	2	1	15	102270	36.96	0.56
D6	Sample 42	2	1	1	32790	36.91	0.59
D6	Sample 42	2	1	2	37760	36.96	0.59
D6	Sample 42	2	1	3	42660	37	0.58
D6	Sample 42	2	1	4	47660	36.96	0.58
D6	Sample 42	2	1	5	52660	36.96	0.58
D6	Sample 42	2	1	6	57660	36.96	0.58
D6	Sample 42	2	1	7	62560	36.96	0.57
D6	Sample 42	2	1	8	67560	37	0.58
D6	Sample 42	2	1	9	72460	37	0.58
D6	Sample 42	2	1	10	77470	36.96	0.58
D6	Sample 42	2	1	11	82460	36.96	0.58
D6	Sample 42	2	1	12	87360	36.96	0.58
D6	Sample 42	2	1	13	92260	37	0.58
D6	Sample 42	2	1	14	97270	36.96	0.58
D6	Sample 42	2	1	15	102270	36.96	0.58
D7	Sample 43	2	1	1	32790	36.91	0.69
D7	Sample 43	2	1	2	37760	36.96	0.68
D7	Sample 43	2	1	3	42660	37	0.68
D7	Sample 43	2	1	4	47660	36.96	0.67
D7	Sample 43	2	1	5	52660	36.96	0.67
D7	Sample 43	2	1	6	57660	36.96	0.67
D7	Sample 43	2	1	7	62560	36.96	0.67
D7	Sample 43	2	1	8	67560	37	0.67
D7	Sample 43	2	1	9	72460	37	0.67
D7	Sample 43	2	1	10	77470	36.96	0.68
D7	Sample 43	2	1	11	82460	36.96	0.67
D7	Sample 43	2	1	12	87360	36.96	0.67
D7	Sample 43	2	1	13	92260	37	0.67
D7	Sample 43	2	1	14	97270	36.96	0.67
D7	Sample 43	2	1	15	102270	36.96	0.66
D8	Sample 44	2	1	1	32790	36.91	0.60
D8	Sample 44	2	1	2	37760	36.96	0.61
D8	Sample 44	2	1	3	42660	37	0.61
D8	Sample 44	2	1	4	47660	36.96	0.62
D8	Sample 44	2	1	5	52660	36.96	0.62
D8	Sample 44	2	1	6	57660	36.96	0.63
D8	Sample 44	2	1	7	62560	36.96	0.63
D8	Sample 44	2	1	8	67560	37	0.63
D8	Sample 44	2	1	9	72460	37	0.64
D8	Sample 44	2	1	10	77470	36.96	0.63
D8	Sample 44	2	1	11	82460	36.96	0.64
D8	Sample 44	2	1	12	87360	36.96	0.64
D8	Sample 44	2	1	13	92260	37	0.64
D8	Sample 44	2	1	14	97270	36.96	0.63
D8	Sample 44	2	1	15	102270	36.96	0.63
D9	Sample 45	2	1	1	32790	36.91	2.24
D9	Sample 45	2	1	2	37760	36.96	2.23
D9	Sample 45	2	1	3	42660	37	2.20
D9	Sample 45	2	1	4	47660	36.96	2.19
D9	Sample 45	2	1	5	52660	36.96	2.18
D9	Sample 45	2	1	6	57660	36.96	2.17
D9	Sample 45	2	1	7	62560	36.96	2.17
D9	Sample 45	2	1	8	67560	37	2.16
D9	Sample 45	2	1	9	72460	37	2.16
D9	Sample 45	2	1	10	77470	36.96	2.16
D9	Sample 45	2	1	11	82460	36.96	2.17
D9	Sample 45	2	1	12	87360	36.96	2.16
D9	Sample 45	2	1	13	92260	37	2.16
D9	Sample 45	2	1	14	97270	36.96	2.16
D9	Sample 45	2	1	15	102270	36.96	2.16
D10	Sample 46	2	1	1	32790	36.91	2.22
D10	Sample 46	2	1	2	37760	36.96	2.20
D10	Sample 46	2	1	3	42660	37	2.18
D10	Sample 46	2	1	4	47660	36.96	2.16
D10	Sample 46	2	1	5	52660	36.96	2.15
D10	Sample 46	2	1	6	57660	36.96	2.15
D10	Sample 46	2	1	7	62560	36.96	2.13
D10	Sample 46	2	1	8	67560	37	2.13
D10	Sample 46	2	1	9	72460	37	2.13
D10	Sample 46	2	1	10	77470	36.96	2.14
D10	Sample 46	2	1	11	82460	36.96	2.13
D10	Sample 46	2	1	12	87360	36.96	2.13
D10	Sample 46	2	1	13	92260	37	2.13
D10	Sample 46	2	1	14	97270	36.96	2.12
D10	Sample 46	2	1	15	102270	36.96	2.12
D11	Sample 47	2	1	1	32790	36.91	3.44
D11	Sample 47	2	1	2	37760	36.96	3.41
D11	Sample 47	2	1	3	42660	37	3.38
D11	Sample 47	2	1	4	47660	36.96	3.37
D11	Sample 47	2	1	5	52660	36.96	3.35
D11	Sample 47	2	1	6	57660	36.96	3.35
D11	Sample 47	2	1	7	62560	36.96	3.34
D11	Sample 47	2	1	8	67560	37	3.34
D11	Sample 47	2	1	9	72460	37	3.35
D11	Sample 47	2	1	10	77470	36.96	3.35
D11	Sample 47	2	1	11	82460	36.96	3.35
D11	Sample 47	2	1	12	87360	36.96	3.35
D11	Sample 47	2	1	13	92260	37	3.35
D11	Sample 47	2	1	14	97270	36.96	3.34
D11	Sample 47	2	1	15	102270	36.96	3.35
D12	Sample 48	2	1	1	32790	36.91	2.61
D12	Sample 48	2	1	2	37760	36.96	2.63
D12	Sample 48	2	1	3	42660	37	2.66
D12	Sample 48	2	1	4	47660	36.96	2.67
D12	Sample 48	2	1	5	52660	36.96	2.68
D12	Sample 48	2	1	6	57660	36.96	2.71
D12	Sample 48	2	1	7	62560	36.96	2.70
D12	Sample 48	2	1	8	67560	37	2.70
D12	Sample 48	2	1	9	72460	37	2.70
D12	Sample 48	2	1	10	77470	36.96	2.69
D12	Sample 48	2	1	11	82460	36.96	2.70
D12	Sample 48	2	1	12	87360	36.96	2.70
D12	Sample 48	2	1	13	92260	37	2.70
D12	Sample 48	2	1	14	97270	36.96	2.70
D12	Sample 48	2	1	15	102270	36.96	2.70
E1	Sample 49	2	1	1	32790	36.91	0.58
E1	Sample 49	2	1	2	37760	36.96	0.59
E1	Sample 49	2	1	3	42660	37	0.59
E1	Sample 49	2	1	4	47660	36.96	0.58
E1	Sample 49	2	1	5	52660	36.96	0.58
E1	Sample 49	2	1	6	57660	36.96	0.58
E1	Sample 49	2	1	7	62560	36.96	0.58
E1	Sample 49	2	1	8	67560	37	0.57
E1	Sample 49	2	1	9	72460	37	0.58
E1	Sample 49	2	1	10	77470	36.96	0.58
E1	Sample 49	2	1	11	82460	36.96	0.58
E1	Sample 49	2	1	12	87360	36.96	0.58
E1	Sample 49	2	1	13	92260	37	0.58
E1	Sample 49	2	1	14	97270	36.96	0.58
E1	Sample 49	2	1	15	102270	36.96	0.58
E2	Sample 50	2	1	1	32790	36.91	0.51
E2	Sample 50	2	1	2	37760	36.96	0.51
E2	Sample 50	2	1	3	42660	37	0.51
E2	Sample 50	2	1	4	47660	36.96	0.50
E2	Sample 50	2	1	5	52660	36.96	0.50
E2	Sample 50	2	1	6	57660	36.96	0.51
E2	Sample 50	2	1	7	62560	36.96	0.52
E2	Sample 50	2	1	8	67560	37	0.53
E2	Sample 50	2	1	9	72460	37	0.54
E2	Sample 50	2	1	10	77470	36.96	0.55
E2	Sample 50	2	1	11	82460	36.96	0.56
E2	Sample 50	2	1	12	87360	36.96	0.57
E2	Sample 50	2	1	13	92260	37	0.57
E2	Sample 50	2	1	14	97270	36.96	0.58
E2	Sample 50	2	1	15	102270	36.96	0.58
E3	Sample 51	2	1	1	32790	36.91	0.92
E3	Sample 51	2	1	2	37760	36.96	0.92
E3	Sample 51	2	1	3	42660	37	0.92
E3	Sample 51	2	1	4	47660	36.96	0.91
E3	Sample 51	2	1	5	52660	36.96	0.91
E3	Sample 51	2	1	6	57660	36.96	0.91
E3	Sample 51	2	1	7	62560	36.96	0.90
E3	Sample 51	2	1	8	67560	37	0.90
E3	Sample 51	2	1	9	72460	37	0.90
E3	Sample 51	2	1	10	77470	36.96	0.91
E3	Sample 51	2	1	11	82460	36.96	0.91
E3	Sample 51	2	1	12	87360	36.96	0.91
E3	Sample 51	2	1	13	92260	37	0.90
E3	Sample 51	2	1	14	97270	36.96	0.91
E3	Sample 51	2	1	15	102270	36.96	0.91
E4	Sample 52	2	1	1	32790	36.91	0.97
E4	Sample 52	2	1	2	37760	36.96	0.98
E4	Sample 52	2	1	3	42660	37	0.99
E4	Sample 52	2	1	4	47660	36.96	0.99
E4	Sample 52	2	1	5	52660	36.96	0.98
E4	Sample 52	2	1	6	57660	36.96	0.98
E4	Sample 52	2	1	7	62560	36.96	0.98
E4	Sample 52	2	1	8	67560	37	0.98
E4	Sample 52	2	1	9	72460	37	0.99
E4	Sample 52	2	1	10	77470	36.96	0.98
E4	Sample 52	2	1	11	82460	36.96	0.99
E4	Sample 52	2	1	12	87360	36.96	0.98
E4	Sample 52	2	1	13	92260	37	0.99
E4	Sample 52	2	1	14	97270	36.96	0.99
E4	Sample 52	2	1	15	102270	36.96	0.99
E5	Sample 53	2	1	1	32790	36.91	0.73
E5	Sample 53	2	1	2	37760	36.96	0.73
E5	Sample 53	2	1	3	42660	37	0.73
E5	Sample 53	2	1	4	47660	36.96	0.72
E5	Sample 53	2	1	5	52660	36.96	0.72
E5	Sample 53	2	1	6	57660	36.96	0.72
E5	Sample 53	2	1	7	62560	36.96	0.72
E5	Sample 53	2	1	8	67560	37	0.71
E5	Sample 53	2	1	9	72460	37	0.72
E5	Sample 53	2	1	10	77470	36.96	0.71
E5	Sample 53	2	1	11	82460	36.96	0.72
E5	Sample 53	2	1	12	87360	36.96	0.72
E5	Sample 53	2	1	13	92260	37	0.72
E5	Sample 53	2	1	14	97270	36.96	0.72
E5	Sample 53	2	1	15	102270	36.96	0.72
E6	Sample 54	2	1	1	32790	36.91	0.73
E6	Sample 54	2	1	2	37760	36.96	0.74
E6	Sample 54	2	1	3	42660	37	0.74
E6	Sample 54	2	1	4	47660	36.96	0.73
E6	Sample 54	2	1	5	52660	36.96	0.72
E6	Sample 54	2	1	6	57660	36.96	0.72
E6	Sample 54	2	1	7	62560	36.96	0.72
E6	Sample 54	2	1	8	67560	37	0.73
E6	Sample 54	2	1	9	72460	37	0.73
E6	Sample 54	2	1	10	77470	36.96	0.72
E6	Sample 54	2	1	11	82460	36.96	0.73
E6	Sample 54	2	1	12	87360	36.96	0.73
E6	Sample 54	2	1	13	92260	37	0.72
E6	Sample 54	2	1	14	97270	36.96	0.73
E6	Sample 54	2	1	15	102270	36.96	0.72
E7	Sample 55	2	1	1	32790	36.91	0.87
E7	Sample 55	2	1	2	37760	36.96	0.88
E7	Sample 55	2	1	3	42660	37	0.87
E7	Sample 55	2	1	4	47660	36.96	0.86
E7	Sample 55	2	1	5	52660	36.96	0.86
E7	Sample 55	2	1	6	57660	36.96	0.86
E7	Sample 55	2	1	7	62560	36.96	0.86
E7	Sample 55	2	1	8	67560	37	0.86
E7	Sample 55	2	1	9	72460	37	0.86
E7	Sample 55	2	1	10	77470	36.96	0.86
E7	Sample 55	2	1	11	82460	36.96	0.86
E7	Sample 55	2	1	12	87360	36.96	0.87
E7	Sample 55	2	1	13	92260	37	0.86
E7	Sample 55	2	1	14	97270	36.96	0.86
E7	Sample 55	2	1	15	102270	36.96	0.86
E8	Sample 56	2	1	1	32790	36.91	0.74
E8	Sample 56	2	1	2	37760	36.96	0.73
E8	Sample 56	2	1	3	42660	37	0.73
E8	Sample 56	2	1	4	47660	36.96	0.74
E8	Sample 56	2	1	5	52660	36.96	0.76
E8	Sample 56	2	1	6	57660	36.96	0.79
E8	Sample 56	2	1	7	62560	36.96	0.80
E8	Sample 56	2	1	8	67560	37	0.80
E8	Sample 56	2	1	9	72460	37	0.82
E8	Sample 56	2	1	10	77470	36.96	0.82
E8	Sample 56	2	1	11	82460	36.96	0.82
E8	Sample 56	2	1	12	87360	36.96	0.82
E8	Sample 56	2	1	13	92260	37	0.82
E8	Sample 56	2	1	14	97270	36.96	0.82
E8	Sample 56	2	1	15	102270	36.96	0.82
E9	Sample 57	2	1	1	32790	36.91	2.58
E9	Sample 57	2	1	2	37760	36.96	2.60
E9	Sample 57	2	1	3	42660	37	2.63
E9	Sample 57	2	1	4	47660	36.96	2.67
E9	Sample 57	2	1	5	52660	36.96	2.68
E9	Sample 57	2	1	6	57660	36.96	2.70
E9	Sample 57	2	1	7	62560	36.96	2.70
E9	Sample 57	2	1	8	67560	37	2.69
E9	Sample 57	2	1	9	72460	37	2.70
E9	Sample 57	2	1	10	77470	36.96	2.70
E9	Sample 57	2	1	11	82460	36.96	2.71
E9	Sample 57	2	1	12	87360	36.96	2.71
E9	Sample 57	2	1	13	92260	37	2.71
E9	Sample 57	2	1	14	97270	36.96	2.71
E9	Sample 57	2	1	15	102270	36.96	2.71
E10	Sample 58	2	1	1	32790	36.91	3.10
E10	Sample 58	2	1	2	37760	36.96	3.05
E10	Sample 58	2	1	3	42660	37	3.03
E10	Sample 58	2	1	4	47660	36.96	3.00
E10	Sample 58	2	1	5	52660	36.96	2.99
E10	Sample 58	2	1	6	57660	36.96	2.98
E10	Sample 58	2	1	7	62560	36.96	2.97
E10	Sample 58	2	1	8	67560	37	2.97
E10	Sample 58	2	1	9	72460	37	2.97
E10	Sample 58	2	1	10	77470	36.96	2.96
E10	Sample 58	2	1	11	82460	36.96	2.97
E10	Sample 58	2	1	12	87360	36.96	2.96
E10	Sample 58	2	1	13	92260	37	2.96
E10	Sample 58	2	1	14	97270	36.96	2.96
E10	Sample 58	2	1	15	102270	36.96	2.96
E11	Sample 59	2	1	1	32790	36.91	3.40
E11	Sample 59	2	1	2	37760	36.96	3.42
E11	Sample 59	2	1	3	42660	37	3.45
E11	Sample 59	2	1	4	47660	36.96	3.47
E11	Sample 59	2	1	5	52660	36.96	3.48
E11	Sample 59	2	1	6	57660	36.96	3.49
E11	Sample 59	2	1	7	62560	36.96	3.48
E11	Sample 59	2	1	8	67560	37	3.49
E11	Sample 59	2	1	9	72460	37	3.50
E11	Sample 59	2	1	10	77470	36.96	3.49
E11	Sample 59	2	1	11	82460	36.96	3.51
E11	Sample 59	2	1	12	87360	36.96	3.50
E11	Sample 59	2	1	13	92260	37	3.50
E11	Sample 59	2	1	14	97270	36.96	3.51
E11	Sample 59	2	1	15	102270	36.96	3.51
E12	Sample 60	2	1	1	32790	36.91	3.00
E12	Sample 60	2	1	2	37760	36.96	3.03
E12	Sample 60	2	1	3	42660	37	3.05
E12	Sample 60	2	1	4	47660	36.96	3.09
E12	Sample 60	2	1	5	52660	36.96	3.13
E12	Sample 60	2	1	6	57660	36.96	3.14
E12	Sample 60	2	1	7	62560	36.96	3.17
E12	Sample 60	2	1	8	67560	37	3.17
E12	Sample 60	2	1	9	72460	37	3.18
E12	Sample 60	2	1	10	77470	36.96	3.17
E12	Sample 60	2	1	11	82460	36.96	3.18
E12	Sample 60	2	1	12	87360	36.96	3.18
E12	Sample 60	2	1	13	92260	37	3.19
E12	Sample 60	2	1	14	97270	36.96	3.18
E12	Sample 60	2	1	15	102270	36.96	3.19
F1	Sample 61	2	1	1	32790	36.91	0.76
F1	Sample 61	2	1	2	37760	36.96	0.76
F1	Sample 61	2	1	3	42660	37	0.77
F1	Sample 61	2	1	4	47660	36.96	0.76
F1	Sample 61	2	1	5	52660	36.96	0.75
F1	Sample 61	2	1	6	57660	36.96	0.76
F1	Sample 61	2	1	7	62560	36.96	0.75
F1	Sample 61	2	1	8	67560	37	0.76
F1	Sample 61	2	1	9	72460	37	0.75
F1	Sample 61	2	1	10	77470	36.96	0.75
F1	Sample 61	2	1	11	82460	36.96	0.75
F1	Sample 61	2	1	12	87360	36.96	0.76
F1	Sample 61	2	1	13	92260	37	0.76
F1	Sample 61	2	1	14	97270	36.96	0.76
F1	Sample 61	2	1	15	102270	36.96	0.76
F2	Sample 62	2	1	1	32790	36.91	0.66
F2	Sample 62	2	1	2	37760	36.96	0.66
F2	Sample 62	2	1	3	42660	37	0.66
F2	Sample 62	2	1	4	47660	36.96	0.65
F2	Sample 62	2	1	5	52660	36.96	0.65
F2	Sample 62	2	1	6	57660	36.96	0.67
F2	Sample 62	2	1	7	62560	36.96	0.68
F2	Sample 62	2	1	8	67560	37	0.71
F2	Sample 62	2	1	9	72460	37	0.72
F2	Sample 62	2	1	10	77470	36.96	0.72
F2	Sample 62	2	1	11	82460	36.96	0.74
F2	Sample 62	2	1	12	87360	36.96	0.75
F2	Sample 62	2	1	13	92260	37	0.75
F2	Sample 62	2	1	14	97270	36.96	0.75
F2	Sample 62	2	1	15	102270	36.96	0.76
F3	Sample 63	2	1	1	32790	36.91	0.93
F3	Sample 63	2	1	2	37760	36.96	0.92
F3	Sample 63	2	1	3	42660	37	0.92
F3	Sample 63	2	1	4	47660	36.96	0.91
F3	Sample 63	2	1	5	52660	36.96	0.91
F3	Sample 63	2	1	6	57660	36.96	0.93
F3	Sample 63	2	1	7	62560	36.96	0.95
F3	Sample 63	2	1	8	67560	37	0.97
F3	Sample 63	2	1	9	72460	37	0.99
F3	Sample 63	2	1	10	77470	36.96	1.02
F3	Sample 63	2	1	11	82460	36.96	1.03
F3	Sample 63	2	1	12	87360	36.96	1.04
F3	Sample 63	2	1	13	92260	37	1.05
F3	Sample 63	2	1	14	97270	36.96	1.05
F3	Sample 63	2	1	15	102270	36.96	1.05
F4	Sample 64	2	1	1	32790	36.91	0.97
F4	Sample 64	2	1	2	37760	36.96	0.96
F4	Sample 64	2	1	3	42660	37	0.95
F4	Sample 64	2	1	4	47660	36.96	0.94
F4	Sample 64	2	1	5	52660	36.96	0.95
F4	Sample 64	2	1	6	57660	36.96	0.98
F4	Sample 64	2	1	7	62560	36.96	1.00
F4	Sample 64	2	1	8	67560	37	1.03
F4	Sample 64	2	1	9	72460	37	1.05
F4	Sample 64	2	1	10	77470	36.96	1.05
F4	Sample 64	2	1	11	82460	36.96	1.07
F4	Sample 64	2	1	12	87360	36.96	1.08
F4	Sample 64	2	1	13	92260	37	1.08
F4	Sample 64	2	1	14	97270	36.96	1.08
F4	Sample 64	2	1	15	102270	36.96	1.09
F5	Sample 65	2	1	1	32790	36.91	0.79
F5	Sample 65	2	1	2	37760	36.96	0.78
F5	Sample 65	2	1	3	42660	37	0.79
F5	Sample 65	2	1	4	47660	36.96	0.79
F5	Sample 65	2	1	5	52660	36.96	0.81
F5	Sample 65	2	1	6	57660	36.96	0.83
F5	Sample 65	2	1	7	62560	36.96	0.85
F5	Sample 65	2	1	8	67560	37	0.86
F5	Sample 65	2	1	9	72460	37	0.87
F5	Sample 65	2	1	10	77470	36.96	0.86
F5	Sample 65	2	1	11	82460	36.96	0.87
F5	Sample 65	2	1	12	87360	36.96	0.88
F5	Sample 65	2	1	13	92260	37	0.88
F5	Sample 65	2	1	14	97270	36.96	0.88
F5	Sample 65	2	1	15	102270	36.96	0.89
F6	Sample 66	2	1	1	32790	36.91	0.78
F6	Sample 66	2	1	2	37760	36.96	0.78
F6	Sample 66	2	1	3	42660	37	0.77
F6	Sample 66	2	1	4	47660	36.96	0.77
F6	Sample 66	2	1	5	52660	36.96	0.77
F6	Sample 66	2	1	6	57660	36.96	0.81
F6	Sample 66	2	1	7	62560	36.96	0.82
F6	Sample 66	2	1	8	67560	37	0.84
F6	Sample 66	2	1	9	72460	37	0.86
F6	Sample 66	2	1	10	77470	36.96	0.86
F6	Sample 66	2	1	11	82460	36.96	0.87
F6	Sample 66	2	1	12	87360	36.96	0.88
F6	Sample 66	2	1	13	92260	37	0.88
F6	Sample 66	2	1	14	97270	36.96	0.89
F6	Sample 66	2	1	15	102270	36.96	0.89
F7	Sample 67	2	1	1	32790	36.91	0.80
F7	Sample 67	2	1	2	37760	36.96	0.79
F7	Sample 67	2	1	3	42660	37	0.78
F7	Sample 67	2	1	4	47660	36.96	0.78
F7	Sample 67	2	1	5	52660	36.96	0.79
F7	Sample 67	2	1	6	57660	36.96	0.82
F7	Sample 67	2	1	7	62560	36.96	0.82
F7	Sample 67	2	1	8	67560	37	0.86
F7	Sample 67	2	1	9	72460	37	0.87
F7	Sample 67	2	1	10	77470	36.96	0.87
F7	Sample 67	2	1	11	82460	36.96	0.88
F7	Sample 67	2	1	12	87360	36.96	0.89
F7	Sample 67	2	1	13	92260	37	0.89
F7	Sample 67	2	1	14	97270	36.96	0.90
F7	Sample 67	2	1	15	102270	36.96	0.90
F8	Sample 68	2	1	1	32790	36.91	0.78
F8	Sample 68	2	1	2	37760	36.96	0.78
F8	Sample 68	2	1	3	42660	37	0.79
F8	Sample 68	2	1	4	47660	36.96	0.80
F8	Sample 68	2	1	5	52660	36.96	0.81
F8	Sample 68	2	1	6	57660	36.96	0.83
F8	Sample 68	2	1	7	62560	36.96	0.86
F8	Sample 68	2	1	8	67560	37	0.86
F8	Sample 68	2	1	9	72460	37	0.85
F8	Sample 68	2	1	10	77470	36.96	0.86
F8	Sample 68	2	1	11	82460	36.96	0.87
F8	Sample 68	2	1	12	87360	36.96	0.87
F8	Sample 68	2	1	13	92260	37	0.88
F8	Sample 68	2	1	14	97270	36.96	0.88
F8	Sample 68	2	1	15	102270	36.96	0.88
F9	Sample 69	2	1	1	32790	36.91	3.25
F9	Sample 69	2	1	2	37760	36.96	3.24
F9	Sample 69	2	1	3	42660	37	3.28
F9	Sample 69	2	1	4	47660	36.96	3.33
F9	Sample 69	2	1	5	52660	36.96	3.39
F9	Sample 69	2	1	6	57660	36.96	3.46
F9	Sample 69	2	1	7	62560	36.96	3.49
F9	Sample 69	2	1	8	67560	37	3.51
F9	Sample 69	2	1	9	72460	37	3.52
F9	Sample 69	2	1	10	77470	36.96	3.52
F9	Sample 69	2	1	11	82460	36.96	3.54
F9	Sample 69	2	1	12	87360	36.96	3.54
F9	Sample 69	2	1	13	92260	37	3.55
F9	Sample 69	2	1	14	97270	36.96	3.55
F9	Sample 69	2	1	15	102270	36.96	3.57
F10	Sample 70	2	1	1	32790	36.91	3.11
F10	Sample 70	2	1	2	37760	36.96	3.06
F10	Sample 70	2	1	3	42660	37	3.03
F10	Sample 70	2	1	4	47660	36.96	3.06
F10	Sample 70	2	1	5	52660	36.96	3.13
F10	Sample 70	2	1	6	57660	36.96	3.20
F10	Sample 70	2	1	7	62560	36.96	3.27
F10	Sample 70	2	1	8	67560	37	3.33
F10	Sample 70	2	1	9	72460	37	3.36
F10	Sample 70	2	1	10	77470	36.96	3.39
F10	Sample 70	2	1	11	82460	36.96	3.41
F10	Sample 70	2	1	12	87360	36.96	3.43
F10	Sample 70	2	1	13	92260	37	3.43
F10	Sample 70	2	1	14	97270	36.96	3.44
F10	Sample 70	2	1	15	102270	36.96	3.45
F11	Sample 71	2	1	1	32790	36.91	3.61
F11	Sample 71	2	1	2	37760	36.96	3.59
F11	Sample 71	2	1	3	42660	37	3.56
F11	Sample 71	2	1	4	47660	36.96	3.53
F11	Sample 71	2	1	5	52660	36.96	3.52
F11	Sample 71	2	1	6	57660	36.96	3.51
F11	Sample 71	2	1	7	62560	36.96	3.51
F11	Sample 71	2	1	8	67560	37	3.52
F11	Sample 71	2	1	9	72460	37	3.51
F11	Sample 71	2	1	10	77470	36.96	3.51
F11	Sample 71	2	1	11	82460	36.96	3.51
F11	Sample 71	2	1	12	87360	36.96	3.51
F11	Sample 71	2	1	13	92260	37	3.50
F11	Sample 71	2	1	14	97270	36.96	3.50
F11	Sample 71	2	1	15	102270	36.96	3.51
F12	Sample 72	2	1	1	32790	36.91	3.33
F12	Sample 72	2	1	2	37760	36.96	3.30
F12	Sample 72	2	1	3	42660	37	3.27
F12	Sample 72	2	1	4	47660	36.96	3.24
F12	Sample 72	2	1	5	52660	36.96	3.23
F12	Sample 72	2	1	6	57660	36.96	3.22
F12	Sample 72	2	1	7	62560	36.96	3.21
F12	Sample 72	2	1	8	67560	37	3.22
F12	Sample 72	2	1	9	72460	37	3.21
F12	Sample 72	2	1	10	77470	36.96	3.22
F12	Sample 72	2	1	11	82460	36.96	3.21
F12	Sample 72	2	1	12	87360	36.96	3.22
F12	Sample 72	2	1	13	92260	37	3.21
F12	Sample 72	2	1	14	97270	36.96	3.21
F12	Sample 72	2	1	15	102270	36.96	3.21
G1	Sample 73	2	1	1	32790	36.91	0.84
G1	Sample 73	2	1	2	37760	36.96	0.83
G1	Sample 73	2	1	3	42660	37	0.83
G1	Sample 73	2	1	4	47660	36.96	0.82
G1	Sample 73	2	1	5	52660	36.96	0.82
G1	Sample 73	2	1	6	57660	36.96	0.82
G1	Sample 73	2	1	7	62560	36.96	0.82
G1	Sample 73	2	1	8	67560	37	0.84
G1	Sample 73	2	1	9	72460	37	0.86
G1	Sample 73	2	1	10	77470	36.96	0.88
G1	Sample 73	2	1	11	82460	36.96	0.91
G1	Sample 73	2	1	12	87360	36.96	0.91
G1	Sample 73	2	1	13	92260	37	0.93
G1	Sample 73	2	1	14	97270	36.96	0.94
G1	Sample 73	2	1	15	102270	36.96	0.93
G2	Sample 74	2	1	1	32790	36.91	0.87
G2	Sample 74	2	1	2	37760	36.96	0.86
G2	Sample 74	2	1	3	42660	37	0.86
G2	Sample 74	2	1	4	47660	36.96	0.84
G2	Sample 74	2	1	5	52660	36.96	0.85
G2	Sample 74	2	1	6	57660	36.96	0.86
G2	Sample 74	2	1	7	62560	36.96	0.88
G2	Sample 74	2	1	8	67560	37	0.90
G2	Sample 74	2	1	9	72460	37	0.92
G2	Sample 74	2	1	10	77470	36.96	0.94
G2	Sample 74	2	1	11	82460	36.96	0.96
G2	Sample 74	2	1	12	87360	36.96	0.96
G2	Sample 74	2	1	13	92260	37	0.98
G2	Sample 74	2	1	14	97270	36.96	0.97
G2	Sample 74	2	1	15	102270	36.96	0.97
G3	Sample 75	2	1	1	32790	36.91	1.03
G3	Sample 75	2	1	2	37760	36.96	1.00
G3	Sample 75	2	1	3	42660	37	1.00
G3	Sample 75	2	1	4	47660	36.96	0.99
G3	Sample 75	2	1	5	52660	36.96	1.00
G3	Sample 75	2	1	6	57660	36.96	1.03
G3	Sample 75	2	1	7	62560	36.96	1.05
G3	Sample 75	2	1	8	67560	37	1.08
G3	Sample 75	2	1	9	72460	37	1.10
G3	Sample 75	2	1	10	77470	36.96	1.11
G3	Sample 75	2	1	11	82460	36.96	1.12
G3	Sample 75	2	1	12	87360	36.96	1.13
G3	Sample 75	2	1	13	92260	37	1.14
G3	Sample 75	2	1	14	97270	36.96	1.14
G3	Sample 75	2	1	15	102270	36.96	1.14
G4	Sample 76	2	1	1	32790	36.91	1.00
G4	Sample 76	2	1	2	37760	36.96	0.99
G4	Sample 76	2	1	3	42660	37	0.98
G4	Sample 76	2	1	4	47660	36.96	0.97
G4	Sample 76	2	1	5	52660	36.96	0.98
G4	Sample 76	2	1	6	57660	36.96	0.99
G4	Sample 76	2	1	7	62560	36.96	1.02
G4	Sample 76	2	1	8	67560	37	1.03
G4	Sample 76	2	1	9	72460	37	1.06
G4	Sample 76	2	1	10	77470	36.96	1.09
G4	Sample 76	2	1	11	82460	36.96	1.10
G4	Sample 76	2	1	12	87360	36.96	1.10
G4	Sample 76	2	1	13	92260	37	1.11
G4	Sample 76	2	1	14	97270	36.96	1.12
G4	Sample 76	2	1	15	102270	36.96	1.12
G5	Sample 77	2	1	1	32790	36.91	0.84
G5	Sample 77	2	1	2	37760	36.96	0.85
G5	Sample 77	2	1	3	42660	37	0.86
G5	Sample 77	2	1	4	47660	36.96	0.88
G5	Sample 77	2	1	5	52660	36.96	0.89
G5	Sample 77	2	1	6	57660	36.96	0.90
G5	Sample 77	2	1	7	62560	36.96	0.90
G5	Sample 77	2	1	8	67560	37	0.90
G5	Sample 77	2	1	9	72460	37	0.90
G5	Sample 77	2	1	10	77470	36.96	0.90
G5	Sample 77	2	1	11	82460	36.96	0.91
G5	Sample 77	2	1	12	87360	36.96	0.91
G5	Sample 77	2	1	13	92260	37	0.91
G5	Sample 77	2	1	14	97270	36.96	0.92
G5	Sample 77	2	1	15	102270	36.96	0.91
G6	Sample 78	2	1	1	32790	36.91	0.96
G6	Sample 78	2	1	2	37760	36.96	0.96
G6	Sample 78	2	1	3	42660	37	0.94
G6	Sample 78	2	1	4	47660	36.96	0.94
G6	Sample 78	2	1	5	52660	36.96	0.93
G6	Sample 78	2	1	6	57660	36.96	0.93
G6	Sample 78	2	1	7	62560	36.96	0.93
G6	Sample 78	2	1	8	67560	37	0.93
G6	Sample 78	2	1	9	72460	37	0.93
G6	Sample 78	2	1	10	77470	36.96	0.93
G6	Sample 78	2	1	11	82460	36.96	0.94
G6	Sample 78	2	1	12	87360	36.96	0.93
G6	Sample 78	2	1	13	92260	37	0.94
G6	Sample 78	2	1	14	97270	36.96	0.93
G6	Sample 78	2	1	15	102270	36.96	0.93
G7	Sample 79	2	1	1	32790	36.91	0.91
G7	Sample 79	2	1	2	37760	36.96	0.91
G7	Sample 79	2	1	3	42660	37	0.91
G7	Sample 79	2	1	4	47660	36.96	0.89
G7	Sample 79	2	1	5	52660	36.96	0.89
G7	Sample 79	2	1	6	57660	36.96	0.89
G7	Sample 79	2	1	7	62560	36.96	0.88
G7	Sample 79	2	1	8	67560	37	0.89
G7	Sample 79	2	1	9	72460	37	0.89
G7	Sample 79	2	1	10	77470	36.96	0.88
G7	Sample 79	2	1	11	82460	36.96	0.90
G7	Sample 79	2	1	12	87360	36.96	0.89
G7	Sample 79	2	1	13	92260	37	0.89
G7	Sample 79	2	1	14	97270	36.96	0.89
G7	Sample 79	2	1	15	102270	36.96	0.89
G8	Sample 80	2	1	1	32790	36.91	0.87
G8	Sample 80	2	1	2	37760	36.96	0.87
G8	Sample 80	2	1	3	42660	37	0.87
G8	Sample 80	2	1	4	47660	36.96	0.85
G8	Sample 80	2	1	5	52660	36.96	0.86
G8	Sample 80	2	1	6	57660	36.96	0.85
G8	Sample 80	2	1	7	62560	36.96	0.85
G8	Sample 80	2	1	8	67560	37	0.85
G8	Sample 80	2	1	9	72460	37	0.85
G8	Sample 80	2	1	10	77470	36.96	0.85
G8	Sample 80	2	1	11	82460	36.96	0.86
G8	Sample 80	2	1	12	87360	36.96	0.85
G8	Sample 80	2	1	13	92260	37	0.85
G8	Sample 80	2	1	14	97270	36.96	0.85
G8	Sample 80	2	1	15	102270	36.96	0.85
G9	Sample 81	2	1	1	32790	36.91	3.44
G9	Sample 81	2	1	2	37760	36.96	3.40
G9	Sample 81	2	1	3	42660	37	3.36
G9	Sample 81	2	1	4	47660	36.96	3.33
G9	Sample 81	2	1	5	52660	36.96	3.32
G9	Sample 81	2	1	6	57660	36.96	3.30
G9	Sample 81	2	1	7	62560	36.96	3.31
G9	Sample 81	2	1	8	67560	37	3.30
G9	Sample 81	2	1	9	72460	37	3.30
G9	Sample 81	2	1	10	77470	36.96	3.30
G9	Sample 81	2	1	11	82460	36.96	3.32
G9	Sample 81	2	1	12	87360	36.96	3.31
G9	Sample 81	2	1	13	92260	37	3.32
G9	Sample 81	2	1	14	97270	36.96	3.30
G9	Sample 81	2	1	15	102270	36.96	3.31
G10	Sample 82	2	1	1	32790	36.91	3.58
G10	Sample 82	2	1	2	37760	36.96	3.56
G10	Sample 82	2	1	3	42660	37	3.52
G10	Sample 82	2	1	4	47660	36.96	3.50
G10	Sample 82	2	1	5	52660	36.96	3.48
G10	Sample 82	2	1	6	57660	36.96	3.47
G10	Sample 82	2	1	7	62560	36.96	3.46
G10	Sample 82	2	1	8	67560	37	3.46
G10	Sample 82	2	1	9	72460	37	3.46
G10	Sample 82	2	1	10	77470	36.96	3.47
G10	Sample 82	2	1	11	82460	36.96	3.46
G10	Sample 82	2	1	12	87360	36.96	3.46
G10	Sample 82	2	1	13	92260	37	3.47
G10	Sample 82	2	1	14	97270	36.96	3.46
G10	Sample 82	2	1	15	102270	36.96	3.47
G11	Sample 83	2	1	1	32790	36.91	3.53
G11	Sample 83	2	1	2	37760	36.96	3.51
G11	Sample 83	2	1	3	42660	37	3.48
G11	Sample 83	2	1	4	47660	36.96	3.45
G11	Sample 83	2	1	5	52660	36.96	3.44
G11	Sample 83	2	1	6	57660	36.96	3.44
G11	Sample 83	2	1	7	62560	36.96	3.42
G11	Sample 83	2	1	8	67560	37	3.43
G11	Sample 83	2	1	9	72460	37	3.42
G11	Sample 83	2	1	10	77470	36.96	3.42
G11	Sample 83	2	1	11	82460	36.96	3.43
G11	Sample 83	2	1	12	87360	36.96	3.43
G11	Sample 83	2	1	13	92260	37	3.44
G11	Sample 83	2	1	14	97270	36.96	3.43
G11	Sample 83	2	1	15	102270	36.96	3.42
G12	Sample 84	2	1	1	32790	36.91	3.31
G12	Sample 84	2	1	2	37760	36.96	3.29
G12	Sample 84	2	1	3	42660	37	3.27
G12	Sample 84	2	1	4	47660	36.96	3.25
G12	Sample 84	2	1	5	52660	36.96	3.25
G12	Sample 84	2	1	6	57660	36.96	3.23
G12	Sample 84	2	1	7	62560	36.96	3.22
G12	Sample 84	2	1	8	67560	37	3.22
G12	Sample 84	2	1	9	72460	37	3.22
G12	Sample 84	2	1	10	77470	36.96	3.21
G12	Sample 84	2	1	11	82460	36.96	3.22
G12	Sample 84	2	1	12	87360	36.96	3.22
G12	Sample 84	2	1	13	92260	37	3.23
G12	Sample 84	2	1	14	97270	36.96	3.23
G12	Sample 84	2	1	15	102270	36.96	3.21
H1	Sample 85	2	1	1	32790	36.91	0.87
H1	Sample 85	2	1	2	37760	36.96	0.85
H1	Sample 85	2	1	3	42660	37	0.86
H1	Sample 85	2	1	4	47660	36.96	0.84
H1	Sample 85	2	1	5	52660	36.96	0.83
H1	Sample 85	2	1	6	57660	36.96	0.83
H1	Sample 85	2	1	7	62560	36.96	0.83
H1	Sample 85	2	1	8	67560	37	0.83
H1	Sample 85	2	1	9	72460	37	0.84
H1	Sample 85	2	1	10	77470	36.96	0.87
H1	Sample 85	2	1	11	82460	36.96	0.89
H1	Sample 85	2	1	12	87360	36.96	0.91
H1	Sample 85	2	1	13	92260	37	0.93
H1	Sample 85	2	1	14	97270	36.96	0.94
H1	Sample 85	2	1	15	102270	36.96	0.95
H2	Sample 86	2	1	1	32790	36.91	1.05
H2	Sample 86	2	1	2	37760	36.96	1.05
H2	Sample 86	2	1	3	42660	37	1.05
H2	Sample 86	2	1	4	47660	36.96	1.04
H2	Sample 86	2	1	5	52660	36.96	1.04
H2	Sample 86	2	1	6	57660	36.96	1.04
H2	Sample 86	2	1	7	62560	36.96	1.04
H2	Sample 86	2	1	8	67560	37	1.04
H2	Sample 86	2	1	9	72460	37	1.03
H2	Sample 86	2	1	10	77470	36.96	1.04
H2	Sample 86	2	1	11	82460	36.96	1.04
H2	Sample 86	2	1	12	87360	36.96	1.04
H2	Sample 86	2	1	13	92260	37	1.05
H2	Sample 86	2	1	14	97270	36.96	1.04
H2	Sample 86	2	1	15	102270	36.96	1.04
H3	Sample 87	2	1	1	32790	36.91	1.01
H3	Sample 87	2	1	2	37760	36.96	1.02
H3	Sample 87	2	1	3	42660	37	1.04
H3	Sample 87	2	1	4	47660	36.96	1.06
H3	Sample 87	2	1	5	52660	36.96	1.08
H3	Sample 87	2	1	6	57660	36.96	1.09
H3	Sample 87	2	1	7	62560	36.96	1.10
H3	Sample 87	2	1	8	67560	37	1.09
H3	Sample 87	2	1	9	72460	37	1.10
H3	Sample 87	2	1	10	77470	36.96	1.10
H3	Sample 87	2	1	11	82460	36.96	1.11
H3	Sample 87	2	1	12	87360	36.96	1.10
H3	Sample 87	2	1	13	92260	37	1.11
H3	Sample 87	2	1	14	97270	36.96	1.11
H3	Sample 87	2	1	15	102270	36.96	1.10
H4	Sample 88	2	1	1	32790	36.91	1.12
H4	Sample 88	2	1	2	37760	36.96	1.12
H4	Sample 88	2	1	3	42660	37	1.11
H4	Sample 88	2	1	4	47660	36.96	1.10
H4	Sample 88	2	1	5	52660	36.96	1.10
H4	Sample 88	2	1	6	57660	36.96	1.10
H4	Sample 88	2	1	7	62560	36.96	1.10
H4	Sample 88	2	1	8	67560	37	1.10
H4	Sample 88	2	1	9	72460	37	1.09
H4	Sample 88	2	1	10	77470	36.96	1.10
H4	Sample 88	2	1	11	82460	36.96	1.10
H4	Sample 88	2	1	12	87360	36.96	1.10
H4	Sample 88	2	1	13	92260	37	1.11
H4	Sample 88	2	1	14	97270	36.96	1.10
H4	Sample 88	2	1	15	102270	36.96	1.10
H5	Sample 89	2	1	1	32790	36.91	0.94
H5	Sample 89	2	1	2	37760	36.96	0.93
H5	Sample 89	2	1	3	42660	37	0.93
H5	Sample 89	2	1	4	47660	36.96	0.93
H5	Sample 89	2	1	5	52660	36.96	0.92
H5	Sample 89	2	1	6	57660	36.96	0.92
H5	Sample 89	2	1	7	62560	36.96	0.91
H5	Sample 89	2	1	8	67560	37	0.92
H5	Sample 89	2	1	9	72460	37	0.91
H5	Sample 89	2	1	10	77470	36.96	0.91
H5	Sample 89	2	1	11	82460	36.96	0.92
H5	Sample 89	2	1	12	87360	36.96	0.91
H5	Sample 89	2	1	13	92260	37	0.92
H5	Sample 89	2	1	14	97270	36.96	0.92
H5	Sample 89	2	1	15	102270	36.96	0.91
H6	Sample 90	2	1	1	32790	36.91	0.94
H6	Sample 90	2	1	2	37760	36.96	0.93
H6	Sample 90	2	1	3	42660	37	0.93
H6	Sample 90	2	1	4	47660	36.96	0.92
H6	Sample 90	2	1	5	52660	36.96	0.92
H6	Sample 90	2	1	6	57660	36.96	0.92
H6	Sample 90	2	1	7	62560	36.96	0.91
H6	Sample 90	2	1	8	67560	37	0.91
H6	Sample 90	2	1	9	72460	37	0.91
H6	Sample 90	2	1	10	77470	36.96	0.91
H6	Sample 90	2	1	11	82460	36.96	0.92
H6	Sample 90	2	1	12	87360	36.96	0.91
H6	Sample 90	2	1	13	92260	37	0.91
H6	Sample 90	2	1	14	97270	36.96	0.92
H6	Sample 90	2	1	15	102270	36.96	0.91
H7	Sample 91	2	1	1	32790	36.91	0.94
H7	Sample 91	2	1	2	37760	36.96	0.94
H7	Sample 91	2	1	3	42660	37	0.93
H7	Sample 91	2	1	4	47660	36.96	0.92
H7	Sample 91	2	1	5	52660	36.96	0.91
H7	Sample 91	2	1	6	57660	36.96	0.92
H7	Sample 91	2	1	7	62560	36.96	0.92
H7	Sample 91	2	1	8	67560	37	0.92
H7	Sample 91	2	1	9	72460	37	0.91
H7	Sample 91	2	1	10	77470	36.96	0.91
H7	Sample 91	2	1	11	82460	36.96	0.92
H7	Sample 91	2	1	12	87360	36.96	0.91
H7	Sample 91	2	1	13	92260	37	0.92
H7	Sample 91	2	1	14	97270	36.96	0.92
H7	Sample 91	2	1	15	102270	36.96	0.91
H8	Sample 92	2	1	1	32790	36.91	0.91
H8	Sample 92	2	1	2	37760	36.96	0.90
H8	Sample 92	2	1	3	42660	37	0.90
H8	Sample 92	2	1	4	47660	36.96	0.89
H8	Sample 92	2	1	5	52660	36.96	0.88
H8	Sample 92	2	1	6	57660	36.96	0.89
H8	Sample 92	2	1	7	62560	36.96	0.88
H8	Sample 92	2	1	8	67560	37	0.89
H8	Sample 92	2	1	9	72460	37	0.88
H8	Sample 92	2	1	10	77470	36.96	0.88
H8	Sample 92	2	1	11	82460	36.96	0.89
H8	Sample 92	2	1	12	87360	36.96	0.89
H8	Sample 92	2	1	13	92260	37	0.89
H8	Sample 92	2	1	14	97270	36.96	0.89
H8	Sample 92	2	1	15	102270	36.96	0.88
H9	Sample 93	2	1	1	32790	36.91	2.99
H9	Sample 93	2	1	2	37760	36.96	2.98
H9	Sample 93	2	1	3	42660	37	3.01
H9	Sample 93	2	1	4	47660	36.96	3.05
H9	Sample 93	2	1	5	52660	36.96	3.10
H9	Sample 93	2	1	6	57660	36.96	3.17
H9	Sample 93	2	1	7	62560	36.96	3.21
H9	Sample 93	2	1	8	67560	37	3.22
H9	Sample 93	2	1	9	72460	37	3.25
H9	Sample 93	2	1	10	77470	36.96	3.26
H9	Sample 93	2	1	11	82460	36.96	3.28
H9	Sample 93	2	1	12	87360	36.96	3.27
H9	Sample 93	2	1	13	92260	37	3.28
H9	Sample 93	2	1	14	97270	36.96	3.29
H9	Sample 93	2	1	15	102270	36.96	3.29
H10	Sample 94	2	1	1	32790	36.91	2.90
H10	Sample 94	2	1	2	37760	36.96	2.91
H10	Sample 94	2	1	3	42660	37	2.95
H10	Sample 94	2	1	4	47660	36.96	2.98
H10	Sample 94	2	1	5	52660	36.96	3.04
H10	Sample 94	2	1	6	57660	36.96	3.08
H10	Sample 94	2	1	7	62560	36.96	3.11
H10	Sample 94	2	1	8	67560	37	3.12
H10	Sample 94	2	1	9	72460	37	3.13
H10	Sample 94	2	1	10	77470	36.96	3.14
H10	Sample 94	2	1	11	82460	36.96	3.17
H10	Sample 94	2	1	12	87360	36.96	3.15
H10	Sample 94	2	1	13	92260	37	3.16
H10	Sample 94	2	1	14	97270	36.96	3.17
H10	Sample 94	2	1	15	102270	36.96	3.17
H11	Sample 95	2	1	1	32790	36.91	2.89
H11	Sample 95	2	1	2	37760	36.96	2.86
H11	Sample 95	2	1	3	42660	37	2.86
H11	Sample 95	2	1	4	47660	36.96	2.91
H11	Sample 95	2	1	5	52660	36.96	2.94
H11	Sample 95	2	1	6	57660	36.96	3.01
H11	Sample 95	2	1	7	62560	36.96	3.06
H11	Sample 95	2	1	8	67560	37	3.10
H11	Sample 95	2	1	9	72460	37	3.13
H11	Sample 95	2	1	10	77470	36.96	3.15
H11	Sample 95	2	1	11	82460	36.96	3.15
H11	Sample 95	2	1	12	87360	36.96	3.16
H11	Sample 95	2	1	13	92260	37	3.16
H11	Sample 95	2	1	14	97270	36.96	3.17
H11	Sample 95	2	1	15	102270	36.96	3.16
H12	Sample 96	2	1	1	32790	36.91	3.18
H12	Sample 96	2	1	2	37760	36.96	3.17
H12	Sample 96	2	1	3	42660	37	3.16
H12	Sample 96	2	1	4	47660	36.96	3.15
H12	Sample 96	2	1	5	52660	36.96	3.15
H12	Sample 96	2	1	6	57660	36.96	3.16
H12	Sample 96	2	1	7	62560	36.96	3.14
H12	Sample 96	2	1	8	67560	37	3.16
H12	Sample 96	2	1	9	72460	37	3.15
H12	Sample 96	2	1	10	77470	36.96	3.14
H12	Sample 96	2	1	11	82460	36.96	3.15
H12	Sample 96	2	1	12	87360	36.96	3.15
H12	Sample 96	2	1	13	92260	37	3.16
H12	Sample 96	2	1	14	97270	36.96	3.16
H12	Sample 96	2	1	15	102270	36.96	3.16
