Raw Data 		Experiment - evIC50_4_plate1_13APRIL2026 (Run on LCS480 1.5.1.62)
SamplePos	SampleName	Prog#	Seg#	Cycle#	Time	Temp	465-510	
A1	Sample 1	2	1	1	31490	37	1.07
A1	Sample 1	2	1	2	36490	37	1.07
A1	Sample 1	2	1	3	41500	36.96	1.06
A1	Sample 1	2	1	4	46490	36.96	1.07
A1	Sample 1	2	1	5	51500	37	1.06
A1	Sample 1	2	1	6	56510	36.96	1.06
A1	Sample 1	2	1	7	61500	36.96	1.07
A1	Sample 1	2	1	8	66500	37	1.06
A1	Sample 1	2	1	9	71510	37	1.06
A1	Sample 1	2	1	10	76510	37	1.06
A1	Sample 1	2	1	11	81500	37	1.06
A1	Sample 1	2	1	12	86500	37	1.06
A1	Sample 1	2	1	13	91500	37	1.05
A1	Sample 1	2	1	14	96500	36.96	1.06
A1	Sample 1	2	1	15	101500	37	1.05
A2	Sample 2	2	1	1	31490	37	1.19
A2	Sample 2	2	1	2	36490	37	1.19
A2	Sample 2	2	1	3	41500	36.96	1.18
A2	Sample 2	2	1	4	46490	36.96	1.20
A2	Sample 2	2	1	5	51500	37	1.19
A2	Sample 2	2	1	6	56510	36.96	1.19
A2	Sample 2	2	1	7	61500	36.96	1.19
A2	Sample 2	2	1	8	66500	37	1.19
A2	Sample 2	2	1	9	71510	37	1.19
A2	Sample 2	2	1	10	76510	37	1.20
A2	Sample 2	2	1	11	81500	37	1.20
A2	Sample 2	2	1	12	86500	37	1.19
A2	Sample 2	2	1	13	91500	37	1.19
A2	Sample 2	2	1	14	96500	36.96	1.19
A2	Sample 2	2	1	15	101500	37	1.19
A3	Sample 3	2	1	1	31490	37	1.21
A3	Sample 3	2	1	2	36490	37	1.21
A3	Sample 3	2	1	3	41500	36.96	1.21
A3	Sample 3	2	1	4	46490	36.96	1.21
A3	Sample 3	2	1	5	51500	37	1.21
A3	Sample 3	2	1	6	56510	36.96	1.21
A3	Sample 3	2	1	7	61500	36.96	1.20
A3	Sample 3	2	1	8	66500	37	1.20
A3	Sample 3	2	1	9	71510	37	1.21
A3	Sample 3	2	1	10	76510	37	1.21
A3	Sample 3	2	1	11	81500	37	1.21
A3	Sample 3	2	1	12	86500	37	1.20
A3	Sample 3	2	1	13	91500	37	1.21
A3	Sample 3	2	1	14	96500	36.96	1.21
A3	Sample 3	2	1	15	101500	37	1.21
A4	Sample 4	2	1	1	31490	37	1.19
A4	Sample 4	2	1	2	36490	37	1.20
A4	Sample 4	2	1	3	41500	36.96	1.20
A4	Sample 4	2	1	4	46490	36.96	1.20
A4	Sample 4	2	1	5	51500	37	1.19
A4	Sample 4	2	1	6	56510	36.96	1.19
A4	Sample 4	2	1	7	61500	36.96	1.19
A4	Sample 4	2	1	8	66500	37	1.19
A4	Sample 4	2	1	9	71510	37	1.19
A4	Sample 4	2	1	10	76510	37	1.19
A4	Sample 4	2	1	11	81500	37	1.19
A4	Sample 4	2	1	12	86500	37	1.19
A4	Sample 4	2	1	13	91500	37	1.18
A4	Sample 4	2	1	14	96500	36.96	1.20
A4	Sample 4	2	1	15	101500	37	1.18
A5	Sample 5	2	1	1	31490	37	1.58
A5	Sample 5	2	1	2	36490	37	1.57
A5	Sample 5	2	1	3	41500	36.96	1.56
A5	Sample 5	2	1	4	46490	36.96	1.57
A5	Sample 5	2	1	5	51500	37	1.57
A5	Sample 5	2	1	6	56510	36.96	1.57
A5	Sample 5	2	1	7	61500	36.96	1.56
A5	Sample 5	2	1	8	66500	37	1.56
A5	Sample 5	2	1	9	71510	37	1.56
A5	Sample 5	2	1	10	76510	37	1.57
A5	Sample 5	2	1	11	81500	37	1.57
A5	Sample 5	2	1	12	86500	37	1.57
A5	Sample 5	2	1	13	91500	37	1.56
A5	Sample 5	2	1	14	96500	36.96	1.57
A5	Sample 5	2	1	15	101500	37	1.56
A6	Sample 6	2	1	1	31490	37	1.59
A6	Sample 6	2	1	2	36490	37	1.59
A6	Sample 6	2	1	3	41500	36.96	1.59
A6	Sample 6	2	1	4	46490	36.96	1.59
A6	Sample 6	2	1	5	51500	37	1.59
A6	Sample 6	2	1	6	56510	36.96	1.59
A6	Sample 6	2	1	7	61500	36.96	1.59
A6	Sample 6	2	1	8	66500	37	1.59
A6	Sample 6	2	1	9	71510	37	1.59
A6	Sample 6	2	1	10	76510	37	1.59
A6	Sample 6	2	1	11	81500	37	1.60
A6	Sample 6	2	1	12	86500	37	1.59
A6	Sample 6	2	1	13	91500	37	1.59
A6	Sample 6	2	1	14	96500	36.96	1.60
A6	Sample 6	2	1	15	101500	37	1.58
A7	Sample 7	2	1	1	31490	37	1.66
A7	Sample 7	2	1	2	36490	37	1.65
A7	Sample 7	2	1	3	41500	36.96	1.66
A7	Sample 7	2	1	4	46490	36.96	1.66
A7	Sample 7	2	1	5	51500	37	1.66
A7	Sample 7	2	1	6	56510	36.96	1.65
A7	Sample 7	2	1	7	61500	36.96	1.65
A7	Sample 7	2	1	8	66500	37	1.65
A7	Sample 7	2	1	9	71510	37	1.65
A7	Sample 7	2	1	10	76510	37	1.65
A7	Sample 7	2	1	11	81500	37	1.65
A7	Sample 7	2	1	12	86500	37	1.65
A7	Sample 7	2	1	13	91500	37	1.65
A7	Sample 7	2	1	14	96500	36.96	1.65
A7	Sample 7	2	1	15	101500	37	1.65
A8	Sample 8	2	1	1	31490	37	1.56
A8	Sample 8	2	1	2	36490	37	1.57
A8	Sample 8	2	1	3	41500	36.96	1.58
A8	Sample 8	2	1	4	46490	36.96	1.58
A8	Sample 8	2	1	5	51500	37	1.58
A8	Sample 8	2	1	6	56510	36.96	1.58
A8	Sample 8	2	1	7	61500	36.96	1.58
A8	Sample 8	2	1	8	66500	37	1.58
A8	Sample 8	2	1	9	71510	37	1.59
A8	Sample 8	2	1	10	76510	37	1.59
A8	Sample 8	2	1	11	81500	37	1.59
A8	Sample 8	2	1	12	86500	37	1.58
A8	Sample 8	2	1	13	91500	37	1.59
A8	Sample 8	2	1	14	96500	36.96	1.60
A8	Sample 8	2	1	15	101500	37	1.58
A9	Sample 9	2	1	1	31490	37	1.51
A9	Sample 9	2	1	2	36490	37	1.50
A9	Sample 9	2	1	3	41500	36.96	1.50
A9	Sample 9	2	1	4	46490	36.96	1.51
A9	Sample 9	2	1	5	51500	37	1.50
A9	Sample 9	2	1	6	56510	36.96	1.51
A9	Sample 9	2	1	7	61500	36.96	1.50
A9	Sample 9	2	1	8	66500	37	1.50
A9	Sample 9	2	1	9	71510	37	1.50
A9	Sample 9	2	1	10	76510	37	1.51
A9	Sample 9	2	1	11	81500	37	1.51
A9	Sample 9	2	1	12	86500	37	1.50
A9	Sample 9	2	1	13	91500	37	1.49
A9	Sample 9	2	1	14	96500	36.96	1.50
A9	Sample 9	2	1	15	101500	37	1.50
A10	Sample 10	2	1	1	31490	37	1.55
A10	Sample 10	2	1	2	36490	37	1.55
A10	Sample 10	2	1	3	41500	36.96	1.54
A10	Sample 10	2	1	4	46490	36.96	1.55
A10	Sample 10	2	1	5	51500	37	1.55
A10	Sample 10	2	1	6	56510	36.96	1.54
A10	Sample 10	2	1	7	61500	36.96	1.54
A10	Sample 10	2	1	8	66500	37	1.54
A10	Sample 10	2	1	9	71510	37	1.53
A10	Sample 10	2	1	10	76510	37	1.54
A10	Sample 10	2	1	11	81500	37	1.54
A10	Sample 10	2	1	12	86500	37	1.54
A10	Sample 10	2	1	13	91500	37	1.53
A10	Sample 10	2	1	14	96500	36.96	1.54
A10	Sample 10	2	1	15	101500	37	1.53
A11	Sample 11	2	1	1	31490	37	1.44
A11	Sample 11	2	1	2	36490	37	1.43
A11	Sample 11	2	1	3	41500	36.96	1.42
A11	Sample 11	2	1	4	46490	36.96	1.44
A11	Sample 11	2	1	5	51500	37	1.43
A11	Sample 11	2	1	6	56510	36.96	1.43
A11	Sample 11	2	1	7	61500	36.96	1.43
A11	Sample 11	2	1	8	66500	37	1.43
A11	Sample 11	2	1	9	71510	37	1.43
A11	Sample 11	2	1	10	76510	37	1.43
A11	Sample 11	2	1	11	81500	37	1.44
A11	Sample 11	2	1	12	86500	37	1.42
A11	Sample 11	2	1	13	91500	37	1.42
A11	Sample 11	2	1	14	96500	36.96	1.43
A11	Sample 11	2	1	15	101500	37	1.42
A12	Sample 12	2	1	1	31490	37	1.28
A12	Sample 12	2	1	2	36490	37	1.28
A12	Sample 12	2	1	3	41500	36.96	1.28
A12	Sample 12	2	1	4	46490	36.96	1.29
A12	Sample 12	2	1	5	51500	37	1.28
A12	Sample 12	2	1	6	56510	36.96	1.29
A12	Sample 12	2	1	7	61500	36.96	1.28
A12	Sample 12	2	1	8	66500	37	1.29
A12	Sample 12	2	1	9	71510	37	1.28
A12	Sample 12	2	1	10	76510	37	1.28
A12	Sample 12	2	1	11	81500	37	1.28
A12	Sample 12	2	1	12	86500	37	1.28
A12	Sample 12	2	1	13	91500	37	1.29
A12	Sample 12	2	1	14	96500	36.96	1.29
A12	Sample 12	2	1	15	101500	37	1.29
B1	Sample 13	2	1	1	31490	37	1.01
B1	Sample 13	2	1	2	36490	37	1.02
B1	Sample 13	2	1	3	41500	36.96	1.02
B1	Sample 13	2	1	4	46490	36.96	1.02
B1	Sample 13	2	1	5	51500	37	1.02
B1	Sample 13	2	1	6	56510	36.96	1.02
B1	Sample 13	2	1	7	61500	36.96	1.02
B1	Sample 13	2	1	8	66500	37	1.02
B1	Sample 13	2	1	9	71510	37	1.01
B1	Sample 13	2	1	10	76510	37	1.01
B1	Sample 13	2	1	11	81500	37	1.02
B1	Sample 13	2	1	12	86500	37	1.01
B1	Sample 13	2	1	13	91500	37	1.02
B1	Sample 13	2	1	14	96500	36.96	1.02
B1	Sample 13	2	1	15	101500	37	1.01
B2	Sample 14	2	1	1	31490	37	1.16
B2	Sample 14	2	1	2	36490	37	1.16
B2	Sample 14	2	1	3	41500	36.96	1.16
B2	Sample 14	2	1	4	46490	36.96	1.17
B2	Sample 14	2	1	5	51500	37	1.17
B2	Sample 14	2	1	6	56510	36.96	1.16
B2	Sample 14	2	1	7	61500	36.96	1.16
B2	Sample 14	2	1	8	66500	37	1.16
B2	Sample 14	2	1	9	71510	37	1.15
B2	Sample 14	2	1	10	76510	37	1.15
B2	Sample 14	2	1	11	81500	37	1.17
B2	Sample 14	2	1	12	86500	37	1.15
B2	Sample 14	2	1	13	91500	37	1.15
B2	Sample 14	2	1	14	96500	36.96	1.16
B2	Sample 14	2	1	15	101500	37	1.15
B3	Sample 15	2	1	1	31490	37	1.16
B3	Sample 15	2	1	2	36490	37	1.16
B3	Sample 15	2	1	3	41500	36.96	1.15
B3	Sample 15	2	1	4	46490	36.96	1.16
B3	Sample 15	2	1	5	51500	37	1.16
B3	Sample 15	2	1	6	56510	36.96	1.15
B3	Sample 15	2	1	7	61500	36.96	1.15
B3	Sample 15	2	1	8	66500	37	1.15
B3	Sample 15	2	1	9	71510	37	1.14
B3	Sample 15	2	1	10	76510	37	1.16
B3	Sample 15	2	1	11	81500	37	1.16
B3	Sample 15	2	1	12	86500	37	1.15
B3	Sample 15	2	1	13	91500	37	1.15
B3	Sample 15	2	1	14	96500	36.96	1.15
B3	Sample 15	2	1	15	101500	37	1.14
B4	Sample 16	2	1	1	31490	37	1.16
B4	Sample 16	2	1	2	36490	37	1.16
B4	Sample 16	2	1	3	41500	36.96	1.15
B4	Sample 16	2	1	4	46490	36.96	1.16
B4	Sample 16	2	1	5	51500	37	1.15
B4	Sample 16	2	1	6	56510	36.96	1.15
B4	Sample 16	2	1	7	61500	36.96	1.15
B4	Sample 16	2	1	8	66500	37	1.14
B4	Sample 16	2	1	9	71510	37	1.14
B4	Sample 16	2	1	10	76510	37	1.15
B4	Sample 16	2	1	11	81500	37	1.16
B4	Sample 16	2	1	12	86500	37	1.14
B4	Sample 16	2	1	13	91500	37	1.14
B4	Sample 16	2	1	14	96500	36.96	1.14
B4	Sample 16	2	1	15	101500	37	1.14
B5	Sample 17	2	1	1	31490	37	1.55
B5	Sample 17	2	1	2	36490	37	1.55
B5	Sample 17	2	1	3	41500	36.96	1.55
B5	Sample 17	2	1	4	46490	36.96	1.55
B5	Sample 17	2	1	5	51500	37	1.55
B5	Sample 17	2	1	6	56510	36.96	1.54
B5	Sample 17	2	1	7	61500	36.96	1.54
B5	Sample 17	2	1	8	66500	37	1.54
B5	Sample 17	2	1	9	71510	37	1.54
B5	Sample 17	2	1	10	76510	37	1.53
B5	Sample 17	2	1	11	81500	37	1.55
B5	Sample 17	2	1	12	86500	37	1.54
B5	Sample 17	2	1	13	91500	37	1.54
B5	Sample 17	2	1	14	96500	36.96	1.53
B5	Sample 17	2	1	15	101500	37	1.54
B6	Sample 18	2	1	1	31490	37	1.55
B6	Sample 18	2	1	2	36490	37	1.55
B6	Sample 18	2	1	3	41500	36.96	1.55
B6	Sample 18	2	1	4	46490	36.96	1.55
B6	Sample 18	2	1	5	51500	37	1.55
B6	Sample 18	2	1	6	56510	36.96	1.54
B6	Sample 18	2	1	7	61500	36.96	1.54
B6	Sample 18	2	1	8	66500	37	1.54
B6	Sample 18	2	1	9	71510	37	1.55
B6	Sample 18	2	1	10	76510	37	1.53
B6	Sample 18	2	1	11	81500	37	1.54
B6	Sample 18	2	1	12	86500	37	1.53
B6	Sample 18	2	1	13	91500	37	1.54
B6	Sample 18	2	1	14	96500	36.96	1.54
B6	Sample 18	2	1	15	101500	37	1.54
B7	Sample 19	2	1	1	31490	37	1.57
B7	Sample 19	2	1	2	36490	37	1.56
B7	Sample 19	2	1	3	41500	36.96	1.56
B7	Sample 19	2	1	4	46490	36.96	1.56
B7	Sample 19	2	1	5	51500	37	1.56
B7	Sample 19	2	1	6	56510	36.96	1.56
B7	Sample 19	2	1	7	61500	36.96	1.55
B7	Sample 19	2	1	8	66500	37	1.56
B7	Sample 19	2	1	9	71510	37	1.56
B7	Sample 19	2	1	10	76510	37	1.55
B7	Sample 19	2	1	11	81500	37	1.55
B7	Sample 19	2	1	12	86500	37	1.55
B7	Sample 19	2	1	13	91500	37	1.55
B7	Sample 19	2	1	14	96500	36.96	1.55
B7	Sample 19	2	1	15	101500	37	1.55
B8	Sample 20	2	1	1	31490	37	1.56
B8	Sample 20	2	1	2	36490	37	1.54
B8	Sample 20	2	1	3	41500	36.96	1.54
B8	Sample 20	2	1	4	46490	36.96	1.55
B8	Sample 20	2	1	5	51500	37	1.55
B8	Sample 20	2	1	6	56510	36.96	1.54
B8	Sample 20	2	1	7	61500	36.96	1.53
B8	Sample 20	2	1	8	66500	37	1.54
B8	Sample 20	2	1	9	71510	37	1.53
B8	Sample 20	2	1	10	76510	37	1.54
B8	Sample 20	2	1	11	81500	37	1.54
B8	Sample 20	2	1	12	86500	37	1.54
B8	Sample 20	2	1	13	91500	37	1.53
B8	Sample 20	2	1	14	96500	36.96	1.54
B8	Sample 20	2	1	15	101500	37	1.53
B9	Sample 21	2	1	1	31490	37	1.48
B9	Sample 21	2	1	2	36490	37	1.47
B9	Sample 21	2	1	3	41500	36.96	1.47
B9	Sample 21	2	1	4	46490	36.96	1.47
B9	Sample 21	2	1	5	51500	37	1.47
B9	Sample 21	2	1	6	56510	36.96	1.46
B9	Sample 21	2	1	7	61500	36.96	1.46
B9	Sample 21	2	1	8	66500	37	1.47
B9	Sample 21	2	1	9	71510	37	1.46
B9	Sample 21	2	1	10	76510	37	1.46
B9	Sample 21	2	1	11	81500	37	1.48
B9	Sample 21	2	1	12	86500	37	1.46
B9	Sample 21	2	1	13	91500	37	1.46
B9	Sample 21	2	1	14	96500	36.96	1.46
B9	Sample 21	2	1	15	101500	37	1.46
B10	Sample 22	2	1	1	31490	37	1.52
B10	Sample 22	2	1	2	36490	37	1.50
B10	Sample 22	2	1	3	41500	36.96	1.50
B10	Sample 22	2	1	4	46490	36.96	1.50
B10	Sample 22	2	1	5	51500	37	1.49
B10	Sample 22	2	1	6	56510	36.96	1.49
B10	Sample 22	2	1	7	61500	36.96	1.49
B10	Sample 22	2	1	8	66500	37	1.48
B10	Sample 22	2	1	9	71510	37	1.49
B10	Sample 22	2	1	10	76510	37	1.49
B10	Sample 22	2	1	11	81500	37	1.49
B10	Sample 22	2	1	12	86500	37	1.48
B10	Sample 22	2	1	13	91500	37	1.48
B10	Sample 22	2	1	14	96500	36.96	1.49
B10	Sample 22	2	1	15	101500	37	1.49
B11	Sample 23	2	1	1	31490	37	1.50
B11	Sample 23	2	1	2	36490	37	1.50
B11	Sample 23	2	1	3	41500	36.96	1.49
B11	Sample 23	2	1	4	46490	36.96	1.50
B11	Sample 23	2	1	5	51500	37	1.49
B11	Sample 23	2	1	6	56510	36.96	1.50
B11	Sample 23	2	1	7	61500	36.96	1.49
B11	Sample 23	2	1	8	66500	37	1.49
B11	Sample 23	2	1	9	71510	37	1.48
B11	Sample 23	2	1	10	76510	37	1.48
B11	Sample 23	2	1	11	81500	37	1.49
B11	Sample 23	2	1	12	86500	37	1.48
B11	Sample 23	2	1	13	91500	37	1.48
B11	Sample 23	2	1	14	96500	36.96	1.48
B11	Sample 23	2	1	15	101500	37	1.47
B12	Sample 24	2	1	1	31490	37	1.34
B12	Sample 24	2	1	2	36490	37	1.34
B12	Sample 24	2	1	3	41500	36.96	1.34
B12	Sample 24	2	1	4	46490	36.96	1.34
B12	Sample 24	2	1	5	51500	37	1.34
B12	Sample 24	2	1	6	56510	36.96	1.34
B12	Sample 24	2	1	7	61500	36.96	1.33
B12	Sample 24	2	1	8	66500	37	1.33
B12	Sample 24	2	1	9	71510	37	1.33
B12	Sample 24	2	1	10	76510	37	1.33
B12	Sample 24	2	1	11	81500	37	1.34
B12	Sample 24	2	1	12	86500	37	1.33
B12	Sample 24	2	1	13	91500	37	1.33
B12	Sample 24	2	1	14	96500	36.96	1.33
B12	Sample 24	2	1	15	101500	37	1.33
C1	Sample 25	2	1	1	31490	37	1.04
C1	Sample 25	2	1	2	36490	37	1.03
C1	Sample 25	2	1	3	41500	36.96	1.03
C1	Sample 25	2	1	4	46490	36.96	1.04
C1	Sample 25	2	1	5	51500	37	1.04
C1	Sample 25	2	1	6	56510	36.96	1.03
C1	Sample 25	2	1	7	61500	36.96	1.03
C1	Sample 25	2	1	8	66500	37	1.02
C1	Sample 25	2	1	9	71510	37	1.03
C1	Sample 25	2	1	10	76510	37	1.03
C1	Sample 25	2	1	11	81500	37	1.03
C1	Sample 25	2	1	12	86500	37	1.02
C1	Sample 25	2	1	13	91500	37	1.03
C1	Sample 25	2	1	14	96500	36.96	1.03
C1	Sample 25	2	1	15	101500	37	1.03
C2	Sample 26	2	1	1	31490	37	1.24
C2	Sample 26	2	1	2	36490	37	1.24
C2	Sample 26	2	1	3	41500	36.96	1.23
C2	Sample 26	2	1	4	46490	36.96	1.24
C2	Sample 26	2	1	5	51500	37	1.24
C2	Sample 26	2	1	6	56510	36.96	1.23
C2	Sample 26	2	1	7	61500	36.96	1.24
C2	Sample 26	2	1	8	66500	37	1.23
C2	Sample 26	2	1	9	71510	37	1.24
C2	Sample 26	2	1	10	76510	37	1.23
C2	Sample 26	2	1	11	81500	37	1.23
C2	Sample 26	2	1	12	86500	37	1.22
C2	Sample 26	2	1	13	91500	37	1.23
C2	Sample 26	2	1	14	96500	36.96	1.23
C2	Sample 26	2	1	15	101500	37	1.23
C3	Sample 27	2	1	1	31490	37	1.19
C3	Sample 27	2	1	2	36490	37	1.18
C3	Sample 27	2	1	3	41500	36.96	1.17
C3	Sample 27	2	1	4	46490	36.96	1.18
C3	Sample 27	2	1	5	51500	37	1.19
C3	Sample 27	2	1	6	56510	36.96	1.18
C3	Sample 27	2	1	7	61500	36.96	1.18
C3	Sample 27	2	1	8	66500	37	1.18
C3	Sample 27	2	1	9	71510	37	1.17
C3	Sample 27	2	1	10	76510	37	1.18
C3	Sample 27	2	1	11	81500	37	1.18
C3	Sample 27	2	1	12	86500	37	1.17
C3	Sample 27	2	1	13	91500	37	1.17
C3	Sample 27	2	1	14	96500	36.96	1.18
C3	Sample 27	2	1	15	101500	37	1.17
C4	Sample 28	2	1	1	31490	37	1.18
C4	Sample 28	2	1	2	36490	37	1.18
C4	Sample 28	2	1	3	41500	36.96	1.17
C4	Sample 28	2	1	4	46490	36.96	1.17
C4	Sample 28	2	1	5	51500	37	1.17
C4	Sample 28	2	1	6	56510	36.96	1.17
C4	Sample 28	2	1	7	61500	36.96	1.17
C4	Sample 28	2	1	8	66500	37	1.16
C4	Sample 28	2	1	9	71510	37	1.17
C4	Sample 28	2	1	10	76510	37	1.17
C4	Sample 28	2	1	11	81500	37	1.17
C4	Sample 28	2	1	12	86500	37	1.16
C4	Sample 28	2	1	13	91500	37	1.17
C4	Sample 28	2	1	14	96500	36.96	1.17
C4	Sample 28	2	1	15	101500	37	1.17
C5	Sample 29	2	1	1	31490	37	1.48
C5	Sample 29	2	1	2	36490	37	1.47
C5	Sample 29	2	1	3	41500	36.96	1.47
C5	Sample 29	2	1	4	46490	36.96	1.48
C5	Sample 29	2	1	5	51500	37	1.48
C5	Sample 29	2	1	6	56510	36.96	1.47
C5	Sample 29	2	1	7	61500	36.96	1.47
C5	Sample 29	2	1	8	66500	37	1.46
C5	Sample 29	2	1	9	71510	37	1.47
C5	Sample 29	2	1	10	76510	37	1.46
C5	Sample 29	2	1	11	81500	37	1.46
C5	Sample 29	2	1	12	86500	37	1.46
C5	Sample 29	2	1	13	91500	37	1.46
C5	Sample 29	2	1	14	96500	36.96	1.46
C5	Sample 29	2	1	15	101500	37	1.46
C6	Sample 30	2	1	1	31490	37	1.57
C6	Sample 30	2	1	2	36490	37	1.56
C6	Sample 30	2	1	3	41500	36.96	1.56
C6	Sample 30	2	1	4	46490	36.96	1.56
C6	Sample 30	2	1	5	51500	37	1.57
C6	Sample 30	2	1	6	56510	36.96	1.56
C6	Sample 30	2	1	7	61500	36.96	1.56
C6	Sample 30	2	1	8	66500	37	1.56
C6	Sample 30	2	1	9	71510	37	1.56
C6	Sample 30	2	1	10	76510	37	1.56
C6	Sample 30	2	1	11	81500	37	1.56
C6	Sample 30	2	1	12	86500	37	1.55
C6	Sample 30	2	1	13	91500	37	1.55
C6	Sample 30	2	1	14	96500	36.96	1.55
C6	Sample 30	2	1	15	101500	37	1.56
C7	Sample 31	2	1	1	31490	37	1.59
C7	Sample 31	2	1	2	36490	37	1.58
C7	Sample 31	2	1	3	41500	36.96	1.57
C7	Sample 31	2	1	4	46490	36.96	1.58
C7	Sample 31	2	1	5	51500	37	1.59
C7	Sample 31	2	1	6	56510	36.96	1.57
C7	Sample 31	2	1	7	61500	36.96	1.57
C7	Sample 31	2	1	8	66500	37	1.57
C7	Sample 31	2	1	9	71510	37	1.57
C7	Sample 31	2	1	10	76510	37	1.57
C7	Sample 31	2	1	11	81500	37	1.58
C7	Sample 31	2	1	12	86500	37	1.57
C7	Sample 31	2	1	13	91500	37	1.57
C7	Sample 31	2	1	14	96500	36.96	1.58
C7	Sample 31	2	1	15	101500	37	1.57
C8	Sample 32	2	1	1	31490	37	1.54
C8	Sample 32	2	1	2	36490	37	1.53
C8	Sample 32	2	1	3	41500	36.96	1.53
C8	Sample 32	2	1	4	46490	36.96	1.54
C8	Sample 32	2	1	5	51500	37	1.54
C8	Sample 32	2	1	6	56510	36.96	1.54
C8	Sample 32	2	1	7	61500	36.96	1.54
C8	Sample 32	2	1	8	66500	37	1.52
C8	Sample 32	2	1	9	71510	37	1.53
C8	Sample 32	2	1	10	76510	37	1.53
C8	Sample 32	2	1	11	81500	37	1.53
C8	Sample 32	2	1	12	86500	37	1.51
C8	Sample 32	2	1	13	91500	37	1.52
C8	Sample 32	2	1	14	96500	36.96	1.52
C8	Sample 32	2	1	15	101500	37	1.51
C9	Sample 33	2	1	1	31490	37	1.49
C9	Sample 33	2	1	2	36490	37	1.48
C9	Sample 33	2	1	3	41500	36.96	1.48
C9	Sample 33	2	1	4	46490	36.96	1.48
C9	Sample 33	2	1	5	51500	37	1.49
C9	Sample 33	2	1	6	56510	36.96	1.47
C9	Sample 33	2	1	7	61500	36.96	1.47
C9	Sample 33	2	1	8	66500	37	1.47
C9	Sample 33	2	1	9	71510	37	1.48
C9	Sample 33	2	1	10	76510	37	1.47
C9	Sample 33	2	1	11	81500	37	1.47
C9	Sample 33	2	1	12	86500	37	1.47
C9	Sample 33	2	1	13	91500	37	1.47
C9	Sample 33	2	1	14	96500	36.96	1.47
C9	Sample 33	2	1	15	101500	37	1.46
C10	Sample 34	2	1	1	31490	37	1.53
C10	Sample 34	2	1	2	36490	37	1.53
C10	Sample 34	2	1	3	41500	36.96	1.53
C10	Sample 34	2	1	4	46490	36.96	1.53
C10	Sample 34	2	1	5	51500	37	1.53
C10	Sample 34	2	1	6	56510	36.96	1.53
C10	Sample 34	2	1	7	61500	36.96	1.52
C10	Sample 34	2	1	8	66500	37	1.51
C10	Sample 34	2	1	9	71510	37	1.51
C10	Sample 34	2	1	10	76510	37	1.51
C10	Sample 34	2	1	11	81500	37	1.51
C10	Sample 34	2	1	12	86500	37	1.51
C10	Sample 34	2	1	13	91500	37	1.52
C10	Sample 34	2	1	14	96500	36.96	1.52
C10	Sample 34	2	1	15	101500	37	1.52
C11	Sample 35	2	1	1	31490	37	1.48
C11	Sample 35	2	1	2	36490	37	1.47
C11	Sample 35	2	1	3	41500	36.96	1.46
C11	Sample 35	2	1	4	46490	36.96	1.48
C11	Sample 35	2	1	5	51500	37	1.48
C11	Sample 35	2	1	6	56510	36.96	1.47
C11	Sample 35	2	1	7	61500	36.96	1.47
C11	Sample 35	2	1	8	66500	37	1.47
C11	Sample 35	2	1	9	71510	37	1.46
C11	Sample 35	2	1	10	76510	37	1.47
C11	Sample 35	2	1	11	81500	37	1.46
C11	Sample 35	2	1	12	86500	37	1.45
C11	Sample 35	2	1	13	91500	37	1.46
C11	Sample 35	2	1	14	96500	36.96	1.47
C11	Sample 35	2	1	15	101500	37	1.45
C12	Sample 36	2	1	1	31490	37	1.39
C12	Sample 36	2	1	2	36490	37	1.39
C12	Sample 36	2	1	3	41500	36.96	1.39
C12	Sample 36	2	1	4	46490	36.96	1.39
C12	Sample 36	2	1	5	51500	37	1.39
C12	Sample 36	2	1	6	56510	36.96	1.39
C12	Sample 36	2	1	7	61500	36.96	1.39
C12	Sample 36	2	1	8	66500	37	1.39
C12	Sample 36	2	1	9	71510	37	1.39
C12	Sample 36	2	1	10	76510	37	1.38
C12	Sample 36	2	1	11	81500	37	1.39
C12	Sample 36	2	1	12	86500	37	1.39
C12	Sample 36	2	1	13	91500	37	1.39
C12	Sample 36	2	1	14	96500	36.96	1.40
C12	Sample 36	2	1	15	101500	37	1.39
D1	Sample 37	2	1	1	31490	37	1.08
D1	Sample 37	2	1	2	36490	37	1.07
D1	Sample 37	2	1	3	41500	36.96	1.07
D1	Sample 37	2	1	4	46490	36.96	1.08
D1	Sample 37	2	1	5	51500	37	1.07
D1	Sample 37	2	1	6	56510	36.96	1.07
D1	Sample 37	2	1	7	61500	36.96	1.07
D1	Sample 37	2	1	8	66500	37	1.08
D1	Sample 37	2	1	9	71510	37	1.07
D1	Sample 37	2	1	10	76510	37	1.08
D1	Sample 37	2	1	11	81500	37	1.08
D1	Sample 37	2	1	12	86500	37	1.07
D1	Sample 37	2	1	13	91500	37	1.07
D1	Sample 37	2	1	14	96500	36.96	1.08
D1	Sample 37	2	1	15	101500	37	1.07
D2	Sample 38	2	1	1	31490	37	1.24
D2	Sample 38	2	1	2	36490	37	1.23
D2	Sample 38	2	1	3	41500	36.96	1.24
D2	Sample 38	2	1	4	46490	36.96	1.24
D2	Sample 38	2	1	5	51500	37	1.24
D2	Sample 38	2	1	6	56510	36.96	1.23
D2	Sample 38	2	1	7	61500	36.96	1.23
D2	Sample 38	2	1	8	66500	37	1.23
D2	Sample 38	2	1	9	71510	37	1.23
D2	Sample 38	2	1	10	76510	37	1.24
D2	Sample 38	2	1	11	81500	37	1.23
D2	Sample 38	2	1	12	86500	37	1.23
D2	Sample 38	2	1	13	91500	37	1.22
D2	Sample 38	2	1	14	96500	36.96	1.23
D2	Sample 38	2	1	15	101500	37	1.22
D3	Sample 39	2	1	1	31490	37	1.15
D3	Sample 39	2	1	2	36490	37	1.15
D3	Sample 39	2	1	3	41500	36.96	1.15
D3	Sample 39	2	1	4	46490	36.96	1.15
D3	Sample 39	2	1	5	51500	37	1.15
D3	Sample 39	2	1	6	56510	36.96	1.15
D3	Sample 39	2	1	7	61500	36.96	1.15
D3	Sample 39	2	1	8	66500	37	1.15
D3	Sample 39	2	1	9	71510	37	1.14
D3	Sample 39	2	1	10	76510	37	1.15
D3	Sample 39	2	1	11	81500	37	1.15
D3	Sample 39	2	1	12	86500	37	1.15
D3	Sample 39	2	1	13	91500	37	1.14
D3	Sample 39	2	1	14	96500	36.96	1.14
D3	Sample 39	2	1	15	101500	37	1.14
D4	Sample 40	2	1	1	31490	37	1.14
D4	Sample 40	2	1	2	36490	37	1.12
D4	Sample 40	2	1	3	41500	36.96	1.12
D4	Sample 40	2	1	4	46490	36.96	1.13
D4	Sample 40	2	1	5	51500	37	1.13
D4	Sample 40	2	1	6	56510	36.96	1.12
D4	Sample 40	2	1	7	61500	36.96	1.12
D4	Sample 40	2	1	8	66500	37	1.12
D4	Sample 40	2	1	9	71510	37	1.12
D4	Sample 40	2	1	10	76510	37	1.13
D4	Sample 40	2	1	11	81500	37	1.12
D4	Sample 40	2	1	12	86500	37	1.12
D4	Sample 40	2	1	13	91500	37	1.12
D4	Sample 40	2	1	14	96500	36.96	1.12
D4	Sample 40	2	1	15	101500	37	1.12
D5	Sample 41	2	1	1	31490	37	1.46
D5	Sample 41	2	1	2	36490	37	1.45
D5	Sample 41	2	1	3	41500	36.96	1.45
D5	Sample 41	2	1	4	46490	36.96	1.46
D5	Sample 41	2	1	5	51500	37	1.45
D5	Sample 41	2	1	6	56510	36.96	1.45
D5	Sample 41	2	1	7	61500	36.96	1.45
D5	Sample 41	2	1	8	66500	37	1.44
D5	Sample 41	2	1	9	71510	37	1.44
D5	Sample 41	2	1	10	76510	37	1.45
D5	Sample 41	2	1	11	81500	37	1.45
D5	Sample 41	2	1	12	86500	37	1.43
D5	Sample 41	2	1	13	91500	37	1.44
D5	Sample 41	2	1	14	96500	36.96	1.45
D5	Sample 41	2	1	15	101500	37	1.43
D6	Sample 42	2	1	1	31490	37	1.52
D6	Sample 42	2	1	2	36490	37	1.52
D6	Sample 42	2	1	3	41500	36.96	1.51
D6	Sample 42	2	1	4	46490	36.96	1.52
D6	Sample 42	2	1	5	51500	37	1.52
D6	Sample 42	2	1	6	56510	36.96	1.52
D6	Sample 42	2	1	7	61500	36.96	1.51
D6	Sample 42	2	1	8	66500	37	1.51
D6	Sample 42	2	1	9	71510	37	1.51
D6	Sample 42	2	1	10	76510	37	1.52
D6	Sample 42	2	1	11	81500	37	1.51
D6	Sample 42	2	1	12	86500	37	1.51
D6	Sample 42	2	1	13	91500	37	1.51
D6	Sample 42	2	1	14	96500	36.96	1.51
D6	Sample 42	2	1	15	101500	37	1.50
D7	Sample 43	2	1	1	31490	37	1.58
D7	Sample 43	2	1	2	36490	37	1.56
D7	Sample 43	2	1	3	41500	36.96	1.55
D7	Sample 43	2	1	4	46490	36.96	1.57
D7	Sample 43	2	1	5	51500	37	1.56
D7	Sample 43	2	1	6	56510	36.96	1.56
D7	Sample 43	2	1	7	61500	36.96	1.56
D7	Sample 43	2	1	8	66500	37	1.56
D7	Sample 43	2	1	9	71510	37	1.55
D7	Sample 43	2	1	10	76510	37	1.56
D7	Sample 43	2	1	11	81500	37	1.56
D7	Sample 43	2	1	12	86500	37	1.56
D7	Sample 43	2	1	13	91500	37	1.55
D7	Sample 43	2	1	14	96500	36.96	1.55
D7	Sample 43	2	1	15	101500	37	1.55
D8	Sample 44	2	1	1	31490	37	1.52
D8	Sample 44	2	1	2	36490	37	1.53
D8	Sample 44	2	1	3	41500	36.96	1.53
D8	Sample 44	2	1	4	46490	36.96	1.53
D8	Sample 44	2	1	5	51500	37	1.53
D8	Sample 44	2	1	6	56510	36.96	1.52
D8	Sample 44	2	1	7	61500	36.96	1.53
D8	Sample 44	2	1	8	66500	37	1.51
D8	Sample 44	2	1	9	71510	37	1.52
D8	Sample 44	2	1	10	76510	37	1.52
D8	Sample 44	2	1	11	81500	37	1.53
D8	Sample 44	2	1	12	86500	37	1.52
D8	Sample 44	2	1	13	91500	37	1.51
D8	Sample 44	2	1	14	96500	36.96	1.52
D8	Sample 44	2	1	15	101500	37	1.51
D9	Sample 45	2	1	1	31490	37	1.49
D9	Sample 45	2	1	2	36490	37	1.48
D9	Sample 45	2	1	3	41500	36.96	1.47
D9	Sample 45	2	1	4	46490	36.96	1.48
D9	Sample 45	2	1	5	51500	37	1.48
D9	Sample 45	2	1	6	56510	36.96	1.48
D9	Sample 45	2	1	7	61500	36.96	1.48
D9	Sample 45	2	1	8	66500	37	1.48
D9	Sample 45	2	1	9	71510	37	1.47
D9	Sample 45	2	1	10	76510	37	1.48
D9	Sample 45	2	1	11	81500	37	1.48
D9	Sample 45	2	1	12	86500	37	1.47
D9	Sample 45	2	1	13	91500	37	1.47
D9	Sample 45	2	1	14	96500	36.96	1.48
D9	Sample 45	2	1	15	101500	37	1.47
D10	Sample 46	2	1	1	31490	37	1.51
D10	Sample 46	2	1	2	36490	37	1.50
D10	Sample 46	2	1	3	41500	36.96	1.50
D10	Sample 46	2	1	4	46490	36.96	1.51
D10	Sample 46	2	1	5	51500	37	1.50
D10	Sample 46	2	1	6	56510	36.96	1.50
D10	Sample 46	2	1	7	61500	36.96	1.50
D10	Sample 46	2	1	8	66500	37	1.50
D10	Sample 46	2	1	9	71510	37	1.50
D10	Sample 46	2	1	10	76510	37	1.51
D10	Sample 46	2	1	11	81500	37	1.50
D10	Sample 46	2	1	12	86500	37	1.50
D10	Sample 46	2	1	13	91500	37	1.51
D10	Sample 46	2	1	14	96500	36.96	1.51
D10	Sample 46	2	1	15	101500	37	1.51
D11	Sample 47	2	1	1	31490	37	1.49
D11	Sample 47	2	1	2	36490	37	1.49
D11	Sample 47	2	1	3	41500	36.96	1.49
D11	Sample 47	2	1	4	46490	36.96	1.49
D11	Sample 47	2	1	5	51500	37	1.49
D11	Sample 47	2	1	6	56510	36.96	1.49
D11	Sample 47	2	1	7	61500	36.96	1.48
D11	Sample 47	2	1	8	66500	37	1.49
D11	Sample 47	2	1	9	71510	37	1.48
D11	Sample 47	2	1	10	76510	37	1.48
D11	Sample 47	2	1	11	81500	37	1.48
D11	Sample 47	2	1	12	86500	37	1.48
D11	Sample 47	2	1	13	91500	37	1.48
D11	Sample 47	2	1	14	96500	36.96	1.48
D11	Sample 47	2	1	15	101500	37	1.48
D12	Sample 48	2	1	1	31490	37	1.36
D12	Sample 48	2	1	2	36490	37	1.35
D12	Sample 48	2	1	3	41500	36.96	1.35
D12	Sample 48	2	1	4	46490	36.96	1.36
D12	Sample 48	2	1	5	51500	37	1.35
D12	Sample 48	2	1	6	56510	36.96	1.36
D12	Sample 48	2	1	7	61500	36.96	1.35
D12	Sample 48	2	1	8	66500	37	1.35
D12	Sample 48	2	1	9	71510	37	1.35
D12	Sample 48	2	1	10	76510	37	1.35
D12	Sample 48	2	1	11	81500	37	1.35
D12	Sample 48	2	1	12	86500	37	1.35
D12	Sample 48	2	1	13	91500	37	1.35
D12	Sample 48	2	1	14	96500	36.96	1.36
D12	Sample 48	2	1	15	101500	37	1.35
E1	Sample 49	2	1	1	31490	37	1.11
E1	Sample 49	2	1	2	36490	37	1.10
E1	Sample 49	2	1	3	41500	36.96	1.09
E1	Sample 49	2	1	4	46490	36.96	1.10
E1	Sample 49	2	1	5	51500	37	1.10
E1	Sample 49	2	1	6	56510	36.96	1.10
E1	Sample 49	2	1	7	61500	36.96	1.10
E1	Sample 49	2	1	8	66500	37	1.11
E1	Sample 49	2	1	9	71510	37	1.10
E1	Sample 49	2	1	10	76510	37	1.11
E1	Sample 49	2	1	11	81500	37	1.11
E1	Sample 49	2	1	12	86500	37	1.10
E1	Sample 49	2	1	13	91500	37	1.10
E1	Sample 49	2	1	14	96500	36.96	1.10
E1	Sample 49	2	1	15	101500	37	1.10
E2	Sample 50	2	1	1	31490	37	1.29
E2	Sample 50	2	1	2	36490	37	1.29
E2	Sample 50	2	1	3	41500	36.96	1.29
E2	Sample 50	2	1	4	46490	36.96	1.29
E2	Sample 50	2	1	5	51500	37	1.29
E2	Sample 50	2	1	6	56510	36.96	1.28
E2	Sample 50	2	1	7	61500	36.96	1.28
E2	Sample 50	2	1	8	66500	37	1.28
E2	Sample 50	2	1	9	71510	37	1.28
E2	Sample 50	2	1	10	76510	37	1.28
E2	Sample 50	2	1	11	81500	37	1.29
E2	Sample 50	2	1	12	86500	37	1.28
E2	Sample 50	2	1	13	91500	37	1.28
E2	Sample 50	2	1	14	96500	36.96	1.27
E2	Sample 50	2	1	15	101500	37	1.28
E3	Sample 51	2	1	1	31490	37	1.15
E3	Sample 51	2	1	2	36490	37	1.15
E3	Sample 51	2	1	3	41500	36.96	1.14
E3	Sample 51	2	1	4	46490	36.96	1.15
E3	Sample 51	2	1	5	51500	37	1.15
E3	Sample 51	2	1	6	56510	36.96	1.15
E3	Sample 51	2	1	7	61500	36.96	1.15
E3	Sample 51	2	1	8	66500	37	1.15
E3	Sample 51	2	1	9	71510	37	1.15
E3	Sample 51	2	1	10	76510	37	1.15
E3	Sample 51	2	1	11	81500	37	1.15
E3	Sample 51	2	1	12	86500	37	1.15
E3	Sample 51	2	1	13	91500	37	1.15
E3	Sample 51	2	1	14	96500	36.96	1.15
E3	Sample 51	2	1	15	101500	37	1.15
E4	Sample 52	2	1	1	31490	37	1.20
E4	Sample 52	2	1	2	36490	37	1.19
E4	Sample 52	2	1	3	41500	36.96	1.18
E4	Sample 52	2	1	4	46490	36.96	1.19
E4	Sample 52	2	1	5	51500	37	1.20
E4	Sample 52	2	1	6	56510	36.96	1.19
E4	Sample 52	2	1	7	61500	36.96	1.18
E4	Sample 52	2	1	8	66500	37	1.18
E4	Sample 52	2	1	9	71510	37	1.18
E4	Sample 52	2	1	10	76510	37	1.18
E4	Sample 52	2	1	11	81500	37	1.19
E4	Sample 52	2	1	12	86500	37	1.18
E4	Sample 52	2	1	13	91500	37	1.18
E4	Sample 52	2	1	14	96500	36.96	1.18
E4	Sample 52	2	1	15	101500	37	1.18
E5	Sample 53	2	1	1	31490	37	1.83
E5	Sample 53	2	1	2	36490	37	1.82
E5	Sample 53	2	1	3	41500	36.96	1.82
E5	Sample 53	2	1	4	46490	36.96	1.83
E5	Sample 53	2	1	5	51500	37	1.82
E5	Sample 53	2	1	6	56510	36.96	1.83
E5	Sample 53	2	1	7	61500	36.96	1.81
E5	Sample 53	2	1	8	66500	37	1.82
E5	Sample 53	2	1	9	71510	37	1.82
E5	Sample 53	2	1	10	76510	37	1.81
E5	Sample 53	2	1	11	81500	37	1.81
E5	Sample 53	2	1	12	86500	37	1.81
E5	Sample 53	2	1	13	91500	37	1.81
E5	Sample 53	2	1	14	96500	36.96	1.80
E5	Sample 53	2	1	15	101500	37	1.81
E6	Sample 54	2	1	1	31490	37	1.75
E6	Sample 54	2	1	2	36490	37	1.74
E6	Sample 54	2	1	3	41500	36.96	1.74
E6	Sample 54	2	1	4	46490	36.96	1.74
E6	Sample 54	2	1	5	51500	37	1.74
E6	Sample 54	2	1	6	56510	36.96	1.74
E6	Sample 54	2	1	7	61500	36.96	1.74
E6	Sample 54	2	1	8	66500	37	1.74
E6	Sample 54	2	1	9	71510	37	1.73
E6	Sample 54	2	1	10	76510	37	1.73
E6	Sample 54	2	1	11	81500	37	1.73
E6	Sample 54	2	1	12	86500	37	1.72
E6	Sample 54	2	1	13	91500	37	1.72
E6	Sample 54	2	1	14	96500	36.96	1.73
E6	Sample 54	2	1	15	101500	37	1.72
E7	Sample 55	2	1	1	31490	37	2.09
E7	Sample 55	2	1	2	36490	37	2.08
E7	Sample 55	2	1	3	41500	36.96	2.08
E7	Sample 55	2	1	4	46490	36.96	2.09
E7	Sample 55	2	1	5	51500	37	2.09
E7	Sample 55	2	1	6	56510	36.96	2.08
E7	Sample 55	2	1	7	61500	36.96	2.07
E7	Sample 55	2	1	8	66500	37	2.07
E7	Sample 55	2	1	9	71510	37	2.06
E7	Sample 55	2	1	10	76510	37	2.07
E7	Sample 55	2	1	11	81500	37	2.07
E7	Sample 55	2	1	12	86500	37	2.07
E7	Sample 55	2	1	13	91500	37	2.06
E7	Sample 55	2	1	14	96500	36.96	2.06
E7	Sample 55	2	1	15	101500	37	2.06
E8	Sample 56	2	1	1	31490	37	2.03
E8	Sample 56	2	1	2	36490	37	2.03
E8	Sample 56	2	1	3	41500	36.96	2.02
E8	Sample 56	2	1	4	46490	36.96	2.03
E8	Sample 56	2	1	5	51500	37	2.03
E8	Sample 56	2	1	6	56510	36.96	2.03
E8	Sample 56	2	1	7	61500	36.96	2.01
E8	Sample 56	2	1	8	66500	37	2.02
E8	Sample 56	2	1	9	71510	37	2.00
E8	Sample 56	2	1	10	76510	37	2.01
E8	Sample 56	2	1	11	81500	37	2.02
E8	Sample 56	2	1	12	86500	37	2.01
E8	Sample 56	2	1	13	91500	37	2.00
E8	Sample 56	2	1	14	96500	36.96	2.00
E8	Sample 56	2	1	15	101500	37	2.00
E9	Sample 57	2	1	1	31490	37	1.43
E9	Sample 57	2	1	2	36490	37	1.43
E9	Sample 57	2	1	3	41500	36.96	1.43
E9	Sample 57	2	1	4	46490	36.96	1.42
E9	Sample 57	2	1	5	51500	37	1.43
E9	Sample 57	2	1	6	56510	36.96	1.43
E9	Sample 57	2	1	7	61500	36.96	1.43
E9	Sample 57	2	1	8	66500	37	1.43
E9	Sample 57	2	1	9	71510	37	1.41
E9	Sample 57	2	1	10	76510	37	1.42
E9	Sample 57	2	1	11	81500	37	1.42
E9	Sample 57	2	1	12	86500	37	1.42
E9	Sample 57	2	1	13	91500	37	1.41
E9	Sample 57	2	1	14	96500	36.96	1.41
E9	Sample 57	2	1	15	101500	37	1.41
E10	Sample 58	2	1	1	31490	37	1.50
E10	Sample 58	2	1	2	36490	37	1.50
E10	Sample 58	2	1	3	41500	36.96	1.49
E10	Sample 58	2	1	4	46490	36.96	1.50
E10	Sample 58	2	1	5	51500	37	1.50
E10	Sample 58	2	1	6	56510	36.96	1.50
E10	Sample 58	2	1	7	61500	36.96	1.49
E10	Sample 58	2	1	8	66500	37	1.50
E10	Sample 58	2	1	9	71510	37	1.49
E10	Sample 58	2	1	10	76510	37	1.49
E10	Sample 58	2	1	11	81500	37	1.49
E10	Sample 58	2	1	12	86500	37	1.49
E10	Sample 58	2	1	13	91500	37	1.48
E10	Sample 58	2	1	14	96500	36.96	1.48
E10	Sample 58	2	1	15	101500	37	1.48
E11	Sample 59	2	1	1	31490	37	1.46
E11	Sample 59	2	1	2	36490	37	1.46
E11	Sample 59	2	1	3	41500	36.96	1.46
E11	Sample 59	2	1	4	46490	36.96	1.46
E11	Sample 59	2	1	5	51500	37	1.46
E11	Sample 59	2	1	6	56510	36.96	1.46
E11	Sample 59	2	1	7	61500	36.96	1.46
E11	Sample 59	2	1	8	66500	37	1.46
E11	Sample 59	2	1	9	71510	37	1.46
E11	Sample 59	2	1	10	76510	37	1.46
E11	Sample 59	2	1	11	81500	37	1.46
E11	Sample 59	2	1	12	86500	37	1.45
E11	Sample 59	2	1	13	91500	37	1.45
E11	Sample 59	2	1	14	96500	36.96	1.45
E11	Sample 59	2	1	15	101500	37	1.45
E12	Sample 60	2	1	1	31490	37	1.32
E12	Sample 60	2	1	2	36490	37	1.31
E12	Sample 60	2	1	3	41500	36.96	1.31
E12	Sample 60	2	1	4	46490	36.96	1.31
E12	Sample 60	2	1	5	51500	37	1.31
E12	Sample 60	2	1	6	56510	36.96	1.31
E12	Sample 60	2	1	7	61500	36.96	1.31
E12	Sample 60	2	1	8	66500	37	1.32
E12	Sample 60	2	1	9	71510	37	1.30
E12	Sample 60	2	1	10	76510	37	1.31
E12	Sample 60	2	1	11	81500	37	1.31
E12	Sample 60	2	1	12	86500	37	1.31
E12	Sample 60	2	1	13	91500	37	1.31
E12	Sample 60	2	1	14	96500	36.96	1.31
E12	Sample 60	2	1	15	101500	37	1.30
F1	Sample 61	2	1	1	31490	37	1.11
F1	Sample 61	2	1	2	36490	37	1.11
F1	Sample 61	2	1	3	41500	36.96	1.11
F1	Sample 61	2	1	4	46490	36.96	1.11
F1	Sample 61	2	1	5	51500	37	1.11
F1	Sample 61	2	1	6	56510	36.96	1.11
F1	Sample 61	2	1	7	61500	36.96	1.10
F1	Sample 61	2	1	8	66500	37	1.10
F1	Sample 61	2	1	9	71510	37	1.11
F1	Sample 61	2	1	10	76510	37	1.11
F1	Sample 61	2	1	11	81500	37	1.11
F1	Sample 61	2	1	12	86500	37	1.10
F1	Sample 61	2	1	13	91500	37	1.10
F1	Sample 61	2	1	14	96500	36.96	1.11
F1	Sample 61	2	1	15	101500	37	1.10
F2	Sample 62	2	1	1	31490	37	1.30
F2	Sample 62	2	1	2	36490	37	1.30
F2	Sample 62	2	1	3	41500	36.96	1.29
F2	Sample 62	2	1	4	46490	36.96	1.29
F2	Sample 62	2	1	5	51500	37	1.30
F2	Sample 62	2	1	6	56510	36.96	1.30
F2	Sample 62	2	1	7	61500	36.96	1.29
F2	Sample 62	2	1	8	66500	37	1.29
F2	Sample 62	2	1	9	71510	37	1.29
F2	Sample 62	2	1	10	76510	37	1.30
F2	Sample 62	2	1	11	81500	37	1.29
F2	Sample 62	2	1	12	86500	37	1.29
F2	Sample 62	2	1	13	91500	37	1.29
F2	Sample 62	2	1	14	96500	36.96	1.29
F2	Sample 62	2	1	15	101500	37	1.29
F3	Sample 63	2	1	1	31490	37	1.23
F3	Sample 63	2	1	2	36490	37	1.22
F3	Sample 63	2	1	3	41500	36.96	1.22
F3	Sample 63	2	1	4	46490	36.96	1.23
F3	Sample 63	2	1	5	51500	37	1.23
F3	Sample 63	2	1	6	56510	36.96	1.23
F3	Sample 63	2	1	7	61500	36.96	1.22
F3	Sample 63	2	1	8	66500	37	1.22
F3	Sample 63	2	1	9	71510	37	1.22
F3	Sample 63	2	1	10	76510	37	1.23
F3	Sample 63	2	1	11	81500	37	1.23
F3	Sample 63	2	1	12	86500	37	1.22
F3	Sample 63	2	1	13	91500	37	1.22
F3	Sample 63	2	1	14	96500	36.96	1.22
F3	Sample 63	2	1	15	101500	37	1.22
F4	Sample 64	2	1	1	31490	37	1.22
F4	Sample 64	2	1	2	36490	37	1.21
F4	Sample 64	2	1	3	41500	36.96	1.21
F4	Sample 64	2	1	4	46490	36.96	1.22
F4	Sample 64	2	1	5	51500	37	1.22
F4	Sample 64	2	1	6	56510	36.96	1.22
F4	Sample 64	2	1	7	61500	36.96	1.21
F4	Sample 64	2	1	8	66500	37	1.22
F4	Sample 64	2	1	9	71510	37	1.21
F4	Sample 64	2	1	10	76510	37	1.22
F4	Sample 64	2	1	11	81500	37	1.21
F4	Sample 64	2	1	12	86500	37	1.21
F4	Sample 64	2	1	13	91500	37	1.21
F4	Sample 64	2	1	14	96500	36.96	1.21
F4	Sample 64	2	1	15	101500	37	1.21
F5	Sample 65	2	1	1	31490	37	2.33
F5	Sample 65	2	1	2	36490	37	2.31
F5	Sample 65	2	1	3	41500	36.96	2.31
F5	Sample 65	2	1	4	46490	36.96	2.32
F5	Sample 65	2	1	5	51500	37	2.32
F5	Sample 65	2	1	6	56510	36.96	2.32
F5	Sample 65	2	1	7	61500	36.96	2.31
F5	Sample 65	2	1	8	66500	37	2.31
F5	Sample 65	2	1	9	71510	37	2.31
F5	Sample 65	2	1	10	76510	37	2.31
F5	Sample 65	2	1	11	81500	37	2.30
F5	Sample 65	2	1	12	86500	37	2.30
F5	Sample 65	2	1	13	91500	37	2.30
F5	Sample 65	2	1	14	96500	36.96	2.29
F5	Sample 65	2	1	15	101500	37	2.30
F6	Sample 66	2	1	1	31490	37	2.27
F6	Sample 66	2	1	2	36490	37	2.25
F6	Sample 66	2	1	3	41500	36.96	2.26
F6	Sample 66	2	1	4	46490	36.96	2.26
F6	Sample 66	2	1	5	51500	37	2.27
F6	Sample 66	2	1	6	56510	36.96	2.25
F6	Sample 66	2	1	7	61500	36.96	2.26
F6	Sample 66	2	1	8	66500	37	2.25
F6	Sample 66	2	1	9	71510	37	2.25
F6	Sample 66	2	1	10	76510	37	2.26
F6	Sample 66	2	1	11	81500	37	2.24
F6	Sample 66	2	1	12	86500	37	2.24
F6	Sample 66	2	1	13	91500	37	2.25
F6	Sample 66	2	1	14	96500	36.96	2.25
F6	Sample 66	2	1	15	101500	37	2.24
F7	Sample 67	2	1	1	31490	37	2.34
F7	Sample 67	2	1	2	36490	37	2.34
F7	Sample 67	2	1	3	41500	36.96	2.33
F7	Sample 67	2	1	4	46490	36.96	2.33
F7	Sample 67	2	1	5	51500	37	2.33
F7	Sample 67	2	1	6	56510	36.96	2.33
F7	Sample 67	2	1	7	61500	36.96	2.32
F7	Sample 67	2	1	8	66500	37	2.32
F7	Sample 67	2	1	9	71510	37	2.32
F7	Sample 67	2	1	10	76510	37	2.32
F7	Sample 67	2	1	11	81500	37	2.33
F7	Sample 67	2	1	12	86500	37	2.32
F7	Sample 67	2	1	13	91500	37	2.32
F7	Sample 67	2	1	14	96500	36.96	2.31
F7	Sample 67	2	1	15	101500	37	2.31
F8	Sample 68	2	1	1	31490	37	2.33
F8	Sample 68	2	1	2	36490	37	2.32
F8	Sample 68	2	1	3	41500	36.96	2.32
F8	Sample 68	2	1	4	46490	36.96	2.32
F8	Sample 68	2	1	5	51500	37	2.32
F8	Sample 68	2	1	6	56510	36.96	2.32
F8	Sample 68	2	1	7	61500	36.96	2.32
F8	Sample 68	2	1	8	66500	37	2.32
F8	Sample 68	2	1	9	71510	37	2.31
F8	Sample 68	2	1	10	76510	37	2.33
F8	Sample 68	2	1	11	81500	37	2.32
F8	Sample 68	2	1	12	86500	37	2.31
F8	Sample 68	2	1	13	91500	37	2.31
F8	Sample 68	2	1	14	96500	36.96	2.32
F8	Sample 68	2	1	15	101500	37	2.31
F9	Sample 69	2	1	1	31490	37	1.49
F9	Sample 69	2	1	2	36490	37	1.48
F9	Sample 69	2	1	3	41500	36.96	1.47
F9	Sample 69	2	1	4	46490	36.96	1.48
F9	Sample 69	2	1	5	51500	37	1.48
F9	Sample 69	2	1	6	56510	36.96	1.47
F9	Sample 69	2	1	7	61500	36.96	1.48
F9	Sample 69	2	1	8	66500	37	1.47
F9	Sample 69	2	1	9	71510	37	1.47
F9	Sample 69	2	1	10	76510	37	1.48
F9	Sample 69	2	1	11	81500	37	1.48
F9	Sample 69	2	1	12	86500	37	1.47
F9	Sample 69	2	1	13	91500	37	1.47
F9	Sample 69	2	1	14	96500	36.96	1.47
F9	Sample 69	2	1	15	101500	37	1.47
F10	Sample 70	2	1	1	31490	37	1.51
F10	Sample 70	2	1	2	36490	37	1.51
F10	Sample 70	2	1	3	41500	36.96	1.51
F10	Sample 70	2	1	4	46490	36.96	1.51
F10	Sample 70	2	1	5	51500	37	1.50
F10	Sample 70	2	1	6	56510	36.96	1.50
F10	Sample 70	2	1	7	61500	36.96	1.51
F10	Sample 70	2	1	8	66500	37	1.51
F10	Sample 70	2	1	9	71510	37	1.52
F10	Sample 70	2	1	10	76510	37	1.52
F10	Sample 70	2	1	11	81500	37	1.52
F10	Sample 70	2	1	12	86500	37	1.51
F10	Sample 70	2	1	13	91500	37	1.52
F10	Sample 70	2	1	14	96500	36.96	1.51
F10	Sample 70	2	1	15	101500	37	1.51
F11	Sample 71	2	1	1	31490	37	1.47
F11	Sample 71	2	1	2	36490	37	1.47
F11	Sample 71	2	1	3	41500	36.96	1.46
F11	Sample 71	2	1	4	46490	36.96	1.47
F11	Sample 71	2	1	5	51500	37	1.47
F11	Sample 71	2	1	6	56510	36.96	1.46
F11	Sample 71	2	1	7	61500	36.96	1.46
F11	Sample 71	2	1	8	66500	37	1.46
F11	Sample 71	2	1	9	71510	37	1.46
F11	Sample 71	2	1	10	76510	37	1.46
F11	Sample 71	2	1	11	81500	37	1.47
F11	Sample 71	2	1	12	86500	37	1.46
F11	Sample 71	2	1	13	91500	37	1.46
F11	Sample 71	2	1	14	96500	36.96	1.45
F11	Sample 71	2	1	15	101500	37	1.46
F12	Sample 72	2	1	1	31490	37	1.34
F12	Sample 72	2	1	2	36490	37	1.34
F12	Sample 72	2	1	3	41500	36.96	1.34
F12	Sample 72	2	1	4	46490	36.96	1.33
F12	Sample 72	2	1	5	51500	37	1.33
F12	Sample 72	2	1	6	56510	36.96	1.33
F12	Sample 72	2	1	7	61500	36.96	1.33
F12	Sample 72	2	1	8	66500	37	1.33
F12	Sample 72	2	1	9	71510	37	1.33
F12	Sample 72	2	1	10	76510	37	1.34
F12	Sample 72	2	1	11	81500	37	1.34
F12	Sample 72	2	1	12	86500	37	1.33
F12	Sample 72	2	1	13	91500	37	1.33
F12	Sample 72	2	1	14	96500	36.96	1.33
F12	Sample 72	2	1	15	101500	37	1.33
G1	Sample 73	2	1	1	31490	37	1.10
G1	Sample 73	2	1	2	36490	37	1.09
G1	Sample 73	2	1	3	41500	36.96	1.09
G1	Sample 73	2	1	4	46490	36.96	1.10
G1	Sample 73	2	1	5	51500	37	1.09
G1	Sample 73	2	1	6	56510	36.96	1.10
G1	Sample 73	2	1	7	61500	36.96	1.10
G1	Sample 73	2	1	8	66500	37	1.10
G1	Sample 73	2	1	9	71510	37	1.09
G1	Sample 73	2	1	10	76510	37	1.10
G1	Sample 73	2	1	11	81500	37	1.10
G1	Sample 73	2	1	12	86500	37	1.09
G1	Sample 73	2	1	13	91500	37	1.09
G1	Sample 73	2	1	14	96500	36.96	1.10
G1	Sample 73	2	1	15	101500	37	1.09
G2	Sample 74	2	1	1	31490	37	1.35
G2	Sample 74	2	1	2	36490	37	1.34
G2	Sample 74	2	1	3	41500	36.96	1.35
G2	Sample 74	2	1	4	46490	36.96	1.35
G2	Sample 74	2	1	5	51500	37	1.35
G2	Sample 74	2	1	6	56510	36.96	1.34
G2	Sample 74	2	1	7	61500	36.96	1.34
G2	Sample 74	2	1	8	66500	37	1.34
G2	Sample 74	2	1	9	71510	37	1.34
G2	Sample 74	2	1	10	76510	37	1.34
G2	Sample 74	2	1	11	81500	37	1.34
G2	Sample 74	2	1	12	86500	37	1.34
G2	Sample 74	2	1	13	91500	37	1.33
G2	Sample 74	2	1	14	96500	36.96	1.34
G2	Sample 74	2	1	15	101500	37	1.34
G3	Sample 75	2	1	1	31490	37	1.24
G3	Sample 75	2	1	2	36490	37	1.23
G3	Sample 75	2	1	3	41500	36.96	1.23
G3	Sample 75	2	1	4	46490	36.96	1.22
G3	Sample 75	2	1	5	51500	37	1.23
G3	Sample 75	2	1	6	56510	36.96	1.23
G3	Sample 75	2	1	7	61500	36.96	1.23
G3	Sample 75	2	1	8	66500	37	1.22
G3	Sample 75	2	1	9	71510	37	1.22
G3	Sample 75	2	1	10	76510	37	1.22
G3	Sample 75	2	1	11	81500	37	1.23
G3	Sample 75	2	1	12	86500	37	1.22
G3	Sample 75	2	1	13	91500	37	1.23
G3	Sample 75	2	1	14	96500	36.96	1.22
G3	Sample 75	2	1	15	101500	37	1.22
G4	Sample 76	2	1	1	31490	37	1.24
G4	Sample 76	2	1	2	36490	37	1.22
G4	Sample 76	2	1	3	41500	36.96	1.22
G4	Sample 76	2	1	4	46490	36.96	1.23
G4	Sample 76	2	1	5	51500	37	1.23
G4	Sample 76	2	1	6	56510	36.96	1.23
G4	Sample 76	2	1	7	61500	36.96	1.23
G4	Sample 76	2	1	8	66500	37	1.23
G4	Sample 76	2	1	9	71510	37	1.23
G4	Sample 76	2	1	10	76510	37	1.22
G4	Sample 76	2	1	11	81500	37	1.23
G4	Sample 76	2	1	12	86500	37	1.21
G4	Sample 76	2	1	13	91500	37	1.22
G4	Sample 76	2	1	14	96500	36.96	1.22
G4	Sample 76	2	1	15	101500	37	1.22
G5	Sample 77	2	1	1	31490	37	2.66
G5	Sample 77	2	1	2	36490	37	2.65
G5	Sample 77	2	1	3	41500	36.96	2.65
G5	Sample 77	2	1	4	46490	36.96	2.67
G5	Sample 77	2	1	5	51500	37	2.66
G5	Sample 77	2	1	6	56510	36.96	2.65
G5	Sample 77	2	1	7	61500	36.96	2.65
G5	Sample 77	2	1	8	66500	37	2.65
G5	Sample 77	2	1	9	71510	37	2.64
G5	Sample 77	2	1	10	76510	37	2.64
G5	Sample 77	2	1	11	81500	37	2.65
G5	Sample 77	2	1	12	86500	37	2.64
G5	Sample 77	2	1	13	91500	37	2.64
G5	Sample 77	2	1	14	96500	36.96	2.65
G5	Sample 77	2	1	15	101500	37	2.63
G6	Sample 78	2	1	1	31490	37	2.57
G6	Sample 78	2	1	2	36490	37	2.56
G6	Sample 78	2	1	3	41500	36.96	2.57
G6	Sample 78	2	1	4	46490	36.96	2.57
G6	Sample 78	2	1	5	51500	37	2.57
G6	Sample 78	2	1	6	56510	36.96	2.56
G6	Sample 78	2	1	7	61500	36.96	2.57
G6	Sample 78	2	1	8	66500	37	2.57
G6	Sample 78	2	1	9	71510	37	2.56
G6	Sample 78	2	1	10	76510	37	2.56
G6	Sample 78	2	1	11	81500	37	2.56
G6	Sample 78	2	1	12	86500	37	2.56
G6	Sample 78	2	1	13	91500	37	2.56
G6	Sample 78	2	1	14	96500	36.96	2.56
G6	Sample 78	2	1	15	101500	37	2.56
G7	Sample 79	2	1	1	31490	37	2.54
G7	Sample 79	2	1	2	36490	37	2.54
G7	Sample 79	2	1	3	41500	36.96	2.54
G7	Sample 79	2	1	4	46490	36.96	2.54
G7	Sample 79	2	1	5	51500	37	2.53
G7	Sample 79	2	1	6	56510	36.96	2.53
G7	Sample 79	2	1	7	61500	36.96	2.53
G7	Sample 79	2	1	8	66500	37	2.53
G7	Sample 79	2	1	9	71510	37	2.52
G7	Sample 79	2	1	10	76510	37	2.53
G7	Sample 79	2	1	11	81500	37	2.52
G7	Sample 79	2	1	12	86500	37	2.52
G7	Sample 79	2	1	13	91500	37	2.53
G7	Sample 79	2	1	14	96500	36.96	2.52
G7	Sample 79	2	1	15	101500	37	2.51
G8	Sample 80	2	1	1	31490	37	2.50
G8	Sample 80	2	1	2	36490	37	2.48
G8	Sample 80	2	1	3	41500	36.96	2.49
G8	Sample 80	2	1	4	46490	36.96	2.50
G8	Sample 80	2	1	5	51500	37	2.49
G8	Sample 80	2	1	6	56510	36.96	2.49
G8	Sample 80	2	1	7	61500	36.96	2.48
G8	Sample 80	2	1	8	66500	37	2.48
G8	Sample 80	2	1	9	71510	37	2.48
G8	Sample 80	2	1	10	76510	37	2.48
G8	Sample 80	2	1	11	81500	37	2.48
G8	Sample 80	2	1	12	86500	37	2.48
G8	Sample 80	2	1	13	91500	37	2.48
G8	Sample 80	2	1	14	96500	36.96	2.49
G8	Sample 80	2	1	15	101500	37	2.48
G9	Sample 81	2	1	1	31490	37	1.39
G9	Sample 81	2	1	2	36490	37	1.39
G9	Sample 81	2	1	3	41500	36.96	1.39
G9	Sample 81	2	1	4	46490	36.96	1.38
G9	Sample 81	2	1	5	51500	37	1.39
G9	Sample 81	2	1	6	56510	36.96	1.39
G9	Sample 81	2	1	7	61500	36.96	1.39
G9	Sample 81	2	1	8	66500	37	1.38
G9	Sample 81	2	1	9	71510	37	1.37
G9	Sample 81	2	1	10	76510	37	1.38
G9	Sample 81	2	1	11	81500	37	1.39
G9	Sample 81	2	1	12	86500	37	1.37
G9	Sample 81	2	1	13	91500	37	1.37
G9	Sample 81	2	1	14	96500	36.96	1.38
G9	Sample 81	2	1	15	101500	37	1.38
G10	Sample 82	2	1	1	31490	37	1.44
G10	Sample 82	2	1	2	36490	37	1.43
G10	Sample 82	2	1	3	41500	36.96	1.42
G10	Sample 82	2	1	4	46490	36.96	1.43
G10	Sample 82	2	1	5	51500	37	1.44
G10	Sample 82	2	1	6	56510	36.96	1.43
G10	Sample 82	2	1	7	61500	36.96	1.44
G10	Sample 82	2	1	8	66500	37	1.43
G10	Sample 82	2	1	9	71510	37	1.43
G10	Sample 82	2	1	10	76510	37	1.44
G10	Sample 82	2	1	11	81500	37	1.44
G10	Sample 82	2	1	12	86500	37	1.43
G10	Sample 82	2	1	13	91500	37	1.43
G10	Sample 82	2	1	14	96500	36.96	1.43
G10	Sample 82	2	1	15	101500	37	1.43
G11	Sample 83	2	1	1	31490	37	1.40
G11	Sample 83	2	1	2	36490	37	1.40
G11	Sample 83	2	1	3	41500	36.96	1.40
G11	Sample 83	2	1	4	46490	36.96	1.40
G11	Sample 83	2	1	5	51500	37	1.40
G11	Sample 83	2	1	6	56510	36.96	1.40
G11	Sample 83	2	1	7	61500	36.96	1.40
G11	Sample 83	2	1	8	66500	37	1.40
G11	Sample 83	2	1	9	71510	37	1.39
G11	Sample 83	2	1	10	76510	37	1.40
G11	Sample 83	2	1	11	81500	37	1.39
G11	Sample 83	2	1	12	86500	37	1.40
G11	Sample 83	2	1	13	91500	37	1.39
G11	Sample 83	2	1	14	96500	36.96	1.40
G11	Sample 83	2	1	15	101500	37	1.39
G12	Sample 84	2	1	1	31490	37	1.23
G12	Sample 84	2	1	2	36490	37	1.22
G12	Sample 84	2	1	3	41500	36.96	1.22
G12	Sample 84	2	1	4	46490	36.96	1.22
G12	Sample 84	2	1	5	51500	37	1.23
G12	Sample 84	2	1	6	56510	36.96	1.23
G12	Sample 84	2	1	7	61500	36.96	1.23
G12	Sample 84	2	1	8	66500	37	1.22
G12	Sample 84	2	1	9	71510	37	1.22
G12	Sample 84	2	1	10	76510	37	1.22
G12	Sample 84	2	1	11	81500	37	1.23
G12	Sample 84	2	1	12	86500	37	1.22
G12	Sample 84	2	1	13	91500	37	1.22
G12	Sample 84	2	1	14	96500	36.96	1.23
G12	Sample 84	2	1	15	101500	37	1.22
H1	Sample 85	2	1	1	31490	37	1.04
H1	Sample 85	2	1	2	36490	37	1.04
H1	Sample 85	2	1	3	41500	36.96	1.04
H1	Sample 85	2	1	4	46490	36.96	1.05
H1	Sample 85	2	1	5	51500	37	1.05
H1	Sample 85	2	1	6	56510	36.96	1.04
H1	Sample 85	2	1	7	61500	36.96	1.04
H1	Sample 85	2	1	8	66500	37	1.04
H1	Sample 85	2	1	9	71510	37	1.04
H1	Sample 85	2	1	10	76510	37	1.05
H1	Sample 85	2	1	11	81500	37	1.04
H1	Sample 85	2	1	12	86500	37	1.04
H1	Sample 85	2	1	13	91500	37	1.04
H1	Sample 85	2	1	14	96500	36.96	1.05
H1	Sample 85	2	1	15	101500	37	1.04
H2	Sample 86	2	1	1	31490	37	1.23
H2	Sample 86	2	1	2	36490	37	1.23
H2	Sample 86	2	1	3	41500	36.96	1.22
H2	Sample 86	2	1	4	46490	36.96	1.22
H2	Sample 86	2	1	5	51500	37	1.23
H2	Sample 86	2	1	6	56510	36.96	1.22
H2	Sample 86	2	1	7	61500	36.96	1.22
H2	Sample 86	2	1	8	66500	37	1.21
H2	Sample 86	2	1	9	71510	37	1.22
H2	Sample 86	2	1	10	76510	37	1.23
H2	Sample 86	2	1	11	81500	37	1.23
H2	Sample 86	2	1	12	86500	37	1.22
H2	Sample 86	2	1	13	91500	37	1.22
H2	Sample 86	2	1	14	96500	36.96	1.23
H2	Sample 86	2	1	15	101500	37	1.22
H3	Sample 87	2	1	1	31490	37	1.20
H3	Sample 87	2	1	2	36490	37	1.20
H3	Sample 87	2	1	3	41500	36.96	1.19
H3	Sample 87	2	1	4	46490	36.96	1.19
H3	Sample 87	2	1	5	51500	37	1.20
H3	Sample 87	2	1	6	56510	36.96	1.20
H3	Sample 87	2	1	7	61500	36.96	1.20
H3	Sample 87	2	1	8	66500	37	1.20
H3	Sample 87	2	1	9	71510	37	1.20
H3	Sample 87	2	1	10	76510	37	1.20
H3	Sample 87	2	1	11	81500	37	1.21
H3	Sample 87	2	1	12	86500	37	1.20
H3	Sample 87	2	1	13	91500	37	1.20
H3	Sample 87	2	1	14	96500	36.96	1.20
H3	Sample 87	2	1	15	101500	37	1.19
H4	Sample 88	2	1	1	31490	37	1.19
H4	Sample 88	2	1	2	36490	37	1.19
H4	Sample 88	2	1	3	41500	36.96	1.19
H4	Sample 88	2	1	4	46490	36.96	1.20
H4	Sample 88	2	1	5	51500	37	1.20
H4	Sample 88	2	1	6	56510	36.96	1.20
H4	Sample 88	2	1	7	61500	36.96	1.20
H4	Sample 88	2	1	8	66500	37	1.20
H4	Sample 88	2	1	9	71510	37	1.20
H4	Sample 88	2	1	10	76510	37	1.20
H4	Sample 88	2	1	11	81500	37	1.20
H4	Sample 88	2	1	12	86500	37	1.19
H4	Sample 88	2	1	13	91500	37	1.20
H4	Sample 88	2	1	14	96500	36.96	1.20
H4	Sample 88	2	1	15	101500	37	1.19
H5	Sample 89	2	1	1	31490	37	2.61
H5	Sample 89	2	1	2	36490	37	2.59
H5	Sample 89	2	1	3	41500	36.96	2.58
H5	Sample 89	2	1	4	46490	36.96	2.59
H5	Sample 89	2	1	5	51500	37	2.59
H5	Sample 89	2	1	6	56510	36.96	2.59
H5	Sample 89	2	1	7	61500	36.96	2.59
H5	Sample 89	2	1	8	66500	37	2.59
H5	Sample 89	2	1	9	71510	37	2.59
H5	Sample 89	2	1	10	76510	37	2.60
H5	Sample 89	2	1	11	81500	37	2.59
H5	Sample 89	2	1	12	86500	37	2.59
H5	Sample 89	2	1	13	91500	37	2.58
H5	Sample 89	2	1	14	96500	36.96	2.60
H5	Sample 89	2	1	15	101500	37	2.59
H6	Sample 90	2	1	1	31490	37	2.58
H6	Sample 90	2	1	2	36490	37	2.58
H6	Sample 90	2	1	3	41500	36.96	2.58
H6	Sample 90	2	1	4	46490	36.96	2.57
H6	Sample 90	2	1	5	51500	37	2.59
H6	Sample 90	2	1	6	56510	36.96	2.58
H6	Sample 90	2	1	7	61500	36.96	2.58
H6	Sample 90	2	1	8	66500	37	2.58
H6	Sample 90	2	1	9	71510	37	2.58
H6	Sample 90	2	1	10	76510	37	2.58
H6	Sample 90	2	1	11	81500	37	2.58
H6	Sample 90	2	1	12	86500	37	2.58
H6	Sample 90	2	1	13	91500	37	2.57
H6	Sample 90	2	1	14	96500	36.96	2.58
H6	Sample 90	2	1	15	101500	37	2.57
H7	Sample 91	2	1	1	31490	37	2.55
H7	Sample 91	2	1	2	36490	37	2.56
H7	Sample 91	2	1	3	41500	36.96	2.55
H7	Sample 91	2	1	4	46490	36.96	2.56
H7	Sample 91	2	1	5	51500	37	2.55
H7	Sample 91	2	1	6	56510	36.96	2.55
H7	Sample 91	2	1	7	61500	36.96	2.55
H7	Sample 91	2	1	8	66500	37	2.56
H7	Sample 91	2	1	9	71510	37	2.55
H7	Sample 91	2	1	10	76510	37	2.56
H7	Sample 91	2	1	11	81500	37	2.56
H7	Sample 91	2	1	12	86500	37	2.55
H7	Sample 91	2	1	13	91500	37	2.55
H7	Sample 91	2	1	14	96500	36.96	2.56
H7	Sample 91	2	1	15	101500	37	2.54
H8	Sample 92	2	1	1	31490	37	2.50
H8	Sample 92	2	1	2	36490	37	2.49
H8	Sample 92	2	1	3	41500	36.96	2.48
H8	Sample 92	2	1	4	46490	36.96	2.50
H8	Sample 92	2	1	5	51500	37	2.49
H8	Sample 92	2	1	6	56510	36.96	2.49
H8	Sample 92	2	1	7	61500	36.96	2.49
H8	Sample 92	2	1	8	66500	37	2.49
H8	Sample 92	2	1	9	71510	37	2.49
H8	Sample 92	2	1	10	76510	37	2.49
H8	Sample 92	2	1	11	81500	37	2.50
H8	Sample 92	2	1	12	86500	37	2.49
H8	Sample 92	2	1	13	91500	37	2.49
H8	Sample 92	2	1	14	96500	36.96	2.49
H8	Sample 92	2	1	15	101500	37	2.49
H9	Sample 93	2	1	1	31490	37	1.30
H9	Sample 93	2	1	2	36490	37	1.30
H9	Sample 93	2	1	3	41500	36.96	1.30
H9	Sample 93	2	1	4	46490	36.96	1.30
H9	Sample 93	2	1	5	51500	37	1.30
H9	Sample 93	2	1	6	56510	36.96	1.30
H9	Sample 93	2	1	7	61500	36.96	1.30
H9	Sample 93	2	1	8	66500	37	1.30
H9	Sample 93	2	1	9	71510	37	1.30
H9	Sample 93	2	1	10	76510	37	1.30
H9	Sample 93	2	1	11	81500	37	1.30
H9	Sample 93	2	1	12	86500	37	1.30
H9	Sample 93	2	1	13	91500	37	1.30
H9	Sample 93	2	1	14	96500	36.96	1.30
H9	Sample 93	2	1	15	101500	37	1.30
H10	Sample 94	2	1	1	31490	37	1.29
H10	Sample 94	2	1	2	36490	37	1.29
H10	Sample 94	2	1	3	41500	36.96	1.29
H10	Sample 94	2	1	4	46490	36.96	1.28
H10	Sample 94	2	1	5	51500	37	1.29
H10	Sample 94	2	1	6	56510	36.96	1.29
H10	Sample 94	2	1	7	61500	36.96	1.29
H10	Sample 94	2	1	8	66500	37	1.28
H10	Sample 94	2	1	9	71510	37	1.29
H10	Sample 94	2	1	10	76510	37	1.29
H10	Sample 94	2	1	11	81500	37	1.29
H10	Sample 94	2	1	12	86500	37	1.29
H10	Sample 94	2	1	13	91500	37	1.29
H10	Sample 94	2	1	14	96500	36.96	1.30
H10	Sample 94	2	1	15	101500	37	1.30
H11	Sample 95	2	1	1	31490	37	1.28
H11	Sample 95	2	1	2	36490	37	1.28
H11	Sample 95	2	1	3	41500	36.96	1.27
H11	Sample 95	2	1	4	46490	36.96	1.27
H11	Sample 95	2	1	5	51500	37	1.27
H11	Sample 95	2	1	6	56510	36.96	1.28
H11	Sample 95	2	1	7	61500	36.96	1.27
H11	Sample 95	2	1	8	66500	37	1.27
H11	Sample 95	2	1	9	71510	37	1.27
H11	Sample 95	2	1	10	76510	37	1.28
H11	Sample 95	2	1	11	81500	37	1.28
H11	Sample 95	2	1	12	86500	37	1.27
H11	Sample 95	2	1	13	91500	37	1.27
H11	Sample 95	2	1	14	96500	36.96	1.28
H11	Sample 95	2	1	15	101500	37	1.27
H12	Sample 96	2	1	1	31490	37	1.22
H12	Sample 96	2	1	2	36490	37	1.22
H12	Sample 96	2	1	3	41500	36.96	1.22
H12	Sample 96	2	1	4	46490	36.96	1.22
H12	Sample 96	2	1	5	51500	37	1.23
H12	Sample 96	2	1	6	56510	36.96	1.22
H12	Sample 96	2	1	7	61500	36.96	1.22
H12	Sample 96	2	1	8	66500	37	1.22
H12	Sample 96	2	1	9	71510	37	1.22
H12	Sample 96	2	1	10	76510	37	1.22
H12	Sample 96	2	1	11	81500	37	1.22
H12	Sample 96	2	1	12	86500	37	1.22
H12	Sample 96	2	1	13	91500	37	1.22
H12	Sample 96	2	1	14	96500	36.96	1.24
H12	Sample 96	2	1	15	101500	37	1.22
