Raw Data 		Experiment - evIC50_11_plate6_24APRIL2026 (Run on LCS480 1.5.1.62)
SamplePos	SampleName	Prog#	Seg#	Cycle#	Time	Temp	465-510	
A1	Sample 1	2	1	1	32940	36.91	0.79
A1	Sample 1	2	1	2	37970	36.96	0.79
A1	Sample 1	2	1	3	42970	36.96	0.79
A1	Sample 1	2	1	4	47960	36.96	0.79
A1	Sample 1	2	1	5	52980	37	0.78
A1	Sample 1	2	1	6	57970	36.96	0.78
A1	Sample 1	2	1	7	62960	37	0.78
A1	Sample 1	2	1	8	67970	36.96	0.78
A1	Sample 1	2	1	9	72970	37	0.78
A1	Sample 1	2	1	10	77960	37	0.78
A1	Sample 1	2	1	11	82970	37	0.78
A1	Sample 1	2	1	12	87970	37	0.78
A1	Sample 1	2	1	13	92960	36.96	0.78
A1	Sample 1	2	1	14	97970	36.96	0.78
A1	Sample 1	2	1	15	102970	37	0.78
A2	Sample 2	2	1	1	32940	36.91	0.81
A2	Sample 2	2	1	2	37970	36.96	0.80
A2	Sample 2	2	1	3	42970	36.96	0.80
A2	Sample 2	2	1	4	47960	36.96	0.80
A2	Sample 2	2	1	5	52980	37	0.79
A2	Sample 2	2	1	6	57970	36.96	0.79
A2	Sample 2	2	1	7	62960	37	0.79
A2	Sample 2	2	1	8	67970	36.96	0.79
A2	Sample 2	2	1	9	72970	37	0.79
A2	Sample 2	2	1	10	77960	37	0.79
A2	Sample 2	2	1	11	82970	37	0.79
A2	Sample 2	2	1	12	87970	37	0.79
A2	Sample 2	2	1	13	92960	36.96	0.79
A2	Sample 2	2	1	14	97970	36.96	0.79
A2	Sample 2	2	1	15	102970	37	0.78
A3	Sample 3	2	1	1	32940	36.91	0.91
A3	Sample 3	2	1	2	37970	36.96	0.90
A3	Sample 3	2	1	3	42970	36.96	0.90
A3	Sample 3	2	1	4	47960	36.96	0.89
A3	Sample 3	2	1	5	52980	37	0.89
A3	Sample 3	2	1	6	57970	36.96	0.88
A3	Sample 3	2	1	7	62960	37	0.89
A3	Sample 3	2	1	8	67970	36.96	0.88
A3	Sample 3	2	1	9	72970	37	0.89
A3	Sample 3	2	1	10	77960	37	0.88
A3	Sample 3	2	1	11	82970	37	0.88
A3	Sample 3	2	1	12	87970	37	0.88
A3	Sample 3	2	1	13	92960	36.96	0.88
A3	Sample 3	2	1	14	97970	36.96	0.88
A3	Sample 3	2	1	15	102970	37	0.88
A4	Sample 4	2	1	1	32940	36.91	0.90
A4	Sample 4	2	1	2	37970	36.96	0.90
A4	Sample 4	2	1	3	42970	36.96	0.90
A4	Sample 4	2	1	4	47960	36.96	0.89
A4	Sample 4	2	1	5	52980	37	0.88
A4	Sample 4	2	1	6	57970	36.96	0.88
A4	Sample 4	2	1	7	62960	37	0.88
A4	Sample 4	2	1	8	67970	36.96	0.88
A4	Sample 4	2	1	9	72970	37	0.88
A4	Sample 4	2	1	10	77960	37	0.89
A4	Sample 4	2	1	11	82970	37	0.87
A4	Sample 4	2	1	12	87970	37	0.88
A4	Sample 4	2	1	13	92960	36.96	0.88
A4	Sample 4	2	1	14	97970	36.96	0.88
A4	Sample 4	2	1	15	102970	37	0.88
A5	Sample 5	2	1	1	32940	36.91	1.14
A5	Sample 5	2	1	2	37970	36.96	1.14
A5	Sample 5	2	1	3	42970	36.96	1.13
A5	Sample 5	2	1	4	47960	36.96	1.13
A5	Sample 5	2	1	5	52980	37	1.13
A5	Sample 5	2	1	6	57970	36.96	1.12
A5	Sample 5	2	1	7	62960	37	1.12
A5	Sample 5	2	1	8	67970	36.96	1.11
A5	Sample 5	2	1	9	72970	37	1.11
A5	Sample 5	2	1	10	77960	37	1.11
A5	Sample 5	2	1	11	82970	37	1.11
A5	Sample 5	2	1	12	87970	37	1.11
A5	Sample 5	2	1	13	92960	36.96	1.11
A5	Sample 5	2	1	14	97970	36.96	1.11
A5	Sample 5	2	1	15	102970	37	1.11
A6	Sample 6	2	1	1	32940	36.91	1.11
A6	Sample 6	2	1	2	37970	36.96	1.10
A6	Sample 6	2	1	3	42970	36.96	1.09
A6	Sample 6	2	1	4	47960	36.96	1.08
A6	Sample 6	2	1	5	52980	37	1.08
A6	Sample 6	2	1	6	57970	36.96	1.07
A6	Sample 6	2	1	7	62960	37	1.08
A6	Sample 6	2	1	8	67970	36.96	1.07
A6	Sample 6	2	1	9	72970	37	1.07
A6	Sample 6	2	1	10	77960	37	1.07
A6	Sample 6	2	1	11	82970	37	1.06
A6	Sample 6	2	1	12	87970	37	1.06
A6	Sample 6	2	1	13	92960	36.96	1.07
A6	Sample 6	2	1	14	97970	36.96	1.06
A6	Sample 6	2	1	15	102970	37	1.06
A7	Sample 7	2	1	1	32940	36.91	1.21
A7	Sample 7	2	1	2	37970	36.96	1.19
A7	Sample 7	2	1	3	42970	36.96	1.19
A7	Sample 7	2	1	4	47960	36.96	1.19
A7	Sample 7	2	1	5	52980	37	1.18
A7	Sample 7	2	1	6	57970	36.96	1.18
A7	Sample 7	2	1	7	62960	37	1.18
A7	Sample 7	2	1	8	67970	36.96	1.17
A7	Sample 7	2	1	9	72970	37	1.18
A7	Sample 7	2	1	10	77960	37	1.18
A7	Sample 7	2	1	11	82970	37	1.17
A7	Sample 7	2	1	12	87970	37	1.17
A7	Sample 7	2	1	13	92960	36.96	1.16
A7	Sample 7	2	1	14	97970	36.96	1.17
A7	Sample 7	2	1	15	102970	37	1.16
A8	Sample 8	2	1	1	32940	36.91	1.14
A8	Sample 8	2	1	2	37970	36.96	1.13
A8	Sample 8	2	1	3	42970	36.96	1.12
A8	Sample 8	2	1	4	47960	36.96	1.12
A8	Sample 8	2	1	5	52980	37	1.12
A8	Sample 8	2	1	6	57970	36.96	1.11
A8	Sample 8	2	1	7	62960	37	1.10
A8	Sample 8	2	1	8	67970	36.96	1.10
A8	Sample 8	2	1	9	72970	37	1.10
A8	Sample 8	2	1	10	77960	37	1.09
A8	Sample 8	2	1	11	82970	37	1.09
A8	Sample 8	2	1	12	87970	37	1.09
A8	Sample 8	2	1	13	92960	36.96	1.09
A8	Sample 8	2	1	14	97970	36.96	1.10
A8	Sample 8	2	1	15	102970	37	1.09
A9	Sample 9	2	1	1	32940	36.91	0.83
A9	Sample 9	2	1	2	37970	36.96	0.82
A9	Sample 9	2	1	3	42970	36.96	0.81
A9	Sample 9	2	1	4	47960	36.96	0.81
A9	Sample 9	2	1	5	52980	37	0.81
A9	Sample 9	2	1	6	57970	36.96	0.80
A9	Sample 9	2	1	7	62960	37	0.81
A9	Sample 9	2	1	8	67970	36.96	0.80
A9	Sample 9	2	1	9	72970	37	0.80
A9	Sample 9	2	1	10	77960	37	0.80
A9	Sample 9	2	1	11	82970	37	0.80
A9	Sample 9	2	1	12	87970	37	0.79
A9	Sample 9	2	1	13	92960	36.96	0.79
A9	Sample 9	2	1	14	97970	36.96	0.79
A9	Sample 9	2	1	15	102970	37	0.79
A10	Sample 10	2	1	1	32940	36.91	0.80
A10	Sample 10	2	1	2	37970	36.96	0.80
A10	Sample 10	2	1	3	42970	36.96	0.80
A10	Sample 10	2	1	4	47960	36.96	0.80
A10	Sample 10	2	1	5	52980	37	0.79
A10	Sample 10	2	1	6	57970	36.96	0.80
A10	Sample 10	2	1	7	62960	37	0.80
A10	Sample 10	2	1	8	67970	36.96	0.80
A10	Sample 10	2	1	9	72970	37	0.80
A10	Sample 10	2	1	10	77960	37	0.80
A10	Sample 10	2	1	11	82970	37	0.80
A10	Sample 10	2	1	12	87970	37	0.79
A10	Sample 10	2	1	13	92960	36.96	0.79
A10	Sample 10	2	1	14	97970	36.96	0.79
A10	Sample 10	2	1	15	102970	37	0.79
A11	Sample 11	2	1	1	32940	36.91	0.78
A11	Sample 11	2	1	2	37970	36.96	0.79
A11	Sample 11	2	1	3	42970	36.96	0.80
A11	Sample 11	2	1	4	47960	36.96	0.80
A11	Sample 11	2	1	5	52980	37	0.79
A11	Sample 11	2	1	6	57970	36.96	0.80
A11	Sample 11	2	1	7	62960	37	0.80
A11	Sample 11	2	1	8	67970	36.96	0.79
A11	Sample 11	2	1	9	72970	37	0.80
A11	Sample 11	2	1	10	77960	37	0.79
A11	Sample 11	2	1	11	82970	37	0.80
A11	Sample 11	2	1	12	87970	37	0.79
A11	Sample 11	2	1	13	92960	36.96	0.79
A11	Sample 11	2	1	14	97970	36.96	0.80
A11	Sample 11	2	1	15	102970	37	0.80
A12	Sample 12	2	1	1	32940	36.91	0.76
A12	Sample 12	2	1	2	37970	36.96	0.76
A12	Sample 12	2	1	3	42970	36.96	0.76
A12	Sample 12	2	1	4	47960	36.96	0.76
A12	Sample 12	2	1	5	52980	37	0.75
A12	Sample 12	2	1	6	57970	36.96	0.76
A12	Sample 12	2	1	7	62960	37	0.76
A12	Sample 12	2	1	8	67970	36.96	0.75
A12	Sample 12	2	1	9	72970	37	0.76
A12	Sample 12	2	1	10	77960	37	0.75
A12	Sample 12	2	1	11	82970	37	0.76
A12	Sample 12	2	1	12	87970	37	0.75
A12	Sample 12	2	1	13	92960	36.96	0.76
A12	Sample 12	2	1	14	97970	36.96	0.76
A12	Sample 12	2	1	15	102970	37	0.76
B1	Sample 13	2	1	1	32940	36.91	0.76
B1	Sample 13	2	1	2	37970	36.96	0.76
B1	Sample 13	2	1	3	42970	36.96	0.76
B1	Sample 13	2	1	4	47960	36.96	0.75
B1	Sample 13	2	1	5	52980	37	0.74
B1	Sample 13	2	1	6	57970	36.96	0.74
B1	Sample 13	2	1	7	62960	37	0.73
B1	Sample 13	2	1	8	67970	36.96	0.73
B1	Sample 13	2	1	9	72970	37	0.74
B1	Sample 13	2	1	10	77960	37	0.74
B1	Sample 13	2	1	11	82970	37	0.74
B1	Sample 13	2	1	12	87970	37	0.73
B1	Sample 13	2	1	13	92960	36.96	0.73
B1	Sample 13	2	1	14	97970	36.96	0.73
B1	Sample 13	2	1	15	102970	37	0.73
B2	Sample 14	2	1	1	32940	36.91	0.75
B2	Sample 14	2	1	2	37970	36.96	0.76
B2	Sample 14	2	1	3	42970	36.96	0.74
B2	Sample 14	2	1	4	47960	36.96	0.75
B2	Sample 14	2	1	5	52980	37	0.74
B2	Sample 14	2	1	6	57970	36.96	0.74
B2	Sample 14	2	1	7	62960	37	0.73
B2	Sample 14	2	1	8	67970	36.96	0.73
B2	Sample 14	2	1	9	72970	37	0.73
B2	Sample 14	2	1	10	77960	37	0.73
B2	Sample 14	2	1	11	82970	37	0.73
B2	Sample 14	2	1	12	87970	37	0.73
B2	Sample 14	2	1	13	92960	36.96	0.73
B2	Sample 14	2	1	14	97970	36.96	0.73
B2	Sample 14	2	1	15	102970	37	0.73
B3	Sample 15	2	1	1	32940	36.91	0.86
B3	Sample 15	2	1	2	37970	36.96	0.85
B3	Sample 15	2	1	3	42970	36.96	0.85
B3	Sample 15	2	1	4	47960	36.96	0.84
B3	Sample 15	2	1	5	52980	37	0.83
B3	Sample 15	2	1	6	57970	36.96	0.83
B3	Sample 15	2	1	7	62960	37	0.83
B3	Sample 15	2	1	8	67970	36.96	0.82
B3	Sample 15	2	1	9	72970	37	0.83
B3	Sample 15	2	1	10	77960	37	0.83
B3	Sample 15	2	1	11	82970	37	0.83
B3	Sample 15	2	1	12	87970	37	0.83
B3	Sample 15	2	1	13	92960	36.96	0.83
B3	Sample 15	2	1	14	97970	36.96	0.83
B3	Sample 15	2	1	15	102970	37	0.83
B4	Sample 16	2	1	1	32940	36.91	0.84
B4	Sample 16	2	1	2	37970	36.96	0.83
B4	Sample 16	2	1	3	42970	36.96	0.82
B4	Sample 16	2	1	4	47960	36.96	0.82
B4	Sample 16	2	1	5	52980	37	0.82
B4	Sample 16	2	1	6	57970	36.96	0.81
B4	Sample 16	2	1	7	62960	37	0.81
B4	Sample 16	2	1	8	67970	36.96	0.80
B4	Sample 16	2	1	9	72970	37	0.81
B4	Sample 16	2	1	10	77960	37	0.81
B4	Sample 16	2	1	11	82970	37	0.81
B4	Sample 16	2	1	12	87970	37	0.81
B4	Sample 16	2	1	13	92960	36.96	0.81
B4	Sample 16	2	1	14	97970	36.96	0.81
B4	Sample 16	2	1	15	102970	37	0.81
B5	Sample 17	2	1	1	32940	36.91	1.09
B5	Sample 17	2	1	2	37970	36.96	1.08
B5	Sample 17	2	1	3	42970	36.96	1.07
B5	Sample 17	2	1	4	47960	36.96	1.07
B5	Sample 17	2	1	5	52980	37	1.06
B5	Sample 17	2	1	6	57970	36.96	1.05
B5	Sample 17	2	1	7	62960	37	1.05
B5	Sample 17	2	1	8	67970	36.96	1.04
B5	Sample 17	2	1	9	72970	37	1.05
B5	Sample 17	2	1	10	77960	37	1.05
B5	Sample 17	2	1	11	82970	37	1.04
B5	Sample 17	2	1	12	87970	37	1.05
B5	Sample 17	2	1	13	92960	36.96	1.05
B5	Sample 17	2	1	14	97970	36.96	1.05
B5	Sample 17	2	1	15	102970	37	1.05
B6	Sample 18	2	1	1	32940	36.91	1.06
B6	Sample 18	2	1	2	37970	36.96	1.05
B6	Sample 18	2	1	3	42970	36.96	1.05
B6	Sample 18	2	1	4	47960	36.96	1.04
B6	Sample 18	2	1	5	52980	37	1.03
B6	Sample 18	2	1	6	57970	36.96	1.03
B6	Sample 18	2	1	7	62960	37	1.03
B6	Sample 18	2	1	8	67970	36.96	1.02
B6	Sample 18	2	1	9	72970	37	1.02
B6	Sample 18	2	1	10	77960	37	1.02
B6	Sample 18	2	1	11	82970	37	1.02
B6	Sample 18	2	1	12	87970	37	1.02
B6	Sample 18	2	1	13	92960	36.96	1.02
B6	Sample 18	2	1	14	97970	36.96	1.02
B6	Sample 18	2	1	15	102970	37	1.02
B7	Sample 19	2	1	1	32940	36.91	1.09
B7	Sample 19	2	1	2	37970	36.96	1.08
B7	Sample 19	2	1	3	42970	36.96	1.08
B7	Sample 19	2	1	4	47960	36.96	1.07
B7	Sample 19	2	1	5	52980	37	1.06
B7	Sample 19	2	1	6	57970	36.96	1.06
B7	Sample 19	2	1	7	62960	37	1.05
B7	Sample 19	2	1	8	67970	36.96	1.05
B7	Sample 19	2	1	9	72970	37	1.05
B7	Sample 19	2	1	10	77960	37	1.05
B7	Sample 19	2	1	11	82970	37	1.05
B7	Sample 19	2	1	12	87970	37	1.05
B7	Sample 19	2	1	13	92960	36.96	1.06
B7	Sample 19	2	1	14	97970	36.96	1.06
B7	Sample 19	2	1	15	102970	37	1.06
B8	Sample 20	2	1	1	32940	36.91	1.06
B8	Sample 20	2	1	2	37970	36.96	1.05
B8	Sample 20	2	1	3	42970	36.96	1.03
B8	Sample 20	2	1	4	47960	36.96	1.03
B8	Sample 20	2	1	5	52980	37	1.02
B8	Sample 20	2	1	6	57970	36.96	1.02
B8	Sample 20	2	1	7	62960	37	1.02
B8	Sample 20	2	1	8	67970	36.96	1.01
B8	Sample 20	2	1	9	72970	37	1.02
B8	Sample 20	2	1	10	77960	37	1.02
B8	Sample 20	2	1	11	82970	37	1.02
B8	Sample 20	2	1	12	87970	37	1.02
B8	Sample 20	2	1	13	92960	36.96	1.02
B8	Sample 20	2	1	14	97970	36.96	1.02
B8	Sample 20	2	1	15	102970	37	1.02
B9	Sample 21	2	1	1	32940	36.91	0.80
B9	Sample 21	2	1	2	37970	36.96	0.79
B9	Sample 21	2	1	3	42970	36.96	0.79
B9	Sample 21	2	1	4	47960	36.96	0.79
B9	Sample 21	2	1	5	52980	37	0.78
B9	Sample 21	2	1	6	57970	36.96	0.78
B9	Sample 21	2	1	7	62960	37	0.78
B9	Sample 21	2	1	8	67970	36.96	0.77
B9	Sample 21	2	1	9	72970	37	0.77
B9	Sample 21	2	1	10	77960	37	0.77
B9	Sample 21	2	1	11	82970	37	0.78
B9	Sample 21	2	1	12	87970	37	0.78
B9	Sample 21	2	1	13	92960	36.96	0.78
B9	Sample 21	2	1	14	97970	36.96	0.78
B9	Sample 21	2	1	15	102970	37	0.78
B10	Sample 22	2	1	1	32940	36.91	0.76
B10	Sample 22	2	1	2	37970	36.96	0.75
B10	Sample 22	2	1	3	42970	36.96	0.75
B10	Sample 22	2	1	4	47960	36.96	0.74
B10	Sample 22	2	1	5	52980	37	0.74
B10	Sample 22	2	1	6	57970	36.96	0.74
B10	Sample 22	2	1	7	62960	37	0.73
B10	Sample 22	2	1	8	67970	36.96	0.73
B10	Sample 22	2	1	9	72970	37	0.73
B10	Sample 22	2	1	10	77960	37	0.73
B10	Sample 22	2	1	11	82970	37	0.74
B10	Sample 22	2	1	12	87970	37	0.73
B10	Sample 22	2	1	13	92960	36.96	0.74
B10	Sample 22	2	1	14	97970	36.96	0.74
B10	Sample 22	2	1	15	102970	37	0.73
B11	Sample 23	2	1	1	32940	36.91	0.78
B11	Sample 23	2	1	2	37970	36.96	0.79
B11	Sample 23	2	1	3	42970	36.96	0.78
B11	Sample 23	2	1	4	47960	36.96	0.79
B11	Sample 23	2	1	5	52980	37	0.79
B11	Sample 23	2	1	6	57970	36.96	0.79
B11	Sample 23	2	1	7	62960	37	0.79
B11	Sample 23	2	1	8	67970	36.96	0.78
B11	Sample 23	2	1	9	72970	37	0.79
B11	Sample 23	2	1	10	77960	37	0.79
B11	Sample 23	2	1	11	82970	37	0.78
B11	Sample 23	2	1	12	87970	37	0.78
B11	Sample 23	2	1	13	92960	36.96	0.79
B11	Sample 23	2	1	14	97970	36.96	0.79
B11	Sample 23	2	1	15	102970	37	0.78
B12	Sample 24	2	1	1	32940	36.91	0.75
B12	Sample 24	2	1	2	37970	36.96	0.75
B12	Sample 24	2	1	3	42970	36.96	0.75
B12	Sample 24	2	1	4	47960	36.96	0.75
B12	Sample 24	2	1	5	52980	37	0.75
B12	Sample 24	2	1	6	57970	36.96	0.75
B12	Sample 24	2	1	7	62960	37	0.74
B12	Sample 24	2	1	8	67970	36.96	0.74
B12	Sample 24	2	1	9	72970	37	0.74
B12	Sample 24	2	1	10	77960	37	0.74
B12	Sample 24	2	1	11	82970	37	0.75
B12	Sample 24	2	1	12	87970	37	0.74
B12	Sample 24	2	1	13	92960	36.96	0.74
B12	Sample 24	2	1	14	97970	36.96	0.75
B12	Sample 24	2	1	15	102970	37	0.74
C1	Sample 25	2	1	1	32940	36.91	0.79
C1	Sample 25	2	1	2	37970	36.96	0.78
C1	Sample 25	2	1	3	42970	36.96	0.77
C1	Sample 25	2	1	4	47960	36.96	0.77
C1	Sample 25	2	1	5	52980	37	0.77
C1	Sample 25	2	1	6	57970	36.96	0.76
C1	Sample 25	2	1	7	62960	37	0.77
C1	Sample 25	2	1	8	67970	36.96	0.76
C1	Sample 25	2	1	9	72970	37	0.76
C1	Sample 25	2	1	10	77960	37	0.77
C1	Sample 25	2	1	11	82970	37	0.76
C1	Sample 25	2	1	12	87970	37	0.76
C1	Sample 25	2	1	13	92960	36.96	0.76
C1	Sample 25	2	1	14	97970	36.96	0.76
C1	Sample 25	2	1	15	102970	37	0.76
C2	Sample 26	2	1	1	32940	36.91	0.80
C2	Sample 26	2	1	2	37970	36.96	0.79
C2	Sample 26	2	1	3	42970	36.96	0.78
C2	Sample 26	2	1	4	47960	36.96	0.78
C2	Sample 26	2	1	5	52980	37	0.78
C2	Sample 26	2	1	6	57970	36.96	0.77
C2	Sample 26	2	1	7	62960	37	0.77
C2	Sample 26	2	1	8	67970	36.96	0.78
C2	Sample 26	2	1	9	72970	37	0.77
C2	Sample 26	2	1	10	77960	37	0.78
C2	Sample 26	2	1	11	82970	37	0.78
C2	Sample 26	2	1	12	87970	37	0.77
C2	Sample 26	2	1	13	92960	36.96	0.77
C2	Sample 26	2	1	14	97970	36.96	0.77
C2	Sample 26	2	1	15	102970	37	0.78
C3	Sample 27	2	1	1	32940	36.91	0.86
C3	Sample 27	2	1	2	37970	36.96	0.85
C3	Sample 27	2	1	3	42970	36.96	0.84
C3	Sample 27	2	1	4	47960	36.96	0.83
C3	Sample 27	2	1	5	52980	37	0.84
C3	Sample 27	2	1	6	57970	36.96	0.83
C3	Sample 27	2	1	7	62960	37	0.83
C3	Sample 27	2	1	8	67970	36.96	0.84
C3	Sample 27	2	1	9	72970	37	0.83
C3	Sample 27	2	1	10	77960	37	0.84
C3	Sample 27	2	1	11	82970	37	0.82
C3	Sample 27	2	1	12	87970	37	0.83
C3	Sample 27	2	1	13	92960	36.96	0.83
C3	Sample 27	2	1	14	97970	36.96	0.83
C3	Sample 27	2	1	15	102970	37	0.83
C4	Sample 28	2	1	1	32940	36.91	0.85
C4	Sample 28	2	1	2	37970	36.96	0.84
C4	Sample 28	2	1	3	42970	36.96	0.83
C4	Sample 28	2	1	4	47960	36.96	0.83
C4	Sample 28	2	1	5	52980	37	0.83
C4	Sample 28	2	1	6	57970	36.96	0.82
C4	Sample 28	2	1	7	62960	37	0.82
C4	Sample 28	2	1	8	67970	36.96	0.82
C4	Sample 28	2	1	9	72970	37	0.82
C4	Sample 28	2	1	10	77960	37	0.82
C4	Sample 28	2	1	11	82970	37	0.81
C4	Sample 28	2	1	12	87970	37	0.81
C4	Sample 28	2	1	13	92960	36.96	0.82
C4	Sample 28	2	1	14	97970	36.96	0.82
C4	Sample 28	2	1	15	102970	37	0.81
C5	Sample 29	2	1	1	32940	36.91	1.06
C5	Sample 29	2	1	2	37970	36.96	1.05
C5	Sample 29	2	1	3	42970	36.96	1.04
C5	Sample 29	2	1	4	47960	36.96	1.04
C5	Sample 29	2	1	5	52980	37	1.03
C5	Sample 29	2	1	6	57970	36.96	1.03
C5	Sample 29	2	1	7	62960	37	1.03
C5	Sample 29	2	1	8	67970	36.96	1.03
C5	Sample 29	2	1	9	72970	37	1.03
C5	Sample 29	2	1	10	77960	37	1.03
C5	Sample 29	2	1	11	82970	37	1.03
C5	Sample 29	2	1	12	87970	37	1.03
C5	Sample 29	2	1	13	92960	36.96	1.04
C5	Sample 29	2	1	14	97970	36.96	1.03
C5	Sample 29	2	1	15	102970	37	1.04
C6	Sample 30	2	1	1	32940	36.91	1.08
C6	Sample 30	2	1	2	37970	36.96	1.08
C6	Sample 30	2	1	3	42970	36.96	1.07
C6	Sample 30	2	1	4	47960	36.96	1.06
C6	Sample 30	2	1	5	52980	37	1.05
C6	Sample 30	2	1	6	57970	36.96	1.05
C6	Sample 30	2	1	7	62960	37	1.05
C6	Sample 30	2	1	8	67970	36.96	1.05
C6	Sample 30	2	1	9	72970	37	1.05
C6	Sample 30	2	1	10	77960	37	1.05
C6	Sample 30	2	1	11	82970	37	1.05
C6	Sample 30	2	1	12	87970	37	1.04
C6	Sample 30	2	1	13	92960	36.96	1.05
C6	Sample 30	2	1	14	97970	36.96	1.05
C6	Sample 30	2	1	15	102970	37	1.06
C7	Sample 31	2	1	1	32940	36.91	1.12
C7	Sample 31	2	1	2	37970	36.96	1.11
C7	Sample 31	2	1	3	42970	36.96	1.10
C7	Sample 31	2	1	4	47960	36.96	1.09
C7	Sample 31	2	1	5	52980	37	1.10
C7	Sample 31	2	1	6	57970	36.96	1.09
C7	Sample 31	2	1	7	62960	37	1.09
C7	Sample 31	2	1	8	67970	36.96	1.09
C7	Sample 31	2	1	9	72970	37	1.08
C7	Sample 31	2	1	10	77960	37	1.09
C7	Sample 31	2	1	11	82970	37	1.08
C7	Sample 31	2	1	12	87970	37	1.08
C7	Sample 31	2	1	13	92960	36.96	1.09
C7	Sample 31	2	1	14	97970	36.96	1.08
C7	Sample 31	2	1	15	102970	37	1.09
C8	Sample 32	2	1	1	32940	36.91	1.06
C8	Sample 32	2	1	2	37970	36.96	1.06
C8	Sample 32	2	1	3	42970	36.96	1.05
C8	Sample 32	2	1	4	47960	36.96	1.05
C8	Sample 32	2	1	5	52980	37	1.05
C8	Sample 32	2	1	6	57970	36.96	1.04
C8	Sample 32	2	1	7	62960	37	1.04
C8	Sample 32	2	1	8	67970	36.96	1.05
C8	Sample 32	2	1	9	72970	37	1.04
C8	Sample 32	2	1	10	77960	37	1.05
C8	Sample 32	2	1	11	82970	37	1.05
C8	Sample 32	2	1	12	87970	37	1.04
C8	Sample 32	2	1	13	92960	36.96	1.04
C8	Sample 32	2	1	14	97970	36.96	1.05
C8	Sample 32	2	1	15	102970	37	1.05
C9	Sample 33	2	1	1	32940	36.91	0.78
C9	Sample 33	2	1	2	37970	36.96	0.77
C9	Sample 33	2	1	3	42970	36.96	0.76
C9	Sample 33	2	1	4	47960	36.96	0.76
C9	Sample 33	2	1	5	52980	37	0.76
C9	Sample 33	2	1	6	57970	36.96	0.76
C9	Sample 33	2	1	7	62960	37	0.76
C9	Sample 33	2	1	8	67970	36.96	0.76
C9	Sample 33	2	1	9	72970	37	0.76
C9	Sample 33	2	1	10	77960	37	0.76
C9	Sample 33	2	1	11	82970	37	0.76
C9	Sample 33	2	1	12	87970	37	0.75
C9	Sample 33	2	1	13	92960	36.96	0.76
C9	Sample 33	2	1	14	97970	36.96	0.76
C9	Sample 33	2	1	15	102970	37	0.76
C10	Sample 34	2	1	1	32940	36.91	0.76
C10	Sample 34	2	1	2	37970	36.96	0.76
C10	Sample 34	2	1	3	42970	36.96	0.76
C10	Sample 34	2	1	4	47960	36.96	0.76
C10	Sample 34	2	1	5	52980	37	0.76
C10	Sample 34	2	1	6	57970	36.96	0.76
C10	Sample 34	2	1	7	62960	37	0.77
C10	Sample 34	2	1	8	67970	36.96	0.77
C10	Sample 34	2	1	9	72970	37	0.77
C10	Sample 34	2	1	10	77960	37	0.77
C10	Sample 34	2	1	11	82970	37	0.77
C10	Sample 34	2	1	12	87970	37	0.76
C10	Sample 34	2	1	13	92960	36.96	0.77
C10	Sample 34	2	1	14	97970	36.96	0.77
C10	Sample 34	2	1	15	102970	37	0.77
C11	Sample 35	2	1	1	32940	36.91	0.76
C11	Sample 35	2	1	2	37970	36.96	0.77
C11	Sample 35	2	1	3	42970	36.96	0.77
C11	Sample 35	2	1	4	47960	36.96	0.78
C11	Sample 35	2	1	5	52980	37	0.78
C11	Sample 35	2	1	6	57970	36.96	0.78
C11	Sample 35	2	1	7	62960	37	0.78
C11	Sample 35	2	1	8	67970	36.96	0.78
C11	Sample 35	2	1	9	72970	37	0.78
C11	Sample 35	2	1	10	77960	37	0.79
C11	Sample 35	2	1	11	82970	37	0.78
C11	Sample 35	2	1	12	87970	37	0.78
C11	Sample 35	2	1	13	92960	36.96	0.78
C11	Sample 35	2	1	14	97970	36.96	0.78
C11	Sample 35	2	1	15	102970	37	0.78
C12	Sample 36	2	1	1	32940	36.91	0.74
C12	Sample 36	2	1	2	37970	36.96	0.75
C12	Sample 36	2	1	3	42970	36.96	0.76
C12	Sample 36	2	1	4	47960	36.96	0.75
C12	Sample 36	2	1	5	52980	37	0.76
C12	Sample 36	2	1	6	57970	36.96	0.76
C12	Sample 36	2	1	7	62960	37	0.76
C12	Sample 36	2	1	8	67970	36.96	0.77
C12	Sample 36	2	1	9	72970	37	0.77
C12	Sample 36	2	1	10	77960	37	0.77
C12	Sample 36	2	1	11	82970	37	0.76
C12	Sample 36	2	1	12	87970	37	0.76
C12	Sample 36	2	1	13	92960	36.96	0.76
C12	Sample 36	2	1	14	97970	36.96	0.76
C12	Sample 36	2	1	15	102970	37	0.76
D1	Sample 37	2	1	1	32940	36.91	0.80
D1	Sample 37	2	1	2	37970	36.96	0.80
D1	Sample 37	2	1	3	42970	36.96	0.80
D1	Sample 37	2	1	4	47960	36.96	0.80
D1	Sample 37	2	1	5	52980	37	0.80
D1	Sample 37	2	1	6	57970	36.96	0.79
D1	Sample 37	2	1	7	62960	37	0.79
D1	Sample 37	2	1	8	67970	36.96	0.78
D1	Sample 37	2	1	9	72970	37	0.79
D1	Sample 37	2	1	10	77960	37	0.79
D1	Sample 37	2	1	11	82970	37	0.79
D1	Sample 37	2	1	12	87970	37	0.78
D1	Sample 37	2	1	13	92960	36.96	0.78
D1	Sample 37	2	1	14	97970	36.96	0.79
D1	Sample 37	2	1	15	102970	37	0.79
D2	Sample 38	2	1	1	32940	36.91	0.79
D2	Sample 38	2	1	2	37970	36.96	0.80
D2	Sample 38	2	1	3	42970	36.96	0.79
D2	Sample 38	2	1	4	47960	36.96	0.79
D2	Sample 38	2	1	5	52980	37	0.79
D2	Sample 38	2	1	6	57970	36.96	0.78
D2	Sample 38	2	1	7	62960	37	0.78
D2	Sample 38	2	1	8	67970	36.96	0.78
D2	Sample 38	2	1	9	72970	37	0.78
D2	Sample 38	2	1	10	77960	37	0.78
D2	Sample 38	2	1	11	82970	37	0.78
D2	Sample 38	2	1	12	87970	37	0.78
D2	Sample 38	2	1	13	92960	36.96	0.78
D2	Sample 38	2	1	14	97970	36.96	0.78
D2	Sample 38	2	1	15	102970	37	0.78
D3	Sample 39	2	1	1	32940	36.91	0.86
D3	Sample 39	2	1	2	37970	36.96	0.86
D3	Sample 39	2	1	3	42970	36.96	0.85
D3	Sample 39	2	1	4	47960	36.96	0.85
D3	Sample 39	2	1	5	52980	37	0.84
D3	Sample 39	2	1	6	57970	36.96	0.84
D3	Sample 39	2	1	7	62960	37	0.84
D3	Sample 39	2	1	8	67970	36.96	0.84
D3	Sample 39	2	1	9	72970	37	0.84
D3	Sample 39	2	1	10	77960	37	0.83
D3	Sample 39	2	1	11	82970	37	0.84
D3	Sample 39	2	1	12	87970	37	0.84
D3	Sample 39	2	1	13	92960	36.96	0.83
D3	Sample 39	2	1	14	97970	36.96	0.84
D3	Sample 39	2	1	15	102970	37	0.83
D4	Sample 40	2	1	1	32940	36.91	0.85
D4	Sample 40	2	1	2	37970	36.96	0.85
D4	Sample 40	2	1	3	42970	36.96	0.84
D4	Sample 40	2	1	4	47960	36.96	0.84
D4	Sample 40	2	1	5	52980	37	0.83
D4	Sample 40	2	1	6	57970	36.96	0.82
D4	Sample 40	2	1	7	62960	37	0.82
D4	Sample 40	2	1	8	67970	36.96	0.83
D4	Sample 40	2	1	9	72970	37	0.82
D4	Sample 40	2	1	10	77960	37	0.83
D4	Sample 40	2	1	11	82970	37	0.83
D4	Sample 40	2	1	12	87970	37	0.82
D4	Sample 40	2	1	13	92960	36.96	0.82
D4	Sample 40	2	1	14	97970	36.96	0.83
D4	Sample 40	2	1	15	102970	37	0.83
D5	Sample 41	2	1	1	32940	36.91	1.07
D5	Sample 41	2	1	2	37970	36.96	1.07
D5	Sample 41	2	1	3	42970	36.96	1.05
D5	Sample 41	2	1	4	47960	36.96	1.05
D5	Sample 41	2	1	5	52980	37	1.05
D5	Sample 41	2	1	6	57970	36.96	1.05
D5	Sample 41	2	1	7	62960	37	1.04
D5	Sample 41	2	1	8	67970	36.96	1.03
D5	Sample 41	2	1	9	72970	37	1.03
D5	Sample 41	2	1	10	77960	37	1.03
D5	Sample 41	2	1	11	82970	37	1.03
D5	Sample 41	2	1	12	87970	37	1.02
D5	Sample 41	2	1	13	92960	36.96	1.03
D5	Sample 41	2	1	14	97970	36.96	1.03
D5	Sample 41	2	1	15	102970	37	1.03
D6	Sample 42	2	1	1	32940	36.91	1.06
D6	Sample 42	2	1	2	37970	36.96	1.06
D6	Sample 42	2	1	3	42970	36.96	1.05
D6	Sample 42	2	1	4	47960	36.96	1.05
D6	Sample 42	2	1	5	52980	37	1.04
D6	Sample 42	2	1	6	57970	36.96	1.05
D6	Sample 42	2	1	7	62960	37	1.04
D6	Sample 42	2	1	8	67970	36.96	1.04
D6	Sample 42	2	1	9	72970	37	1.05
D6	Sample 42	2	1	10	77960	37	1.05
D6	Sample 42	2	1	11	82970	37	1.05
D6	Sample 42	2	1	12	87970	37	1.05
D6	Sample 42	2	1	13	92960	36.96	1.04
D6	Sample 42	2	1	14	97970	36.96	1.04
D6	Sample 42	2	1	15	102970	37	1.05
D7	Sample 43	2	1	1	32940	36.91	1.10
D7	Sample 43	2	1	2	37970	36.96	1.09
D7	Sample 43	2	1	3	42970	36.96	1.08
D7	Sample 43	2	1	4	47960	36.96	1.08
D7	Sample 43	2	1	5	52980	37	1.07
D7	Sample 43	2	1	6	57970	36.96	1.06
D7	Sample 43	2	1	7	62960	37	1.05
D7	Sample 43	2	1	8	67970	36.96	1.06
D7	Sample 43	2	1	9	72970	37	1.04
D7	Sample 43	2	1	10	77960	37	1.05
D7	Sample 43	2	1	11	82970	37	1.04
D7	Sample 43	2	1	12	87970	37	1.04
D7	Sample 43	2	1	13	92960	36.96	1.04
D7	Sample 43	2	1	14	97970	36.96	1.04
D7	Sample 43	2	1	15	102970	37	1.05
D8	Sample 44	2	1	1	32940	36.91	1.08
D8	Sample 44	2	1	2	37970	36.96	1.08
D8	Sample 44	2	1	3	42970	36.96	1.07
D8	Sample 44	2	1	4	47960	36.96	1.06
D8	Sample 44	2	1	5	52980	37	1.06
D8	Sample 44	2	1	6	57970	36.96	1.06
D8	Sample 44	2	1	7	62960	37	1.05
D8	Sample 44	2	1	8	67970	36.96	1.05
D8	Sample 44	2	1	9	72970	37	1.05
D8	Sample 44	2	1	10	77960	37	1.05
D8	Sample 44	2	1	11	82970	37	1.06
D8	Sample 44	2	1	12	87970	37	1.05
D8	Sample 44	2	1	13	92960	36.96	1.05
D8	Sample 44	2	1	14	97970	36.96	1.05
D8	Sample 44	2	1	15	102970	37	1.06
D9	Sample 45	2	1	1	32940	36.91	0.80
D9	Sample 45	2	1	2	37970	36.96	0.80
D9	Sample 45	2	1	3	42970	36.96	0.79
D9	Sample 45	2	1	4	47960	36.96	0.79
D9	Sample 45	2	1	5	52980	37	0.80
D9	Sample 45	2	1	6	57970	36.96	0.78
D9	Sample 45	2	1	7	62960	37	0.78
D9	Sample 45	2	1	8	67970	36.96	0.79
D9	Sample 45	2	1	9	72970	37	0.79
D9	Sample 45	2	1	10	77960	37	0.79
D9	Sample 45	2	1	11	82970	37	0.79
D9	Sample 45	2	1	12	87970	37	0.78
D9	Sample 45	2	1	13	92960	36.96	0.78
D9	Sample 45	2	1	14	97970	36.96	0.78
D9	Sample 45	2	1	15	102970	37	0.79
D10	Sample 46	2	1	1	32940	36.91	0.78
D10	Sample 46	2	1	2	37970	36.96	0.78
D10	Sample 46	2	1	3	42970	36.96	0.78
D10	Sample 46	2	1	4	47960	36.96	0.78
D10	Sample 46	2	1	5	52980	37	0.78
D10	Sample 46	2	1	6	57970	36.96	0.78
D10	Sample 46	2	1	7	62960	37	0.77
D10	Sample 46	2	1	8	67970	36.96	0.78
D10	Sample 46	2	1	9	72970	37	0.78
D10	Sample 46	2	1	10	77960	37	0.78
D10	Sample 46	2	1	11	82970	37	0.78
D10	Sample 46	2	1	12	87970	37	0.77
D10	Sample 46	2	1	13	92960	36.96	0.77
D10	Sample 46	2	1	14	97970	36.96	0.78
D10	Sample 46	2	1	15	102970	37	0.78
D11	Sample 47	2	1	1	32940	36.91	0.99
D11	Sample 47	2	1	2	37970	36.96	1.00
D11	Sample 47	2	1	3	42970	36.96	1.01
D11	Sample 47	2	1	4	47960	36.96	1.00
D11	Sample 47	2	1	5	52980	37	1.00
D11	Sample 47	2	1	6	57970	36.96	1.00
D11	Sample 47	2	1	7	62960	37	1.00
D11	Sample 47	2	1	8	67970	36.96	0.99
D11	Sample 47	2	1	9	72970	37	1.00
D11	Sample 47	2	1	10	77960	37	0.99
D11	Sample 47	2	1	11	82970	37	0.99
D11	Sample 47	2	1	12	87970	37	1.00
D11	Sample 47	2	1	13	92960	36.96	0.99
D11	Sample 47	2	1	14	97970	36.96	1.00
D11	Sample 47	2	1	15	102970	37	1.00
D12	Sample 48	2	1	1	32940	36.91	0.70
D12	Sample 48	2	1	2	37970	36.96	0.70
D12	Sample 48	2	1	3	42970	36.96	0.70
D12	Sample 48	2	1	4	47960	36.96	0.71
D12	Sample 48	2	1	5	52980	37	0.72
D12	Sample 48	2	1	6	57970	36.96	0.73
D12	Sample 48	2	1	7	62960	37	0.76
D12	Sample 48	2	1	8	67970	36.96	0.76
D12	Sample 48	2	1	9	72970	37	0.78
D12	Sample 48	2	1	10	77960	37	0.78
D12	Sample 48	2	1	11	82970	37	0.79
D12	Sample 48	2	1	12	87970	37	0.79
D12	Sample 48	2	1	13	92960	36.96	0.78
D12	Sample 48	2	1	14	97970	36.96	0.78
D12	Sample 48	2	1	15	102970	37	0.79
E1	Sample 49	2	1	1	32940	36.91	0.84
E1	Sample 49	2	1	2	37970	36.96	0.83
E1	Sample 49	2	1	3	42970	36.96	0.83
E1	Sample 49	2	1	4	47960	36.96	0.83
E1	Sample 49	2	1	5	52980	37	0.82
E1	Sample 49	2	1	6	57970	36.96	0.82
E1	Sample 49	2	1	7	62960	37	0.82
E1	Sample 49	2	1	8	67970	36.96	0.82
E1	Sample 49	2	1	9	72970	37	0.82
E1	Sample 49	2	1	10	77960	37	0.82
E1	Sample 49	2	1	11	82970	37	0.82
E1	Sample 49	2	1	12	87970	37	0.81
E1	Sample 49	2	1	13	92960	36.96	0.81
E1	Sample 49	2	1	14	97970	36.96	0.81
E1	Sample 49	2	1	15	102970	37	0.81
E2	Sample 50	2	1	1	32940	36.91	0.81
E2	Sample 50	2	1	2	37970	36.96	0.80
E2	Sample 50	2	1	3	42970	36.96	0.79
E2	Sample 50	2	1	4	47960	36.96	0.80
E2	Sample 50	2	1	5	52980	37	0.79
E2	Sample 50	2	1	6	57970	36.96	0.78
E2	Sample 50	2	1	7	62960	37	0.79
E2	Sample 50	2	1	8	67970	36.96	0.79
E2	Sample 50	2	1	9	72970	37	0.78
E2	Sample 50	2	1	10	77960	37	0.79
E2	Sample 50	2	1	11	82970	37	0.78
E2	Sample 50	2	1	12	87970	37	0.78
E2	Sample 50	2	1	13	92960	36.96	0.78
E2	Sample 50	2	1	14	97970	36.96	0.78
E2	Sample 50	2	1	15	102970	37	0.79
E3	Sample 51	2	1	1	32940	36.91	0.94
E3	Sample 51	2	1	2	37970	36.96	0.93
E3	Sample 51	2	1	3	42970	36.96	0.92
E3	Sample 51	2	1	4	47960	36.96	0.92
E3	Sample 51	2	1	5	52980	37	0.91
E3	Sample 51	2	1	6	57970	36.96	0.91
E3	Sample 51	2	1	7	62960	37	0.92
E3	Sample 51	2	1	8	67970	36.96	0.91
E3	Sample 51	2	1	9	72970	37	0.90
E3	Sample 51	2	1	10	77960	37	0.91
E3	Sample 51	2	1	11	82970	37	0.91
E3	Sample 51	2	1	12	87970	37	0.90
E3	Sample 51	2	1	13	92960	36.96	0.91
E3	Sample 51	2	1	14	97970	36.96	0.91
E3	Sample 51	2	1	15	102970	37	0.91
E4	Sample 52	2	1	1	32940	36.91	0.94
E4	Sample 52	2	1	2	37970	36.96	0.93
E4	Sample 52	2	1	3	42970	36.96	0.93
E4	Sample 52	2	1	4	47960	36.96	0.92
E4	Sample 52	2	1	5	52980	37	0.91
E4	Sample 52	2	1	6	57970	36.96	0.91
E4	Sample 52	2	1	7	62960	37	0.91
E4	Sample 52	2	1	8	67970	36.96	0.90
E4	Sample 52	2	1	9	72970	37	0.90
E4	Sample 52	2	1	10	77960	37	0.90
E4	Sample 52	2	1	11	82970	37	0.91
E4	Sample 52	2	1	12	87970	37	0.89
E4	Sample 52	2	1	13	92960	36.96	0.90
E4	Sample 52	2	1	14	97970	36.96	0.90
E4	Sample 52	2	1	15	102970	37	0.91
E5	Sample 53	2	1	1	32940	36.91	1.26
E5	Sample 53	2	1	2	37970	36.96	1.25
E5	Sample 53	2	1	3	42970	36.96	1.24
E5	Sample 53	2	1	4	47960	36.96	1.25
E5	Sample 53	2	1	5	52980	37	1.24
E5	Sample 53	2	1	6	57970	36.96	1.22
E5	Sample 53	2	1	7	62960	37	1.23
E5	Sample 53	2	1	8	67970	36.96	1.22
E5	Sample 53	2	1	9	72970	37	1.21
E5	Sample 53	2	1	10	77960	37	1.21
E5	Sample 53	2	1	11	82970	37	1.21
E5	Sample 53	2	1	12	87970	37	1.20
E5	Sample 53	2	1	13	92960	36.96	1.20
E5	Sample 53	2	1	14	97970	36.96	1.21
E5	Sample 53	2	1	15	102970	37	1.20
E6	Sample 54	2	1	1	32940	36.91	1.20
E6	Sample 54	2	1	2	37970	36.96	1.19
E6	Sample 54	2	1	3	42970	36.96	1.19
E6	Sample 54	2	1	4	47960	36.96	1.19
E6	Sample 54	2	1	5	52980	37	1.17
E6	Sample 54	2	1	6	57970	36.96	1.17
E6	Sample 54	2	1	7	62960	37	1.17
E6	Sample 54	2	1	8	67970	36.96	1.18
E6	Sample 54	2	1	9	72970	37	1.16
E6	Sample 54	2	1	10	77960	37	1.17
E6	Sample 54	2	1	11	82970	37	1.17
E6	Sample 54	2	1	12	87970	37	1.16
E6	Sample 54	2	1	13	92960	36.96	1.16
E6	Sample 54	2	1	14	97970	36.96	1.16
E6	Sample 54	2	1	15	102970	37	1.17
E7	Sample 55	2	1	1	32940	36.91	1.72
E7	Sample 55	2	1	2	37970	36.96	1.71
E7	Sample 55	2	1	3	42970	36.96	1.70
E7	Sample 55	2	1	4	47960	36.96	1.69
E7	Sample 55	2	1	5	52980	37	1.68
E7	Sample 55	2	1	6	57970	36.96	1.69
E7	Sample 55	2	1	7	62960	37	1.67
E7	Sample 55	2	1	8	67970	36.96	1.68
E7	Sample 55	2	1	9	72970	37	1.67
E7	Sample 55	2	1	10	77960	37	1.67
E7	Sample 55	2	1	11	82970	37	1.68
E7	Sample 55	2	1	12	87970	37	1.67
E7	Sample 55	2	1	13	92960	36.96	1.67
E7	Sample 55	2	1	14	97970	36.96	1.67
E7	Sample 55	2	1	15	102970	37	1.68
E8	Sample 56	2	1	1	32940	36.91	1.85
E8	Sample 56	2	1	2	37970	36.96	1.84
E8	Sample 56	2	1	3	42970	36.96	1.83
E8	Sample 56	2	1	4	47960	36.96	1.83
E8	Sample 56	2	1	5	52980	37	1.80
E8	Sample 56	2	1	6	57970	36.96	1.81
E8	Sample 56	2	1	7	62960	37	1.80
E8	Sample 56	2	1	8	67970	36.96	1.79
E8	Sample 56	2	1	9	72970	37	1.79
E8	Sample 56	2	1	10	77960	37	1.80
E8	Sample 56	2	1	11	82970	37	1.80
E8	Sample 56	2	1	12	87970	37	1.79
E8	Sample 56	2	1	13	92960	36.96	1.79
E8	Sample 56	2	1	14	97970	36.96	1.79
E8	Sample 56	2	1	15	102970	37	1.80
E9	Sample 57	2	1	1	32940	36.91	0.93
E9	Sample 57	2	1	2	37970	36.96	0.94
E9	Sample 57	2	1	3	42970	36.96	0.94
E9	Sample 57	2	1	4	47960	36.96	0.95
E9	Sample 57	2	1	5	52980	37	0.94
E9	Sample 57	2	1	6	57970	36.96	0.94
E9	Sample 57	2	1	7	62960	37	0.94
E9	Sample 57	2	1	8	67970	36.96	0.94
E9	Sample 57	2	1	9	72970	37	0.94
E9	Sample 57	2	1	10	77960	37	0.94
E9	Sample 57	2	1	11	82970	37	0.94
E9	Sample 57	2	1	12	87970	37	0.94
E9	Sample 57	2	1	13	92960	36.96	0.93
E9	Sample 57	2	1	14	97970	36.96	0.94
E9	Sample 57	2	1	15	102970	37	0.94
E10	Sample 58	2	1	1	32940	36.91	0.95
E10	Sample 58	2	1	2	37970	36.96	0.95
E10	Sample 58	2	1	3	42970	36.96	0.95
E10	Sample 58	2	1	4	47960	36.96	0.96
E10	Sample 58	2	1	5	52980	37	0.95
E10	Sample 58	2	1	6	57970	36.96	0.94
E10	Sample 58	2	1	7	62960	37	0.94
E10	Sample 58	2	1	8	67970	36.96	0.95
E10	Sample 58	2	1	9	72970	37	0.94
E10	Sample 58	2	1	10	77960	37	0.94
E10	Sample 58	2	1	11	82970	37	0.95
E10	Sample 58	2	1	12	87970	37	0.94
E10	Sample 58	2	1	13	92960	36.96	0.94
E10	Sample 58	2	1	14	97970	36.96	0.94
E10	Sample 58	2	1	15	102970	37	0.94
E11	Sample 59	2	1	1	32940	36.91	1.17
E11	Sample 59	2	1	2	37970	36.96	1.18
E11	Sample 59	2	1	3	42970	36.96	1.20
E11	Sample 59	2	1	4	47960	36.96	1.23
E11	Sample 59	2	1	5	52980	37	1.24
E11	Sample 59	2	1	6	57970	36.96	1.24
E11	Sample 59	2	1	7	62960	37	1.25
E11	Sample 59	2	1	8	67970	36.96	1.25
E11	Sample 59	2	1	9	72970	37	1.26
E11	Sample 59	2	1	10	77960	37	1.26
E11	Sample 59	2	1	11	82970	37	1.26
E11	Sample 59	2	1	12	87970	37	1.27
E11	Sample 59	2	1	13	92960	36.96	1.25
E11	Sample 59	2	1	14	97970	36.96	1.26
E11	Sample 59	2	1	15	102970	37	1.26
E12	Sample 60	2	1	1	32940	36.91	1.01
E12	Sample 60	2	1	2	37970	36.96	1.01
E12	Sample 60	2	1	3	42970	36.96	1.03
E12	Sample 60	2	1	4	47960	36.96	1.05
E12	Sample 60	2	1	5	52980	37	1.06
E12	Sample 60	2	1	6	57970	36.96	1.07
E12	Sample 60	2	1	7	62960	37	1.09
E12	Sample 60	2	1	8	67970	36.96	1.09
E12	Sample 60	2	1	9	72970	37	1.09
E12	Sample 60	2	1	10	77960	37	1.09
E12	Sample 60	2	1	11	82970	37	1.10
E12	Sample 60	2	1	12	87970	37	1.10
E12	Sample 60	2	1	13	92960	36.96	1.09
E12	Sample 60	2	1	14	97970	36.96	1.11
E12	Sample 60	2	1	15	102970	37	1.10
F1	Sample 61	2	1	1	32940	36.91	0.89
F1	Sample 61	2	1	2	37970	36.96	0.88
F1	Sample 61	2	1	3	42970	36.96	0.88
F1	Sample 61	2	1	4	47960	36.96	0.88
F1	Sample 61	2	1	5	52980	37	0.87
F1	Sample 61	2	1	6	57970	36.96	0.86
F1	Sample 61	2	1	7	62960	37	0.86
F1	Sample 61	2	1	8	67970	36.96	0.87
F1	Sample 61	2	1	9	72970	37	0.87
F1	Sample 61	2	1	10	77960	37	0.86
F1	Sample 61	2	1	11	82970	37	0.87
F1	Sample 61	2	1	12	87970	37	0.86
F1	Sample 61	2	1	13	92960	36.96	0.86
F1	Sample 61	2	1	14	97970	36.96	0.86
F1	Sample 61	2	1	15	102970	37	0.86
F2	Sample 62	2	1	1	32940	36.91	0.92
F2	Sample 62	2	1	2	37970	36.96	0.91
F2	Sample 62	2	1	3	42970	36.96	0.90
F2	Sample 62	2	1	4	47960	36.96	0.90
F2	Sample 62	2	1	5	52980	37	0.89
F2	Sample 62	2	1	6	57970	36.96	0.88
F2	Sample 62	2	1	7	62960	37	0.88
F2	Sample 62	2	1	8	67970	36.96	0.89
F2	Sample 62	2	1	9	72970	37	0.88
F2	Sample 62	2	1	10	77960	37	0.88
F2	Sample 62	2	1	11	82970	37	0.88
F2	Sample 62	2	1	12	87970	37	0.88
F2	Sample 62	2	1	13	92960	36.96	0.88
F2	Sample 62	2	1	14	97970	36.96	0.89
F2	Sample 62	2	1	15	102970	37	0.89
F3	Sample 63	2	1	1	32940	36.91	0.98
F3	Sample 63	2	1	2	37970	36.96	0.96
F3	Sample 63	2	1	3	42970	36.96	0.96
F3	Sample 63	2	1	4	47960	36.96	0.96
F3	Sample 63	2	1	5	52980	37	0.95
F3	Sample 63	2	1	6	57970	36.96	0.94
F3	Sample 63	2	1	7	62960	37	0.94
F3	Sample 63	2	1	8	67970	36.96	0.94
F3	Sample 63	2	1	9	72970	37	0.94
F3	Sample 63	2	1	10	77960	37	0.94
F3	Sample 63	2	1	11	82970	37	0.94
F3	Sample 63	2	1	12	87970	37	0.94
F3	Sample 63	2	1	13	92960	36.96	0.94
F3	Sample 63	2	1	14	97970	36.96	0.94
F3	Sample 63	2	1	15	102970	37	0.95
F4	Sample 64	2	1	1	32940	36.91	0.96
F4	Sample 64	2	1	2	37970	36.96	0.95
F4	Sample 64	2	1	3	42970	36.96	0.95
F4	Sample 64	2	1	4	47960	36.96	0.95
F4	Sample 64	2	1	5	52980	37	0.93
F4	Sample 64	2	1	6	57970	36.96	0.93
F4	Sample 64	2	1	7	62960	37	0.93
F4	Sample 64	2	1	8	67970	36.96	0.93
F4	Sample 64	2	1	9	72970	37	0.93
F4	Sample 64	2	1	10	77960	37	0.93
F4	Sample 64	2	1	11	82970	37	0.93
F4	Sample 64	2	1	12	87970	37	0.94
F4	Sample 64	2	1	13	92960	36.96	0.93
F4	Sample 64	2	1	14	97970	36.96	0.94
F4	Sample 64	2	1	15	102970	37	0.94
F5	Sample 65	2	1	1	32940	36.91	2.14
F5	Sample 65	2	1	2	37970	36.96	2.11
F5	Sample 65	2	1	3	42970	36.96	2.10
F5	Sample 65	2	1	4	47960	36.96	2.09
F5	Sample 65	2	1	5	52980	37	2.08
F5	Sample 65	2	1	6	57970	36.96	2.08
F5	Sample 65	2	1	7	62960	37	2.07
F5	Sample 65	2	1	8	67970	36.96	2.07
F5	Sample 65	2	1	9	72970	37	2.07
F5	Sample 65	2	1	10	77960	37	2.07
F5	Sample 65	2	1	11	82970	37	2.07
F5	Sample 65	2	1	12	87970	37	2.06
F5	Sample 65	2	1	13	92960	36.96	2.06
F5	Sample 65	2	1	14	97970	36.96	2.06
F5	Sample 65	2	1	15	102970	37	2.06
F6	Sample 66	2	1	1	32940	36.91	2.02
F6	Sample 66	2	1	2	37970	36.96	2.00
F6	Sample 66	2	1	3	42970	36.96	2.00
F6	Sample 66	2	1	4	47960	36.96	1.98
F6	Sample 66	2	1	5	52980	37	1.97
F6	Sample 66	2	1	6	57970	36.96	1.96
F6	Sample 66	2	1	7	62960	37	1.97
F6	Sample 66	2	1	8	67970	36.96	1.97
F6	Sample 66	2	1	9	72970	37	1.96
F6	Sample 66	2	1	10	77960	37	1.96
F6	Sample 66	2	1	11	82970	37	1.97
F6	Sample 66	2	1	12	87970	37	1.96
F6	Sample 66	2	1	13	92960	36.96	1.95
F6	Sample 66	2	1	14	97970	36.96	1.96
F6	Sample 66	2	1	15	102970	37	1.96
F7	Sample 67	2	1	1	32940	36.91	2.16
F7	Sample 67	2	1	2	37970	36.96	2.14
F7	Sample 67	2	1	3	42970	36.96	2.13
F7	Sample 67	2	1	4	47960	36.96	2.13
F7	Sample 67	2	1	5	52980	37	2.11
F7	Sample 67	2	1	6	57970	36.96	2.11
F7	Sample 67	2	1	7	62960	37	2.10
F7	Sample 67	2	1	8	67970	36.96	2.10
F7	Sample 67	2	1	9	72970	37	2.09
F7	Sample 67	2	1	10	77960	37	2.10
F7	Sample 67	2	1	11	82970	37	2.10
F7	Sample 67	2	1	12	87970	37	2.10
F7	Sample 67	2	1	13	92960	36.96	2.09
F7	Sample 67	2	1	14	97970	36.96	2.09
F7	Sample 67	2	1	15	102970	37	2.10
F8	Sample 68	2	1	1	32940	36.91	2.15
F8	Sample 68	2	1	2	37970	36.96	2.14
F8	Sample 68	2	1	3	42970	36.96	2.12
F8	Sample 68	2	1	4	47960	36.96	2.11
F8	Sample 68	2	1	5	52980	37	2.10
F8	Sample 68	2	1	6	57970	36.96	2.10
F8	Sample 68	2	1	7	62960	37	2.10
F8	Sample 68	2	1	8	67970	36.96	2.10
F8	Sample 68	2	1	9	72970	37	2.10
F8	Sample 68	2	1	10	77960	37	2.09
F8	Sample 68	2	1	11	82970	37	2.08
F8	Sample 68	2	1	12	87970	37	2.07
F8	Sample 68	2	1	13	92960	36.96	2.08
F8	Sample 68	2	1	14	97970	36.96	2.07
F8	Sample 68	2	1	15	102970	37	2.07
F9	Sample 69	2	1	1	32940	36.91	1.32
F9	Sample 69	2	1	2	37970	36.96	1.30
F9	Sample 69	2	1	3	42970	36.96	1.30
F9	Sample 69	2	1	4	47960	36.96	1.30
F9	Sample 69	2	1	5	52980	37	1.29
F9	Sample 69	2	1	6	57970	36.96	1.28
F9	Sample 69	2	1	7	62960	37	1.28
F9	Sample 69	2	1	8	67970	36.96	1.29
F9	Sample 69	2	1	9	72970	37	1.29
F9	Sample 69	2	1	10	77960	37	1.28
F9	Sample 69	2	1	11	82970	37	1.29
F9	Sample 69	2	1	12	87970	37	1.28
F9	Sample 69	2	1	13	92960	36.96	1.28
F9	Sample 69	2	1	14	97970	36.96	1.28
F9	Sample 69	2	1	15	102970	37	1.29
F10	Sample 70	2	1	1	32940	36.91	1.23
F10	Sample 70	2	1	2	37970	36.96	1.24
F10	Sample 70	2	1	3	42970	36.96	1.26
F10	Sample 70	2	1	4	47960	36.96	1.26
F10	Sample 70	2	1	5	52980	37	1.26
F10	Sample 70	2	1	6	57970	36.96	1.26
F10	Sample 70	2	1	7	62960	37	1.26
F10	Sample 70	2	1	8	67970	36.96	1.26
F10	Sample 70	2	1	9	72970	37	1.26
F10	Sample 70	2	1	10	77960	37	1.26
F10	Sample 70	2	1	11	82970	37	1.27
F10	Sample 70	2	1	12	87970	37	1.26
F10	Sample 70	2	1	13	92960	36.96	1.27
F10	Sample 70	2	1	14	97970	36.96	1.26
F10	Sample 70	2	1	15	102970	37	1.28
F11	Sample 71	2	1	1	32940	36.91	1.28
F11	Sample 71	2	1	2	37970	36.96	1.30
F11	Sample 71	2	1	3	42970	36.96	1.31
F11	Sample 71	2	1	4	47960	36.96	1.32
F11	Sample 71	2	1	5	52980	37	1.31
F11	Sample 71	2	1	6	57970	36.96	1.31
F11	Sample 71	2	1	7	62960	37	1.31
F11	Sample 71	2	1	8	67970	36.96	1.32
F11	Sample 71	2	1	9	72970	37	1.32
F11	Sample 71	2	1	10	77960	37	1.32
F11	Sample 71	2	1	11	82970	37	1.32
F11	Sample 71	2	1	12	87970	37	1.32
F11	Sample 71	2	1	13	92960	36.96	1.32
F11	Sample 71	2	1	14	97970	36.96	1.32
F11	Sample 71	2	1	15	102970	37	1.33
F12	Sample 72	2	1	1	32940	36.91	1.17
F12	Sample 72	2	1	2	37970	36.96	1.18
F12	Sample 72	2	1	3	42970	36.96	1.20
F12	Sample 72	2	1	4	47960	36.96	1.21
F12	Sample 72	2	1	5	52980	37	1.21
F12	Sample 72	2	1	6	57970	36.96	1.20
F12	Sample 72	2	1	7	62960	37	1.21
F12	Sample 72	2	1	8	67970	36.96	1.21
F12	Sample 72	2	1	9	72970	37	1.21
F12	Sample 72	2	1	10	77960	37	1.21
F12	Sample 72	2	1	11	82970	37	1.21
F12	Sample 72	2	1	12	87970	37	1.21
F12	Sample 72	2	1	13	92960	36.96	1.22
F12	Sample 72	2	1	14	97970	36.96	1.21
F12	Sample 72	2	1	15	102970	37	1.22
G1	Sample 73	2	1	1	32940	36.91	0.89
G1	Sample 73	2	1	2	37970	36.96	0.89
G1	Sample 73	2	1	3	42970	36.96	0.89
G1	Sample 73	2	1	4	47960	36.96	0.88
G1	Sample 73	2	1	5	52980	37	0.87
G1	Sample 73	2	1	6	57970	36.96	0.86
G1	Sample 73	2	1	7	62960	37	0.87
G1	Sample 73	2	1	8	67970	36.96	0.86
G1	Sample 73	2	1	9	72970	37	0.86
G1	Sample 73	2	1	10	77960	37	0.86
G1	Sample 73	2	1	11	82970	37	0.87
G1	Sample 73	2	1	12	87970	37	0.87
G1	Sample 73	2	1	13	92960	36.96	0.86
G1	Sample 73	2	1	14	97970	36.96	0.86
G1	Sample 73	2	1	15	102970	37	0.86
G2	Sample 74	2	1	1	32940	36.91	0.93
G2	Sample 74	2	1	2	37970	36.96	0.92
G2	Sample 74	2	1	3	42970	36.96	0.91
G2	Sample 74	2	1	4	47960	36.96	0.91
G2	Sample 74	2	1	5	52980	37	0.90
G2	Sample 74	2	1	6	57970	36.96	0.89
G2	Sample 74	2	1	7	62960	37	0.89
G2	Sample 74	2	1	8	67970	36.96	0.88
G2	Sample 74	2	1	9	72970	37	0.88
G2	Sample 74	2	1	10	77960	37	0.88
G2	Sample 74	2	1	11	82970	37	0.89
G2	Sample 74	2	1	12	87970	37	0.89
G2	Sample 74	2	1	13	92960	36.96	0.89
G2	Sample 74	2	1	14	97970	36.96	0.89
G2	Sample 74	2	1	15	102970	37	0.89
G3	Sample 75	2	1	1	32940	36.91	0.99
G3	Sample 75	2	1	2	37970	36.96	0.98
G3	Sample 75	2	1	3	42970	36.96	0.97
G3	Sample 75	2	1	4	47960	36.96	0.97
G3	Sample 75	2	1	5	52980	37	0.96
G3	Sample 75	2	1	6	57970	36.96	0.96
G3	Sample 75	2	1	7	62960	37	0.96
G3	Sample 75	2	1	8	67970	36.96	0.95
G3	Sample 75	2	1	9	72970	37	0.95
G3	Sample 75	2	1	10	77960	37	0.96
G3	Sample 75	2	1	11	82970	37	0.95
G3	Sample 75	2	1	12	87970	37	0.96
G3	Sample 75	2	1	13	92960	36.96	0.95
G3	Sample 75	2	1	14	97970	36.96	0.96
G3	Sample 75	2	1	15	102970	37	0.95
G4	Sample 76	2	1	1	32940	36.91	0.97
G4	Sample 76	2	1	2	37970	36.96	0.97
G4	Sample 76	2	1	3	42970	36.96	0.96
G4	Sample 76	2	1	4	47960	36.96	0.95
G4	Sample 76	2	1	5	52980	37	0.95
G4	Sample 76	2	1	6	57970	36.96	0.94
G4	Sample 76	2	1	7	62960	37	0.94
G4	Sample 76	2	1	8	67970	36.96	0.94
G4	Sample 76	2	1	9	72970	37	0.94
G4	Sample 76	2	1	10	77960	37	0.93
G4	Sample 76	2	1	11	82970	37	0.94
G4	Sample 76	2	1	12	87970	37	0.93
G4	Sample 76	2	1	13	92960	36.96	0.95
G4	Sample 76	2	1	14	97970	36.96	0.94
G4	Sample 76	2	1	15	102970	37	0.94
G5	Sample 77	2	1	1	32940	36.91	2.34
G5	Sample 77	2	1	2	37970	36.96	2.31
G5	Sample 77	2	1	3	42970	36.96	2.29
G5	Sample 77	2	1	4	47960	36.96	2.28
G5	Sample 77	2	1	5	52980	37	2.26
G5	Sample 77	2	1	6	57970	36.96	2.25
G5	Sample 77	2	1	7	62960	37	2.26
G5	Sample 77	2	1	8	67970	36.96	2.24
G5	Sample 77	2	1	9	72970	37	2.25
G5	Sample 77	2	1	10	77960	37	2.25
G5	Sample 77	2	1	11	82970	37	2.26
G5	Sample 77	2	1	12	87970	37	2.25
G5	Sample 77	2	1	13	92960	36.96	2.27
G5	Sample 77	2	1	14	97970	36.96	2.27
G5	Sample 77	2	1	15	102970	37	2.27
G6	Sample 78	2	1	1	32940	36.91	2.18
G6	Sample 78	2	1	2	37970	36.96	2.17
G6	Sample 78	2	1	3	42970	36.96	2.16
G6	Sample 78	2	1	4	47960	36.96	2.14
G6	Sample 78	2	1	5	52980	37	2.13
G6	Sample 78	2	1	6	57970	36.96	2.13
G6	Sample 78	2	1	7	62960	37	2.12
G6	Sample 78	2	1	8	67970	36.96	2.12
G6	Sample 78	2	1	9	72970	37	2.13
G6	Sample 78	2	1	10	77960	37	2.12
G6	Sample 78	2	1	11	82970	37	2.13
G6	Sample 78	2	1	12	87970	37	2.12
G6	Sample 78	2	1	13	92960	36.96	2.12
G6	Sample 78	2	1	14	97970	36.96	2.12
G6	Sample 78	2	1	15	102970	37	2.12
G7	Sample 79	2	1	1	32940	36.91	2.11
G7	Sample 79	2	1	2	37970	36.96	2.09
G7	Sample 79	2	1	3	42970	36.96	2.08
G7	Sample 79	2	1	4	47960	36.96	2.07
G7	Sample 79	2	1	5	52980	37	2.06
G7	Sample 79	2	1	6	57970	36.96	2.05
G7	Sample 79	2	1	7	62960	37	2.05
G7	Sample 79	2	1	8	67970	36.96	2.04
G7	Sample 79	2	1	9	72970	37	2.04
G7	Sample 79	2	1	10	77960	37	2.04
G7	Sample 79	2	1	11	82970	37	2.05
G7	Sample 79	2	1	12	87970	37	2.05
G7	Sample 79	2	1	13	92960	36.96	2.05
G7	Sample 79	2	1	14	97970	36.96	2.04
G7	Sample 79	2	1	15	102970	37	2.04
G8	Sample 80	2	1	1	32940	36.91	2.05
G8	Sample 80	2	1	2	37970	36.96	2.05
G8	Sample 80	2	1	3	42970	36.96	2.03
G8	Sample 80	2	1	4	47960	36.96	2.02
G8	Sample 80	2	1	5	52980	37	2.01
G8	Sample 80	2	1	6	57970	36.96	2.00
G8	Sample 80	2	1	7	62960	37	1.99
G8	Sample 80	2	1	8	67970	36.96	1.98
G8	Sample 80	2	1	9	72970	37	1.99
G8	Sample 80	2	1	10	77960	37	2.00
G8	Sample 80	2	1	11	82970	37	1.99
G8	Sample 80	2	1	12	87970	37	1.99
G8	Sample 80	2	1	13	92960	36.96	1.99
G8	Sample 80	2	1	14	97970	36.96	1.99
G8	Sample 80	2	1	15	102970	37	1.99
G9	Sample 81	2	1	1	32940	36.91	1.37
G9	Sample 81	2	1	2	37970	36.96	1.36
G9	Sample 81	2	1	3	42970	36.96	1.35
G9	Sample 81	2	1	4	47960	36.96	1.34
G9	Sample 81	2	1	5	52980	37	1.34
G9	Sample 81	2	1	6	57970	36.96	1.34
G9	Sample 81	2	1	7	62960	37	1.32
G9	Sample 81	2	1	8	67970	36.96	1.32
G9	Sample 81	2	1	9	72970	37	1.32
G9	Sample 81	2	1	10	77960	37	1.33
G9	Sample 81	2	1	11	82970	37	1.32
G9	Sample 81	2	1	12	87970	37	1.32
G9	Sample 81	2	1	13	92960	36.96	1.31
G9	Sample 81	2	1	14	97970	36.96	1.32
G9	Sample 81	2	1	15	102970	37	1.32
G10	Sample 82	2	1	1	32940	36.91	1.36
G10	Sample 82	2	1	2	37970	36.96	1.35
G10	Sample 82	2	1	3	42970	36.96	1.34
G10	Sample 82	2	1	4	47960	36.96	1.33
G10	Sample 82	2	1	5	52980	37	1.32
G10	Sample 82	2	1	6	57970	36.96	1.32
G10	Sample 82	2	1	7	62960	37	1.32
G10	Sample 82	2	1	8	67970	36.96	1.31
G10	Sample 82	2	1	9	72970	37	1.31
G10	Sample 82	2	1	10	77960	37	1.31
G10	Sample 82	2	1	11	82970	37	1.31
G10	Sample 82	2	1	12	87970	37	1.31
G10	Sample 82	2	1	13	92960	36.96	1.32
G10	Sample 82	2	1	14	97970	36.96	1.31
G10	Sample 82	2	1	15	102970	37	1.32
G11	Sample 83	2	1	1	32940	36.91	1.25
G11	Sample 83	2	1	2	37970	36.96	1.26
G11	Sample 83	2	1	3	42970	36.96	1.28
G11	Sample 83	2	1	4	47960	36.96	1.28
G11	Sample 83	2	1	5	52980	37	1.28
G11	Sample 83	2	1	6	57970	36.96	1.28
G11	Sample 83	2	1	7	62960	37	1.28
G11	Sample 83	2	1	8	67970	36.96	1.28
G11	Sample 83	2	1	9	72970	37	1.28
G11	Sample 83	2	1	10	77960	37	1.29
G11	Sample 83	2	1	11	82970	37	1.29
G11	Sample 83	2	1	12	87970	37	1.29
G11	Sample 83	2	1	13	92960	36.96	1.29
G11	Sample 83	2	1	14	97970	36.96	1.29
G11	Sample 83	2	1	15	102970	37	1.29
G12	Sample 84	2	1	1	32940	36.91	1.15
G12	Sample 84	2	1	2	37970	36.96	1.17
G12	Sample 84	2	1	3	42970	36.96	1.18
G12	Sample 84	2	1	4	47960	36.96	1.19
G12	Sample 84	2	1	5	52980	37	1.20
G12	Sample 84	2	1	6	57970	36.96	1.20
G12	Sample 84	2	1	7	62960	37	1.21
G12	Sample 84	2	1	8	67970	36.96	1.20
G12	Sample 84	2	1	9	72970	37	1.20
G12	Sample 84	2	1	10	77960	37	1.21
G12	Sample 84	2	1	11	82970	37	1.21
G12	Sample 84	2	1	12	87970	37	1.21
G12	Sample 84	2	1	13	92960	36.96	1.21
G12	Sample 84	2	1	14	97970	36.96	1.21
G12	Sample 84	2	1	15	102970	37	1.21
H1	Sample 85	2	1	1	32940	36.91	0.87
H1	Sample 85	2	1	2	37970	36.96	0.86
H1	Sample 85	2	1	3	42970	36.96	0.86
H1	Sample 85	2	1	4	47960	36.96	0.85
H1	Sample 85	2	1	5	52980	37	0.84
H1	Sample 85	2	1	6	57970	36.96	0.84
H1	Sample 85	2	1	7	62960	37	0.85
H1	Sample 85	2	1	8	67970	36.96	0.85
H1	Sample 85	2	1	9	72970	37	0.84
H1	Sample 85	2	1	10	77960	37	0.84
H1	Sample 85	2	1	11	82970	37	0.85
H1	Sample 85	2	1	12	87970	37	0.84
H1	Sample 85	2	1	13	92960	36.96	0.84
H1	Sample 85	2	1	14	97970	36.96	0.84
H1	Sample 85	2	1	15	102970	37	0.84
H2	Sample 86	2	1	1	32940	36.91	0.89
H2	Sample 86	2	1	2	37970	36.96	0.89
H2	Sample 86	2	1	3	42970	36.96	0.89
H2	Sample 86	2	1	4	47960	36.96	0.88
H2	Sample 86	2	1	5	52980	37	0.87
H2	Sample 86	2	1	6	57970	36.96	0.87
H2	Sample 86	2	1	7	62960	37	0.87
H2	Sample 86	2	1	8	67970	36.96	0.88
H2	Sample 86	2	1	9	72970	37	0.87
H2	Sample 86	2	1	10	77960	37	0.86
H2	Sample 86	2	1	11	82970	37	0.87
H2	Sample 86	2	1	12	87970	37	0.87
H2	Sample 86	2	1	13	92960	36.96	0.87
H2	Sample 86	2	1	14	97970	36.96	0.87
H2	Sample 86	2	1	15	102970	37	0.86
H3	Sample 87	2	1	1	32940	36.91	0.96
H3	Sample 87	2	1	2	37970	36.96	0.95
H3	Sample 87	2	1	3	42970	36.96	0.94
H3	Sample 87	2	1	4	47960	36.96	0.94
H3	Sample 87	2	1	5	52980	37	0.94
H3	Sample 87	2	1	6	57970	36.96	0.94
H3	Sample 87	2	1	7	62960	37	0.94
H3	Sample 87	2	1	8	67970	36.96	0.94
H3	Sample 87	2	1	9	72970	37	0.93
H3	Sample 87	2	1	10	77960	37	0.94
H3	Sample 87	2	1	11	82970	37	0.93
H3	Sample 87	2	1	12	87970	37	0.94
H3	Sample 87	2	1	13	92960	36.96	0.93
H3	Sample 87	2	1	14	97970	36.96	0.93
H3	Sample 87	2	1	15	102970	37	0.93
H4	Sample 88	2	1	1	32940	36.91	0.95
H4	Sample 88	2	1	2	37970	36.96	0.96
H4	Sample 88	2	1	3	42970	36.96	0.95
H4	Sample 88	2	1	4	47960	36.96	0.94
H4	Sample 88	2	1	5	52980	37	0.94
H4	Sample 88	2	1	6	57970	36.96	0.93
H4	Sample 88	2	1	7	62960	37	0.93
H4	Sample 88	2	1	8	67970	36.96	0.93
H4	Sample 88	2	1	9	72970	37	0.93
H4	Sample 88	2	1	10	77960	37	0.93
H4	Sample 88	2	1	11	82970	37	0.93
H4	Sample 88	2	1	12	87970	37	0.93
H4	Sample 88	2	1	13	92960	36.96	0.93
H4	Sample 88	2	1	14	97970	36.96	0.92
H4	Sample 88	2	1	15	102970	37	0.93
H5	Sample 89	2	1	1	32940	36.91	2.28
H5	Sample 89	2	1	2	37970	36.96	2.28
H5	Sample 89	2	1	3	42970	36.96	2.27
H5	Sample 89	2	1	4	47960	36.96	2.26
H5	Sample 89	2	1	5	52980	37	2.25
H5	Sample 89	2	1	6	57970	36.96	2.24
H5	Sample 89	2	1	7	62960	37	2.24
H5	Sample 89	2	1	8	67970	36.96	2.24
H5	Sample 89	2	1	9	72970	37	2.24
H5	Sample 89	2	1	10	77960	37	2.23
H5	Sample 89	2	1	11	82970	37	2.22
H5	Sample 89	2	1	12	87970	37	2.22
H5	Sample 89	2	1	13	92960	36.96	2.22
H5	Sample 89	2	1	14	97970	36.96	2.20
H5	Sample 89	2	1	15	102970	37	2.21
H6	Sample 90	2	1	1	32940	36.91	2.12
H6	Sample 90	2	1	2	37970	36.96	2.13
H6	Sample 90	2	1	3	42970	36.96	2.15
H6	Sample 90	2	1	4	47960	36.96	2.15
H6	Sample 90	2	1	5	52980	37	2.14
H6	Sample 90	2	1	6	57970	36.96	2.14
H6	Sample 90	2	1	7	62960	37	2.14
H6	Sample 90	2	1	8	67970	36.96	2.14
H6	Sample 90	2	1	9	72970	37	2.15
H6	Sample 90	2	1	10	77960	37	2.15
H6	Sample 90	2	1	11	82970	37	2.15
H6	Sample 90	2	1	12	87970	37	2.15
H6	Sample 90	2	1	13	92960	36.96	2.15
H6	Sample 90	2	1	14	97970	36.96	2.15
H6	Sample 90	2	1	15	102970	37	2.16
H7	Sample 91	2	1	1	32940	36.91	1.98
H7	Sample 91	2	1	2	37970	36.96	2.01
H7	Sample 91	2	1	3	42970	36.96	2.03
H7	Sample 91	2	1	4	47960	36.96	2.06
H7	Sample 91	2	1	5	52980	37	2.11
H7	Sample 91	2	1	6	57970	36.96	2.12
H7	Sample 91	2	1	7	62960	37	2.14
H7	Sample 91	2	1	8	67970	36.96	2.15
H7	Sample 91	2	1	9	72970	37	2.15
H7	Sample 91	2	1	10	77960	37	2.16
H7	Sample 91	2	1	11	82970	37	2.17
H7	Sample 91	2	1	12	87970	37	2.17
H7	Sample 91	2	1	13	92960	36.96	2.18
H7	Sample 91	2	1	14	97970	36.96	2.17
H7	Sample 91	2	1	15	102970	37	2.18
H8	Sample 92	2	1	1	32940	36.91	2.04
H8	Sample 92	2	1	2	37970	36.96	2.07
H8	Sample 92	2	1	3	42970	36.96	2.08
H8	Sample 92	2	1	4	47960	36.96	2.08
H8	Sample 92	2	1	5	52980	37	2.08
H8	Sample 92	2	1	6	57970	36.96	2.09
H8	Sample 92	2	1	7	62960	37	2.09
H8	Sample 92	2	1	8	67970	36.96	2.10
H8	Sample 92	2	1	9	72970	37	2.09
H8	Sample 92	2	1	10	77960	37	2.09
H8	Sample 92	2	1	11	82970	37	2.09
H8	Sample 92	2	1	12	87970	37	2.09
H8	Sample 92	2	1	13	92960	36.96	2.09
H8	Sample 92	2	1	14	97970	36.96	2.09
H8	Sample 92	2	1	15	102970	37	2.10
H9	Sample 93	2	1	1	32940	36.91	1.22
H9	Sample 93	2	1	2	37970	36.96	1.24
H9	Sample 93	2	1	3	42970	36.96	1.25
H9	Sample 93	2	1	4	47960	36.96	1.26
H9	Sample 93	2	1	5	52980	37	1.25
H9	Sample 93	2	1	6	57970	36.96	1.25
H9	Sample 93	2	1	7	62960	37	1.26
H9	Sample 93	2	1	8	67970	36.96	1.26
H9	Sample 93	2	1	9	72970	37	1.26
H9	Sample 93	2	1	10	77960	37	1.26
H9	Sample 93	2	1	11	82970	37	1.26
H9	Sample 93	2	1	12	87970	37	1.26
H9	Sample 93	2	1	13	92960	36.96	1.27
H9	Sample 93	2	1	14	97970	36.96	1.26
H9	Sample 93	2	1	15	102970	37	1.26
H10	Sample 94	2	1	1	32940	36.91	1.17
H10	Sample 94	2	1	2	37970	36.96	1.18
H10	Sample 94	2	1	3	42970	36.96	1.20
H10	Sample 94	2	1	4	47960	36.96	1.22
H10	Sample 94	2	1	5	52980	37	1.22
H10	Sample 94	2	1	6	57970	36.96	1.22
H10	Sample 94	2	1	7	62960	37	1.23
H10	Sample 94	2	1	8	67970	36.96	1.24
H10	Sample 94	2	1	9	72970	37	1.24
H10	Sample 94	2	1	10	77960	37	1.24
H10	Sample 94	2	1	11	82970	37	1.24
H10	Sample 94	2	1	12	87970	37	1.24
H10	Sample 94	2	1	13	92960	36.96	1.24
H10	Sample 94	2	1	14	97970	36.96	1.23
H10	Sample 94	2	1	15	102970	37	1.24
H11	Sample 95	2	1	1	32940	36.91	1.06
H11	Sample 95	2	1	2	37970	36.96	1.06
H11	Sample 95	2	1	3	42970	36.96	1.06
H11	Sample 95	2	1	4	47960	36.96	1.08
H11	Sample 95	2	1	5	52980	37	1.11
H11	Sample 95	2	1	6	57970	36.96	1.13
H11	Sample 95	2	1	7	62960	37	1.14
H11	Sample 95	2	1	8	67970	36.96	1.16
H11	Sample 95	2	1	9	72970	37	1.17
H11	Sample 95	2	1	10	77960	37	1.18
H11	Sample 95	2	1	11	82970	37	1.18
H11	Sample 95	2	1	12	87970	37	1.19
H11	Sample 95	2	1	13	92960	36.96	1.19
H11	Sample 95	2	1	14	97970	36.96	1.19
H11	Sample 95	2	1	15	102970	37	1.19
H12	Sample 96	2	1	1	32940	36.91	1.17
H12	Sample 96	2	1	2	37970	36.96	1.19
H12	Sample 96	2	1	3	42970	36.96	1.18
H12	Sample 96	2	1	4	47960	36.96	1.18
H12	Sample 96	2	1	5	52980	37	1.18
H12	Sample 96	2	1	6	57970	36.96	1.17
H12	Sample 96	2	1	7	62960	37	1.17
H12	Sample 96	2	1	8	67970	36.96	1.17
H12	Sample 96	2	1	9	72970	37	1.18
H12	Sample 96	2	1	10	77960	37	1.17
H12	Sample 96	2	1	11	82970	37	1.17
H12	Sample 96	2	1	12	87970	37	1.18
H12	Sample 96	2	1	13	92960	36.96	1.18
H12	Sample 96	2	1	14	97970	36.96	1.17
H12	Sample 96	2	1	15	102970	37	1.17
