Raw Data 		Experiment - evIC50_plate1_07APRIL20262 (Run on LCS480 1.5.1.62)					
SamplePos	SampleName	Prog#	Seg#	Cycle#	Time	Temp	465-510
A1	Sample 1	2	1	1	37940	36.96	0.57
A1	Sample 1	2	1	2	50960	37	0.57
A1	Sample 1	2	1	3	63960	37	0.56
A1	Sample 1	2	1	4	76960	37	0.56
A1	Sample 1	2	1	5	89960	36.96	0.56
A1	Sample 1	2	1	6	102960	37	0.56
A1	Sample 1	2	1	7	115960	37	0.57
A1	Sample 1	2	1	8	128960	37	0.56
A1	Sample 1	2	1	9	141970	36.91	0.56
A1	Sample 1	2	1	10	154960	37	0.56
A1	Sample 1	2	1	11	167970	37	0.56
A1	Sample 1	2	1	12	180970	37	0.56
A1	Sample 1	2	1	13	193960	37	0.56
A1	Sample 1	2	1	14	206970	36.96	0.56
A1	Sample 1	2	1	15	219960	37	0.56
A2	Sample 2	2	1	1	37940	36.96	0.58
A2	Sample 2	2	1	2	50960	37	0.57
A2	Sample 2	2	1	3	63960	37	0.57
A2	Sample 2	2	1	4	76960	37	0.58
A2	Sample 2	2	1	5	89960	36.96	0.57
A2	Sample 2	2	1	6	102960	37	0.57
A2	Sample 2	2	1	7	115960	37	0.58
A2	Sample 2	2	1	8	128960	37	0.57
A2	Sample 2	2	1	9	141970	36.91	0.58
A2	Sample 2	2	1	10	154960	37	0.57
A2	Sample 2	2	1	11	167970	37	0.57
A2	Sample 2	2	1	12	180970	37	0.57
A2	Sample 2	2	1	13	193960	37	0.57
A2	Sample 2	2	1	14	206970	36.96	0.56
A2	Sample 2	2	1	15	219960	37	0.57
A3	Sample 3	2	1	1	37940	36.96	0.6
A3	Sample 3	2	1	2	50960	37	0.61
A3	Sample 3	2	1	3	63960	37	0.61
A3	Sample 3	2	1	4	76960	37	0.61
A3	Sample 3	2	1	5	89960	36.96	0.6
A3	Sample 3	2	1	6	102960	37	0.6
A3	Sample 3	2	1	7	115960	37	0.61
A3	Sample 3	2	1	8	128960	37	0.6
A3	Sample 3	2	1	9	141970	36.91	0.6
A3	Sample 3	2	1	10	154960	37	0.6
A3	Sample 3	2	1	11	167970	37	0.59
A3	Sample 3	2	1	12	180970	37	0.6
A3	Sample 3	2	1	13	193960	37	0.6
A3	Sample 3	2	1	14	206970	36.96	0.59
A3	Sample 3	2	1	15	219960	37	0.6
A4	Sample 4	2	1	1	37940	36.96	0.61
A4	Sample 4	2	1	2	50960	37	0.61
A4	Sample 4	2	1	3	63960	37	0.61
A4	Sample 4	2	1	4	76960	37	0.6
A4	Sample 4	2	1	5	89960	36.96	0.61
A4	Sample 4	2	1	6	102960	37	0.6
A4	Sample 4	2	1	7	115960	37	0.61
A4	Sample 4	2	1	8	128960	37	0.61
A4	Sample 4	2	1	9	141970	36.91	0.6
A4	Sample 4	2	1	10	154960	37	0.6
A4	Sample 4	2	1	11	167970	37	0.6
A4	Sample 4	2	1	12	180970	37	0.61
A4	Sample 4	2	1	13	193960	37	0.6
A4	Sample 4	2	1	14	206970	36.96	0.6
A4	Sample 4	2	1	15	219960	37	0.6
A5	Sample 5	2	1	1	37940	36.96	1.39
A5	Sample 5	2	1	2	50960	37	1.4
A5	Sample 5	2	1	3	63960	37	1.4
A5	Sample 5	2	1	4	76960	37	1.4
A5	Sample 5	2	1	5	89960	36.96	1.4
A5	Sample 5	2	1	6	102960	37	1.39
A5	Sample 5	2	1	7	115960	37	1.41
A5	Sample 5	2	1	8	128960	37	1.4
A5	Sample 5	2	1	9	141970	36.91	1.4
A5	Sample 5	2	1	10	154960	37	1.4
A5	Sample 5	2	1	11	167970	37	1.4
A5	Sample 5	2	1	12	180970	37	1.4
A5	Sample 5	2	1	13	193960	37	1.41
A5	Sample 5	2	1	14	206970	36.96	1.4
A5	Sample 5	2	1	15	219960	37	1.4
A6	Sample 6	2	1	1	37940	36.96	1.62
A6	Sample 6	2	1	2	50960	37	1.63
A6	Sample 6	2	1	3	63960	37	1.63
A6	Sample 6	2	1	4	76960	37	1.62
A6	Sample 6	2	1	5	89960	36.96	1.62
A6	Sample 6	2	1	6	102960	37	1.63
A6	Sample 6	2	1	7	115960	37	1.63
A6	Sample 6	2	1	8	128960	37	1.63
A6	Sample 6	2	1	9	141970	36.91	1.63
A6	Sample 6	2	1	10	154960	37	1.63
A6	Sample 6	2	1	11	167970	37	1.63
A6	Sample 6	2	1	12	180970	37	1.63
A6	Sample 6	2	1	13	193960	37	1.63
A6	Sample 6	2	1	14	206970	36.96	1.62
A6	Sample 6	2	1	15	219960	37	1.62
A7	Sample 7	2	1	1	37940	36.96	1.69
A7	Sample 7	2	1	2	50960	37	1.7
A7	Sample 7	2	1	3	63960	37	1.71
A7	Sample 7	2	1	4	76960	37	1.7
A7	Sample 7	2	1	5	89960	36.96	1.71
A7	Sample 7	2	1	6	102960	37	1.71
A7	Sample 7	2	1	7	115960	37	1.71
A7	Sample 7	2	1	8	128960	37	1.71
A7	Sample 7	2	1	9	141970	36.91	1.7
A7	Sample 7	2	1	10	154960	37	1.7
A7	Sample 7	2	1	11	167970	37	1.71
A7	Sample 7	2	1	12	180970	37	1.7
A7	Sample 7	2	1	13	193960	37	1.71
A7	Sample 7	2	1	14	206970	36.96	1.71
A7	Sample 7	2	1	15	219960	37	1.71
A8	Sample 8	2	1	1	37940	36.96	1.75
A8	Sample 8	2	1	2	50960	37	1.75
A8	Sample 8	2	1	3	63960	37	1.75
A8	Sample 8	2	1	4	76960	37	1.75
A8	Sample 8	2	1	5	89960	36.96	1.76
A8	Sample 8	2	1	6	102960	37	1.75
A8	Sample 8	2	1	7	115960	37	1.76
A8	Sample 8	2	1	8	128960	37	1.75
A8	Sample 8	2	1	9	141970	36.91	1.76
A8	Sample 8	2	1	10	154960	37	1.77
A8	Sample 8	2	1	11	167970	37	1.77
A8	Sample 8	2	1	12	180970	37	1.76
A8	Sample 8	2	1	13	193960	37	1.76
A8	Sample 8	2	1	14	206970	36.96	1.76
A8	Sample 8	2	1	15	219960	37	1.75
A9	Sample 9	2	1	1	37940	36.96	1.68
A9	Sample 9	2	1	2	50960	37	1.68
A9	Sample 9	2	1	3	63960	37	1.68
A9	Sample 9	2	1	4	76960	37	1.68
A9	Sample 9	2	1	5	89960	36.96	1.69
A9	Sample 9	2	1	6	102960	37	1.68
A9	Sample 9	2	1	7	115960	37	1.69
A9	Sample 9	2	1	8	128960	37	1.69
A9	Sample 9	2	1	9	141970	36.91	1.69
A9	Sample 9	2	1	10	154960	37	1.69
A9	Sample 9	2	1	11	167970	37	1.69
A9	Sample 9	2	1	12	180970	37	1.69
A9	Sample 9	2	1	13	193960	37	1.69
A9	Sample 9	2	1	14	206970	36.96	1.68
A9	Sample 9	2	1	15	219960	37	1.69
A10	Sample 10	2	1	1	37940	36.96	1.73
A10	Sample 10	2	1	2	50960	37	1.73
A10	Sample 10	2	1	3	63960	37	1.73
A10	Sample 10	2	1	4	76960	37	1.74
A10	Sample 10	2	1	5	89960	36.96	1.74
A10	Sample 10	2	1	6	102960	37	1.74
A10	Sample 10	2	1	7	115960	37	1.74
A10	Sample 10	2	1	8	128960	37	1.74
A10	Sample 10	2	1	9	141970	36.91	1.74
A10	Sample 10	2	1	10	154960	37	1.73
A10	Sample 10	2	1	11	167970	37	1.74
A10	Sample 10	2	1	12	180970	37	1.74
A10	Sample 10	2	1	13	193960	37	1.74
A10	Sample 10	2	1	14	206970	36.96	1.73
A10	Sample 10	2	1	15	219960	37	1.74
A11	Sample 11	2	1	1	37940	36.96	1.6
A11	Sample 11	2	1	2	50960	37	1.62
A11	Sample 11	2	1	3	63960	37	1.61
A11	Sample 11	2	1	4	76960	37	1.61
A11	Sample 11	2	1	5	89960	36.96	1.61
A11	Sample 11	2	1	6	102960	37	1.61
A11	Sample 11	2	1	7	115960	37	1.62
A11	Sample 11	2	1	8	128960	37	1.62
A11	Sample 11	2	1	9	141970	36.91	1.62
A11	Sample 11	2	1	10	154960	37	1.62
A11	Sample 11	2	1	11	167970	37	1.62
A11	Sample 11	2	1	12	180970	37	1.61
A11	Sample 11	2	1	13	193960	37	1.62
A11	Sample 11	2	1	14	206970	36.96	1.61
A11	Sample 11	2	1	15	219960	37	1.61
A12	Sample 12	2	1	1	37940	36.96	1.23
A12	Sample 12	2	1	2	50960	37	1.22
A12	Sample 12	2	1	3	63960	37	1.23
A12	Sample 12	2	1	4	76960	37	1.23
A12	Sample 12	2	1	5	89960	36.96	1.23
A12	Sample 12	2	1	6	102960	37	1.23
A12	Sample 12	2	1	7	115960	37	1.24
A12	Sample 12	2	1	8	128960	37	1.23
A12	Sample 12	2	1	9	141970	36.91	1.23
A12	Sample 12	2	1	10	154960	37	1.23
A12	Sample 12	2	1	11	167970	37	1.23
A12	Sample 12	2	1	12	180970	37	1.23
A12	Sample 12	2	1	13	193960	37	1.24
A12	Sample 12	2	1	14	206970	36.96	1.23
A12	Sample 12	2	1	15	219960	37	1.23
B1	Sample 13	2	1	1	37940	36.96	0.52
B1	Sample 13	2	1	2	50960	37	0.52
B1	Sample 13	2	1	3	63960	37	0.52
B1	Sample 13	2	1	4	76960	37	0.52
B1	Sample 13	2	1	5	89960	36.96	0.52
B1	Sample 13	2	1	6	102960	37	0.52
B1	Sample 13	2	1	7	115960	37	0.52
B1	Sample 13	2	1	8	128960	37	0.52
B1	Sample 13	2	1	9	141970	36.91	0.51
B1	Sample 13	2	1	10	154960	37	0.51
B1	Sample 13	2	1	11	167970	37	0.51
B1	Sample 13	2	1	12	180970	37	0.51
B1	Sample 13	2	1	13	193960	37	0.52
B1	Sample 13	2	1	14	206970	36.96	0.51
B1	Sample 13	2	1	15	219960	37	0.51
B2	Sample 14	2	1	1	37940	36.96	0.52
B2	Sample 14	2	1	2	50960	37	0.52
B2	Sample 14	2	1	3	63960	37	0.52
B2	Sample 14	2	1	4	76960	37	0.52
B2	Sample 14	2	1	5	89960	36.96	0.52
B2	Sample 14	2	1	6	102960	37	0.52
B2	Sample 14	2	1	7	115960	37	0.51
B2	Sample 14	2	1	8	128960	37	0.52
B2	Sample 14	2	1	9	141970	36.91	0.51
B2	Sample 14	2	1	10	154960	37	0.51
B2	Sample 14	2	1	11	167970	37	0.51
B2	Sample 14	2	1	12	180970	37	0.52
B2	Sample 14	2	1	13	193960	37	0.52
B2	Sample 14	2	1	14	206970	36.96	0.51
B2	Sample 14	2	1	15	219960	37	0.51
B3	Sample 15	2	1	1	37940	36.96	0.56
B3	Sample 15	2	1	2	50960	37	0.56
B3	Sample 15	2	1	3	63960	37	0.56
B3	Sample 15	2	1	4	76960	37	0.56
B3	Sample 15	2	1	5	89960	36.96	0.56
B3	Sample 15	2	1	6	102960	37	0.56
B3	Sample 15	2	1	7	115960	37	0.56
B3	Sample 15	2	1	8	128960	37	0.56
B3	Sample 15	2	1	9	141970	36.91	0.56
B3	Sample 15	2	1	10	154960	37	0.55
B3	Sample 15	2	1	11	167970	37	0.56
B3	Sample 15	2	1	12	180970	37	0.55
B3	Sample 15	2	1	13	193960	37	0.56
B3	Sample 15	2	1	14	206970	36.96	0.55
B3	Sample 15	2	1	15	219960	37	0.55
B4	Sample 16	2	1	1	37940	36.96	1.31
B4	Sample 16	2	1	2	50960	37	1.32
B4	Sample 16	2	1	3	63960	37	1.32
B4	Sample 16	2	1	4	76960	37	1.33
B4	Sample 16	2	1	5	89960	36.96	1.32
B4	Sample 16	2	1	6	102960	37	1.32
B4	Sample 16	2	1	7	115960	37	1.32
B4	Sample 16	2	1	8	128960	37	1.32
B4	Sample 16	2	1	9	141970	36.91	1.31
B4	Sample 16	2	1	10	154960	37	1.32
B4	Sample 16	2	1	11	167970	37	1.31
B4	Sample 16	2	1	12	180970	37	1.32
B4	Sample 16	2	1	13	193960	37	1.31
B4	Sample 16	2	1	14	206970	36.96	1.32
B4	Sample 16	2	1	15	219960	37	1.31
B5	Sample 17	2	1	1	37940	36.96	1.65
B5	Sample 17	2	1	2	50960	37	1.65
B5	Sample 17	2	1	3	63960	37	1.65
B5	Sample 17	2	1	4	76960	37	1.66
B5	Sample 17	2	1	5	89960	36.96	1.66
B5	Sample 17	2	1	6	102960	37	1.65
B5	Sample 17	2	1	7	115960	37	1.66
B5	Sample 17	2	1	8	128960	37	1.66
B5	Sample 17	2	1	9	141970	36.91	1.66
B5	Sample 17	2	1	10	154960	37	1.66
B5	Sample 17	2	1	11	167970	37	1.66
B5	Sample 17	2	1	12	180970	37	1.66
B5	Sample 17	2	1	13	193960	37	1.66
B5	Sample 17	2	1	14	206970	36.96	1.66
B5	Sample 17	2	1	15	219960	37	1.66
B6	Sample 18	2	1	1	37940	36.96	1.76
B6	Sample 18	2	1	2	50960	37	1.77
B6	Sample 18	2	1	3	63960	37	1.77
B6	Sample 18	2	1	4	76960	37	1.78
B6	Sample 18	2	1	5	89960	36.96	1.77
B6	Sample 18	2	1	6	102960	37	1.77
B6	Sample 18	2	1	7	115960	37	1.77
B6	Sample 18	2	1	8	128960	37	1.77
B6	Sample 18	2	1	9	141970	36.91	1.77
B6	Sample 18	2	1	10	154960	37	1.76
B6	Sample 18	2	1	11	167970	37	1.77
B6	Sample 18	2	1	12	180970	37	1.77
B6	Sample 18	2	1	13	193960	37	1.77
B6	Sample 18	2	1	14	206970	36.96	1.77
B6	Sample 18	2	1	15	219960	37	1.77
B7	Sample 19	2	1	1	37940	36.96	1.88
B7	Sample 19	2	1	2	50960	37	1.89
B7	Sample 19	2	1	3	63960	37	1.89
B7	Sample 19	2	1	4	76960	37	1.9
B7	Sample 19	2	1	5	89960	36.96	1.89
B7	Sample 19	2	1	6	102960	37	1.9
B7	Sample 19	2	1	7	115960	37	1.89
B7	Sample 19	2	1	8	128960	37	1.89
B7	Sample 19	2	1	9	141970	36.91	1.89
B7	Sample 19	2	1	10	154960	37	1.88
B7	Sample 19	2	1	11	167970	37	1.89
B7	Sample 19	2	1	12	180970	37	1.9
B7	Sample 19	2	1	13	193960	37	1.89
B7	Sample 19	2	1	14	206970	36.96	1.89
B7	Sample 19	2	1	15	219960	37	1.89
B8	Sample 20	2	1	1	37940	36.96	1.76
B8	Sample 20	2	1	2	50960	37	1.77
B8	Sample 20	2	1	3	63960	37	1.77
B8	Sample 20	2	1	4	76960	37	1.77
B8	Sample 20	2	1	5	89960	36.96	1.78
B8	Sample 20	2	1	6	102960	37	1.78
B8	Sample 20	2	1	7	115960	37	1.77
B8	Sample 20	2	1	8	128960	37	1.78
B8	Sample 20	2	1	9	141970	36.91	1.78
B8	Sample 20	2	1	10	154960	37	1.77
B8	Sample 20	2	1	11	167970	37	1.78
B8	Sample 20	2	1	12	180970	37	1.77
B8	Sample 20	2	1	13	193960	37	1.78
B8	Sample 20	2	1	14	206970	36.96	1.77
B8	Sample 20	2	1	15	219960	37	1.77
B9	Sample 21	2	1	1	37940	36.96	2.01
B9	Sample 21	2	1	2	50960	37	2.02
B9	Sample 21	2	1	3	63960	37	2
B9	Sample 21	2	1	4	76960	37	2.02
B9	Sample 21	2	1	5	89960	36.96	2.02
B9	Sample 21	2	1	6	102960	37	2.02
B9	Sample 21	2	1	7	115960	37	2.01
B9	Sample 21	2	1	8	128960	37	2.02
B9	Sample 21	2	1	9	141970	36.91	2.02
B9	Sample 21	2	1	10	154960	37	2.02
B9	Sample 21	2	1	11	167970	37	2.02
B9	Sample 21	2	1	12	180970	37	2.02
B9	Sample 21	2	1	13	193960	37	2.02
B9	Sample 21	2	1	14	206970	36.96	2.01
B9	Sample 21	2	1	15	219960	37	2.01
B10	Sample 22	2	1	1	37940	36.96	2.2
B10	Sample 22	2	1	2	50960	37	2.22
B10	Sample 22	2	1	3	63960	37	2.21
B10	Sample 22	2	1	4	76960	37	2.23
B10	Sample 22	2	1	5	89960	36.96	2.23
B10	Sample 22	2	1	6	102960	37	2.23
B10	Sample 22	2	1	7	115960	37	2.23
B10	Sample 22	2	1	8	128960	37	2.23
B10	Sample 22	2	1	9	141970	36.91	2.22
B10	Sample 22	2	1	10	154960	37	2.23
B10	Sample 22	2	1	11	167970	37	2.23
B10	Sample 22	2	1	12	180970	37	2.22
B10	Sample 22	2	1	13	193960	37	2.23
B10	Sample 22	2	1	14	206970	36.96	2.23
B10	Sample 22	2	1	15	219960	37	2.23
B11	Sample 23	2	1	1	37940	36.96	2.41
B11	Sample 23	2	1	2	50960	37	2.42
B11	Sample 23	2	1	3	63960	37	2.43
B11	Sample 23	2	1	4	76960	37	2.43
B11	Sample 23	2	1	5	89960	36.96	2.44
B11	Sample 23	2	1	6	102960	37	2.44
B11	Sample 23	2	1	7	115960	37	2.44
B11	Sample 23	2	1	8	128960	37	2.44
B11	Sample 23	2	1	9	141970	36.91	2.45
B11	Sample 23	2	1	10	154960	37	2.45
B11	Sample 23	2	1	11	167970	37	2.45
B11	Sample 23	2	1	12	180970	37	2.45
B11	Sample 23	2	1	13	193960	37	2.46
B11	Sample 23	2	1	14	206970	36.96	2.45
B11	Sample 23	2	1	15	219960	37	2.46
B12	Sample 24	2	1	1	37940	36.96	2.06
B12	Sample 24	2	1	2	50960	37	2.06
B12	Sample 24	2	1	3	63960	37	2.07
B12	Sample 24	2	1	4	76960	37	2.08
B12	Sample 24	2	1	5	89960	36.96	2.08
B12	Sample 24	2	1	6	102960	37	2.08
B12	Sample 24	2	1	7	115960	37	2.08
B12	Sample 24	2	1	8	128960	37	2.08
B12	Sample 24	2	1	9	141970	36.91	2.08
B12	Sample 24	2	1	10	154960	37	2.08
B12	Sample 24	2	1	11	167970	37	2.09
B12	Sample 24	2	1	12	180970	37	2.08
B12	Sample 24	2	1	13	193960	37	2.09
B12	Sample 24	2	1	14	206970	36.96	2.08
B12	Sample 24	2	1	15	219960	37	2.08
C1	Sample 25	2	1	1	37940	36.96	1.01
C1	Sample 25	2	1	2	50960	37	1.01
C1	Sample 25	2	1	3	63960	37	1.01
C1	Sample 25	2	1	4	76960	37	1.02
C1	Sample 25	2	1	5	89960	36.96	1.01
C1	Sample 25	2	1	6	102960	37	1.01
C1	Sample 25	2	1	7	115960	37	1.01
C1	Sample 25	2	1	8	128960	37	1
C1	Sample 25	2	1	9	141970	36.91	1.01
C1	Sample 25	2	1	10	154960	37	1.01
C1	Sample 25	2	1	11	167970	37	1.02
C1	Sample 25	2	1	12	180970	37	1.01
C1	Sample 25	2	1	13	193960	37	1.02
C1	Sample 25	2	1	14	206970	36.96	1.02
C1	Sample 25	2	1	15	219960	37	1.02
C2	Sample 26	2	1	1	37940	36.96	0.54
C2	Sample 26	2	1	2	50960	37	0.54
C2	Sample 26	2	1	3	63960	37	0.54
C2	Sample 26	2	1	4	76960	37	0.55
C2	Sample 26	2	1	5	89960	36.96	0.54
C2	Sample 26	2	1	6	102960	37	0.55
C2	Sample 26	2	1	7	115960	37	0.54
C2	Sample 26	2	1	8	128960	37	0.54
C2	Sample 26	2	1	9	141970	36.91	0.54
C2	Sample 26	2	1	10	154960	37	0.55
C2	Sample 26	2	1	11	167970	37	0.54
C2	Sample 26	2	1	12	180970	37	0.54
C2	Sample 26	2	1	13	193960	37	0.54
C2	Sample 26	2	1	14	206970	36.96	0.54
C2	Sample 26	2	1	15	219960	37	0.54
C3	Sample 27	2	1	1	37940	36.96	0.6
C3	Sample 27	2	1	2	50960	37	0.59
C3	Sample 27	2	1	3	63960	37	0.59
C3	Sample 27	2	1	4	76960	37	0.6
C3	Sample 27	2	1	5	89960	36.96	0.59
C3	Sample 27	2	1	6	102960	37	0.59
C3	Sample 27	2	1	7	115960	37	0.59
C3	Sample 27	2	1	8	128960	37	0.6
C3	Sample 27	2	1	9	141970	36.91	0.59
C3	Sample 27	2	1	10	154960	37	0.59
C3	Sample 27	2	1	11	167970	37	0.59
C3	Sample 27	2	1	12	180970	37	0.58
C3	Sample 27	2	1	13	193960	37	0.59
C3	Sample 27	2	1	14	206970	36.96	0.59
C3	Sample 27	2	1	15	219960	37	0.58
C4	Sample 28	2	1	1	37940	36.96	0.61
C4	Sample 28	2	1	2	50960	37	0.62
C4	Sample 28	2	1	3	63960	37	0.61
C4	Sample 28	2	1	4	76960	37	0.62
C4	Sample 28	2	1	5	89960	36.96	0.62
C4	Sample 28	2	1	6	102960	37	0.61
C4	Sample 28	2	1	7	115960	37	0.62
C4	Sample 28	2	1	8	128960	37	0.61
C4	Sample 28	2	1	9	141970	36.91	0.61
C4	Sample 28	2	1	10	154960	37	0.61
C4	Sample 28	2	1	11	167970	37	0.61
C4	Sample 28	2	1	12	180970	37	0.61
C4	Sample 28	2	1	13	193960	37	0.61
C4	Sample 28	2	1	14	206970	36.96	0.61
C4	Sample 28	2	1	15	219960	37	0.61
C5	Sample 29	2	1	1	37940	36.96	1.6
C5	Sample 29	2	1	2	50960	37	1.6
C5	Sample 29	2	1	3	63960	37	1.6
C5	Sample 29	2	1	4	76960	37	1.61
C5	Sample 29	2	1	5	89960	36.96	1.6
C5	Sample 29	2	1	6	102960	37	1.6
C5	Sample 29	2	1	7	115960	37	1.61
C5	Sample 29	2	1	8	128960	37	1.61
C5	Sample 29	2	1	9	141970	36.91	1.61
C5	Sample 29	2	1	10	154960	37	1.61
C5	Sample 29	2	1	11	167970	37	1.61
C5	Sample 29	2	1	12	180970	37	1.61
C5	Sample 29	2	1	13	193960	37	1.61
C5	Sample 29	2	1	14	206970	36.96	1.61
C5	Sample 29	2	1	15	219960	37	1.61
C6	Sample 30	2	1	1	37940	36.96	1.56
C6	Sample 30	2	1	2	50960	37	1.57
C6	Sample 30	2	1	3	63960	37	1.56
C6	Sample 30	2	1	4	76960	37	1.56
C6	Sample 30	2	1	5	89960	36.96	1.57
C6	Sample 30	2	1	6	102960	37	1.56
C6	Sample 30	2	1	7	115960	37	1.57
C6	Sample 30	2	1	8	128960	37	1.56
C6	Sample 30	2	1	9	141970	36.91	1.56
C6	Sample 30	2	1	10	154960	37	1.57
C6	Sample 30	2	1	11	167970	37	1.56
C6	Sample 30	2	1	12	180970	37	1.56
C6	Sample 30	2	1	13	193960	37	1.57
C6	Sample 30	2	1	14	206970	36.96	1.56
C6	Sample 30	2	1	15	219960	37	1.57
C7	Sample 31	2	1	1	37940	36.96	0.69
C7	Sample 31	2	1	2	50960	37	0.69
C7	Sample 31	2	1	3	63960	37	0.69
C7	Sample 31	2	1	4	76960	37	0.7
C7	Sample 31	2	1	5	89960	36.96	0.69
C7	Sample 31	2	1	6	102960	37	0.69
C7	Sample 31	2	1	7	115960	37	0.69
C7	Sample 31	2	1	8	128960	37	0.69
C7	Sample 31	2	1	9	141970	36.91	0.69
C7	Sample 31	2	1	10	154960	37	0.68
C7	Sample 31	2	1	11	167970	37	0.69
C7	Sample 31	2	1	12	180970	37	0.68
C7	Sample 31	2	1	13	193960	37	0.69
C7	Sample 31	2	1	14	206970	36.96	0.69
C7	Sample 31	2	1	15	219960	37	0.68
C8	Sample 32	2	1	1	37940	36.96	1.95
C8	Sample 32	2	1	2	50960	37	1.95
C8	Sample 32	2	1	3	63960	37	1.95
C8	Sample 32	2	1	4	76960	37	1.96
C8	Sample 32	2	1	5	89960	36.96	1.96
C8	Sample 32	2	1	6	102960	37	1.96
C8	Sample 32	2	1	7	115960	37	1.97
C8	Sample 32	2	1	8	128960	37	1.96
C8	Sample 32	2	1	9	141970	36.91	1.96
C8	Sample 32	2	1	10	154960	37	1.96
C8	Sample 32	2	1	11	167970	37	1.96
C8	Sample 32	2	1	12	180970	37	1.96
C8	Sample 32	2	1	13	193960	37	1.97
C8	Sample 32	2	1	14	206970	36.96	1.96
C8	Sample 32	2	1	15	219960	37	1.97
C9	Sample 33	2	1	1	37940	36.96	2.38
C9	Sample 33	2	1	2	50960	37	2.39
C9	Sample 33	2	1	3	63960	37	2.38
C9	Sample 33	2	1	4	76960	37	2.4
C9	Sample 33	2	1	5	89960	36.96	2.38
C9	Sample 33	2	1	6	102960	37	2.39
C9	Sample 33	2	1	7	115960	37	2.4
C9	Sample 33	2	1	8	128960	37	2.4
C9	Sample 33	2	1	9	141970	36.91	2.4
C9	Sample 33	2	1	10	154960	37	2.4
C9	Sample 33	2	1	11	167970	37	2.4
C9	Sample 33	2	1	12	180970	37	2.41
C9	Sample 33	2	1	13	193960	37	2.41
C9	Sample 33	2	1	14	206970	36.96	2.4
C9	Sample 33	2	1	15	219960	37	2.4
C10	Sample 34	2	1	1	37940	36.96	2.23
C10	Sample 34	2	1	2	50960	37	2.26
C10	Sample 34	2	1	3	63960	37	2.26
C10	Sample 34	2	1	4	76960	37	2.27
C10	Sample 34	2	1	5	89960	36.96	2.28
C10	Sample 34	2	1	6	102960	37	2.28
C10	Sample 34	2	1	7	115960	37	2.3
C10	Sample 34	2	1	8	128960	37	2.29
C10	Sample 34	2	1	9	141970	36.91	2.3
C10	Sample 34	2	1	10	154960	37	2.3
C10	Sample 34	2	1	11	167970	37	2.31
C10	Sample 34	2	1	12	180970	37	2.31
C10	Sample 34	2	1	13	193960	37	2.32
C10	Sample 34	2	1	14	206970	36.96	2.31
C10	Sample 34	2	1	15	219960	37	2.31
C11	Sample 35	2	1	1	37940	36.96	2.06
C11	Sample 35	2	1	2	50960	37	2.07
C11	Sample 35	2	1	3	63960	37	2.07
C11	Sample 35	2	1	4	76960	37	2.09
C11	Sample 35	2	1	5	89960	36.96	2.1
C11	Sample 35	2	1	6	102960	37	2.1
C11	Sample 35	2	1	7	115960	37	2.11
C11	Sample 35	2	1	8	128960	37	2.11
C11	Sample 35	2	1	9	141970	36.91	2.11
C11	Sample 35	2	1	10	154960	37	2.12
C11	Sample 35	2	1	11	167970	37	2.12
C11	Sample 35	2	1	12	180970	37	2.12
C11	Sample 35	2	1	13	193960	37	2.13
C11	Sample 35	2	1	14	206970	36.96	2.13
C11	Sample 35	2	1	15	219960	37	2.14
C12	Sample 36	2	1	1	37940	36.96	1.83
C12	Sample 36	2	1	2	50960	37	1.86
C12	Sample 36	2	1	3	63960	37	1.86
C12	Sample 36	2	1	4	76960	37	1.88
C12	Sample 36	2	1	5	89960	36.96	1.89
C12	Sample 36	2	1	6	102960	37	1.89
C12	Sample 36	2	1	7	115960	37	1.89
C12	Sample 36	2	1	8	128960	37	1.89
C12	Sample 36	2	1	9	141970	36.91	1.9
C12	Sample 36	2	1	10	154960	37	1.9
C12	Sample 36	2	1	11	167970	37	1.91
C12	Sample 36	2	1	12	180970	37	1.91
C12	Sample 36	2	1	13	193960	37	1.91
C12	Sample 36	2	1	14	206970	36.96	1.91
C12	Sample 36	2	1	15	219960	37	1.91
D1	Sample 37	2	1	1	37940	36.96	0.56
D1	Sample 37	2	1	2	50960	37	0.57
D1	Sample 37	2	1	3	63960	37	0.57
D1	Sample 37	2	1	4	76960	37	0.57
D1	Sample 37	2	1	5	89960	36.96	0.57
D1	Sample 37	2	1	6	102960	37	0.57
D1	Sample 37	2	1	7	115960	37	0.57
D1	Sample 37	2	1	8	128960	37	0.57
D1	Sample 37	2	1	9	141970	36.91	0.57
D1	Sample 37	2	1	10	154960	37	0.57
D1	Sample 37	2	1	11	167970	37	0.57
D1	Sample 37	2	1	12	180970	37	0.56
D1	Sample 37	2	1	13	193960	37	0.56
D1	Sample 37	2	1	14	206970	36.96	0.56
D1	Sample 37	2	1	15	219960	37	0.57
D2	Sample 38	2	1	1	37940	36.96	0.55
D2	Sample 38	2	1	2	50960	37	0.57
D2	Sample 38	2	1	3	63960	37	0.56
D2	Sample 38	2	1	4	76960	37	0.57
D2	Sample 38	2	1	5	89960	36.96	0.56
D2	Sample 38	2	1	6	102960	37	0.56
D2	Sample 38	2	1	7	115960	37	0.56
D2	Sample 38	2	1	8	128960	37	0.57
D2	Sample 38	2	1	9	141970	36.91	0.57
D2	Sample 38	2	1	10	154960	37	0.56
D2	Sample 38	2	1	11	167970	37	0.57
D2	Sample 38	2	1	12	180970	37	0.57
D2	Sample 38	2	1	13	193960	37	0.56
D2	Sample 38	2	1	14	206970	36.96	0.56
D2	Sample 38	2	1	15	219960	37	0.56
D3	Sample 39	2	1	1	37940	36.96	0.57
D3	Sample 39	2	1	2	50960	37	0.59
D3	Sample 39	2	1	3	63960	37	0.59
D3	Sample 39	2	1	4	76960	37	0.59
D3	Sample 39	2	1	5	89960	36.96	0.59
D3	Sample 39	2	1	6	102960	37	0.58
D3	Sample 39	2	1	7	115960	37	0.59
D3	Sample 39	2	1	8	128960	37	0.58
D3	Sample 39	2	1	9	141970	36.91	0.59
D3	Sample 39	2	1	10	154960	37	0.58
D3	Sample 39	2	1	11	167970	37	0.59
D3	Sample 39	2	1	12	180970	37	0.59
D3	Sample 39	2	1	13	193960	37	0.59
D3	Sample 39	2	1	14	206970	36.96	0.59
D3	Sample 39	2	1	15	219960	37	0.59
D4	Sample 40	2	1	1	37940	36.96	1.53
D4	Sample 40	2	1	2	50960	37	1.55
D4	Sample 40	2	1	3	63960	37	1.54
D4	Sample 40	2	1	4	76960	37	1.55
D4	Sample 40	2	1	5	89960	36.96	1.54
D4	Sample 40	2	1	6	102960	37	1.55
D4	Sample 40	2	1	7	115960	37	1.55
D4	Sample 40	2	1	8	128960	37	1.55
D4	Sample 40	2	1	9	141970	36.91	1.55
D4	Sample 40	2	1	10	154960	37	1.55
D4	Sample 40	2	1	11	167970	37	1.55
D4	Sample 40	2	1	12	180970	37	1.55
D4	Sample 40	2	1	13	193960	37	1.55
D4	Sample 40	2	1	14	206970	36.96	1.55
D4	Sample 40	2	1	15	219960	37	1.55
D5	Sample 41	2	1	1	37940	36.96	1.48
D5	Sample 41	2	1	2	50960	37	1.5
D5	Sample 41	2	1	3	63960	37	1.5
D5	Sample 41	2	1	4	76960	37	1.5
D5	Sample 41	2	1	5	89960	36.96	1.49
D5	Sample 41	2	1	6	102960	37	1.49
D5	Sample 41	2	1	7	115960	37	1.49
D5	Sample 41	2	1	8	128960	37	1.5
D5	Sample 41	2	1	9	141970	36.91	1.5
D5	Sample 41	2	1	10	154960	37	1.5
D5	Sample 41	2	1	11	167970	37	1.49
D5	Sample 41	2	1	12	180970	37	1.5
D5	Sample 41	2	1	13	193960	37	1.5
D5	Sample 41	2	1	14	206970	36.96	1.5
D5	Sample 41	2	1	15	219960	37	1.5
D6	Sample 42	2	1	1	37940	36.96	1.34
D6	Sample 42	2	1	2	50960	37	1.36
D6	Sample 42	2	1	3	63960	37	1.34
D6	Sample 42	2	1	4	76960	37	1.35
D6	Sample 42	2	1	5	89960	36.96	1.35
D6	Sample 42	2	1	6	102960	37	1.34
D6	Sample 42	2	1	7	115960	37	1.35
D6	Sample 42	2	1	8	128960	37	1.35
D6	Sample 42	2	1	9	141970	36.91	1.35
D6	Sample 42	2	1	10	154960	37	1.35
D6	Sample 42	2	1	11	167970	37	1.36
D6	Sample 42	2	1	12	180970	37	1.35
D6	Sample 42	2	1	13	193960	37	1.35
D6	Sample 42	2	1	14	206970	36.96	1.34
D6	Sample 42	2	1	15	219960	37	1.34
D7	Sample 43	2	1	1	37940	36.96	0.65
D7	Sample 43	2	1	2	50960	37	0.66
D7	Sample 43	2	1	3	63960	37	0.66
D7	Sample 43	2	1	4	76960	37	0.67
D7	Sample 43	2	1	5	89960	36.96	0.66
D7	Sample 43	2	1	6	102960	37	0.66
D7	Sample 43	2	1	7	115960	37	0.66
D7	Sample 43	2	1	8	128960	37	0.66
D7	Sample 43	2	1	9	141970	36.91	0.66
D7	Sample 43	2	1	10	154960	37	0.65
D7	Sample 43	2	1	11	167970	37	0.66
D7	Sample 43	2	1	12	180970	37	0.66
D7	Sample 43	2	1	13	193960	37	0.66
D7	Sample 43	2	1	14	206970	36.96	0.65
D7	Sample 43	2	1	15	219960	37	0.66
D8	Sample 44	2	1	1	37940	36.96	2.12
D8	Sample 44	2	1	2	50960	37	2.13
D8	Sample 44	2	1	3	63960	37	2.14
D8	Sample 44	2	1	4	76960	37	2.14
D8	Sample 44	2	1	5	89960	36.96	2.14
D8	Sample 44	2	1	6	102960	37	2.15
D8	Sample 44	2	1	7	115960	37	2.14
D8	Sample 44	2	1	8	128960	37	2.15
D8	Sample 44	2	1	9	141970	36.91	2.14
D8	Sample 44	2	1	10	154960	37	2.14
D8	Sample 44	2	1	11	167970	37	2.13
D8	Sample 44	2	1	12	180970	37	2.14
D8	Sample 44	2	1	13	193960	37	2.14
D8	Sample 44	2	1	14	206970	36.96	2.14
D8	Sample 44	2	1	15	219960	37	2.14
D9	Sample 45	2	1	1	37940	36.96	1.03
D9	Sample 45	2	1	2	50960	37	1.04
D9	Sample 45	2	1	3	63960	37	1.06
D9	Sample 45	2	1	4	76960	37	1.24
D9	Sample 45	2	1	5	89960	36.96	1.69
D9	Sample 45	2	1	6	102960	37	1.75
D9	Sample 45	2	1	7	115960	37	1.79
D9	Sample 45	2	1	8	128960	37	1.81
D9	Sample 45	2	1	9	141970	36.91	1.82
D9	Sample 45	2	1	10	154960	37	1.84
D9	Sample 45	2	1	11	167970	37	1.84
D9	Sample 45	2	1	12	180970	37	1.85
D9	Sample 45	2	1	13	193960	37	1.86
D9	Sample 45	2	1	14	206970	36.96	1.85
D9	Sample 45	2	1	15	219960	37	1.86
D10	Sample 46	2	1	1	37940	36.96	0.73
D10	Sample 46	2	1	2	50960	37	0.75
D10	Sample 46	2	1	3	63960	37	0.74
D10	Sample 46	2	1	4	76960	37	0.74
D10	Sample 46	2	1	5	89960	36.96	0.74
D10	Sample 46	2	1	6	102960	37	0.74
D10	Sample 46	2	1	7	115960	37	0.75
D10	Sample 46	2	1	8	128960	37	0.75
D10	Sample 46	2	1	9	141970	36.91	0.74
D10	Sample 46	2	1	10	154960	37	0.74
D10	Sample 46	2	1	11	167970	37	0.74
D10	Sample 46	2	1	12	180970	37	0.74
D10	Sample 46	2	1	13	193960	37	0.75
D10	Sample 46	2	1	14	206970	36.96	0.74
D10	Sample 46	2	1	15	219960	37	0.74
D11	Sample 47	2	1	1	37940	36.96	1.89
D11	Sample 47	2	1	2	50960	37	1.91
D11	Sample 47	2	1	3	63960	37	1.91
D11	Sample 47	2	1	4	76960	37	1.92
D11	Sample 47	2	1	5	89960	36.96	1.93
D11	Sample 47	2	1	6	102960	37	1.93
D11	Sample 47	2	1	7	115960	37	1.93
D11	Sample 47	2	1	8	128960	37	1.93
D11	Sample 47	2	1	9	141970	36.91	1.93
D11	Sample 47	2	1	10	154960	37	1.94
D11	Sample 47	2	1	11	167970	37	1.94
D11	Sample 47	2	1	12	180970	37	1.94
D11	Sample 47	2	1	13	193960	37	1.95
D11	Sample 47	2	1	14	206970	36.96	1.95
D11	Sample 47	2	1	15	219960	37	1.95
D12	Sample 48	2	1	1	37940	36.96	1.57
D12	Sample 48	2	1	2	50960	37	1.59
D12	Sample 48	2	1	3	63960	37	1.59
D12	Sample 48	2	1	4	76960	37	1.61
D12	Sample 48	2	1	5	89960	36.96	1.59
D12	Sample 48	2	1	6	102960	37	1.6
D12	Sample 48	2	1	7	115960	37	1.62
D12	Sample 48	2	1	8	128960	37	1.62
D12	Sample 48	2	1	9	141970	36.91	1.62
D12	Sample 48	2	1	10	154960	37	1.62
D12	Sample 48	2	1	11	167970	37	1.63
D12	Sample 48	2	1	12	180970	37	1.63
D12	Sample 48	2	1	13	193960	37	1.63
D12	Sample 48	2	1	14	206970	36.96	1.63
D12	Sample 48	2	1	15	219960	37	1.63
E1	Sample 49	2	1	1	37940	36.96	0.56
E1	Sample 49	2	1	2	50960	37	0.57
E1	Sample 49	2	1	3	63960	37	0.56
E1	Sample 49	2	1	4	76960	37	0.58
E1	Sample 49	2	1	5	89960	36.96	0.57
E1	Sample 49	2	1	6	102960	37	0.57
E1	Sample 49	2	1	7	115960	37	0.57
E1	Sample 49	2	1	8	128960	37	0.57
E1	Sample 49	2	1	9	141970	36.91	0.57
E1	Sample 49	2	1	10	154960	37	0.57
E1	Sample 49	2	1	11	167970	37	0.57
E1	Sample 49	2	1	12	180970	37	0.56
E1	Sample 49	2	1	13	193960	37	0.57
E1	Sample 49	2	1	14	206970	36.96	0.56
E1	Sample 49	2	1	15	219960	37	0.56
E2	Sample 50	2	1	1	37940	36.96	0.56
E2	Sample 50	2	1	2	50960	37	0.56
E2	Sample 50	2	1	3	63960	37	0.55
E2	Sample 50	2	1	4	76960	37	0.56
E2	Sample 50	2	1	5	89960	36.96	0.56
E2	Sample 50	2	1	6	102960	37	0.56
E2	Sample 50	2	1	7	115960	37	0.56
E2	Sample 50	2	1	8	128960	37	0.55
E2	Sample 50	2	1	9	141970	36.91	0.56
E2	Sample 50	2	1	10	154960	37	0.56
E2	Sample 50	2	1	11	167970	37	0.55
E2	Sample 50	2	1	12	180970	37	0.55
E2	Sample 50	2	1	13	193960	37	0.56
E2	Sample 50	2	1	14	206970	36.96	0.56
E2	Sample 50	2	1	15	219960	37	0.56
E3	Sample 51	2	1	1	37940	36.96	0.6
E3	Sample 51	2	1	2	50960	37	0.6
E3	Sample 51	2	1	3	63960	37	0.6
E3	Sample 51	2	1	4	76960	37	0.61
E3	Sample 51	2	1	5	89960	36.96	0.61
E3	Sample 51	2	1	6	102960	37	0.6
E3	Sample 51	2	1	7	115960	37	0.6
E3	Sample 51	2	1	8	128960	37	0.6
E3	Sample 51	2	1	9	141970	36.91	0.6
E3	Sample 51	2	1	10	154960	37	0.6
E3	Sample 51	2	1	11	167970	37	0.6
E3	Sample 51	2	1	12	180970	37	0.6
E3	Sample 51	2	1	13	193960	37	0.6
E3	Sample 51	2	1	14	206970	36.96	0.59
E3	Sample 51	2	1	15	219960	37	0.59
E4	Sample 52	2	1	1	37940	36.96	1.5
E4	Sample 52	2	1	2	50960	37	1.51
E4	Sample 52	2	1	3	63960	37	1.52
E4	Sample 52	2	1	4	76960	37	1.52
E4	Sample 52	2	1	5	89960	36.96	1.52
E4	Sample 52	2	1	6	102960	37	1.52
E4	Sample 52	2	1	7	115960	37	1.52
E4	Sample 52	2	1	8	128960	37	1.52
E4	Sample 52	2	1	9	141970	36.91	1.52
E4	Sample 52	2	1	10	154960	37	1.52
E4	Sample 52	2	1	11	167970	37	1.52
E4	Sample 52	2	1	12	180970	37	1.51
E4	Sample 52	2	1	13	193960	37	1.52
E4	Sample 52	2	1	14	206970	36.96	1.52
E4	Sample 52	2	1	15	219960	37	1.52
E5	Sample 53	2	1	1	37940	36.96	1.67
E5	Sample 53	2	1	2	50960	37	1.68
E5	Sample 53	2	1	3	63960	37	1.68
E5	Sample 53	2	1	4	76960	37	1.68
E5	Sample 53	2	1	5	89960	36.96	1.68
E5	Sample 53	2	1	6	102960	37	1.69
E5	Sample 53	2	1	7	115960	37	1.69
E5	Sample 53	2	1	8	128960	37	1.68
E5	Sample 53	2	1	9	141970	36.91	1.68
E5	Sample 53	2	1	10	154960	37	1.69
E5	Sample 53	2	1	11	167970	37	1.68
E5	Sample 53	2	1	12	180970	37	1.68
E5	Sample 53	2	1	13	193960	37	1.69
E5	Sample 53	2	1	14	206970	36.96	1.68
E5	Sample 53	2	1	15	219960	37	1.68
E6	Sample 54	2	1	1	37940	36.96	0.66
E6	Sample 54	2	1	2	50960	37	0.67
E6	Sample 54	2	1	3	63960	37	0.66
E6	Sample 54	2	1	4	76960	37	0.66
E6	Sample 54	2	1	5	89960	36.96	0.66
E6	Sample 54	2	1	6	102960	37	0.67
E6	Sample 54	2	1	7	115960	37	0.66
E6	Sample 54	2	1	8	128960	37	0.66
E6	Sample 54	2	1	9	141970	36.91	0.66
E6	Sample 54	2	1	10	154960	37	0.66
E6	Sample 54	2	1	11	167970	37	0.66
E6	Sample 54	2	1	12	180970	37	0.66
E6	Sample 54	2	1	13	193960	37	0.66
E6	Sample 54	2	1	14	206970	36.96	0.66
E6	Sample 54	2	1	15	219960	37	0.66
E7	Sample 55	2	1	1	37940	36.96	1.58
E7	Sample 55	2	1	2	50960	37	1.59
E7	Sample 55	2	1	3	63960	37	1.59
E7	Sample 55	2	1	4	76960	37	1.6
E7	Sample 55	2	1	5	89960	36.96	1.6
E7	Sample 55	2	1	6	102960	37	1.61
E7	Sample 55	2	1	7	115960	37	1.61
E7	Sample 55	2	1	8	128960	37	1.61
E7	Sample 55	2	1	9	141970	36.91	1.61
E7	Sample 55	2	1	10	154960	37	1.61
E7	Sample 55	2	1	11	167970	37	1.61
E7	Sample 55	2	1	12	180970	37	1.62
E7	Sample 55	2	1	13	193960	37	1.62
E7	Sample 55	2	1	14	206970	36.96	1.61
E7	Sample 55	2	1	15	219960	37	1.62
E8	Sample 56	2	1	1	37940	36.96	2.16
E8	Sample 56	2	1	2	50960	37	2.17
E8	Sample 56	2	1	3	63960	37	2.17
E8	Sample 56	2	1	4	76960	37	2.17
E8	Sample 56	2	1	5	89960	36.96	2.18
E8	Sample 56	2	1	6	102960	37	2.18
E8	Sample 56	2	1	7	115960	37	2.17
E8	Sample 56	2	1	8	128960	37	2.18
E8	Sample 56	2	1	9	141970	36.91	2.18
E8	Sample 56	2	1	10	154960	37	2.17
E8	Sample 56	2	1	11	167970	37	2.17
E8	Sample 56	2	1	12	180970	37	2.18
E8	Sample 56	2	1	13	193960	37	2.18
E8	Sample 56	2	1	14	206970	36.96	2.18
E8	Sample 56	2	1	15	219960	37	2.19
E9	Sample 57	2	1	1	37940	36.96	0.59
E9	Sample 57	2	1	2	50960	37	0.59
E9	Sample 57	2	1	3	63960	37	0.59
E9	Sample 57	2	1	4	76960	37	0.59
E9	Sample 57	2	1	5	89960	36.96	0.59
E9	Sample 57	2	1	6	102960	37	0.58
E9	Sample 57	2	1	7	115960	37	0.59
E9	Sample 57	2	1	8	128960	37	0.58
E9	Sample 57	2	1	9	141970	36.91	0.59
E9	Sample 57	2	1	10	154960	37	0.58
E9	Sample 57	2	1	11	167970	37	0.58
E9	Sample 57	2	1	12	180970	37	0.58
E9	Sample 57	2	1	13	193960	37	0.58
E9	Sample 57	2	1	14	206970	36.96	0.58
E9	Sample 57	2	1	15	219960	37	0.58
E10	Sample 58	2	1	1	37940	36.96	2.22
E10	Sample 58	2	1	2	50960	37	2.23
E10	Sample 58	2	1	3	63960	37	2.24
E10	Sample 58	2	1	4	76960	37	2.25
E10	Sample 58	2	1	5	89960	36.96	2.25
E10	Sample 58	2	1	6	102960	37	2.26
E10	Sample 58	2	1	7	115960	37	2.26
E10	Sample 58	2	1	8	128960	37	2.26
E10	Sample 58	2	1	9	141970	36.91	2.28
E10	Sample 58	2	1	10	154960	37	2.27
E10	Sample 58	2	1	11	167970	37	2.27
E10	Sample 58	2	1	12	180970	37	2.27
E10	Sample 58	2	1	13	193960	37	2.27
E10	Sample 58	2	1	14	206970	36.96	2.27
E10	Sample 58	2	1	15	219960	37	2.27
E11	Sample 59	2	1	1	37940	36.96	2.22
E11	Sample 59	2	1	2	50960	37	2.23
E11	Sample 59	2	1	3	63960	37	2.23
E11	Sample 59	2	1	4	76960	37	2.25
E11	Sample 59	2	1	5	89960	36.96	2.25
E11	Sample 59	2	1	6	102960	37	2.26
E11	Sample 59	2	1	7	115960	37	2.25
E11	Sample 59	2	1	8	128960	37	2.25
E11	Sample 59	2	1	9	141970	36.91	2.26
E11	Sample 59	2	1	10	154960	37	2.26
E11	Sample 59	2	1	11	167970	37	2.25
E11	Sample 59	2	1	12	180970	37	2.26
E11	Sample 59	2	1	13	193960	37	2.27
E11	Sample 59	2	1	14	206970	36.96	2.27
E11	Sample 59	2	1	15	219960	37	2.26
E12	Sample 60	2	1	1	37940	36.96	1.62
E12	Sample 60	2	1	2	50960	37	1.63
E12	Sample 60	2	1	3	63960	37	1.64
E12	Sample 60	2	1	4	76960	37	1.65
E12	Sample 60	2	1	5	89960	36.96	1.65
E12	Sample 60	2	1	6	102960	37	1.65
E12	Sample 60	2	1	7	115960	37	1.65
E12	Sample 60	2	1	8	128960	37	1.66
E12	Sample 60	2	1	9	141970	36.91	1.66
E12	Sample 60	2	1	10	154960	37	1.66
E12	Sample 60	2	1	11	167970	37	1.67
E12	Sample 60	2	1	12	180970	37	1.67
E12	Sample 60	2	1	13	193960	37	1.68
E12	Sample 60	2	1	14	206970	36.96	1.66
E12	Sample 60	2	1	15	219960	37	1.67
F1	Sample 61	2	1	1	37940	36.96	0.68
F1	Sample 61	2	1	2	50960	37	0.69
F1	Sample 61	2	1	3	63960	37	0.68
F1	Sample 61	2	1	4	76960	37	0.7
F1	Sample 61	2	1	5	89960	36.96	0.69
F1	Sample 61	2	1	6	102960	37	0.69
F1	Sample 61	2	1	7	115960	37	0.69
F1	Sample 61	2	1	8	128960	37	0.69
F1	Sample 61	2	1	9	141970	36.91	0.69
F1	Sample 61	2	1	10	154960	37	0.69
F1	Sample 61	2	1	11	167970	37	0.69
F1	Sample 61	2	1	12	180970	37	0.69
F1	Sample 61	2	1	13	193960	37	0.69
F1	Sample 61	2	1	14	206970	36.96	0.69
F1	Sample 61	2	1	15	219960	37	0.69
F2	Sample 62	2	1	1	37940	36.96	0.56
F2	Sample 62	2	1	2	50960	37	0.57
F2	Sample 62	2	1	3	63960	37	0.56
F2	Sample 62	2	1	4	76960	37	0.57
F2	Sample 62	2	1	5	89960	36.96	0.57
F2	Sample 62	2	1	6	102960	37	0.57
F2	Sample 62	2	1	7	115960	37	0.57
F2	Sample 62	2	1	8	128960	37	0.57
F2	Sample 62	2	1	9	141970	36.91	0.56
F2	Sample 62	2	1	10	154960	37	0.57
F2	Sample 62	2	1	11	167970	37	0.57
F2	Sample 62	2	1	12	180970	37	0.57
F2	Sample 62	2	1	13	193960	37	0.57
F2	Sample 62	2	1	14	206970	36.96	0.56
F2	Sample 62	2	1	15	219960	37	0.57
F3	Sample 63	2	1	1	37940	36.96	0.65
F3	Sample 63	2	1	2	50960	37	0.65
F3	Sample 63	2	1	3	63960	37	0.65
F3	Sample 63	2	1	4	76960	37	0.66
F3	Sample 63	2	1	5	89960	36.96	0.65
F3	Sample 63	2	1	6	102960	37	0.66
F3	Sample 63	2	1	7	115960	37	0.66
F3	Sample 63	2	1	8	128960	37	0.66
F3	Sample 63	2	1	9	141970	36.91	0.65
F3	Sample 63	2	1	10	154960	37	0.66
F3	Sample 63	2	1	11	167970	37	0.65
F3	Sample 63	2	1	12	180970	37	0.66
F3	Sample 63	2	1	13	193960	37	0.66
F3	Sample 63	2	1	14	206970	36.96	0.65
F3	Sample 63	2	1	15	219960	37	0.65
F4	Sample 64	2	1	1	37940	36.96	1.48
F4	Sample 64	2	1	2	50960	37	1.49
F4	Sample 64	2	1	3	63960	37	1.49
F4	Sample 64	2	1	4	76960	37	1.49
F4	Sample 64	2	1	5	89960	36.96	1.49
F4	Sample 64	2	1	6	102960	37	1.5
F4	Sample 64	2	1	7	115960	37	1.5
F4	Sample 64	2	1	8	128960	37	1.5
F4	Sample 64	2	1	9	141970	36.91	1.5
F4	Sample 64	2	1	10	154960	37	1.5
F4	Sample 64	2	1	11	167970	37	1.5
F4	Sample 64	2	1	12	180970	37	1.5
F4	Sample 64	2	1	13	193960	37	1.5
F4	Sample 64	2	1	14	206970	36.96	1.49
F4	Sample 64	2	1	15	219960	37	1.5
F5	Sample 65	2	1	1	37940	36.96	1.53
F5	Sample 65	2	1	2	50960	37	1.54
F5	Sample 65	2	1	3	63960	37	1.54
F5	Sample 65	2	1	4	76960	37	1.54
F5	Sample 65	2	1	5	89960	36.96	1.53
F5	Sample 65	2	1	6	102960	37	1.54
F5	Sample 65	2	1	7	115960	37	1.54
F5	Sample 65	2	1	8	128960	37	1.54
F5	Sample 65	2	1	9	141970	36.91	1.54
F5	Sample 65	2	1	10	154960	37	1.54
F5	Sample 65	2	1	11	167970	37	1.54
F5	Sample 65	2	1	12	180970	37	1.54
F5	Sample 65	2	1	13	193960	37	1.55
F5	Sample 65	2	1	14	206970	36.96	1.54
F5	Sample 65	2	1	15	219960	37	1.54
F6	Sample 66	2	1	1	37940	36.96	0.67
F6	Sample 66	2	1	2	50960	37	0.68
F6	Sample 66	2	1	3	63960	37	0.67
F6	Sample 66	2	1	4	76960	37	0.68
F6	Sample 66	2	1	5	89960	36.96	0.67
F6	Sample 66	2	1	6	102960	37	0.68
F6	Sample 66	2	1	7	115960	37	0.68
F6	Sample 66	2	1	8	128960	37	0.68
F6	Sample 66	2	1	9	141970	36.91	0.67
F6	Sample 66	2	1	10	154960	37	0.68
F6	Sample 66	2	1	11	167970	37	0.68
F6	Sample 66	2	1	12	180970	37	0.68
F6	Sample 66	2	1	13	193960	37	0.68
F6	Sample 66	2	1	14	206970	36.96	0.67
F6	Sample 66	2	1	15	219960	37	0.67
F7	Sample 67	2	1	1	37940	36.96	1.73
F7	Sample 67	2	1	2	50960	37	1.75
F7	Sample 67	2	1	3	63960	37	1.75
F7	Sample 67	2	1	4	76960	37	1.76
F7	Sample 67	2	1	5	89960	36.96	1.77
F7	Sample 67	2	1	6	102960	37	1.76
F7	Sample 67	2	1	7	115960	37	1.76
F7	Sample 67	2	1	8	128960	37	1.76
F7	Sample 67	2	1	9	141970	36.91	1.77
F7	Sample 67	2	1	10	154960	37	1.77
F7	Sample 67	2	1	11	167970	37	1.76
F7	Sample 67	2	1	12	180970	37	1.78
F7	Sample 67	2	1	13	193960	37	1.78
F7	Sample 67	2	1	14	206970	36.96	1.78
F7	Sample 67	2	1	15	219960	37	1.77
F8	Sample 68	2	1	1	37940	36.96	2.18
F8	Sample 68	2	1	2	50960	37	2.19
F8	Sample 68	2	1	3	63960	37	2.19
F8	Sample 68	2	1	4	76960	37	2.2
F8	Sample 68	2	1	5	89960	36.96	2.19
F8	Sample 68	2	1	6	102960	37	2.2
F8	Sample 68	2	1	7	115960	37	2.21
F8	Sample 68	2	1	8	128960	37	2.2
F8	Sample 68	2	1	9	141970	36.91	2.2
F8	Sample 68	2	1	10	154960	37	2.2
F8	Sample 68	2	1	11	167970	37	2.2
F8	Sample 68	2	1	12	180970	37	2.2
F8	Sample 68	2	1	13	193960	37	2.2
F8	Sample 68	2	1	14	206970	36.96	2.21
F8	Sample 68	2	1	15	219960	37	2.21
F9	Sample 69	2	1	1	37940	36.96	2.33
F9	Sample 69	2	1	2	50960	37	2.34
F9	Sample 69	2	1	3	63960	37	2.34
F9	Sample 69	2	1	4	76960	37	2.35
F9	Sample 69	2	1	5	89960	36.96	2.35
F9	Sample 69	2	1	6	102960	37	2.36
F9	Sample 69	2	1	7	115960	37	2.36
F9	Sample 69	2	1	8	128960	37	2.37
F9	Sample 69	2	1	9	141970	36.91	2.36
F9	Sample 69	2	1	10	154960	37	2.36
F9	Sample 69	2	1	11	167970	37	2.36
F9	Sample 69	2	1	12	180970	37	2.36
F9	Sample 69	2	1	13	193960	37	2.37
F9	Sample 69	2	1	14	206970	36.96	2.37
F9	Sample 69	2	1	15	219960	37	2.37
F10	Sample 70	2	1	1	37940	36.96	2.29
F10	Sample 70	2	1	2	50960	37	2.3
F10	Sample 70	2	1	3	63960	37	2.3
F10	Sample 70	2	1	4	76960	37	2.32
F10	Sample 70	2	1	5	89960	36.96	2.31
F10	Sample 70	2	1	6	102960	37	2.32
F10	Sample 70	2	1	7	115960	37	2.33
F10	Sample 70	2	1	8	128960	37	2.33
F10	Sample 70	2	1	9	141970	36.91	2.32
F10	Sample 70	2	1	10	154960	37	2.33
F10	Sample 70	2	1	11	167970	37	2.33
F10	Sample 70	2	1	12	180970	37	2.33
F10	Sample 70	2	1	13	193960	37	2.33
F10	Sample 70	2	1	14	206970	36.96	2.33
F10	Sample 70	2	1	15	219960	37	2.33
F11	Sample 71	2	1	1	37940	36.96	2.49
F11	Sample 71	2	1	2	50960	37	2.5
F11	Sample 71	2	1	3	63960	37	2.5
F11	Sample 71	2	1	4	76960	37	2.51
F11	Sample 71	2	1	5	89960	36.96	2.51
F11	Sample 71	2	1	6	102960	37	2.51
F11	Sample 71	2	1	7	115960	37	2.52
F11	Sample 71	2	1	8	128960	37	2.51
F11	Sample 71	2	1	9	141970	36.91	2.52
F11	Sample 71	2	1	10	154960	37	2.52
F11	Sample 71	2	1	11	167970	37	2.52
F11	Sample 71	2	1	12	180970	37	2.51
F11	Sample 71	2	1	13	193960	37	2.52
F11	Sample 71	2	1	14	206970	36.96	2.52
F11	Sample 71	2	1	15	219960	37	2.53
F12	Sample 72	2	1	1	37940	36.96	2.33
F12	Sample 72	2	1	2	50960	37	2.35
F12	Sample 72	2	1	3	63960	37	2.34
F12	Sample 72	2	1	4	76960	37	2.35
F12	Sample 72	2	1	5	89960	36.96	2.35
F12	Sample 72	2	1	6	102960	37	2.34
F12	Sample 72	2	1	7	115960	37	2.36
F12	Sample 72	2	1	8	128960	37	2.35
F12	Sample 72	2	1	9	141970	36.91	2.36
F12	Sample 72	2	1	10	154960	37	2.36
F12	Sample 72	2	1	11	167970	37	2.36
F12	Sample 72	2	1	12	180970	37	2.36
F12	Sample 72	2	1	13	193960	37	2.36
F12	Sample 72	2	1	14	206970	36.96	2.36
F12	Sample 72	2	1	15	219960	37	2.36
G1	Sample 73	2	1	1	37940	36.96	1
G1	Sample 73	2	1	2	50960	37	1
G1	Sample 73	2	1	3	63960	37	0.99
G1	Sample 73	2	1	4	76960	37	1
G1	Sample 73	2	1	5	89960	36.96	1
G1	Sample 73	2	1	6	102960	37	1
G1	Sample 73	2	1	7	115960	37	1
G1	Sample 73	2	1	8	128960	37	1
G1	Sample 73	2	1	9	141970	36.91	1
G1	Sample 73	2	1	10	154960	37	1.01
G1	Sample 73	2	1	11	167970	37	1
G1	Sample 73	2	1	12	180970	37	1.01
G1	Sample 73	2	1	13	193960	37	1.01
G1	Sample 73	2	1	14	206970	36.96	1
G1	Sample 73	2	1	15	219960	37	1
G2	Sample 74	2	1	1	37940	36.96	0.74
G2	Sample 74	2	1	2	50960	37	0.75
G2	Sample 74	2	1	3	63960	37	0.74
G2	Sample 74	2	1	4	76960	37	0.74
G2	Sample 74	2	1	5	89960	36.96	0.75
G2	Sample 74	2	1	6	102960	37	0.75
G2	Sample 74	2	1	7	115960	37	0.74
G2	Sample 74	2	1	8	128960	37	0.75
G2	Sample 74	2	1	9	141970	36.91	0.74
G2	Sample 74	2	1	10	154960	37	0.74
G2	Sample 74	2	1	11	167970	37	0.75
G2	Sample 74	2	1	12	180970	37	0.76
G2	Sample 74	2	1	13	193960	37	0.75
G2	Sample 74	2	1	14	206970	36.96	0.74
G2	Sample 74	2	1	15	219960	37	0.74
G3	Sample 75	2	1	1	37940	36.96	0.64
G3	Sample 75	2	1	2	50960	37	0.65
G3	Sample 75	2	1	3	63960	37	0.65
G3	Sample 75	2	1	4	76960	37	0.64
G3	Sample 75	2	1	5	89960	36.96	0.64
G3	Sample 75	2	1	6	102960	37	0.64
G3	Sample 75	2	1	7	115960	37	0.64
G3	Sample 75	2	1	8	128960	37	0.64
G3	Sample 75	2	1	9	141970	36.91	0.64
G3	Sample 75	2	1	10	154960	37	0.65
G3	Sample 75	2	1	11	167970	37	0.64
G3	Sample 75	2	1	12	180970	37	0.64
G3	Sample 75	2	1	13	193960	37	0.64
G3	Sample 75	2	1	14	206970	36.96	0.63
G3	Sample 75	2	1	15	219960	37	0.63
G4	Sample 76	2	1	1	37940	36.96	1.34
G4	Sample 76	2	1	2	50960	37	1.36
G4	Sample 76	2	1	3	63960	37	1.36
G4	Sample 76	2	1	4	76960	37	1.36
G4	Sample 76	2	1	5	89960	36.96	1.36
G4	Sample 76	2	1	6	102960	37	1.36
G4	Sample 76	2	1	7	115960	37	1.37
G4	Sample 76	2	1	8	128960	37	1.37
G4	Sample 76	2	1	9	141970	36.91	1.37
G4	Sample 76	2	1	10	154960	37	1.37
G4	Sample 76	2	1	11	167970	37	1.37
G4	Sample 76	2	1	12	180970	37	1.37
G4	Sample 76	2	1	13	193960	37	1.37
G4	Sample 76	2	1	14	206970	36.96	1.36
G4	Sample 76	2	1	15	219960	37	1.36
G5	Sample 77	2	1	1	37940	36.96	1.65
G5	Sample 77	2	1	2	50960	37	1.66
G5	Sample 77	2	1	3	63960	37	1.66
G5	Sample 77	2	1	4	76960	37	1.65
G5	Sample 77	2	1	5	89960	36.96	1.67
G5	Sample 77	2	1	6	102960	37	1.65
G5	Sample 77	2	1	7	115960	37	1.66
G5	Sample 77	2	1	8	128960	37	1.67
G5	Sample 77	2	1	9	141970	36.91	1.66
G5	Sample 77	2	1	10	154960	37	1.67
G5	Sample 77	2	1	11	167970	37	1.67
G5	Sample 77	2	1	12	180970	37	1.67
G5	Sample 77	2	1	13	193960	37	1.67
G5	Sample 77	2	1	14	206970	36.96	1.67
G5	Sample 77	2	1	15	219960	37	1.66
G6	Sample 78	2	1	1	37940	36.96	1.64
G6	Sample 78	2	1	2	50960	37	1.65
G6	Sample 78	2	1	3	63960	37	1.65
G6	Sample 78	2	1	4	76960	37	1.66
G6	Sample 78	2	1	5	89960	36.96	1.67
G6	Sample 78	2	1	6	102960	37	1.66
G6	Sample 78	2	1	7	115960	37	1.66
G6	Sample 78	2	1	8	128960	37	1.66
G6	Sample 78	2	1	9	141970	36.91	1.65
G6	Sample 78	2	1	10	154960	37	1.66
G6	Sample 78	2	1	11	167970	37	1.66
G6	Sample 78	2	1	12	180970	37	1.66
G6	Sample 78	2	1	13	193960	37	1.66
G6	Sample 78	2	1	14	206970	36.96	1.66
G6	Sample 78	2	1	15	219960	37	1.66
G7	Sample 79	2	1	1	37940	36.96	1.66
G7	Sample 79	2	1	2	50960	37	1.67
G7	Sample 79	2	1	3	63960	37	1.66
G7	Sample 79	2	1	4	76960	37	1.67
G7	Sample 79	2	1	5	89960	36.96	1.67
G7	Sample 79	2	1	6	102960	37	1.68
G7	Sample 79	2	1	7	115960	37	1.68
G7	Sample 79	2	1	8	128960	37	1.67
G7	Sample 79	2	1	9	141970	36.91	1.67
G7	Sample 79	2	1	10	154960	37	1.68
G7	Sample 79	2	1	11	167970	37	1.68
G7	Sample 79	2	1	12	180970	37	1.68
G7	Sample 79	2	1	13	193960	37	1.68
G7	Sample 79	2	1	14	206970	36.96	1.68
G7	Sample 79	2	1	15	219960	37	1.67
G8	Sample 80	2	1	1	37940	36.96	1.77
G8	Sample 80	2	1	2	50960	37	1.78
G8	Sample 80	2	1	3	63960	37	1.78
G8	Sample 80	2	1	4	76960	37	1.78
G8	Sample 80	2	1	5	89960	36.96	1.79
G8	Sample 80	2	1	6	102960	37	1.78
G8	Sample 80	2	1	7	115960	37	1.78
G8	Sample 80	2	1	8	128960	37	1.79
G8	Sample 80	2	1	9	141970	36.91	1.79
G8	Sample 80	2	1	10	154960	37	1.79
G8	Sample 80	2	1	11	167970	37	1.79
G8	Sample 80	2	1	12	180970	37	1.8
G8	Sample 80	2	1	13	193960	37	1.8
G8	Sample 80	2	1	14	206970	36.96	1.79
G8	Sample 80	2	1	15	219960	37	1.79
G9	Sample 81	2	1	1	37940	36.96	2.05
G9	Sample 81	2	1	2	50960	37	2.06
G9	Sample 81	2	1	3	63960	37	2.06
G9	Sample 81	2	1	4	76960	37	2.06
G9	Sample 81	2	1	5	89960	36.96	2.07
G9	Sample 81	2	1	6	102960	37	2.07
G9	Sample 81	2	1	7	115960	37	2.07
G9	Sample 81	2	1	8	128960	37	2.07
G9	Sample 81	2	1	9	141970	36.91	2.07
G9	Sample 81	2	1	10	154960	37	2.08
G9	Sample 81	2	1	11	167970	37	2.07
G9	Sample 81	2	1	12	180970	37	2.08
G9	Sample 81	2	1	13	193960	37	2.07
G9	Sample 81	2	1	14	206970	36.96	2.07
G9	Sample 81	2	1	15	219960	37	2.08
G10	Sample 82	2	1	1	37940	36.96	1.9
G10	Sample 82	2	1	2	50960	37	1.9
G10	Sample 82	2	1	3	63960	37	1.91
G10	Sample 82	2	1	4	76960	37	1.91
G10	Sample 82	2	1	5	89960	36.96	1.92
G10	Sample 82	2	1	6	102960	37	1.91
G10	Sample 82	2	1	7	115960	37	1.92
G10	Sample 82	2	1	8	128960	37	1.92
G10	Sample 82	2	1	9	141970	36.91	1.91
G10	Sample 82	2	1	10	154960	37	1.92
G10	Sample 82	2	1	11	167970	37	1.91
G10	Sample 82	2	1	12	180970	37	1.92
G10	Sample 82	2	1	13	193960	37	1.92
G10	Sample 82	2	1	14	206970	36.96	1.92
G10	Sample 82	2	1	15	219960	37	1.92
G11	Sample 83	2	1	1	37940	36.96	1.87
G11	Sample 83	2	1	2	50960	37	1.88
G11	Sample 83	2	1	3	63960	37	1.88
G11	Sample 83	2	1	4	76960	37	1.88
G11	Sample 83	2	1	5	89960	36.96	1.88
G11	Sample 83	2	1	6	102960	37	1.88
G11	Sample 83	2	1	7	115960	37	1.89
G11	Sample 83	2	1	8	128960	37	1.89
G11	Sample 83	2	1	9	141970	36.91	1.88
G11	Sample 83	2	1	10	154960	37	1.89
G11	Sample 83	2	1	11	167970	37	1.89
G11	Sample 83	2	1	12	180970	37	1.89
G11	Sample 83	2	1	13	193960	37	1.88
G11	Sample 83	2	1	14	206970	36.96	1.88
G11	Sample 83	2	1	15	219960	37	1.89
G12	Sample 84	2	1	1	37940	36.96	1.72
G12	Sample 84	2	1	2	50960	37	1.73
G12	Sample 84	2	1	3	63960	37	1.72
G12	Sample 84	2	1	4	76960	37	1.73
G12	Sample 84	2	1	5	89960	36.96	1.73
G12	Sample 84	2	1	6	102960	37	1.73
G12	Sample 84	2	1	7	115960	37	1.73
G12	Sample 84	2	1	8	128960	37	1.73
G12	Sample 84	2	1	9	141970	36.91	1.73
G12	Sample 84	2	1	10	154960	37	1.74
G12	Sample 84	2	1	11	167970	37	1.74
G12	Sample 84	2	1	12	180970	37	1.74
G12	Sample 84	2	1	13	193960	37	1.74
G12	Sample 84	2	1	14	206970	36.96	1.73
G12	Sample 84	2	1	15	219960	37	1.73
H1	Sample 85	2	1	1	37940	36.96	0.57
H1	Sample 85	2	1	2	50960	37	0.58
H1	Sample 85	2	1	3	63960	37	0.58
H1	Sample 85	2	1	4	76960	37	0.57
H1	Sample 85	2	1	5	89960	36.96	0.57
H1	Sample 85	2	1	6	102960	37	0.57
H1	Sample 85	2	1	7	115960	37	0.58
H1	Sample 85	2	1	8	128960	37	0.57
H1	Sample 85	2	1	9	141970	36.91	0.57
H1	Sample 85	2	1	10	154960	37	0.58
H1	Sample 85	2	1	11	167970	37	0.57
H1	Sample 85	2	1	12	180970	37	0.57
H1	Sample 85	2	1	13	193960	37	0.57
H1	Sample 85	2	1	14	206970	36.96	0.57
H1	Sample 85	2	1	15	219960	37	0.56
H2	Sample 86	2	1	1	37940	36.96	0.57
H2	Sample 86	2	1	2	50960	37	0.58
H2	Sample 86	2	1	3	63960	37	0.59
H2	Sample 86	2	1	4	76960	37	0.59
H2	Sample 86	2	1	5	89960	36.96	0.59
H2	Sample 86	2	1	6	102960	37	0.58
H2	Sample 86	2	1	7	115960	37	0.59
H2	Sample 86	2	1	8	128960	37	0.59
H2	Sample 86	2	1	9	141970	36.91	0.58
H2	Sample 86	2	1	10	154960	37	0.59
H2	Sample 86	2	1	11	167970	37	0.58
H2	Sample 86	2	1	12	180970	37	0.58
H2	Sample 86	2	1	13	193960	37	0.58
H2	Sample 86	2	1	14	206970	36.96	0.58
H2	Sample 86	2	1	15	219960	37	0.57
H3	Sample 87	2	1	1	37940	36.96	0.6
H3	Sample 87	2	1	2	50960	37	0.61
H3	Sample 87	2	1	3	63960	37	0.61
H3	Sample 87	2	1	4	76960	37	0.61
H3	Sample 87	2	1	5	89960	36.96	0.61
H3	Sample 87	2	1	6	102960	37	0.61
H3	Sample 87	2	1	7	115960	37	0.61
H3	Sample 87	2	1	8	128960	37	0.61
H3	Sample 87	2	1	9	141970	36.91	0.6
H3	Sample 87	2	1	10	154960	37	0.61
H3	Sample 87	2	1	11	167970	37	0.6
H3	Sample 87	2	1	12	180970	37	0.6
H3	Sample 87	2	1	13	193960	37	0.6
H3	Sample 87	2	1	14	206970	36.96	0.6
H3	Sample 87	2	1	15	219960	37	0.6
H4	Sample 88	2	1	1	37940	36.96	0.58
H4	Sample 88	2	1	2	50960	37	0.6
H4	Sample 88	2	1	3	63960	37	0.59
H4	Sample 88	2	1	4	76960	37	0.59
H4	Sample 88	2	1	5	89960	36.96	0.6
H4	Sample 88	2	1	6	102960	37	0.59
H4	Sample 88	2	1	7	115960	37	0.59
H4	Sample 88	2	1	8	128960	37	0.58
H4	Sample 88	2	1	9	141970	36.91	0.59
H4	Sample 88	2	1	10	154960	37	0.59
H4	Sample 88	2	1	11	167970	37	0.59
H4	Sample 88	2	1	12	180970	37	0.59
H4	Sample 88	2	1	13	193960	37	0.59
H4	Sample 88	2	1	14	206970	36.96	0.58
H4	Sample 88	2	1	15	219960	37	0.59
H5	Sample 89	2	1	1	37940	36.96	1.28
H5	Sample 89	2	1	2	50960	37	1.29
H5	Sample 89	2	1	3	63960	37	1.29
H5	Sample 89	2	1	4	76960	37	1.29
H5	Sample 89	2	1	5	89960	36.96	1.29
H5	Sample 89	2	1	6	102960	37	1.29
H5	Sample 89	2	1	7	115960	37	1.3
H5	Sample 89	2	1	8	128960	37	1.3
H5	Sample 89	2	1	9	141970	36.91	1.3
H5	Sample 89	2	1	10	154960	37	1.3
H5	Sample 89	2	1	11	167970	37	1.3
H5	Sample 89	2	1	12	180970	37	1.3
H5	Sample 89	2	1	13	193960	37	1.3
H5	Sample 89	2	1	14	206970	36.96	1.29
H5	Sample 89	2	1	15	219960	37	1.3
H6	Sample 90	2	1	1	37940	36.96	1.32
H6	Sample 90	2	1	2	50960	37	1.34
H6	Sample 90	2	1	3	63960	37	1.34
H6	Sample 90	2	1	4	76960	37	1.35
H6	Sample 90	2	1	5	89960	36.96	1.35
H6	Sample 90	2	1	6	102960	37	1.35
H6	Sample 90	2	1	7	115960	37	1.35
H6	Sample 90	2	1	8	128960	37	1.35
H6	Sample 90	2	1	9	141970	36.91	1.35
H6	Sample 90	2	1	10	154960	37	1.35
H6	Sample 90	2	1	11	167970	37	1.34
H6	Sample 90	2	1	12	180970	37	1.35
H6	Sample 90	2	1	13	193960	37	1.35
H6	Sample 90	2	1	14	206970	36.96	1.34
H6	Sample 90	2	1	15	219960	37	1.35
H7	Sample 91	2	1	1	37940	36.96	1.32
H7	Sample 91	2	1	2	50960	37	1.33
H7	Sample 91	2	1	3	63960	37	1.33
H7	Sample 91	2	1	4	76960	37	1.34
H7	Sample 91	2	1	5	89960	36.96	1.34
H7	Sample 91	2	1	6	102960	37	1.34
H7	Sample 91	2	1	7	115960	37	1.34
H7	Sample 91	2	1	8	128960	37	1.34
H7	Sample 91	2	1	9	141970	36.91	1.35
H7	Sample 91	2	1	10	154960	37	1.34
H7	Sample 91	2	1	11	167970	37	1.34
H7	Sample 91	2	1	12	180970	37	1.34
H7	Sample 91	2	1	13	193960	37	1.35
H7	Sample 91	2	1	14	206970	36.96	1.34
H7	Sample 91	2	1	15	219960	37	1.35
H8	Sample 92	2	1	1	37940	36.96	1.4
H8	Sample 92	2	1	2	50960	37	1.41
H8	Sample 92	2	1	3	63960	37	1.41
H8	Sample 92	2	1	4	76960	37	1.41
H8	Sample 92	2	1	5	89960	36.96	1.41
H8	Sample 92	2	1	6	102960	37	1.42
H8	Sample 92	2	1	7	115960	37	1.42
H8	Sample 92	2	1	8	128960	37	1.42
H8	Sample 92	2	1	9	141970	36.91	1.42
H8	Sample 92	2	1	10	154960	37	1.42
H8	Sample 92	2	1	11	167970	37	1.42
H8	Sample 92	2	1	12	180970	37	1.42
H8	Sample 92	2	1	13	193960	37	1.41
H8	Sample 92	2	1	14	206970	36.96	1.42
H8	Sample 92	2	1	15	219960	37	1.42
H9	Sample 93	2	1	1	37940	36.96	1.05
H9	Sample 93	2	1	2	50960	37	1.06
H9	Sample 93	2	1	3	63960	37	1.05
H9	Sample 93	2	1	4	76960	37	1.06
H9	Sample 93	2	1	5	89960	36.96	1.06
H9	Sample 93	2	1	6	102960	37	1.06
H9	Sample 93	2	1	7	115960	37	1.06
H9	Sample 93	2	1	8	128960	37	1.06
H9	Sample 93	2	1	9	141970	36.91	1.07
H9	Sample 93	2	1	10	154960	37	1.06
H9	Sample 93	2	1	11	167970	37	1.06
H9	Sample 93	2	1	12	180970	37	1.06
H9	Sample 93	2	1	13	193960	37	1.06
H9	Sample 93	2	1	14	206970	36.96	1.06
H9	Sample 93	2	1	15	219960	37	1.05
H10	Sample 94	2	1	1	37940	36.96	1.07
H10	Sample 94	2	1	2	50960	37	1.09
H10	Sample 94	2	1	3	63960	37	1.08
H10	Sample 94	2	1	4	76960	37	1.08
H10	Sample 94	2	1	5	89960	36.96	1.08
H10	Sample 94	2	1	6	102960	37	1.08
H10	Sample 94	2	1	7	115960	37	1.08
H10	Sample 94	2	1	8	128960	37	1.09
H10	Sample 94	2	1	9	141970	36.91	1.08
H10	Sample 94	2	1	10	154960	37	1.08
H10	Sample 94	2	1	11	167970	37	1.08
H10	Sample 94	2	1	12	180970	37	1.08
H10	Sample 94	2	1	13	193960	37	1.08
H10	Sample 94	2	1	14	206970	36.96	1.08
H10	Sample 94	2	1	15	219960	37	1.08
H11	Sample 95	2	1	1	37940	36.96	0.95
H11	Sample 95	2	1	2	50960	37	0.97
H11	Sample 95	2	1	3	63960	37	0.97
H11	Sample 95	2	1	4	76960	37	0.97
H11	Sample 95	2	1	5	89960	36.96	0.97
H11	Sample 95	2	1	6	102960	37	0.97
H11	Sample 95	2	1	7	115960	37	0.97
H11	Sample 95	2	1	8	128960	37	0.97
H11	Sample 95	2	1	9	141970	36.91	0.97
H11	Sample 95	2	1	10	154960	37	0.97
H11	Sample 95	2	1	11	167970	37	0.96
H11	Sample 95	2	1	12	180970	37	0.97
H11	Sample 95	2	1	13	193960	37	0.96
H11	Sample 95	2	1	14	206970	36.96	0.96
H11	Sample 95	2	1	15	219960	37	0.97
H12	Sample 96	2	1	1	37940	36.96	0.84
H12	Sample 96	2	1	2	50960	37	0.85
H12	Sample 96	2	1	3	63960	37	0.85
H12	Sample 96	2	1	4	76960	37	0.85
H12	Sample 96	2	1	5	89960	36.96	0.85
H12	Sample 96	2	1	6	102960	37	0.85
H12	Sample 96	2	1	7	115960	37	0.85
H12	Sample 96	2	1	8	128960	37	0.84
H12	Sample 96	2	1	9	141970	36.91	0.85
H12	Sample 96	2	1	10	154960	37	0.85
H12	Sample 96	2	1	11	167970	37	0.84
H12	Sample 96	2	1	12	180970	37	0.84
H12	Sample 96	2	1	13	193960	37	0.84
H12	Sample 96	2	1	14	206970	36.96	0.85
H12	Sample 96	2	1	15	219960	37	0.84