Raw Data 		Experiment - evIC50_12_plate3_246APRIL2026 (Run on LCS480 1.5.1.62)
SamplePos	SampleName	Prog#	Seg#	Cycle#	Time	Temp	465-510	
A1	Sample 1	2	1	1	32830	36.91	0.46
A1	Sample 1	2	1	2	37860	36.96	0.46
A1	Sample 1	2	1	3	42850	37	0.46
A1	Sample 1	2	1	4	47850	37	0.46
A1	Sample 1	2	1	5	52860	36.96	0.45
A1	Sample 1	2	1	6	57850	36.96	0.46
A1	Sample 1	2	1	7	62860	37	0.46
A1	Sample 1	2	1	8	67860	36.96	0.45
A1	Sample 1	2	1	9	72850	36.96	0.46
A1	Sample 1	2	1	10	77860	37	0.45
A1	Sample 1	2	1	11	82850	36.96	0.46
A1	Sample 1	2	1	12	87850	36.96	0.45
A1	Sample 1	2	1	13	92860	36.96	0.46
A1	Sample 1	2	1	14	97850	36.96	0.45
A1	Sample 1	2	1	15	102850	37	0.45
A2	Sample 2	2	1	1	32830	36.91	0.45
A2	Sample 2	2	1	2	37860	36.96	0.45
A2	Sample 2	2	1	3	42850	37	0.45
A2	Sample 2	2	1	4	47850	37	0.44
A2	Sample 2	2	1	5	52860	36.96	0.44
A2	Sample 2	2	1	6	57850	36.96	0.44
A2	Sample 2	2	1	7	62860	37	0.44
A2	Sample 2	2	1	8	67860	36.96	0.44
A2	Sample 2	2	1	9	72850	36.96	0.44
A2	Sample 2	2	1	10	77860	37	0.43
A2	Sample 2	2	1	11	82850	36.96	0.44
A2	Sample 2	2	1	12	87850	36.96	0.44
A2	Sample 2	2	1	13	92860	36.96	0.44
A2	Sample 2	2	1	14	97850	36.96	0.44
A2	Sample 2	2	1	15	102850	37	0.44
A3	Sample 3	2	1	1	32830	36.91	0.49
A3	Sample 3	2	1	2	37860	36.96	0.48
A3	Sample 3	2	1	3	42850	37	0.49
A3	Sample 3	2	1	4	47850	37	0.48
A3	Sample 3	2	1	5	52860	36.96	0.47
A3	Sample 3	2	1	6	57850	36.96	0.48
A3	Sample 3	2	1	7	62860	37	0.48
A3	Sample 3	2	1	8	67860	36.96	0.47
A3	Sample 3	2	1	9	72850	36.96	0.48
A3	Sample 3	2	1	10	77860	37	0.47
A3	Sample 3	2	1	11	82850	36.96	0.48
A3	Sample 3	2	1	12	87850	36.96	0.47
A3	Sample 3	2	1	13	92860	36.96	0.47
A3	Sample 3	2	1	14	97850	36.96	0.47
A3	Sample 3	2	1	15	102850	37	0.47
A4	Sample 4	2	1	1	32830	36.91	0.50
A4	Sample 4	2	1	2	37860	36.96	0.50
A4	Sample 4	2	1	3	42850	37	0.49
A4	Sample 4	2	1	4	47850	37	0.50
A4	Sample 4	2	1	5	52860	36.96	0.49
A4	Sample 4	2	1	6	57850	36.96	0.49
A4	Sample 4	2	1	7	62860	37	0.49
A4	Sample 4	2	1	8	67860	36.96	0.49
A4	Sample 4	2	1	9	72850	36.96	0.49
A4	Sample 4	2	1	10	77860	37	0.48
A4	Sample 4	2	1	11	82850	36.96	0.49
A4	Sample 4	2	1	12	87850	36.96	0.49
A4	Sample 4	2	1	13	92860	36.96	0.49
A4	Sample 4	2	1	14	97850	36.96	0.49
A4	Sample 4	2	1	15	102850	37	0.49
A5	Sample 5	2	1	1	32830	36.91	0.70
A5	Sample 5	2	1	2	37860	36.96	0.69
A5	Sample 5	2	1	3	42850	37	0.68
A5	Sample 5	2	1	4	47850	37	0.68
A5	Sample 5	2	1	5	52860	36.96	0.67
A5	Sample 5	2	1	6	57850	36.96	0.67
A5	Sample 5	2	1	7	62860	37	0.68
A5	Sample 5	2	1	8	67860	36.96	0.67
A5	Sample 5	2	1	9	72850	36.96	0.67
A5	Sample 5	2	1	10	77860	37	0.67
A5	Sample 5	2	1	11	82850	36.96	0.67
A5	Sample 5	2	1	12	87850	36.96	0.67
A5	Sample 5	2	1	13	92860	36.96	0.67
A5	Sample 5	2	1	14	97850	36.96	0.67
A5	Sample 5	2	1	15	102850	37	0.67
A6	Sample 6	2	1	1	32830	36.91	0.69
A6	Sample 6	2	1	2	37860	36.96	0.69
A6	Sample 6	2	1	3	42850	37	0.68
A6	Sample 6	2	1	4	47850	37	0.68
A6	Sample 6	2	1	5	52860	36.96	0.68
A6	Sample 6	2	1	6	57850	36.96	0.68
A6	Sample 6	2	1	7	62860	37	0.68
A6	Sample 6	2	1	8	67860	36.96	0.67
A6	Sample 6	2	1	9	72850	36.96	0.67
A6	Sample 6	2	1	10	77860	37	0.67
A6	Sample 6	2	1	11	82850	36.96	0.68
A6	Sample 6	2	1	12	87850	36.96	0.67
A6	Sample 6	2	1	13	92860	36.96	0.67
A6	Sample 6	2	1	14	97850	36.96	0.67
A6	Sample 6	2	1	15	102850	37	0.67
A7	Sample 7	2	1	1	32830	36.91	0.71
A7	Sample 7	2	1	2	37860	36.96	0.71
A7	Sample 7	2	1	3	42850	37	0.70
A7	Sample 7	2	1	4	47850	37	0.69
A7	Sample 7	2	1	5	52860	36.96	0.69
A7	Sample 7	2	1	6	57850	36.96	0.69
A7	Sample 7	2	1	7	62860	37	0.69
A7	Sample 7	2	1	8	67860	36.96	0.68
A7	Sample 7	2	1	9	72850	36.96	0.68
A7	Sample 7	2	1	10	77860	37	0.68
A7	Sample 7	2	1	11	82850	36.96	0.69
A7	Sample 7	2	1	12	87850	36.96	0.68
A7	Sample 7	2	1	13	92860	36.96	0.68
A7	Sample 7	2	1	14	97850	36.96	0.68
A7	Sample 7	2	1	15	102850	37	0.68
A8	Sample 8	2	1	1	32830	36.91	0.71
A8	Sample 8	2	1	2	37860	36.96	0.71
A8	Sample 8	2	1	3	42850	37	0.71
A8	Sample 8	2	1	4	47850	37	0.70
A8	Sample 8	2	1	5	52860	36.96	0.69
A8	Sample 8	2	1	6	57850	36.96	0.70
A8	Sample 8	2	1	7	62860	37	0.69
A8	Sample 8	2	1	8	67860	36.96	0.69
A8	Sample 8	2	1	9	72850	36.96	0.70
A8	Sample 8	2	1	10	77860	37	0.69
A8	Sample 8	2	1	11	82850	36.96	0.70
A8	Sample 8	2	1	12	87850	36.96	0.70
A8	Sample 8	2	1	13	92860	36.96	0.69
A8	Sample 8	2	1	14	97850	36.96	0.69
A8	Sample 8	2	1	15	102850	37	0.69
A9	Sample 9	2	1	1	32830	36.91	0.61
A9	Sample 9	2	1	2	37860	36.96	0.60
A9	Sample 9	2	1	3	42850	37	0.60
A9	Sample 9	2	1	4	47850	37	0.60
A9	Sample 9	2	1	5	52860	36.96	0.60
A9	Sample 9	2	1	6	57850	36.96	0.60
A9	Sample 9	2	1	7	62860	37	0.60
A9	Sample 9	2	1	8	67860	36.96	0.59
A9	Sample 9	2	1	9	72850	36.96	0.60
A9	Sample 9	2	1	10	77860	37	0.59
A9	Sample 9	2	1	11	82850	36.96	0.60
A9	Sample 9	2	1	12	87850	36.96	0.59
A9	Sample 9	2	1	13	92860	36.96	0.59
A9	Sample 9	2	1	14	97850	36.96	0.59
A9	Sample 9	2	1	15	102850	37	0.59
A10	Sample 10	2	1	1	32830	36.91	0.60
A10	Sample 10	2	1	2	37860	36.96	0.60
A10	Sample 10	2	1	3	42850	37	0.60
A10	Sample 10	2	1	4	47850	37	0.59
A10	Sample 10	2	1	5	52860	36.96	0.58
A10	Sample 10	2	1	6	57850	36.96	0.58
A10	Sample 10	2	1	7	62860	37	0.58
A10	Sample 10	2	1	8	67860	36.96	0.58
A10	Sample 10	2	1	9	72850	36.96	0.58
A10	Sample 10	2	1	10	77860	37	0.58
A10	Sample 10	2	1	11	82850	36.96	0.58
A10	Sample 10	2	1	12	87850	36.96	0.57
A10	Sample 10	2	1	13	92860	36.96	0.58
A10	Sample 10	2	1	14	97850	36.96	0.58
A10	Sample 10	2	1	15	102850	37	0.57
A11	Sample 11	2	1	1	32830	36.91	0.58
A11	Sample 11	2	1	2	37860	36.96	0.59
A11	Sample 11	2	1	3	42850	37	0.59
A11	Sample 11	2	1	4	47850	37	0.58
A11	Sample 11	2	1	5	52860	36.96	0.57
A11	Sample 11	2	1	6	57850	36.96	0.57
A11	Sample 11	2	1	7	62860	37	0.57
A11	Sample 11	2	1	8	67860	36.96	0.57
A11	Sample 11	2	1	9	72850	36.96	0.58
A11	Sample 11	2	1	10	77860	37	0.56
A11	Sample 11	2	1	11	82850	36.96	0.57
A11	Sample 11	2	1	12	87850	36.96	0.56
A11	Sample 11	2	1	13	92860	36.96	0.57
A11	Sample 11	2	1	14	97850	36.96	0.57
A11	Sample 11	2	1	15	102850	37	0.57
A12	Sample 12	2	1	1	32830	36.91	0.54
A12	Sample 12	2	1	2	37860	36.96	0.55
A12	Sample 12	2	1	3	42850	37	0.55
A12	Sample 12	2	1	4	47850	37	0.54
A12	Sample 12	2	1	5	52860	36.96	0.54
A12	Sample 12	2	1	6	57850	36.96	0.54
A12	Sample 12	2	1	7	62860	37	0.53
A12	Sample 12	2	1	8	67860	36.96	0.53
A12	Sample 12	2	1	9	72850	36.96	0.53
A12	Sample 12	2	1	10	77860	37	0.53
A12	Sample 12	2	1	11	82850	36.96	0.53
A12	Sample 12	2	1	12	87850	36.96	0.53
A12	Sample 12	2	1	13	92860	36.96	0.54
A12	Sample 12	2	1	14	97850	36.96	0.53
A12	Sample 12	2	1	15	102850	37	0.53
B1	Sample 13	2	1	1	32830	36.91	0.40
B1	Sample 13	2	1	2	37860	36.96	0.41
B1	Sample 13	2	1	3	42850	37	0.41
B1	Sample 13	2	1	4	47850	37	0.41
B1	Sample 13	2	1	5	52860	36.96	0.41
B1	Sample 13	2	1	6	57850	36.96	0.41
B1	Sample 13	2	1	7	62860	37	0.42
B1	Sample 13	2	1	8	67860	36.96	0.41
B1	Sample 13	2	1	9	72850	36.96	0.42
B1	Sample 13	2	1	10	77860	37	0.41
B1	Sample 13	2	1	11	82850	36.96	0.42
B1	Sample 13	2	1	12	87850	36.96	0.42
B1	Sample 13	2	1	13	92860	36.96	0.41
B1	Sample 13	2	1	14	97850	36.96	0.41
B1	Sample 13	2	1	15	102850	37	0.42
B2	Sample 14	2	1	1	32830	36.91	0.42
B2	Sample 14	2	1	2	37860	36.96	0.42
B2	Sample 14	2	1	3	42850	37	0.41
B2	Sample 14	2	1	4	47850	37	0.41
B2	Sample 14	2	1	5	52860	36.96	0.41
B2	Sample 14	2	1	6	57850	36.96	0.41
B2	Sample 14	2	1	7	62860	37	0.42
B2	Sample 14	2	1	8	67860	36.96	0.41
B2	Sample 14	2	1	9	72850	36.96	0.41
B2	Sample 14	2	1	10	77860	37	0.40
B2	Sample 14	2	1	11	82850	36.96	0.41
B2	Sample 14	2	1	12	87850	36.96	0.41
B2	Sample 14	2	1	13	92860	36.96	0.41
B2	Sample 14	2	1	14	97850	36.96	0.41
B2	Sample 14	2	1	15	102850	37	0.41
B3	Sample 15	2	1	1	32830	36.91	0.46
B3	Sample 15	2	1	2	37860	36.96	0.47
B3	Sample 15	2	1	3	42850	37	0.46
B3	Sample 15	2	1	4	47850	37	0.45
B3	Sample 15	2	1	5	52860	36.96	0.45
B3	Sample 15	2	1	6	57850	36.96	0.45
B3	Sample 15	2	1	7	62860	37	0.45
B3	Sample 15	2	1	8	67860	36.96	0.45
B3	Sample 15	2	1	9	72850	36.96	0.45
B3	Sample 15	2	1	10	77860	37	0.45
B3	Sample 15	2	1	11	82850	36.96	0.45
B3	Sample 15	2	1	12	87850	36.96	0.45
B3	Sample 15	2	1	13	92860	36.96	0.45
B3	Sample 15	2	1	14	97850	36.96	0.45
B3	Sample 15	2	1	15	102850	37	0.46
B4	Sample 16	2	1	1	32830	36.91	0.47
B4	Sample 16	2	1	2	37860	36.96	0.48
B4	Sample 16	2	1	3	42850	37	0.47
B4	Sample 16	2	1	4	47850	37	0.47
B4	Sample 16	2	1	5	52860	36.96	0.46
B4	Sample 16	2	1	6	57850	36.96	0.46
B4	Sample 16	2	1	7	62860	37	0.47
B4	Sample 16	2	1	8	67860	36.96	0.46
B4	Sample 16	2	1	9	72850	36.96	0.47
B4	Sample 16	2	1	10	77860	37	0.46
B4	Sample 16	2	1	11	82850	36.96	0.47
B4	Sample 16	2	1	12	87850	36.96	0.47
B4	Sample 16	2	1	13	92860	36.96	0.46
B4	Sample 16	2	1	14	97850	36.96	0.46
B4	Sample 16	2	1	15	102850	37	0.47
B5	Sample 17	2	1	1	32830	36.91	0.65
B5	Sample 17	2	1	2	37860	36.96	0.65
B5	Sample 17	2	1	3	42850	37	0.65
B5	Sample 17	2	1	4	47850	37	0.64
B5	Sample 17	2	1	5	52860	36.96	0.64
B5	Sample 17	2	1	6	57850	36.96	0.64
B5	Sample 17	2	1	7	62860	37	0.64
B5	Sample 17	2	1	8	67860	36.96	0.63
B5	Sample 17	2	1	9	72850	36.96	0.64
B5	Sample 17	2	1	10	77860	37	0.64
B5	Sample 17	2	1	11	82850	36.96	0.64
B5	Sample 17	2	1	12	87850	36.96	0.64
B5	Sample 17	2	1	13	92860	36.96	0.64
B5	Sample 17	2	1	14	97850	36.96	0.64
B5	Sample 17	2	1	15	102850	37	0.64
B6	Sample 18	2	1	1	32830	36.91	0.68
B6	Sample 18	2	1	2	37860	36.96	0.68
B6	Sample 18	2	1	3	42850	37	0.67
B6	Sample 18	2	1	4	47850	37	0.67
B6	Sample 18	2	1	5	52860	36.96	0.66
B6	Sample 18	2	1	6	57850	36.96	0.66
B6	Sample 18	2	1	7	62860	37	0.67
B6	Sample 18	2	1	8	67860	36.96	0.66
B6	Sample 18	2	1	9	72850	36.96	0.66
B6	Sample 18	2	1	10	77860	37	0.66
B6	Sample 18	2	1	11	82850	36.96	0.66
B6	Sample 18	2	1	12	87850	36.96	0.66
B6	Sample 18	2	1	13	92860	36.96	0.66
B6	Sample 18	2	1	14	97850	36.96	0.66
B6	Sample 18	2	1	15	102850	37	0.66
B7	Sample 19	2	1	1	32830	36.91	0.68
B7	Sample 19	2	1	2	37860	36.96	0.69
B7	Sample 19	2	1	3	42850	37	0.68
B7	Sample 19	2	1	4	47850	37	0.67
B7	Sample 19	2	1	5	52860	36.96	0.67
B7	Sample 19	2	1	6	57850	36.96	0.66
B7	Sample 19	2	1	7	62860	37	0.67
B7	Sample 19	2	1	8	67860	36.96	0.67
B7	Sample 19	2	1	9	72850	36.96	0.67
B7	Sample 19	2	1	10	77860	37	0.66
B7	Sample 19	2	1	11	82850	36.96	0.66
B7	Sample 19	2	1	12	87850	36.96	0.67
B7	Sample 19	2	1	13	92860	36.96	0.67
B7	Sample 19	2	1	14	97850	36.96	0.66
B7	Sample 19	2	1	15	102850	37	0.67
B8	Sample 20	2	1	1	32830	36.91	0.67
B8	Sample 20	2	1	2	37860	36.96	0.68
B8	Sample 20	2	1	3	42850	37	0.67
B8	Sample 20	2	1	4	47850	37	0.66
B8	Sample 20	2	1	5	52860	36.96	0.65
B8	Sample 20	2	1	6	57850	36.96	0.66
B8	Sample 20	2	1	7	62860	37	0.66
B8	Sample 20	2	1	8	67860	36.96	0.65
B8	Sample 20	2	1	9	72850	36.96	0.65
B8	Sample 20	2	1	10	77860	37	0.65
B8	Sample 20	2	1	11	82850	36.96	0.65
B8	Sample 20	2	1	12	87850	36.96	0.65
B8	Sample 20	2	1	13	92860	36.96	0.65
B8	Sample 20	2	1	14	97850	36.96	0.65
B8	Sample 20	2	1	15	102850	37	0.66
B9	Sample 21	2	1	1	32830	36.91	0.58
B9	Sample 21	2	1	2	37860	36.96	0.57
B9	Sample 21	2	1	3	42850	37	0.57
B9	Sample 21	2	1	4	47850	37	0.57
B9	Sample 21	2	1	5	52860	36.96	0.56
B9	Sample 21	2	1	6	57850	36.96	0.56
B9	Sample 21	2	1	7	62860	37	0.56
B9	Sample 21	2	1	8	67860	36.96	0.56
B9	Sample 21	2	1	9	72850	36.96	0.56
B9	Sample 21	2	1	10	77860	37	0.56
B9	Sample 21	2	1	11	82850	36.96	0.56
B9	Sample 21	2	1	12	87850	36.96	0.56
B9	Sample 21	2	1	13	92860	36.96	0.56
B9	Sample 21	2	1	14	97850	36.96	0.55
B9	Sample 21	2	1	15	102850	37	0.55
B10	Sample 22	2	1	1	32830	36.91	0.58
B10	Sample 22	2	1	2	37860	36.96	0.59
B10	Sample 22	2	1	3	42850	37	0.58
B10	Sample 22	2	1	4	47850	37	0.57
B10	Sample 22	2	1	5	52860	36.96	0.57
B10	Sample 22	2	1	6	57850	36.96	0.56
B10	Sample 22	2	1	7	62860	37	0.58
B10	Sample 22	2	1	8	67860	36.96	0.57
B10	Sample 22	2	1	9	72850	36.96	0.57
B10	Sample 22	2	1	10	77860	37	0.57
B10	Sample 22	2	1	11	82850	36.96	0.57
B10	Sample 22	2	1	12	87850	36.96	0.57
B10	Sample 22	2	1	13	92860	36.96	0.57
B10	Sample 22	2	1	14	97850	36.96	0.56
B10	Sample 22	2	1	15	102850	37	0.57
B11	Sample 23	2	1	1	32830	36.91	0.58
B11	Sample 23	2	1	2	37860	36.96	0.58
B11	Sample 23	2	1	3	42850	37	0.58
B11	Sample 23	2	1	4	47850	37	0.57
B11	Sample 23	2	1	5	52860	36.96	0.57
B11	Sample 23	2	1	6	57850	36.96	0.57
B11	Sample 23	2	1	7	62860	37	0.57
B11	Sample 23	2	1	8	67860	36.96	0.56
B11	Sample 23	2	1	9	72850	36.96	0.56
B11	Sample 23	2	1	10	77860	37	0.56
B11	Sample 23	2	1	11	82850	36.96	0.57
B11	Sample 23	2	1	12	87850	36.96	0.57
B11	Sample 23	2	1	13	92860	36.96	0.56
B11	Sample 23	2	1	14	97850	36.96	0.56
B11	Sample 23	2	1	15	102850	37	0.57
B12	Sample 24	2	1	1	32830	36.91	0.56
B12	Sample 24	2	1	2	37860	36.96	0.56
B12	Sample 24	2	1	3	42850	37	0.55
B12	Sample 24	2	1	4	47850	37	0.55
B12	Sample 24	2	1	5	52860	36.96	0.54
B12	Sample 24	2	1	6	57850	36.96	0.54
B12	Sample 24	2	1	7	62860	37	0.54
B12	Sample 24	2	1	8	67860	36.96	0.54
B12	Sample 24	2	1	9	72850	36.96	0.54
B12	Sample 24	2	1	10	77860	37	0.53
B12	Sample 24	2	1	11	82850	36.96	0.54
B12	Sample 24	2	1	12	87850	36.96	0.54
B12	Sample 24	2	1	13	92860	36.96	0.54
B12	Sample 24	2	1	14	97850	36.96	0.53
B12	Sample 24	2	1	15	102850	37	0.54
C1	Sample 25	2	1	1	32830	36.91	0.39
C1	Sample 25	2	1	2	37860	36.96	0.40
C1	Sample 25	2	1	3	42850	37	0.40
C1	Sample 25	2	1	4	47850	37	0.41
C1	Sample 25	2	1	5	52860	36.96	0.41
C1	Sample 25	2	1	6	57850	36.96	0.41
C1	Sample 25	2	1	7	62860	37	0.42
C1	Sample 25	2	1	8	67860	36.96	0.42
C1	Sample 25	2	1	9	72850	36.96	0.42
C1	Sample 25	2	1	10	77860	37	0.42
C1	Sample 25	2	1	11	82850	36.96	0.42
C1	Sample 25	2	1	12	87850	36.96	0.41
C1	Sample 25	2	1	13	92860	36.96	0.42
C1	Sample 25	2	1	14	97850	36.96	0.42
C1	Sample 25	2	1	15	102850	37	0.42
C2	Sample 26	2	1	1	32830	36.91	0.44
C2	Sample 26	2	1	2	37860	36.96	0.44
C2	Sample 26	2	1	3	42850	37	0.42
C2	Sample 26	2	1	4	47850	37	0.43
C2	Sample 26	2	1	5	52860	36.96	0.42
C2	Sample 26	2	1	6	57850	36.96	0.42
C2	Sample 26	2	1	7	62860	37	0.42
C2	Sample 26	2	1	8	67860	36.96	0.43
C2	Sample 26	2	1	9	72850	36.96	0.42
C2	Sample 26	2	1	10	77860	37	0.42
C2	Sample 26	2	1	11	82850	36.96	0.42
C2	Sample 26	2	1	12	87850	36.96	0.42
C2	Sample 26	2	1	13	92860	36.96	0.42
C2	Sample 26	2	1	14	97850	36.96	0.42
C2	Sample 26	2	1	15	102850	37	0.43
C3	Sample 27	2	1	1	32830	36.91	0.47
C3	Sample 27	2	1	2	37860	36.96	0.47
C3	Sample 27	2	1	3	42850	37	0.46
C3	Sample 27	2	1	4	47850	37	0.47
C3	Sample 27	2	1	5	52860	36.96	0.46
C3	Sample 27	2	1	6	57850	36.96	0.46
C3	Sample 27	2	1	7	62860	37	0.46
C3	Sample 27	2	1	8	67860	36.96	0.46
C3	Sample 27	2	1	9	72850	36.96	0.46
C3	Sample 27	2	1	10	77860	37	0.46
C3	Sample 27	2	1	11	82850	36.96	0.46
C3	Sample 27	2	1	12	87850	36.96	0.46
C3	Sample 27	2	1	13	92860	36.96	0.46
C3	Sample 27	2	1	14	97850	36.96	0.46
C3	Sample 27	2	1	15	102850	37	0.46
C4	Sample 28	2	1	1	32830	36.91	0.48
C4	Sample 28	2	1	2	37860	36.96	0.49
C4	Sample 28	2	1	3	42850	37	0.48
C4	Sample 28	2	1	4	47850	37	0.48
C4	Sample 28	2	1	5	52860	36.96	0.48
C4	Sample 28	2	1	6	57850	36.96	0.47
C4	Sample 28	2	1	7	62860	37	0.48
C4	Sample 28	2	1	8	67860	36.96	0.47
C4	Sample 28	2	1	9	72850	36.96	0.47
C4	Sample 28	2	1	10	77860	37	0.47
C4	Sample 28	2	1	11	82850	36.96	0.47
C4	Sample 28	2	1	12	87850	36.96	0.47
C4	Sample 28	2	1	13	92860	36.96	0.47
C4	Sample 28	2	1	14	97850	36.96	0.47
C4	Sample 28	2	1	15	102850	37	0.47
C5	Sample 29	2	1	1	32830	36.91	0.67
C5	Sample 29	2	1	2	37860	36.96	0.67
C5	Sample 29	2	1	3	42850	37	0.66
C5	Sample 29	2	1	4	47850	37	0.66
C5	Sample 29	2	1	5	52860	36.96	0.65
C5	Sample 29	2	1	6	57850	36.96	0.65
C5	Sample 29	2	1	7	62860	37	0.65
C5	Sample 29	2	1	8	67860	36.96	0.65
C5	Sample 29	2	1	9	72850	36.96	0.65
C5	Sample 29	2	1	10	77860	37	0.65
C5	Sample 29	2	1	11	82850	36.96	0.65
C5	Sample 29	2	1	12	87850	36.96	0.65
C5	Sample 29	2	1	13	92860	36.96	0.65
C5	Sample 29	2	1	14	97850	36.96	0.65
C5	Sample 29	2	1	15	102850	37	0.64
C6	Sample 30	2	1	1	32830	36.91	0.74
C6	Sample 30	2	1	2	37860	36.96	0.73
C6	Sample 30	2	1	3	42850	37	0.72
C6	Sample 30	2	1	4	47850	37	0.72
C6	Sample 30	2	1	5	52860	36.96	0.71
C6	Sample 30	2	1	6	57850	36.96	0.71
C6	Sample 30	2	1	7	62860	37	0.71
C6	Sample 30	2	1	8	67860	36.96	0.71
C6	Sample 30	2	1	9	72850	36.96	0.71
C6	Sample 30	2	1	10	77860	37	0.71
C6	Sample 30	2	1	11	82850	36.96	0.71
C6	Sample 30	2	1	12	87850	36.96	0.71
C6	Sample 30	2	1	13	92860	36.96	0.71
C6	Sample 30	2	1	14	97850	36.96	0.71
C6	Sample 30	2	1	15	102850	37	0.70
C7	Sample 31	2	1	1	32830	36.91	0.74
C7	Sample 31	2	1	2	37860	36.96	0.74
C7	Sample 31	2	1	3	42850	37	0.73
C7	Sample 31	2	1	4	47850	37	0.73
C7	Sample 31	2	1	5	52860	36.96	0.72
C7	Sample 31	2	1	6	57850	36.96	0.73
C7	Sample 31	2	1	7	62860	37	0.72
C7	Sample 31	2	1	8	67860	36.96	0.73
C7	Sample 31	2	1	9	72850	36.96	0.72
C7	Sample 31	2	1	10	77860	37	0.72
C7	Sample 31	2	1	11	82850	36.96	0.72
C7	Sample 31	2	1	12	87850	36.96	0.72
C7	Sample 31	2	1	13	92860	36.96	0.72
C7	Sample 31	2	1	14	97850	36.96	0.72
C7	Sample 31	2	1	15	102850	37	0.72
C8	Sample 32	2	1	1	32830	36.91	0.70
C8	Sample 32	2	1	2	37860	36.96	0.70
C8	Sample 32	2	1	3	42850	37	0.69
C8	Sample 32	2	1	4	47850	37	0.69
C8	Sample 32	2	1	5	52860	36.96	0.68
C8	Sample 32	2	1	6	57850	36.96	0.68
C8	Sample 32	2	1	7	62860	37	0.68
C8	Sample 32	2	1	8	67860	36.96	0.68
C8	Sample 32	2	1	9	72850	36.96	0.68
C8	Sample 32	2	1	10	77860	37	0.67
C8	Sample 32	2	1	11	82850	36.96	0.68
C8	Sample 32	2	1	12	87850	36.96	0.67
C8	Sample 32	2	1	13	92860	36.96	0.68
C8	Sample 32	2	1	14	97850	36.96	0.68
C8	Sample 32	2	1	15	102850	37	0.67
C9	Sample 33	2	1	1	32830	36.91	0.60
C9	Sample 33	2	1	2	37860	36.96	0.59
C9	Sample 33	2	1	3	42850	37	0.58
C9	Sample 33	2	1	4	47850	37	0.59
C9	Sample 33	2	1	5	52860	36.96	0.57
C9	Sample 33	2	1	6	57850	36.96	0.57
C9	Sample 33	2	1	7	62860	37	0.57
C9	Sample 33	2	1	8	67860	36.96	0.58
C9	Sample 33	2	1	9	72850	36.96	0.58
C9	Sample 33	2	1	10	77860	37	0.57
C9	Sample 33	2	1	11	82850	36.96	0.58
C9	Sample 33	2	1	12	87850	36.96	0.57
C9	Sample 33	2	1	13	92860	36.96	0.57
C9	Sample 33	2	1	14	97850	36.96	0.57
C9	Sample 33	2	1	15	102850	37	0.57
C10	Sample 34	2	1	1	32830	36.91	0.58
C10	Sample 34	2	1	2	37860	36.96	0.59
C10	Sample 34	2	1	3	42850	37	0.58
C10	Sample 34	2	1	4	47850	37	0.58
C10	Sample 34	2	1	5	52860	36.96	0.57
C10	Sample 34	2	1	6	57850	36.96	0.56
C10	Sample 34	2	1	7	62860	37	0.56
C10	Sample 34	2	1	8	67860	36.96	0.56
C10	Sample 34	2	1	9	72850	36.96	0.57
C10	Sample 34	2	1	10	77860	37	0.56
C10	Sample 34	2	1	11	82850	36.96	0.56
C10	Sample 34	2	1	12	87850	36.96	0.56
C10	Sample 34	2	1	13	92860	36.96	0.57
C10	Sample 34	2	1	14	97850	36.96	0.56
C10	Sample 34	2	1	15	102850	37	0.56
C11	Sample 35	2	1	1	32830	36.91	0.58
C11	Sample 35	2	1	2	37860	36.96	0.58
C11	Sample 35	2	1	3	42850	37	0.57
C11	Sample 35	2	1	4	47850	37	0.58
C11	Sample 35	2	1	5	52860	36.96	0.56
C11	Sample 35	2	1	6	57850	36.96	0.56
C11	Sample 35	2	1	7	62860	37	0.56
C11	Sample 35	2	1	8	67860	36.96	0.56
C11	Sample 35	2	1	9	72850	36.96	0.56
C11	Sample 35	2	1	10	77860	37	0.56
C11	Sample 35	2	1	11	82850	36.96	0.56
C11	Sample 35	2	1	12	87850	36.96	0.56
C11	Sample 35	2	1	13	92860	36.96	0.56
C11	Sample 35	2	1	14	97850	36.96	0.56
C11	Sample 35	2	1	15	102850	37	0.56
C12	Sample 36	2	1	1	32830	36.91	0.59
C12	Sample 36	2	1	2	37860	36.96	0.59
C12	Sample 36	2	1	3	42850	37	0.58
C12	Sample 36	2	1	4	47850	37	0.58
C12	Sample 36	2	1	5	52860	36.96	0.57
C12	Sample 36	2	1	6	57850	36.96	0.57
C12	Sample 36	2	1	7	62860	37	0.57
C12	Sample 36	2	1	8	67860	36.96	0.58
C12	Sample 36	2	1	9	72850	36.96	0.57
C12	Sample 36	2	1	10	77860	37	0.57
C12	Sample 36	2	1	11	82850	36.96	0.57
C12	Sample 36	2	1	12	87850	36.96	0.57
C12	Sample 36	2	1	13	92860	36.96	0.58
C12	Sample 36	2	1	14	97850	36.96	0.57
C12	Sample 36	2	1	15	102850	37	0.58
D1	Sample 37	2	1	1	32830	36.91	0.43
D1	Sample 37	2	1	2	37860	36.96	0.43
D1	Sample 37	2	1	3	42850	37	0.42
D1	Sample 37	2	1	4	47850	37	0.42
D1	Sample 37	2	1	5	52860	36.96	0.42
D1	Sample 37	2	1	6	57850	36.96	0.42
D1	Sample 37	2	1	7	62860	37	0.42
D1	Sample 37	2	1	8	67860	36.96	0.42
D1	Sample 37	2	1	9	72850	36.96	0.41
D1	Sample 37	2	1	10	77860	37	0.42
D1	Sample 37	2	1	11	82850	36.96	0.42
D1	Sample 37	2	1	12	87850	36.96	0.42
D1	Sample 37	2	1	13	92860	36.96	0.42
D1	Sample 37	2	1	14	97850	36.96	0.41
D1	Sample 37	2	1	15	102850	37	0.42
D2	Sample 38	2	1	1	32830	36.91	0.45
D2	Sample 38	2	1	2	37860	36.96	0.44
D2	Sample 38	2	1	3	42850	37	0.44
D2	Sample 38	2	1	4	47850	37	0.44
D2	Sample 38	2	1	5	52860	36.96	0.44
D2	Sample 38	2	1	6	57850	36.96	0.43
D2	Sample 38	2	1	7	62860	37	0.43
D2	Sample 38	2	1	8	67860	36.96	0.43
D2	Sample 38	2	1	9	72850	36.96	0.43
D2	Sample 38	2	1	10	77860	37	0.43
D2	Sample 38	2	1	11	82850	36.96	0.44
D2	Sample 38	2	1	12	87850	36.96	0.44
D2	Sample 38	2	1	13	92860	36.96	0.44
D2	Sample 38	2	1	14	97850	36.96	0.43
D2	Sample 38	2	1	15	102850	37	0.44
D3	Sample 39	2	1	1	32830	36.91	0.48
D3	Sample 39	2	1	2	37860	36.96	0.48
D3	Sample 39	2	1	3	42850	37	0.47
D3	Sample 39	2	1	4	47850	37	0.48
D3	Sample 39	2	1	5	52860	36.96	0.47
D3	Sample 39	2	1	6	57850	36.96	0.47
D3	Sample 39	2	1	7	62860	37	0.47
D3	Sample 39	2	1	8	67860	36.96	0.47
D3	Sample 39	2	1	9	72850	36.96	0.47
D3	Sample 39	2	1	10	77860	37	0.47
D3	Sample 39	2	1	11	82850	36.96	0.47
D3	Sample 39	2	1	12	87850	36.96	0.47
D3	Sample 39	2	1	13	92860	36.96	0.47
D3	Sample 39	2	1	14	97850	36.96	0.47
D3	Sample 39	2	1	15	102850	37	0.47
D4	Sample 40	2	1	1	32830	36.91	0.51
D4	Sample 40	2	1	2	37860	36.96	0.51
D4	Sample 40	2	1	3	42850	37	0.50
D4	Sample 40	2	1	4	47850	37	0.49
D4	Sample 40	2	1	5	52860	36.96	0.50
D4	Sample 40	2	1	6	57850	36.96	0.49
D4	Sample 40	2	1	7	62860	37	0.49
D4	Sample 40	2	1	8	67860	36.96	0.49
D4	Sample 40	2	1	9	72850	36.96	0.49
D4	Sample 40	2	1	10	77860	37	0.49
D4	Sample 40	2	1	11	82850	36.96	0.50
D4	Sample 40	2	1	12	87850	36.96	0.50
D4	Sample 40	2	1	13	92860	36.96	0.50
D4	Sample 40	2	1	14	97850	36.96	0.49
D4	Sample 40	2	1	15	102850	37	0.50
D5	Sample 41	2	1	1	32830	36.91	0.67
D5	Sample 41	2	1	2	37860	36.96	0.66
D5	Sample 41	2	1	3	42850	37	0.65
D5	Sample 41	2	1	4	47850	37	0.65
D5	Sample 41	2	1	5	52860	36.96	0.64
D5	Sample 41	2	1	6	57850	36.96	0.64
D5	Sample 41	2	1	7	62860	37	0.65
D5	Sample 41	2	1	8	67860	36.96	0.64
D5	Sample 41	2	1	9	72850	36.96	0.64
D5	Sample 41	2	1	10	77860	37	0.64
D5	Sample 41	2	1	11	82850	36.96	0.64
D5	Sample 41	2	1	12	87850	36.96	0.64
D5	Sample 41	2	1	13	92860	36.96	0.65
D5	Sample 41	2	1	14	97850	36.96	0.65
D5	Sample 41	2	1	15	102850	37	0.65
D6	Sample 42	2	1	1	32830	36.91	0.68
D6	Sample 42	2	1	2	37860	36.96	0.67
D6	Sample 42	2	1	3	42850	37	0.67
D6	Sample 42	2	1	4	47850	37	0.66
D6	Sample 42	2	1	5	52860	36.96	0.66
D6	Sample 42	2	1	6	57850	36.96	0.66
D6	Sample 42	2	1	7	62860	37	0.66
D6	Sample 42	2	1	8	67860	36.96	0.66
D6	Sample 42	2	1	9	72850	36.96	0.66
D6	Sample 42	2	1	10	77860	37	0.65
D6	Sample 42	2	1	11	82850	36.96	0.66
D6	Sample 42	2	1	12	87850	36.96	0.66
D6	Sample 42	2	1	13	92860	36.96	0.66
D6	Sample 42	2	1	14	97850	36.96	0.65
D6	Sample 42	2	1	15	102850	37	0.66
D7	Sample 43	2	1	1	32830	36.91	0.80
D7	Sample 43	2	1	2	37860	36.96	0.79
D7	Sample 43	2	1	3	42850	37	0.79
D7	Sample 43	2	1	4	47850	37	0.78
D7	Sample 43	2	1	5	52860	36.96	0.78
D7	Sample 43	2	1	6	57850	36.96	0.78
D7	Sample 43	2	1	7	62860	37	0.78
D7	Sample 43	2	1	8	67860	36.96	0.77
D7	Sample 43	2	1	9	72850	36.96	0.77
D7	Sample 43	2	1	10	77860	37	0.78
D7	Sample 43	2	1	11	82850	36.96	0.78
D7	Sample 43	2	1	12	87850	36.96	0.77
D7	Sample 43	2	1	13	92860	36.96	0.78
D7	Sample 43	2	1	14	97850	36.96	0.78
D7	Sample 43	2	1	15	102850	37	0.78
D8	Sample 44	2	1	1	32830	36.91	0.77
D8	Sample 44	2	1	2	37860	36.96	0.77
D8	Sample 44	2	1	3	42850	37	0.76
D8	Sample 44	2	1	4	47850	37	0.75
D8	Sample 44	2	1	5	52860	36.96	0.75
D8	Sample 44	2	1	6	57850	36.96	0.75
D8	Sample 44	2	1	7	62860	37	0.75
D8	Sample 44	2	1	8	67860	36.96	0.75
D8	Sample 44	2	1	9	72850	36.96	0.75
D8	Sample 44	2	1	10	77860	37	0.75
D8	Sample 44	2	1	11	82850	36.96	0.75
D8	Sample 44	2	1	12	87850	36.96	0.75
D8	Sample 44	2	1	13	92860	36.96	0.76
D8	Sample 44	2	1	14	97850	36.96	0.75
D8	Sample 44	2	1	15	102850	37	0.75
D9	Sample 45	2	1	1	32830	36.91	0.59
D9	Sample 45	2	1	2	37860	36.96	0.60
D9	Sample 45	2	1	3	42850	37	0.59
D9	Sample 45	2	1	4	47850	37	0.59
D9	Sample 45	2	1	5	52860	36.96	0.58
D9	Sample 45	2	1	6	57850	36.96	0.58
D9	Sample 45	2	1	7	62860	37	0.58
D9	Sample 45	2	1	8	67860	36.96	0.58
D9	Sample 45	2	1	9	72850	36.96	0.58
D9	Sample 45	2	1	10	77860	37	0.58
D9	Sample 45	2	1	11	82850	36.96	0.59
D9	Sample 45	2	1	12	87850	36.96	0.59
D9	Sample 45	2	1	13	92860	36.96	0.59
D9	Sample 45	2	1	14	97850	36.96	0.59
D9	Sample 45	2	1	15	102850	37	0.59
D10	Sample 46	2	1	1	32830	36.91	0.59
D10	Sample 46	2	1	2	37860	36.96	0.59
D10	Sample 46	2	1	3	42850	37	0.58
D10	Sample 46	2	1	4	47850	37	0.58
D10	Sample 46	2	1	5	52860	36.96	0.57
D10	Sample 46	2	1	6	57850	36.96	0.57
D10	Sample 46	2	1	7	62860	37	0.58
D10	Sample 46	2	1	8	67860	36.96	0.57
D10	Sample 46	2	1	9	72850	36.96	0.57
D10	Sample 46	2	1	10	77860	37	0.57
D10	Sample 46	2	1	11	82850	36.96	0.57
D10	Sample 46	2	1	12	87850	36.96	0.58
D10	Sample 46	2	1	13	92860	36.96	0.57
D10	Sample 46	2	1	14	97850	36.96	0.58
D10	Sample 46	2	1	15	102850	37	0.57
D11	Sample 47	2	1	1	32830	36.91	0.58
D11	Sample 47	2	1	2	37860	36.96	0.58
D11	Sample 47	2	1	3	42850	37	0.57
D11	Sample 47	2	1	4	47850	37	0.57
D11	Sample 47	2	1	5	52860	36.96	0.56
D11	Sample 47	2	1	6	57850	36.96	0.57
D11	Sample 47	2	1	7	62860	37	0.56
D11	Sample 47	2	1	8	67860	36.96	0.56
D11	Sample 47	2	1	9	72850	36.96	0.56
D11	Sample 47	2	1	10	77860	37	0.56
D11	Sample 47	2	1	11	82850	36.96	0.57
D11	Sample 47	2	1	12	87850	36.96	0.56
D11	Sample 47	2	1	13	92860	36.96	0.57
D11	Sample 47	2	1	14	97850	36.96	0.57
D11	Sample 47	2	1	15	102850	37	0.57
D12	Sample 48	2	1	1	32830	36.91	0.55
D12	Sample 48	2	1	2	37860	36.96	0.55
D12	Sample 48	2	1	3	42850	37	0.55
D12	Sample 48	2	1	4	47850	37	0.55
D12	Sample 48	2	1	5	52860	36.96	0.54
D12	Sample 48	2	1	6	57850	36.96	0.54
D12	Sample 48	2	1	7	62860	37	0.54
D12	Sample 48	2	1	8	67860	36.96	0.54
D12	Sample 48	2	1	9	72850	36.96	0.54
D12	Sample 48	2	1	10	77860	37	0.54
D12	Sample 48	2	1	11	82850	36.96	0.54
D12	Sample 48	2	1	12	87850	36.96	0.54
D12	Sample 48	2	1	13	92860	36.96	0.55
D12	Sample 48	2	1	14	97850	36.96	0.54
D12	Sample 48	2	1	15	102850	37	0.54
E1	Sample 49	2	1	1	32830	36.91	0.49
E1	Sample 49	2	1	2	37860	36.96	0.50
E1	Sample 49	2	1	3	42850	37	0.51
E1	Sample 49	2	1	4	47850	37	0.51
E1	Sample 49	2	1	5	52860	36.96	0.51
E1	Sample 49	2	1	6	57850	36.96	0.52
E1	Sample 49	2	1	7	62860	37	0.52
E1	Sample 49	2	1	8	67860	36.96	0.52
E1	Sample 49	2	1	9	72850	36.96	0.52
E1	Sample 49	2	1	10	77860	37	0.52
E1	Sample 49	2	1	11	82850	36.96	0.52
E1	Sample 49	2	1	12	87850	36.96	0.52
E1	Sample 49	2	1	13	92860	36.96	0.52
E1	Sample 49	2	1	14	97850	36.96	0.52
E1	Sample 49	2	1	15	102850	37	0.52
E2	Sample 50	2	1	1	32830	36.91	0.52
E2	Sample 50	2	1	2	37860	36.96	0.53
E2	Sample 50	2	1	3	42850	37	0.52
E2	Sample 50	2	1	4	47850	37	0.52
E2	Sample 50	2	1	5	52860	36.96	0.51
E2	Sample 50	2	1	6	57850	36.96	0.51
E2	Sample 50	2	1	7	62860	37	0.51
E2	Sample 50	2	1	8	67860	36.96	0.52
E2	Sample 50	2	1	9	72850	36.96	0.51
E2	Sample 50	2	1	10	77860	37	0.51
E2	Sample 50	2	1	11	82850	36.96	0.52
E2	Sample 50	2	1	12	87850	36.96	0.51
E2	Sample 50	2	1	13	92860	36.96	0.51
E2	Sample 50	2	1	14	97850	36.96	0.51
E2	Sample 50	2	1	15	102850	37	0.51
E3	Sample 51	2	1	1	32830	36.91	0.57
E3	Sample 51	2	1	2	37860	36.96	0.57
E3	Sample 51	2	1	3	42850	37	0.56
E3	Sample 51	2	1	4	47850	37	0.57
E3	Sample 51	2	1	5	52860	36.96	0.55
E3	Sample 51	2	1	6	57850	36.96	0.56
E3	Sample 51	2	1	7	62860	37	0.56
E3	Sample 51	2	1	8	67860	36.96	0.56
E3	Sample 51	2	1	9	72850	36.96	0.55
E3	Sample 51	2	1	10	77860	37	0.55
E3	Sample 51	2	1	11	82850	36.96	0.56
E3	Sample 51	2	1	12	87850	36.96	0.55
E3	Sample 51	2	1	13	92860	36.96	0.55
E3	Sample 51	2	1	14	97850	36.96	0.56
E3	Sample 51	2	1	15	102850	37	0.55
E4	Sample 52	2	1	1	32830	36.91	0.60
E4	Sample 52	2	1	2	37860	36.96	0.60
E4	Sample 52	2	1	3	42850	37	0.59
E4	Sample 52	2	1	4	47850	37	0.58
E4	Sample 52	2	1	5	52860	36.96	0.58
E4	Sample 52	2	1	6	57850	36.96	0.59
E4	Sample 52	2	1	7	62860	37	0.59
E4	Sample 52	2	1	8	67860	36.96	0.59
E4	Sample 52	2	1	9	72850	36.96	0.59
E4	Sample 52	2	1	10	77860	37	0.58
E4	Sample 52	2	1	11	82850	36.96	0.58
E4	Sample 52	2	1	12	87850	36.96	0.58
E4	Sample 52	2	1	13	92860	36.96	0.58
E4	Sample 52	2	1	14	97850	36.96	0.58
E4	Sample 52	2	1	15	102850	37	0.58
E5	Sample 53	2	1	1	32830	36.91	0.73
E5	Sample 53	2	1	2	37860	36.96	0.73
E5	Sample 53	2	1	3	42850	37	0.72
E5	Sample 53	2	1	4	47850	37	0.71
E5	Sample 53	2	1	5	52860	36.96	0.70
E5	Sample 53	2	1	6	57850	36.96	0.71
E5	Sample 53	2	1	7	62860	37	0.71
E5	Sample 53	2	1	8	67860	36.96	0.70
E5	Sample 53	2	1	9	72850	36.96	0.70
E5	Sample 53	2	1	10	77860	37	0.70
E5	Sample 53	2	1	11	82850	36.96	0.71
E5	Sample 53	2	1	12	87850	36.96	0.70
E5	Sample 53	2	1	13	92860	36.96	0.70
E5	Sample 53	2	1	14	97850	36.96	0.70
E5	Sample 53	2	1	15	102850	37	0.70
E6	Sample 54	2	1	1	32830	36.91	0.73
E6	Sample 54	2	1	2	37860	36.96	0.72
E6	Sample 54	2	1	3	42850	37	0.71
E6	Sample 54	2	1	4	47850	37	0.71
E6	Sample 54	2	1	5	52860	36.96	0.70
E6	Sample 54	2	1	6	57850	36.96	0.71
E6	Sample 54	2	1	7	62860	37	0.70
E6	Sample 54	2	1	8	67860	36.96	0.70
E6	Sample 54	2	1	9	72850	36.96	0.70
E6	Sample 54	2	1	10	77860	37	0.70
E6	Sample 54	2	1	11	82850	36.96	0.70
E6	Sample 54	2	1	12	87850	36.96	0.70
E6	Sample 54	2	1	13	92860	36.96	0.70
E6	Sample 54	2	1	14	97850	36.96	0.69
E6	Sample 54	2	1	15	102850	37	0.69
E7	Sample 55	2	1	1	32830	36.91	0.84
E7	Sample 55	2	1	2	37860	36.96	0.84
E7	Sample 55	2	1	3	42850	37	0.83
E7	Sample 55	2	1	4	47850	37	0.82
E7	Sample 55	2	1	5	52860	36.96	0.80
E7	Sample 55	2	1	6	57850	36.96	0.81
E7	Sample 55	2	1	7	62860	37	0.81
E7	Sample 55	2	1	8	67860	36.96	0.82
E7	Sample 55	2	1	9	72850	36.96	0.81
E7	Sample 55	2	1	10	77860	37	0.80
E7	Sample 55	2	1	11	82850	36.96	0.81
E7	Sample 55	2	1	12	87850	36.96	0.80
E7	Sample 55	2	1	13	92860	36.96	0.81
E7	Sample 55	2	1	14	97850	36.96	0.80
E7	Sample 55	2	1	15	102850	37	0.80
E8	Sample 56	2	1	1	32830	36.91	0.79
E8	Sample 56	2	1	2	37860	36.96	0.79
E8	Sample 56	2	1	3	42850	37	0.78
E8	Sample 56	2	1	4	47850	37	0.77
E8	Sample 56	2	1	5	52860	36.96	0.76
E8	Sample 56	2	1	6	57850	36.96	0.77
E8	Sample 56	2	1	7	62860	37	0.77
E8	Sample 56	2	1	8	67860	36.96	0.77
E8	Sample 56	2	1	9	72850	36.96	0.76
E8	Sample 56	2	1	10	77860	37	0.76
E8	Sample 56	2	1	11	82850	36.96	0.77
E8	Sample 56	2	1	12	87850	36.96	0.76
E8	Sample 56	2	1	13	92860	36.96	0.76
E8	Sample 56	2	1	14	97850	36.96	0.76
E8	Sample 56	2	1	15	102850	37	0.76
E9	Sample 57	2	1	1	32830	36.91	0.57
E9	Sample 57	2	1	2	37860	36.96	0.57
E9	Sample 57	2	1	3	42850	37	0.56
E9	Sample 57	2	1	4	47850	37	0.56
E9	Sample 57	2	1	5	52860	36.96	0.55
E9	Sample 57	2	1	6	57850	36.96	0.55
E9	Sample 57	2	1	7	62860	37	0.56
E9	Sample 57	2	1	8	67860	36.96	0.56
E9	Sample 57	2	1	9	72850	36.96	0.55
E9	Sample 57	2	1	10	77860	37	0.55
E9	Sample 57	2	1	11	82850	36.96	0.56
E9	Sample 57	2	1	12	87850	36.96	0.55
E9	Sample 57	2	1	13	92860	36.96	0.55
E9	Sample 57	2	1	14	97850	36.96	0.55
E9	Sample 57	2	1	15	102850	37	0.55
E10	Sample 58	2	1	1	32830	36.91	0.59
E10	Sample 58	2	1	2	37860	36.96	0.59
E10	Sample 58	2	1	3	42850	37	0.59
E10	Sample 58	2	1	4	47850	37	0.58
E10	Sample 58	2	1	5	52860	36.96	0.58
E10	Sample 58	2	1	6	57850	36.96	0.58
E10	Sample 58	2	1	7	62860	37	0.58
E10	Sample 58	2	1	8	67860	36.96	0.58
E10	Sample 58	2	1	9	72850	36.96	0.58
E10	Sample 58	2	1	10	77860	37	0.58
E10	Sample 58	2	1	11	82850	36.96	0.58
E10	Sample 58	2	1	12	87850	36.96	0.58
E10	Sample 58	2	1	13	92860	36.96	0.58
E10	Sample 58	2	1	14	97850	36.96	0.58
E10	Sample 58	2	1	15	102850	37	0.58
E11	Sample 59	2	1	1	32830	36.91	0.60
E11	Sample 59	2	1	2	37860	36.96	0.60
E11	Sample 59	2	1	3	42850	37	0.59
E11	Sample 59	2	1	4	47850	37	0.59
E11	Sample 59	2	1	5	52860	36.96	0.57
E11	Sample 59	2	1	6	57850	36.96	0.59
E11	Sample 59	2	1	7	62860	37	0.58
E11	Sample 59	2	1	8	67860	36.96	0.58
E11	Sample 59	2	1	9	72850	36.96	0.58
E11	Sample 59	2	1	10	77860	37	0.58
E11	Sample 59	2	1	11	82850	36.96	0.59
E11	Sample 59	2	1	12	87850	36.96	0.58
E11	Sample 59	2	1	13	92860	36.96	0.58
E11	Sample 59	2	1	14	97850	36.96	0.59
E11	Sample 59	2	1	15	102850	37	0.58
E12	Sample 60	2	1	1	32830	36.91	0.57
E12	Sample 60	2	1	2	37860	36.96	0.57
E12	Sample 60	2	1	3	42850	37	0.57
E12	Sample 60	2	1	4	47850	37	0.57
E12	Sample 60	2	1	5	52860	36.96	0.56
E12	Sample 60	2	1	6	57850	36.96	0.56
E12	Sample 60	2	1	7	62860	37	0.56
E12	Sample 60	2	1	8	67860	36.96	0.56
E12	Sample 60	2	1	9	72850	36.96	0.55
E12	Sample 60	2	1	10	77860	37	0.55
E12	Sample 60	2	1	11	82850	36.96	0.55
E12	Sample 60	2	1	12	87850	36.96	0.55
E12	Sample 60	2	1	13	92860	36.96	0.55
E12	Sample 60	2	1	14	97850	36.96	0.55
E12	Sample 60	2	1	15	102850	37	0.55
F1	Sample 61	2	1	1	32830	36.91	0.50
F1	Sample 61	2	1	2	37860	36.96	0.51
F1	Sample 61	2	1	3	42850	37	0.51
F1	Sample 61	2	1	4	47850	37	0.52
F1	Sample 61	2	1	5	52860	36.96	0.52
F1	Sample 61	2	1	6	57850	36.96	0.53
F1	Sample 61	2	1	7	62860	37	0.55
F1	Sample 61	2	1	8	67860	36.96	0.54
F1	Sample 61	2	1	9	72850	36.96	0.55
F1	Sample 61	2	1	10	77860	37	0.54
F1	Sample 61	2	1	11	82850	36.96	0.55
F1	Sample 61	2	1	12	87850	36.96	0.54
F1	Sample 61	2	1	13	92860	36.96	0.55
F1	Sample 61	2	1	14	97850	36.96	0.55
F1	Sample 61	2	1	15	102850	37	0.55
F2	Sample 62	2	1	1	32830	36.91	0.57
F2	Sample 62	2	1	2	37860	36.96	0.57
F2	Sample 62	2	1	3	42850	37	0.57
F2	Sample 62	2	1	4	47850	37	0.56
F2	Sample 62	2	1	5	52860	36.96	0.56
F2	Sample 62	2	1	6	57850	36.96	0.56
F2	Sample 62	2	1	7	62860	37	0.57
F2	Sample 62	2	1	8	67860	36.96	0.56
F2	Sample 62	2	1	9	72850	36.96	0.57
F2	Sample 62	2	1	10	77860	37	0.56
F2	Sample 62	2	1	11	82850	36.96	0.57
F2	Sample 62	2	1	12	87850	36.96	0.56
F2	Sample 62	2	1	13	92860	36.96	0.57
F2	Sample 62	2	1	14	97850	36.96	0.56
F2	Sample 62	2	1	15	102850	37	0.56
F3	Sample 63	2	1	1	32830	36.91	0.62
F3	Sample 63	2	1	2	37860	36.96	0.61
F3	Sample 63	2	1	3	42850	37	0.61
F3	Sample 63	2	1	4	47850	37	0.60
F3	Sample 63	2	1	5	52860	36.96	0.59
F3	Sample 63	2	1	6	57850	36.96	0.59
F3	Sample 63	2	1	7	62860	37	0.61
F3	Sample 63	2	1	8	67860	36.96	0.60
F3	Sample 63	2	1	9	72850	36.96	0.59
F3	Sample 63	2	1	10	77860	37	0.59
F3	Sample 63	2	1	11	82850	36.96	0.59
F3	Sample 63	2	1	12	87850	36.96	0.59
F3	Sample 63	2	1	13	92860	36.96	0.59
F3	Sample 63	2	1	14	97850	36.96	0.60
F3	Sample 63	2	1	15	102850	37	0.59
F4	Sample 64	2	1	1	32830	36.91	0.62
F4	Sample 64	2	1	2	37860	36.96	0.62
F4	Sample 64	2	1	3	42850	37	0.61
F4	Sample 64	2	1	4	47850	37	0.61
F4	Sample 64	2	1	5	52860	36.96	0.60
F4	Sample 64	2	1	6	57850	36.96	0.60
F4	Sample 64	2	1	7	62860	37	0.61
F4	Sample 64	2	1	8	67860	36.96	0.61
F4	Sample 64	2	1	9	72850	36.96	0.61
F4	Sample 64	2	1	10	77860	37	0.61
F4	Sample 64	2	1	11	82850	36.96	0.61
F4	Sample 64	2	1	12	87850	36.96	0.61
F4	Sample 64	2	1	13	92860	36.96	0.61
F4	Sample 64	2	1	14	97850	36.96	0.61
F4	Sample 64	2	1	15	102850	37	0.61
F5	Sample 65	2	1	1	32830	36.91	0.75
F5	Sample 65	2	1	2	37860	36.96	0.74
F5	Sample 65	2	1	3	42850	37	0.73
F5	Sample 65	2	1	4	47850	37	0.73
F5	Sample 65	2	1	5	52860	36.96	0.72
F5	Sample 65	2	1	6	57850	36.96	0.72
F5	Sample 65	2	1	7	62860	37	0.73
F5	Sample 65	2	1	8	67860	36.96	0.72
F5	Sample 65	2	1	9	72850	36.96	0.72
F5	Sample 65	2	1	10	77860	37	0.72
F5	Sample 65	2	1	11	82850	36.96	0.73
F5	Sample 65	2	1	12	87850	36.96	0.73
F5	Sample 65	2	1	13	92860	36.96	0.72
F5	Sample 65	2	1	14	97850	36.96	0.73
F5	Sample 65	2	1	15	102850	37	0.72
F6	Sample 66	2	1	1	32830	36.91	0.76
F6	Sample 66	2	1	2	37860	36.96	0.75
F6	Sample 66	2	1	3	42850	37	0.74
F6	Sample 66	2	1	4	47850	37	0.74
F6	Sample 66	2	1	5	52860	36.96	0.73
F6	Sample 66	2	1	6	57850	36.96	0.73
F6	Sample 66	2	1	7	62860	37	0.75
F6	Sample 66	2	1	8	67860	36.96	0.74
F6	Sample 66	2	1	9	72850	36.96	0.74
F6	Sample 66	2	1	10	77860	37	0.73
F6	Sample 66	2	1	11	82850	36.96	0.74
F6	Sample 66	2	1	12	87850	36.96	0.73
F6	Sample 66	2	1	13	92860	36.96	0.73
F6	Sample 66	2	1	14	97850	36.96	0.74
F6	Sample 66	2	1	15	102850	37	0.73
F7	Sample 67	2	1	1	32830	36.91	0.86
F7	Sample 67	2	1	2	37860	36.96	0.85
F7	Sample 67	2	1	3	42850	37	0.85
F7	Sample 67	2	1	4	47850	37	0.84
F7	Sample 67	2	1	5	52860	36.96	0.83
F7	Sample 67	2	1	6	57850	36.96	0.84
F7	Sample 67	2	1	7	62860	37	0.84
F7	Sample 67	2	1	8	67860	36.96	0.84
F7	Sample 67	2	1	9	72850	36.96	0.84
F7	Sample 67	2	1	10	77860	37	0.83
F7	Sample 67	2	1	11	82850	36.96	0.83
F7	Sample 67	2	1	12	87850	36.96	0.83
F7	Sample 67	2	1	13	92860	36.96	0.83
F7	Sample 67	2	1	14	97850	36.96	0.84
F7	Sample 67	2	1	15	102850	37	0.83
F8	Sample 68	2	1	1	32830	36.91	0.85
F8	Sample 68	2	1	2	37860	36.96	0.84
F8	Sample 68	2	1	3	42850	37	0.84
F8	Sample 68	2	1	4	47850	37	0.82
F8	Sample 68	2	1	5	52860	36.96	0.83
F8	Sample 68	2	1	6	57850	36.96	0.82
F8	Sample 68	2	1	7	62860	37	0.83
F8	Sample 68	2	1	8	67860	36.96	0.82
F8	Sample 68	2	1	9	72850	36.96	0.82
F8	Sample 68	2	1	10	77860	37	0.82
F8	Sample 68	2	1	11	82850	36.96	0.83
F8	Sample 68	2	1	12	87850	36.96	0.82
F8	Sample 68	2	1	13	92860	36.96	0.82
F8	Sample 68	2	1	14	97850	36.96	0.83
F8	Sample 68	2	1	15	102850	37	0.82
F9	Sample 69	2	1	1	32830	36.91	0.61
F9	Sample 69	2	1	2	37860	36.96	0.61
F9	Sample 69	2	1	3	42850	37	0.61
F9	Sample 69	2	1	4	47850	37	0.60
F9	Sample 69	2	1	5	52860	36.96	0.59
F9	Sample 69	2	1	6	57850	36.96	0.59
F9	Sample 69	2	1	7	62860	37	0.61
F9	Sample 69	2	1	8	67860	36.96	0.60
F9	Sample 69	2	1	9	72850	36.96	0.60
F9	Sample 69	2	1	10	77860	37	0.60
F9	Sample 69	2	1	11	82850	36.96	0.60
F9	Sample 69	2	1	12	87850	36.96	0.60
F9	Sample 69	2	1	13	92860	36.96	0.60
F9	Sample 69	2	1	14	97850	36.96	0.60
F9	Sample 69	2	1	15	102850	37	0.60
F10	Sample 70	2	1	1	32830	36.91	0.61
F10	Sample 70	2	1	2	37860	36.96	0.60
F10	Sample 70	2	1	3	42850	37	0.60
F10	Sample 70	2	1	4	47850	37	0.59
F10	Sample 70	2	1	5	52860	36.96	0.59
F10	Sample 70	2	1	6	57850	36.96	0.59
F10	Sample 70	2	1	7	62860	37	0.60
F10	Sample 70	2	1	8	67860	36.96	0.59
F10	Sample 70	2	1	9	72850	36.96	0.59
F10	Sample 70	2	1	10	77860	37	0.59
F10	Sample 70	2	1	11	82850	36.96	0.60
F10	Sample 70	2	1	12	87850	36.96	0.58
F10	Sample 70	2	1	13	92860	36.96	0.60
F10	Sample 70	2	1	14	97850	36.96	0.60
F10	Sample 70	2	1	15	102850	37	0.59
F11	Sample 71	2	1	1	32830	36.91	0.59
F11	Sample 71	2	1	2	37860	36.96	0.59
F11	Sample 71	2	1	3	42850	37	0.59
F11	Sample 71	2	1	4	47850	37	0.58
F11	Sample 71	2	1	5	52860	36.96	0.57
F11	Sample 71	2	1	6	57850	36.96	0.57
F11	Sample 71	2	1	7	62860	37	0.58
F11	Sample 71	2	1	8	67860	36.96	0.58
F11	Sample 71	2	1	9	72850	36.96	0.57
F11	Sample 71	2	1	10	77860	37	0.57
F11	Sample 71	2	1	11	82850	36.96	0.57
F11	Sample 71	2	1	12	87850	36.96	0.57
F11	Sample 71	2	1	13	92860	36.96	0.57
F11	Sample 71	2	1	14	97850	36.96	0.57
F11	Sample 71	2	1	15	102850	37	0.57
F12	Sample 72	2	1	1	32830	36.91	0.57
F12	Sample 72	2	1	2	37860	36.96	0.57
F12	Sample 72	2	1	3	42850	37	0.56
F12	Sample 72	2	1	4	47850	37	0.56
F12	Sample 72	2	1	5	52860	36.96	0.55
F12	Sample 72	2	1	6	57850	36.96	0.55
F12	Sample 72	2	1	7	62860	37	0.56
F12	Sample 72	2	1	8	67860	36.96	0.56
F12	Sample 72	2	1	9	72850	36.96	0.55
F12	Sample 72	2	1	10	77860	37	0.56
F12	Sample 72	2	1	11	82850	36.96	0.56
F12	Sample 72	2	1	12	87850	36.96	0.55
F12	Sample 72	2	1	13	92860	36.96	0.56
F12	Sample 72	2	1	14	97850	36.96	0.55
F12	Sample 72	2	1	15	102850	37	0.56
G1	Sample 73	2	1	1	32830	36.91	0.51
G1	Sample 73	2	1	2	37860	36.96	0.52
G1	Sample 73	2	1	3	42850	37	0.53
G1	Sample 73	2	1	4	47850	37	0.53
G1	Sample 73	2	1	5	52860	36.96	0.55
G1	Sample 73	2	1	6	57850	36.96	0.56
G1	Sample 73	2	1	7	62860	37	0.57
G1	Sample 73	2	1	8	67860	36.96	0.57
G1	Sample 73	2	1	9	72850	36.96	0.57
G1	Sample 73	2	1	10	77860	37	0.57
G1	Sample 73	2	1	11	82850	36.96	0.57
G1	Sample 73	2	1	12	87850	36.96	0.56
G1	Sample 73	2	1	13	92860	36.96	0.57
G1	Sample 73	2	1	14	97850	36.96	0.57
G1	Sample 73	2	1	15	102850	37	0.58
G2	Sample 74	2	1	1	32830	36.91	0.60
G2	Sample 74	2	1	2	37860	36.96	0.59
G2	Sample 74	2	1	3	42850	37	0.59
G2	Sample 74	2	1	4	47850	37	0.58
G2	Sample 74	2	1	5	52860	36.96	0.58
G2	Sample 74	2	1	6	57850	36.96	0.58
G2	Sample 74	2	1	7	62860	37	0.59
G2	Sample 74	2	1	8	67860	36.96	0.58
G2	Sample 74	2	1	9	72850	36.96	0.58
G2	Sample 74	2	1	10	77860	37	0.58
G2	Sample 74	2	1	11	82850	36.96	0.58
G2	Sample 74	2	1	12	87850	36.96	0.58
G2	Sample 74	2	1	13	92860	36.96	0.58
G2	Sample 74	2	1	14	97850	36.96	0.59
G2	Sample 74	2	1	15	102850	37	0.58
G3	Sample 75	2	1	1	32830	36.91	0.63
G3	Sample 75	2	1	2	37860	36.96	0.63
G3	Sample 75	2	1	3	42850	37	0.62
G3	Sample 75	2	1	4	47850	37	0.61
G3	Sample 75	2	1	5	52860	36.96	0.62
G3	Sample 75	2	1	6	57850	36.96	0.61
G3	Sample 75	2	1	7	62860	37	0.62
G3	Sample 75	2	1	8	67860	36.96	0.61
G3	Sample 75	2	1	9	72850	36.96	0.61
G3	Sample 75	2	1	10	77860	37	0.61
G3	Sample 75	2	1	11	82850	36.96	0.61
G3	Sample 75	2	1	12	87850	36.96	0.61
G3	Sample 75	2	1	13	92860	36.96	0.62
G3	Sample 75	2	1	14	97850	36.96	0.62
G3	Sample 75	2	1	15	102850	37	0.61
G4	Sample 76	2	1	1	32830	36.91	0.64
G4	Sample 76	2	1	2	37860	36.96	0.63
G4	Sample 76	2	1	3	42850	37	0.63
G4	Sample 76	2	1	4	47850	37	0.62
G4	Sample 76	2	1	5	52860	36.96	0.63
G4	Sample 76	2	1	6	57850	36.96	0.62
G4	Sample 76	2	1	7	62860	37	0.63
G4	Sample 76	2	1	8	67860	36.96	0.62
G4	Sample 76	2	1	9	72850	36.96	0.62
G4	Sample 76	2	1	10	77860	37	0.62
G4	Sample 76	2	1	11	82850	36.96	0.62
G4	Sample 76	2	1	12	87850	36.96	0.62
G4	Sample 76	2	1	13	92860	36.96	0.63
G4	Sample 76	2	1	14	97850	36.96	0.63
G4	Sample 76	2	1	15	102850	37	0.63
G5	Sample 77	2	1	1	32830	36.91	0.85
G5	Sample 77	2	1	2	37860	36.96	0.85
G5	Sample 77	2	1	3	42850	37	0.84
G5	Sample 77	2	1	4	47850	37	0.84
G5	Sample 77	2	1	5	52860	36.96	0.84
G5	Sample 77	2	1	6	57850	36.96	0.83
G5	Sample 77	2	1	7	62860	37	0.83
G5	Sample 77	2	1	8	67860	36.96	0.83
G5	Sample 77	2	1	9	72850	36.96	0.84
G5	Sample 77	2	1	10	77860	37	0.83
G5	Sample 77	2	1	11	82850	36.96	0.83
G5	Sample 77	2	1	12	87850	36.96	0.83
G5	Sample 77	2	1	13	92860	36.96	0.83
G5	Sample 77	2	1	14	97850	36.96	0.84
G5	Sample 77	2	1	15	102850	37	0.84
G6	Sample 78	2	1	1	32830	36.91	0.83
G6	Sample 78	2	1	2	37860	36.96	0.83
G6	Sample 78	2	1	3	42850	37	0.82
G6	Sample 78	2	1	4	47850	37	0.81
G6	Sample 78	2	1	5	52860	36.96	0.82
G6	Sample 78	2	1	6	57850	36.96	0.81
G6	Sample 78	2	1	7	62860	37	0.81
G6	Sample 78	2	1	8	67860	36.96	0.82
G6	Sample 78	2	1	9	72850	36.96	0.81
G6	Sample 78	2	1	10	77860	37	0.81
G6	Sample 78	2	1	11	82850	36.96	0.81
G6	Sample 78	2	1	12	87850	36.96	0.82
G6	Sample 78	2	1	13	92860	36.96	0.81
G6	Sample 78	2	1	14	97850	36.96	0.82
G6	Sample 78	2	1	15	102850	37	0.82
G7	Sample 79	2	1	1	32830	36.91	0.85
G7	Sample 79	2	1	2	37860	36.96	0.84
G7	Sample 79	2	1	3	42850	37	0.83
G7	Sample 79	2	1	4	47850	37	0.83
G7	Sample 79	2	1	5	52860	36.96	0.82
G7	Sample 79	2	1	6	57850	36.96	0.82
G7	Sample 79	2	1	7	62860	37	0.83
G7	Sample 79	2	1	8	67860	36.96	0.83
G7	Sample 79	2	1	9	72850	36.96	0.83
G7	Sample 79	2	1	10	77860	37	0.83
G7	Sample 79	2	1	11	82850	36.96	0.83
G7	Sample 79	2	1	12	87850	36.96	0.83
G7	Sample 79	2	1	13	92860	36.96	0.83
G7	Sample 79	2	1	14	97850	36.96	0.83
G7	Sample 79	2	1	15	102850	37	0.83
G8	Sample 80	2	1	1	32830	36.91	0.83
G8	Sample 80	2	1	2	37860	36.96	0.82
G8	Sample 80	2	1	3	42850	37	0.81
G8	Sample 80	2	1	4	47850	37	0.81
G8	Sample 80	2	1	5	52860	36.96	0.81
G8	Sample 80	2	1	6	57850	36.96	0.81
G8	Sample 80	2	1	7	62860	37	0.81
G8	Sample 80	2	1	8	67860	36.96	0.81
G8	Sample 80	2	1	9	72850	36.96	0.81
G8	Sample 80	2	1	10	77860	37	0.81
G8	Sample 80	2	1	11	82850	36.96	0.81
G8	Sample 80	2	1	12	87850	36.96	0.81
G8	Sample 80	2	1	13	92860	36.96	0.80
G8	Sample 80	2	1	14	97850	36.96	0.82
G8	Sample 80	2	1	15	102850	37	0.81
G9	Sample 81	2	1	1	32830	36.91	0.60
G9	Sample 81	2	1	2	37860	36.96	0.60
G9	Sample 81	2	1	3	42850	37	0.59
G9	Sample 81	2	1	4	47850	37	0.59
G9	Sample 81	2	1	5	52860	36.96	0.59
G9	Sample 81	2	1	6	57850	36.96	0.58
G9	Sample 81	2	1	7	62860	37	0.59
G9	Sample 81	2	1	8	67860	36.96	0.59
G9	Sample 81	2	1	9	72850	36.96	0.59
G9	Sample 81	2	1	10	77860	37	0.59
G9	Sample 81	2	1	11	82850	36.96	0.58
G9	Sample 81	2	1	12	87850	36.96	0.58
G9	Sample 81	2	1	13	92860	36.96	0.58
G9	Sample 81	2	1	14	97850	36.96	0.59
G9	Sample 81	2	1	15	102850	37	0.59
G10	Sample 82	2	1	1	32830	36.91	0.59
G10	Sample 82	2	1	2	37860	36.96	0.58
G10	Sample 82	2	1	3	42850	37	0.58
G10	Sample 82	2	1	4	47850	37	0.57
G10	Sample 82	2	1	5	52860	36.96	0.57
G10	Sample 82	2	1	6	57850	36.96	0.57
G10	Sample 82	2	1	7	62860	37	0.58
G10	Sample 82	2	1	8	67860	36.96	0.57
G10	Sample 82	2	1	9	72850	36.96	0.57
G10	Sample 82	2	1	10	77860	37	0.57
G10	Sample 82	2	1	11	82850	36.96	0.57
G10	Sample 82	2	1	12	87850	36.96	0.57
G10	Sample 82	2	1	13	92860	36.96	0.57
G10	Sample 82	2	1	14	97850	36.96	0.58
G10	Sample 82	2	1	15	102850	37	0.58
G11	Sample 83	2	1	1	32830	36.91	0.59
G11	Sample 83	2	1	2	37860	36.96	0.59
G11	Sample 83	2	1	3	42850	37	0.59
G11	Sample 83	2	1	4	47850	37	0.57
G11	Sample 83	2	1	5	52860	36.96	0.58
G11	Sample 83	2	1	6	57850	36.96	0.57
G11	Sample 83	2	1	7	62860	37	0.58
G11	Sample 83	2	1	8	67860	36.96	0.57
G11	Sample 83	2	1	9	72850	36.96	0.58
G11	Sample 83	2	1	10	77860	37	0.58
G11	Sample 83	2	1	11	82850	36.96	0.58
G11	Sample 83	2	1	12	87850	36.96	0.58
G11	Sample 83	2	1	13	92860	36.96	0.57
G11	Sample 83	2	1	14	97850	36.96	0.58
G11	Sample 83	2	1	15	102850	37	0.58
G12	Sample 84	2	1	1	32830	36.91	0.56
G12	Sample 84	2	1	2	37860	36.96	0.56
G12	Sample 84	2	1	3	42850	37	0.55
G12	Sample 84	2	1	4	47850	37	0.55
G12	Sample 84	2	1	5	52860	36.96	0.55
G12	Sample 84	2	1	6	57850	36.96	0.54
G12	Sample 84	2	1	7	62860	37	0.55
G12	Sample 84	2	1	8	67860	36.96	0.55
G12	Sample 84	2	1	9	72850	36.96	0.55
G12	Sample 84	2	1	10	77860	37	0.54
G12	Sample 84	2	1	11	82850	36.96	0.55
G12	Sample 84	2	1	12	87850	36.96	0.55
G12	Sample 84	2	1	13	92860	36.96	0.55
G12	Sample 84	2	1	14	97850	36.96	0.55
G12	Sample 84	2	1	15	102850	37	0.55
H1	Sample 85	2	1	1	32830	36.91	0.49
H1	Sample 85	2	1	2	37860	36.96	0.50
H1	Sample 85	2	1	3	42850	37	0.49
H1	Sample 85	2	1	4	47850	37	0.51
H1	Sample 85	2	1	5	52860	36.96	0.52
H1	Sample 85	2	1	6	57850	36.96	0.53
H1	Sample 85	2	1	7	62860	37	0.53
H1	Sample 85	2	1	8	67860	36.96	0.54
H1	Sample 85	2	1	9	72850	36.96	0.54
H1	Sample 85	2	1	10	77860	37	0.55
H1	Sample 85	2	1	11	82850	36.96	0.55
H1	Sample 85	2	1	12	87850	36.96	0.55
H1	Sample 85	2	1	13	92860	36.96	0.55
H1	Sample 85	2	1	14	97850	36.96	0.55
H1	Sample 85	2	1	15	102850	37	0.55
H2	Sample 86	2	1	1	32830	36.91	0.58
H2	Sample 86	2	1	2	37860	36.96	0.58
H2	Sample 86	2	1	3	42850	37	0.57
H2	Sample 86	2	1	4	47850	37	0.57
H2	Sample 86	2	1	5	52860	36.96	0.57
H2	Sample 86	2	1	6	57850	36.96	0.57
H2	Sample 86	2	1	7	62860	37	0.57
H2	Sample 86	2	1	8	67860	36.96	0.57
H2	Sample 86	2	1	9	72850	36.96	0.57
H2	Sample 86	2	1	10	77860	37	0.56
H2	Sample 86	2	1	11	82850	36.96	0.57
H2	Sample 86	2	1	12	87850	36.96	0.57
H2	Sample 86	2	1	13	92860	36.96	0.57
H2	Sample 86	2	1	14	97850	36.96	0.57
H2	Sample 86	2	1	15	102850	37	0.56
H3	Sample 87	2	1	1	32830	36.91	0.60
H3	Sample 87	2	1	2	37860	36.96	0.61
H3	Sample 87	2	1	3	42850	37	0.60
H3	Sample 87	2	1	4	47850	37	0.60
H3	Sample 87	2	1	5	52860	36.96	0.59
H3	Sample 87	2	1	6	57850	36.96	0.59
H3	Sample 87	2	1	7	62860	37	0.59
H3	Sample 87	2	1	8	67860	36.96	0.59
H3	Sample 87	2	1	9	72850	36.96	0.59
H3	Sample 87	2	1	10	77860	37	0.59
H3	Sample 87	2	1	11	82850	36.96	0.59
H3	Sample 87	2	1	12	87850	36.96	0.59
H3	Sample 87	2	1	13	92860	36.96	0.59
H3	Sample 87	2	1	14	97850	36.96	0.60
H3	Sample 87	2	1	15	102850	37	0.60
H4	Sample 88	2	1	1	32830	36.91	0.62
H4	Sample 88	2	1	2	37860	36.96	0.63
H4	Sample 88	2	1	3	42850	37	0.61
H4	Sample 88	2	1	4	47850	37	0.61
H4	Sample 88	2	1	5	52860	36.96	0.61
H4	Sample 88	2	1	6	57850	36.96	0.61
H4	Sample 88	2	1	7	62860	37	0.60
H4	Sample 88	2	1	8	67860	36.96	0.61
H4	Sample 88	2	1	9	72850	36.96	0.61
H4	Sample 88	2	1	10	77860	37	0.61
H4	Sample 88	2	1	11	82850	36.96	0.61
H4	Sample 88	2	1	12	87850	36.96	0.61
H4	Sample 88	2	1	13	92860	36.96	0.61
H4	Sample 88	2	1	14	97850	36.96	0.61
H4	Sample 88	2	1	15	102850	37	0.61
H5	Sample 89	2	1	1	32830	36.91	0.88
H5	Sample 89	2	1	2	37860	36.96	0.88
H5	Sample 89	2	1	3	42850	37	0.86
H5	Sample 89	2	1	4	47850	37	0.87
H5	Sample 89	2	1	5	52860	36.96	0.86
H5	Sample 89	2	1	6	57850	36.96	0.87
H5	Sample 89	2	1	7	62860	37	0.87
H5	Sample 89	2	1	8	67860	36.96	0.86
H5	Sample 89	2	1	9	72850	36.96	0.86
H5	Sample 89	2	1	10	77860	37	0.87
H5	Sample 89	2	1	11	82850	36.96	0.87
H5	Sample 89	2	1	12	87850	36.96	0.87
H5	Sample 89	2	1	13	92860	36.96	0.87
H5	Sample 89	2	1	14	97850	36.96	0.86
H5	Sample 89	2	1	15	102850	37	0.87
H6	Sample 90	2	1	1	32830	36.91	0.87
H6	Sample 90	2	1	2	37860	36.96	0.87
H6	Sample 90	2	1	3	42850	37	0.87
H6	Sample 90	2	1	4	47850	37	0.86
H6	Sample 90	2	1	5	52860	36.96	0.86
H6	Sample 90	2	1	6	57850	36.96	0.86
H6	Sample 90	2	1	7	62860	37	0.86
H6	Sample 90	2	1	8	67860	36.96	0.86
H6	Sample 90	2	1	9	72850	36.96	0.85
H6	Sample 90	2	1	10	77860	37	0.86
H6	Sample 90	2	1	11	82850	36.96	0.86
H6	Sample 90	2	1	12	87850	36.96	0.85
H6	Sample 90	2	1	13	92860	36.96	0.85
H6	Sample 90	2	1	14	97850	36.96	0.85
H6	Sample 90	2	1	15	102850	37	0.85
H7	Sample 91	2	1	1	32830	36.91	0.85
H7	Sample 91	2	1	2	37860	36.96	0.85
H7	Sample 91	2	1	3	42850	37	0.84
H7	Sample 91	2	1	4	47850	37	0.84
H7	Sample 91	2	1	5	52860	36.96	0.83
H7	Sample 91	2	1	6	57850	36.96	0.83
H7	Sample 91	2	1	7	62860	37	0.84
H7	Sample 91	2	1	8	67860	36.96	0.83
H7	Sample 91	2	1	9	72850	36.96	0.83
H7	Sample 91	2	1	10	77860	37	0.83
H7	Sample 91	2	1	11	82850	36.96	0.83
H7	Sample 91	2	1	12	87850	36.96	0.83
H7	Sample 91	2	1	13	92860	36.96	0.83
H7	Sample 91	2	1	14	97850	36.96	0.83
H7	Sample 91	2	1	15	102850	37	0.83
H8	Sample 92	2	1	1	32830	36.91	0.83
H8	Sample 92	2	1	2	37860	36.96	0.83
H8	Sample 92	2	1	3	42850	37	0.81
H8	Sample 92	2	1	4	47850	37	0.82
H8	Sample 92	2	1	5	52860	36.96	0.82
H8	Sample 92	2	1	6	57850	36.96	0.82
H8	Sample 92	2	1	7	62860	37	0.81
H8	Sample 92	2	1	8	67860	36.96	0.82
H8	Sample 92	2	1	9	72850	36.96	0.81
H8	Sample 92	2	1	10	77860	37	0.81
H8	Sample 92	2	1	11	82850	36.96	0.81
H8	Sample 92	2	1	12	87850	36.96	0.81
H8	Sample 92	2	1	13	92860	36.96	0.82
H8	Sample 92	2	1	14	97850	36.96	0.82
H8	Sample 92	2	1	15	102850	37	0.81
H9	Sample 93	2	1	1	32830	36.91	0.59
H9	Sample 93	2	1	2	37860	36.96	0.59
H9	Sample 93	2	1	3	42850	37	0.58
H9	Sample 93	2	1	4	47850	37	0.59
H9	Sample 93	2	1	5	52860	36.96	0.58
H9	Sample 93	2	1	6	57850	36.96	0.58
H9	Sample 93	2	1	7	62860	37	0.58
H9	Sample 93	2	1	8	67860	36.96	0.58
H9	Sample 93	2	1	9	72850	36.96	0.57
H9	Sample 93	2	1	10	77860	37	0.57
H9	Sample 93	2	1	11	82850	36.96	0.57
H9	Sample 93	2	1	12	87850	36.96	0.57
H9	Sample 93	2	1	13	92860	36.96	0.58
H9	Sample 93	2	1	14	97850	36.96	0.58
H9	Sample 93	2	1	15	102850	37	0.57
H10	Sample 94	2	1	1	32830	36.91	0.55
H10	Sample 94	2	1	2	37860	36.96	0.56
H10	Sample 94	2	1	3	42850	37	0.55
H10	Sample 94	2	1	4	47850	37	0.55
H10	Sample 94	2	1	5	52860	36.96	0.54
H10	Sample 94	2	1	6	57850	36.96	0.55
H10	Sample 94	2	1	7	62860	37	0.55
H10	Sample 94	2	1	8	67860	36.96	0.54
H10	Sample 94	2	1	9	72850	36.96	0.54
H10	Sample 94	2	1	10	77860	37	0.55
H10	Sample 94	2	1	11	82850	36.96	0.55
H10	Sample 94	2	1	12	87850	36.96	0.54
H10	Sample 94	2	1	13	92860	36.96	0.55
H10	Sample 94	2	1	14	97850	36.96	0.54
H10	Sample 94	2	1	15	102850	37	0.54
H11	Sample 95	2	1	1	32830	36.91	0.54
H11	Sample 95	2	1	2	37860	36.96	0.54
H11	Sample 95	2	1	3	42850	37	0.53
H11	Sample 95	2	1	4	47850	37	0.53
H11	Sample 95	2	1	5	52860	36.96	0.52
H11	Sample 95	2	1	6	57850	36.96	0.53
H11	Sample 95	2	1	7	62860	37	0.53
H11	Sample 95	2	1	8	67860	36.96	0.53
H11	Sample 95	2	1	9	72850	36.96	0.52
H11	Sample 95	2	1	10	77860	37	0.52
H11	Sample 95	2	1	11	82850	36.96	0.52
H11	Sample 95	2	1	12	87850	36.96	0.52
H11	Sample 95	2	1	13	92860	36.96	0.52
H11	Sample 95	2	1	14	97850	36.96	0.52
H11	Sample 95	2	1	15	102850	37	0.52
H12	Sample 96	2	1	1	32830	36.91	0.53
H12	Sample 96	2	1	2	37860	36.96	0.53
H12	Sample 96	2	1	3	42850	37	0.53
H12	Sample 96	2	1	4	47850	37	0.53
H12	Sample 96	2	1	5	52860	36.96	0.53
H12	Sample 96	2	1	6	57850	36.96	0.54
H12	Sample 96	2	1	7	62860	37	0.54
H12	Sample 96	2	1	8	67860	36.96	0.53
H12	Sample 96	2	1	9	72850	36.96	0.54
H12	Sample 96	2	1	10	77860	37	0.53
H12	Sample 96	2	1	11	82850	36.96	0.54
H12	Sample 96	2	1	12	87850	36.96	0.54
H12	Sample 96	2	1	13	92860	36.96	0.54
H12	Sample 96	2	1	14	97850	36.96	0.53
H12	Sample 96	2	1	15	102850	37	0.53
