Raw Data 		Experiment - evIC50_3_plate3_11APRIL2026 (Run on LCS480 1.5.1.62)
SamplePos	SampleName	Prog#	Seg#	Cycle#	Time	Temp	465-510	
A1	Sample 1	2	1	1	32360	36.96	1.64
A1	Sample 1	2	1	2	37380	36.96	1.63
A1	Sample 1	2	1	3	42380	37	1.64
A1	Sample 1	2	1	4	47370	37	1.64
A1	Sample 1	2	1	5	52380	37	1.65
A1	Sample 1	2	1	6	57380	36.96	1.67
A1	Sample 1	2	1	7	62390	36.96	1.67
A1	Sample 1	2	1	8	67400	36.96	1.67
A1	Sample 1	2	1	9	72380	36.96	1.68
A1	Sample 1	2	1	10	77370	37	1.69
A1	Sample 1	2	1	11	82380	37	1.69
A1	Sample 1	2	1	12	87380	37	1.68
A1	Sample 1	2	1	13	92380	36.96	1.68
A1	Sample 1	2	1	14	97380	36.96	1.69
A1	Sample 1	2	1	15	102380	37	1.69
A2	Sample 2	2	1	1	32360	36.96	1.69
A2	Sample 2	2	1	2	37380	36.96	1.68
A2	Sample 2	2	1	3	42380	37	1.68
A2	Sample 2	2	1	4	47370	37	1.70
A2	Sample 2	2	1	5	52380	37	1.71
A2	Sample 2	2	1	6	57380	36.96	1.72
A2	Sample 2	2	1	7	62390	36.96	1.73
A2	Sample 2	2	1	8	67400	36.96	1.73
A2	Sample 2	2	1	9	72380	36.96	1.74
A2	Sample 2	2	1	10	77370	37	1.75
A2	Sample 2	2	1	11	82380	37	1.75
A2	Sample 2	2	1	12	87380	37	1.74
A2	Sample 2	2	1	13	92380	36.96	1.75
A2	Sample 2	2	1	14	97380	36.96	1.75
A2	Sample 2	2	1	15	102380	37	1.74
A3	Sample 3	2	1	1	32360	36.96	1.78
A3	Sample 3	2	1	2	37380	36.96	1.79
A3	Sample 3	2	1	3	42380	37	1.79
A3	Sample 3	2	1	4	47370	37	1.81
A3	Sample 3	2	1	5	52380	37	1.82
A3	Sample 3	2	1	6	57380	36.96	1.83
A3	Sample 3	2	1	7	62390	36.96	1.83
A3	Sample 3	2	1	8	67400	36.96	1.84
A3	Sample 3	2	1	9	72380	36.96	1.84
A3	Sample 3	2	1	10	77370	37	1.85
A3	Sample 3	2	1	11	82380	37	1.85
A3	Sample 3	2	1	12	87380	37	1.84
A3	Sample 3	2	1	13	92380	36.96	1.84
A3	Sample 3	2	1	14	97380	36.96	1.86
A3	Sample 3	2	1	15	102380	37	1.85
A4	Sample 4	2	1	1	32360	36.96	1.89
A4	Sample 4	2	1	2	37380	36.96	1.89
A4	Sample 4	2	1	3	42380	37	1.89
A4	Sample 4	2	1	4	47370	37	1.89
A4	Sample 4	2	1	5	52380	37	1.88
A4	Sample 4	2	1	6	57380	36.96	1.88
A4	Sample 4	2	1	7	62390	36.96	1.88
A4	Sample 4	2	1	8	67400	36.96	1.89
A4	Sample 4	2	1	9	72380	36.96	1.89
A4	Sample 4	2	1	10	77370	37	1.88
A4	Sample 4	2	1	11	82380	37	1.90
A4	Sample 4	2	1	12	87380	37	1.88
A4	Sample 4	2	1	13	92380	36.96	1.88
A4	Sample 4	2	1	14	97380	36.96	1.89
A4	Sample 4	2	1	15	102380	37	1.88
A5	Sample 5	2	1	1	32360	36.96	2.24
A5	Sample 5	2	1	2	37380	36.96	2.23
A5	Sample 5	2	1	3	42380	37	2.24
A5	Sample 5	2	1	4	47370	37	2.24
A5	Sample 5	2	1	5	52380	37	2.24
A5	Sample 5	2	1	6	57380	36.96	2.24
A5	Sample 5	2	1	7	62390	36.96	2.24
A5	Sample 5	2	1	8	67400	36.96	2.24
A5	Sample 5	2	1	9	72380	36.96	2.24
A5	Sample 5	2	1	10	77370	37	2.24
A5	Sample 5	2	1	11	82380	37	2.24
A5	Sample 5	2	1	12	87380	37	2.25
A5	Sample 5	2	1	13	92380	36.96	2.24
A5	Sample 5	2	1	14	97380	36.96	2.25
A5	Sample 5	2	1	15	102380	37	2.24
A6	Sample 6	2	1	1	32360	36.96	2.48
A6	Sample 6	2	1	2	37380	36.96	2.47
A6	Sample 6	2	1	3	42380	37	2.48
A6	Sample 6	2	1	4	47370	37	2.47
A6	Sample 6	2	1	5	52380	37	2.48
A6	Sample 6	2	1	6	57380	36.96	2.47
A6	Sample 6	2	1	7	62390	36.96	2.47
A6	Sample 6	2	1	8	67400	36.96	2.47
A6	Sample 6	2	1	9	72380	36.96	2.46
A6	Sample 6	2	1	10	77370	37	2.48
A6	Sample 6	2	1	11	82380	37	2.47
A6	Sample 6	2	1	12	87380	37	2.48
A6	Sample 6	2	1	13	92380	36.96	2.47
A6	Sample 6	2	1	14	97380	36.96	2.48
A6	Sample 6	2	1	15	102380	37	2.47
A7	Sample 7	2	1	1	32360	36.96	2.32
A7	Sample 7	2	1	2	37380	36.96	2.30
A7	Sample 7	2	1	3	42380	37	2.31
A7	Sample 7	2	1	4	47370	37	2.31
A7	Sample 7	2	1	5	52380	37	2.31
A7	Sample 7	2	1	6	57380	36.96	2.30
A7	Sample 7	2	1	7	62390	36.96	2.31
A7	Sample 7	2	1	8	67400	36.96	2.30
A7	Sample 7	2	1	9	72380	36.96	2.30
A7	Sample 7	2	1	10	77370	37	2.31
A7	Sample 7	2	1	11	82380	37	2.31
A7	Sample 7	2	1	12	87380	37	2.29
A7	Sample 7	2	1	13	92380	36.96	2.30
A7	Sample 7	2	1	14	97380	36.96	2.30
A7	Sample 7	2	1	15	102380	37	2.30
A8	Sample 8	2	1	1	32360	36.96	2.26
A8	Sample 8	2	1	2	37380	36.96	2.25
A8	Sample 8	2	1	3	42380	37	2.26
A8	Sample 8	2	1	4	47370	37	2.25
A8	Sample 8	2	1	5	52380	37	2.25
A8	Sample 8	2	1	6	57380	36.96	2.24
A8	Sample 8	2	1	7	62390	36.96	2.25
A8	Sample 8	2	1	8	67400	36.96	2.26
A8	Sample 8	2	1	9	72380	36.96	2.25
A8	Sample 8	2	1	10	77370	37	2.25
A8	Sample 8	2	1	11	82380	37	2.25
A8	Sample 8	2	1	12	87380	37	2.25
A8	Sample 8	2	1	13	92380	36.96	2.24
A8	Sample 8	2	1	14	97380	36.96	2.25
A8	Sample 8	2	1	15	102380	37	2.24
A9	Sample 9	2	1	1	32360	36.96	1.58
A9	Sample 9	2	1	2	37380	36.96	1.57
A9	Sample 9	2	1	3	42380	37	1.57
A9	Sample 9	2	1	4	47370	37	1.57
A9	Sample 9	2	1	5	52380	37	1.57
A9	Sample 9	2	1	6	57380	36.96	1.57
A9	Sample 9	2	1	7	62390	36.96	1.56
A9	Sample 9	2	1	8	67400	36.96	1.57
A9	Sample 9	2	1	9	72380	36.96	1.57
A9	Sample 9	2	1	10	77370	37	1.57
A9	Sample 9	2	1	11	82380	37	1.57
A9	Sample 9	2	1	12	87380	37	1.56
A9	Sample 9	2	1	13	92380	36.96	1.56
A9	Sample 9	2	1	14	97380	36.96	1.57
A9	Sample 9	2	1	15	102380	37	1.57
A10	Sample 10	2	1	1	32360	36.96	1.68
A10	Sample 10	2	1	2	37380	36.96	1.68
A10	Sample 10	2	1	3	42380	37	1.68
A10	Sample 10	2	1	4	47370	37	1.68
A10	Sample 10	2	1	5	52380	37	1.68
A10	Sample 10	2	1	6	57380	36.96	1.68
A10	Sample 10	2	1	7	62390	36.96	1.68
A10	Sample 10	2	1	8	67400	36.96	1.68
A10	Sample 10	2	1	9	72380	36.96	1.68
A10	Sample 10	2	1	10	77370	37	1.68
A10	Sample 10	2	1	11	82380	37	1.68
A10	Sample 10	2	1	12	87380	37	1.68
A10	Sample 10	2	1	13	92380	36.96	1.68
A10	Sample 10	2	1	14	97380	36.96	1.68
A10	Sample 10	2	1	15	102380	37	1.68
A11	Sample 11	2	1	1	32360	36.96	1.54
A11	Sample 11	2	1	2	37380	36.96	1.54
A11	Sample 11	2	1	3	42380	37	1.54
A11	Sample 11	2	1	4	47370	37	1.54
A11	Sample 11	2	1	5	52380	37	1.53
A11	Sample 11	2	1	6	57380	36.96	1.53
A11	Sample 11	2	1	7	62390	36.96	1.53
A11	Sample 11	2	1	8	67400	36.96	1.54
A11	Sample 11	2	1	9	72380	36.96	1.54
A11	Sample 11	2	1	10	77370	37	1.54
A11	Sample 11	2	1	11	82380	37	1.54
A11	Sample 11	2	1	12	87380	37	1.53
A11	Sample 11	2	1	13	92380	36.96	1.54
A11	Sample 11	2	1	14	97380	36.96	1.54
A11	Sample 11	2	1	15	102380	37	1.54
A12	Sample 12	2	1	1	32360	36.96	1.36
A12	Sample 12	2	1	2	37380	36.96	1.35
A12	Sample 12	2	1	3	42380	37	1.35
A12	Sample 12	2	1	4	47370	37	1.35
A12	Sample 12	2	1	5	52380	37	1.35
A12	Sample 12	2	1	6	57380	36.96	1.34
A12	Sample 12	2	1	7	62390	36.96	1.35
A12	Sample 12	2	1	8	67400	36.96	1.35
A12	Sample 12	2	1	9	72380	36.96	1.35
A12	Sample 12	2	1	10	77370	37	1.36
A12	Sample 12	2	1	11	82380	37	1.35
A12	Sample 12	2	1	12	87380	37	1.35
A12	Sample 12	2	1	13	92380	36.96	1.34
A12	Sample 12	2	1	14	97380	36.96	1.35
A12	Sample 12	2	1	15	102380	37	1.35
B1	Sample 13	2	1	1	32360	36.96	1.53
B1	Sample 13	2	1	2	37380	36.96	1.53
B1	Sample 13	2	1	3	42380	37	1.53
B1	Sample 13	2	1	4	47370	37	1.55
B1	Sample 13	2	1	5	52380	37	1.55
B1	Sample 13	2	1	6	57380	36.96	1.56
B1	Sample 13	2	1	7	62390	36.96	1.58
B1	Sample 13	2	1	8	67400	36.96	1.59
B1	Sample 13	2	1	9	72380	36.96	1.58
B1	Sample 13	2	1	10	77370	37	1.60
B1	Sample 13	2	1	11	82380	37	1.60
B1	Sample 13	2	1	12	87380	37	1.59
B1	Sample 13	2	1	13	92380	36.96	1.59
B1	Sample 13	2	1	14	97380	36.96	1.60
B1	Sample 13	2	1	15	102380	37	1.60
B2	Sample 14	2	1	1	32360	36.96	1.59
B2	Sample 14	2	1	2	37380	36.96	1.60
B2	Sample 14	2	1	3	42380	37	1.60
B2	Sample 14	2	1	4	47370	37	1.61
B2	Sample 14	2	1	5	52380	37	1.62
B2	Sample 14	2	1	6	57380	36.96	1.63
B2	Sample 14	2	1	7	62390	36.96	1.64
B2	Sample 14	2	1	8	67400	36.96	1.64
B2	Sample 14	2	1	9	72380	36.96	1.64
B2	Sample 14	2	1	10	77370	37	1.65
B2	Sample 14	2	1	11	82380	37	1.65
B2	Sample 14	2	1	12	87380	37	1.64
B2	Sample 14	2	1	13	92380	36.96	1.64
B2	Sample 14	2	1	14	97380	36.96	1.64
B2	Sample 14	2	1	15	102380	37	1.65
B3	Sample 15	2	1	1	32360	36.96	1.78
B3	Sample 15	2	1	2	37380	36.96	1.78
B3	Sample 15	2	1	3	42380	37	1.79
B3	Sample 15	2	1	4	47370	37	1.80
B3	Sample 15	2	1	5	52380	37	1.80
B3	Sample 15	2	1	6	57380	36.96	1.80
B3	Sample 15	2	1	7	62390	36.96	1.80
B3	Sample 15	2	1	8	67400	36.96	1.80
B3	Sample 15	2	1	9	72380	36.96	1.81
B3	Sample 15	2	1	10	77370	37	1.82
B3	Sample 15	2	1	11	82380	37	1.81
B3	Sample 15	2	1	12	87380	37	1.80
B3	Sample 15	2	1	13	92380	36.96	1.81
B3	Sample 15	2	1	14	97380	36.96	1.81
B3	Sample 15	2	1	15	102380	37	1.82
B4	Sample 16	2	1	1	32360	36.96	1.91
B4	Sample 16	2	1	2	37380	36.96	1.91
B4	Sample 16	2	1	3	42380	37	1.91
B4	Sample 16	2	1	4	47370	37	1.90
B4	Sample 16	2	1	5	52380	37	1.90
B4	Sample 16	2	1	6	57380	36.96	1.90
B4	Sample 16	2	1	7	62390	36.96	1.91
B4	Sample 16	2	1	8	67400	36.96	1.90
B4	Sample 16	2	1	9	72380	36.96	1.90
B4	Sample 16	2	1	10	77370	37	1.90
B4	Sample 16	2	1	11	82380	37	1.90
B4	Sample 16	2	1	12	87380	37	1.90
B4	Sample 16	2	1	13	92380	36.96	1.89
B4	Sample 16	2	1	14	97380	36.96	1.89
B4	Sample 16	2	1	15	102380	37	1.88
B5	Sample 17	2	1	1	32360	36.96	2.22
B5	Sample 17	2	1	2	37380	36.96	2.21
B5	Sample 17	2	1	3	42380	37	2.21
B5	Sample 17	2	1	4	47370	37	2.21
B5	Sample 17	2	1	5	52380	37	2.20
B5	Sample 17	2	1	6	57380	36.96	2.20
B5	Sample 17	2	1	7	62390	36.96	2.21
B5	Sample 17	2	1	8	67400	36.96	2.20
B5	Sample 17	2	1	9	72380	36.96	2.20
B5	Sample 17	2	1	10	77370	37	2.20
B5	Sample 17	2	1	11	82380	37	2.20
B5	Sample 17	2	1	12	87380	37	2.19
B5	Sample 17	2	1	13	92380	36.96	2.19
B5	Sample 17	2	1	14	97380	36.96	2.19
B5	Sample 17	2	1	15	102380	37	2.19
B6	Sample 18	2	1	1	32360	36.96	2.41
B6	Sample 18	2	1	2	37380	36.96	2.41
B6	Sample 18	2	1	3	42380	37	2.41
B6	Sample 18	2	1	4	47370	37	2.41
B6	Sample 18	2	1	5	52380	37	2.39
B6	Sample 18	2	1	6	57380	36.96	2.40
B6	Sample 18	2	1	7	62390	36.96	2.40
B6	Sample 18	2	1	8	67400	36.96	2.39
B6	Sample 18	2	1	9	72380	36.96	2.39
B6	Sample 18	2	1	10	77370	37	2.40
B6	Sample 18	2	1	11	82380	37	2.39
B6	Sample 18	2	1	12	87380	37	2.38
B6	Sample 18	2	1	13	92380	36.96	2.38
B6	Sample 18	2	1	14	97380	36.96	2.39
B6	Sample 18	2	1	15	102380	37	2.38
B7	Sample 19	2	1	1	32360	36.96	2.25
B7	Sample 19	2	1	2	37380	36.96	2.23
B7	Sample 19	2	1	3	42380	37	2.24
B7	Sample 19	2	1	4	47370	37	2.23
B7	Sample 19	2	1	5	52380	37	2.22
B7	Sample 19	2	1	6	57380	36.96	2.22
B7	Sample 19	2	1	7	62390	36.96	2.23
B7	Sample 19	2	1	8	67400	36.96	2.22
B7	Sample 19	2	1	9	72380	36.96	2.23
B7	Sample 19	2	1	10	77370	37	2.23
B7	Sample 19	2	1	11	82380	37	2.23
B7	Sample 19	2	1	12	87380	37	2.22
B7	Sample 19	2	1	13	92380	36.96	2.22
B7	Sample 19	2	1	14	97380	36.96	2.22
B7	Sample 19	2	1	15	102380	37	2.22
B8	Sample 20	2	1	1	32360	36.96	2.13
B8	Sample 20	2	1	2	37380	36.96	2.12
B8	Sample 20	2	1	3	42380	37	2.12
B8	Sample 20	2	1	4	47370	37	2.12
B8	Sample 20	2	1	5	52380	37	2.12
B8	Sample 20	2	1	6	57380	36.96	2.11
B8	Sample 20	2	1	7	62390	36.96	2.11
B8	Sample 20	2	1	8	67400	36.96	2.11
B8	Sample 20	2	1	9	72380	36.96	2.12
B8	Sample 20	2	1	10	77370	37	2.12
B8	Sample 20	2	1	11	82380	37	2.12
B8	Sample 20	2	1	12	87380	37	2.11
B8	Sample 20	2	1	13	92380	36.96	2.10
B8	Sample 20	2	1	14	97380	36.96	2.11
B8	Sample 20	2	1	15	102380	37	2.10
B9	Sample 21	2	1	1	32360	36.96	1.51
B9	Sample 21	2	1	2	37380	36.96	1.51
B9	Sample 21	2	1	3	42380	37	1.51
B9	Sample 21	2	1	4	47370	37	1.50
B9	Sample 21	2	1	5	52380	37	1.49
B9	Sample 21	2	1	6	57380	36.96	1.50
B9	Sample 21	2	1	7	62390	36.96	1.49
B9	Sample 21	2	1	8	67400	36.96	1.49
B9	Sample 21	2	1	9	72380	36.96	1.49
B9	Sample 21	2	1	10	77370	37	1.49
B9	Sample 21	2	1	11	82380	37	1.49
B9	Sample 21	2	1	12	87380	37	1.48
B9	Sample 21	2	1	13	92380	36.96	1.48
B9	Sample 21	2	1	14	97380	36.96	1.49
B9	Sample 21	2	1	15	102380	37	1.48
B10	Sample 22	2	1	1	32360	36.96	1.60
B10	Sample 22	2	1	2	37380	36.96	1.60
B10	Sample 22	2	1	3	42380	37	1.60
B10	Sample 22	2	1	4	47370	37	1.59
B10	Sample 22	2	1	5	52380	37	1.59
B10	Sample 22	2	1	6	57380	36.96	1.59
B10	Sample 22	2	1	7	62390	36.96	1.59
B10	Sample 22	2	1	8	67400	36.96	1.58
B10	Sample 22	2	1	9	72380	36.96	1.58
B10	Sample 22	2	1	10	77370	37	1.60
B10	Sample 22	2	1	11	82380	37	1.59
B10	Sample 22	2	1	12	87380	37	1.58
B10	Sample 22	2	1	13	92380	36.96	1.59
B10	Sample 22	2	1	14	97380	36.96	1.58
B10	Sample 22	2	1	15	102380	37	1.58
B11	Sample 23	2	1	1	32360	36.96	1.57
B11	Sample 23	2	1	2	37380	36.96	1.57
B11	Sample 23	2	1	3	42380	37	1.56
B11	Sample 23	2	1	4	47370	37	1.57
B11	Sample 23	2	1	5	52380	37	1.56
B11	Sample 23	2	1	6	57380	36.96	1.56
B11	Sample 23	2	1	7	62390	36.96	1.56
B11	Sample 23	2	1	8	67400	36.96	1.56
B11	Sample 23	2	1	9	72380	36.96	1.56
B11	Sample 23	2	1	10	77370	37	1.57
B11	Sample 23	2	1	11	82380	37	1.57
B11	Sample 23	2	1	12	87380	37	1.56
B11	Sample 23	2	1	13	92380	36.96	1.56
B11	Sample 23	2	1	14	97380	36.96	1.56
B11	Sample 23	2	1	15	102380	37	1.56
B12	Sample 24	2	1	1	32360	36.96	1.43
B12	Sample 24	2	1	2	37380	36.96	1.42
B12	Sample 24	2	1	3	42380	37	1.42
B12	Sample 24	2	1	4	47370	37	1.43
B12	Sample 24	2	1	5	52380	37	1.41
B12	Sample 24	2	1	6	57380	36.96	1.42
B12	Sample 24	2	1	7	62390	36.96	1.42
B12	Sample 24	2	1	8	67400	36.96	1.42
B12	Sample 24	2	1	9	72380	36.96	1.42
B12	Sample 24	2	1	10	77370	37	1.43
B12	Sample 24	2	1	11	82380	37	1.42
B12	Sample 24	2	1	12	87380	37	1.42
B12	Sample 24	2	1	13	92380	36.96	1.41
B12	Sample 24	2	1	14	97380	36.96	1.41
B12	Sample 24	2	1	15	102380	37	1.42
C1	Sample 25	2	1	1	32360	36.96	1.61
C1	Sample 25	2	1	2	37380	36.96	1.62
C1	Sample 25	2	1	3	42380	37	1.62
C1	Sample 25	2	1	4	47370	37	1.62
C1	Sample 25	2	1	5	52380	37	1.62
C1	Sample 25	2	1	6	57380	36.96	1.63
C1	Sample 25	2	1	7	62390	36.96	1.63
C1	Sample 25	2	1	8	67400	36.96	1.62
C1	Sample 25	2	1	9	72380	36.96	1.63
C1	Sample 25	2	1	10	77370	37	1.63
C1	Sample 25	2	1	11	82380	37	1.63
C1	Sample 25	2	1	12	87380	37	1.63
C1	Sample 25	2	1	13	92380	36.96	1.63
C1	Sample 25	2	1	14	97380	36.96	1.63
C1	Sample 25	2	1	15	102380	37	1.63
C2	Sample 26	2	1	1	32360	36.96	1.70
C2	Sample 26	2	1	2	37380	36.96	1.70
C2	Sample 26	2	1	3	42380	37	1.70
C2	Sample 26	2	1	4	47370	37	1.70
C2	Sample 26	2	1	5	52380	37	1.70
C2	Sample 26	2	1	6	57380	36.96	1.69
C2	Sample 26	2	1	7	62390	36.96	1.69
C2	Sample 26	2	1	8	67400	36.96	1.70
C2	Sample 26	2	1	9	72380	36.96	1.69
C2	Sample 26	2	1	10	77370	37	1.69
C2	Sample 26	2	1	11	82380	37	1.70
C2	Sample 26	2	1	12	87380	37	1.69
C2	Sample 26	2	1	13	92380	36.96	1.69
C2	Sample 26	2	1	14	97380	36.96	1.70
C2	Sample 26	2	1	15	102380	37	1.70
C3	Sample 27	2	1	1	32360	36.96	1.80
C3	Sample 27	2	1	2	37380	36.96	1.79
C3	Sample 27	2	1	3	42380	37	1.79
C3	Sample 27	2	1	4	47370	37	1.79
C3	Sample 27	2	1	5	52380	37	1.78
C3	Sample 27	2	1	6	57380	36.96	1.79
C3	Sample 27	2	1	7	62390	36.96	1.78
C3	Sample 27	2	1	8	67400	36.96	1.78
C3	Sample 27	2	1	9	72380	36.96	1.78
C3	Sample 27	2	1	10	77370	37	1.77
C3	Sample 27	2	1	11	82380	37	1.77
C3	Sample 27	2	1	12	87380	37	1.78
C3	Sample 27	2	1	13	92380	36.96	1.78
C3	Sample 27	2	1	14	97380	36.96	1.77
C3	Sample 27	2	1	15	102380	37	1.77
C4	Sample 28	2	1	1	32360	36.96	1.85
C4	Sample 28	2	1	2	37380	36.96	1.85
C4	Sample 28	2	1	3	42380	37	1.84
C4	Sample 28	2	1	4	47370	37	1.83
C4	Sample 28	2	1	5	52380	37	1.85
C4	Sample 28	2	1	6	57380	36.96	1.84
C4	Sample 28	2	1	7	62390	36.96	1.83
C4	Sample 28	2	1	8	67400	36.96	1.83
C4	Sample 28	2	1	9	72380	36.96	1.83
C4	Sample 28	2	1	10	77370	37	1.84
C4	Sample 28	2	1	11	82380	37	1.84
C4	Sample 28	2	1	12	87380	37	1.83
C4	Sample 28	2	1	13	92380	36.96	1.83
C4	Sample 28	2	1	14	97380	36.96	1.83
C4	Sample 28	2	1	15	102380	37	1.83
C5	Sample 29	2	1	1	32360	36.96	2.12
C5	Sample 29	2	1	2	37380	36.96	2.12
C5	Sample 29	2	1	3	42380	37	2.11
C5	Sample 29	2	1	4	47370	37	2.12
C5	Sample 29	2	1	5	52380	37	2.12
C5	Sample 29	2	1	6	57380	36.96	2.11
C5	Sample 29	2	1	7	62390	36.96	2.11
C5	Sample 29	2	1	8	67400	36.96	2.11
C5	Sample 29	2	1	9	72380	36.96	2.10
C5	Sample 29	2	1	10	77370	37	2.11
C5	Sample 29	2	1	11	82380	37	2.10
C5	Sample 29	2	1	12	87380	37	2.10
C5	Sample 29	2	1	13	92380	36.96	2.11
C5	Sample 29	2	1	14	97380	36.96	2.09
C5	Sample 29	2	1	15	102380	37	2.10
C6	Sample 30	2	1	1	32360	36.96	2.28
C6	Sample 30	2	1	2	37380	36.96	2.28
C6	Sample 30	2	1	3	42380	37	2.27
C6	Sample 30	2	1	4	47370	37	2.27
C6	Sample 30	2	1	5	52380	37	2.26
C6	Sample 30	2	1	6	57380	36.96	2.26
C6	Sample 30	2	1	7	62390	36.96	2.25
C6	Sample 30	2	1	8	67400	36.96	2.26
C6	Sample 30	2	1	9	72380	36.96	2.25
C6	Sample 30	2	1	10	77370	37	2.25
C6	Sample 30	2	1	11	82380	37	2.25
C6	Sample 30	2	1	12	87380	37	2.24
C6	Sample 30	2	1	13	92380	36.96	2.25
C6	Sample 30	2	1	14	97380	36.96	2.25
C6	Sample 30	2	1	15	102380	37	2.24
C7	Sample 31	2	1	1	32360	36.96	2.33
C7	Sample 31	2	1	2	37380	36.96	2.32
C7	Sample 31	2	1	3	42380	37	2.31
C7	Sample 31	2	1	4	47370	37	2.31
C7	Sample 31	2	1	5	52380	37	2.31
C7	Sample 31	2	1	6	57380	36.96	2.30
C7	Sample 31	2	1	7	62390	36.96	2.29
C7	Sample 31	2	1	8	67400	36.96	2.30
C7	Sample 31	2	1	9	72380	36.96	2.29
C7	Sample 31	2	1	10	77370	37	2.30
C7	Sample 31	2	1	11	82380	37	2.30
C7	Sample 31	2	1	12	87380	37	2.29
C7	Sample 31	2	1	13	92380	36.96	2.29
C7	Sample 31	2	1	14	97380	36.96	2.29
C7	Sample 31	2	1	15	102380	37	2.29
C8	Sample 32	2	1	1	32360	36.96	2.24
C8	Sample 32	2	1	2	37380	36.96	2.22
C8	Sample 32	2	1	3	42380	37	2.22
C8	Sample 32	2	1	4	47370	37	2.23
C8	Sample 32	2	1	5	52380	37	2.23
C8	Sample 32	2	1	6	57380	36.96	2.22
C8	Sample 32	2	1	7	62390	36.96	2.21
C8	Sample 32	2	1	8	67400	36.96	2.22
C8	Sample 32	2	1	9	72380	36.96	2.22
C8	Sample 32	2	1	10	77370	37	2.21
C8	Sample 32	2	1	11	82380	37	2.21
C8	Sample 32	2	1	12	87380	37	2.21
C8	Sample 32	2	1	13	92380	36.96	2.21
C8	Sample 32	2	1	14	97380	36.96	2.21
C8	Sample 32	2	1	15	102380	37	2.20
C9	Sample 33	2	1	1	32360	36.96	1.55
C9	Sample 33	2	1	2	37380	36.96	1.54
C9	Sample 33	2	1	3	42380	37	1.54
C9	Sample 33	2	1	4	47370	37	1.54
C9	Sample 33	2	1	5	52380	37	1.54
C9	Sample 33	2	1	6	57380	36.96	1.54
C9	Sample 33	2	1	7	62390	36.96	1.54
C9	Sample 33	2	1	8	67400	36.96	1.54
C9	Sample 33	2	1	9	72380	36.96	1.54
C9	Sample 33	2	1	10	77370	37	1.53
C9	Sample 33	2	1	11	82380	37	1.53
C9	Sample 33	2	1	12	87380	37	1.53
C9	Sample 33	2	1	13	92380	36.96	1.54
C9	Sample 33	2	1	14	97380	36.96	1.52
C9	Sample 33	2	1	15	102380	37	1.53
C10	Sample 34	2	1	1	32360	36.96	1.59
C10	Sample 34	2	1	2	37380	36.96	1.59
C10	Sample 34	2	1	3	42380	37	1.58
C10	Sample 34	2	1	4	47370	37	1.59
C10	Sample 34	2	1	5	52380	37	1.57
C10	Sample 34	2	1	6	57380	36.96	1.58
C10	Sample 34	2	1	7	62390	36.96	1.57
C10	Sample 34	2	1	8	67400	36.96	1.57
C10	Sample 34	2	1	9	72380	36.96	1.57
C10	Sample 34	2	1	10	77370	37	1.58
C10	Sample 34	2	1	11	82380	37	1.57
C10	Sample 34	2	1	12	87380	37	1.57
C10	Sample 34	2	1	13	92380	36.96	1.56
C10	Sample 34	2	1	14	97380	36.96	1.57
C10	Sample 34	2	1	15	102380	37	1.56
C11	Sample 35	2	1	1	32360	36.96	1.58
C11	Sample 35	2	1	2	37380	36.96	1.57
C11	Sample 35	2	1	3	42380	37	1.57
C11	Sample 35	2	1	4	47370	37	1.57
C11	Sample 35	2	1	5	52380	37	1.57
C11	Sample 35	2	1	6	57380	36.96	1.56
C11	Sample 35	2	1	7	62390	36.96	1.56
C11	Sample 35	2	1	8	67400	36.96	1.56
C11	Sample 35	2	1	9	72380	36.96	1.56
C11	Sample 35	2	1	10	77370	37	1.56
C11	Sample 35	2	1	11	82380	37	1.56
C11	Sample 35	2	1	12	87380	37	1.55
C11	Sample 35	2	1	13	92380	36.96	1.56
C11	Sample 35	2	1	14	97380	36.96	1.55
C11	Sample 35	2	1	15	102380	37	1.56
C12	Sample 36	2	1	1	32360	36.96	1.43
C12	Sample 36	2	1	2	37380	36.96	1.43
C12	Sample 36	2	1	3	42380	37	1.43
C12	Sample 36	2	1	4	47370	37	1.43
C12	Sample 36	2	1	5	52380	37	1.43
C12	Sample 36	2	1	6	57380	36.96	1.42
C12	Sample 36	2	1	7	62390	36.96	1.43
C12	Sample 36	2	1	8	67400	36.96	1.42
C12	Sample 36	2	1	9	72380	36.96	1.42
C12	Sample 36	2	1	10	77370	37	1.42
C12	Sample 36	2	1	11	82380	37	1.43
C12	Sample 36	2	1	12	87380	37	1.42
C12	Sample 36	2	1	13	92380	36.96	1.43
C12	Sample 36	2	1	14	97380	36.96	1.42
C12	Sample 36	2	1	15	102380	37	1.42
D1	Sample 37	2	1	1	32360	36.96	1.68
D1	Sample 37	2	1	2	37380	36.96	1.67
D1	Sample 37	2	1	3	42380	37	1.67
D1	Sample 37	2	1	4	47370	37	1.67
D1	Sample 37	2	1	5	52380	37	1.67
D1	Sample 37	2	1	6	57380	36.96	1.67
D1	Sample 37	2	1	7	62390	36.96	1.68
D1	Sample 37	2	1	8	67400	36.96	1.68
D1	Sample 37	2	1	9	72380	36.96	1.68
D1	Sample 37	2	1	10	77370	37	1.68
D1	Sample 37	2	1	11	82380	37	1.68
D1	Sample 37	2	1	12	87380	37	1.67
D1	Sample 37	2	1	13	92380	36.96	1.68
D1	Sample 37	2	1	14	97380	36.96	1.67
D1	Sample 37	2	1	15	102380	37	1.68
D2	Sample 38	2	1	1	32360	36.96	1.69
D2	Sample 38	2	1	2	37380	36.96	1.69
D2	Sample 38	2	1	3	42380	37	1.69
D2	Sample 38	2	1	4	47370	37	1.69
D2	Sample 38	2	1	5	52380	37	1.69
D2	Sample 38	2	1	6	57380	36.96	1.68
D2	Sample 38	2	1	7	62390	36.96	1.68
D2	Sample 38	2	1	8	67400	36.96	1.68
D2	Sample 38	2	1	9	72380	36.96	1.68
D2	Sample 38	2	1	10	77370	37	1.69
D2	Sample 38	2	1	11	82380	37	1.68
D2	Sample 38	2	1	12	87380	37	1.67
D2	Sample 38	2	1	13	92380	36.96	1.67
D2	Sample 38	2	1	14	97380	36.96	1.67
D2	Sample 38	2	1	15	102380	37	1.67
D3	Sample 39	2	1	1	32360	36.96	1.77
D3	Sample 39	2	1	2	37380	36.96	1.77
D3	Sample 39	2	1	3	42380	37	1.77
D3	Sample 39	2	1	4	47370	37	1.76
D3	Sample 39	2	1	5	52380	37	1.76
D3	Sample 39	2	1	6	57380	36.96	1.75
D3	Sample 39	2	1	7	62390	36.96	1.76
D3	Sample 39	2	1	8	67400	36.96	1.76
D3	Sample 39	2	1	9	72380	36.96	1.75
D3	Sample 39	2	1	10	77370	37	1.75
D3	Sample 39	2	1	11	82380	37	1.75
D3	Sample 39	2	1	12	87380	37	1.75
D3	Sample 39	2	1	13	92380	36.96	1.75
D3	Sample 39	2	1	14	97380	36.96	1.74
D3	Sample 39	2	1	15	102380	37	1.75
D4	Sample 40	2	1	1	32360	36.96	1.78
D4	Sample 40	2	1	2	37380	36.96	1.77
D4	Sample 40	2	1	3	42380	37	1.77
D4	Sample 40	2	1	4	47370	37	1.77
D4	Sample 40	2	1	5	52380	37	1.76
D4	Sample 40	2	1	6	57380	36.96	1.75
D4	Sample 40	2	1	7	62390	36.96	1.76
D4	Sample 40	2	1	8	67400	36.96	1.76
D4	Sample 40	2	1	9	72380	36.96	1.76
D4	Sample 40	2	1	10	77370	37	1.76
D4	Sample 40	2	1	11	82380	37	1.76
D4	Sample 40	2	1	12	87380	37	1.75
D4	Sample 40	2	1	13	92380	36.96	1.75
D4	Sample 40	2	1	14	97380	36.96	1.75
D4	Sample 40	2	1	15	102380	37	1.75
D5	Sample 41	2	1	1	32360	36.96	2.10
D5	Sample 41	2	1	2	37380	36.96	2.11
D5	Sample 41	2	1	3	42380	37	2.10
D5	Sample 41	2	1	4	47370	37	2.10
D5	Sample 41	2	1	5	52380	37	2.09
D5	Sample 41	2	1	6	57380	36.96	2.08
D5	Sample 41	2	1	7	62390	36.96	2.08
D5	Sample 41	2	1	8	67400	36.96	2.09
D5	Sample 41	2	1	9	72380	36.96	2.08
D5	Sample 41	2	1	10	77370	37	2.08
D5	Sample 41	2	1	11	82380	37	2.08
D5	Sample 41	2	1	12	87380	37	2.07
D5	Sample 41	2	1	13	92380	36.96	2.08
D5	Sample 41	2	1	14	97380	36.96	2.08
D5	Sample 41	2	1	15	102380	37	2.08
D6	Sample 42	2	1	1	32360	36.96	2.16
D6	Sample 42	2	1	2	37380	36.96	2.16
D6	Sample 42	2	1	3	42380	37	2.15
D6	Sample 42	2	1	4	47370	37	2.16
D6	Sample 42	2	1	5	52380	37	2.15
D6	Sample 42	2	1	6	57380	36.96	2.14
D6	Sample 42	2	1	7	62390	36.96	2.14
D6	Sample 42	2	1	8	67400	36.96	2.14
D6	Sample 42	2	1	9	72380	36.96	2.14
D6	Sample 42	2	1	10	77370	37	2.13
D6	Sample 42	2	1	11	82380	37	2.13
D6	Sample 42	2	1	12	87380	37	2.13
D6	Sample 42	2	1	13	92380	36.96	2.13
D6	Sample 42	2	1	14	97380	36.96	2.12
D6	Sample 42	2	1	15	102380	37	2.13
D7	Sample 43	2	1	1	32360	36.96	2.29
D7	Sample 43	2	1	2	37380	36.96	2.29
D7	Sample 43	2	1	3	42380	37	2.28
D7	Sample 43	2	1	4	47370	37	2.28
D7	Sample 43	2	1	5	52380	37	2.28
D7	Sample 43	2	1	6	57380	36.96	2.27
D7	Sample 43	2	1	7	62390	36.96	2.27
D7	Sample 43	2	1	8	67400	36.96	2.28
D7	Sample 43	2	1	9	72380	36.96	2.27
D7	Sample 43	2	1	10	77370	37	2.27
D7	Sample 43	2	1	11	82380	37	2.27
D7	Sample 43	2	1	12	87380	37	2.27
D7	Sample 43	2	1	13	92380	36.96	2.27
D7	Sample 43	2	1	14	97380	36.96	2.26
D7	Sample 43	2	1	15	102380	37	2.26
D8	Sample 44	2	1	1	32360	36.96	2.26
D8	Sample 44	2	1	2	37380	36.96	2.25
D8	Sample 44	2	1	3	42380	37	2.25
D8	Sample 44	2	1	4	47370	37	2.26
D8	Sample 44	2	1	5	52380	37	2.25
D8	Sample 44	2	1	6	57380	36.96	2.24
D8	Sample 44	2	1	7	62390	36.96	2.23
D8	Sample 44	2	1	8	67400	36.96	2.24
D8	Sample 44	2	1	9	72380	36.96	2.23
D8	Sample 44	2	1	10	77370	37	2.24
D8	Sample 44	2	1	11	82380	37	2.23
D8	Sample 44	2	1	12	87380	37	2.23
D8	Sample 44	2	1	13	92380	36.96	2.22
D8	Sample 44	2	1	14	97380	36.96	2.22
D8	Sample 44	2	1	15	102380	37	2.22
D9	Sample 45	2	1	1	32360	36.96	1.48
D9	Sample 45	2	1	2	37380	36.96	1.48
D9	Sample 45	2	1	3	42380	37	1.48
D9	Sample 45	2	1	4	47370	37	1.48
D9	Sample 45	2	1	5	52380	37	1.47
D9	Sample 45	2	1	6	57380	36.96	1.47
D9	Sample 45	2	1	7	62390	36.96	1.47
D9	Sample 45	2	1	8	67400	36.96	1.47
D9	Sample 45	2	1	9	72380	36.96	1.47
D9	Sample 45	2	1	10	77370	37	1.47
D9	Sample 45	2	1	11	82380	37	1.47
D9	Sample 45	2	1	12	87380	37	1.46
D9	Sample 45	2	1	13	92380	36.96	1.46
D9	Sample 45	2	1	14	97380	36.96	1.46
D9	Sample 45	2	1	15	102380	37	1.46
D10	Sample 46	2	1	1	32360	36.96	1.57
D10	Sample 46	2	1	2	37380	36.96	1.56
D10	Sample 46	2	1	3	42380	37	1.56
D10	Sample 46	2	1	4	47370	37	1.56
D10	Sample 46	2	1	5	52380	37	1.55
D10	Sample 46	2	1	6	57380	36.96	1.55
D10	Sample 46	2	1	7	62390	36.96	1.55
D10	Sample 46	2	1	8	67400	36.96	1.55
D10	Sample 46	2	1	9	72380	36.96	1.55
D10	Sample 46	2	1	10	77370	37	1.55
D10	Sample 46	2	1	11	82380	37	1.54
D10	Sample 46	2	1	12	87380	37	1.54
D10	Sample 46	2	1	13	92380	36.96	1.54
D10	Sample 46	2	1	14	97380	36.96	1.54
D10	Sample 46	2	1	15	102380	37	1.54
D11	Sample 47	2	1	1	32360	36.96	1.49
D11	Sample 47	2	1	2	37380	36.96	1.49
D11	Sample 47	2	1	3	42380	37	1.48
D11	Sample 47	2	1	4	47370	37	1.49
D11	Sample 47	2	1	5	52380	37	1.48
D11	Sample 47	2	1	6	57380	36.96	1.48
D11	Sample 47	2	1	7	62390	36.96	1.48
D11	Sample 47	2	1	8	67400	36.96	1.48
D11	Sample 47	2	1	9	72380	36.96	1.48
D11	Sample 47	2	1	10	77370	37	1.48
D11	Sample 47	2	1	11	82380	37	1.48
D11	Sample 47	2	1	12	87380	37	1.47
D11	Sample 47	2	1	13	92380	36.96	1.47
D11	Sample 47	2	1	14	97380	36.96	1.47
D11	Sample 47	2	1	15	102380	37	1.47
D12	Sample 48	2	1	1	32360	36.96	1.36
D12	Sample 48	2	1	2	37380	36.96	1.36
D12	Sample 48	2	1	3	42380	37	1.36
D12	Sample 48	2	1	4	47370	37	1.36
D12	Sample 48	2	1	5	52380	37	1.35
D12	Sample 48	2	1	6	57380	36.96	1.35
D12	Sample 48	2	1	7	62390	36.96	1.35
D12	Sample 48	2	1	8	67400	36.96	1.35
D12	Sample 48	2	1	9	72380	36.96	1.36
D12	Sample 48	2	1	10	77370	37	1.35
D12	Sample 48	2	1	11	82380	37	1.35
D12	Sample 48	2	1	12	87380	37	1.35
D12	Sample 48	2	1	13	92380	36.96	1.34
D12	Sample 48	2	1	14	97380	36.96	1.35
D12	Sample 48	2	1	15	102380	37	1.35
E1	Sample 49	2	1	1	32360	36.96	1.65
E1	Sample 49	2	1	2	37380	36.96	1.63
E1	Sample 49	2	1	3	42380	37	1.64
E1	Sample 49	2	1	4	47370	37	1.64
E1	Sample 49	2	1	5	52380	37	1.65
E1	Sample 49	2	1	6	57380	36.96	1.65
E1	Sample 49	2	1	7	62390	36.96	1.64
E1	Sample 49	2	1	8	67400	36.96	1.63
E1	Sample 49	2	1	9	72380	36.96	1.63
E1	Sample 49	2	1	10	77370	37	1.65
E1	Sample 49	2	1	11	82380	37	1.65
E1	Sample 49	2	1	12	87380	37	1.64
E1	Sample 49	2	1	13	92380	36.96	1.65
E1	Sample 49	2	1	14	97380	36.96	1.64
E1	Sample 49	2	1	15	102380	37	1.64
E2	Sample 50	2	1	1	32360	36.96	1.74
E2	Sample 50	2	1	2	37380	36.96	1.75
E2	Sample 50	2	1	3	42380	37	1.75
E2	Sample 50	2	1	4	47370	37	1.75
E2	Sample 50	2	1	5	52380	37	1.74
E2	Sample 50	2	1	6	57380	36.96	1.74
E2	Sample 50	2	1	7	62390	36.96	1.75
E2	Sample 50	2	1	8	67400	36.96	1.74
E2	Sample 50	2	1	9	72380	36.96	1.74
E2	Sample 50	2	1	10	77370	37	1.74
E2	Sample 50	2	1	11	82380	37	1.74
E2	Sample 50	2	1	12	87380	37	1.73
E2	Sample 50	2	1	13	92380	36.96	1.74
E2	Sample 50	2	1	14	97380	36.96	1.73
E2	Sample 50	2	1	15	102380	37	1.73
E3	Sample 51	2	1	1	32360	36.96	1.80
E3	Sample 51	2	1	2	37380	36.96	1.80
E3	Sample 51	2	1	3	42380	37	1.80
E3	Sample 51	2	1	4	47370	37	1.79
E3	Sample 51	2	1	5	52380	37	1.79
E3	Sample 51	2	1	6	57380	36.96	1.79
E3	Sample 51	2	1	7	62390	36.96	1.78
E3	Sample 51	2	1	8	67400	36.96	1.78
E3	Sample 51	2	1	9	72380	36.96	1.78
E3	Sample 51	2	1	10	77370	37	1.78
E3	Sample 51	2	1	11	82380	37	1.79
E3	Sample 51	2	1	12	87380	37	1.78
E3	Sample 51	2	1	13	92380	36.96	1.77
E3	Sample 51	2	1	14	97380	36.96	1.77
E3	Sample 51	2	1	15	102380	37	1.77
E4	Sample 52	2	1	1	32360	36.96	1.88
E4	Sample 52	2	1	2	37380	36.96	1.88
E4	Sample 52	2	1	3	42380	37	1.87
E4	Sample 52	2	1	4	47370	37	1.87
E4	Sample 52	2	1	5	52380	37	1.88
E4	Sample 52	2	1	6	57380	36.96	1.87
E4	Sample 52	2	1	7	62390	36.96	1.87
E4	Sample 52	2	1	8	67400	36.96	1.87
E4	Sample 52	2	1	9	72380	36.96	1.86
E4	Sample 52	2	1	10	77370	37	1.86
E4	Sample 52	2	1	11	82380	37	1.87
E4	Sample 52	2	1	12	87380	37	1.86
E4	Sample 52	2	1	13	92380	36.96	1.86
E4	Sample 52	2	1	14	97380	36.96	1.86
E4	Sample 52	2	1	15	102380	37	1.86
E5	Sample 53	2	1	1	32360	36.96	2.21
E5	Sample 53	2	1	2	37380	36.96	2.21
E5	Sample 53	2	1	3	42380	37	2.19
E5	Sample 53	2	1	4	47370	37	2.19
E5	Sample 53	2	1	5	52380	37	2.19
E5	Sample 53	2	1	6	57380	36.96	2.19
E5	Sample 53	2	1	7	62390	36.96	2.19
E5	Sample 53	2	1	8	67400	36.96	2.18
E5	Sample 53	2	1	9	72380	36.96	2.17
E5	Sample 53	2	1	10	77370	37	2.18
E5	Sample 53	2	1	11	82380	37	2.18
E5	Sample 53	2	1	12	87380	37	2.18
E5	Sample 53	2	1	13	92380	36.96	2.18
E5	Sample 53	2	1	14	97380	36.96	2.17
E5	Sample 53	2	1	15	102380	37	2.18
E6	Sample 54	2	1	1	32360	36.96	2.27
E6	Sample 54	2	1	2	37380	36.96	2.27
E6	Sample 54	2	1	3	42380	37	2.26
E6	Sample 54	2	1	4	47370	37	2.26
E6	Sample 54	2	1	5	52380	37	2.25
E6	Sample 54	2	1	6	57380	36.96	2.24
E6	Sample 54	2	1	7	62390	36.96	2.25
E6	Sample 54	2	1	8	67400	36.96	2.24
E6	Sample 54	2	1	9	72380	36.96	2.24
E6	Sample 54	2	1	10	77370	37	2.25
E6	Sample 54	2	1	11	82380	37	2.24
E6	Sample 54	2	1	12	87380	37	2.25
E6	Sample 54	2	1	13	92380	36.96	2.25
E6	Sample 54	2	1	14	97380	36.96	2.24
E6	Sample 54	2	1	15	102380	37	2.24
E7	Sample 55	2	1	1	32360	36.96	2.26
E7	Sample 55	2	1	2	37380	36.96	2.26
E7	Sample 55	2	1	3	42380	37	2.26
E7	Sample 55	2	1	4	47370	37	2.26
E7	Sample 55	2	1	5	52380	37	2.25
E7	Sample 55	2	1	6	57380	36.96	2.26
E7	Sample 55	2	1	7	62390	36.96	2.26
E7	Sample 55	2	1	8	67400	36.96	2.25
E7	Sample 55	2	1	9	72380	36.96	2.25
E7	Sample 55	2	1	10	77370	37	2.25
E7	Sample 55	2	1	11	82380	37	2.26
E7	Sample 55	2	1	12	87380	37	2.25
E7	Sample 55	2	1	13	92380	36.96	2.26
E7	Sample 55	2	1	14	97380	36.96	2.25
E7	Sample 55	2	1	15	102380	37	2.25
E8	Sample 56	2	1	1	32360	36.96	2.17
E8	Sample 56	2	1	2	37380	36.96	2.17
E8	Sample 56	2	1	3	42380	37	2.18
E8	Sample 56	2	1	4	47370	37	2.17
E8	Sample 56	2	1	5	52380	37	2.16
E8	Sample 56	2	1	6	57380	36.96	2.16
E8	Sample 56	2	1	7	62390	36.96	2.16
E8	Sample 56	2	1	8	67400	36.96	2.16
E8	Sample 56	2	1	9	72380	36.96	2.15
E8	Sample 56	2	1	10	77370	37	2.16
E8	Sample 56	2	1	11	82380	37	2.15
E8	Sample 56	2	1	12	87380	37	2.15
E8	Sample 56	2	1	13	92380	36.96	2.14
E8	Sample 56	2	1	14	97380	36.96	2.14
E8	Sample 56	2	1	15	102380	37	2.15
E9	Sample 57	2	1	1	32360	36.96	1.41
E9	Sample 57	2	1	2	37380	36.96	1.41
E9	Sample 57	2	1	3	42380	37	1.40
E9	Sample 57	2	1	4	47370	37	1.40
E9	Sample 57	2	1	5	52380	37	1.40
E9	Sample 57	2	1	6	57380	36.96	1.39
E9	Sample 57	2	1	7	62390	36.96	1.39
E9	Sample 57	2	1	8	67400	36.96	1.39
E9	Sample 57	2	1	9	72380	36.96	1.38
E9	Sample 57	2	1	10	77370	37	1.39
E9	Sample 57	2	1	11	82380	37	1.39
E9	Sample 57	2	1	12	87380	37	1.38
E9	Sample 57	2	1	13	92380	36.96	1.39
E9	Sample 57	2	1	14	97380	36.96	1.38
E9	Sample 57	2	1	15	102380	37	1.39
E10	Sample 58	2	1	1	32360	36.96	1.50
E10	Sample 58	2	1	2	37380	36.96	1.50
E10	Sample 58	2	1	3	42380	37	1.50
E10	Sample 58	2	1	4	47370	37	1.49
E10	Sample 58	2	1	5	52380	37	1.49
E10	Sample 58	2	1	6	57380	36.96	1.48
E10	Sample 58	2	1	7	62390	36.96	1.49
E10	Sample 58	2	1	8	67400	36.96	1.48
E10	Sample 58	2	1	9	72380	36.96	1.48
E10	Sample 58	2	1	10	77370	37	1.49
E10	Sample 58	2	1	11	82380	37	1.48
E10	Sample 58	2	1	12	87380	37	1.48
E10	Sample 58	2	1	13	92380	36.96	1.48
E10	Sample 58	2	1	14	97380	36.96	1.48
E10	Sample 58	2	1	15	102380	37	1.48
E11	Sample 59	2	1	1	32360	36.96	1.49
E11	Sample 59	2	1	2	37380	36.96	1.49
E11	Sample 59	2	1	3	42380	37	1.49
E11	Sample 59	2	1	4	47370	37	1.49
E11	Sample 59	2	1	5	52380	37	1.48
E11	Sample 59	2	1	6	57380	36.96	1.48
E11	Sample 59	2	1	7	62390	36.96	1.48
E11	Sample 59	2	1	8	67400	36.96	1.47
E11	Sample 59	2	1	9	72380	36.96	1.48
E11	Sample 59	2	1	10	77370	37	1.48
E11	Sample 59	2	1	11	82380	37	1.48
E11	Sample 59	2	1	12	87380	37	1.48
E11	Sample 59	2	1	13	92380	36.96	1.48
E11	Sample 59	2	1	14	97380	36.96	1.48
E11	Sample 59	2	1	15	102380	37	1.48
E12	Sample 60	2	1	1	32360	36.96	1.38
E12	Sample 60	2	1	2	37380	36.96	1.38
E12	Sample 60	2	1	3	42380	37	1.38
E12	Sample 60	2	1	4	47370	37	1.38
E12	Sample 60	2	1	5	52380	37	1.37
E12	Sample 60	2	1	6	57380	36.96	1.37
E12	Sample 60	2	1	7	62390	36.96	1.38
E12	Sample 60	2	1	8	67400	36.96	1.37
E12	Sample 60	2	1	9	72380	36.96	1.37
E12	Sample 60	2	1	10	77370	37	1.37
E12	Sample 60	2	1	11	82380	37	1.37
E12	Sample 60	2	1	12	87380	37	1.37
E12	Sample 60	2	1	13	92380	36.96	1.37
E12	Sample 60	2	1	14	97380	36.96	1.37
E12	Sample 60	2	1	15	102380	37	1.37
F1	Sample 61	2	1	1	32360	36.96	1.67
F1	Sample 61	2	1	2	37380	36.96	1.66
F1	Sample 61	2	1	3	42380	37	1.66
F1	Sample 61	2	1	4	47370	37	1.68
F1	Sample 61	2	1	5	52380	37	1.66
F1	Sample 61	2	1	6	57380	36.96	1.66
F1	Sample 61	2	1	7	62390	36.96	1.66
F1	Sample 61	2	1	8	67400	36.96	1.67
F1	Sample 61	2	1	9	72380	36.96	1.67
F1	Sample 61	2	1	10	77370	37	1.66
F1	Sample 61	2	1	11	82380	37	1.66
F1	Sample 61	2	1	12	87380	37	1.66
F1	Sample 61	2	1	13	92380	36.96	1.67
F1	Sample 61	2	1	14	97380	36.96	1.67
F1	Sample 61	2	1	15	102380	37	1.67
F2	Sample 62	2	1	1	32360	36.96	1.69
F2	Sample 62	2	1	2	37380	36.96	1.69
F2	Sample 62	2	1	3	42380	37	1.69
F2	Sample 62	2	1	4	47370	37	1.69
F2	Sample 62	2	1	5	52380	37	1.68
F2	Sample 62	2	1	6	57380	36.96	1.68
F2	Sample 62	2	1	7	62390	36.96	1.68
F2	Sample 62	2	1	8	67400	36.96	1.69
F2	Sample 62	2	1	9	72380	36.96	1.67
F2	Sample 62	2	1	10	77370	37	1.68
F2	Sample 62	2	1	11	82380	37	1.67
F2	Sample 62	2	1	12	87380	37	1.67
F2	Sample 62	2	1	13	92380	36.96	1.67
F2	Sample 62	2	1	14	97380	36.96	1.67
F2	Sample 62	2	1	15	102380	37	1.67
F3	Sample 63	2	1	1	32360	36.96	1.83
F3	Sample 63	2	1	2	37380	36.96	1.82
F3	Sample 63	2	1	3	42380	37	1.81
F3	Sample 63	2	1	4	47370	37	1.82
F3	Sample 63	2	1	5	52380	37	1.81
F3	Sample 63	2	1	6	57380	36.96	1.81
F3	Sample 63	2	1	7	62390	36.96	1.81
F3	Sample 63	2	1	8	67400	36.96	1.81
F3	Sample 63	2	1	9	72380	36.96	1.81
F3	Sample 63	2	1	10	77370	37	1.81
F3	Sample 63	2	1	11	82380	37	1.81
F3	Sample 63	2	1	12	87380	37	1.81
F3	Sample 63	2	1	13	92380	36.96	1.80
F3	Sample 63	2	1	14	97380	36.96	1.80
F3	Sample 63	2	1	15	102380	37	1.81
F4	Sample 64	2	1	1	32360	36.96	1.86
F4	Sample 64	2	1	2	37380	36.96	1.86
F4	Sample 64	2	1	3	42380	37	1.85
F4	Sample 64	2	1	4	47370	37	1.86
F4	Sample 64	2	1	5	52380	37	1.85
F4	Sample 64	2	1	6	57380	36.96	1.85
F4	Sample 64	2	1	7	62390	36.96	1.85
F4	Sample 64	2	1	8	67400	36.96	1.86
F4	Sample 64	2	1	9	72380	36.96	1.84
F4	Sample 64	2	1	10	77370	37	1.84
F4	Sample 64	2	1	11	82380	37	1.85
F4	Sample 64	2	1	12	87380	37	1.84
F4	Sample 64	2	1	13	92380	36.96	1.84
F4	Sample 64	2	1	14	97380	36.96	1.84
F4	Sample 64	2	1	15	102380	37	1.84
F5	Sample 65	2	1	1	32360	36.96	2.13
F5	Sample 65	2	1	2	37380	36.96	2.12
F5	Sample 65	2	1	3	42380	37	2.11
F5	Sample 65	2	1	4	47370	37	2.12
F5	Sample 65	2	1	5	52380	37	2.10
F5	Sample 65	2	1	6	57380	36.96	2.11
F5	Sample 65	2	1	7	62390	36.96	2.11
F5	Sample 65	2	1	8	67400	36.96	2.11
F5	Sample 65	2	1	9	72380	36.96	2.11
F5	Sample 65	2	1	10	77370	37	2.11
F5	Sample 65	2	1	11	82380	37	2.11
F5	Sample 65	2	1	12	87380	37	2.10
F5	Sample 65	2	1	13	92380	36.96	2.10
F5	Sample 65	2	1	14	97380	36.96	2.09
F5	Sample 65	2	1	15	102380	37	2.10
F6	Sample 66	2	1	1	32360	36.96	2.14
F6	Sample 66	2	1	2	37380	36.96	2.13
F6	Sample 66	2	1	3	42380	37	2.13
F6	Sample 66	2	1	4	47370	37	2.13
F6	Sample 66	2	1	5	52380	37	2.12
F6	Sample 66	2	1	6	57380	36.96	2.13
F6	Sample 66	2	1	7	62390	36.96	2.12
F6	Sample 66	2	1	8	67400	36.96	2.13
F6	Sample 66	2	1	9	72380	36.96	2.12
F6	Sample 66	2	1	10	77370	37	2.12
F6	Sample 66	2	1	11	82380	37	2.12
F6	Sample 66	2	1	12	87380	37	2.11
F6	Sample 66	2	1	13	92380	36.96	2.11
F6	Sample 66	2	1	14	97380	36.96	2.11
F6	Sample 66	2	1	15	102380	37	2.11
F7	Sample 67	2	1	1	32360	36.96	2.28
F7	Sample 67	2	1	2	37380	36.96	2.28
F7	Sample 67	2	1	3	42380	37	2.27
F7	Sample 67	2	1	4	47370	37	2.27
F7	Sample 67	2	1	5	52380	37	2.27
F7	Sample 67	2	1	6	57380	36.96	2.25
F7	Sample 67	2	1	7	62390	36.96	2.26
F7	Sample 67	2	1	8	67400	36.96	2.26
F7	Sample 67	2	1	9	72380	36.96	2.26
F7	Sample 67	2	1	10	77370	37	2.25
F7	Sample 67	2	1	11	82380	37	2.26
F7	Sample 67	2	1	12	87380	37	2.25
F7	Sample 67	2	1	13	92380	36.96	2.25
F7	Sample 67	2	1	14	97380	36.96	2.25
F7	Sample 67	2	1	15	102380	37	2.25
F8	Sample 68	2	1	1	32360	36.96	2.25
F8	Sample 68	2	1	2	37380	36.96	2.24
F8	Sample 68	2	1	3	42380	37	2.23
F8	Sample 68	2	1	4	47370	37	2.24
F8	Sample 68	2	1	5	52380	37	2.22
F8	Sample 68	2	1	6	57380	36.96	2.23
F8	Sample 68	2	1	7	62390	36.96	2.22
F8	Sample 68	2	1	8	67400	36.96	2.23
F8	Sample 68	2	1	9	72380	36.96	2.23
F8	Sample 68	2	1	10	77370	37	2.22
F8	Sample 68	2	1	11	82380	37	2.22
F8	Sample 68	2	1	12	87380	37	2.21
F8	Sample 68	2	1	13	92380	36.96	2.21
F8	Sample 68	2	1	14	97380	36.96	2.21
F8	Sample 68	2	1	15	102380	37	2.22
F9	Sample 69	2	1	1	32360	36.96	1.51
F9	Sample 69	2	1	2	37380	36.96	1.50
F9	Sample 69	2	1	3	42380	37	1.50
F9	Sample 69	2	1	4	47370	37	1.51
F9	Sample 69	2	1	5	52380	37	1.50
F9	Sample 69	2	1	6	57380	36.96	1.50
F9	Sample 69	2	1	7	62390	36.96	1.49
F9	Sample 69	2	1	8	67400	36.96	1.50
F9	Sample 69	2	1	9	72380	36.96	1.49
F9	Sample 69	2	1	10	77370	37	1.50
F9	Sample 69	2	1	11	82380	37	1.50
F9	Sample 69	2	1	12	87380	37	1.50
F9	Sample 69	2	1	13	92380	36.96	1.49
F9	Sample 69	2	1	14	97380	36.96	1.49
F9	Sample 69	2	1	15	102380	37	1.49
F10	Sample 70	2	1	1	32360	36.96	1.56
F10	Sample 70	2	1	2	37380	36.96	1.56
F10	Sample 70	2	1	3	42380	37	1.55
F10	Sample 70	2	1	4	47370	37	1.55
F10	Sample 70	2	1	5	52380	37	1.54
F10	Sample 70	2	1	6	57380	36.96	1.54
F10	Sample 70	2	1	7	62390	36.96	1.55
F10	Sample 70	2	1	8	67400	36.96	1.55
F10	Sample 70	2	1	9	72380	36.96	1.54
F10	Sample 70	2	1	10	77370	37	1.54
F10	Sample 70	2	1	11	82380	37	1.54
F10	Sample 70	2	1	12	87380	37	1.53
F10	Sample 70	2	1	13	92380	36.96	1.54
F10	Sample 70	2	1	14	97380	36.96	1.54
F10	Sample 70	2	1	15	102380	37	1.55
F11	Sample 71	2	1	1	32360	36.96	1.62
F11	Sample 71	2	1	2	37380	36.96	1.62
F11	Sample 71	2	1	3	42380	37	1.61
F11	Sample 71	2	1	4	47370	37	1.62
F11	Sample 71	2	1	5	52380	37	1.60
F11	Sample 71	2	1	6	57380	36.96	1.61
F11	Sample 71	2	1	7	62390	36.96	1.61
F11	Sample 71	2	1	8	67400	36.96	1.62
F11	Sample 71	2	1	9	72380	36.96	1.61
F11	Sample 71	2	1	10	77370	37	1.61
F11	Sample 71	2	1	11	82380	37	1.61
F11	Sample 71	2	1	12	87380	37	1.60
F11	Sample 71	2	1	13	92380	36.96	1.61
F11	Sample 71	2	1	14	97380	36.96	1.61
F11	Sample 71	2	1	15	102380	37	1.61
F12	Sample 72	2	1	1	32360	36.96	1.48
F12	Sample 72	2	1	2	37380	36.96	1.48
F12	Sample 72	2	1	3	42380	37	1.47
F12	Sample 72	2	1	4	47370	37	1.47
F12	Sample 72	2	1	5	52380	37	1.47
F12	Sample 72	2	1	6	57380	36.96	1.46
F12	Sample 72	2	1	7	62390	36.96	1.47
F12	Sample 72	2	1	8	67400	36.96	1.47
F12	Sample 72	2	1	9	72380	36.96	1.46
F12	Sample 72	2	1	10	77370	37	1.47
F12	Sample 72	2	1	11	82380	37	1.47
F12	Sample 72	2	1	12	87380	37	1.46
F12	Sample 72	2	1	13	92380	36.96	1.46
F12	Sample 72	2	1	14	97380	36.96	1.45
F12	Sample 72	2	1	15	102380	37	1.46
G1	Sample 73	2	1	1	32360	36.96	1.68
G1	Sample 73	2	1	2	37380	36.96	1.69
G1	Sample 73	2	1	3	42380	37	1.68
G1	Sample 73	2	1	4	47370	37	1.68
G1	Sample 73	2	1	5	52380	37	1.68
G1	Sample 73	2	1	6	57380	36.96	1.68
G1	Sample 73	2	1	7	62390	36.96	1.67
G1	Sample 73	2	1	8	67400	36.96	1.67
G1	Sample 73	2	1	9	72380	36.96	1.68
G1	Sample 73	2	1	10	77370	37	1.68
G1	Sample 73	2	1	11	82380	37	1.68
G1	Sample 73	2	1	12	87380	37	1.67
G1	Sample 73	2	1	13	92380	36.96	1.68
G1	Sample 73	2	1	14	97380	36.96	1.67
G1	Sample 73	2	1	15	102380	37	1.67
G2	Sample 74	2	1	1	32360	36.96	1.76
G2	Sample 74	2	1	2	37380	36.96	1.76
G2	Sample 74	2	1	3	42380	37	1.76
G2	Sample 74	2	1	4	47370	37	1.76
G2	Sample 74	2	1	5	52380	37	1.75
G2	Sample 74	2	1	6	57380	36.96	1.75
G2	Sample 74	2	1	7	62390	36.96	1.74
G2	Sample 74	2	1	8	67400	36.96	1.75
G2	Sample 74	2	1	9	72380	36.96	1.75
G2	Sample 74	2	1	10	77370	37	1.76
G2	Sample 74	2	1	11	82380	37	1.75
G2	Sample 74	2	1	12	87380	37	1.75
G2	Sample 74	2	1	13	92380	36.96	1.75
G2	Sample 74	2	1	14	97380	36.96	1.75
G2	Sample 74	2	1	15	102380	37	1.75
G3	Sample 75	2	1	1	32360	36.96	1.88
G3	Sample 75	2	1	2	37380	36.96	1.87
G3	Sample 75	2	1	3	42380	37	1.87
G3	Sample 75	2	1	4	47370	37	1.87
G3	Sample 75	2	1	5	52380	37	1.87
G3	Sample 75	2	1	6	57380	36.96	1.86
G3	Sample 75	2	1	7	62390	36.96	1.85
G3	Sample 75	2	1	8	67400	36.96	1.86
G3	Sample 75	2	1	9	72380	36.96	1.86
G3	Sample 75	2	1	10	77370	37	1.85
G3	Sample 75	2	1	11	82380	37	1.85
G3	Sample 75	2	1	12	87380	37	1.86
G3	Sample 75	2	1	13	92380	36.96	1.85
G3	Sample 75	2	1	14	97380	36.96	1.85
G3	Sample 75	2	1	15	102380	37	1.85
G4	Sample 76	2	1	1	32360	36.96	1.86
G4	Sample 76	2	1	2	37380	36.96	1.85
G4	Sample 76	2	1	3	42380	37	1.85
G4	Sample 76	2	1	4	47370	37	1.85
G4	Sample 76	2	1	5	52380	37	1.84
G4	Sample 76	2	1	6	57380	36.96	1.84
G4	Sample 76	2	1	7	62390	36.96	1.84
G4	Sample 76	2	1	8	67400	36.96	1.84
G4	Sample 76	2	1	9	72380	36.96	1.84
G4	Sample 76	2	1	10	77370	37	1.84
G4	Sample 76	2	1	11	82380	37	1.84
G4	Sample 76	2	1	12	87380	37	1.83
G4	Sample 76	2	1	13	92380	36.96	1.84
G4	Sample 76	2	1	14	97380	36.96	1.83
G4	Sample 76	2	1	15	102380	37	1.84
G5	Sample 77	2	1	1	32360	36.96	2.13
G5	Sample 77	2	1	2	37380	36.96	2.13
G5	Sample 77	2	1	3	42380	37	2.13
G5	Sample 77	2	1	4	47370	37	2.13
G5	Sample 77	2	1	5	52380	37	2.13
G5	Sample 77	2	1	6	57380	36.96	2.12
G5	Sample 77	2	1	7	62390	36.96	2.12
G5	Sample 77	2	1	8	67400	36.96	2.11
G5	Sample 77	2	1	9	72380	36.96	2.12
G5	Sample 77	2	1	10	77370	37	2.12
G5	Sample 77	2	1	11	82380	37	2.12
G5	Sample 77	2	1	12	87380	37	2.12
G5	Sample 77	2	1	13	92380	36.96	2.11
G5	Sample 77	2	1	14	97380	36.96	2.11
G5	Sample 77	2	1	15	102380	37	2.11
G6	Sample 78	2	1	1	32360	36.96	2.13
G6	Sample 78	2	1	2	37380	36.96	2.12
G6	Sample 78	2	1	3	42380	37	2.13
G6	Sample 78	2	1	4	47370	37	2.13
G6	Sample 78	2	1	5	52380	37	2.12
G6	Sample 78	2	1	6	57380	36.96	2.12
G6	Sample 78	2	1	7	62390	36.96	2.10
G6	Sample 78	2	1	8	67400	36.96	2.11
G6	Sample 78	2	1	9	72380	36.96	2.12
G6	Sample 78	2	1	10	77370	37	2.12
G6	Sample 78	2	1	11	82380	37	2.11
G6	Sample 78	2	1	12	87380	37	2.11
G6	Sample 78	2	1	13	92380	36.96	2.11
G6	Sample 78	2	1	14	97380	36.96	2.12
G6	Sample 78	2	1	15	102380	37	2.11
G7	Sample 79	2	1	1	32360	36.96	2.22
G7	Sample 79	2	1	2	37380	36.96	2.21
G7	Sample 79	2	1	3	42380	37	2.20
G7	Sample 79	2	1	4	47370	37	2.20
G7	Sample 79	2	1	5	52380	37	2.20
G7	Sample 79	2	1	6	57380	36.96	2.20
G7	Sample 79	2	1	7	62390	36.96	2.19
G7	Sample 79	2	1	8	67400	36.96	2.19
G7	Sample 79	2	1	9	72380	36.96	2.19
G7	Sample 79	2	1	10	77370	37	2.20
G7	Sample 79	2	1	11	82380	37	2.18
G7	Sample 79	2	1	12	87380	37	2.19
G7	Sample 79	2	1	13	92380	36.96	2.18
G7	Sample 79	2	1	14	97380	36.96	2.18
G7	Sample 79	2	1	15	102380	37	2.18
G8	Sample 80	2	1	1	32360	36.96	2.08
G8	Sample 80	2	1	2	37380	36.96	2.08
G8	Sample 80	2	1	3	42380	37	2.08
G8	Sample 80	2	1	4	47370	37	2.08
G8	Sample 80	2	1	5	52380	37	2.08
G8	Sample 80	2	1	6	57380	36.96	2.07
G8	Sample 80	2	1	7	62390	36.96	2.07
G8	Sample 80	2	1	8	67400	36.96	2.07
G8	Sample 80	2	1	9	72380	36.96	2.07
G8	Sample 80	2	1	10	77370	37	2.08
G8	Sample 80	2	1	11	82380	37	2.06
G8	Sample 80	2	1	12	87380	37	2.07
G8	Sample 80	2	1	13	92380	36.96	2.06
G8	Sample 80	2	1	14	97380	36.96	2.06
G8	Sample 80	2	1	15	102380	37	2.06
G9	Sample 81	2	1	1	32360	36.96	1.50
G9	Sample 81	2	1	2	37380	36.96	1.50
G9	Sample 81	2	1	3	42380	37	1.50
G9	Sample 81	2	1	4	47370	37	1.50
G9	Sample 81	2	1	5	52380	37	1.50
G9	Sample 81	2	1	6	57380	36.96	1.49
G9	Sample 81	2	1	7	62390	36.96	1.49
G9	Sample 81	2	1	8	67400	36.96	1.49
G9	Sample 81	2	1	9	72380	36.96	1.49
G9	Sample 81	2	1	10	77370	37	1.50
G9	Sample 81	2	1	11	82380	37	1.50
G9	Sample 81	2	1	12	87380	37	1.49
G9	Sample 81	2	1	13	92380	36.96	1.50
G9	Sample 81	2	1	14	97380	36.96	1.49
G9	Sample 81	2	1	15	102380	37	1.50
G10	Sample 82	2	1	1	32360	36.96	1.61
G10	Sample 82	2	1	2	37380	36.96	1.60
G10	Sample 82	2	1	3	42380	37	1.61
G10	Sample 82	2	1	4	47370	37	1.60
G10	Sample 82	2	1	5	52380	37	1.60
G10	Sample 82	2	1	6	57380	36.96	1.60
G10	Sample 82	2	1	7	62390	36.96	1.59
G10	Sample 82	2	1	8	67400	36.96	1.59
G10	Sample 82	2	1	9	72380	36.96	1.58
G10	Sample 82	2	1	10	77370	37	1.60
G10	Sample 82	2	1	11	82380	37	1.59
G10	Sample 82	2	1	12	87380	37	1.59
G10	Sample 82	2	1	13	92380	36.96	1.59
G10	Sample 82	2	1	14	97380	36.96	1.58
G10	Sample 82	2	1	15	102380	37	1.59
G11	Sample 83	2	1	1	32360	36.96	1.61
G11	Sample 83	2	1	2	37380	36.96	1.61
G11	Sample 83	2	1	3	42380	37	1.61
G11	Sample 83	2	1	4	47370	37	1.61
G11	Sample 83	2	1	5	52380	37	1.60
G11	Sample 83	2	1	6	57380	36.96	1.60
G11	Sample 83	2	1	7	62390	36.96	1.60
G11	Sample 83	2	1	8	67400	36.96	1.59
G11	Sample 83	2	1	9	72380	36.96	1.60
G11	Sample 83	2	1	10	77370	37	1.61
G11	Sample 83	2	1	11	82380	37	1.61
G11	Sample 83	2	1	12	87380	37	1.60
G11	Sample 83	2	1	13	92380	36.96	1.59
G11	Sample 83	2	1	14	97380	36.96	1.59
G11	Sample 83	2	1	15	102380	37	1.60
G12	Sample 84	2	1	1	32360	36.96	1.49
G12	Sample 84	2	1	2	37380	36.96	1.49
G12	Sample 84	2	1	3	42380	37	1.49
G12	Sample 84	2	1	4	47370	37	1.48
G12	Sample 84	2	1	5	52380	37	1.48
G12	Sample 84	2	1	6	57380	36.96	1.48
G12	Sample 84	2	1	7	62390	36.96	1.47
G12	Sample 84	2	1	8	67400	36.96	1.48
G12	Sample 84	2	1	9	72380	36.96	1.49
G12	Sample 84	2	1	10	77370	37	1.49
G12	Sample 84	2	1	11	82380	37	1.49
G12	Sample 84	2	1	12	87380	37	1.49
G12	Sample 84	2	1	13	92380	36.96	1.49
G12	Sample 84	2	1	14	97380	36.96	1.48
G12	Sample 84	2	1	15	102380	37	1.47
H1	Sample 85	2	1	1	32360	36.96	1.62
H1	Sample 85	2	1	2	37380	36.96	1.61
H1	Sample 85	2	1	3	42380	37	1.61
H1	Sample 85	2	1	4	47370	37	1.62
H1	Sample 85	2	1	5	52380	37	1.61
H1	Sample 85	2	1	6	57380	36.96	1.60
H1	Sample 85	2	1	7	62390	36.96	1.61
H1	Sample 85	2	1	8	67400	36.96	1.61
H1	Sample 85	2	1	9	72380	36.96	1.61
H1	Sample 85	2	1	10	77370	37	1.61
H1	Sample 85	2	1	11	82380	37	1.61
H1	Sample 85	2	1	12	87380	37	1.61
H1	Sample 85	2	1	13	92380	36.96	1.61
H1	Sample 85	2	1	14	97380	36.96	1.61
H1	Sample 85	2	1	15	102380	37	1.61
H2	Sample 86	2	1	1	32360	36.96	1.69
H2	Sample 86	2	1	2	37380	36.96	1.70
H2	Sample 86	2	1	3	42380	37	1.69
H2	Sample 86	2	1	4	47370	37	1.69
H2	Sample 86	2	1	5	52380	37	1.69
H2	Sample 86	2	1	6	57380	36.96	1.69
H2	Sample 86	2	1	7	62390	36.96	1.69
H2	Sample 86	2	1	8	67400	36.96	1.69
H2	Sample 86	2	1	9	72380	36.96	1.68
H2	Sample 86	2	1	10	77370	37	1.69
H2	Sample 86	2	1	11	82380	37	1.69
H2	Sample 86	2	1	12	87380	37	1.68
H2	Sample 86	2	1	13	92380	36.96	1.69
H2	Sample 86	2	1	14	97380	36.96	1.69
H2	Sample 86	2	1	15	102380	37	1.69
H3	Sample 87	2	1	1	32360	36.96	1.78
H3	Sample 87	2	1	2	37380	36.96	1.76
H3	Sample 87	2	1	3	42380	37	1.77
H3	Sample 87	2	1	4	47370	37	1.77
H3	Sample 87	2	1	5	52380	37	1.77
H3	Sample 87	2	1	6	57380	36.96	1.77
H3	Sample 87	2	1	7	62390	36.96	1.77
H3	Sample 87	2	1	8	67400	36.96	1.76
H3	Sample 87	2	1	9	72380	36.96	1.75
H3	Sample 87	2	1	10	77370	37	1.77
H3	Sample 87	2	1	11	82380	37	1.77
H3	Sample 87	2	1	12	87380	37	1.76
H3	Sample 87	2	1	13	92380	36.96	1.76
H3	Sample 87	2	1	14	97380	36.96	1.76
H3	Sample 87	2	1	15	102380	37	1.76
H4	Sample 88	2	1	1	32360	36.96	1.82
H4	Sample 88	2	1	2	37380	36.96	1.81
H4	Sample 88	2	1	3	42380	37	1.81
H4	Sample 88	2	1	4	47370	37	1.82
H4	Sample 88	2	1	5	52380	37	1.82
H4	Sample 88	2	1	6	57380	36.96	1.81
H4	Sample 88	2	1	7	62390	36.96	1.80
H4	Sample 88	2	1	8	67400	36.96	1.80
H4	Sample 88	2	1	9	72380	36.96	1.80
H4	Sample 88	2	1	10	77370	37	1.81
H4	Sample 88	2	1	11	82380	37	1.82
H4	Sample 88	2	1	12	87380	37	1.80
H4	Sample 88	2	1	13	92380	36.96	1.81
H4	Sample 88	2	1	14	97380	36.96	1.80
H4	Sample 88	2	1	15	102380	37	1.80
H5	Sample 89	2	1	1	32360	36.96	2.23
H5	Sample 89	2	1	2	37380	36.96	2.22
H5	Sample 89	2	1	3	42380	37	2.22
H5	Sample 89	2	1	4	47370	37	2.22
H5	Sample 89	2	1	5	52380	37	2.23
H5	Sample 89	2	1	6	57380	36.96	2.22
H5	Sample 89	2	1	7	62390	36.96	2.21
H5	Sample 89	2	1	8	67400	36.96	2.22
H5	Sample 89	2	1	9	72380	36.96	2.21
H5	Sample 89	2	1	10	77370	37	2.22
H5	Sample 89	2	1	11	82380	37	2.22
H5	Sample 89	2	1	12	87380	37	2.21
H5	Sample 89	2	1	13	92380	36.96	2.21
H5	Sample 89	2	1	14	97380	36.96	2.21
H5	Sample 89	2	1	15	102380	37	2.21
H6	Sample 90	2	1	1	32360	36.96	2.21
H6	Sample 90	2	1	2	37380	36.96	2.21
H6	Sample 90	2	1	3	42380	37	2.20
H6	Sample 90	2	1	4	47370	37	2.21
H6	Sample 90	2	1	5	52380	37	2.20
H6	Sample 90	2	1	6	57380	36.96	2.20
H6	Sample 90	2	1	7	62390	36.96	2.20
H6	Sample 90	2	1	8	67400	36.96	2.19
H6	Sample 90	2	1	9	72380	36.96	2.20
H6	Sample 90	2	1	10	77370	37	2.21
H6	Sample 90	2	1	11	82380	37	2.21
H6	Sample 90	2	1	12	87380	37	2.20
H6	Sample 90	2	1	13	92380	36.96	2.20
H6	Sample 90	2	1	14	97380	36.96	2.20
H6	Sample 90	2	1	15	102380	37	2.21
H7	Sample 91	2	1	1	32360	36.96	2.21
H7	Sample 91	2	1	2	37380	36.96	2.21
H7	Sample 91	2	1	3	42380	37	2.21
H7	Sample 91	2	1	4	47370	37	2.21
H7	Sample 91	2	1	5	52380	37	2.21
H7	Sample 91	2	1	6	57380	36.96	2.21
H7	Sample 91	2	1	7	62390	36.96	2.20
H7	Sample 91	2	1	8	67400	36.96	2.20
H7	Sample 91	2	1	9	72380	36.96	2.20
H7	Sample 91	2	1	10	77370	37	2.20
H7	Sample 91	2	1	11	82380	37	2.21
H7	Sample 91	2	1	12	87380	37	2.20
H7	Sample 91	2	1	13	92380	36.96	2.19
H7	Sample 91	2	1	14	97380	36.96	2.20
H7	Sample 91	2	1	15	102380	37	2.20
H8	Sample 92	2	1	1	32360	36.96	2.20
H8	Sample 92	2	1	2	37380	36.96	2.20
H8	Sample 92	2	1	3	42380	37	2.20
H8	Sample 92	2	1	4	47370	37	2.19
H8	Sample 92	2	1	5	52380	37	2.19
H8	Sample 92	2	1	6	57380	36.96	2.19
H8	Sample 92	2	1	7	62390	36.96	2.19
H8	Sample 92	2	1	8	67400	36.96	2.19
H8	Sample 92	2	1	9	72380	36.96	2.18
H8	Sample 92	2	1	10	77370	37	2.20
H8	Sample 92	2	1	11	82380	37	2.20
H8	Sample 92	2	1	12	87380	37	2.19
H8	Sample 92	2	1	13	92380	36.96	2.19
H8	Sample 92	2	1	14	97380	36.96	2.19
H8	Sample 92	2	1	15	102380	37	2.18
H9	Sample 93	2	1	1	32360	36.96	1.52
H9	Sample 93	2	1	2	37380	36.96	1.51
H9	Sample 93	2	1	3	42380	37	1.51
H9	Sample 93	2	1	4	47370	37	1.51
H9	Sample 93	2	1	5	52380	37	1.51
H9	Sample 93	2	1	6	57380	36.96	1.51
H9	Sample 93	2	1	7	62390	36.96	1.50
H9	Sample 93	2	1	8	67400	36.96	1.50
H9	Sample 93	2	1	9	72380	36.96	1.51
H9	Sample 93	2	1	10	77370	37	1.51
H9	Sample 93	2	1	11	82380	37	1.51
H9	Sample 93	2	1	12	87380	37	1.51
H9	Sample 93	2	1	13	92380	36.96	1.50
H9	Sample 93	2	1	14	97380	36.96	1.51
H9	Sample 93	2	1	15	102380	37	1.51
H10	Sample 94	2	1	1	32360	36.96	1.58
H10	Sample 94	2	1	2	37380	36.96	1.58
H10	Sample 94	2	1	3	42380	37	1.57
H10	Sample 94	2	1	4	47370	37	1.57
H10	Sample 94	2	1	5	52380	37	1.57
H10	Sample 94	2	1	6	57380	36.96	1.57
H10	Sample 94	2	1	7	62390	36.96	1.57
H10	Sample 94	2	1	8	67400	36.96	1.56
H10	Sample 94	2	1	9	72380	36.96	1.57
H10	Sample 94	2	1	10	77370	37	1.57
H10	Sample 94	2	1	11	82380	37	1.57
H10	Sample 94	2	1	12	87380	37	1.57
H10	Sample 94	2	1	13	92380	36.96	1.57
H10	Sample 94	2	1	14	97380	36.96	1.57
H10	Sample 94	2	1	15	102380	37	1.57
H11	Sample 95	2	1	1	32360	36.96	1.47
H11	Sample 95	2	1	2	37380	36.96	1.47
H11	Sample 95	2	1	3	42380	37	1.47
H11	Sample 95	2	1	4	47370	37	1.48
H11	Sample 95	2	1	5	52380	37	1.47
H11	Sample 95	2	1	6	57380	36.96	1.47
H11	Sample 95	2	1	7	62390	36.96	1.47
H11	Sample 95	2	1	8	67400	36.96	1.47
H11	Sample 95	2	1	9	72380	36.96	1.46
H11	Sample 95	2	1	10	77370	37	1.47
H11	Sample 95	2	1	11	82380	37	1.47
H11	Sample 95	2	1	12	87380	37	1.47
H11	Sample 95	2	1	13	92380	36.96	1.47
H11	Sample 95	2	1	14	97380	36.96	1.47
H11	Sample 95	2	1	15	102380	37	1.47
H12	Sample 96	2	1	1	32360	36.96	1.45
H12	Sample 96	2	1	2	37380	36.96	1.45
H12	Sample 96	2	1	3	42380	37	1.44
H12	Sample 96	2	1	4	47370	37	1.45
H12	Sample 96	2	1	5	52380	37	1.46
H12	Sample 96	2	1	6	57380	36.96	1.45
H12	Sample 96	2	1	7	62390	36.96	1.45
H12	Sample 96	2	1	8	67400	36.96	1.45
H12	Sample 96	2	1	9	72380	36.96	1.45
H12	Sample 96	2	1	10	77370	37	1.45
H12	Sample 96	2	1	11	82380	37	1.45
H12	Sample 96	2	1	12	87380	37	1.45
H12	Sample 96	2	1	13	92380	36.96	1.45
H12	Sample 96	2	1	14	97380	36.96	1.45
H12	Sample 96	2	1	15	102380	37	1.45
