Raw Data 		Experiment - evIC50_3_plate5_11APRIL2026 (Run on LCS480 1.5.1.62)																			
SamplePos	SampleName	Prog#	Seg#	Cycle#	Time	Temp	465-510														
A1	Sample 1	2	1	1	31090	36.96	1.29														
A1	Sample 1	2	1	2	36080	36.96	1.29														
A1	Sample 1	2	1	3	41080	36.96	1.29														
A1	Sample 1	2	1	4	46090	37	1.29														
A1	Sample 1	2	1	5	51080	36.96	1.29														
A1	Sample 1	2	1	6	56090	36.96	1.28														
A1	Sample 1	2	1	7	61080	37	1.29														
A1	Sample 1	2	1	8	66100	37	1.29														
A1	Sample 1	2	1	9	71100	36.96	1.29														
A1	Sample 1	2	1	10	76080	36.96	1.29														
A1	Sample 1	2	1	11	81080	36.96	1.28														
A1	Sample 1	2	1	12	86090	37	1.29														
A1	Sample 1	2	1	13	91080	37	1.29														
A1	Sample 1	2	1	14	96090	37	1.29														
A1	Sample 1	2	1	15	101090	36.96	1.29														
A2	Sample 2	2	1	1	31090	36.96	1.56														
A2	Sample 2	2	1	2	36080	36.96	1.56														
A2	Sample 2	2	1	3	41080	36.96	1.56														
A2	Sample 2	2	1	4	46090	37	1.56														
A2	Sample 2	2	1	5	51080	36.96	1.56														
A2	Sample 2	2	1	6	56090	36.96	1.56														
A2	Sample 2	2	1	7	61080	37	1.55														
A2	Sample 2	2	1	8	66100	37	1.55														
A2	Sample 2	2	1	9	71100	36.96	1.56														
A2	Sample 2	2	1	10	76080	36.96	1.56														
A2	Sample 2	2	1	11	81080	36.96	1.55														
A2	Sample 2	2	1	12	86090	37	1.55														
A2	Sample 2	2	1	13	91080	37	1.55														
A2	Sample 2	2	1	14	96090	37	1.55														
A2	Sample 2	2	1	15	101090	36.96	1.55														
A3	Sample 3	2	1	1	31090	36.96	1.47														
A3	Sample 3	2	1	2	36080	36.96	1.47														
A3	Sample 3	2	1	3	41080	36.96	1.47														
A3	Sample 3	2	1	4	46090	37	1.47														
A3	Sample 3	2	1	5	51080	36.96	1.48														
A3	Sample 3	2	1	6	56090	36.96	1.46														
A3	Sample 3	2	1	7	61080	37	1.47														
A3	Sample 3	2	1	8	66100	37	1.47														
A3	Sample 3	2	1	9	71100	36.96	1.47														
A3	Sample 3	2	1	10	76080	36.96	1.47														
A3	Sample 3	2	1	11	81080	36.96	1.47														
A3	Sample 3	2	1	12	86090	37	1.48														
A3	Sample 3	2	1	13	91080	37	1.47														
A3	Sample 3	2	1	14	96090	37	1.46														
A3	Sample 3	2	1	15	101090	36.96	1.46														
A4	Sample 4	2	1	1	31090	36.96	1.48														
A4	Sample 4	2	1	2	36080	36.96	1.48														
A4	Sample 4	2	1	3	41080	36.96	1.49														
A4	Sample 4	2	1	4	46090	37	1.48														
A4	Sample 4	2	1	5	51080	36.96	1.48														
A4	Sample 4	2	1	6	56090	36.96	1.48														
A4	Sample 4	2	1	7	61080	37	1.48														
A4	Sample 4	2	1	8	66100	37	1.47														
A4	Sample 4	2	1	9	71100	36.96	1.48														
A4	Sample 4	2	1	10	76080	36.96	1.48														
A4	Sample 4	2	1	11	81080	36.96	1.48														
A4	Sample 4	2	1	12	86090	37	1.48														
A4	Sample 4	2	1	13	91080	37	1.48														
A4	Sample 4	2	1	14	96090	37	1.47														
A4	Sample 4	2	1	15	101090	36.96	1.47														
A5	Sample 5	2	1	1	31090	36.96	1.9														
A5	Sample 5	2	1	2	36080	36.96	1.89														
A5	Sample 5	2	1	3	41080	36.96	1.89														
A5	Sample 5	2	1	4	46090	37	1.89														
A5	Sample 5	2	1	5	51080	36.96	1.9														
A5	Sample 5	2	1	6	56090	36.96	1.89														
A5	Sample 5	2	1	7	61080	37	1.89														
A5	Sample 5	2	1	8	66100	37	1.89														
A5	Sample 5	2	1	9	71100	36.96	1.9														
A5	Sample 5	2	1	10	76080	36.96	1.9														
A5	Sample 5	2	1	11	81080	36.96	1.89														
A5	Sample 5	2	1	12	86090	37	1.9														
A5	Sample 5	2	1	13	91080	37	1.89														
A5	Sample 5	2	1	14	96090	37	1.89														
A5	Sample 5	2	1	15	101090	36.96	1.89			1.29	1.55	1.46	1.47	1.89	1.97	1.99	2.12	2.17	2.12	2.49	1.99
A6	Sample 6	2	1	1	31090	36.96	1.97														
A6	Sample 6	2	1	2	36080	36.96	1.97														
A6	Sample 6	2	1	3	41080	36.96	1.97														
A6	Sample 6	2	1	4	46090	37	1.98														
A6	Sample 6	2	1	5	51080	36.96	1.98														
A6	Sample 6	2	1	6	56090	36.96	1.96														
A6	Sample 6	2	1	7	61080	37	1.98														
A6	Sample 6	2	1	8	66100	37	1.97														
A6	Sample 6	2	1	9	71100	36.96	1.97														
A6	Sample 6	2	1	10	76080	36.96	1.97														
A6	Sample 6	2	1	11	81080	36.96	1.97														
A6	Sample 6	2	1	12	86090	37	1.98														
A6	Sample 6	2	1	13	91080	37	1.97														
A6	Sample 6	2	1	14	96090	37	1.97														
A6	Sample 6	2	1	15	101090	36.96	1.97			1.14	1.15	1.26	1.31	1.85	1.82	1.87	1.91	2.17	2.06	2.62	1.97
A7	Sample 7	2	1	1	31090	36.96	1.99														
A7	Sample 7	2	1	2	36080	36.96	1.99														
A7	Sample 7	2	1	3	41080	36.96	1.99														
A7	Sample 7	2	1	4	46090	37	1.99														
A7	Sample 7	2	1	5	51080	36.96	1.99														
A7	Sample 7	2	1	6	56090	36.96	1.99														
A7	Sample 7	2	1	7	61080	37	1.99														
A7	Sample 7	2	1	8	66100	37	1.99														
A7	Sample 7	2	1	9	71100	36.96	1.99														
A7	Sample 7	2	1	10	76080	36.96	1.98														
A7	Sample 7	2	1	11	81080	36.96	1.99														
A7	Sample 7	2	1	12	86090	37	2														
A7	Sample 7	2	1	13	91080	37	1.99														
A7	Sample 7	2	1	14	96090	37	1.98														
A7	Sample 7	2	1	15	101090	36.96	1.99			1.2	1.21	1.27	1.33	1.76	1.95	1.84	1.9	2.12	2.04	2.41	2
A8	Sample 8	2	1	1	31090	36.96	2.13														
A8	Sample 8	2	1	2	36080	36.96	2.12														
A8	Sample 8	2	1	3	41080	36.96	2.12														
A8	Sample 8	2	1	4	46090	37	2.12														
A8	Sample 8	2	1	5	51080	36.96	2.11														
A8	Sample 8	2	1	6	56090	36.96	2.11														
A8	Sample 8	2	1	7	61080	37	2.12														
A8	Sample 8	2	1	8	66100	37	2.12														
A8	Sample 8	2	1	9	71100	36.96	2.12														
A8	Sample 8	2	1	10	76080	36.96	2.12														
A8	Sample 8	2	1	11	81080	36.96	2.12														
A8	Sample 8	2	1	12	86090	37	2.12														
A8	Sample 8	2	1	13	91080	37	2.13														
A8	Sample 8	2	1	14	96090	37	2.12														
A8	Sample 8	2	1	15	101090	36.96	2.12			1.31	1.27	1.26	1.27	2.14	2.18	1.86	1.86	2.31	2.3	2.5	1.95
A9	Sample 9	2	1	1	31090	36.96	2.18														
A9	Sample 9	2	1	2	36080	36.96	2.16														
A9	Sample 9	2	1	3	41080	36.96	2.17														
A9	Sample 9	2	1	4	46090	37	2.17														
A9	Sample 9	2	1	5	51080	36.96	2.17														
A9	Sample 9	2	1	6	56090	36.96	2.17														
A9	Sample 9	2	1	7	61080	37	2.17														
A9	Sample 9	2	1	8	66100	37	2.17														
A9	Sample 9	2	1	9	71100	36.96	2.17														
A9	Sample 9	2	1	10	76080	36.96	2.18														
A9	Sample 9	2	1	11	81080	36.96	2.17														
A9	Sample 9	2	1	12	86090	37	2.16														
A9	Sample 9	2	1	13	91080	37	2.17														
A9	Sample 9	2	1	14	96090	37	2.17														
A9	Sample 9	2	1	15	101090	36.96	2.17			1.47	1.47	1.32	1.33	2.8	2.72	1.86	1.81	2.78	2.8	2.71	2.1
A10	Sample 10	2	1	1	31090	36.96	2.13														
A10	Sample 10	2	1	2	36080	36.96	2.13														
A10	Sample 10	2	1	3	41080	36.96	2.13														
A10	Sample 10	2	1	4	46090	37	2.13														
A10	Sample 10	2	1	5	51080	36.96	2.12														
A10	Sample 10	2	1	6	56090	36.96	2.12														
A10	Sample 10	2	1	7	61080	37	2.12														
A10	Sample 10	2	1	8	66100	37	2.12														
A10	Sample 10	2	1	9	71100	36.96	2.13														
A10	Sample 10	2	1	10	76080	36.96	2.13														
A10	Sample 10	2	1	11	81080	36.96	2.12														
A10	Sample 10	2	1	12	86090	37	2.12														
A10	Sample 10	2	1	13	91080	37	2.12														
A10	Sample 10	2	1	14	96090	37	2.12														
A10	Sample 10	2	1	15	101090	36.96	2.12			1.5	1.51	1.56	1.62	2.93	2.83	2.64	2.65	3.17	3.11	3.25	2.62
A11	Sample 11	2	1	1	31090	36.96	2.5														
A11	Sample 11	2	1	2	36080	36.96	2.5														
A11	Sample 11	2	1	3	41080	36.96	2.5														
A11	Sample 11	2	1	4	46090	37	2.5														
A11	Sample 11	2	1	5	51080	36.96	2.5														
A11	Sample 11	2	1	6	56090	36.96	2.49														
A11	Sample 11	2	1	7	61080	37	2.49														
A11	Sample 11	2	1	8	66100	37	2.49														
A11	Sample 11	2	1	9	71100	36.96	2.49														
A11	Sample 11	2	1	10	76080	36.96	2.49														
A11	Sample 11	2	1	11	81080	36.96	2.5														
A11	Sample 11	2	1	12	86090	37	2.49														
A11	Sample 11	2	1	13	91080	37	2.5														
A11	Sample 11	2	1	14	96090	37	2.49														
A11	Sample 11	2	1	15	101090	36.96	2.49			1.43	1.53	1.6	1.68	2.94	2.88	2.74	2.74	3.06	3.04	3.36	2.76
A12	Sample 12	2	1	1	31090	36.96	2														
A12	Sample 12	2	1	2	36080	36.96	2														
A12	Sample 12	2	1	3	41080	36.96	1.99														
A12	Sample 12	2	1	4	46090	37	1.99														
A12	Sample 12	2	1	5	51080	36.96	2														
A12	Sample 12	2	1	6	56090	36.96	1.99														
A12	Sample 12	2	1	7	61080	37	1.99														
A12	Sample 12	2	1	8	66100	37	1.99														
A12	Sample 12	2	1	9	71100	36.96	2														
A12	Sample 12	2	1	10	76080	36.96	1.99														
A12	Sample 12	2	1	11	81080	36.96	2														
A12	Sample 12	2	1	12	86090	37	2														
A12	Sample 12	2	1	13	91080	37	1.99														
A12	Sample 12	2	1	14	96090	37	1.99														
A12	Sample 12	2	1	15	101090	36.96	1.99			1.43	1.46	1.59	1.62	2.94	2.88	2.9	2.88	2.97	2.83	3.13	2.79
B1	Sample 13	2	1	1	31090	36.96	1.15														
B1	Sample 13	2	1	2	36080	36.96	1.15														
B1	Sample 13	2	1	3	41080	36.96	1.15														
B1	Sample 13	2	1	4	46090	37	1.15														
B1	Sample 13	2	1	5	51080	36.96	1.14														
B1	Sample 13	2	1	6	56090	36.96	1.15														
B1	Sample 13	2	1	7	61080	37	1.15														
B1	Sample 13	2	1	8	66100	37	1.14														
B1	Sample 13	2	1	9	71100	36.96	1.15														
B1	Sample 13	2	1	10	76080	36.96	1.14														
B1	Sample 13	2	1	11	81080	36.96	1.14														
B1	Sample 13	2	1	12	86090	37	1.14														
B1	Sample 13	2	1	13	91080	37	1.14														
B1	Sample 13	2	1	14	96090	37	1.14														
B1	Sample 13	2	1	15	101090	36.96	1.14														
B2	Sample 14	2	1	1	31090	36.96	1.16														
B2	Sample 14	2	1	2	36080	36.96	1.16														
B2	Sample 14	2	1	3	41080	36.96	1.16														
B2	Sample 14	2	1	4	46090	37	1.16														
B2	Sample 14	2	1	5	51080	36.96	1.16														
B2	Sample 14	2	1	6	56090	36.96	1.16														
B2	Sample 14	2	1	7	61080	37	1.16														
B2	Sample 14	2	1	8	66100	37	1.15														
B2	Sample 14	2	1	9	71100	36.96	1.16														
B2	Sample 14	2	1	10	76080	36.96	1.16														
B2	Sample 14	2	1	11	81080	36.96	1.15														
B2	Sample 14	2	1	12	86090	37	1.15														
B2	Sample 14	2	1	13	91080	37	1.15														
B2	Sample 14	2	1	14	96090	37	1.15														
B2	Sample 14	2	1	15	101090	36.96	1.15														
B3	Sample 15	2	1	1	31090	36.96	1.28														
B3	Sample 15	2	1	2	36080	36.96	1.28														
B3	Sample 15	2	1	3	41080	36.96	1.28														
B3	Sample 15	2	1	4	46090	37	1.27														
B3	Sample 15	2	1	5	51080	36.96	1.28														
B3	Sample 15	2	1	6	56090	36.96	1.27														
B3	Sample 15	2	1	7	61080	37	1.27														
B3	Sample 15	2	1	8	66100	37	1.26														
B3	Sample 15	2	1	9	71100	36.96	1.27														
B3	Sample 15	2	1	10	76080	36.96	1.27														
B3	Sample 15	2	1	11	81080	36.96	1.27														
B3	Sample 15	2	1	12	86090	37	1.26														
B3	Sample 15	2	1	13	91080	37	1.26														
B3	Sample 15	2	1	14	96090	37	1.26														
B3	Sample 15	2	1	15	101090	36.96	1.26														
B4	Sample 16	2	1	1	31090	36.96	1.32														
B4	Sample 16	2	1	2	36080	36.96	1.32														
B4	Sample 16	2	1	3	41080	36.96	1.32														
B4	Sample 16	2	1	4	46090	37	1.31														
B4	Sample 16	2	1	5	51080	36.96	1.32														
B4	Sample 16	2	1	6	56090	36.96	1.32														
B4	Sample 16	2	1	7	61080	37	1.31														
B4	Sample 16	2	1	8	66100	37	1.31														
B4	Sample 16	2	1	9	71100	36.96	1.31														
B4	Sample 16	2	1	10	76080	36.96	1.31														
B4	Sample 16	2	1	11	81080	36.96	1.3														
B4	Sample 16	2	1	12	86090	37	1.31														
B4	Sample 16	2	1	13	91080	37	1.31														
B4	Sample 16	2	1	14	96090	37	1.31														
B4	Sample 16	2	1	15	101090	36.96	1.31														
B5	Sample 17	2	1	1	31090	36.96	1.87														
B5	Sample 17	2	1	2	36080	36.96	1.86														
B5	Sample 17	2	1	3	41080	36.96	1.86														
B5	Sample 17	2	1	4	46090	37	1.86														
B5	Sample 17	2	1	5	51080	36.96	1.86														
B5	Sample 17	2	1	6	56090	36.96	1.86														
B5	Sample 17	2	1	7	61080	37	1.86														
B5	Sample 17	2	1	8	66100	37	1.85														
B5	Sample 17	2	1	9	71100	36.96	1.86														
B5	Sample 17	2	1	10	76080	36.96	1.86														
B5	Sample 17	2	1	11	81080	36.96	1.86														
B5	Sample 17	2	1	12	86090	37	1.86														
B5	Sample 17	2	1	13	91080	37	1.86														
B5	Sample 17	2	1	14	96090	37	1.85														
B5	Sample 17	2	1	15	101090	36.96	1.85														
B6	Sample 18	2	1	1	31090	36.96	1.85														
B6	Sample 18	2	1	2	36080	36.96	1.84														
B6	Sample 18	2	1	3	41080	36.96	1.84														
B6	Sample 18	2	1	4	46090	37	1.84														
B6	Sample 18	2	1	5	51080	36.96	1.83														
B6	Sample 18	2	1	6	56090	36.96	1.84														
B6	Sample 18	2	1	7	61080	37	1.83														
B6	Sample 18	2	1	8	66100	37	1.82														
B6	Sample 18	2	1	9	71100	36.96	1.83														
B6	Sample 18	2	1	10	76080	36.96	1.83														
B6	Sample 18	2	1	11	81080	36.96	1.82														
B6	Sample 18	2	1	12	86090	37	1.83														
B6	Sample 18	2	1	13	91080	37	1.83														
B6	Sample 18	2	1	14	96090	37	1.82														
B6	Sample 18	2	1	15	101090	36.96	1.82														
B7	Sample 19	2	1	1	31090	36.96	1.89														
B7	Sample 19	2	1	2	36080	36.96	1.88														
B7	Sample 19	2	1	3	41080	36.96	1.89														
B7	Sample 19	2	1	4	46090	37	1.88														
B7	Sample 19	2	1	5	51080	36.96	1.88														
B7	Sample 19	2	1	6	56090	36.96	1.88														
B7	Sample 19	2	1	7	61080	37	1.88														
B7	Sample 19	2	1	8	66100	37	1.87														
B7	Sample 19	2	1	9	71100	36.96	1.88														
B7	Sample 19	2	1	10	76080	36.96	1.87														
B7	Sample 19	2	1	11	81080	36.96	1.87														
B7	Sample 19	2	1	12	86090	37	1.87														
B7	Sample 19	2	1	13	91080	37	1.87														
B7	Sample 19	2	1	14	96090	37	1.86														
B7	Sample 19	2	1	15	101090	36.96	1.87														
B8	Sample 20	2	1	1	31090	36.96	1.92														
B8	Sample 20	2	1	2	36080	36.96	1.91														
B8	Sample 20	2	1	3	41080	36.96	1.92														
B8	Sample 20	2	1	4	46090	37	1.9														
B8	Sample 20	2	1	5	51080	36.96	1.91														
B8	Sample 20	2	1	6	56090	36.96	1.91														
B8	Sample 20	2	1	7	61080	37	1.91														
B8	Sample 20	2	1	8	66100	37	1.9														
B8	Sample 20	2	1	9	71100	36.96	1.91														
B8	Sample 20	2	1	10	76080	36.96	1.91														
B8	Sample 20	2	1	11	81080	36.96	1.91														
B8	Sample 20	2	1	12	86090	37	1.91														
B8	Sample 20	2	1	13	91080	37	1.91														
B8	Sample 20	2	1	14	96090	37	1.92														
B8	Sample 20	2	1	15	101090	36.96	1.91														
B9	Sample 21	2	1	1	31090	36.96	2.2														
B9	Sample 21	2	1	2	36080	36.96	2.19														
B9	Sample 21	2	1	3	41080	36.96	2.19														
B9	Sample 21	2	1	4	46090	37	2.18														
B9	Sample 21	2	1	5	51080	36.96	2.19														
B9	Sample 21	2	1	6	56090	36.96	2.19														
B9	Sample 21	2	1	7	61080	37	2.19														
B9	Sample 21	2	1	8	66100	37	2.18														
B9	Sample 21	2	1	9	71100	36.96	2.18														
B9	Sample 21	2	1	10	76080	36.96	2.18														
B9	Sample 21	2	1	11	81080	36.96	2.17														
B9	Sample 21	2	1	12	86090	37	2.18														
B9	Sample 21	2	1	13	91080	37	2.18														
B9	Sample 21	2	1	14	96090	37	2.19														
B9	Sample 21	2	1	15	101090	36.96	2.17														
B10	Sample 22	2	1	1	31090	36.96	2.08														
B10	Sample 22	2	1	2	36080	36.96	2.08														
B10	Sample 22	2	1	3	41080	36.96	2.09														
B10	Sample 22	2	1	4	46090	37	2.07														
B10	Sample 22	2	1	5	51080	36.96	2.08														
B10	Sample 22	2	1	6	56090	36.96	2.08														
B10	Sample 22	2	1	7	61080	37	2.08														
B10	Sample 22	2	1	8	66100	37	2.08														
B10	Sample 22	2	1	9	71100	36.96	2.08														
B10	Sample 22	2	1	10	76080	36.96	2.07														
B10	Sample 22	2	1	11	81080	36.96	2.07														
B10	Sample 22	2	1	12	86090	37	2.07														
B10	Sample 22	2	1	13	91080	37	2.06														
B10	Sample 22	2	1	14	96090	37	2.07														
B10	Sample 22	2	1	15	101090	36.96	2.06														
B11	Sample 23	2	1	1	31090	36.96	2.63														
B11	Sample 23	2	1	2	36080	36.96	2.63														
B11	Sample 23	2	1	3	41080	36.96	2.63														
B11	Sample 23	2	1	4	46090	37	2.64														
B11	Sample 23	2	1	5	51080	36.96	2.63														
B11	Sample 23	2	1	6	56090	36.96	2.63														
B11	Sample 23	2	1	7	61080	37	2.64														
B11	Sample 23	2	1	8	66100	37	2.63														
B11	Sample 23	2	1	9	71100	36.96	2.62														
B11	Sample 23	2	1	10	76080	36.96	2.63														
B11	Sample 23	2	1	11	81080	36.96	2.63														
B11	Sample 23	2	1	12	86090	37	2.62														
B11	Sample 23	2	1	13	91080	37	2.62														
B11	Sample 23	2	1	14	96090	37	2.63														
B11	Sample 23	2	1	15	101090	36.96	2.62														
B12	Sample 24	2	1	1	31090	36.96	1.97														
B12	Sample 24	2	1	2	36080	36.96	1.97														
B12	Sample 24	2	1	3	41080	36.96	1.97														
B12	Sample 24	2	1	4	46090	37	1.97														
B12	Sample 24	2	1	5	51080	36.96	1.96														
B12	Sample 24	2	1	6	56090	36.96	1.98														
B12	Sample 24	2	1	7	61080	37	1.97														
B12	Sample 24	2	1	8	66100	37	1.97														
B12	Sample 24	2	1	9	71100	36.96	1.97														
B12	Sample 24	2	1	10	76080	36.96	1.97														
B12	Sample 24	2	1	11	81080	36.96	1.97														
B12	Sample 24	2	1	12	86090	37	1.98														
B12	Sample 24	2	1	13	91080	37	1.97														
B12	Sample 24	2	1	14	96090	37	1.98														
B12	Sample 24	2	1	15	101090	36.96	1.97														
C1	Sample 25	2	1	1	31090	36.96	1.21														
C1	Sample 25	2	1	2	36080	36.96	1.21														
C1	Sample 25	2	1	3	41080	36.96	1.21														
C1	Sample 25	2	1	4	46090	37	1.22														
C1	Sample 25	2	1	5	51080	36.96	1.21														
C1	Sample 25	2	1	6	56090	36.96	1.21														
C1	Sample 25	2	1	7	61080	37	1.21														
C1	Sample 25	2	1	8	66100	37	1.2														
C1	Sample 25	2	1	9	71100	36.96	1.22														
C1	Sample 25	2	1	10	76080	36.96	1.2														
C1	Sample 25	2	1	11	81080	36.96	1.2														
C1	Sample 25	2	1	12	86090	37	1.2														
C1	Sample 25	2	1	13	91080	37	1.21														
C1	Sample 25	2	1	14	96090	37	1.2														
C1	Sample 25	2	1	15	101090	36.96	1.2														
C2	Sample 26	2	1	1	31090	36.96	1.23														
C2	Sample 26	2	1	2	36080	36.96	1.23														
C2	Sample 26	2	1	3	41080	36.96	1.23														
C2	Sample 26	2	1	4	46090	37	1.22														
C2	Sample 26	2	1	5	51080	36.96	1.22														
C2	Sample 26	2	1	6	56090	36.96	1.22														
C2	Sample 26	2	1	7	61080	37	1.22														
C2	Sample 26	2	1	8	66100	37	1.23														
C2	Sample 26	2	1	9	71100	36.96	1.22														
C2	Sample 26	2	1	10	76080	36.96	1.22														
C2	Sample 26	2	1	11	81080	36.96	1.22														
C2	Sample 26	2	1	12	86090	37	1.21														
C2	Sample 26	2	1	13	91080	37	1.21														
C2	Sample 26	2	1	14	96090	37	1.21														
C2	Sample 26	2	1	15	101090	36.96	1.21														
C3	Sample 27	2	1	1	31090	36.96	1.28														
C3	Sample 27	2	1	2	36080	36.96	1.28														
C3	Sample 27	2	1	3	41080	36.96	1.28														
C3	Sample 27	2	1	4	46090	37	1.28														
C3	Sample 27	2	1	5	51080	36.96	1.27														
C3	Sample 27	2	1	6	56090	36.96	1.27														
C3	Sample 27	2	1	7	61080	37	1.28														
C3	Sample 27	2	1	8	66100	37	1.27														
C3	Sample 27	2	1	9	71100	36.96	1.28														
C3	Sample 27	2	1	10	76080	36.96	1.27														
C3	Sample 27	2	1	11	81080	36.96	1.27														
C3	Sample 27	2	1	12	86090	37	1.27														
C3	Sample 27	2	1	13	91080	37	1.27														
C3	Sample 27	2	1	14	96090	37	1.27														
C3	Sample 27	2	1	15	101090	36.96	1.27														
C4	Sample 28	2	1	1	31090	36.96	1.35														
C4	Sample 28	2	1	2	36080	36.96	1.33														
C4	Sample 28	2	1	3	41080	36.96	1.35														
C4	Sample 28	2	1	4	46090	37	1.34														
C4	Sample 28	2	1	5	51080	36.96	1.34														
C4	Sample 28	2	1	6	56090	36.96	1.33														
C4	Sample 28	2	1	7	61080	37	1.34														
C4	Sample 28	2	1	8	66100	37	1.33														
C4	Sample 28	2	1	9	71100	36.96	1.34														
C4	Sample 28	2	1	10	76080	36.96	1.34														
C4	Sample 28	2	1	11	81080	36.96	1.33														
C4	Sample 28	2	1	12	86090	37	1.33														
C4	Sample 28	2	1	13	91080	37	1.34														
C4	Sample 28	2	1	14	96090	37	1.34														
C4	Sample 28	2	1	15	101090	36.96	1.33														
C5	Sample 29	2	1	1	31090	36.96	1.79														
C5	Sample 29	2	1	2	36080	36.96	1.78														
C5	Sample 29	2	1	3	41080	36.96	1.78														
C5	Sample 29	2	1	4	46090	37	1.78														
C5	Sample 29	2	1	5	51080	36.96	1.78														
C5	Sample 29	2	1	6	56090	36.96	1.77														
C5	Sample 29	2	1	7	61080	37	1.77														
C5	Sample 29	2	1	8	66100	37	1.77														
C5	Sample 29	2	1	9	71100	36.96	1.77														
C5	Sample 29	2	1	10	76080	36.96	1.78														
C5	Sample 29	2	1	11	81080	36.96	1.77														
C5	Sample 29	2	1	12	86090	37	1.76														
C5	Sample 29	2	1	13	91080	37	1.77														
C5	Sample 29	2	1	14	96090	37	1.77														
C5	Sample 29	2	1	15	101090	36.96	1.76														
C6	Sample 30	2	1	1	31090	36.96	1.97														
C6	Sample 30	2	1	2	36080	36.96	1.95														
C6	Sample 30	2	1	3	41080	36.96	1.96														
C6	Sample 30	2	1	4	46090	37	1.96														
C6	Sample 30	2	1	5	51080	36.96	1.95														
C6	Sample 30	2	1	6	56090	36.96	1.95														
C6	Sample 30	2	1	7	61080	37	1.96														
C6	Sample 30	2	1	8	66100	37	1.95														
C6	Sample 30	2	1	9	71100	36.96	1.96														
C6	Sample 30	2	1	10	76080	36.96	1.95														
C6	Sample 30	2	1	11	81080	36.96	1.95														
C6	Sample 30	2	1	12	86090	37	1.95														
C6	Sample 30	2	1	13	91080	37	1.95														
C6	Sample 30	2	1	14	96090	37	1.94														
C6	Sample 30	2	1	15	101090	36.96	1.95														
C7	Sample 31	2	1	1	31090	36.96	1.88														
C7	Sample 31	2	1	2	36080	36.96	1.86														
C7	Sample 31	2	1	3	41080	36.96	1.87														
C7	Sample 31	2	1	4	46090	37	1.86														
C7	Sample 31	2	1	5	51080	36.96	1.86														
C7	Sample 31	2	1	6	56090	36.96	1.85														
C7	Sample 31	2	1	7	61080	37	1.86														
C7	Sample 31	2	1	8	66100	37	1.85														
C7	Sample 31	2	1	9	71100	36.96	1.86														
C7	Sample 31	2	1	10	76080	36.96	1.85														
C7	Sample 31	2	1	11	81080	36.96	1.85														
C7	Sample 31	2	1	12	86090	37	1.86														
C7	Sample 31	2	1	13	91080	37	1.85														
C7	Sample 31	2	1	14	96090	37	1.85														
C7	Sample 31	2	1	15	101090	36.96	1.84														
C8	Sample 32	2	1	1	31090	36.96	1.92														
C8	Sample 32	2	1	2	36080	36.96	1.91														
C8	Sample 32	2	1	3	41080	36.96	1.92														
C8	Sample 32	2	1	4	46090	37	1.92														
C8	Sample 32	2	1	5	51080	36.96	1.91														
C8	Sample 32	2	1	6	56090	36.96	1.9														
C8	Sample 32	2	1	7	61080	37	1.91														
C8	Sample 32	2	1	8	66100	37	1.9														
C8	Sample 32	2	1	9	71100	36.96	1.91														
C8	Sample 32	2	1	10	76080	36.96	1.9														
C8	Sample 32	2	1	11	81080	36.96	1.91														
C8	Sample 32	2	1	12	86090	37	1.9														
C8	Sample 32	2	1	13	91080	37	1.9														
C8	Sample 32	2	1	14	96090	37	1.9														
C8	Sample 32	2	1	15	101090	36.96	1.9														
C9	Sample 33	2	1	1	31090	36.96	2.14														
C9	Sample 33	2	1	2	36080	36.96	2.13														
C9	Sample 33	2	1	3	41080	36.96	2.14														
C9	Sample 33	2	1	4	46090	37	2.13														
C9	Sample 33	2	1	5	51080	36.96	2.12														
C9	Sample 33	2	1	6	56090	36.96	2.12														
C9	Sample 33	2	1	7	61080	37	2.13														
C9	Sample 33	2	1	8	66100	37	2.12														
C9	Sample 33	2	1	9	71100	36.96	2.13														
C9	Sample 33	2	1	10	76080	36.96	2.12														
C9	Sample 33	2	1	11	81080	36.96	2.12														
C9	Sample 33	2	1	12	86090	37	2.12														
C9	Sample 33	2	1	13	91080	37	2.12														
C9	Sample 33	2	1	14	96090	37	2.13														
C9	Sample 33	2	1	15	101090	36.96	2.12														
C10	Sample 34	2	1	1	31090	36.96	2.06														
C10	Sample 34	2	1	2	36080	36.96	2.05														
C10	Sample 34	2	1	3	41080	36.96	2.06														
C10	Sample 34	2	1	4	46090	37	2.06														
C10	Sample 34	2	1	5	51080	36.96	2.05														
C10	Sample 34	2	1	6	56090	36.96	2.05														
C10	Sample 34	2	1	7	61080	37	2.05														
C10	Sample 34	2	1	8	66100	37	2.04														
C10	Sample 34	2	1	9	71100	36.96	2.05														
C10	Sample 34	2	1	10	76080	36.96	2.04														
C10	Sample 34	2	1	11	81080	36.96	2.04														
C10	Sample 34	2	1	12	86090	37	2.04														
C10	Sample 34	2	1	13	91080	37	2.03														
C10	Sample 34	2	1	14	96090	37	2.04														
C10	Sample 34	2	1	15	101090	36.96	2.04														
C11	Sample 35	2	1	1	31090	36.96	2.45														
C11	Sample 35	2	1	2	36080	36.96	2.44														
C11	Sample 35	2	1	3	41080	36.96	2.44														
C11	Sample 35	2	1	4	46090	37	2.44														
C11	Sample 35	2	1	5	51080	36.96	2.43														
C11	Sample 35	2	1	6	56090	36.96	2.43														
C11	Sample 35	2	1	7	61080	37	2.43														
C11	Sample 35	2	1	8	66100	37	2.42														
C11	Sample 35	2	1	9	71100	36.96	2.44														
C11	Sample 35	2	1	10	76080	36.96	2.42														
C11	Sample 35	2	1	11	81080	36.96	2.42														
C11	Sample 35	2	1	12	86090	37	2.42														
C11	Sample 35	2	1	13	91080	37	2.42														
C11	Sample 35	2	1	14	96090	37	2.42														
C11	Sample 35	2	1	15	101090	36.96	2.41														
C12	Sample 36	2	1	1	31090	36.96	2.01														
C12	Sample 36	2	1	2	36080	36.96	2														
C12	Sample 36	2	1	3	41080	36.96	2.01														
C12	Sample 36	2	1	4	46090	37	2														
C12	Sample 36	2	1	5	51080	36.96	2														
C12	Sample 36	2	1	6	56090	36.96	2														
C12	Sample 36	2	1	7	61080	37	2														
C12	Sample 36	2	1	8	66100	37	1.99														
C12	Sample 36	2	1	9	71100	36.96	2														
C12	Sample 36	2	1	10	76080	36.96	1.99														
C12	Sample 36	2	1	11	81080	36.96	2														
C12	Sample 36	2	1	12	86090	37	2														
C12	Sample 36	2	1	13	91080	37	1.99														
C12	Sample 36	2	1	14	96090	37	1.99														
C12	Sample 36	2	1	15	101090	36.96	2														
D1	Sample 37	2	1	1	31090	36.96	1.32														
D1	Sample 37	2	1	2	36080	36.96	1.32														
D1	Sample 37	2	1	3	41080	36.96	1.31														
D1	Sample 37	2	1	4	46090	37	1.31														
D1	Sample 37	2	1	5	51080	36.96	1.32														
D1	Sample 37	2	1	6	56090	36.96	1.32														
D1	Sample 37	2	1	7	61080	37	1.32														
D1	Sample 37	2	1	8	66100	37	1.31														
D1	Sample 37	2	1	9	71100	36.96	1.31														
D1	Sample 37	2	1	10	76080	36.96	1.31														
D1	Sample 37	2	1	11	81080	36.96	1.31														
D1	Sample 37	2	1	12	86090	37	1.31														
D1	Sample 37	2	1	13	91080	37	1.31														
D1	Sample 37	2	1	14	96090	37	1.31														
D1	Sample 37	2	1	15	101090	36.96	1.31														
D2	Sample 38	2	1	1	31090	36.96	1.28														
D2	Sample 38	2	1	2	36080	36.96	1.28														
D2	Sample 38	2	1	3	41080	36.96	1.28														
D2	Sample 38	2	1	4	46090	37	1.28														
D2	Sample 38	2	1	5	51080	36.96	1.28														
D2	Sample 38	2	1	6	56090	36.96	1.28														
D2	Sample 38	2	1	7	61080	37	1.27														
D2	Sample 38	2	1	8	66100	37	1.27														
D2	Sample 38	2	1	9	71100	36.96	1.27														
D2	Sample 38	2	1	10	76080	36.96	1.28														
D2	Sample 38	2	1	11	81080	36.96	1.28														
D2	Sample 38	2	1	12	86090	37	1.27														
D2	Sample 38	2	1	13	91080	37	1.27														
D2	Sample 38	2	1	14	96090	37	1.27														
D2	Sample 38	2	1	15	101090	36.96	1.27														
D3	Sample 39	2	1	1	31090	36.96	1.27														
D3	Sample 39	2	1	2	36080	36.96	1.27														
D3	Sample 39	2	1	3	41080	36.96	1.27														
D3	Sample 39	2	1	4	46090	37	1.26														
D3	Sample 39	2	1	5	51080	36.96	1.26														
D3	Sample 39	2	1	6	56090	36.96	1.26														
D3	Sample 39	2	1	7	61080	37	1.26														
D3	Sample 39	2	1	8	66100	37	1.26														
D3	Sample 39	2	1	9	71100	36.96	1.26														
D3	Sample 39	2	1	10	76080	36.96	1.26														
D3	Sample 39	2	1	11	81080	36.96	1.26														
D3	Sample 39	2	1	12	86090	37	1.26														
D3	Sample 39	2	1	13	91080	37	1.26														
D3	Sample 39	2	1	14	96090	37	1.25														
D3	Sample 39	2	1	15	101090	36.96	1.26														
D4	Sample 40	2	1	1	31090	36.96	1.29														
D4	Sample 40	2	1	2	36080	36.96	1.29														
D4	Sample 40	2	1	3	41080	36.96	1.28														
D4	Sample 40	2	1	4	46090	37	1.28														
D4	Sample 40	2	1	5	51080	36.96	1.27														
D4	Sample 40	2	1	6	56090	36.96	1.28														
D4	Sample 40	2	1	7	61080	37	1.28														
D4	Sample 40	2	1	8	66100	37	1.28														
D4	Sample 40	2	1	9	71100	36.96	1.27														
D4	Sample 40	2	1	10	76080	36.96	1.27														
D4	Sample 40	2	1	11	81080	36.96	1.27														
D4	Sample 40	2	1	12	86090	37	1.27														
D4	Sample 40	2	1	13	91080	37	1.26														
D4	Sample 40	2	1	14	96090	37	1.27														
D4	Sample 40	2	1	15	101090	36.96	1.27														
D5	Sample 41	2	1	1	31090	36.96	2.15														
D5	Sample 41	2	1	2	36080	36.96	2.15														
D5	Sample 41	2	1	3	41080	36.96	2.15														
D5	Sample 41	2	1	4	46090	37	2.15														
D5	Sample 41	2	1	5	51080	36.96	2.15														
D5	Sample 41	2	1	6	56090	36.96	2.15														
D5	Sample 41	2	1	7	61080	37	2.15														
D5	Sample 41	2	1	8	66100	37	2.14														
D5	Sample 41	2	1	9	71100	36.96	2.14														
D5	Sample 41	2	1	10	76080	36.96	2.14														
D5	Sample 41	2	1	11	81080	36.96	2.14														
D5	Sample 41	2	1	12	86090	37	2.14														
D5	Sample 41	2	1	13	91080	37	2.14														
D5	Sample 41	2	1	14	96090	37	2.13														
D5	Sample 41	2	1	15	101090	36.96	2.14														
D6	Sample 42	2	1	1	31090	36.96	2.2														
D6	Sample 42	2	1	2	36080	36.96	2.2														
D6	Sample 42	2	1	3	41080	36.96	2.19														
D6	Sample 42	2	1	4	46090	37	2.19														
D6	Sample 42	2	1	5	51080	36.96	2.19														
D6	Sample 42	2	1	6	56090	36.96	2.18														
D6	Sample 42	2	1	7	61080	37	2.19														
D6	Sample 42	2	1	8	66100	37	2.19														
D6	Sample 42	2	1	9	71100	36.96	2.18														
D6	Sample 42	2	1	10	76080	36.96	2.18														
D6	Sample 42	2	1	11	81080	36.96	2.18														
D6	Sample 42	2	1	12	86090	37	2.18														
D6	Sample 42	2	1	13	91080	37	2.18														
D6	Sample 42	2	1	14	96090	37	2.17														
D6	Sample 42	2	1	15	101090	36.96	2.18														
D7	Sample 43	2	1	1	31090	36.96	1.87														
D7	Sample 43	2	1	2	36080	36.96	1.87														
D7	Sample 43	2	1	3	41080	36.96	1.87														
D7	Sample 43	2	1	4	46090	37	1.87														
D7	Sample 43	2	1	5	51080	36.96	1.87														
D7	Sample 43	2	1	6	56090	36.96	1.86														
D7	Sample 43	2	1	7	61080	37	1.87														
D7	Sample 43	2	1	8	66100	37	1.87														
D7	Sample 43	2	1	9	71100	36.96	1.86														
D7	Sample 43	2	1	10	76080	36.96	1.86														
D7	Sample 43	2	1	11	81080	36.96	1.86														
D7	Sample 43	2	1	12	86090	37	1.85														
D7	Sample 43	2	1	13	91080	37	1.86														
D7	Sample 43	2	1	14	96090	37	1.86														
D7	Sample 43	2	1	15	101090	36.96	1.86														
D8	Sample 44	2	1	1	31090	36.96	1.88														
D8	Sample 44	2	1	2	36080	36.96	1.88														
D8	Sample 44	2	1	3	41080	36.96	1.88														
D8	Sample 44	2	1	4	46090	37	1.88														
D8	Sample 44	2	1	5	51080	36.96	1.88														
D8	Sample 44	2	1	6	56090	36.96	1.87														
D8	Sample 44	2	1	7	61080	37	1.88														
D8	Sample 44	2	1	8	66100	37	1.87														
D8	Sample 44	2	1	9	71100	36.96	1.87														
D8	Sample 44	2	1	10	76080	36.96	1.87														
D8	Sample 44	2	1	11	81080	36.96	1.87														
D8	Sample 44	2	1	12	86090	37	1.86														
D8	Sample 44	2	1	13	91080	37	1.86														
D8	Sample 44	2	1	14	96090	37	1.86														
D8	Sample 44	2	1	15	101090	36.96	1.86														
D9	Sample 45	2	1	1	31090	36.96	2.32														
D9	Sample 45	2	1	2	36080	36.96	2.32														
D9	Sample 45	2	1	3	41080	36.96	2.32														
D9	Sample 45	2	1	4	46090	37	2.31														
D9	Sample 45	2	1	5	51080	36.96	2.31														
D9	Sample 45	2	1	6	56090	36.96	2.32														
D9	Sample 45	2	1	7	61080	37	2.31														
D9	Sample 45	2	1	8	66100	37	2.31														
D9	Sample 45	2	1	9	71100	36.96	2.31														
D9	Sample 45	2	1	10	76080	36.96	2.31														
D9	Sample 45	2	1	11	81080	36.96	2.3														
D9	Sample 45	2	1	12	86090	37	2.31														
D9	Sample 45	2	1	13	91080	37	2.3														
D9	Sample 45	2	1	14	96090	37	2.3														
D9	Sample 45	2	1	15	101090	36.96	2.31														
D10	Sample 46	2	1	1	31090	36.96	2.32														
D10	Sample 46	2	1	2	36080	36.96	2.31														
D10	Sample 46	2	1	3	41080	36.96	2.31														
D10	Sample 46	2	1	4	46090	37	2.3														
D10	Sample 46	2	1	5	51080	36.96	2.31														
D10	Sample 46	2	1	6	56090	36.96	2.3														
D10	Sample 46	2	1	7	61080	37	2.3														
D10	Sample 46	2	1	8	66100	37	2.3														
D10	Sample 46	2	1	9	71100	36.96	2.3														
D10	Sample 46	2	1	10	76080	36.96	2.3														
D10	Sample 46	2	1	11	81080	36.96	2.3														
D10	Sample 46	2	1	12	86090	37	2.29														
D10	Sample 46	2	1	13	91080	37	2.28														
D10	Sample 46	2	1	14	96090	37	2.3														
D10	Sample 46	2	1	15	101090	36.96	2.3														
D11	Sample 47	2	1	1	31090	36.96	2.53														
D11	Sample 47	2	1	2	36080	36.96	2.51														
D11	Sample 47	2	1	3	41080	36.96	2.51														
D11	Sample 47	2	1	4	46090	37	2.51														
D11	Sample 47	2	1	5	51080	36.96	2.52														
D11	Sample 47	2	1	6	56090	36.96	2.51														
D11	Sample 47	2	1	7	61080	37	2.5														
D11	Sample 47	2	1	8	66100	37	2.5														
D11	Sample 47	2	1	9	71100	36.96	2.5														
D11	Sample 47	2	1	10	76080	36.96	2.51														
D11	Sample 47	2	1	11	81080	36.96	2.5														
D11	Sample 47	2	1	12	86090	37	2.5														
D11	Sample 47	2	1	13	91080	37	2.5														
D11	Sample 47	2	1	14	96090	37	2.5														
D11	Sample 47	2	1	15	101090	36.96	2.5														
D12	Sample 48	2	1	1	31090	36.96	1.95														
D12	Sample 48	2	1	2	36080	36.96	1.95														
D12	Sample 48	2	1	3	41080	36.96	1.95														
D12	Sample 48	2	1	4	46090	37	1.94														
D12	Sample 48	2	1	5	51080	36.96	1.95														
D12	Sample 48	2	1	6	56090	36.96	1.95														
D12	Sample 48	2	1	7	61080	37	1.95														
D12	Sample 48	2	1	8	66100	37	1.95														
D12	Sample 48	2	1	9	71100	36.96	1.95														
D12	Sample 48	2	1	10	76080	36.96	1.94														
D12	Sample 48	2	1	11	81080	36.96	1.95														
D12	Sample 48	2	1	12	86090	37	1.94														
D12	Sample 48	2	1	13	91080	37	1.95														
D12	Sample 48	2	1	14	96090	37	1.94														
D12	Sample 48	2	1	15	101090	36.96	1.95														
E1	Sample 49	2	1	1	31090	36.96	1.49														
E1	Sample 49	2	1	2	36080	36.96	1.49														
E1	Sample 49	2	1	3	41080	36.96	1.49														
E1	Sample 49	2	1	4	46090	37	1.49														
E1	Sample 49	2	1	5	51080	36.96	1.49														
E1	Sample 49	2	1	6	56090	36.96	1.48														
E1	Sample 49	2	1	7	61080	37	1.49														
E1	Sample 49	2	1	8	66100	37	1.48														
E1	Sample 49	2	1	9	71100	36.96	1.48														
E1	Sample 49	2	1	10	76080	36.96	1.49														
E1	Sample 49	2	1	11	81080	36.96	1.48														
E1	Sample 49	2	1	12	86090	37	1.48														
E1	Sample 49	2	1	13	91080	37	1.49														
E1	Sample 49	2	1	14	96090	37	1.49														
E1	Sample 49	2	1	15	101090	36.96	1.47														
E2	Sample 50	2	1	1	31090	36.96	1.48														
E2	Sample 50	2	1	2	36080	36.96	1.48														
E2	Sample 50	2	1	3	41080	36.96	1.47														
E2	Sample 50	2	1	4	46090	37	1.47														
E2	Sample 50	2	1	5	51080	36.96	1.48														
E2	Sample 50	2	1	6	56090	36.96	1.47														
E2	Sample 50	2	1	7	61080	37	1.47														
E2	Sample 50	2	1	8	66100	37	1.47														
E2	Sample 50	2	1	9	71100	36.96	1.47														
E2	Sample 50	2	1	10	76080	36.96	1.47														
E2	Sample 50	2	1	11	81080	36.96	1.47														
E2	Sample 50	2	1	12	86090	37	1.47														
E2	Sample 50	2	1	13	91080	37	1.46														
E2	Sample 50	2	1	14	96090	37	1.47														
E2	Sample 50	2	1	15	101090	36.96	1.47														
E3	Sample 51	2	1	1	31090	36.96	1.34														
E3	Sample 51	2	1	2	36080	36.96	1.34														
E3	Sample 51	2	1	3	41080	36.96	1.34														
E3	Sample 51	2	1	4	46090	37	1.34														
E3	Sample 51	2	1	5	51080	36.96	1.33														
E3	Sample 51	2	1	6	56090	36.96	1.33														
E3	Sample 51	2	1	7	61080	37	1.33														
E3	Sample 51	2	1	8	66100	37	1.33														
E3	Sample 51	2	1	9	71100	36.96	1.34														
E3	Sample 51	2	1	10	76080	36.96	1.33														
E3	Sample 51	2	1	11	81080	36.96	1.33														
E3	Sample 51	2	1	12	86090	37	1.34														
E3	Sample 51	2	1	13	91080	37	1.34														
E3	Sample 51	2	1	14	96090	37	1.33														
E3	Sample 51	2	1	15	101090	36.96	1.32														
E4	Sample 52	2	1	1	31090	36.96	1.35														
E4	Sample 52	2	1	2	36080	36.96	1.34														
E4	Sample 52	2	1	3	41080	36.96	1.34														
E4	Sample 52	2	1	4	46090	37	1.34														
E4	Sample 52	2	1	5	51080	36.96	1.34														
E4	Sample 52	2	1	6	56090	36.96	1.34														
E4	Sample 52	2	1	7	61080	37	1.34														
E4	Sample 52	2	1	8	66100	37	1.33														
E4	Sample 52	2	1	9	71100	36.96	1.34														
E4	Sample 52	2	1	10	76080	36.96	1.34														
E4	Sample 52	2	1	11	81080	36.96	1.33														
E4	Sample 52	2	1	12	86090	37	1.33														
E4	Sample 52	2	1	13	91080	37	1.32														
E4	Sample 52	2	1	14	96090	37	1.33														
E4	Sample 52	2	1	15	101090	36.96	1.33														
E5	Sample 53	2	1	1	31090	36.96	2.83														
E5	Sample 53	2	1	2	36080	36.96	2.83														
E5	Sample 53	2	1	3	41080	36.96	2.82														
E5	Sample 53	2	1	4	46090	37	2.82														
E5	Sample 53	2	1	5	51080	36.96	2.83														
E5	Sample 53	2	1	6	56090	36.96	2.81														
E5	Sample 53	2	1	7	61080	37	2.81														
E5	Sample 53	2	1	8	66100	37	2.8														
E5	Sample 53	2	1	9	71100	36.96	2.82														
E5	Sample 53	2	1	10	76080	36.96	2.81														
E5	Sample 53	2	1	11	81080	36.96	2.82														
E5	Sample 53	2	1	12	86090	37	2.81														
E5	Sample 53	2	1	13	91080	37	2.81														
E5	Sample 53	2	1	14	96090	37	2.81														
E5	Sample 53	2	1	15	101090	36.96	2.8														
E6	Sample 54	2	1	1	31090	36.96	2.76														
E6	Sample 54	2	1	2	36080	36.96	2.75														
E6	Sample 54	2	1	3	41080	36.96	2.75														
E6	Sample 54	2	1	4	46090	37	2.74														
E6	Sample 54	2	1	5	51080	36.96	2.74														
E6	Sample 54	2	1	6	56090	36.96	2.74														
E6	Sample 54	2	1	7	61080	37	2.74														
E6	Sample 54	2	1	8	66100	37	2.74														
E6	Sample 54	2	1	9	71100	36.96	2.73														
E6	Sample 54	2	1	10	76080	36.96	2.73														
E6	Sample 54	2	1	11	81080	36.96	2.74														
E6	Sample 54	2	1	12	86090	37	2.74														
E6	Sample 54	2	1	13	91080	37	2.74														
E6	Sample 54	2	1	14	96090	37	2.73														
E6	Sample 54	2	1	15	101090	36.96	2.72														
E7	Sample 55	2	1	1	31090	36.96	1.88														
E7	Sample 55	2	1	2	36080	36.96	1.88														
E7	Sample 55	2	1	3	41080	36.96	1.87														
E7	Sample 55	2	1	4	46090	37	1.87														
E7	Sample 55	2	1	5	51080	36.96	1.87														
E7	Sample 55	2	1	6	56090	36.96	1.87														
E7	Sample 55	2	1	7	61080	37	1.86														
E7	Sample 55	2	1	8	66100	37	1.86														
E7	Sample 55	2	1	9	71100	36.96	1.87														
E7	Sample 55	2	1	10	76080	36.96	1.86														
E7	Sample 55	2	1	11	81080	36.96	1.86														
E7	Sample 55	2	1	12	86090	37	1.87														
E7	Sample 55	2	1	13	91080	37	1.86														
E7	Sample 55	2	1	14	96090	37	1.86														
E7	Sample 55	2	1	15	101090	36.96	1.86														
E8	Sample 56	2	1	1	31090	36.96	1.84														
E8	Sample 56	2	1	2	36080	36.96	1.83														
E8	Sample 56	2	1	3	41080	36.96	1.83														
E8	Sample 56	2	1	4	46090	37	1.83														
E8	Sample 56	2	1	5	51080	36.96	1.83														
E8	Sample 56	2	1	6	56090	36.96	1.82														
E8	Sample 56	2	1	7	61080	37	1.82														
E8	Sample 56	2	1	8	66100	37	1.82														
E8	Sample 56	2	1	9	71100	36.96	1.82														
E8	Sample 56	2	1	10	76080	36.96	1.82														
E8	Sample 56	2	1	11	81080	36.96	1.82														
E8	Sample 56	2	1	12	86090	37	1.82														
E8	Sample 56	2	1	13	91080	37	1.82														
E8	Sample 56	2	1	14	96090	37	1.82														
E8	Sample 56	2	1	15	101090	36.96	1.81														
E9	Sample 57	2	1	1	31090	36.96	2.82														
E9	Sample 57	2	1	2	36080	36.96	2.8														
E9	Sample 57	2	1	3	41080	36.96	2.81														
E9	Sample 57	2	1	4	46090	37	2.8														
E9	Sample 57	2	1	5	51080	36.96	2.81														
E9	Sample 57	2	1	6	56090	36.96	2.8														
E9	Sample 57	2	1	7	61080	37	2.79														
E9	Sample 57	2	1	8	66100	37	2.79														
E9	Sample 57	2	1	9	71100	36.96	2.8														
E9	Sample 57	2	1	10	76080	36.96	2.78														
E9	Sample 57	2	1	11	81080	36.96	2.8														
E9	Sample 57	2	1	12	86090	37	2.8														
E9	Sample 57	2	1	13	91080	37	2.79														
E9	Sample 57	2	1	14	96090	37	2.79														
E9	Sample 57	2	1	15	101090	36.96	2.78														
E10	Sample 58	2	1	1	31090	36.96	2.85														
E10	Sample 58	2	1	2	36080	36.96	2.83														
E10	Sample 58	2	1	3	41080	36.96	2.83														
E10	Sample 58	2	1	4	46090	37	2.83														
E10	Sample 58	2	1	5	51080	36.96	2.82														
E10	Sample 58	2	1	6	56090	36.96	2.82														
E10	Sample 58	2	1	7	61080	37	2.82														
E10	Sample 58	2	1	8	66100	37	2.82														
E10	Sample 58	2	1	9	71100	36.96	2.81														
E10	Sample 58	2	1	10	76080	36.96	2.82														
E10	Sample 58	2	1	11	81080	36.96	2.81														
E10	Sample 58	2	1	12	86090	37	2.81														
E10	Sample 58	2	1	13	91080	37	2.81														
E10	Sample 58	2	1	14	96090	37	2.8														
E10	Sample 58	2	1	15	101090	36.96	2.8														
E11	Sample 59	2	1	1	31090	36.96	2.71														
E11	Sample 59	2	1	2	36080	36.96	2.68														
E11	Sample 59	2	1	3	41080	36.96	2.86														
E11	Sample 59	2	1	4	46090	37	2.74														
E11	Sample 59	2	1	5	51080	36.96	2.71														
E11	Sample 59	2	1	6	56090	36.96	2.69														
E11	Sample 59	2	1	7	61080	37	2.7														
E11	Sample 59	2	1	8	66100	37	2.7														
E11	Sample 59	2	1	9	71100	36.96	2.72														
E11	Sample 59	2	1	10	76080	36.96	2.71														
E11	Sample 59	2	1	11	81080	36.96	2.72														
E11	Sample 59	2	1	12	86090	37	2.72														
E11	Sample 59	2	1	13	91080	37	2.71														
E11	Sample 59	2	1	14	96090	37	2.71														
E11	Sample 59	2	1	15	101090	36.96	2.71														
E12	Sample 60	2	1	1	31090	36.96	2.12														
E12	Sample 60	2	1	2	36080	36.96	2.12														
E12	Sample 60	2	1	3	41080	36.96	2.12														
E12	Sample 60	2	1	4	46090	37	2.13														
E12	Sample 60	2	1	5	51080	36.96	2.11														
E12	Sample 60	2	1	6	56090	36.96	2.11														
E12	Sample 60	2	1	7	61080	37	2.11														
E12	Sample 60	2	1	8	66100	37	2.11														
E12	Sample 60	2	1	9	71100	36.96	2.11														
E12	Sample 60	2	1	10	76080	36.96	2.11														
E12	Sample 60	2	1	11	81080	36.96	2.12														
E12	Sample 60	2	1	12	86090	37	2.11														
E12	Sample 60	2	1	13	91080	37	2.11														
E12	Sample 60	2	1	14	96090	37	2.11														
E12	Sample 60	2	1	15	101090	36.96	2.1														
F1	Sample 61	2	1	1	31090	36.96	1.52														
F1	Sample 61	2	1	2	36080	36.96	1.52														
F1	Sample 61	2	1	3	41080	36.96	1.52														
F1	Sample 61	2	1	4	46090	37	1.52														
F1	Sample 61	2	1	5	51080	36.96	1.51														
F1	Sample 61	2	1	6	56090	36.96	1.51														
F1	Sample 61	2	1	7	61080	37	1.51														
F1	Sample 61	2	1	8	66100	37	1.51														
F1	Sample 61	2	1	9	71100	36.96	1.51														
F1	Sample 61	2	1	10	76080	36.96	1.51														
F1	Sample 61	2	1	11	81080	36.96	1.51														
F1	Sample 61	2	1	12	86090	37	1.51														
F1	Sample 61	2	1	13	91080	37	1.51														
F1	Sample 61	2	1	14	96090	37	1.51														
F1	Sample 61	2	1	15	101090	36.96	1.5														
F2	Sample 62	2	1	1	31090	36.96	1.52														
F2	Sample 62	2	1	2	36080	36.96	1.51														
F2	Sample 62	2	1	3	41080	36.96	1.52														
F2	Sample 62	2	1	4	46090	37	1.52														
F2	Sample 62	2	1	5	51080	36.96	1.51														
F2	Sample 62	2	1	6	56090	36.96	1.51														
F2	Sample 62	2	1	7	61080	37	1.5														
F2	Sample 62	2	1	8	66100	37	1.51														
F2	Sample 62	2	1	9	71100	36.96	1.51														
F2	Sample 62	2	1	10	76080	36.96	1.51														
F2	Sample 62	2	1	11	81080	36.96	1.51														
F2	Sample 62	2	1	12	86090	37	1.5														
F2	Sample 62	2	1	13	91080	37	1.51														
F2	Sample 62	2	1	14	96090	37	1.51														
F2	Sample 62	2	1	15	101090	36.96	1.51														
F3	Sample 63	2	1	1	31090	36.96	1.58														
F3	Sample 63	2	1	2	36080	36.96	1.57														
F3	Sample 63	2	1	3	41080	36.96	1.57														
F3	Sample 63	2	1	4	46090	37	1.57														
F3	Sample 63	2	1	5	51080	36.96	1.57														
F3	Sample 63	2	1	6	56090	36.96	1.57														
F3	Sample 63	2	1	7	61080	37	1.57														
F3	Sample 63	2	1	8	66100	37	1.56														
F3	Sample 63	2	1	9	71100	36.96	1.57														
F3	Sample 63	2	1	10	76080	36.96	1.57														
F3	Sample 63	2	1	11	81080	36.96	1.56														
F3	Sample 63	2	1	12	86090	37	1.56														
F3	Sample 63	2	1	13	91080	37	1.56														
F3	Sample 63	2	1	14	96090	37	1.56														
F3	Sample 63	2	1	15	101090	36.96	1.56														
F4	Sample 64	2	1	1	31090	36.96	1.64														
F4	Sample 64	2	1	2	36080	36.96	1.64														
F4	Sample 64	2	1	3	41080	36.96	1.63														
F4	Sample 64	2	1	4	46090	37	1.63														
F4	Sample 64	2	1	5	51080	36.96	1.62														
F4	Sample 64	2	1	6	56090	36.96	1.62														
F4	Sample 64	2	1	7	61080	37	1.63														
F4	Sample 64	2	1	8	66100	37	1.62														
F4	Sample 64	2	1	9	71100	36.96	1.62														
F4	Sample 64	2	1	10	76080	36.96	1.62														
F4	Sample 64	2	1	11	81080	36.96	1.62														
F4	Sample 64	2	1	12	86090	37	1.62														
F4	Sample 64	2	1	13	91080	37	1.62														
F4	Sample 64	2	1	14	96090	37	1.62														
F4	Sample 64	2	1	15	101090	36.96	1.62														
F5	Sample 65	2	1	1	31090	36.96	2.96														
F5	Sample 65	2	1	2	36080	36.96	2.97														
F5	Sample 65	2	1	3	41080	36.96	2.96														
F5	Sample 65	2	1	4	46090	37	2.95														
F5	Sample 65	2	1	5	51080	36.96	2.96														
F5	Sample 65	2	1	6	56090	36.96	2.94														
F5	Sample 65	2	1	7	61080	37	2.95														
F5	Sample 65	2	1	8	66100	37	2.94														
F5	Sample 65	2	1	9	71100	36.96	2.95														
F5	Sample 65	2	1	10	76080	36.96	2.94														
F5	Sample 65	2	1	11	81080	36.96	2.95														
F5	Sample 65	2	1	12	86090	37	2.94														
F5	Sample 65	2	1	13	91080	37	2.94														
F5	Sample 65	2	1	14	96090	37	2.95														
F5	Sample 65	2	1	15	101090	36.96	2.93														
F6	Sample 66	2	1	1	31090	36.96	2.86														
F6	Sample 66	2	1	2	36080	36.96	2.84														
F6	Sample 66	2	1	3	41080	36.96	2.84														
F6	Sample 66	2	1	4	46090	37	2.84														
F6	Sample 66	2	1	5	51080	36.96	2.84														
F6	Sample 66	2	1	6	56090	36.96	2.84														
F6	Sample 66	2	1	7	61080	37	2.84														
F6	Sample 66	2	1	8	66100	37	2.84														
F6	Sample 66	2	1	9	71100	36.96	2.85														
F6	Sample 66	2	1	10	76080	36.96	2.84														
F6	Sample 66	2	1	11	81080	36.96	2.84														
F6	Sample 66	2	1	12	86090	37	2.83														
F6	Sample 66	2	1	13	91080	37	2.84														
F6	Sample 66	2	1	14	96090	37	2.83														
F6	Sample 66	2	1	15	101090	36.96	2.83														
F7	Sample 67	2	1	1	31090	36.96	2.66														
F7	Sample 67	2	1	2	36080	36.96	2.64														
F7	Sample 67	2	1	3	41080	36.96	2.65														
F7	Sample 67	2	1	4	46090	37	2.65														
F7	Sample 67	2	1	5	51080	36.96	2.64														
F7	Sample 67	2	1	6	56090	36.96	2.63														
F7	Sample 67	2	1	7	61080	37	2.64														
F7	Sample 67	2	1	8	66100	37	2.64														
F7	Sample 67	2	1	9	71100	36.96	2.65														
F7	Sample 67	2	1	10	76080	36.96	2.64														
F7	Sample 67	2	1	11	81080	36.96	2.64														
F7	Sample 67	2	1	12	86090	37	2.64														
F7	Sample 67	2	1	13	91080	37	2.65														
F7	Sample 67	2	1	14	96090	37	2.64														
F7	Sample 67	2	1	15	101090	36.96	2.64														
F8	Sample 68	2	1	1	31090	36.96	2.68														
F8	Sample 68	2	1	2	36080	36.96	2.69														
F8	Sample 68	2	1	3	41080	36.96	2.68														
F8	Sample 68	2	1	4	46090	37	2.67														
F8	Sample 68	2	1	5	51080	36.96	2.67														
F8	Sample 68	2	1	6	56090	36.96	2.66														
F8	Sample 68	2	1	7	61080	37	2.67														
F8	Sample 68	2	1	8	66100	37	2.66														
F8	Sample 68	2	1	9	71100	36.96	2.66														
F8	Sample 68	2	1	10	76080	36.96	2.66														
F8	Sample 68	2	1	11	81080	36.96	2.67														
F8	Sample 68	2	1	12	86090	37	2.66														
F8	Sample 68	2	1	13	91080	37	2.66														
F8	Sample 68	2	1	14	96090	37	2.66														
F8	Sample 68	2	1	15	101090	36.96	2.65														
F9	Sample 69	2	1	1	31090	36.96	3.2														
F9	Sample 69	2	1	2	36080	36.96	3.18														
F9	Sample 69	2	1	3	41080	36.96	3.18														
F9	Sample 69	2	1	4	46090	37	3.18														
F9	Sample 69	2	1	5	51080	36.96	3.18														
F9	Sample 69	2	1	6	56090	36.96	3.17														
F9	Sample 69	2	1	7	61080	37	3.18														
F9	Sample 69	2	1	8	66100	37	3.18														
F9	Sample 69	2	1	9	71100	36.96	3.17														
F9	Sample 69	2	1	10	76080	36.96	3.17														
F9	Sample 69	2	1	11	81080	36.96	3.18														
F9	Sample 69	2	1	12	86090	37	3.18														
F9	Sample 69	2	1	13	91080	37	3.17														
F9	Sample 69	2	1	14	96090	37	3.17														
F9	Sample 69	2	1	15	101090	36.96	3.17														
F10	Sample 70	2	1	1	31090	36.96	3.14														
F10	Sample 70	2	1	2	36080	36.96	3.13														
F10	Sample 70	2	1	3	41080	36.96	3.13														
F10	Sample 70	2	1	4	46090	37	3.13														
F10	Sample 70	2	1	5	51080	36.96	3.12														
F10	Sample 70	2	1	6	56090	36.96	3.11														
F10	Sample 70	2	1	7	61080	37	3.12														
F10	Sample 70	2	1	8	66100	37	3.11														
F10	Sample 70	2	1	9	71100	36.96	3.12														
F10	Sample 70	2	1	10	76080	36.96	3.11														
F10	Sample 70	2	1	11	81080	36.96	3.11														
F10	Sample 70	2	1	12	86090	37	3.11														
F10	Sample 70	2	1	13	91080	37	3.11														
F10	Sample 70	2	1	14	96090	37	3.1														
F10	Sample 70	2	1	15	101090	36.96	3.11														
F11	Sample 71	2	1	1	31090	36.96	3.28														
F11	Sample 71	2	1	2	36080	36.96	3.29														
F11	Sample 71	2	1	3	41080	36.96	3.28														
F11	Sample 71	2	1	4	46090	37	3.28														
F11	Sample 71	2	1	5	51080	36.96	3.27														
F11	Sample 71	2	1	6	56090	36.96	3.27														
F11	Sample 71	2	1	7	61080	37	3.27														
F11	Sample 71	2	1	8	66100	37	3.26														
F11	Sample 71	2	1	9	71100	36.96	3.27														
F11	Sample 71	2	1	10	76080	36.96	3.27														
F11	Sample 71	2	1	11	81080	36.96	3.26														
F11	Sample 71	2	1	12	86090	37	3.26														
F11	Sample 71	2	1	13	91080	37	3.26														
F11	Sample 71	2	1	14	96090	37	3.26														
F11	Sample 71	2	1	15	101090	36.96	3.25														
F12	Sample 72	2	1	1	31090	36.96	2.62														
F12	Sample 72	2	1	2	36080	36.96	2.62														
F12	Sample 72	2	1	3	41080	36.96	2.62														
F12	Sample 72	2	1	4	46090	37	2.62														
F12	Sample 72	2	1	5	51080	36.96	2.61														
F12	Sample 72	2	1	6	56090	36.96	2.62														
F12	Sample 72	2	1	7	61080	37	2.62														
F12	Sample 72	2	1	8	66100	37	2.62														
F12	Sample 72	2	1	9	71100	36.96	2.62														
F12	Sample 72	2	1	10	76080	36.96	2.62														
F12	Sample 72	2	1	11	81080	36.96	2.62														
F12	Sample 72	2	1	12	86090	37	2.62														
F12	Sample 72	2	1	13	91080	37	2.63														
F12	Sample 72	2	1	14	96090	37	2.62														
F12	Sample 72	2	1	15	101090	36.96	2.62														
G1	Sample 73	2	1	1	31090	36.96	1.45														
G1	Sample 73	2	1	2	36080	36.96	1.45														
G1	Sample 73	2	1	3	41080	36.96	1.44														
G1	Sample 73	2	1	4	46090	37	1.45														
G1	Sample 73	2	1	5	51080	36.96	1.44														
G1	Sample 73	2	1	6	56090	36.96	1.44														
G1	Sample 73	2	1	7	61080	37	1.44														
G1	Sample 73	2	1	8	66100	37	1.45														
G1	Sample 73	2	1	9	71100	36.96	1.44														
G1	Sample 73	2	1	10	76080	36.96	1.44														
G1	Sample 73	2	1	11	81080	36.96	1.43														
G1	Sample 73	2	1	12	86090	37	1.44														
G1	Sample 73	2	1	13	91080	37	1.44														
G1	Sample 73	2	1	14	96090	37	1.43														
G1	Sample 73	2	1	15	101090	36.96	1.43														
G2	Sample 74	2	1	1	31090	36.96	1.55														
G2	Sample 74	2	1	2	36080	36.96	1.54														
G2	Sample 74	2	1	3	41080	36.96	1.54														
G2	Sample 74	2	1	4	46090	37	1.55														
G2	Sample 74	2	1	5	51080	36.96	1.54														
G2	Sample 74	2	1	6	56090	36.96	1.54														
G2	Sample 74	2	1	7	61080	37	1.53														
G2	Sample 74	2	1	8	66100	37	1.54														
G2	Sample 74	2	1	9	71100	36.96	1.54														
G2	Sample 74	2	1	10	76080	36.96	1.54														
G2	Sample 74	2	1	11	81080	36.96	1.53														
G2	Sample 74	2	1	12	86090	37	1.54														
G2	Sample 74	2	1	13	91080	37	1.53														
G2	Sample 74	2	1	14	96090	37	1.54														
G2	Sample 74	2	1	15	101090	36.96	1.53														
G3	Sample 75	2	1	1	31090	36.96	1.63														
G3	Sample 75	2	1	2	36080	36.96	1.62														
G3	Sample 75	2	1	3	41080	36.96	1.62														
G3	Sample 75	2	1	4	46090	37	1.62														
G3	Sample 75	2	1	5	51080	36.96	1.61														
G3	Sample 75	2	1	6	56090	36.96	1.62														
G3	Sample 75	2	1	7	61080	37	1.61														
G3	Sample 75	2	1	8	66100	37	1.61														
G3	Sample 75	2	1	9	71100	36.96	1.61														
G3	Sample 75	2	1	10	76080	36.96	1.61														
G3	Sample 75	2	1	11	81080	36.96	1.6														
G3	Sample 75	2	1	12	86090	37	1.6														
G3	Sample 75	2	1	13	91080	37	1.6														
G3	Sample 75	2	1	14	96090	37	1.6														
G3	Sample 75	2	1	15	101090	36.96	1.6														
G4	Sample 76	2	1	1	31090	36.96	1.7														
G4	Sample 76	2	1	2	36080	36.96	1.7														
G4	Sample 76	2	1	3	41080	36.96	1.69														
G4	Sample 76	2	1	4	46090	37	1.7														
G4	Sample 76	2	1	5	51080	36.96	1.69														
G4	Sample 76	2	1	6	56090	36.96	1.69														
G4	Sample 76	2	1	7	61080	37	1.7														
G4	Sample 76	2	1	8	66100	37	1.69														
G4	Sample 76	2	1	9	71100	36.96	1.69														
G4	Sample 76	2	1	10	76080	36.96	1.7														
G4	Sample 76	2	1	11	81080	36.96	1.69														
G4	Sample 76	2	1	12	86090	37	1.69														
G4	Sample 76	2	1	13	91080	37	1.68														
G4	Sample 76	2	1	14	96090	37	1.69														
G4	Sample 76	2	1	15	101090	36.96	1.68														
G5	Sample 77	2	1	1	31090	36.96	2.96														
G5	Sample 77	2	1	2	36080	36.96	2.96														
G5	Sample 77	2	1	3	41080	36.96	2.96														
G5	Sample 77	2	1	4	46090	37	2.96														
G5	Sample 77	2	1	5	51080	36.96	2.94														
G5	Sample 77	2	1	6	56090	36.96	2.95														
G5	Sample 77	2	1	7	61080	37	2.95														
G5	Sample 77	2	1	8	66100	37	2.94														
G5	Sample 77	2	1	9	71100	36.96	2.95														
G5	Sample 77	2	1	10	76080	36.96	2.94														
G5	Sample 77	2	1	11	81080	36.96	2.94														
G5	Sample 77	2	1	12	86090	37	2.94														
G5	Sample 77	2	1	13	91080	37	2.94														
G5	Sample 77	2	1	14	96090	37	2.95														
G5	Sample 77	2	1	15	101090	36.96	2.94														
G6	Sample 78	2	1	1	31090	36.96	2.91														
G6	Sample 78	2	1	2	36080	36.96	2.9														
G6	Sample 78	2	1	3	41080	36.96	2.89														
G6	Sample 78	2	1	4	46090	37	2.9														
G6	Sample 78	2	1	5	51080	36.96	2.89														
G6	Sample 78	2	1	6	56090	36.96	2.89														
G6	Sample 78	2	1	7	61080	37	2.89														
G6	Sample 78	2	1	8	66100	37	2.88														
G6	Sample 78	2	1	9	71100	36.96	2.89														
G6	Sample 78	2	1	10	76080	36.96	2.89														
G6	Sample 78	2	1	11	81080	36.96	2.88														
G6	Sample 78	2	1	12	86090	37	2.89														
G6	Sample 78	2	1	13	91080	37	2.87														
G6	Sample 78	2	1	14	96090	37	2.89														
G6	Sample 78	2	1	15	101090	36.96	2.88														
G7	Sample 79	2	1	1	31090	36.96	2.77														
G7	Sample 79	2	1	2	36080	36.96	2.76														
G7	Sample 79	2	1	3	41080	36.96	2.76														
G7	Sample 79	2	1	4	46090	37	2.77														
G7	Sample 79	2	1	5	51080	36.96	2.75														
G7	Sample 79	2	1	6	56090	36.96	2.75														
G7	Sample 79	2	1	7	61080	37	2.75														
G7	Sample 79	2	1	8	66100	37	2.75														
G7	Sample 79	2	1	9	71100	36.96	2.75														
G7	Sample 79	2	1	10	76080	36.96	2.75														
G7	Sample 79	2	1	11	81080	36.96	2.74														
G7	Sample 79	2	1	12	86090	37	2.75														
G7	Sample 79	2	1	13	91080	37	2.74														
G7	Sample 79	2	1	14	96090	37	2.73														
G7	Sample 79	2	1	15	101090	36.96	2.74														
G8	Sample 80	2	1	1	31090	36.96	2.77														
G8	Sample 80	2	1	2	36080	36.96	2.77														
G8	Sample 80	2	1	3	41080	36.96	2.76														
G8	Sample 80	2	1	4	46090	37	2.76														
G8	Sample 80	2	1	5	51080	36.96	2.76														
G8	Sample 80	2	1	6	56090	36.96	2.77														
G8	Sample 80	2	1	7	61080	37	2.77														
G8	Sample 80	2	1	8	66100	37	2.75														
G8	Sample 80	2	1	9	71100	36.96	2.76														
G8	Sample 80	2	1	10	76080	36.96	2.76														
G8	Sample 80	2	1	11	81080	36.96	2.76														
G8	Sample 80	2	1	12	86090	37	2.76														
G8	Sample 80	2	1	13	91080	37	2.75														
G8	Sample 80	2	1	14	96090	37	2.75														
G8	Sample 80	2	1	15	101090	36.96	2.74														
G9	Sample 81	2	1	1	31090	36.96	3.08														
G9	Sample 81	2	1	2	36080	36.96	3.08														
G9	Sample 81	2	1	3	41080	36.96	3.07														
G9	Sample 81	2	1	4	46090	37	3.07														
G9	Sample 81	2	1	5	51080	36.96	3.07														
G9	Sample 81	2	1	6	56090	36.96	3.07														
G9	Sample 81	2	1	7	61080	37	3.07														
G9	Sample 81	2	1	8	66100	37	3.05														
G9	Sample 81	2	1	9	71100	36.96	3.07														
G9	Sample 81	2	1	10	76080	36.96	3.07														
G9	Sample 81	2	1	11	81080	36.96	3.06														
G9	Sample 81	2	1	12	86090	37	3.06														
G9	Sample 81	2	1	13	91080	37	3.06														
G9	Sample 81	2	1	14	96090	37	3.05														
G9	Sample 81	2	1	15	101090	36.96	3.06														
G10	Sample 82	2	1	1	31090	36.96	3.08														
G10	Sample 82	2	1	2	36080	36.96	3.08														
G10	Sample 82	2	1	3	41080	36.96	3.07														
G10	Sample 82	2	1	4	46090	37	3.08														
G10	Sample 82	2	1	5	51080	36.96	3.07														
G10	Sample 82	2	1	6	56090	36.96	3.08														
G10	Sample 82	2	1	7	61080	37	3.06														
G10	Sample 82	2	1	8	66100	37	3.06														
G10	Sample 82	2	1	9	71100	36.96	3.07														
G10	Sample 82	2	1	10	76080	36.96	3.06														
G10	Sample 82	2	1	11	81080	36.96	3.06														
G10	Sample 82	2	1	12	86090	37	3.06														
G10	Sample 82	2	1	13	91080	37	3.05														
G10	Sample 82	2	1	14	96090	37	3.05														
G10	Sample 82	2	1	15	101090	36.96	3.04														
G11	Sample 83	2	1	1	31090	36.96	3.4														
G11	Sample 83	2	1	2	36080	36.96	3.39														
G11	Sample 83	2	1	3	41080	36.96	3.38														
G11	Sample 83	2	1	4	46090	37	3.39														
G11	Sample 83	2	1	5	51080	36.96	3.38														
G11	Sample 83	2	1	6	56090	36.96	3.38														
G11	Sample 83	2	1	7	61080	37	3.37														
G11	Sample 83	2	1	8	66100	37	3.37														
G11	Sample 83	2	1	9	71100	36.96	3.38														
G11	Sample 83	2	1	10	76080	36.96	3.37														
G11	Sample 83	2	1	11	81080	36.96	3.37														
G11	Sample 83	2	1	12	86090	37	3.37														
G11	Sample 83	2	1	13	91080	37	3.37														
G11	Sample 83	2	1	14	96090	37	3.36														
G11	Sample 83	2	1	15	101090	36.96	3.36														
G12	Sample 84	2	1	1	31090	36.96	2.78														
G12	Sample 84	2	1	2	36080	36.96	2.78														
G12	Sample 84	2	1	3	41080	36.96	2.78														
G12	Sample 84	2	1	4	46090	37	2.78														
G12	Sample 84	2	1	5	51080	36.96	2.77														
G12	Sample 84	2	1	6	56090	36.96	2.77														
G12	Sample 84	2	1	7	61080	37	2.77														
G12	Sample 84	2	1	8	66100	37	2.76														
G12	Sample 84	2	1	9	71100	36.96	2.77														
G12	Sample 84	2	1	10	76080	36.96	2.77														
G12	Sample 84	2	1	11	81080	36.96	2.76														
G12	Sample 84	2	1	12	86090	37	2.76														
G12	Sample 84	2	1	13	91080	37	2.76														
G12	Sample 84	2	1	14	96090	37	2.76														
G12	Sample 84	2	1	15	101090	36.96	2.76														
H1	Sample 85	2	1	1	31090	36.96	1.45														
H1	Sample 85	2	1	2	36080	36.96	1.44														
H1	Sample 85	2	1	3	41080	36.96	1.44														
H1	Sample 85	2	1	4	46090	37	1.45														
H1	Sample 85	2	1	5	51080	36.96	1.43														
H1	Sample 85	2	1	6	56090	36.96	1.44														
H1	Sample 85	2	1	7	61080	37	1.44														
H1	Sample 85	2	1	8	66100	37	1.44														
H1	Sample 85	2	1	9	71100	36.96	1.44														
H1	Sample 85	2	1	10	76080	36.96	1.44														
H1	Sample 85	2	1	11	81080	36.96	1.43														
H1	Sample 85	2	1	12	86090	37	1.44														
H1	Sample 85	2	1	13	91080	37	1.44														
H1	Sample 85	2	1	14	96090	37	1.43														
H1	Sample 85	2	1	15	101090	36.96	1.43														
H2	Sample 86	2	1	1	31090	36.96	1.48														
H2	Sample 86	2	1	2	36080	36.96	1.48														
H2	Sample 86	2	1	3	41080	36.96	1.47														
H2	Sample 86	2	1	4	46090	37	1.47														
H2	Sample 86	2	1	5	51080	36.96	1.47														
H2	Sample 86	2	1	6	56090	36.96	1.47														
H2	Sample 86	2	1	7	61080	37	1.47														
H2	Sample 86	2	1	8	66100	37	1.47														
H2	Sample 86	2	1	9	71100	36.96	1.47														
H2	Sample 86	2	1	10	76080	36.96	1.47														
H2	Sample 86	2	1	11	81080	36.96	1.47														
H2	Sample 86	2	1	12	86090	37	1.47														
H2	Sample 86	2	1	13	91080	37	1.47														
H2	Sample 86	2	1	14	96090	37	1.47														
H2	Sample 86	2	1	15	101090	36.96	1.46														
H3	Sample 87	2	1	1	31090	36.96	1.6														
H3	Sample 87	2	1	2	36080	36.96	1.6														
H3	Sample 87	2	1	3	41080	36.96	1.59														
H3	Sample 87	2	1	4	46090	37	1.6														
H3	Sample 87	2	1	5	51080	36.96	1.6														
H3	Sample 87	2	1	6	56090	36.96	1.59														
H3	Sample 87	2	1	7	61080	37	1.6														
H3	Sample 87	2	1	8	66100	37	1.59														
H3	Sample 87	2	1	9	71100	36.96	1.6														
H3	Sample 87	2	1	10	76080	36.96	1.59														
H3	Sample 87	2	1	11	81080	36.96	1.59														
H3	Sample 87	2	1	12	86090	37	1.6														
H3	Sample 87	2	1	13	91080	37	1.59														
H3	Sample 87	2	1	14	96090	37	1.6														
H3	Sample 87	2	1	15	101090	36.96	1.59														
H4	Sample 88	2	1	1	31090	36.96	1.63														
H4	Sample 88	2	1	2	36080	36.96	1.63														
H4	Sample 88	2	1	3	41080	36.96	1.62														
H4	Sample 88	2	1	4	46090	37	1.63														
H4	Sample 88	2	1	5	51080	36.96	1.63														
H4	Sample 88	2	1	6	56090	36.96	1.63														
H4	Sample 88	2	1	7	61080	37	1.63														
H4	Sample 88	2	1	8	66100	37	1.62														
H4	Sample 88	2	1	9	71100	36.96	1.64														
H4	Sample 88	2	1	10	76080	36.96	1.63														
H4	Sample 88	2	1	11	81080	36.96	1.63														
H4	Sample 88	2	1	12	86090	37	1.63														
H4	Sample 88	2	1	13	91080	37	1.63														
H4	Sample 88	2	1	14	96090	37	1.63														
H4	Sample 88	2	1	15	101090	36.96	1.62														
H5	Sample 89	2	1	1	31090	36.96	2.95														
H5	Sample 89	2	1	2	36080	36.96	2.95														
H5	Sample 89	2	1	3	41080	36.96	2.94														
H5	Sample 89	2	1	4	46090	37	2.95														
H5	Sample 89	2	1	5	51080	36.96	2.94														
H5	Sample 89	2	1	6	56090	36.96	2.96														
H5	Sample 89	2	1	7	61080	37	2.94														
H5	Sample 89	2	1	8	66100	37	2.94														
H5	Sample 89	2	1	9	71100	36.96	2.95														
H5	Sample 89	2	1	10	76080	36.96	2.94														
H5	Sample 89	2	1	11	81080	36.96	2.95														
H5	Sample 89	2	1	12	86090	37	2.95														
H5	Sample 89	2	1	13	91080	37	2.94														
H5	Sample 89	2	1	14	96090	37	2.94														
H5	Sample 89	2	1	15	101090	36.96	2.94														
H6	Sample 90	2	1	1	31090	36.96	2.91														
H6	Sample 90	2	1	2	36080	36.96	2.9														
H6	Sample 90	2	1	3	41080	36.96	2.9														
H6	Sample 90	2	1	4	46090	37	2.9														
H6	Sample 90	2	1	5	51080	36.96	2.9														
H6	Sample 90	2	1	6	56090	36.96	2.9														
H6	Sample 90	2	1	7	61080	37	2.91														
H6	Sample 90	2	1	8	66100	37	2.89														
H6	Sample 90	2	1	9	71100	36.96	2.89														
H6	Sample 90	2	1	10	76080	36.96	2.9														
H6	Sample 90	2	1	11	81080	36.96	2.9														
H6	Sample 90	2	1	12	86090	37	2.91														
H6	Sample 90	2	1	13	91080	37	2.9														
H6	Sample 90	2	1	14	96090	37	2.9														
H6	Sample 90	2	1	15	101090	36.96	2.88														
H7	Sample 91	2	1	1	31090	36.96	2.92														
H7	Sample 91	2	1	2	36080	36.96	2.91														
H7	Sample 91	2	1	3	41080	36.96	2.9														
H7	Sample 91	2	1	4	46090	37	2.9														
H7	Sample 91	2	1	5	51080	36.96	2.9														
H7	Sample 91	2	1	6	56090	36.96	2.91														
H7	Sample 91	2	1	7	61080	37	2.9														
H7	Sample 91	2	1	8	66100	37	2.9														
H7	Sample 91	2	1	9	71100	36.96	2.9														
H7	Sample 91	2	1	10	76080	36.96	2.91														
H7	Sample 91	2	1	11	81080	36.96	2.9														
H7	Sample 91	2	1	12	86090	37	2.9														
H7	Sample 91	2	1	13	91080	37	2.9														
H7	Sample 91	2	1	14	96090	37	2.9														
H7	Sample 91	2	1	15	101090	36.96	2.9														
H8	Sample 92	2	1	1	31090	36.96	2.91														
H8	Sample 92	2	1	2	36080	36.96	2.91														
H8	Sample 92	2	1	3	41080	36.96	2.9														
H8	Sample 92	2	1	4	46090	37	2.9														
H8	Sample 92	2	1	5	51080	36.96	2.9														
H8	Sample 92	2	1	6	56090	36.96	2.91														
H8	Sample 92	2	1	7	61080	37	2.9														
H8	Sample 92	2	1	8	66100	37	2.89														
H8	Sample 92	2	1	9	71100	36.96	2.9														
H8	Sample 92	2	1	10	76080	36.96	2.89														
H8	Sample 92	2	1	11	81080	36.96	2.9														
H8	Sample 92	2	1	12	86090	37	2.89														
H8	Sample 92	2	1	13	91080	37	2.89														
H8	Sample 92	2	1	14	96090	37	2.89														
H8	Sample 92	2	1	15	101090	36.96	2.88														
H9	Sample 93	2	1	1	31090	36.96	2.98														
H9	Sample 93	2	1	2	36080	36.96	2.97														
H9	Sample 93	2	1	3	41080	36.96	2.97														
H9	Sample 93	2	1	4	46090	37	2.97														
H9	Sample 93	2	1	5	51080	36.96	2.97														
H9	Sample 93	2	1	6	56090	36.96	2.96														
H9	Sample 93	2	1	7	61080	37	2.97														
H9	Sample 93	2	1	8	66100	37	2.96														
H9	Sample 93	2	1	9	71100	36.96	2.97														
H9	Sample 93	2	1	10	76080	36.96	2.97														
H9	Sample 93	2	1	11	81080	36.96	2.97														
H9	Sample 93	2	1	12	86090	37	2.97														
H9	Sample 93	2	1	13	91080	37	2.97														
H9	Sample 93	2	1	14	96090	37	2.97														
H9	Sample 93	2	1	15	101090	36.96	2.97														
H10	Sample 94	2	1	1	31090	36.96	2.86														
H10	Sample 94	2	1	2	36080	36.96	2.85														
H10	Sample 94	2	1	3	41080	36.96	2.85														
H10	Sample 94	2	1	4	46090	37	2.85														
H10	Sample 94	2	1	5	51080	36.96	2.85														
H10	Sample 94	2	1	6	56090	36.96	2.85														
H10	Sample 94	2	1	7	61080	37	2.86														
H10	Sample 94	2	1	8	66100	37	2.84														
H10	Sample 94	2	1	9	71100	36.96	2.85														
H10	Sample 94	2	1	10	76080	36.96	2.84														
H10	Sample 94	2	1	11	81080	36.96	2.84														
H10	Sample 94	2	1	12	86090	37	2.85														
H10	Sample 94	2	1	13	91080	37	2.84														
H10	Sample 94	2	1	14	96090	37	2.84														
H10	Sample 94	2	1	15	101090	36.96	2.83														
H11	Sample 95	2	1	1	31090	36.96	3.15														
H11	Sample 95	2	1	2	36080	36.96	3.15														
H11	Sample 95	2	1	3	41080	36.96	3.15														
H11	Sample 95	2	1	4	46090	37	3.13														
H11	Sample 95	2	1	5	51080	36.96	3.14														
H11	Sample 95	2	1	6	56090	36.96	3.14														
H11	Sample 95	2	1	7	61080	37	3.14														
H11	Sample 95	2	1	8	66100	37	3.13														
H11	Sample 95	2	1	9	71100	36.96	3.13														
H11	Sample 95	2	1	10	76080	36.96	3.14														
H11	Sample 95	2	1	11	81080	36.96	3.13														
H11	Sample 95	2	1	12	86090	37	3.13														
H11	Sample 95	2	1	13	91080	37	3.14														
H11	Sample 95	2	1	14	96090	37	3.14														
H11	Sample 95	2	1	15	101090	36.96	3.13														
H12	Sample 96	2	1	1	31090	36.96	2.81														
H12	Sample 96	2	1	2	36080	36.96	2.8														
H12	Sample 96	2	1	3	41080	36.96	2.79														
H12	Sample 96	2	1	4	46090	37	2.79														
H12	Sample 96	2	1	5	51080	36.96	2.8														
H12	Sample 96	2	1	6	56090	36.96	2.8														
H12	Sample 96	2	1	7	61080	37	2.8														
H12	Sample 96	2	1	8	66100	37	2.79														
H12	Sample 96	2	1	9	71100	36.96	2.8														
H12	Sample 96	2	1	10	76080	36.96	2.8														
H12	Sample 96	2	1	11	81080	36.96	2.8														
H12	Sample 96	2	1	12	86090	37	2.8														
H12	Sample 96	2	1	13	91080	37	2.79														
H12	Sample 96	2	1	14	96090	37	2.79														
H12	Sample 96	2	1	15	101090	36.96	2.79														
