Raw Data 		Experiment - evIC50_6_plate3_17APRIL2026 (Run on LCS480 1.5.1.62)
SamplePos	SampleName	Prog#	Seg#	Cycle#	Time	Temp	465-510	
A1	Sample 1	2	1	1	32650	36.91	1.18
A1	Sample 1	2	1	2	37610	36.96	1.18
A1	Sample 1	2	1	3	42620	36.96	1.18
A1	Sample 1	2	1	4	47620	36.96	1.18
A1	Sample 1	2	1	5	52610	37	1.18
A1	Sample 1	2	1	6	57600	37	1.18
A1	Sample 1	2	1	7	62610	36.96	1.18
A1	Sample 1	2	1	8	67620	36.96	1.18
A1	Sample 1	2	1	9	72620	36.96	1.18
A1	Sample 1	2	1	10	77610	37	1.17
A1	Sample 1	2	1	11	82610	36.96	1.18
A1	Sample 1	2	1	12	87610	37	1.18
A1	Sample 1	2	1	13	92610	37	1.18
A1	Sample 1	2	1	14	97610	37	1.18
A1	Sample 1	2	1	15	102610	36.96	1.18
A2	Sample 2	2	1	1	32650	36.91	1.18
A2	Sample 2	2	1	2	37610	36.96	1.19
A2	Sample 2	2	1	3	42620	36.96	1.20
A2	Sample 2	2	1	4	47620	36.96	1.18
A2	Sample 2	2	1	5	52610	37	1.19
A2	Sample 2	2	1	6	57600	37	1.19
A2	Sample 2	2	1	7	62610	36.96	1.19
A2	Sample 2	2	1	8	67620	36.96	1.18
A2	Sample 2	2	1	9	72620	36.96	1.18
A2	Sample 2	2	1	10	77610	37	1.18
A2	Sample 2	2	1	11	82610	36.96	1.19
A2	Sample 2	2	1	12	87610	37	1.19
A2	Sample 2	2	1	13	92610	37	1.18
A2	Sample 2	2	1	14	97610	37	1.19
A2	Sample 2	2	1	15	102610	36.96	1.18
A3	Sample 3	2	1	1	32650	36.91	1.34
A3	Sample 3	2	1	2	37610	36.96	1.33
A3	Sample 3	2	1	3	42620	36.96	1.33
A3	Sample 3	2	1	4	47620	36.96	1.33
A3	Sample 3	2	1	5	52610	37	1.33
A3	Sample 3	2	1	6	57600	37	1.33
A3	Sample 3	2	1	7	62610	36.96	1.33
A3	Sample 3	2	1	8	67620	36.96	1.33
A3	Sample 3	2	1	9	72620	36.96	1.33
A3	Sample 3	2	1	10	77610	37	1.32
A3	Sample 3	2	1	11	82610	36.96	1.32
A3	Sample 3	2	1	12	87610	37	1.32
A3	Sample 3	2	1	13	92610	37	1.32
A3	Sample 3	2	1	14	97610	37	1.32
A3	Sample 3	2	1	15	102610	36.96	1.32
A4	Sample 4	2	1	1	32650	36.91	1.25
A4	Sample 4	2	1	2	37610	36.96	1.24
A4	Sample 4	2	1	3	42620	36.96	1.25
A4	Sample 4	2	1	4	47620	36.96	1.24
A4	Sample 4	2	1	5	52610	37	1.24
A4	Sample 4	2	1	6	57600	37	1.24
A4	Sample 4	2	1	7	62610	36.96	1.24
A4	Sample 4	2	1	8	67620	36.96	1.24
A4	Sample 4	2	1	9	72620	36.96	1.24
A4	Sample 4	2	1	10	77610	37	1.24
A4	Sample 4	2	1	11	82610	36.96	1.23
A4	Sample 4	2	1	12	87610	37	1.24
A4	Sample 4	2	1	13	92610	37	1.24
A4	Sample 4	2	1	14	97610	37	1.24
A4	Sample 4	2	1	15	102610	36.96	1.24
A5	Sample 5	2	1	1	32650	36.91	0.98
A5	Sample 5	2	1	2	37610	36.96	0.98
A5	Sample 5	2	1	3	42620	36.96	0.98
A5	Sample 5	2	1	4	47620	36.96	0.98
A5	Sample 5	2	1	5	52610	37	0.98
A5	Sample 5	2	1	6	57600	37	0.98
A5	Sample 5	2	1	7	62610	36.96	0.98
A5	Sample 5	2	1	8	67620	36.96	0.97
A5	Sample 5	2	1	9	72620	36.96	0.98
A5	Sample 5	2	1	10	77610	37	0.98
A5	Sample 5	2	1	11	82610	36.96	0.98
A5	Sample 5	2	1	12	87610	37	0.98
A5	Sample 5	2	1	13	92610	37	0.98
A5	Sample 5	2	1	14	97610	37	0.98
A5	Sample 5	2	1	15	102610	36.96	0.98
A6	Sample 6	2	1	1	32650	36.91	0.98
A6	Sample 6	2	1	2	37610	36.96	0.98
A6	Sample 6	2	1	3	42620	36.96	0.98
A6	Sample 6	2	1	4	47620	36.96	0.97
A6	Sample 6	2	1	5	52610	37	0.98
A6	Sample 6	2	1	6	57600	37	0.98
A6	Sample 6	2	1	7	62610	36.96	0.98
A6	Sample 6	2	1	8	67620	36.96	0.97
A6	Sample 6	2	1	9	72620	36.96	0.98
A6	Sample 6	2	1	10	77610	37	0.97
A6	Sample 6	2	1	11	82610	36.96	0.97
A6	Sample 6	2	1	12	87610	37	0.98
A6	Sample 6	2	1	13	92610	37	0.97
A6	Sample 6	2	1	14	97610	37	0.98
A6	Sample 6	2	1	15	102610	36.96	0.97
A7	Sample 7	2	1	1	32650	36.91	1.00
A7	Sample 7	2	1	2	37610	36.96	0.99
A7	Sample 7	2	1	3	42620	36.96	1.00
A7	Sample 7	2	1	4	47620	36.96	0.99
A7	Sample 7	2	1	5	52610	37	1.00
A7	Sample 7	2	1	6	57600	37	0.99
A7	Sample 7	2	1	7	62610	36.96	1.00
A7	Sample 7	2	1	8	67620	36.96	0.98
A7	Sample 7	2	1	9	72620	36.96	0.99
A7	Sample 7	2	1	10	77610	37	0.99
A7	Sample 7	2	1	11	82610	36.96	0.99
A7	Sample 7	2	1	12	87610	37	0.99
A7	Sample 7	2	1	13	92610	37	0.99
A7	Sample 7	2	1	14	97610	37	1.00
A7	Sample 7	2	1	15	102610	36.96	0.99
A8	Sample 8	2	1	1	32650	36.91	1.04
A8	Sample 8	2	1	2	37610	36.96	1.04
A8	Sample 8	2	1	3	42620	36.96	1.04
A8	Sample 8	2	1	4	47620	36.96	1.03
A8	Sample 8	2	1	5	52610	37	1.04
A8	Sample 8	2	1	6	57600	37	1.04
A8	Sample 8	2	1	7	62610	36.96	1.05
A8	Sample 8	2	1	8	67620	36.96	1.03
A8	Sample 8	2	1	9	72620	36.96	1.03
A8	Sample 8	2	1	10	77610	37	1.04
A8	Sample 8	2	1	11	82610	36.96	1.03
A8	Sample 8	2	1	12	87610	37	1.04
A8	Sample 8	2	1	13	92610	37	1.04
A8	Sample 8	2	1	14	97610	37	1.04
A8	Sample 8	2	1	15	102610	36.96	1.04
A9	Sample 9	2	1	1	32650	36.91	0.93
A9	Sample 9	2	1	2	37610	36.96	0.93
A9	Sample 9	2	1	3	42620	36.96	0.92
A9	Sample 9	2	1	4	47620	36.96	0.91
A9	Sample 9	2	1	5	52610	37	0.92
A9	Sample 9	2	1	6	57600	37	0.92
A9	Sample 9	2	1	7	62610	36.96	0.92
A9	Sample 9	2	1	8	67620	36.96	0.91
A9	Sample 9	2	1	9	72620	36.96	0.92
A9	Sample 9	2	1	10	77610	37	0.92
A9	Sample 9	2	1	11	82610	36.96	0.91
A9	Sample 9	2	1	12	87610	37	0.92
A9	Sample 9	2	1	13	92610	37	0.92
A9	Sample 9	2	1	14	97610	37	0.92
A9	Sample 9	2	1	15	102610	36.96	0.92
A10	Sample 10	2	1	1	32650	36.91	0.98
A10	Sample 10	2	1	2	37610	36.96	0.98
A10	Sample 10	2	1	3	42620	36.96	0.98
A10	Sample 10	2	1	4	47620	36.96	0.98
A10	Sample 10	2	1	5	52610	37	0.98
A10	Sample 10	2	1	6	57600	37	0.98
A10	Sample 10	2	1	7	62610	36.96	0.98
A10	Sample 10	2	1	8	67620	36.96	0.97
A10	Sample 10	2	1	9	72620	36.96	0.98
A10	Sample 10	2	1	10	77610	37	0.97
A10	Sample 10	2	1	11	82610	36.96	0.97
A10	Sample 10	2	1	12	87610	37	0.98
A10	Sample 10	2	1	13	92610	37	0.97
A10	Sample 10	2	1	14	97610	37	0.98
A10	Sample 10	2	1	15	102610	36.96	0.97
A11	Sample 11	2	1	1	32650	36.91	0.98
A11	Sample 11	2	1	2	37610	36.96	0.98
A11	Sample 11	2	1	3	42620	36.96	0.99
A11	Sample 11	2	1	4	47620	36.96	0.98
A11	Sample 11	2	1	5	52610	37	0.98
A11	Sample 11	2	1	6	57600	37	0.98
A11	Sample 11	2	1	7	62610	36.96	0.99
A11	Sample 11	2	1	8	67620	36.96	0.98
A11	Sample 11	2	1	9	72620	36.96	0.98
A11	Sample 11	2	1	10	77610	37	0.98
A11	Sample 11	2	1	11	82610	36.96	0.98
A11	Sample 11	2	1	12	87610	37	0.98
A11	Sample 11	2	1	13	92610	37	0.98
A11	Sample 11	2	1	14	97610	37	0.98
A11	Sample 11	2	1	15	102610	36.96	0.98
A12	Sample 12	2	1	1	32650	36.91	0.92
A12	Sample 12	2	1	2	37610	36.96	0.92
A12	Sample 12	2	1	3	42620	36.96	0.92
A12	Sample 12	2	1	4	47620	36.96	0.91
A12	Sample 12	2	1	5	52610	37	0.92
A12	Sample 12	2	1	6	57600	37	0.92
A12	Sample 12	2	1	7	62610	36.96	0.92
A12	Sample 12	2	1	8	67620	36.96	0.92
A12	Sample 12	2	1	9	72620	36.96	0.92
A12	Sample 12	2	1	10	77610	37	0.92
A12	Sample 12	2	1	11	82610	36.96	0.92
A12	Sample 12	2	1	12	87610	37	0.92
A12	Sample 12	2	1	13	92610	37	0.93
A12	Sample 12	2	1	14	97610	37	0.92
A12	Sample 12	2	1	15	102610	36.96	0.92
B1	Sample 13	2	1	1	32650	36.91	1.08
B1	Sample 13	2	1	2	37610	36.96	1.09
B1	Sample 13	2	1	3	42620	36.96	1.09
B1	Sample 13	2	1	4	47620	36.96	1.08
B1	Sample 13	2	1	5	52610	37	1.08
B1	Sample 13	2	1	6	57600	37	1.09
B1	Sample 13	2	1	7	62610	36.96	1.08
B1	Sample 13	2	1	8	67620	36.96	1.08
B1	Sample 13	2	1	9	72620	36.96	1.08
B1	Sample 13	2	1	10	77610	37	1.08
B1	Sample 13	2	1	11	82610	36.96	1.08
B1	Sample 13	2	1	12	87610	37	1.09
B1	Sample 13	2	1	13	92610	37	1.08
B1	Sample 13	2	1	14	97610	37	1.08
B1	Sample 13	2	1	15	102610	36.96	1.08
B2	Sample 14	2	1	1	32650	36.91	1.14
B2	Sample 14	2	1	2	37610	36.96	1.15
B2	Sample 14	2	1	3	42620	36.96	1.14
B2	Sample 14	2	1	4	47620	36.96	1.13
B2	Sample 14	2	1	5	52610	37	1.13
B2	Sample 14	2	1	6	57600	37	1.14
B2	Sample 14	2	1	7	62610	36.96	1.12
B2	Sample 14	2	1	8	67620	36.96	1.12
B2	Sample 14	2	1	9	72620	36.96	1.12
B2	Sample 14	2	1	10	77610	37	1.12
B2	Sample 14	2	1	11	82610	36.96	1.11
B2	Sample 14	2	1	12	87610	37	1.12
B2	Sample 14	2	1	13	92610	37	1.13
B2	Sample 14	2	1	14	97610	37	1.12
B2	Sample 14	2	1	15	102610	36.96	1.12
B3	Sample 15	2	1	1	32650	36.91	1.27
B3	Sample 15	2	1	2	37610	36.96	1.27
B3	Sample 15	2	1	3	42620	36.96	1.26
B3	Sample 15	2	1	4	47620	36.96	1.23
B3	Sample 15	2	1	5	52610	37	1.23
B3	Sample 15	2	1	6	57600	37	1.24
B3	Sample 15	2	1	7	62610	36.96	1.23
B3	Sample 15	2	1	8	67620	36.96	1.23
B3	Sample 15	2	1	9	72620	36.96	1.23
B3	Sample 15	2	1	10	77610	37	1.23
B3	Sample 15	2	1	11	82610	36.96	1.23
B3	Sample 15	2	1	12	87610	37	1.22
B3	Sample 15	2	1	13	92610	37	1.23
B3	Sample 15	2	1	14	97610	37	1.23
B3	Sample 15	2	1	15	102610	36.96	1.23
B4	Sample 16	2	1	1	32650	36.91	1.23
B4	Sample 16	2	1	2	37610	36.96	1.23
B4	Sample 16	2	1	3	42620	36.96	1.23
B4	Sample 16	2	1	4	47620	36.96	1.23
B4	Sample 16	2	1	5	52610	37	1.22
B4	Sample 16	2	1	6	57600	37	1.23
B4	Sample 16	2	1	7	62610	36.96	1.21
B4	Sample 16	2	1	8	67620	36.96	1.22
B4	Sample 16	2	1	9	72620	36.96	1.22
B4	Sample 16	2	1	10	77610	37	1.23
B4	Sample 16	2	1	11	82610	36.96	1.22
B4	Sample 16	2	1	12	87610	37	1.22
B4	Sample 16	2	1	13	92610	37	1.22
B4	Sample 16	2	1	14	97610	37	1.22
B4	Sample 16	2	1	15	102610	36.96	1.22
B5	Sample 17	2	1	1	32650	36.91	0.92
B5	Sample 17	2	1	2	37610	36.96	0.93
B5	Sample 17	2	1	3	42620	36.96	0.92
B5	Sample 17	2	1	4	47620	36.96	0.92
B5	Sample 17	2	1	5	52610	37	0.92
B5	Sample 17	2	1	6	57600	37	0.93
B5	Sample 17	2	1	7	62610	36.96	0.91
B5	Sample 17	2	1	8	67620	36.96	0.92
B5	Sample 17	2	1	9	72620	36.96	0.92
B5	Sample 17	2	1	10	77610	37	0.93
B5	Sample 17	2	1	11	82610	36.96	0.92
B5	Sample 17	2	1	12	87610	37	0.92
B5	Sample 17	2	1	13	92610	37	0.92
B5	Sample 17	2	1	14	97610	37	0.93
B5	Sample 17	2	1	15	102610	36.96	0.92
B6	Sample 18	2	1	1	32650	36.91	0.91
B6	Sample 18	2	1	2	37610	36.96	0.91
B6	Sample 18	2	1	3	42620	36.96	0.90
B6	Sample 18	2	1	4	47620	36.96	0.89
B6	Sample 18	2	1	5	52610	37	0.89
B6	Sample 18	2	1	6	57600	37	0.90
B6	Sample 18	2	1	7	62610	36.96	0.89
B6	Sample 18	2	1	8	67620	36.96	0.90
B6	Sample 18	2	1	9	72620	36.96	0.90
B6	Sample 18	2	1	10	77610	37	0.91
B6	Sample 18	2	1	11	82610	36.96	0.90
B6	Sample 18	2	1	12	87610	37	0.89
B6	Sample 18	2	1	13	92610	37	0.90
B6	Sample 18	2	1	14	97610	37	0.91
B6	Sample 18	2	1	15	102610	36.96	0.91
B7	Sample 19	2	1	1	32650	36.91	0.97
B7	Sample 19	2	1	2	37610	36.96	0.97
B7	Sample 19	2	1	3	42620	36.96	0.97
B7	Sample 19	2	1	4	47620	36.96	0.96
B7	Sample 19	2	1	5	52610	37	0.97
B7	Sample 19	2	1	6	57600	37	0.97
B7	Sample 19	2	1	7	62610	36.96	0.96
B7	Sample 19	2	1	8	67620	36.96	0.96
B7	Sample 19	2	1	9	72620	36.96	0.97
B7	Sample 19	2	1	10	77610	37	0.96
B7	Sample 19	2	1	11	82610	36.96	0.96
B7	Sample 19	2	1	12	87610	37	0.96
B7	Sample 19	2	1	13	92610	37	0.96
B7	Sample 19	2	1	14	97610	37	0.98
B7	Sample 19	2	1	15	102610	36.96	0.97
B8	Sample 20	2	1	1	32650	36.91	0.95
B8	Sample 20	2	1	2	37610	36.96	0.95
B8	Sample 20	2	1	3	42620	36.96	0.94
B8	Sample 20	2	1	4	47620	36.96	0.93
B8	Sample 20	2	1	5	52610	37	0.94
B8	Sample 20	2	1	6	57600	37	0.94
B8	Sample 20	2	1	7	62610	36.96	0.94
B8	Sample 20	2	1	8	67620	36.96	0.93
B8	Sample 20	2	1	9	72620	36.96	0.93
B8	Sample 20	2	1	10	77610	37	0.94
B8	Sample 20	2	1	11	82610	36.96	0.93
B8	Sample 20	2	1	12	87610	37	0.94
B8	Sample 20	2	1	13	92610	37	0.93
B8	Sample 20	2	1	14	97610	37	0.93
B8	Sample 20	2	1	15	102610	36.96	0.94
B9	Sample 21	2	1	1	32650	36.91	0.94
B9	Sample 21	2	1	2	37610	36.96	0.95
B9	Sample 21	2	1	3	42620	36.96	0.94
B9	Sample 21	2	1	4	47620	36.96	0.93
B9	Sample 21	2	1	5	52610	37	0.94
B9	Sample 21	2	1	6	57600	37	0.94
B9	Sample 21	2	1	7	62610	36.96	0.93
B9	Sample 21	2	1	8	67620	36.96	0.94
B9	Sample 21	2	1	9	72620	36.96	0.93
B9	Sample 21	2	1	10	77610	37	0.94
B9	Sample 21	2	1	11	82610	36.96	0.93
B9	Sample 21	2	1	12	87610	37	0.94
B9	Sample 21	2	1	13	92610	37	0.93
B9	Sample 21	2	1	14	97610	37	0.94
B9	Sample 21	2	1	15	102610	36.96	0.93
B10	Sample 22	2	1	1	32650	36.91	1.03
B10	Sample 22	2	1	2	37610	36.96	1.03
B10	Sample 22	2	1	3	42620	36.96	1.02
B10	Sample 22	2	1	4	47620	36.96	1.02
B10	Sample 22	2	1	5	52610	37	1.02
B10	Sample 22	2	1	6	57600	37	1.02
B10	Sample 22	2	1	7	62610	36.96	1.01
B10	Sample 22	2	1	8	67620	36.96	1.01
B10	Sample 22	2	1	9	72620	36.96	1.01
B10	Sample 22	2	1	10	77610	37	1.02
B10	Sample 22	2	1	11	82610	36.96	1.02
B10	Sample 22	2	1	12	87610	37	1.01
B10	Sample 22	2	1	13	92610	37	1.01
B10	Sample 22	2	1	14	97610	37	1.02
B10	Sample 22	2	1	15	102610	36.96	1.02
B11	Sample 23	2	1	1	32650	36.91	1.02
B11	Sample 23	2	1	2	37610	36.96	1.03
B11	Sample 23	2	1	3	42620	36.96	1.02
B11	Sample 23	2	1	4	47620	36.96	1.02
B11	Sample 23	2	1	5	52610	37	1.01
B11	Sample 23	2	1	6	57600	37	1.02
B11	Sample 23	2	1	7	62610	36.96	1.01
B11	Sample 23	2	1	8	67620	36.96	1.02
B11	Sample 23	2	1	9	72620	36.96	1.02
B11	Sample 23	2	1	10	77610	37	1.02
B11	Sample 23	2	1	11	82610	36.96	1.01
B11	Sample 23	2	1	12	87610	37	1.01
B11	Sample 23	2	1	13	92610	37	1.01
B11	Sample 23	2	1	14	97610	37	1.02
B11	Sample 23	2	1	15	102610	36.96	1.02
B12	Sample 24	2	1	1	32650	36.91	0.92
B12	Sample 24	2	1	2	37610	36.96	0.93
B12	Sample 24	2	1	3	42620	36.96	0.92
B12	Sample 24	2	1	4	47620	36.96	0.92
B12	Sample 24	2	1	5	52610	37	0.92
B12	Sample 24	2	1	6	57600	37	0.92
B12	Sample 24	2	1	7	62610	36.96	0.91
B12	Sample 24	2	1	8	67620	36.96	0.91
B12	Sample 24	2	1	9	72620	36.96	0.92
B12	Sample 24	2	1	10	77610	37	0.92
B12	Sample 24	2	1	11	82610	36.96	0.92
B12	Sample 24	2	1	12	87610	37	0.91
B12	Sample 24	2	1	13	92610	37	0.91
B12	Sample 24	2	1	14	97610	37	0.92
B12	Sample 24	2	1	15	102610	36.96	0.92
C1	Sample 25	2	1	1	32650	36.91	1.10
C1	Sample 25	2	1	2	37610	36.96	1.09
C1	Sample 25	2	1	3	42620	36.96	1.08
C1	Sample 25	2	1	4	47620	36.96	1.09
C1	Sample 25	2	1	5	52610	37	1.09
C1	Sample 25	2	1	6	57600	37	1.09
C1	Sample 25	2	1	7	62610	36.96	1.09
C1	Sample 25	2	1	8	67620	36.96	1.08
C1	Sample 25	2	1	9	72620	36.96	1.08
C1	Sample 25	2	1	10	77610	37	1.09
C1	Sample 25	2	1	11	82610	36.96	1.09
C1	Sample 25	2	1	12	87610	37	1.08
C1	Sample 25	2	1	13	92610	37	1.08
C1	Sample 25	2	1	14	97610	37	1.09
C1	Sample 25	2	1	15	102610	36.96	1.07
C2	Sample 26	2	1	1	32650	36.91	1.15
C2	Sample 26	2	1	2	37610	36.96	1.14
C2	Sample 26	2	1	3	42620	36.96	1.14
C2	Sample 26	2	1	4	47620	36.96	1.13
C2	Sample 26	2	1	5	52610	37	1.14
C2	Sample 26	2	1	6	57600	37	1.14
C2	Sample 26	2	1	7	62610	36.96	1.13
C2	Sample 26	2	1	8	67620	36.96	1.13
C2	Sample 26	2	1	9	72620	36.96	1.14
C2	Sample 26	2	1	10	77610	37	1.14
C2	Sample 26	2	1	11	82610	36.96	1.13
C2	Sample 26	2	1	12	87610	37	1.13
C2	Sample 26	2	1	13	92610	37	1.13
C2	Sample 26	2	1	14	97610	37	1.14
C2	Sample 26	2	1	15	102610	36.96	1.13
C3	Sample 27	2	1	1	32650	36.91	1.25
C3	Sample 27	2	1	2	37610	36.96	1.24
C3	Sample 27	2	1	3	42620	36.96	1.23
C3	Sample 27	2	1	4	47620	36.96	1.23
C3	Sample 27	2	1	5	52610	37	1.23
C3	Sample 27	2	1	6	57600	37	1.23
C3	Sample 27	2	1	7	62610	36.96	1.23
C3	Sample 27	2	1	8	67620	36.96	1.23
C3	Sample 27	2	1	9	72620	36.96	1.23
C3	Sample 27	2	1	10	77610	37	1.23
C3	Sample 27	2	1	11	82610	36.96	1.23
C3	Sample 27	2	1	12	87610	37	1.22
C3	Sample 27	2	1	13	92610	37	1.22
C3	Sample 27	2	1	14	97610	37	1.22
C3	Sample 27	2	1	15	102610	36.96	1.22
C4	Sample 28	2	1	1	32650	36.91	1.22
C4	Sample 28	2	1	2	37610	36.96	1.21
C4	Sample 28	2	1	3	42620	36.96	1.21
C4	Sample 28	2	1	4	47620	36.96	1.21
C4	Sample 28	2	1	5	52610	37	1.21
C4	Sample 28	2	1	6	57600	37	1.21
C4	Sample 28	2	1	7	62610	36.96	1.21
C4	Sample 28	2	1	8	67620	36.96	1.20
C4	Sample 28	2	1	9	72620	36.96	1.21
C4	Sample 28	2	1	10	77610	37	1.21
C4	Sample 28	2	1	11	82610	36.96	1.21
C4	Sample 28	2	1	12	87610	37	1.20
C4	Sample 28	2	1	13	92610	37	1.20
C4	Sample 28	2	1	14	97610	37	1.20
C4	Sample 28	2	1	15	102610	36.96	1.20
C5	Sample 29	2	1	1	32650	36.91	0.90
C5	Sample 29	2	1	2	37610	36.96	0.90
C5	Sample 29	2	1	3	42620	36.96	0.90
C5	Sample 29	2	1	4	47620	36.96	0.89
C5	Sample 29	2	1	5	52610	37	0.89
C5	Sample 29	2	1	6	57600	37	0.89
C5	Sample 29	2	1	7	62610	36.96	0.89
C5	Sample 29	2	1	8	67620	36.96	0.89
C5	Sample 29	2	1	9	72620	36.96	0.88
C5	Sample 29	2	1	10	77610	37	0.89
C5	Sample 29	2	1	11	82610	36.96	0.90
C5	Sample 29	2	1	12	87610	37	0.89
C5	Sample 29	2	1	13	92610	37	0.89
C5	Sample 29	2	1	14	97610	37	0.89
C5	Sample 29	2	1	15	102610	36.96	0.89
C6	Sample 30	2	1	1	32650	36.91	0.94
C6	Sample 30	2	1	2	37610	36.96	0.93
C6	Sample 30	2	1	3	42620	36.96	0.93
C6	Sample 30	2	1	4	47620	36.96	0.93
C6	Sample 30	2	1	5	52610	37	0.94
C6	Sample 30	2	1	6	57600	37	0.93
C6	Sample 30	2	1	7	62610	36.96	0.93
C6	Sample 30	2	1	8	67620	36.96	0.93
C6	Sample 30	2	1	9	72620	36.96	0.93
C6	Sample 30	2	1	10	77610	37	0.92
C6	Sample 30	2	1	11	82610	36.96	0.92
C6	Sample 30	2	1	12	87610	37	0.92
C6	Sample 30	2	1	13	92610	37	0.92
C6	Sample 30	2	1	14	97610	37	0.93
C6	Sample 30	2	1	15	102610	36.96	0.92
C7	Sample 31	2	1	1	32650	36.91	1.01
C7	Sample 31	2	1	2	37610	36.96	1.00
C7	Sample 31	2	1	3	42620	36.96	0.99
C7	Sample 31	2	1	4	47620	36.96	0.99
C7	Sample 31	2	1	5	52610	37	1.00
C7	Sample 31	2	1	6	57600	37	1.00
C7	Sample 31	2	1	7	62610	36.96	0.99
C7	Sample 31	2	1	8	67620	36.96	0.99
C7	Sample 31	2	1	9	72620	36.96	0.99
C7	Sample 31	2	1	10	77610	37	0.99
C7	Sample 31	2	1	11	82610	36.96	0.99
C7	Sample 31	2	1	12	87610	37	0.99
C7	Sample 31	2	1	13	92610	37	0.98
C7	Sample 31	2	1	14	97610	37	1.00
C7	Sample 31	2	1	15	102610	36.96	0.99
C8	Sample 32	2	1	1	32650	36.91	0.96
C8	Sample 32	2	1	2	37610	36.96	0.95
C8	Sample 32	2	1	3	42620	36.96	0.95
C8	Sample 32	2	1	4	47620	36.96	0.95
C8	Sample 32	2	1	5	52610	37	0.95
C8	Sample 32	2	1	6	57600	37	0.95
C8	Sample 32	2	1	7	62610	36.96	0.95
C8	Sample 32	2	1	8	67620	36.96	0.95
C8	Sample 32	2	1	9	72620	36.96	0.95
C8	Sample 32	2	1	10	77610	37	0.95
C8	Sample 32	2	1	11	82610	36.96	0.95
C8	Sample 32	2	1	12	87610	37	0.95
C8	Sample 32	2	1	13	92610	37	0.95
C8	Sample 32	2	1	14	97610	37	0.96
C8	Sample 32	2	1	15	102610	36.96	0.95
C9	Sample 33	2	1	1	32650	36.91	0.96
C9	Sample 33	2	1	2	37610	36.96	0.95
C9	Sample 33	2	1	3	42620	36.96	0.95
C9	Sample 33	2	1	4	47620	36.96	0.95
C9	Sample 33	2	1	5	52610	37	0.95
C9	Sample 33	2	1	6	57600	37	0.95
C9	Sample 33	2	1	7	62610	36.96	0.94
C9	Sample 33	2	1	8	67620	36.96	0.94
C9	Sample 33	2	1	9	72620	36.96	0.94
C9	Sample 33	2	1	10	77610	37	0.95
C9	Sample 33	2	1	11	82610	36.96	0.95
C9	Sample 33	2	1	12	87610	37	0.94
C9	Sample 33	2	1	13	92610	37	0.94
C9	Sample 33	2	1	14	97610	37	0.94
C9	Sample 33	2	1	15	102610	36.96	0.94
C10	Sample 34	2	1	1	32650	36.91	0.96
C10	Sample 34	2	1	2	37610	36.96	0.95
C10	Sample 34	2	1	3	42620	36.96	0.94
C10	Sample 34	2	1	4	47620	36.96	0.95
C10	Sample 34	2	1	5	52610	37	0.95
C10	Sample 34	2	1	6	57600	37	0.94
C10	Sample 34	2	1	7	62610	36.96	0.94
C10	Sample 34	2	1	8	67620	36.96	0.93
C10	Sample 34	2	1	9	72620	36.96	0.94
C10	Sample 34	2	1	10	77610	37	0.94
C10	Sample 34	2	1	11	82610	36.96	0.94
C10	Sample 34	2	1	12	87610	37	0.94
C10	Sample 34	2	1	13	92610	37	0.93
C10	Sample 34	2	1	14	97610	37	0.94
C10	Sample 34	2	1	15	102610	36.96	0.94
C11	Sample 35	2	1	1	32650	36.91	0.94
C11	Sample 35	2	1	2	37610	36.96	0.94
C11	Sample 35	2	1	3	42620	36.96	0.93
C11	Sample 35	2	1	4	47620	36.96	0.93
C11	Sample 35	2	1	5	52610	37	0.93
C11	Sample 35	2	1	6	57600	37	0.94
C11	Sample 35	2	1	7	62610	36.96	0.93
C11	Sample 35	2	1	8	67620	36.96	0.93
C11	Sample 35	2	1	9	72620	36.96	0.93
C11	Sample 35	2	1	10	77610	37	0.93
C11	Sample 35	2	1	11	82610	36.96	0.93
C11	Sample 35	2	1	12	87610	37	0.93
C11	Sample 35	2	1	13	92610	37	0.92
C11	Sample 35	2	1	14	97610	37	0.93
C11	Sample 35	2	1	15	102610	36.96	0.92
C12	Sample 36	2	1	1	32650	36.91	0.91
C12	Sample 36	2	1	2	37610	36.96	0.90
C12	Sample 36	2	1	3	42620	36.96	0.90
C12	Sample 36	2	1	4	47620	36.96	0.90
C12	Sample 36	2	1	5	52610	37	0.90
C12	Sample 36	2	1	6	57600	37	0.90
C12	Sample 36	2	1	7	62610	36.96	0.90
C12	Sample 36	2	1	8	67620	36.96	0.89
C12	Sample 36	2	1	9	72620	36.96	0.89
C12	Sample 36	2	1	10	77610	37	0.89
C12	Sample 36	2	1	11	82610	36.96	0.90
C12	Sample 36	2	1	12	87610	37	0.89
C12	Sample 36	2	1	13	92610	37	0.88
C12	Sample 36	2	1	14	97610	37	0.89
C12	Sample 36	2	1	15	102610	36.96	0.89
D1	Sample 37	2	1	1	32650	36.91	1.10
D1	Sample 37	2	1	2	37610	36.96	1.11
D1	Sample 37	2	1	3	42620	36.96	1.10
D1	Sample 37	2	1	4	47620	36.96	1.10
D1	Sample 37	2	1	5	52610	37	1.10
D1	Sample 37	2	1	6	57600	37	1.11
D1	Sample 37	2	1	7	62610	36.96	1.10
D1	Sample 37	2	1	8	67620	36.96	1.09
D1	Sample 37	2	1	9	72620	36.96	1.09
D1	Sample 37	2	1	10	77610	37	1.10
D1	Sample 37	2	1	11	82610	36.96	1.10
D1	Sample 37	2	1	12	87610	37	1.10
D1	Sample 37	2	1	13	92610	37	1.09
D1	Sample 37	2	1	14	97610	37	1.10
D1	Sample 37	2	1	15	102610	36.96	1.09
D2	Sample 38	2	1	1	32650	36.91	1.11
D2	Sample 38	2	1	2	37610	36.96	1.12
D2	Sample 38	2	1	3	42620	36.96	1.11
D2	Sample 38	2	1	4	47620	36.96	1.11
D2	Sample 38	2	1	5	52610	37	1.11
D2	Sample 38	2	1	6	57600	37	1.11
D2	Sample 38	2	1	7	62610	36.96	1.11
D2	Sample 38	2	1	8	67620	36.96	1.10
D2	Sample 38	2	1	9	72620	36.96	1.10
D2	Sample 38	2	1	10	77610	37	1.11
D2	Sample 38	2	1	11	82610	36.96	1.11
D2	Sample 38	2	1	12	87610	37	1.11
D2	Sample 38	2	1	13	92610	37	1.10
D2	Sample 38	2	1	14	97610	37	1.10
D2	Sample 38	2	1	15	102610	36.96	1.10
D3	Sample 39	2	1	1	32650	36.91	1.16
D3	Sample 39	2	1	2	37610	36.96	1.16
D3	Sample 39	2	1	3	42620	36.96	1.15
D3	Sample 39	2	1	4	47620	36.96	1.14
D3	Sample 39	2	1	5	52610	37	1.14
D3	Sample 39	2	1	6	57600	37	1.13
D3	Sample 39	2	1	7	62610	36.96	1.13
D3	Sample 39	2	1	8	67620	36.96	1.12
D3	Sample 39	2	1	9	72620	36.96	1.12
D3	Sample 39	2	1	10	77610	37	1.13
D3	Sample 39	2	1	11	82610	36.96	1.13
D3	Sample 39	2	1	12	87610	37	1.13
D3	Sample 39	2	1	13	92610	37	1.13
D3	Sample 39	2	1	14	97610	37	1.13
D3	Sample 39	2	1	15	102610	36.96	1.12
D4	Sample 40	2	1	1	32650	36.91	1.17
D4	Sample 40	2	1	2	37610	36.96	1.17
D4	Sample 40	2	1	3	42620	36.96	1.16
D4	Sample 40	2	1	4	47620	36.96	1.15
D4	Sample 40	2	1	5	52610	37	1.15
D4	Sample 40	2	1	6	57600	37	1.15
D4	Sample 40	2	1	7	62610	36.96	1.14
D4	Sample 40	2	1	8	67620	36.96	1.14
D4	Sample 40	2	1	9	72620	36.96	1.15
D4	Sample 40	2	1	10	77610	37	1.15
D4	Sample 40	2	1	11	82610	36.96	1.14
D4	Sample 40	2	1	12	87610	37	1.14
D4	Sample 40	2	1	13	92610	37	1.14
D4	Sample 40	2	1	14	97610	37	1.13
D4	Sample 40	2	1	15	102610	36.96	1.14
D5	Sample 41	2	1	1	32650	36.91	0.88
D5	Sample 41	2	1	2	37610	36.96	0.88
D5	Sample 41	2	1	3	42620	36.96	0.87
D5	Sample 41	2	1	4	47620	36.96	0.88
D5	Sample 41	2	1	5	52610	37	0.87
D5	Sample 41	2	1	6	57600	37	0.88
D5	Sample 41	2	1	7	62610	36.96	0.88
D5	Sample 41	2	1	8	67620	36.96	0.86
D5	Sample 41	2	1	9	72620	36.96	0.87
D5	Sample 41	2	1	10	77610	37	0.87
D5	Sample 41	2	1	11	82610	36.96	0.87
D5	Sample 41	2	1	12	87610	37	0.87
D5	Sample 41	2	1	13	92610	37	0.87
D5	Sample 41	2	1	14	97610	37	0.87
D5	Sample 41	2	1	15	102610	36.96	0.87
D6	Sample 42	2	1	1	32650	36.91	0.90
D6	Sample 42	2	1	2	37610	36.96	0.91
D6	Sample 42	2	1	3	42620	36.96	0.91
D6	Sample 42	2	1	4	47620	36.96	0.90
D6	Sample 42	2	1	5	52610	37	0.90
D6	Sample 42	2	1	6	57600	37	0.90
D6	Sample 42	2	1	7	62610	36.96	0.90
D6	Sample 42	2	1	8	67620	36.96	0.90
D6	Sample 42	2	1	9	72620	36.96	0.90
D6	Sample 42	2	1	10	77610	37	0.90
D6	Sample 42	2	1	11	82610	36.96	0.90
D6	Sample 42	2	1	12	87610	37	0.90
D6	Sample 42	2	1	13	92610	37	0.90
D6	Sample 42	2	1	14	97610	37	0.89
D6	Sample 42	2	1	15	102610	36.96	0.89
D7	Sample 43	2	1	1	32650	36.91	1.00
D7	Sample 43	2	1	2	37610	36.96	1.00
D7	Sample 43	2	1	3	42620	36.96	0.99
D7	Sample 43	2	1	4	47620	36.96	0.99
D7	Sample 43	2	1	5	52610	37	0.99
D7	Sample 43	2	1	6	57600	37	0.99
D7	Sample 43	2	1	7	62610	36.96	0.99
D7	Sample 43	2	1	8	67620	36.96	0.99
D7	Sample 43	2	1	9	72620	36.96	0.99
D7	Sample 43	2	1	10	77610	37	0.99
D7	Sample 43	2	1	11	82610	36.96	0.99
D7	Sample 43	2	1	12	87610	37	0.99
D7	Sample 43	2	1	13	92610	37	0.98
D7	Sample 43	2	1	14	97610	37	0.98
D7	Sample 43	2	1	15	102610	36.96	0.98
D8	Sample 44	2	1	1	32650	36.91	0.94
D8	Sample 44	2	1	2	37610	36.96	0.95
D8	Sample 44	2	1	3	42620	36.96	0.94
D8	Sample 44	2	1	4	47620	36.96	0.94
D8	Sample 44	2	1	5	52610	37	0.94
D8	Sample 44	2	1	6	57600	37	0.95
D8	Sample 44	2	1	7	62610	36.96	0.93
D8	Sample 44	2	1	8	67620	36.96	0.93
D8	Sample 44	2	1	9	72620	36.96	0.93
D8	Sample 44	2	1	10	77610	37	0.94
D8	Sample 44	2	1	11	82610	36.96	0.94
D8	Sample 44	2	1	12	87610	37	0.94
D8	Sample 44	2	1	13	92610	37	0.93
D8	Sample 44	2	1	14	97610	37	0.93
D8	Sample 44	2	1	15	102610	36.96	0.93
D9	Sample 45	2	1	1	32650	36.91	0.93
D9	Sample 45	2	1	2	37610	36.96	0.93
D9	Sample 45	2	1	3	42620	36.96	0.93
D9	Sample 45	2	1	4	47620	36.96	0.93
D9	Sample 45	2	1	5	52610	37	0.93
D9	Sample 45	2	1	6	57600	37	0.93
D9	Sample 45	2	1	7	62610	36.96	0.93
D9	Sample 45	2	1	8	67620	36.96	0.92
D9	Sample 45	2	1	9	72620	36.96	0.92
D9	Sample 45	2	1	10	77610	37	0.92
D9	Sample 45	2	1	11	82610	36.96	0.92
D9	Sample 45	2	1	12	87610	37	0.92
D9	Sample 45	2	1	13	92610	37	0.92
D9	Sample 45	2	1	14	97610	37	0.91
D9	Sample 45	2	1	15	102610	36.96	0.91
D10	Sample 46	2	1	1	32650	36.91	0.97
D10	Sample 46	2	1	2	37610	36.96	0.98
D10	Sample 46	2	1	3	42620	36.96	0.97
D10	Sample 46	2	1	4	47620	36.96	0.97
D10	Sample 46	2	1	5	52610	37	0.97
D10	Sample 46	2	1	6	57600	37	0.97
D10	Sample 46	2	1	7	62610	36.96	0.96
D10	Sample 46	2	1	8	67620	36.96	0.96
D10	Sample 46	2	1	9	72620	36.96	0.96
D10	Sample 46	2	1	10	77610	37	0.97
D10	Sample 46	2	1	11	82610	36.96	0.97
D10	Sample 46	2	1	12	87610	37	0.96
D10	Sample 46	2	1	13	92610	37	0.96
D10	Sample 46	2	1	14	97610	37	0.96
D10	Sample 46	2	1	15	102610	36.96	0.95
D11	Sample 47	2	1	1	32650	36.91	0.85
D11	Sample 47	2	1	2	37610	36.96	0.86
D11	Sample 47	2	1	3	42620	36.96	0.85
D11	Sample 47	2	1	4	47620	36.96	0.85
D11	Sample 47	2	1	5	52610	37	0.85
D11	Sample 47	2	1	6	57600	37	0.84
D11	Sample 47	2	1	7	62610	36.96	0.84
D11	Sample 47	2	1	8	67620	36.96	0.82
D11	Sample 47	2	1	9	72620	36.96	0.83
D11	Sample 47	2	1	10	77610	37	0.83
D11	Sample 47	2	1	11	82610	36.96	0.84
D11	Sample 47	2	1	12	87610	37	0.83
D11	Sample 47	2	1	13	92610	37	0.83
D11	Sample 47	2	1	14	97610	37	0.83
D11	Sample 47	2	1	15	102610	36.96	0.83
D12	Sample 48	2	1	1	32650	36.91	0.87
D12	Sample 48	2	1	2	37610	36.96	0.87
D12	Sample 48	2	1	3	42620	36.96	0.87
D12	Sample 48	2	1	4	47620	36.96	0.87
D12	Sample 48	2	1	5	52610	37	0.87
D12	Sample 48	2	1	6	57600	37	0.87
D12	Sample 48	2	1	7	62610	36.96	0.87
D12	Sample 48	2	1	8	67620	36.96	0.86
D12	Sample 48	2	1	9	72620	36.96	0.86
D12	Sample 48	2	1	10	77610	37	0.87
D12	Sample 48	2	1	11	82610	36.96	0.87
D12	Sample 48	2	1	12	87610	37	0.86
D12	Sample 48	2	1	13	92610	37	0.86
D12	Sample 48	2	1	14	97610	37	0.86
D12	Sample 48	2	1	15	102610	36.96	0.86
E1	Sample 49	2	1	1	32650	36.91	1.14
E1	Sample 49	2	1	2	37610	36.96	1.14
E1	Sample 49	2	1	3	42620	36.96	1.13
E1	Sample 49	2	1	4	47620	36.96	1.14
E1	Sample 49	2	1	5	52610	37	1.14
E1	Sample 49	2	1	6	57600	37	1.14
E1	Sample 49	2	1	7	62610	36.96	1.14
E1	Sample 49	2	1	8	67620	36.96	1.13
E1	Sample 49	2	1	9	72620	36.96	1.13
E1	Sample 49	2	1	10	77610	37	1.13
E1	Sample 49	2	1	11	82610	36.96	1.13
E1	Sample 49	2	1	12	87610	37	1.13
E1	Sample 49	2	1	13	92610	37	1.13
E1	Sample 49	2	1	14	97610	37	1.14
E1	Sample 49	2	1	15	102610	36.96	1.14
E2	Sample 50	2	1	1	32650	36.91	1.25
E2	Sample 50	2	1	2	37610	36.96	1.24
E2	Sample 50	2	1	3	42620	36.96	1.25
E2	Sample 50	2	1	4	47620	36.96	1.25
E2	Sample 50	2	1	5	52610	37	1.26
E2	Sample 50	2	1	6	57600	37	1.25
E2	Sample 50	2	1	7	62610	36.96	1.24
E2	Sample 50	2	1	8	67620	36.96	1.24
E2	Sample 50	2	1	9	72620	36.96	1.24
E2	Sample 50	2	1	10	77610	37	1.25
E2	Sample 50	2	1	11	82610	36.96	1.24
E2	Sample 50	2	1	12	87610	37	1.24
E2	Sample 50	2	1	13	92610	37	1.23
E2	Sample 50	2	1	14	97610	37	1.24
E2	Sample 50	2	1	15	102610	36.96	1.24
E3	Sample 51	2	1	1	32650	36.91	1.21
E3	Sample 51	2	1	2	37610	36.96	1.20
E3	Sample 51	2	1	3	42620	36.96	1.20
E3	Sample 51	2	1	4	47620	36.96	1.19
E3	Sample 51	2	1	5	52610	37	1.19
E3	Sample 51	2	1	6	57600	37	1.19
E3	Sample 51	2	1	7	62610	36.96	1.18
E3	Sample 51	2	1	8	67620	36.96	1.18
E3	Sample 51	2	1	9	72620	36.96	1.18
E3	Sample 51	2	1	10	77610	37	1.18
E3	Sample 51	2	1	11	82610	36.96	1.17
E3	Sample 51	2	1	12	87610	37	1.17
E3	Sample 51	2	1	13	92610	37	1.18
E3	Sample 51	2	1	14	97610	37	1.18
E3	Sample 51	2	1	15	102610	36.96	1.17
E4	Sample 52	2	1	1	32650	36.91	1.28
E4	Sample 52	2	1	2	37610	36.96	1.27
E4	Sample 52	2	1	3	42620	36.96	1.26
E4	Sample 52	2	1	4	47620	36.96	1.25
E4	Sample 52	2	1	5	52610	37	1.25
E4	Sample 52	2	1	6	57600	37	1.25
E4	Sample 52	2	1	7	62610	36.96	1.25
E4	Sample 52	2	1	8	67620	36.96	1.24
E4	Sample 52	2	1	9	72620	36.96	1.25
E4	Sample 52	2	1	10	77610	37	1.24
E4	Sample 52	2	1	11	82610	36.96	1.24
E4	Sample 52	2	1	12	87610	37	1.24
E4	Sample 52	2	1	13	92610	37	1.25
E4	Sample 52	2	1	14	97610	37	1.24
E4	Sample 52	2	1	15	102610	36.96	1.24
E5	Sample 53	2	1	1	32650	36.91	0.93
E5	Sample 53	2	1	2	37610	36.96	0.93
E5	Sample 53	2	1	3	42620	36.96	0.93
E5	Sample 53	2	1	4	47620	36.96	0.93
E5	Sample 53	2	1	5	52610	37	0.93
E5	Sample 53	2	1	6	57600	37	0.92
E5	Sample 53	2	1	7	62610	36.96	0.92
E5	Sample 53	2	1	8	67620	36.96	0.92
E5	Sample 53	2	1	9	72620	36.96	0.92
E5	Sample 53	2	1	10	77610	37	0.92
E5	Sample 53	2	1	11	82610	36.96	0.92
E5	Sample 53	2	1	12	87610	37	0.91
E5	Sample 53	2	1	13	92610	37	0.92
E5	Sample 53	2	1	14	97610	37	0.93
E5	Sample 53	2	1	15	102610	36.96	0.92
E6	Sample 54	2	1	1	32650	36.91	0.90
E6	Sample 54	2	1	2	37610	36.96	0.91
E6	Sample 54	2	1	3	42620	36.96	0.91
E6	Sample 54	2	1	4	47620	36.96	0.91
E6	Sample 54	2	1	5	52610	37	0.91
E6	Sample 54	2	1	6	57600	37	0.91
E6	Sample 54	2	1	7	62610	36.96	0.91
E6	Sample 54	2	1	8	67620	36.96	0.90
E6	Sample 54	2	1	9	72620	36.96	0.90
E6	Sample 54	2	1	10	77610	37	0.91
E6	Sample 54	2	1	11	82610	36.96	0.91
E6	Sample 54	2	1	12	87610	37	0.91
E6	Sample 54	2	1	13	92610	37	0.91
E6	Sample 54	2	1	14	97610	37	0.91
E6	Sample 54	2	1	15	102610	36.96	0.91
E7	Sample 55	2	1	1	32650	36.91	1.14
E7	Sample 55	2	1	2	37610	36.96	1.13
E7	Sample 55	2	1	3	42620	36.96	1.14
E7	Sample 55	2	1	4	47620	36.96	1.14
E7	Sample 55	2	1	5	52610	37	1.13
E7	Sample 55	2	1	6	57600	37	1.13
E7	Sample 55	2	1	7	62610	36.96	1.13
E7	Sample 55	2	1	8	67620	36.96	1.13
E7	Sample 55	2	1	9	72620	36.96	1.13
E7	Sample 55	2	1	10	77610	37	1.14
E7	Sample 55	2	1	11	82610	36.96	1.13
E7	Sample 55	2	1	12	87610	37	1.13
E7	Sample 55	2	1	13	92610	37	1.13
E7	Sample 55	2	1	14	97610	37	1.13
E7	Sample 55	2	1	15	102610	36.96	1.13
E8	Sample 56	2	1	1	32650	36.91	1.08
E8	Sample 56	2	1	2	37610	36.96	1.08
E8	Sample 56	2	1	3	42620	36.96	1.08
E8	Sample 56	2	1	4	47620	36.96	1.08
E8	Sample 56	2	1	5	52610	37	1.08
E8	Sample 56	2	1	6	57600	37	1.08
E8	Sample 56	2	1	7	62610	36.96	1.07
E8	Sample 56	2	1	8	67620	36.96	1.07
E8	Sample 56	2	1	9	72620	36.96	1.07
E8	Sample 56	2	1	10	77610	37	1.07
E8	Sample 56	2	1	11	82610	36.96	1.07
E8	Sample 56	2	1	12	87610	37	1.06
E8	Sample 56	2	1	13	92610	37	1.07
E8	Sample 56	2	1	14	97610	37	1.06
E8	Sample 56	2	1	15	102610	36.96	1.06
E9	Sample 57	2	1	1	32650	36.91	0.92
E9	Sample 57	2	1	2	37610	36.96	0.92
E9	Sample 57	2	1	3	42620	36.96	0.92
E9	Sample 57	2	1	4	47620	36.96	0.91
E9	Sample 57	2	1	5	52610	37	0.92
E9	Sample 57	2	1	6	57600	37	0.91
E9	Sample 57	2	1	7	62610	36.96	0.91
E9	Sample 57	2	1	8	67620	36.96	0.90
E9	Sample 57	2	1	9	72620	36.96	0.91
E9	Sample 57	2	1	10	77610	37	0.91
E9	Sample 57	2	1	11	82610	36.96	0.91
E9	Sample 57	2	1	12	87610	37	0.91
E9	Sample 57	2	1	13	92610	37	0.91
E9	Sample 57	2	1	14	97610	37	0.91
E9	Sample 57	2	1	15	102610	36.96	0.90
E10	Sample 58	2	1	1	32650	36.91	0.93
E10	Sample 58	2	1	2	37610	36.96	0.93
E10	Sample 58	2	1	3	42620	36.96	0.93
E10	Sample 58	2	1	4	47620	36.96	0.92
E10	Sample 58	2	1	5	52610	37	0.93
E10	Sample 58	2	1	6	57600	37	0.92
E10	Sample 58	2	1	7	62610	36.96	0.92
E10	Sample 58	2	1	8	67620	36.96	0.92
E10	Sample 58	2	1	9	72620	36.96	0.92
E10	Sample 58	2	1	10	77610	37	0.92
E10	Sample 58	2	1	11	82610	36.96	0.92
E10	Sample 58	2	1	12	87610	37	0.91
E10	Sample 58	2	1	13	92610	37	0.93
E10	Sample 58	2	1	14	97610	37	0.92
E10	Sample 58	2	1	15	102610	36.96	0.92
E11	Sample 59	2	1	1	32650	36.91	0.91
E11	Sample 59	2	1	2	37610	36.96	0.91
E11	Sample 59	2	1	3	42620	36.96	0.90
E11	Sample 59	2	1	4	47620	36.96	0.91
E11	Sample 59	2	1	5	52610	37	0.90
E11	Sample 59	2	1	6	57600	37	0.90
E11	Sample 59	2	1	7	62610	36.96	0.90
E11	Sample 59	2	1	8	67620	36.96	0.90
E11	Sample 59	2	1	9	72620	36.96	0.90
E11	Sample 59	2	1	10	77610	37	0.90
E11	Sample 59	2	1	11	82610	36.96	0.90
E11	Sample 59	2	1	12	87610	37	0.90
E11	Sample 59	2	1	13	92610	37	0.90
E11	Sample 59	2	1	14	97610	37	0.90
E11	Sample 59	2	1	15	102610	36.96	0.90
E12	Sample 60	2	1	1	32650	36.91	0.88
E12	Sample 60	2	1	2	37610	36.96	0.88
E12	Sample 60	2	1	3	42620	36.96	0.88
E12	Sample 60	2	1	4	47620	36.96	0.88
E12	Sample 60	2	1	5	52610	37	0.87
E12	Sample 60	2	1	6	57600	37	0.86
E12	Sample 60	2	1	7	62610	36.96	0.87
E12	Sample 60	2	1	8	67620	36.96	0.87
E12	Sample 60	2	1	9	72620	36.96	0.87
E12	Sample 60	2	1	10	77610	37	0.86
E12	Sample 60	2	1	11	82610	36.96	0.86
E12	Sample 60	2	1	12	87610	37	0.86
E12	Sample 60	2	1	13	92610	37	0.87
E12	Sample 60	2	1	14	97610	37	0.87
E12	Sample 60	2	1	15	102610	36.96	0.87
F1	Sample 61	2	1	1	32650	36.91	1.22
F1	Sample 61	2	1	2	37610	36.96	1.22
F1	Sample 61	2	1	3	42620	36.96	1.22
F1	Sample 61	2	1	4	47620	36.96	1.22
F1	Sample 61	2	1	5	52610	37	1.22
F1	Sample 61	2	1	6	57600	37	1.22
F1	Sample 61	2	1	7	62610	36.96	1.22
F1	Sample 61	2	1	8	67620	36.96	1.22
F1	Sample 61	2	1	9	72620	36.96	1.22
F1	Sample 61	2	1	10	77610	37	1.22
F1	Sample 61	2	1	11	82610	36.96	1.21
F1	Sample 61	2	1	12	87610	37	1.22
F1	Sample 61	2	1	13	92610	37	1.21
F1	Sample 61	2	1	14	97610	37	1.22
F1	Sample 61	2	1	15	102610	36.96	1.22
F2	Sample 62	2	1	1	32650	36.91	1.49
F2	Sample 62	2	1	2	37610	36.96	1.49
F2	Sample 62	2	1	3	42620	36.96	1.48
F2	Sample 62	2	1	4	47620	36.96	1.48
F2	Sample 62	2	1	5	52610	37	1.49
F2	Sample 62	2	1	6	57600	37	1.49
F2	Sample 62	2	1	7	62610	36.96	1.48
F2	Sample 62	2	1	8	67620	36.96	1.48
F2	Sample 62	2	1	9	72620	36.96	1.48
F2	Sample 62	2	1	10	77610	37	1.49
F2	Sample 62	2	1	11	82610	36.96	1.47
F2	Sample 62	2	1	12	87610	37	1.48
F2	Sample 62	2	1	13	92610	37	1.48
F2	Sample 62	2	1	14	97610	37	1.48
F2	Sample 62	2	1	15	102610	36.96	1.48
F3	Sample 63	2	1	1	32650	36.91	1.57
F3	Sample 63	2	1	2	37610	36.96	1.57
F3	Sample 63	2	1	3	42620	36.96	1.54
F3	Sample 63	2	1	4	47620	36.96	1.54
F3	Sample 63	2	1	5	52610	37	1.53
F3	Sample 63	2	1	6	57600	37	1.54
F3	Sample 63	2	1	7	62610	36.96	1.53
F3	Sample 63	2	1	8	67620	36.96	1.52
F3	Sample 63	2	1	9	72620	36.96	1.53
F3	Sample 63	2	1	10	77610	37	1.53
F3	Sample 63	2	1	11	82610	36.96	1.52
F3	Sample 63	2	1	12	87610	37	1.53
F3	Sample 63	2	1	13	92610	37	1.52
F3	Sample 63	2	1	14	97610	37	1.52
F3	Sample 63	2	1	15	102610	36.96	1.53
F4	Sample 64	2	1	1	32650	36.91	1.59
F4	Sample 64	2	1	2	37610	36.96	1.59
F4	Sample 64	2	1	3	42620	36.96	1.58
F4	Sample 64	2	1	4	47620	36.96	1.58
F4	Sample 64	2	1	5	52610	37	1.57
F4	Sample 64	2	1	6	57600	37	1.58
F4	Sample 64	2	1	7	62610	36.96	1.57
F4	Sample 64	2	1	8	67620	36.96	1.57
F4	Sample 64	2	1	9	72620	36.96	1.57
F4	Sample 64	2	1	10	77610	37	1.57
F4	Sample 64	2	1	11	82610	36.96	1.56
F4	Sample 64	2	1	12	87610	37	1.56
F4	Sample 64	2	1	13	92610	37	1.56
F4	Sample 64	2	1	14	97610	37	1.57
F4	Sample 64	2	1	15	102610	36.96	1.57
F5	Sample 65	2	1	1	32650	36.91	0.99
F5	Sample 65	2	1	2	37610	36.96	0.99
F5	Sample 65	2	1	3	42620	36.96	0.98
F5	Sample 65	2	1	4	47620	36.96	0.98
F5	Sample 65	2	1	5	52610	37	0.98
F5	Sample 65	2	1	6	57600	37	0.99
F5	Sample 65	2	1	7	62610	36.96	0.98
F5	Sample 65	2	1	8	67620	36.96	0.97
F5	Sample 65	2	1	9	72620	36.96	0.98
F5	Sample 65	2	1	10	77610	37	0.98
F5	Sample 65	2	1	11	82610	36.96	0.98
F5	Sample 65	2	1	12	87610	37	0.98
F5	Sample 65	2	1	13	92610	37	0.98
F5	Sample 65	2	1	14	97610	37	0.97
F5	Sample 65	2	1	15	102610	36.96	0.98
F6	Sample 66	2	1	1	32650	36.91	0.92
F6	Sample 66	2	1	2	37610	36.96	0.92
F6	Sample 66	2	1	3	42620	36.96	0.92
F6	Sample 66	2	1	4	47620	36.96	0.91
F6	Sample 66	2	1	5	52610	37	0.92
F6	Sample 66	2	1	6	57600	37	0.92
F6	Sample 66	2	1	7	62610	36.96	0.91
F6	Sample 66	2	1	8	67620	36.96	0.92
F6	Sample 66	2	1	9	72620	36.96	0.92
F6	Sample 66	2	1	10	77610	37	0.92
F6	Sample 66	2	1	11	82610	36.96	0.92
F6	Sample 66	2	1	12	87610	37	0.92
F6	Sample 66	2	1	13	92610	37	0.92
F6	Sample 66	2	1	14	97610	37	0.92
F6	Sample 66	2	1	15	102610	36.96	0.92
F7	Sample 67	2	1	1	32650	36.91	1.28
F7	Sample 67	2	1	2	37610	36.96	1.28
F7	Sample 67	2	1	3	42620	36.96	1.28
F7	Sample 67	2	1	4	47620	36.96	1.27
F7	Sample 67	2	1	5	52610	37	1.27
F7	Sample 67	2	1	6	57600	37	1.28
F7	Sample 67	2	1	7	62610	36.96	1.28
F7	Sample 67	2	1	8	67620	36.96	1.27
F7	Sample 67	2	1	9	72620	36.96	1.27
F7	Sample 67	2	1	10	77610	37	1.27
F7	Sample 67	2	1	11	82610	36.96	1.27
F7	Sample 67	2	1	12	87610	37	1.27
F7	Sample 67	2	1	13	92610	37	1.26
F7	Sample 67	2	1	14	97610	37	1.27
F7	Sample 67	2	1	15	102610	36.96	1.27
F8	Sample 68	2	1	1	32650	36.91	1.25
F8	Sample 68	2	1	2	37610	36.96	1.25
F8	Sample 68	2	1	3	42620	36.96	1.25
F8	Sample 68	2	1	4	47620	36.96	1.24
F8	Sample 68	2	1	5	52610	37	1.24
F8	Sample 68	2	1	6	57600	37	1.25
F8	Sample 68	2	1	7	62610	36.96	1.24
F8	Sample 68	2	1	8	67620	36.96	1.23
F8	Sample 68	2	1	9	72620	36.96	1.24
F8	Sample 68	2	1	10	77610	37	1.24
F8	Sample 68	2	1	11	82610	36.96	1.24
F8	Sample 68	2	1	12	87610	37	1.24
F8	Sample 68	2	1	13	92610	37	1.24
F8	Sample 68	2	1	14	97610	37	1.25
F8	Sample 68	2	1	15	102610	36.96	1.24
F9	Sample 69	2	1	1	32650	36.91	1.05
F9	Sample 69	2	1	2	37610	36.96	1.05
F9	Sample 69	2	1	3	42620	36.96	1.05
F9	Sample 69	2	1	4	47620	36.96	1.05
F9	Sample 69	2	1	5	52610	37	1.04
F9	Sample 69	2	1	6	57600	37	1.05
F9	Sample 69	2	1	7	62610	36.96	1.04
F9	Sample 69	2	1	8	67620	36.96	1.04
F9	Sample 69	2	1	9	72620	36.96	1.05
F9	Sample 69	2	1	10	77610	37	1.05
F9	Sample 69	2	1	11	82610	36.96	1.04
F9	Sample 69	2	1	12	87610	37	1.05
F9	Sample 69	2	1	13	92610	37	1.04
F9	Sample 69	2	1	14	97610	37	1.04
F9	Sample 69	2	1	15	102610	36.96	1.04
F10	Sample 70	2	1	1	32650	36.91	1.03
F10	Sample 70	2	1	2	37610	36.96	1.04
F10	Sample 70	2	1	3	42620	36.96	1.03
F10	Sample 70	2	1	4	47620	36.96	1.02
F10	Sample 70	2	1	5	52610	37	1.02
F10	Sample 70	2	1	6	57600	37	1.04
F10	Sample 70	2	1	7	62610	36.96	1.02
F10	Sample 70	2	1	8	67620	36.96	1.02
F10	Sample 70	2	1	9	72620	36.96	1.02
F10	Sample 70	2	1	10	77610	37	1.02
F10	Sample 70	2	1	11	82610	36.96	1.02
F10	Sample 70	2	1	12	87610	37	1.02
F10	Sample 70	2	1	13	92610	37	1.01
F10	Sample 70	2	1	14	97610	37	1.01
F10	Sample 70	2	1	15	102610	36.96	1.02
F11	Sample 71	2	1	1	32650	36.91	1.26
F11	Sample 71	2	1	2	37610	36.96	1.26
F11	Sample 71	2	1	3	42620	36.96	1.26
F11	Sample 71	2	1	4	47620	36.96	1.26
F11	Sample 71	2	1	5	52610	37	1.25
F11	Sample 71	2	1	6	57600	37	1.26
F11	Sample 71	2	1	7	62610	36.96	1.25
F11	Sample 71	2	1	8	67620	36.96	1.25
F11	Sample 71	2	1	9	72620	36.96	1.26
F11	Sample 71	2	1	10	77610	37	1.25
F11	Sample 71	2	1	11	82610	36.96	1.25
F11	Sample 71	2	1	12	87610	37	1.26
F11	Sample 71	2	1	13	92610	37	1.25
F11	Sample 71	2	1	14	97610	37	1.25
F11	Sample 71	2	1	15	102610	36.96	1.25
F12	Sample 72	2	1	1	32650	36.91	1.18
F12	Sample 72	2	1	2	37610	36.96	1.19
F12	Sample 72	2	1	3	42620	36.96	1.18
F12	Sample 72	2	1	4	47620	36.96	1.18
F12	Sample 72	2	1	5	52610	37	1.18
F12	Sample 72	2	1	6	57600	37	1.19
F12	Sample 72	2	1	7	62610	36.96	1.18
F12	Sample 72	2	1	8	67620	36.96	1.18
F12	Sample 72	2	1	9	72620	36.96	1.18
F12	Sample 72	2	1	10	77610	37	1.18
F12	Sample 72	2	1	11	82610	36.96	1.17
F12	Sample 72	2	1	12	87610	37	1.18
F12	Sample 72	2	1	13	92610	37	1.17
F12	Sample 72	2	1	14	97610	37	1.18
F12	Sample 72	2	1	15	102610	36.96	1.18
G1	Sample 73	2	1	1	32650	36.91	1.43
G1	Sample 73	2	1	2	37610	36.96	1.43
G1	Sample 73	2	1	3	42620	36.96	1.43
G1	Sample 73	2	1	4	47620	36.96	1.42
G1	Sample 73	2	1	5	52610	37	1.44
G1	Sample 73	2	1	6	57600	37	1.43
G1	Sample 73	2	1	7	62610	36.96	1.43
G1	Sample 73	2	1	8	67620	36.96	1.43
G1	Sample 73	2	1	9	72620	36.96	1.42
G1	Sample 73	2	1	10	77610	37	1.43
G1	Sample 73	2	1	11	82610	36.96	1.43
G1	Sample 73	2	1	12	87610	37	1.43
G1	Sample 73	2	1	13	92610	37	1.43
G1	Sample 73	2	1	14	97610	37	1.42
G1	Sample 73	2	1	15	102610	36.96	1.43
G2	Sample 74	2	1	1	32650	36.91	1.56
G2	Sample 74	2	1	2	37610	36.96	1.56
G2	Sample 74	2	1	3	42620	36.96	1.56
G2	Sample 74	2	1	4	47620	36.96	1.55
G2	Sample 74	2	1	5	52610	37	1.56
G2	Sample 74	2	1	6	57600	37	1.56
G2	Sample 74	2	1	7	62610	36.96	1.56
G2	Sample 74	2	1	8	67620	36.96	1.55
G2	Sample 74	2	1	9	72620	36.96	1.56
G2	Sample 74	2	1	10	77610	37	1.56
G2	Sample 74	2	1	11	82610	36.96	1.55
G2	Sample 74	2	1	12	87610	37	1.55
G2	Sample 74	2	1	13	92610	37	1.56
G2	Sample 74	2	1	14	97610	37	1.56
G2	Sample 74	2	1	15	102610	36.96	1.56
G3	Sample 75	2	1	1	32650	36.91	1.67
G3	Sample 75	2	1	2	37610	36.96	1.67
G3	Sample 75	2	1	3	42620	36.96	1.66
G3	Sample 75	2	1	4	47620	36.96	1.65
G3	Sample 75	2	1	5	52610	37	1.65
G3	Sample 75	2	1	6	57600	37	1.65
G3	Sample 75	2	1	7	62610	36.96	1.65
G3	Sample 75	2	1	8	67620	36.96	1.64
G3	Sample 75	2	1	9	72620	36.96	1.64
G3	Sample 75	2	1	10	77610	37	1.65
G3	Sample 75	2	1	11	82610	36.96	1.66
G3	Sample 75	2	1	12	87610	37	1.65
G3	Sample 75	2	1	13	92610	37	1.65
G3	Sample 75	2	1	14	97610	37	1.66
G3	Sample 75	2	1	15	102610	36.96	1.65
G4	Sample 76	2	1	1	32650	36.91	1.67
G4	Sample 76	2	1	2	37610	36.96	1.67
G4	Sample 76	2	1	3	42620	36.96	1.66
G4	Sample 76	2	1	4	47620	36.96	1.65
G4	Sample 76	2	1	5	52610	37	1.66
G4	Sample 76	2	1	6	57600	37	1.66
G4	Sample 76	2	1	7	62610	36.96	1.64
G4	Sample 76	2	1	8	67620	36.96	1.64
G4	Sample 76	2	1	9	72620	36.96	1.65
G4	Sample 76	2	1	10	77610	37	1.65
G4	Sample 76	2	1	11	82610	36.96	1.65
G4	Sample 76	2	1	12	87610	37	1.65
G4	Sample 76	2	1	13	92610	37	1.65
G4	Sample 76	2	1	14	97610	37	1.65
G4	Sample 76	2	1	15	102610	36.96	1.65
G5	Sample 77	2	1	1	32650	36.91	1.14
G5	Sample 77	2	1	2	37610	36.96	1.13
G5	Sample 77	2	1	3	42620	36.96	1.14
G5	Sample 77	2	1	4	47620	36.96	1.13
G5	Sample 77	2	1	5	52610	37	1.14
G5	Sample 77	2	1	6	57600	37	1.13
G5	Sample 77	2	1	7	62610	36.96	1.13
G5	Sample 77	2	1	8	67620	36.96	1.13
G5	Sample 77	2	1	9	72620	36.96	1.13
G5	Sample 77	2	1	10	77610	37	1.13
G5	Sample 77	2	1	11	82610	36.96	1.13
G5	Sample 77	2	1	12	87610	37	1.12
G5	Sample 77	2	1	13	92610	37	1.12
G5	Sample 77	2	1	14	97610	37	1.12
G5	Sample 77	2	1	15	102610	36.96	1.13
G6	Sample 78	2	1	1	32650	36.91	1.10
G6	Sample 78	2	1	2	37610	36.96	1.10
G6	Sample 78	2	1	3	42620	36.96	1.10
G6	Sample 78	2	1	4	47620	36.96	1.09
G6	Sample 78	2	1	5	52610	37	1.09
G6	Sample 78	2	1	6	57600	37	1.09
G6	Sample 78	2	1	7	62610	36.96	1.09
G6	Sample 78	2	1	8	67620	36.96	1.08
G6	Sample 78	2	1	9	72620	36.96	1.09
G6	Sample 78	2	1	10	77610	37	1.09
G6	Sample 78	2	1	11	82610	36.96	1.09
G6	Sample 78	2	1	12	87610	37	1.09
G6	Sample 78	2	1	13	92610	37	1.09
G6	Sample 78	2	1	14	97610	37	1.09
G6	Sample 78	2	1	15	102610	36.96	1.09
G7	Sample 79	2	1	1	32650	36.91	1.39
G7	Sample 79	2	1	2	37610	36.96	1.39
G7	Sample 79	2	1	3	42620	36.96	1.38
G7	Sample 79	2	1	4	47620	36.96	1.39
G7	Sample 79	2	1	5	52610	37	1.39
G7	Sample 79	2	1	6	57600	37	1.39
G7	Sample 79	2	1	7	62610	36.96	1.39
G7	Sample 79	2	1	8	67620	36.96	1.38
G7	Sample 79	2	1	9	72620	36.96	1.39
G7	Sample 79	2	1	10	77610	37	1.39
G7	Sample 79	2	1	11	82610	36.96	1.39
G7	Sample 79	2	1	12	87610	37	1.38
G7	Sample 79	2	1	13	92610	37	1.38
G7	Sample 79	2	1	14	97610	37	1.39
G7	Sample 79	2	1	15	102610	36.96	1.38
G8	Sample 80	2	1	1	32650	36.91	1.37
G8	Sample 80	2	1	2	37610	36.96	1.36
G8	Sample 80	2	1	3	42620	36.96	1.37
G8	Sample 80	2	1	4	47620	36.96	1.37
G8	Sample 80	2	1	5	52610	37	1.36
G8	Sample 80	2	1	6	57600	37	1.36
G8	Sample 80	2	1	7	62610	36.96	1.36
G8	Sample 80	2	1	8	67620	36.96	1.36
G8	Sample 80	2	1	9	72620	36.96	1.36
G8	Sample 80	2	1	10	77610	37	1.36
G8	Sample 80	2	1	11	82610	36.96	1.36
G8	Sample 80	2	1	12	87610	37	1.36
G8	Sample 80	2	1	13	92610	37	1.36
G8	Sample 80	2	1	14	97610	37	1.36
G8	Sample 80	2	1	15	102610	36.96	1.37
G9	Sample 81	2	1	1	32650	36.91	1.16
G9	Sample 81	2	1	2	37610	36.96	1.16
G9	Sample 81	2	1	3	42620	36.96	1.16
G9	Sample 81	2	1	4	47620	36.96	1.15
G9	Sample 81	2	1	5	52610	37	1.16
G9	Sample 81	2	1	6	57600	37	1.16
G9	Sample 81	2	1	7	62610	36.96	1.15
G9	Sample 81	2	1	8	67620	36.96	1.15
G9	Sample 81	2	1	9	72620	36.96	1.14
G9	Sample 81	2	1	10	77610	37	1.15
G9	Sample 81	2	1	11	82610	36.96	1.15
G9	Sample 81	2	1	12	87610	37	1.15
G9	Sample 81	2	1	13	92610	37	1.15
G9	Sample 81	2	1	14	97610	37	1.14
G9	Sample 81	2	1	15	102610	36.96	1.14
G10	Sample 82	2	1	1	32650	36.91	1.22
G10	Sample 82	2	1	2	37610	36.96	1.21
G10	Sample 82	2	1	3	42620	36.96	1.22
G10	Sample 82	2	1	4	47620	36.96	1.21
G10	Sample 82	2	1	5	52610	37	1.22
G10	Sample 82	2	1	6	57600	37	1.21
G10	Sample 82	2	1	7	62610	36.96	1.21
G10	Sample 82	2	1	8	67620	36.96	1.21
G10	Sample 82	2	1	9	72620	36.96	1.20
G10	Sample 82	2	1	10	77610	37	1.21
G10	Sample 82	2	1	11	82610	36.96	1.21
G10	Sample 82	2	1	12	87610	37	1.21
G10	Sample 82	2	1	13	92610	37	1.21
G10	Sample 82	2	1	14	97610	37	1.20
G10	Sample 82	2	1	15	102610	36.96	1.21
G11	Sample 83	2	1	1	32650	36.91	1.34
G11	Sample 83	2	1	2	37610	36.96	1.34
G11	Sample 83	2	1	3	42620	36.96	1.33
G11	Sample 83	2	1	4	47620	36.96	1.33
G11	Sample 83	2	1	5	52610	37	1.33
G11	Sample 83	2	1	6	57600	37	1.33
G11	Sample 83	2	1	7	62610	36.96	1.33
G11	Sample 83	2	1	8	67620	36.96	1.33
G11	Sample 83	2	1	9	72620	36.96	1.33
G11	Sample 83	2	1	10	77610	37	1.34
G11	Sample 83	2	1	11	82610	36.96	1.33
G11	Sample 83	2	1	12	87610	37	1.33
G11	Sample 83	2	1	13	92610	37	1.33
G11	Sample 83	2	1	14	97610	37	1.34
G11	Sample 83	2	1	15	102610	36.96	1.34
G12	Sample 84	2	1	1	32650	36.91	1.27
G12	Sample 84	2	1	2	37610	36.96	1.27
G12	Sample 84	2	1	3	42620	36.96	1.27
G12	Sample 84	2	1	4	47620	36.96	1.26
G12	Sample 84	2	1	5	52610	37	1.26
G12	Sample 84	2	1	6	57600	37	1.26
G12	Sample 84	2	1	7	62610	36.96	1.26
G12	Sample 84	2	1	8	67620	36.96	1.26
G12	Sample 84	2	1	9	72620	36.96	1.27
G12	Sample 84	2	1	10	77610	37	1.26
G12	Sample 84	2	1	11	82610	36.96	1.25
G12	Sample 84	2	1	12	87610	37	1.25
G12	Sample 84	2	1	13	92610	37	1.25
G12	Sample 84	2	1	14	97610	37	1.26
G12	Sample 84	2	1	15	102610	36.96	1.26
H1	Sample 85	2	1	1	32650	36.91	1.58
H1	Sample 85	2	1	2	37610	36.96	1.58
H1	Sample 85	2	1	3	42620	36.96	1.58
H1	Sample 85	2	1	4	47620	36.96	1.57
H1	Sample 85	2	1	5	52610	37	1.58
H1	Sample 85	2	1	6	57600	37	1.58
H1	Sample 85	2	1	7	62610	36.96	1.58
H1	Sample 85	2	1	8	67620	36.96	1.58
H1	Sample 85	2	1	9	72620	36.96	1.58
H1	Sample 85	2	1	10	77610	37	1.58
H1	Sample 85	2	1	11	82610	36.96	1.58
H1	Sample 85	2	1	12	87610	37	1.58
H1	Sample 85	2	1	13	92610	37	1.58
H1	Sample 85	2	1	14	97610	37	1.59
H1	Sample 85	2	1	15	102610	36.96	1.59
H2	Sample 86	2	1	1	32650	36.91	1.53
H2	Sample 86	2	1	2	37610	36.96	1.52
H2	Sample 86	2	1	3	42620	36.96	1.53
H2	Sample 86	2	1	4	47620	36.96	1.52
H2	Sample 86	2	1	5	52610	37	1.52
H2	Sample 86	2	1	6	57600	37	1.52
H2	Sample 86	2	1	7	62610	36.96	1.52
H2	Sample 86	2	1	8	67620	36.96	1.52
H2	Sample 86	2	1	9	72620	36.96	1.52
H2	Sample 86	2	1	10	77610	37	1.52
H2	Sample 86	2	1	11	82610	36.96	1.52
H2	Sample 86	2	1	12	87610	37	1.53
H2	Sample 86	2	1	13	92610	37	1.53
H2	Sample 86	2	1	14	97610	37	1.52
H2	Sample 86	2	1	15	102610	36.96	1.52
H3	Sample 87	2	1	1	32650	36.91	1.59
H3	Sample 87	2	1	2	37610	36.96	1.59
H3	Sample 87	2	1	3	42620	36.96	1.59
H3	Sample 87	2	1	4	47620	36.96	1.58
H3	Sample 87	2	1	5	52610	37	1.58
H3	Sample 87	2	1	6	57600	37	1.58
H3	Sample 87	2	1	7	62610	36.96	1.58
H3	Sample 87	2	1	8	67620	36.96	1.58
H3	Sample 87	2	1	9	72620	36.96	1.59
H3	Sample 87	2	1	10	77610	37	1.58
H3	Sample 87	2	1	11	82610	36.96	1.58
H3	Sample 87	2	1	12	87610	37	1.58
H3	Sample 87	2	1	13	92610	37	1.58
H3	Sample 87	2	1	14	97610	37	1.58
H3	Sample 87	2	1	15	102610	36.96	1.58
H4	Sample 88	2	1	1	32650	36.91	1.67
H4	Sample 88	2	1	2	37610	36.96	1.67
H4	Sample 88	2	1	3	42620	36.96	1.67
H4	Sample 88	2	1	4	47620	36.96	1.65
H4	Sample 88	2	1	5	52610	37	1.66
H4	Sample 88	2	1	6	57600	37	1.66
H4	Sample 88	2	1	7	62610	36.96	1.66
H4	Sample 88	2	1	8	67620	36.96	1.65
H4	Sample 88	2	1	9	72620	36.96	1.66
H4	Sample 88	2	1	10	77610	37	1.66
H4	Sample 88	2	1	11	82610	36.96	1.65
H4	Sample 88	2	1	12	87610	37	1.66
H4	Sample 88	2	1	13	92610	37	1.65
H4	Sample 88	2	1	14	97610	37	1.66
H4	Sample 88	2	1	15	102610	36.96	1.66
H5	Sample 89	2	1	1	32650	36.91	1.60
H5	Sample 89	2	1	2	37610	36.96	1.59
H5	Sample 89	2	1	3	42620	36.96	1.59
H5	Sample 89	2	1	4	47620	36.96	1.58
H5	Sample 89	2	1	5	52610	37	1.58
H5	Sample 89	2	1	6	57600	37	1.58
H5	Sample 89	2	1	7	62610	36.96	1.59
H5	Sample 89	2	1	8	67620	36.96	1.58
H5	Sample 89	2	1	9	72620	36.96	1.59
H5	Sample 89	2	1	10	77610	37	1.59
H5	Sample 89	2	1	11	82610	36.96	1.59
H5	Sample 89	2	1	12	87610	37	1.59
H5	Sample 89	2	1	13	92610	37	1.59
H5	Sample 89	2	1	14	97610	37	1.58
H5	Sample 89	2	1	15	102610	36.96	1.59
H6	Sample 90	2	1	1	32650	36.91	1.58
H6	Sample 90	2	1	2	37610	36.96	1.57
H6	Sample 90	2	1	3	42620	36.96	1.58
H6	Sample 90	2	1	4	47620	36.96	1.58
H6	Sample 90	2	1	5	52610	37	1.57
H6	Sample 90	2	1	6	57600	37	1.57
H6	Sample 90	2	1	7	62610	36.96	1.58
H6	Sample 90	2	1	8	67620	36.96	1.57
H6	Sample 90	2	1	9	72620	36.96	1.58
H6	Sample 90	2	1	10	77610	37	1.57
H6	Sample 90	2	1	11	82610	36.96	1.58
H6	Sample 90	2	1	12	87610	37	1.58
H6	Sample 90	2	1	13	92610	37	1.58
H6	Sample 90	2	1	14	97610	37	1.58
H6	Sample 90	2	1	15	102610	36.96	1.59
H7	Sample 91	2	1	1	32650	36.91	1.64
H7	Sample 91	2	1	2	37610	36.96	1.64
H7	Sample 91	2	1	3	42620	36.96	1.65
H7	Sample 91	2	1	4	47620	36.96	1.64
H7	Sample 91	2	1	5	52610	37	1.64
H7	Sample 91	2	1	6	57600	37	1.64
H7	Sample 91	2	1	7	62610	36.96	1.64
H7	Sample 91	2	1	8	67620	36.96	1.65
H7	Sample 91	2	1	9	72620	36.96	1.64
H7	Sample 91	2	1	10	77610	37	1.65
H7	Sample 91	2	1	11	82610	36.96	1.65
H7	Sample 91	2	1	12	87610	37	1.64
H7	Sample 91	2	1	13	92610	37	1.65
H7	Sample 91	2	1	14	97610	37	1.66
H7	Sample 91	2	1	15	102610	36.96	1.65
H8	Sample 92	2	1	1	32650	36.91	1.51
H8	Sample 92	2	1	2	37610	36.96	1.51
H8	Sample 92	2	1	3	42620	36.96	1.51
H8	Sample 92	2	1	4	47620	36.96	1.50
H8	Sample 92	2	1	5	52610	37	1.50
H8	Sample 92	2	1	6	57600	37	1.50
H8	Sample 92	2	1	7	62610	36.96	1.51
H8	Sample 92	2	1	8	67620	36.96	1.51
H8	Sample 92	2	1	9	72620	36.96	1.51
H8	Sample 92	2	1	10	77610	37	1.51
H8	Sample 92	2	1	11	82610	36.96	1.51
H8	Sample 92	2	1	12	87610	37	1.52
H8	Sample 92	2	1	13	92610	37	1.51
H8	Sample 92	2	1	14	97610	37	1.52
H8	Sample 92	2	1	15	102610	36.96	1.52
H9	Sample 93	2	1	1	32650	36.91	1.35
H9	Sample 93	2	1	2	37610	36.96	1.35
H9	Sample 93	2	1	3	42620	36.96	1.35
H9	Sample 93	2	1	4	47620	36.96	1.34
H9	Sample 93	2	1	5	52610	37	1.35
H9	Sample 93	2	1	6	57600	37	1.35
H9	Sample 93	2	1	7	62610	36.96	1.35
H9	Sample 93	2	1	8	67620	36.96	1.34
H9	Sample 93	2	1	9	72620	36.96	1.35
H9	Sample 93	2	1	10	77610	37	1.35
H9	Sample 93	2	1	11	82610	36.96	1.34
H9	Sample 93	2	1	12	87610	37	1.34
H9	Sample 93	2	1	13	92610	37	1.34
H9	Sample 93	2	1	14	97610	37	1.35
H9	Sample 93	2	1	15	102610	36.96	1.35
H10	Sample 94	2	1	1	32650	36.91	1.34
H10	Sample 94	2	1	2	37610	36.96	1.33
H10	Sample 94	2	1	3	42620	36.96	1.33
H10	Sample 94	2	1	4	47620	36.96	1.33
H10	Sample 94	2	1	5	52610	37	1.33
H10	Sample 94	2	1	6	57600	37	1.33
H10	Sample 94	2	1	7	62610	36.96	1.33
H10	Sample 94	2	1	8	67620	36.96	1.33
H10	Sample 94	2	1	9	72620	36.96	1.33
H10	Sample 94	2	1	10	77610	37	1.33
H10	Sample 94	2	1	11	82610	36.96	1.32
H10	Sample 94	2	1	12	87610	37	1.33
H10	Sample 94	2	1	13	92610	37	1.32
H10	Sample 94	2	1	14	97610	37	1.32
H10	Sample 94	2	1	15	102610	36.96	1.33
H11	Sample 95	2	1	1	32650	36.91	1.25
H11	Sample 95	2	1	2	37610	36.96	1.24
H11	Sample 95	2	1	3	42620	36.96	1.24
H11	Sample 95	2	1	4	47620	36.96	1.23
H11	Sample 95	2	1	5	52610	37	1.23
H11	Sample 95	2	1	6	57600	37	1.24
H11	Sample 95	2	1	7	62610	36.96	1.23
H11	Sample 95	2	1	8	67620	36.96	1.23
H11	Sample 95	2	1	9	72620	36.96	1.23
H11	Sample 95	2	1	10	77610	37	1.23
H11	Sample 95	2	1	11	82610	36.96	1.23
H11	Sample 95	2	1	12	87610	37	1.23
H11	Sample 95	2	1	13	92610	37	1.23
H11	Sample 95	2	1	14	97610	37	1.23
H11	Sample 95	2	1	15	102610	36.96	1.23
H12	Sample 96	2	1	1	32650	36.91	1.20
H12	Sample 96	2	1	2	37610	36.96	1.19
H12	Sample 96	2	1	3	42620	36.96	1.19
H12	Sample 96	2	1	4	47620	36.96	1.19
H12	Sample 96	2	1	5	52610	37	1.19
H12	Sample 96	2	1	6	57600	37	1.19
H12	Sample 96	2	1	7	62610	36.96	1.20
H12	Sample 96	2	1	8	67620	36.96	1.19
H12	Sample 96	2	1	9	72620	36.96	1.19
H12	Sample 96	2	1	10	77610	37	1.19
H12	Sample 96	2	1	11	82610	36.96	1.19
H12	Sample 96	2	1	12	87610	37	1.19
H12	Sample 96	2	1	13	92610	37	1.19
H12	Sample 96	2	1	14	97610	37	1.19
H12	Sample 96	2	1	15	102610	36.96	1.19
