Raw Data 		Experiment - evIC50_4_plate3_13APRIL2026 (Run on LCS480 1.5.1.62)
SamplePos	SampleName	Prog#	Seg#	Cycle#	Time	Temp	465-510	
A1	Sample 1	2	1	1	30750	36.96	1.27
A1	Sample 1	2	1	2	35620	36.96	1.26
A1	Sample 1	2	1	3	40530	36.96	1.25
A1	Sample 1	2	1	4	45420	36.96	1.26
A1	Sample 1	2	1	5	50300	36.96	1.27
A1	Sample 1	2	1	6	55210	37	1.27
A1	Sample 1	2	1	7	60120	37	1.26
A1	Sample 1	2	1	8	65020	37	1.26
A1	Sample 1	2	1	9	69910	36.96	1.26
A1	Sample 1	2	1	10	74820	37	1.26
A1	Sample 1	2	1	11	79720	37	1.26
A1	Sample 1	2	1	12	84610	37	1.26
A1	Sample 1	2	1	13	89510	36.96	1.27
A1	Sample 1	2	1	14	94410	37	1.26
A1	Sample 1	2	1	15	99310	36.96	1.27
A2	Sample 2	2	1	1	30750	36.96	1.25
A2	Sample 2	2	1	2	35620	36.96	1.25
A2	Sample 2	2	1	3	40530	36.96	1.24
A2	Sample 2	2	1	4	45420	36.96	1.25
A2	Sample 2	2	1	5	50300	36.96	1.25
A2	Sample 2	2	1	6	55210	37	1.24
A2	Sample 2	2	1	7	60120	37	1.24
A2	Sample 2	2	1	8	65020	37	1.24
A2	Sample 2	2	1	9	69910	36.96	1.24
A2	Sample 2	2	1	10	74820	37	1.24
A2	Sample 2	2	1	11	79720	37	1.24
A2	Sample 2	2	1	12	84610	37	1.24
A2	Sample 2	2	1	13	89510	36.96	1.24
A2	Sample 2	2	1	14	94410	37	1.24
A2	Sample 2	2	1	15	99310	36.96	1.24
A3	Sample 3	2	1	1	30750	36.96	1.41
A3	Sample 3	2	1	2	35620	36.96	1.53
A3	Sample 3	2	1	3	40530	36.96	1.45
A3	Sample 3	2	1	4	45420	36.96	1.44
A3	Sample 3	2	1	5	50300	36.96	1.44
A3	Sample 3	2	1	6	55210	37	1.44
A3	Sample 3	2	1	7	60120	37	1.45
A3	Sample 3	2	1	8	65020	37	1.43
A3	Sample 3	2	1	9	69910	36.96	1.43
A3	Sample 3	2	1	10	74820	37	1.45
A3	Sample 3	2	1	11	79720	37	1.43
A3	Sample 3	2	1	12	84610	37	1.43
A3	Sample 3	2	1	13	89510	36.96	1.44
A3	Sample 3	2	1	14	94410	37	1.44
A3	Sample 3	2	1	15	99310	36.96	1.44
A4	Sample 4	2	1	1	30750	36.96	1.45
A4	Sample 4	2	1	2	35620	36.96	1.45
A4	Sample 4	2	1	3	40530	36.96	1.45
A4	Sample 4	2	1	4	45420	36.96	1.44
A4	Sample 4	2	1	5	50300	36.96	1.45
A4	Sample 4	2	1	6	55210	37	1.45
A4	Sample 4	2	1	7	60120	37	1.45
A4	Sample 4	2	1	8	65020	37	1.44
A4	Sample 4	2	1	9	69910	36.96	1.44
A4	Sample 4	2	1	10	74820	37	1.44
A4	Sample 4	2	1	11	79720	37	1.45
A4	Sample 4	2	1	12	84610	37	1.44
A4	Sample 4	2	1	13	89510	36.96	1.44
A4	Sample 4	2	1	14	94410	37	1.44
A4	Sample 4	2	1	15	99310	36.96	1.45
A5	Sample 5	2	1	1	30750	36.96	1.30
A5	Sample 5	2	1	2	35620	36.96	1.29
A5	Sample 5	2	1	3	40530	36.96	1.29
A5	Sample 5	2	1	4	45420	36.96	1.29
A5	Sample 5	2	1	5	50300	36.96	1.30
A5	Sample 5	2	1	6	55210	37	1.28
A5	Sample 5	2	1	7	60120	37	1.30
A5	Sample 5	2	1	8	65020	37	1.28
A5	Sample 5	2	1	9	69910	36.96	1.28
A5	Sample 5	2	1	10	74820	37	1.28
A5	Sample 5	2	1	11	79720	37	1.28
A5	Sample 5	2	1	12	84610	37	1.28
A5	Sample 5	2	1	13	89510	36.96	1.28
A5	Sample 5	2	1	14	94410	37	1.28
A5	Sample 5	2	1	15	99310	36.96	1.29
A6	Sample 6	2	1	1	30750	36.96	1.23
A6	Sample 6	2	1	2	35620	36.96	1.23
A6	Sample 6	2	1	3	40530	36.96	1.22
A6	Sample 6	2	1	4	45420	36.96	1.22
A6	Sample 6	2	1	5	50300	36.96	1.23
A6	Sample 6	2	1	6	55210	37	1.22
A6	Sample 6	2	1	7	60120	37	1.22
A6	Sample 6	2	1	8	65020	37	1.21
A6	Sample 6	2	1	9	69910	36.96	1.22
A6	Sample 6	2	1	10	74820	37	1.22
A6	Sample 6	2	1	11	79720	37	1.21
A6	Sample 6	2	1	12	84610	37	1.21
A6	Sample 6	2	1	13	89510	36.96	1.21
A6	Sample 6	2	1	14	94410	37	1.22
A6	Sample 6	2	1	15	99310	36.96	1.22
A7	Sample 7	2	1	1	30750	36.96	1.42
A7	Sample 7	2	1	2	35620	36.96	1.42
A7	Sample 7	2	1	3	40530	36.96	1.41
A7	Sample 7	2	1	4	45420	36.96	1.42
A7	Sample 7	2	1	5	50300	36.96	1.41
A7	Sample 7	2	1	6	55210	37	1.41
A7	Sample 7	2	1	7	60120	37	1.41
A7	Sample 7	2	1	8	65020	37	1.41
A7	Sample 7	2	1	9	69910	36.96	1.41
A7	Sample 7	2	1	10	74820	37	1.41
A7	Sample 7	2	1	11	79720	37	1.41
A7	Sample 7	2	1	12	84610	37	1.40
A7	Sample 7	2	1	13	89510	36.96	1.41
A7	Sample 7	2	1	14	94410	37	1.41
A7	Sample 7	2	1	15	99310	36.96	1.41
A8	Sample 8	2	1	1	30750	36.96	1.22
A8	Sample 8	2	1	2	35620	36.96	1.21
A8	Sample 8	2	1	3	40530	36.96	1.21
A8	Sample 8	2	1	4	45420	36.96	1.22
A8	Sample 8	2	1	5	50300	36.96	1.21
A8	Sample 8	2	1	6	55210	37	1.21
A8	Sample 8	2	1	7	60120	37	1.21
A8	Sample 8	2	1	8	65020	37	1.20
A8	Sample 8	2	1	9	69910	36.96	1.20
A8	Sample 8	2	1	10	74820	37	1.21
A8	Sample 8	2	1	11	79720	37	1.21
A8	Sample 8	2	1	12	84610	37	1.20
A8	Sample 8	2	1	13	89510	36.96	1.21
A8	Sample 8	2	1	14	94410	37	1.21
A8	Sample 8	2	1	15	99310	36.96	1.21
A9	Sample 9	2	1	1	30750	36.96	0.66
A9	Sample 9	2	1	2	35620	36.96	0.65
A9	Sample 9	2	1	3	40530	36.96	0.65
A9	Sample 9	2	1	4	45420	36.96	0.65
A9	Sample 9	2	1	5	50300	36.96	0.66
A9	Sample 9	2	1	6	55210	37	0.66
A9	Sample 9	2	1	7	60120	37	0.65
A9	Sample 9	2	1	8	65020	37	0.65
A9	Sample 9	2	1	9	69910	36.96	0.65
A9	Sample 9	2	1	10	74820	37	0.65
A9	Sample 9	2	1	11	79720	37	0.66
A9	Sample 9	2	1	12	84610	37	0.65
A9	Sample 9	2	1	13	89510	36.96	0.65
A9	Sample 9	2	1	14	94410	37	0.66
A9	Sample 9	2	1	15	99310	36.96	0.65
A10	Sample 10	2	1	1	30750	36.96	0.66
A10	Sample 10	2	1	2	35620	36.96	0.66
A10	Sample 10	2	1	3	40530	36.96	0.66
A10	Sample 10	2	1	4	45420	36.96	0.66
A10	Sample 10	2	1	5	50300	36.96	0.66
A10	Sample 10	2	1	6	55210	37	0.66
A10	Sample 10	2	1	7	60120	37	0.67
A10	Sample 10	2	1	8	65020	37	0.66
A10	Sample 10	2	1	9	69910	36.96	0.65
A10	Sample 10	2	1	10	74820	37	0.66
A10	Sample 10	2	1	11	79720	37	0.66
A10	Sample 10	2	1	12	84610	37	0.66
A10	Sample 10	2	1	13	89510	36.96	0.66
A10	Sample 10	2	1	14	94410	37	0.66
A10	Sample 10	2	1	15	99310	36.96	0.66
A11	Sample 11	2	1	1	30750	36.96	0.65
A11	Sample 11	2	1	2	35620	36.96	0.64
A11	Sample 11	2	1	3	40530	36.96	0.65
A11	Sample 11	2	1	4	45420	36.96	0.65
A11	Sample 11	2	1	5	50300	36.96	0.65
A11	Sample 11	2	1	6	55210	37	0.65
A11	Sample 11	2	1	7	60120	37	0.65
A11	Sample 11	2	1	8	65020	37	0.64
A11	Sample 11	2	1	9	69910	36.96	0.65
A11	Sample 11	2	1	10	74820	37	0.65
A11	Sample 11	2	1	11	79720	37	0.64
A11	Sample 11	2	1	12	84610	37	0.65
A11	Sample 11	2	1	13	89510	36.96	0.65
A11	Sample 11	2	1	14	94410	37	0.65
A11	Sample 11	2	1	15	99310	36.96	0.65
A12	Sample 12	2	1	1	30750	36.96	0.59
A12	Sample 12	2	1	2	35620	36.96	0.58
A12	Sample 12	2	1	3	40530	36.96	0.58
A12	Sample 12	2	1	4	45420	36.96	0.58
A12	Sample 12	2	1	5	50300	36.96	0.59
A12	Sample 12	2	1	6	55210	37	0.58
A12	Sample 12	2	1	7	60120	37	0.58
A12	Sample 12	2	1	8	65020	37	0.58
A12	Sample 12	2	1	9	69910	36.96	0.58
A12	Sample 12	2	1	10	74820	37	0.58
A12	Sample 12	2	1	11	79720	37	0.58
A12	Sample 12	2	1	12	84610	37	0.57
A12	Sample 12	2	1	13	89510	36.96	0.58
A12	Sample 12	2	1	14	94410	37	0.58
A12	Sample 12	2	1	15	99310	36.96	0.59
B1	Sample 13	2	1	1	30750	36.96	1.22
B1	Sample 13	2	1	2	35620	36.96	1.21
B1	Sample 13	2	1	3	40530	36.96	1.20
B1	Sample 13	2	1	4	45420	36.96	1.21
B1	Sample 13	2	1	5	50300	36.96	1.20
B1	Sample 13	2	1	6	55210	37	1.21
B1	Sample 13	2	1	7	60120	37	1.20
B1	Sample 13	2	1	8	65020	37	1.21
B1	Sample 13	2	1	9	69910	36.96	1.20
B1	Sample 13	2	1	10	74820	37	1.20
B1	Sample 13	2	1	11	79720	37	1.20
B1	Sample 13	2	1	12	84610	37	1.20
B1	Sample 13	2	1	13	89510	36.96	1.20
B1	Sample 13	2	1	14	94410	37	1.20
B1	Sample 13	2	1	15	99310	36.96	1.21
B2	Sample 14	2	1	1	30750	36.96	1.16
B2	Sample 14	2	1	2	35620	36.96	1.15
B2	Sample 14	2	1	3	40530	36.96	1.15
B2	Sample 14	2	1	4	45420	36.96	1.16
B2	Sample 14	2	1	5	50300	36.96	1.15
B2	Sample 14	2	1	6	55210	37	1.16
B2	Sample 14	2	1	7	60120	37	1.14
B2	Sample 14	2	1	8	65020	37	1.15
B2	Sample 14	2	1	9	69910	36.96	1.14
B2	Sample 14	2	1	10	74820	37	1.15
B2	Sample 14	2	1	11	79720	37	1.15
B2	Sample 14	2	1	12	84610	37	1.15
B2	Sample 14	2	1	13	89510	36.96	1.14
B2	Sample 14	2	1	14	94410	37	1.15
B2	Sample 14	2	1	15	99310	36.96	1.15
B3	Sample 15	2	1	1	30750	36.96	1.35
B3	Sample 15	2	1	2	35620	36.96	1.34
B3	Sample 15	2	1	3	40530	36.96	1.33
B3	Sample 15	2	1	4	45420	36.96	1.33
B3	Sample 15	2	1	5	50300	36.96	1.33
B3	Sample 15	2	1	6	55210	37	1.33
B3	Sample 15	2	1	7	60120	37	1.33
B3	Sample 15	2	1	8	65020	37	1.33
B3	Sample 15	2	1	9	69910	36.96	1.33
B3	Sample 15	2	1	10	74820	37	1.33
B3	Sample 15	2	1	11	79720	37	1.33
B3	Sample 15	2	1	12	84610	37	1.33
B3	Sample 15	2	1	13	89510	36.96	1.32
B3	Sample 15	2	1	14	94410	37	1.32
B3	Sample 15	2	1	15	99310	36.96	1.33
B4	Sample 16	2	1	1	30750	36.96	1.38
B4	Sample 16	2	1	2	35620	36.96	1.36
B4	Sample 16	2	1	3	40530	36.96	1.36
B4	Sample 16	2	1	4	45420	36.96	1.37
B4	Sample 16	2	1	5	50300	36.96	1.36
B4	Sample 16	2	1	6	55210	37	1.37
B4	Sample 16	2	1	7	60120	37	1.36
B4	Sample 16	2	1	8	65020	37	1.36
B4	Sample 16	2	1	9	69910	36.96	1.36
B4	Sample 16	2	1	10	74820	37	1.36
B4	Sample 16	2	1	11	79720	37	1.36
B4	Sample 16	2	1	12	84610	37	1.36
B4	Sample 16	2	1	13	89510	36.96	1.36
B4	Sample 16	2	1	14	94410	37	1.36
B4	Sample 16	2	1	15	99310	36.96	1.36
B5	Sample 17	2	1	1	30750	36.96	1.27
B5	Sample 17	2	1	2	35620	36.96	1.26
B5	Sample 17	2	1	3	40530	36.96	1.26
B5	Sample 17	2	1	4	45420	36.96	1.25
B5	Sample 17	2	1	5	50300	36.96	1.25
B5	Sample 17	2	1	6	55210	37	1.26
B5	Sample 17	2	1	7	60120	37	1.26
B5	Sample 17	2	1	8	65020	37	1.25
B5	Sample 17	2	1	9	69910	36.96	1.25
B5	Sample 17	2	1	10	74820	37	1.25
B5	Sample 17	2	1	11	79720	37	1.25
B5	Sample 17	2	1	12	84610	37	1.25
B5	Sample 17	2	1	13	89510	36.96	1.25
B5	Sample 17	2	1	14	94410	37	1.25
B5	Sample 17	2	1	15	99310	36.96	1.25
B6	Sample 18	2	1	1	30750	36.96	1.20
B6	Sample 18	2	1	2	35620	36.96	1.21
B6	Sample 18	2	1	3	40530	36.96	1.20
B6	Sample 18	2	1	4	45420	36.96	1.20
B6	Sample 18	2	1	5	50300	36.96	1.20
B6	Sample 18	2	1	6	55210	37	1.20
B6	Sample 18	2	1	7	60120	37	1.20
B6	Sample 18	2	1	8	65020	37	1.20
B6	Sample 18	2	1	9	69910	36.96	1.20
B6	Sample 18	2	1	10	74820	37	1.20
B6	Sample 18	2	1	11	79720	37	1.19
B6	Sample 18	2	1	12	84610	37	1.19
B6	Sample 18	2	1	13	89510	36.96	1.19
B6	Sample 18	2	1	14	94410	37	1.19
B6	Sample 18	2	1	15	99310	36.96	1.19
B7	Sample 19	2	1	1	30750	36.96	1.30
B7	Sample 19	2	1	2	35620	36.96	1.30
B7	Sample 19	2	1	3	40530	36.96	1.29
B7	Sample 19	2	1	4	45420	36.96	1.29
B7	Sample 19	2	1	5	50300	36.96	1.29
B7	Sample 19	2	1	6	55210	37	1.30
B7	Sample 19	2	1	7	60120	37	1.29
B7	Sample 19	2	1	8	65020	37	1.28
B7	Sample 19	2	1	9	69910	36.96	1.29
B7	Sample 19	2	1	10	74820	37	1.30
B7	Sample 19	2	1	11	79720	37	1.29
B7	Sample 19	2	1	12	84610	37	1.29
B7	Sample 19	2	1	13	89510	36.96	1.29
B7	Sample 19	2	1	14	94410	37	1.28
B7	Sample 19	2	1	15	99310	36.96	1.29
B8	Sample 20	2	1	1	30750	36.96	1.17
B8	Sample 20	2	1	2	35620	36.96	1.16
B8	Sample 20	2	1	3	40530	36.96	1.16
B8	Sample 20	2	1	4	45420	36.96	1.16
B8	Sample 20	2	1	5	50300	36.96	1.15
B8	Sample 20	2	1	6	55210	37	1.16
B8	Sample 20	2	1	7	60120	37	1.16
B8	Sample 20	2	1	8	65020	37	1.16
B8	Sample 20	2	1	9	69910	36.96	1.16
B8	Sample 20	2	1	10	74820	37	1.16
B8	Sample 20	2	1	11	79720	37	1.16
B8	Sample 20	2	1	12	84610	37	1.16
B8	Sample 20	2	1	13	89510	36.96	1.15
B8	Sample 20	2	1	14	94410	37	1.15
B8	Sample 20	2	1	15	99310	36.96	1.16
B9	Sample 21	2	1	1	30750	36.96	0.63
B9	Sample 21	2	1	2	35620	36.96	0.63
B9	Sample 21	2	1	3	40530	36.96	0.62
B9	Sample 21	2	1	4	45420	36.96	0.63
B9	Sample 21	2	1	5	50300	36.96	0.63
B9	Sample 21	2	1	6	55210	37	0.63
B9	Sample 21	2	1	7	60120	37	0.62
B9	Sample 21	2	1	8	65020	37	0.62
B9	Sample 21	2	1	9	69910	36.96	0.63
B9	Sample 21	2	1	10	74820	37	0.63
B9	Sample 21	2	1	11	79720	37	0.62
B9	Sample 21	2	1	12	84610	37	0.63
B9	Sample 21	2	1	13	89510	36.96	0.62
B9	Sample 21	2	1	14	94410	37	0.63
B9	Sample 21	2	1	15	99310	36.96	0.63
B10	Sample 22	2	1	1	30750	36.96	0.66
B10	Sample 22	2	1	2	35620	36.96	0.65
B10	Sample 22	2	1	3	40530	36.96	0.64
B10	Sample 22	2	1	4	45420	36.96	0.65
B10	Sample 22	2	1	5	50300	36.96	0.65
B10	Sample 22	2	1	6	55210	37	0.65
B10	Sample 22	2	1	7	60120	37	0.65
B10	Sample 22	2	1	8	65020	37	0.64
B10	Sample 22	2	1	9	69910	36.96	0.64
B10	Sample 22	2	1	10	74820	37	0.65
B10	Sample 22	2	1	11	79720	37	0.64
B10	Sample 22	2	1	12	84610	37	0.65
B10	Sample 22	2	1	13	89510	36.96	0.64
B10	Sample 22	2	1	14	94410	37	0.65
B10	Sample 22	2	1	15	99310	36.96	0.65
B11	Sample 23	2	1	1	30750	36.96	0.70
B11	Sample 23	2	1	2	35620	36.96	0.70
B11	Sample 23	2	1	3	40530	36.96	0.69
B11	Sample 23	2	1	4	45420	36.96	0.70
B11	Sample 23	2	1	5	50300	36.96	0.70
B11	Sample 23	2	1	6	55210	37	0.70
B11	Sample 23	2	1	7	60120	37	0.70
B11	Sample 23	2	1	8	65020	37	0.69
B11	Sample 23	2	1	9	69910	36.96	0.69
B11	Sample 23	2	1	10	74820	37	0.70
B11	Sample 23	2	1	11	79720	37	0.70
B11	Sample 23	2	1	12	84610	37	0.69
B11	Sample 23	2	1	13	89510	36.96	0.69
B11	Sample 23	2	1	14	94410	37	0.70
B11	Sample 23	2	1	15	99310	36.96	0.69
B12	Sample 24	2	1	1	30750	36.96	0.61
B12	Sample 24	2	1	2	35620	36.96	0.60
B12	Sample 24	2	1	3	40530	36.96	0.60
B12	Sample 24	2	1	4	45420	36.96	0.59
B12	Sample 24	2	1	5	50300	36.96	0.60
B12	Sample 24	2	1	6	55210	37	0.60
B12	Sample 24	2	1	7	60120	37	0.60
B12	Sample 24	2	1	8	65020	37	0.59
B12	Sample 24	2	1	9	69910	36.96	0.60
B12	Sample 24	2	1	10	74820	37	0.60
B12	Sample 24	2	1	11	79720	37	0.60
B12	Sample 24	2	1	12	84610	37	0.60
B12	Sample 24	2	1	13	89510	36.96	0.59
B12	Sample 24	2	1	14	94410	37	0.60
B12	Sample 24	2	1	15	99310	36.96	0.60
C1	Sample 25	2	1	1	30750	36.96	1.20
C1	Sample 25	2	1	2	35620	36.96	1.19
C1	Sample 25	2	1	3	40530	36.96	1.19
C1	Sample 25	2	1	4	45420	36.96	1.19
C1	Sample 25	2	1	5	50300	36.96	1.20
C1	Sample 25	2	1	6	55210	37	1.20
C1	Sample 25	2	1	7	60120	37	1.19
C1	Sample 25	2	1	8	65020	37	1.19
C1	Sample 25	2	1	9	69910	36.96	1.19
C1	Sample 25	2	1	10	74820	37	1.19
C1	Sample 25	2	1	11	79720	37	1.19
C1	Sample 25	2	1	12	84610	37	1.19
C1	Sample 25	2	1	13	89510	36.96	1.19
C1	Sample 25	2	1	14	94410	37	1.19
C1	Sample 25	2	1	15	99310	36.96	1.19
C2	Sample 26	2	1	1	30750	36.96	1.22
C2	Sample 26	2	1	2	35620	36.96	1.21
C2	Sample 26	2	1	3	40530	36.96	1.22
C2	Sample 26	2	1	4	45420	36.96	1.22
C2	Sample 26	2	1	5	50300	36.96	1.22
C2	Sample 26	2	1	6	55210	37	1.22
C2	Sample 26	2	1	7	60120	37	1.22
C2	Sample 26	2	1	8	65020	37	1.21
C2	Sample 26	2	1	9	69910	36.96	1.21
C2	Sample 26	2	1	10	74820	37	1.22
C2	Sample 26	2	1	11	79720	37	1.21
C2	Sample 26	2	1	12	84610	37	1.21
C2	Sample 26	2	1	13	89510	36.96	1.21
C2	Sample 26	2	1	14	94410	37	1.21
C2	Sample 26	2	1	15	99310	36.96	1.21
C3	Sample 27	2	1	1	30750	36.96	1.29
C3	Sample 27	2	1	2	35620	36.96	1.28
C3	Sample 27	2	1	3	40530	36.96	1.29
C3	Sample 27	2	1	4	45420	36.96	1.28
C3	Sample 27	2	1	5	50300	36.96	1.29
C3	Sample 27	2	1	6	55210	37	1.28
C3	Sample 27	2	1	7	60120	37	1.28
C3	Sample 27	2	1	8	65020	37	1.27
C3	Sample 27	2	1	9	69910	36.96	1.28
C3	Sample 27	2	1	10	74820	37	1.27
C3	Sample 27	2	1	11	79720	37	1.28
C3	Sample 27	2	1	12	84610	37	1.27
C3	Sample 27	2	1	13	89510	36.96	1.27
C3	Sample 27	2	1	14	94410	37	1.27
C3	Sample 27	2	1	15	99310	36.96	1.27
C4	Sample 28	2	1	1	30750	36.96	1.34
C4	Sample 28	2	1	2	35620	36.96	1.33
C4	Sample 28	2	1	3	40530	36.96	1.32
C4	Sample 28	2	1	4	45420	36.96	1.32
C4	Sample 28	2	1	5	50300	36.96	1.32
C4	Sample 28	2	1	6	55210	37	1.32
C4	Sample 28	2	1	7	60120	37	1.33
C4	Sample 28	2	1	8	65020	37	1.32
C4	Sample 28	2	1	9	69910	36.96	1.32
C4	Sample 28	2	1	10	74820	37	1.32
C4	Sample 28	2	1	11	79720	37	1.32
C4	Sample 28	2	1	12	84610	37	1.32
C4	Sample 28	2	1	13	89510	36.96	1.32
C4	Sample 28	2	1	14	94410	37	1.32
C4	Sample 28	2	1	15	99310	36.96	1.32
C5	Sample 29	2	1	1	30750	36.96	1.16
C5	Sample 29	2	1	2	35620	36.96	1.16
C5	Sample 29	2	1	3	40530	36.96	1.15
C5	Sample 29	2	1	4	45420	36.96	1.16
C5	Sample 29	2	1	5	50300	36.96	1.16
C5	Sample 29	2	1	6	55210	37	1.16
C5	Sample 29	2	1	7	60120	37	1.16
C5	Sample 29	2	1	8	65020	37	1.15
C5	Sample 29	2	1	9	69910	36.96	1.15
C5	Sample 29	2	1	10	74820	37	1.16
C5	Sample 29	2	1	11	79720	37	1.15
C5	Sample 29	2	1	12	84610	37	1.15
C5	Sample 29	2	1	13	89510	36.96	1.15
C5	Sample 29	2	1	14	94410	37	1.15
C5	Sample 29	2	1	15	99310	36.96	1.15
C6	Sample 30	2	1	1	30750	36.96	1.17
C6	Sample 30	2	1	2	35620	36.96	1.18
C6	Sample 30	2	1	3	40530	36.96	1.17
C6	Sample 30	2	1	4	45420	36.96	1.18
C6	Sample 30	2	1	5	50300	36.96	1.18
C6	Sample 30	2	1	6	55210	37	1.18
C6	Sample 30	2	1	7	60120	37	1.19
C6	Sample 30	2	1	8	65020	37	1.17
C6	Sample 30	2	1	9	69910	36.96	1.18
C6	Sample 30	2	1	10	74820	37	1.18
C6	Sample 30	2	1	11	79720	37	1.18
C6	Sample 30	2	1	12	84610	37	1.18
C6	Sample 30	2	1	13	89510	36.96	1.18
C6	Sample 30	2	1	14	94410	37	1.18
C6	Sample 30	2	1	15	99310	36.96	1.18
C7	Sample 31	2	1	1	30750	36.96	1.32
C7	Sample 31	2	1	2	35620	36.96	1.31
C7	Sample 31	2	1	3	40530	36.96	1.30
C7	Sample 31	2	1	4	45420	36.96	1.30
C7	Sample 31	2	1	5	50300	36.96	1.31
C7	Sample 31	2	1	6	55210	37	1.31
C7	Sample 31	2	1	7	60120	37	1.30
C7	Sample 31	2	1	8	65020	37	1.30
C7	Sample 31	2	1	9	69910	36.96	1.29
C7	Sample 31	2	1	10	74820	37	1.30
C7	Sample 31	2	1	11	79720	37	1.30
C7	Sample 31	2	1	12	84610	37	1.29
C7	Sample 31	2	1	13	89510	36.96	1.30
C7	Sample 31	2	1	14	94410	37	1.30
C7	Sample 31	2	1	15	99310	36.96	1.30
C8	Sample 32	2	1	1	30750	36.96	1.17
C8	Sample 32	2	1	2	35620	36.96	1.17
C8	Sample 32	2	1	3	40530	36.96	1.16
C8	Sample 32	2	1	4	45420	36.96	1.17
C8	Sample 32	2	1	5	50300	36.96	1.16
C8	Sample 32	2	1	6	55210	37	1.16
C8	Sample 32	2	1	7	60120	37	1.17
C8	Sample 32	2	1	8	65020	37	1.17
C8	Sample 32	2	1	9	69910	36.96	1.16
C8	Sample 32	2	1	10	74820	37	1.16
C8	Sample 32	2	1	11	79720	37	1.16
C8	Sample 32	2	1	12	84610	37	1.16
C8	Sample 32	2	1	13	89510	36.96	1.16
C8	Sample 32	2	1	14	94410	37	1.15
C8	Sample 32	2	1	15	99310	36.96	1.16
C9	Sample 33	2	1	1	30750	36.96	0.65
C9	Sample 33	2	1	2	35620	36.96	0.65
C9	Sample 33	2	1	3	40530	36.96	0.64
C9	Sample 33	2	1	4	45420	36.96	0.65
C9	Sample 33	2	1	5	50300	36.96	0.64
C9	Sample 33	2	1	6	55210	37	0.65
C9	Sample 33	2	1	7	60120	37	0.65
C9	Sample 33	2	1	8	65020	37	0.65
C9	Sample 33	2	1	9	69910	36.96	0.65
C9	Sample 33	2	1	10	74820	37	0.65
C9	Sample 33	2	1	11	79720	37	0.64
C9	Sample 33	2	1	12	84610	37	0.64
C9	Sample 33	2	1	13	89510	36.96	0.64
C9	Sample 33	2	1	14	94410	37	0.64
C9	Sample 33	2	1	15	99310	36.96	0.64
C10	Sample 34	2	1	1	30750	36.96	0.65
C10	Sample 34	2	1	2	35620	36.96	0.64
C10	Sample 34	2	1	3	40530	36.96	0.64
C10	Sample 34	2	1	4	45420	36.96	0.64
C10	Sample 34	2	1	5	50300	36.96	0.64
C10	Sample 34	2	1	6	55210	37	0.64
C10	Sample 34	2	1	7	60120	37	0.65
C10	Sample 34	2	1	8	65020	37	0.64
C10	Sample 34	2	1	9	69910	36.96	0.64
C10	Sample 34	2	1	10	74820	37	0.64
C10	Sample 34	2	1	11	79720	37	0.64
C10	Sample 34	2	1	12	84610	37	0.64
C10	Sample 34	2	1	13	89510	36.96	0.63
C10	Sample 34	2	1	14	94410	37	0.64
C10	Sample 34	2	1	15	99310	36.96	0.64
C11	Sample 35	2	1	1	30750	36.96	0.69
C11	Sample 35	2	1	2	35620	36.96	0.69
C11	Sample 35	2	1	3	40530	36.96	0.68
C11	Sample 35	2	1	4	45420	36.96	0.69
C11	Sample 35	2	1	5	50300	36.96	0.69
C11	Sample 35	2	1	6	55210	37	0.69
C11	Sample 35	2	1	7	60120	37	0.69
C11	Sample 35	2	1	8	65020	37	0.69
C11	Sample 35	2	1	9	69910	36.96	0.69
C11	Sample 35	2	1	10	74820	37	0.68
C11	Sample 35	2	1	11	79720	37	0.69
C11	Sample 35	2	1	12	84610	37	0.68
C11	Sample 35	2	1	13	89510	36.96	0.69
C11	Sample 35	2	1	14	94410	37	0.68
C11	Sample 35	2	1	15	99310	36.96	0.69
C12	Sample 36	2	1	1	30750	36.96	0.62
C12	Sample 36	2	1	2	35620	36.96	0.62
C12	Sample 36	2	1	3	40530	36.96	0.61
C12	Sample 36	2	1	4	45420	36.96	0.62
C12	Sample 36	2	1	5	50300	36.96	0.62
C12	Sample 36	2	1	6	55210	37	0.61
C12	Sample 36	2	1	7	60120	37	0.62
C12	Sample 36	2	1	8	65020	37	0.61
C12	Sample 36	2	1	9	69910	36.96	0.61
C12	Sample 36	2	1	10	74820	37	0.62
C12	Sample 36	2	1	11	79720	37	0.61
C12	Sample 36	2	1	12	84610	37	0.61
C12	Sample 36	2	1	13	89510	36.96	0.61
C12	Sample 36	2	1	14	94410	37	0.61
C12	Sample 36	2	1	15	99310	36.96	0.61
D1	Sample 37	2	1	1	30750	36.96	1.64
D1	Sample 37	2	1	2	35620	36.96	1.63
D1	Sample 37	2	1	3	40530	36.96	1.63
D1	Sample 37	2	1	4	45420	36.96	1.63
D1	Sample 37	2	1	5	50300	36.96	1.63
D1	Sample 37	2	1	6	55210	37	1.63
D1	Sample 37	2	1	7	60120	37	1.64
D1	Sample 37	2	1	8	65020	37	1.62
D1	Sample 37	2	1	9	69910	36.96	1.62
D1	Sample 37	2	1	10	74820	37	1.63
D1	Sample 37	2	1	11	79720	37	1.64
D1	Sample 37	2	1	12	84610	37	1.62
D1	Sample 37	2	1	13	89510	36.96	1.62
D1	Sample 37	2	1	14	94410	37	1.62
D1	Sample 37	2	1	15	99310	36.96	1.62
D2	Sample 38	2	1	1	30750	36.96	1.51
D2	Sample 38	2	1	2	35620	36.96	1.51
D2	Sample 38	2	1	3	40530	36.96	1.50
D2	Sample 38	2	1	4	45420	36.96	1.51
D2	Sample 38	2	1	5	50300	36.96	1.50
D2	Sample 38	2	1	6	55210	37	1.50
D2	Sample 38	2	1	7	60120	37	1.51
D2	Sample 38	2	1	8	65020	37	1.50
D2	Sample 38	2	1	9	69910	36.96	1.50
D2	Sample 38	2	1	10	74820	37	1.51
D2	Sample 38	2	1	11	79720	37	1.51
D2	Sample 38	2	1	12	84610	37	1.50
D2	Sample 38	2	1	13	89510	36.96	1.49
D2	Sample 38	2	1	14	94410	37	1.49
D2	Sample 38	2	1	15	99310	36.96	1.50
D3	Sample 39	2	1	1	30750	36.96	1.56
D3	Sample 39	2	1	2	35620	36.96	1.55
D3	Sample 39	2	1	3	40530	36.96	1.55
D3	Sample 39	2	1	4	45420	36.96	1.55
D3	Sample 39	2	1	5	50300	36.96	1.55
D3	Sample 39	2	1	6	55210	37	1.55
D3	Sample 39	2	1	7	60120	37	1.55
D3	Sample 39	2	1	8	65020	37	1.54
D3	Sample 39	2	1	9	69910	36.96	1.54
D3	Sample 39	2	1	10	74820	37	1.55
D3	Sample 39	2	1	11	79720	37	1.55
D3	Sample 39	2	1	12	84610	37	1.54
D3	Sample 39	2	1	13	89510	36.96	1.54
D3	Sample 39	2	1	14	94410	37	1.54
D3	Sample 39	2	1	15	99310	36.96	1.54
D4	Sample 40	2	1	1	30750	36.96	1.44
D4	Sample 40	2	1	2	35620	36.96	1.43
D4	Sample 40	2	1	3	40530	36.96	1.42
D4	Sample 40	2	1	4	45420	36.96	1.42
D4	Sample 40	2	1	5	50300	36.96	1.43
D4	Sample 40	2	1	6	55210	37	1.43
D4	Sample 40	2	1	7	60120	37	1.43
D4	Sample 40	2	1	8	65020	37	1.41
D4	Sample 40	2	1	9	69910	36.96	1.43
D4	Sample 40	2	1	10	74820	37	1.43
D4	Sample 40	2	1	11	79720	37	1.42
D4	Sample 40	2	1	12	84610	37	1.41
D4	Sample 40	2	1	13	89510	36.96	1.41
D4	Sample 40	2	1	14	94410	37	1.41
D4	Sample 40	2	1	15	99310	36.96	1.43
D5	Sample 41	2	1	1	30750	36.96	1.18
D5	Sample 41	2	1	2	35620	36.96	1.18
D5	Sample 41	2	1	3	40530	36.96	1.18
D5	Sample 41	2	1	4	45420	36.96	1.18
D5	Sample 41	2	1	5	50300	36.96	1.17
D5	Sample 41	2	1	6	55210	37	1.17
D5	Sample 41	2	1	7	60120	37	1.17
D5	Sample 41	2	1	8	65020	37	1.17
D5	Sample 41	2	1	9	69910	36.96	1.16
D5	Sample 41	2	1	10	74820	37	1.17
D5	Sample 41	2	1	11	79720	37	1.17
D5	Sample 41	2	1	12	84610	37	1.16
D5	Sample 41	2	1	13	89510	36.96	1.16
D5	Sample 41	2	1	14	94410	37	1.16
D5	Sample 41	2	1	15	99310	36.96	1.16
D6	Sample 42	2	1	1	30750	36.96	1.19
D6	Sample 42	2	1	2	35620	36.96	1.18
D6	Sample 42	2	1	3	40530	36.96	1.18
D6	Sample 42	2	1	4	45420	36.96	1.18
D6	Sample 42	2	1	5	50300	36.96	1.18
D6	Sample 42	2	1	6	55210	37	1.17
D6	Sample 42	2	1	7	60120	37	1.18
D6	Sample 42	2	1	8	65020	37	1.17
D6	Sample 42	2	1	9	69910	36.96	1.18
D6	Sample 42	2	1	10	74820	37	1.18
D6	Sample 42	2	1	11	79720	37	1.18
D6	Sample 42	2	1	12	84610	37	1.17
D6	Sample 42	2	1	13	89510	36.96	1.17
D6	Sample 42	2	1	14	94410	37	1.17
D6	Sample 42	2	1	15	99310	36.96	1.17
D7	Sample 43	2	1	1	30750	36.96	1.28
D7	Sample 43	2	1	2	35620	36.96	1.27
D7	Sample 43	2	1	3	40530	36.96	1.27
D7	Sample 43	2	1	4	45420	36.96	1.27
D7	Sample 43	2	1	5	50300	36.96	1.27
D7	Sample 43	2	1	6	55210	37	1.27
D7	Sample 43	2	1	7	60120	37	1.27
D7	Sample 43	2	1	8	65020	37	1.26
D7	Sample 43	2	1	9	69910	36.96	1.27
D7	Sample 43	2	1	10	74820	37	1.28
D7	Sample 43	2	1	11	79720	37	1.27
D7	Sample 43	2	1	12	84610	37	1.26
D7	Sample 43	2	1	13	89510	36.96	1.26
D7	Sample 43	2	1	14	94410	37	1.26
D7	Sample 43	2	1	15	99310	36.96	1.27
D8	Sample 44	2	1	1	30750	36.96	1.18
D8	Sample 44	2	1	2	35620	36.96	1.17
D8	Sample 44	2	1	3	40530	36.96	1.17
D8	Sample 44	2	1	4	45420	36.96	1.17
D8	Sample 44	2	1	5	50300	36.96	1.17
D8	Sample 44	2	1	6	55210	37	1.17
D8	Sample 44	2	1	7	60120	37	1.17
D8	Sample 44	2	1	8	65020	37	1.17
D8	Sample 44	2	1	9	69910	36.96	1.17
D8	Sample 44	2	1	10	74820	37	1.18
D8	Sample 44	2	1	11	79720	37	1.17
D8	Sample 44	2	1	12	84610	37	1.16
D8	Sample 44	2	1	13	89510	36.96	1.17
D8	Sample 44	2	1	14	94410	37	1.17
D8	Sample 44	2	1	15	99310	36.96	1.16
D9	Sample 45	2	1	1	30750	36.96	0.70
D9	Sample 45	2	1	2	35620	36.96	0.69
D9	Sample 45	2	1	3	40530	36.96	0.69
D9	Sample 45	2	1	4	45420	36.96	0.69
D9	Sample 45	2	1	5	50300	36.96	0.69
D9	Sample 45	2	1	6	55210	37	0.69
D9	Sample 45	2	1	7	60120	37	0.69
D9	Sample 45	2	1	8	65020	37	0.68
D9	Sample 45	2	1	9	69910	36.96	0.69
D9	Sample 45	2	1	10	74820	37	0.69
D9	Sample 45	2	1	11	79720	37	0.69
D9	Sample 45	2	1	12	84610	37	0.69
D9	Sample 45	2	1	13	89510	36.96	0.69
D9	Sample 45	2	1	14	94410	37	0.69
D9	Sample 45	2	1	15	99310	36.96	0.69
D10	Sample 46	2	1	1	30750	36.96	0.73
D10	Sample 46	2	1	2	35620	36.96	0.73
D10	Sample 46	2	1	3	40530	36.96	0.73
D10	Sample 46	2	1	4	45420	36.96	0.73
D10	Sample 46	2	1	5	50300	36.96	0.72
D10	Sample 46	2	1	6	55210	37	0.73
D10	Sample 46	2	1	7	60120	37	0.73
D10	Sample 46	2	1	8	65020	37	0.72
D10	Sample 46	2	1	9	69910	36.96	0.73
D10	Sample 46	2	1	10	74820	37	0.73
D10	Sample 46	2	1	11	79720	37	0.73
D10	Sample 46	2	1	12	84610	37	0.72
D10	Sample 46	2	1	13	89510	36.96	0.72
D10	Sample 46	2	1	14	94410	37	0.72
D10	Sample 46	2	1	15	99310	36.96	0.73
D11	Sample 47	2	1	1	30750	36.96	0.70
D11	Sample 47	2	1	2	35620	36.96	0.70
D11	Sample 47	2	1	3	40530	36.96	0.69
D11	Sample 47	2	1	4	45420	36.96	0.69
D11	Sample 47	2	1	5	50300	36.96	0.68
D11	Sample 47	2	1	6	55210	37	0.69
D11	Sample 47	2	1	7	60120	37	0.69
D11	Sample 47	2	1	8	65020	37	0.69
D11	Sample 47	2	1	9	69910	36.96	0.69
D11	Sample 47	2	1	10	74820	37	0.69
D11	Sample 47	2	1	11	79720	37	0.69
D11	Sample 47	2	1	12	84610	37	0.69
D11	Sample 47	2	1	13	89510	36.96	0.69
D11	Sample 47	2	1	14	94410	37	0.69
D11	Sample 47	2	1	15	99310	36.96	0.69
D12	Sample 48	2	1	1	30750	36.96	0.62
D12	Sample 48	2	1	2	35620	36.96	0.61
D12	Sample 48	2	1	3	40530	36.96	0.61
D12	Sample 48	2	1	4	45420	36.96	0.61
D12	Sample 48	2	1	5	50300	36.96	0.61
D12	Sample 48	2	1	6	55210	37	0.61
D12	Sample 48	2	1	7	60120	37	0.61
D12	Sample 48	2	1	8	65020	37	0.61
D12	Sample 48	2	1	9	69910	36.96	0.61
D12	Sample 48	2	1	10	74820	37	0.61
D12	Sample 48	2	1	11	79720	37	0.61
D12	Sample 48	2	1	12	84610	37	0.60
D12	Sample 48	2	1	13	89510	36.96	0.60
D12	Sample 48	2	1	14	94410	37	0.60
D12	Sample 48	2	1	15	99310	36.96	0.61
E1	Sample 49	2	1	1	30750	36.96	2.66
E1	Sample 49	2	1	2	35620	36.96	2.65
E1	Sample 49	2	1	3	40530	36.96	2.64
E1	Sample 49	2	1	4	45420	36.96	2.64
E1	Sample 49	2	1	5	50300	36.96	2.65
E1	Sample 49	2	1	6	55210	37	2.65
E1	Sample 49	2	1	7	60120	37	2.64
E1	Sample 49	2	1	8	65020	37	2.63
E1	Sample 49	2	1	9	69910	36.96	2.64
E1	Sample 49	2	1	10	74820	37	2.63
E1	Sample 49	2	1	11	79720	37	2.63
E1	Sample 49	2	1	12	84610	37	2.63
E1	Sample 49	2	1	13	89510	36.96	2.63
E1	Sample 49	2	1	14	94410	37	2.64
E1	Sample 49	2	1	15	99310	36.96	2.63
E2	Sample 50	2	1	1	30750	36.96	2.41
E2	Sample 50	2	1	2	35620	36.96	2.41
E2	Sample 50	2	1	3	40530	36.96	2.40
E2	Sample 50	2	1	4	45420	36.96	2.41
E2	Sample 50	2	1	5	50300	36.96	2.40
E2	Sample 50	2	1	6	55210	37	2.40
E2	Sample 50	2	1	7	60120	37	2.41
E2	Sample 50	2	1	8	65020	37	2.40
E2	Sample 50	2	1	9	69910	36.96	2.40
E2	Sample 50	2	1	10	74820	37	2.40
E2	Sample 50	2	1	11	79720	37	2.40
E2	Sample 50	2	1	12	84610	37	2.39
E2	Sample 50	2	1	13	89510	36.96	2.39
E2	Sample 50	2	1	14	94410	37	2.39
E2	Sample 50	2	1	15	99310	36.96	2.38
E3	Sample 51	2	1	1	30750	36.96	2.60
E3	Sample 51	2	1	2	35620	36.96	2.59
E3	Sample 51	2	1	3	40530	36.96	2.59
E3	Sample 51	2	1	4	45420	36.96	2.60
E3	Sample 51	2	1	5	50300	36.96	2.60
E3	Sample 51	2	1	6	55210	37	2.59
E3	Sample 51	2	1	7	60120	37	2.59
E3	Sample 51	2	1	8	65020	37	2.59
E3	Sample 51	2	1	9	69910	36.96	2.60
E3	Sample 51	2	1	10	74820	37	2.60
E3	Sample 51	2	1	11	79720	37	2.58
E3	Sample 51	2	1	12	84610	37	2.59
E3	Sample 51	2	1	13	89510	36.96	2.58
E3	Sample 51	2	1	14	94410	37	2.58
E3	Sample 51	2	1	15	99310	36.96	2.58
E4	Sample 52	2	1	1	30750	36.96	2.97
E4	Sample 52	2	1	2	35620	36.96	2.96
E4	Sample 52	2	1	3	40530	36.96	2.96
E4	Sample 52	2	1	4	45420	36.96	2.96
E4	Sample 52	2	1	5	50300	36.96	2.95
E4	Sample 52	2	1	6	55210	37	2.96
E4	Sample 52	2	1	7	60120	37	2.94
E4	Sample 52	2	1	8	65020	37	2.94
E4	Sample 52	2	1	9	69910	36.96	2.95
E4	Sample 52	2	1	10	74820	37	2.95
E4	Sample 52	2	1	11	79720	37	2.94
E4	Sample 52	2	1	12	84610	37	2.94
E4	Sample 52	2	1	13	89510	36.96	2.94
E4	Sample 52	2	1	14	94410	37	2.93
E4	Sample 52	2	1	15	99310	36.96	2.94
E5	Sample 53	2	1	1	30750	36.96	1.22
E5	Sample 53	2	1	2	35620	36.96	1.22
E5	Sample 53	2	1	3	40530	36.96	1.22
E5	Sample 53	2	1	4	45420	36.96	1.21
E5	Sample 53	2	1	5	50300	36.96	1.21
E5	Sample 53	2	1	6	55210	37	1.21
E5	Sample 53	2	1	7	60120	37	1.21
E5	Sample 53	2	1	8	65020	37	1.20
E5	Sample 53	2	1	9	69910	36.96	1.21
E5	Sample 53	2	1	10	74820	37	1.21
E5	Sample 53	2	1	11	79720	37	1.20
E5	Sample 53	2	1	12	84610	37	1.20
E5	Sample 53	2	1	13	89510	36.96	1.20
E5	Sample 53	2	1	14	94410	37	1.20
E5	Sample 53	2	1	15	99310	36.96	1.20
E6	Sample 54	2	1	1	30750	36.96	1.15
E6	Sample 54	2	1	2	35620	36.96	1.14
E6	Sample 54	2	1	3	40530	36.96	1.13
E6	Sample 54	2	1	4	45420	36.96	1.14
E6	Sample 54	2	1	5	50300	36.96	1.14
E6	Sample 54	2	1	6	55210	37	1.14
E6	Sample 54	2	1	7	60120	37	1.14
E6	Sample 54	2	1	8	65020	37	1.13
E6	Sample 54	2	1	9	69910	36.96	1.14
E6	Sample 54	2	1	10	74820	37	1.13
E6	Sample 54	2	1	11	79720	37	1.13
E6	Sample 54	2	1	12	84610	37	1.12
E6	Sample 54	2	1	13	89510	36.96	1.13
E6	Sample 54	2	1	14	94410	37	1.13
E6	Sample 54	2	1	15	99310	36.96	1.13
E7	Sample 55	2	1	1	30750	36.96	1.22
E7	Sample 55	2	1	2	35620	36.96	1.22
E7	Sample 55	2	1	3	40530	36.96	1.21
E7	Sample 55	2	1	4	45420	36.96	1.21
E7	Sample 55	2	1	5	50300	36.96	1.21
E7	Sample 55	2	1	6	55210	37	1.21
E7	Sample 55	2	1	7	60120	37	1.20
E7	Sample 55	2	1	8	65020	37	1.20
E7	Sample 55	2	1	9	69910	36.96	1.21
E7	Sample 55	2	1	10	74820	37	1.21
E7	Sample 55	2	1	11	79720	37	1.20
E7	Sample 55	2	1	12	84610	37	1.20
E7	Sample 55	2	1	13	89510	36.96	1.21
E7	Sample 55	2	1	14	94410	37	1.20
E7	Sample 55	2	1	15	99310	36.96	1.20
E8	Sample 56	2	1	1	30750	36.96	1.09
E8	Sample 56	2	1	2	35620	36.96	1.09
E8	Sample 56	2	1	3	40530	36.96	1.08
E8	Sample 56	2	1	4	45420	36.96	1.09
E8	Sample 56	2	1	5	50300	36.96	1.08
E8	Sample 56	2	1	6	55210	37	1.08
E8	Sample 56	2	1	7	60120	37	1.08
E8	Sample 56	2	1	8	65020	37	1.07
E8	Sample 56	2	1	9	69910	36.96	1.09
E8	Sample 56	2	1	10	74820	37	1.08
E8	Sample 56	2	1	11	79720	37	1.08
E8	Sample 56	2	1	12	84610	37	1.06
E8	Sample 56	2	1	13	89510	36.96	1.08
E8	Sample 56	2	1	14	94410	37	1.07
E8	Sample 56	2	1	15	99310	36.96	1.07
E9	Sample 57	2	1	1	30750	36.96	0.75
E9	Sample 57	2	1	2	35620	36.96	0.75
E9	Sample 57	2	1	3	40530	36.96	0.75
E9	Sample 57	2	1	4	45420	36.96	0.74
E9	Sample 57	2	1	5	50300	36.96	0.75
E9	Sample 57	2	1	6	55210	37	0.75
E9	Sample 57	2	1	7	60120	37	0.75
E9	Sample 57	2	1	8	65020	37	0.74
E9	Sample 57	2	1	9	69910	36.96	0.75
E9	Sample 57	2	1	10	74820	37	0.75
E9	Sample 57	2	1	11	79720	37	0.74
E9	Sample 57	2	1	12	84610	37	0.75
E9	Sample 57	2	1	13	89510	36.96	0.74
E9	Sample 57	2	1	14	94410	37	0.74
E9	Sample 57	2	1	15	99310	36.96	0.74
E10	Sample 58	2	1	1	30750	36.96	0.75
E10	Sample 58	2	1	2	35620	36.96	0.76
E10	Sample 58	2	1	3	40530	36.96	0.76
E10	Sample 58	2	1	4	45420	36.96	0.76
E10	Sample 58	2	1	5	50300	36.96	0.76
E10	Sample 58	2	1	6	55210	37	0.76
E10	Sample 58	2	1	7	60120	37	0.76
E10	Sample 58	2	1	8	65020	37	0.75
E10	Sample 58	2	1	9	69910	36.96	0.76
E10	Sample 58	2	1	10	74820	37	0.76
E10	Sample 58	2	1	11	79720	37	0.76
E10	Sample 58	2	1	12	84610	37	0.75
E10	Sample 58	2	1	13	89510	36.96	0.75
E10	Sample 58	2	1	14	94410	37	0.75
E10	Sample 58	2	1	15	99310	36.96	0.75
E11	Sample 59	2	1	1	30750	36.96	0.76
E11	Sample 59	2	1	2	35620	36.96	0.76
E11	Sample 59	2	1	3	40530	36.96	0.76
E11	Sample 59	2	1	4	45420	36.96	0.76
E11	Sample 59	2	1	5	50300	36.96	0.76
E11	Sample 59	2	1	6	55210	37	0.76
E11	Sample 59	2	1	7	60120	37	0.76
E11	Sample 59	2	1	8	65020	37	0.75
E11	Sample 59	2	1	9	69910	36.96	0.76
E11	Sample 59	2	1	10	74820	37	0.76
E11	Sample 59	2	1	11	79720	37	0.76
E11	Sample 59	2	1	12	84610	37	0.75
E11	Sample 59	2	1	13	89510	36.96	0.75
E11	Sample 59	2	1	14	94410	37	0.75
E11	Sample 59	2	1	15	99310	36.96	0.76
E12	Sample 60	2	1	1	30750	36.96	0.65
E12	Sample 60	2	1	2	35620	36.96	0.65
E12	Sample 60	2	1	3	40530	36.96	0.64
E12	Sample 60	2	1	4	45420	36.96	0.65
E12	Sample 60	2	1	5	50300	36.96	0.64
E12	Sample 60	2	1	6	55210	37	0.64
E12	Sample 60	2	1	7	60120	37	0.65
E12	Sample 60	2	1	8	65020	37	0.63
E12	Sample 60	2	1	9	69910	36.96	0.65
E12	Sample 60	2	1	10	74820	37	0.64
E12	Sample 60	2	1	11	79720	37	0.64
E12	Sample 60	2	1	12	84610	37	0.64
E12	Sample 60	2	1	13	89510	36.96	0.64
E12	Sample 60	2	1	14	94410	37	0.64
E12	Sample 60	2	1	15	99310	36.96	0.64
F1	Sample 61	2	1	1	30750	36.96	3.23
F1	Sample 61	2	1	2	35620	36.96	3.23
F1	Sample 61	2	1	3	40530	36.96	3.23
F1	Sample 61	2	1	4	45420	36.96	3.21
F1	Sample 61	2	1	5	50300	36.96	3.22
F1	Sample 61	2	1	6	55210	37	3.21
F1	Sample 61	2	1	7	60120	37	3.22
F1	Sample 61	2	1	8	65020	37	3.21
F1	Sample 61	2	1	9	69910	36.96	3.22
F1	Sample 61	2	1	10	74820	37	3.22
F1	Sample 61	2	1	11	79720	37	3.21
F1	Sample 61	2	1	12	84610	37	3.20
F1	Sample 61	2	1	13	89510	36.96	3.22
F1	Sample 61	2	1	14	94410	37	3.21
F1	Sample 61	2	1	15	99310	36.96	3.21
F2	Sample 62	2	1	1	30750	36.96	3.29
F2	Sample 62	2	1	2	35620	36.96	3.28
F2	Sample 62	2	1	3	40530	36.96	3.29
F2	Sample 62	2	1	4	45420	36.96	3.28
F2	Sample 62	2	1	5	50300	36.96	3.27
F2	Sample 62	2	1	6	55210	37	3.28
F2	Sample 62	2	1	7	60120	37	3.27
F2	Sample 62	2	1	8	65020	37	3.26
F2	Sample 62	2	1	9	69910	36.96	3.28
F2	Sample 62	2	1	10	74820	37	3.27
F2	Sample 62	2	1	11	79720	37	3.26
F2	Sample 62	2	1	12	84610	37	3.26
F2	Sample 62	2	1	13	89510	36.96	3.25
F2	Sample 62	2	1	14	94410	37	3.26
F2	Sample 62	2	1	15	99310	36.96	3.26
F3	Sample 63	2	1	1	30750	36.96	3.59
F3	Sample 63	2	1	2	35620	36.96	3.58
F3	Sample 63	2	1	3	40530	36.96	3.57
F3	Sample 63	2	1	4	45420	36.96	3.57
F3	Sample 63	2	1	5	50300	36.96	3.57
F3	Sample 63	2	1	6	55210	37	3.58
F3	Sample 63	2	1	7	60120	37	3.56
F3	Sample 63	2	1	8	65020	37	3.56
F3	Sample 63	2	1	9	69910	36.96	3.56
F3	Sample 63	2	1	10	74820	37	3.56
F3	Sample 63	2	1	11	79720	37	3.56
F3	Sample 63	2	1	12	84610	37	3.56
F3	Sample 63	2	1	13	89510	36.96	3.55
F3	Sample 63	2	1	14	94410	37	3.55
F3	Sample 63	2	1	15	99310	36.96	3.56
F4	Sample 64	2	1	1	30750	36.96	3.65
F4	Sample 64	2	1	2	35620	36.96	3.65
F4	Sample 64	2	1	3	40530	36.96	3.64
F4	Sample 64	2	1	4	45420	36.96	3.64
F4	Sample 64	2	1	5	50300	36.96	3.62
F4	Sample 64	2	1	6	55210	37	3.63
F4	Sample 64	2	1	7	60120	37	3.63
F4	Sample 64	2	1	8	65020	37	3.62
F4	Sample 64	2	1	9	69910	36.96	3.62
F4	Sample 64	2	1	10	74820	37	3.62
F4	Sample 64	2	1	11	79720	37	3.61
F4	Sample 64	2	1	12	84610	37	3.61
F4	Sample 64	2	1	13	89510	36.96	3.61
F4	Sample 64	2	1	14	94410	37	3.61
F4	Sample 64	2	1	15	99310	36.96	3.61
F5	Sample 65	2	1	1	30750	36.96	1.17
F5	Sample 65	2	1	2	35620	36.96	1.17
F5	Sample 65	2	1	3	40530	36.96	1.16
F5	Sample 65	2	1	4	45420	36.96	1.16
F5	Sample 65	2	1	5	50300	36.96	1.15
F5	Sample 65	2	1	6	55210	37	1.16
F5	Sample 65	2	1	7	60120	37	1.16
F5	Sample 65	2	1	8	65020	37	1.15
F5	Sample 65	2	1	9	69910	36.96	1.15
F5	Sample 65	2	1	10	74820	37	1.16
F5	Sample 65	2	1	11	79720	37	1.16
F5	Sample 65	2	1	12	84610	37	1.14
F5	Sample 65	2	1	13	89510	36.96	1.16
F5	Sample 65	2	1	14	94410	37	1.15
F5	Sample 65	2	1	15	99310	36.96	1.15
F6	Sample 66	2	1	1	30750	36.96	1.15
F6	Sample 66	2	1	2	35620	36.96	1.16
F6	Sample 66	2	1	3	40530	36.96	1.15
F6	Sample 66	2	1	4	45420	36.96	1.15
F6	Sample 66	2	1	5	50300	36.96	1.15
F6	Sample 66	2	1	6	55210	37	1.15
F6	Sample 66	2	1	7	60120	37	1.15
F6	Sample 66	2	1	8	65020	37	1.15
F6	Sample 66	2	1	9	69910	36.96	1.16
F6	Sample 66	2	1	10	74820	37	1.15
F6	Sample 66	2	1	11	79720	37	1.15
F6	Sample 66	2	1	12	84610	37	1.15
F6	Sample 66	2	1	13	89510	36.96	1.16
F6	Sample 66	2	1	14	94410	37	1.15
F6	Sample 66	2	1	15	99310	36.96	1.15
F7	Sample 67	2	1	1	30750	36.96	1.23
F7	Sample 67	2	1	2	35620	36.96	1.22
F7	Sample 67	2	1	3	40530	36.96	1.22
F7	Sample 67	2	1	4	45420	36.96	1.22
F7	Sample 67	2	1	5	50300	36.96	1.22
F7	Sample 67	2	1	6	55210	37	1.22
F7	Sample 67	2	1	7	60120	37	1.22
F7	Sample 67	2	1	8	65020	37	1.21
F7	Sample 67	2	1	9	69910	36.96	1.22
F7	Sample 67	2	1	10	74820	37	1.22
F7	Sample 67	2	1	11	79720	37	1.21
F7	Sample 67	2	1	12	84610	37	1.21
F7	Sample 67	2	1	13	89510	36.96	1.21
F7	Sample 67	2	1	14	94410	37	1.21
F7	Sample 67	2	1	15	99310	36.96	1.21
F8	Sample 68	2	1	1	30750	36.96	1.10
F8	Sample 68	2	1	2	35620	36.96	1.10
F8	Sample 68	2	1	3	40530	36.96	1.10
F8	Sample 68	2	1	4	45420	36.96	1.10
F8	Sample 68	2	1	5	50300	36.96	1.11
F8	Sample 68	2	1	6	55210	37	1.10
F8	Sample 68	2	1	7	60120	37	1.11
F8	Sample 68	2	1	8	65020	37	1.10
F8	Sample 68	2	1	9	69910	36.96	1.11
F8	Sample 68	2	1	10	74820	37	1.11
F8	Sample 68	2	1	11	79720	37	1.10
F8	Sample 68	2	1	12	84610	37	1.09
F8	Sample 68	2	1	13	89510	36.96	1.10
F8	Sample 68	2	1	14	94410	37	1.10
F8	Sample 68	2	1	15	99310	36.96	1.11
F9	Sample 69	2	1	1	30750	36.96	0.88
F9	Sample 69	2	1	2	35620	36.96	0.86
F9	Sample 69	2	1	3	40530	36.96	0.87
F9	Sample 69	2	1	4	45420	36.96	0.86
F9	Sample 69	2	1	5	50300	36.96	0.86
F9	Sample 69	2	1	6	55210	37	0.87
F9	Sample 69	2	1	7	60120	37	0.86
F9	Sample 69	2	1	8	65020	37	0.86
F9	Sample 69	2	1	9	69910	36.96	0.87
F9	Sample 69	2	1	10	74820	37	0.87
F9	Sample 69	2	1	11	79720	37	0.86
F9	Sample 69	2	1	12	84610	37	0.86
F9	Sample 69	2	1	13	89510	36.96	0.86
F9	Sample 69	2	1	14	94410	37	0.86
F9	Sample 69	2	1	15	99310	36.96	0.86
F10	Sample 70	2	1	1	30750	36.96	0.87
F10	Sample 70	2	1	2	35620	36.96	0.86
F10	Sample 70	2	1	3	40530	36.96	0.86
F10	Sample 70	2	1	4	45420	36.96	0.87
F10	Sample 70	2	1	5	50300	36.96	0.86
F10	Sample 70	2	1	6	55210	37	0.86
F10	Sample 70	2	1	7	60120	37	0.87
F10	Sample 70	2	1	8	65020	37	0.86
F10	Sample 70	2	1	9	69910	36.96	0.86
F10	Sample 70	2	1	10	74820	37	0.86
F10	Sample 70	2	1	11	79720	37	0.86
F10	Sample 70	2	1	12	84610	37	0.86
F10	Sample 70	2	1	13	89510	36.96	0.86
F10	Sample 70	2	1	14	94410	37	0.85
F10	Sample 70	2	1	15	99310	36.96	0.86
F11	Sample 71	2	1	1	30750	36.96	0.84
F11	Sample 71	2	1	2	35620	36.96	0.84
F11	Sample 71	2	1	3	40530	36.96	0.84
F11	Sample 71	2	1	4	45420	36.96	0.84
F11	Sample 71	2	1	5	50300	36.96	0.84
F11	Sample 71	2	1	6	55210	37	0.83
F11	Sample 71	2	1	7	60120	37	0.84
F11	Sample 71	2	1	8	65020	37	0.84
F11	Sample 71	2	1	9	69910	36.96	0.84
F11	Sample 71	2	1	10	74820	37	0.84
F11	Sample 71	2	1	11	79720	37	0.84
F11	Sample 71	2	1	12	84610	37	0.83
F11	Sample 71	2	1	13	89510	36.96	0.84
F11	Sample 71	2	1	14	94410	37	0.84
F11	Sample 71	2	1	15	99310	36.96	0.84
F12	Sample 72	2	1	1	30750	36.96	0.74
F12	Sample 72	2	1	2	35620	36.96	0.74
F12	Sample 72	2	1	3	40530	36.96	0.74
F12	Sample 72	2	1	4	45420	36.96	0.74
F12	Sample 72	2	1	5	50300	36.96	0.74
F12	Sample 72	2	1	6	55210	37	0.74
F12	Sample 72	2	1	7	60120	37	0.74
F12	Sample 72	2	1	8	65020	37	0.73
F12	Sample 72	2	1	9	69910	36.96	0.73
F12	Sample 72	2	1	10	74820	37	0.73
F12	Sample 72	2	1	11	79720	37	0.73
F12	Sample 72	2	1	12	84610	37	0.73
F12	Sample 72	2	1	13	89510	36.96	0.74
F12	Sample 72	2	1	14	94410	37	0.74
F12	Sample 72	2	1	15	99310	36.96	0.74
G1	Sample 73	2	1	1	30750	36.96	3.23
G1	Sample 73	2	1	2	35620	36.96	3.22
G1	Sample 73	2	1	3	40530	36.96	3.22
G1	Sample 73	2	1	4	45420	36.96	3.21
G1	Sample 73	2	1	5	50300	36.96	3.20
G1	Sample 73	2	1	6	55210	37	3.20
G1	Sample 73	2	1	7	60120	37	3.20
G1	Sample 73	2	1	8	65020	37	3.20
G1	Sample 73	2	1	9	69910	36.96	3.21
G1	Sample 73	2	1	10	74820	37	3.20
G1	Sample 73	2	1	11	79720	37	3.20
G1	Sample 73	2	1	12	84610	37	3.19
G1	Sample 73	2	1	13	89510	36.96	3.20
G1	Sample 73	2	1	14	94410	37	3.19
G1	Sample 73	2	1	15	99310	36.96	3.20
G2	Sample 74	2	1	1	30750	36.96	3.47
G2	Sample 74	2	1	2	35620	36.96	3.44
G2	Sample 74	2	1	3	40530	36.96	3.44
G2	Sample 74	2	1	4	45420	36.96	3.43
G2	Sample 74	2	1	5	50300	36.96	3.43
G2	Sample 74	2	1	6	55210	37	3.44
G2	Sample 74	2	1	7	60120	37	3.44
G2	Sample 74	2	1	8	65020	37	3.43
G2	Sample 74	2	1	9	69910	36.96	3.43
G2	Sample 74	2	1	10	74820	37	3.43
G2	Sample 74	2	1	11	79720	37	3.43
G2	Sample 74	2	1	12	84610	37	3.42
G2	Sample 74	2	1	13	89510	36.96	3.43
G2	Sample 74	2	1	14	94410	37	3.43
G2	Sample 74	2	1	15	99310	36.96	3.43
G3	Sample 75	2	1	1	30750	36.96	3.94
G3	Sample 75	2	1	2	35620	36.96	3.92
G3	Sample 75	2	1	3	40530	36.96	3.92
G3	Sample 75	2	1	4	45420	36.96	3.91
G3	Sample 75	2	1	5	50300	36.96	3.91
G3	Sample 75	2	1	6	55210	37	3.91
G3	Sample 75	2	1	7	60120	37	3.91
G3	Sample 75	2	1	8	65020	37	3.90
G3	Sample 75	2	1	9	69910	36.96	3.91
G3	Sample 75	2	1	10	74820	37	3.91
G3	Sample 75	2	1	11	79720	37	3.91
G3	Sample 75	2	1	12	84610	37	3.89
G3	Sample 75	2	1	13	89510	36.96	3.90
G3	Sample 75	2	1	14	94410	37	3.90
G3	Sample 75	2	1	15	99310	36.96	3.91
G4	Sample 76	2	1	1	30750	36.96	3.86
G4	Sample 76	2	1	2	35620	36.96	3.84
G4	Sample 76	2	1	3	40530	36.96	3.84
G4	Sample 76	2	1	4	45420	36.96	3.82
G4	Sample 76	2	1	5	50300	36.96	3.83
G4	Sample 76	2	1	6	55210	37	3.83
G4	Sample 76	2	1	7	60120	37	3.84
G4	Sample 76	2	1	8	65020	37	3.81
G4	Sample 76	2	1	9	69910	36.96	3.83
G4	Sample 76	2	1	10	74820	37	3.82
G4	Sample 76	2	1	11	79720	37	3.82
G4	Sample 76	2	1	12	84610	37	3.82
G4	Sample 76	2	1	13	89510	36.96	3.82
G4	Sample 76	2	1	14	94410	37	3.82
G4	Sample 76	2	1	15	99310	36.96	3.82
G5	Sample 77	2	1	1	30750	36.96	1.20
G5	Sample 77	2	1	2	35620	36.96	1.20
G5	Sample 77	2	1	3	40530	36.96	1.19
G5	Sample 77	2	1	4	45420	36.96	1.19
G5	Sample 77	2	1	5	50300	36.96	1.19
G5	Sample 77	2	1	6	55210	37	1.19
G5	Sample 77	2	1	7	60120	37	1.19
G5	Sample 77	2	1	8	65020	37	1.19
G5	Sample 77	2	1	9	69910	36.96	1.20
G5	Sample 77	2	1	10	74820	37	1.20
G5	Sample 77	2	1	11	79720	37	1.19
G5	Sample 77	2	1	12	84610	37	1.19
G5	Sample 77	2	1	13	89510	36.96	1.19
G5	Sample 77	2	1	14	94410	37	1.19
G5	Sample 77	2	1	15	99310	36.96	1.19
G6	Sample 78	2	1	1	30750	36.96	1.16
G6	Sample 78	2	1	2	35620	36.96	1.16
G6	Sample 78	2	1	3	40530	36.96	1.15
G6	Sample 78	2	1	4	45420	36.96	1.15
G6	Sample 78	2	1	5	50300	36.96	1.15
G6	Sample 78	2	1	6	55210	37	1.15
G6	Sample 78	2	1	7	60120	37	1.15
G6	Sample 78	2	1	8	65020	37	1.14
G6	Sample 78	2	1	9	69910	36.96	1.15
G6	Sample 78	2	1	10	74820	37	1.15
G6	Sample 78	2	1	11	79720	37	1.15
G6	Sample 78	2	1	12	84610	37	1.13
G6	Sample 78	2	1	13	89510	36.96	1.14
G6	Sample 78	2	1	14	94410	37	1.14
G6	Sample 78	2	1	15	99310	36.96	1.15
G7	Sample 79	2	1	1	30750	36.96	1.17
G7	Sample 79	2	1	2	35620	36.96	1.17
G7	Sample 79	2	1	3	40530	36.96	1.16
G7	Sample 79	2	1	4	45420	36.96	1.16
G7	Sample 79	2	1	5	50300	36.96	1.16
G7	Sample 79	2	1	6	55210	37	1.16
G7	Sample 79	2	1	7	60120	37	1.16
G7	Sample 79	2	1	8	65020	37	1.16
G7	Sample 79	2	1	9	69910	36.96	1.16
G7	Sample 79	2	1	10	74820	37	1.16
G7	Sample 79	2	1	11	79720	37	1.16
G7	Sample 79	2	1	12	84610	37	1.15
G7	Sample 79	2	1	13	89510	36.96	1.16
G7	Sample 79	2	1	14	94410	37	1.16
G7	Sample 79	2	1	15	99310	36.96	1.16
G8	Sample 80	2	1	1	30750	36.96	1.08
G8	Sample 80	2	1	2	35620	36.96	1.08
G8	Sample 80	2	1	3	40530	36.96	1.07
G8	Sample 80	2	1	4	45420	36.96	1.08
G8	Sample 80	2	1	5	50300	36.96	1.08
G8	Sample 80	2	1	6	55210	37	1.08
G8	Sample 80	2	1	7	60120	37	1.08
G8	Sample 80	2	1	8	65020	37	1.08
G8	Sample 80	2	1	9	69910	36.96	1.08
G8	Sample 80	2	1	10	74820	37	1.08
G8	Sample 80	2	1	11	79720	37	1.07
G8	Sample 80	2	1	12	84610	37	1.07
G8	Sample 80	2	1	13	89510	36.96	1.07
G8	Sample 80	2	1	14	94410	37	1.07
G8	Sample 80	2	1	15	99310	36.96	1.08
G9	Sample 81	2	1	1	30750	36.96	0.85
G9	Sample 81	2	1	2	35620	36.96	0.84
G9	Sample 81	2	1	3	40530	36.96	0.83
G9	Sample 81	2	1	4	45420	36.96	0.83
G9	Sample 81	2	1	5	50300	36.96	0.83
G9	Sample 81	2	1	6	55210	37	0.83
G9	Sample 81	2	1	7	60120	37	0.84
G9	Sample 81	2	1	8	65020	37	0.83
G9	Sample 81	2	1	9	69910	36.96	0.84
G9	Sample 81	2	1	10	74820	37	0.85
G9	Sample 81	2	1	11	79720	37	0.84
G9	Sample 81	2	1	12	84610	37	0.83
G9	Sample 81	2	1	13	89510	36.96	0.83
G9	Sample 81	2	1	14	94410	37	0.83
G9	Sample 81	2	1	15	99310	36.96	0.84
G10	Sample 82	2	1	1	30750	36.96	0.84
G10	Sample 82	2	1	2	35620	36.96	0.85
G10	Sample 82	2	1	3	40530	36.96	0.84
G10	Sample 82	2	1	4	45420	36.96	0.84
G10	Sample 82	2	1	5	50300	36.96	0.84
G10	Sample 82	2	1	6	55210	37	0.83
G10	Sample 82	2	1	7	60120	37	0.84
G10	Sample 82	2	1	8	65020	37	0.84
G10	Sample 82	2	1	9	69910	36.96	0.84
G10	Sample 82	2	1	10	74820	37	0.84
G10	Sample 82	2	1	11	79720	37	0.84
G10	Sample 82	2	1	12	84610	37	0.84
G10	Sample 82	2	1	13	89510	36.96	0.84
G10	Sample 82	2	1	14	94410	37	0.84
G10	Sample 82	2	1	15	99310	36.96	0.84
G11	Sample 83	2	1	1	30750	36.96	0.85
G11	Sample 83	2	1	2	35620	36.96	0.86
G11	Sample 83	2	1	3	40530	36.96	0.85
G11	Sample 83	2	1	4	45420	36.96	0.85
G11	Sample 83	2	1	5	50300	36.96	0.85
G11	Sample 83	2	1	6	55210	37	0.85
G11	Sample 83	2	1	7	60120	37	0.86
G11	Sample 83	2	1	8	65020	37	0.85
G11	Sample 83	2	1	9	69910	36.96	0.86
G11	Sample 83	2	1	10	74820	37	0.85
G11	Sample 83	2	1	11	79720	37	0.85
G11	Sample 83	2	1	12	84610	37	0.84
G11	Sample 83	2	1	13	89510	36.96	0.85
G11	Sample 83	2	1	14	94410	37	0.85
G11	Sample 83	2	1	15	99310	36.96	0.85
G12	Sample 84	2	1	1	30750	36.96	0.77
G12	Sample 84	2	1	2	35620	36.96	0.77
G12	Sample 84	2	1	3	40530	36.96	0.76
G12	Sample 84	2	1	4	45420	36.96	0.77
G12	Sample 84	2	1	5	50300	36.96	0.77
G12	Sample 84	2	1	6	55210	37	0.76
G12	Sample 84	2	1	7	60120	37	0.77
G12	Sample 84	2	1	8	65020	37	0.76
G12	Sample 84	2	1	9	69910	36.96	0.77
G12	Sample 84	2	1	10	74820	37	0.77
G12	Sample 84	2	1	11	79720	37	0.77
G12	Sample 84	2	1	12	84610	37	0.76
G12	Sample 84	2	1	13	89510	36.96	0.76
G12	Sample 84	2	1	14	94410	37	0.75
G12	Sample 84	2	1	15	99310	36.96	0.76
H1	Sample 85	2	1	1	30750	36.96	3.48
H1	Sample 85	2	1	2	35620	36.96	3.49
H1	Sample 85	2	1	3	40530	36.96	3.47
H1	Sample 85	2	1	4	45420	36.96	3.48
H1	Sample 85	2	1	5	50300	36.96	3.47
H1	Sample 85	2	1	6	55210	37	3.48
H1	Sample 85	2	1	7	60120	37	3.47
H1	Sample 85	2	1	8	65020	37	3.46
H1	Sample 85	2	1	9	69910	36.96	3.46
H1	Sample 85	2	1	10	74820	37	3.48
H1	Sample 85	2	1	11	79720	37	3.47
H1	Sample 85	2	1	12	84610	37	3.47
H1	Sample 85	2	1	13	89510	36.96	3.47
H1	Sample 85	2	1	14	94410	37	3.47
H1	Sample 85	2	1	15	99310	36.96	3.46
H2	Sample 86	2	1	1	30750	36.96	3.75
H2	Sample 86	2	1	2	35620	36.96	3.74
H2	Sample 86	2	1	3	40530	36.96	3.74
H2	Sample 86	2	1	4	45420	36.96	3.72
H2	Sample 86	2	1	5	50300	36.96	3.73
H2	Sample 86	2	1	6	55210	37	3.73
H2	Sample 86	2	1	7	60120	37	3.73
H2	Sample 86	2	1	8	65020	37	3.72
H2	Sample 86	2	1	9	69910	36.96	3.72
H2	Sample 86	2	1	10	74820	37	3.73
H2	Sample 86	2	1	11	79720	37	3.72
H2	Sample 86	2	1	12	84610	37	3.72
H2	Sample 86	2	1	13	89510	36.96	3.72
H2	Sample 86	2	1	14	94410	37	3.72
H2	Sample 86	2	1	15	99310	36.96	3.72
H3	Sample 87	2	1	1	30750	36.96	3.66
H3	Sample 87	2	1	2	35620	36.96	3.64
H3	Sample 87	2	1	3	40530	36.96	3.63
H3	Sample 87	2	1	4	45420	36.96	3.63
H3	Sample 87	2	1	5	50300	36.96	3.63
H3	Sample 87	2	1	6	55210	37	3.62
H3	Sample 87	2	1	7	60120	37	3.63
H3	Sample 87	2	1	8	65020	37	3.63
H3	Sample 87	2	1	9	69910	36.96	3.61
H3	Sample 87	2	1	10	74820	37	3.62
H3	Sample 87	2	1	11	79720	37	3.63
H3	Sample 87	2	1	12	84610	37	3.61
H3	Sample 87	2	1	13	89510	36.96	3.62
H3	Sample 87	2	1	14	94410	37	3.63
H3	Sample 87	2	1	15	99310	36.96	3.63
H4	Sample 88	2	1	1	30750	36.96	3.41
H4	Sample 88	2	1	2	35620	36.96	3.39
H4	Sample 88	2	1	3	40530	36.96	3.39
H4	Sample 88	2	1	4	45420	36.96	3.39
H4	Sample 88	2	1	5	50300	36.96	3.39
H4	Sample 88	2	1	6	55210	37	3.39
H4	Sample 88	2	1	7	60120	37	3.39
H4	Sample 88	2	1	8	65020	37	3.38
H4	Sample 88	2	1	9	69910	36.96	3.38
H4	Sample 88	2	1	10	74820	37	3.38
H4	Sample 88	2	1	11	79720	37	3.38
H4	Sample 88	2	1	12	84610	37	3.37
H4	Sample 88	2	1	13	89510	36.96	3.38
H4	Sample 88	2	1	14	94410	37	3.37
H4	Sample 88	2	1	15	99310	36.96	3.38
H5	Sample 89	2	1	1	30750	36.96	1.16
H5	Sample 89	2	1	2	35620	36.96	1.16
H5	Sample 89	2	1	3	40530	36.96	1.15
H5	Sample 89	2	1	4	45420	36.96	1.15
H5	Sample 89	2	1	5	50300	36.96	1.16
H5	Sample 89	2	1	6	55210	37	1.15
H5	Sample 89	2	1	7	60120	37	1.16
H5	Sample 89	2	1	8	65020	37	1.15
H5	Sample 89	2	1	9	69910	36.96	1.14
H5	Sample 89	2	1	10	74820	37	1.16
H5	Sample 89	2	1	11	79720	37	1.15
H5	Sample 89	2	1	12	84610	37	1.15
H5	Sample 89	2	1	13	89510	36.96	1.15
H5	Sample 89	2	1	14	94410	37	1.15
H5	Sample 89	2	1	15	99310	36.96	1.15
H6	Sample 90	2	1	1	30750	36.96	1.12
H6	Sample 90	2	1	2	35620	36.96	1.10
H6	Sample 90	2	1	3	40530	36.96	1.10
H6	Sample 90	2	1	4	45420	36.96	1.10
H6	Sample 90	2	1	5	50300	36.96	1.11
H6	Sample 90	2	1	6	55210	37	1.11
H6	Sample 90	2	1	7	60120	37	1.11
H6	Sample 90	2	1	8	65020	37	1.11
H6	Sample 90	2	1	9	69910	36.96	1.10
H6	Sample 90	2	1	10	74820	37	1.11
H6	Sample 90	2	1	11	79720	37	1.10
H6	Sample 90	2	1	12	84610	37	1.11
H6	Sample 90	2	1	13	89510	36.96	1.10
H6	Sample 90	2	1	14	94410	37	1.10
H6	Sample 90	2	1	15	99310	36.96	1.10
H7	Sample 91	2	1	1	30750	36.96	1.16
H7	Sample 91	2	1	2	35620	36.96	1.15
H7	Sample 91	2	1	3	40530	36.96	1.14
H7	Sample 91	2	1	4	45420	36.96	1.14
H7	Sample 91	2	1	5	50300	36.96	1.15
H7	Sample 91	2	1	6	55210	37	1.15
H7	Sample 91	2	1	7	60120	37	1.14
H7	Sample 91	2	1	8	65020	37	1.14
H7	Sample 91	2	1	9	69910	36.96	1.14
H7	Sample 91	2	1	10	74820	37	1.16
H7	Sample 91	2	1	11	79720	37	1.14
H7	Sample 91	2	1	12	84610	37	1.14
H7	Sample 91	2	1	13	89510	36.96	1.14
H7	Sample 91	2	1	14	94410	37	1.14
H7	Sample 91	2	1	15	99310	36.96	1.14
H8	Sample 92	2	1	1	30750	36.96	1.10
H8	Sample 92	2	1	2	35620	36.96	1.09
H8	Sample 92	2	1	3	40530	36.96	1.08
H8	Sample 92	2	1	4	45420	36.96	1.09
H8	Sample 92	2	1	5	50300	36.96	1.09
H8	Sample 92	2	1	6	55210	37	1.08
H8	Sample 92	2	1	7	60120	37	1.09
H8	Sample 92	2	1	8	65020	37	1.09
H8	Sample 92	2	1	9	69910	36.96	1.08
H8	Sample 92	2	1	10	74820	37	1.09
H8	Sample 92	2	1	11	79720	37	1.09
H8	Sample 92	2	1	12	84610	37	1.08
H8	Sample 92	2	1	13	89510	36.96	1.08
H8	Sample 92	2	1	14	94410	37	1.09
H8	Sample 92	2	1	15	99310	36.96	1.09
H9	Sample 93	2	1	1	30750	36.96	0.83
H9	Sample 93	2	1	2	35620	36.96	0.83
H9	Sample 93	2	1	3	40530	36.96	0.82
H9	Sample 93	2	1	4	45420	36.96	0.83
H9	Sample 93	2	1	5	50300	36.96	0.82
H9	Sample 93	2	1	6	55210	37	0.82
H9	Sample 93	2	1	7	60120	37	0.83
H9	Sample 93	2	1	8	65020	37	0.83
H9	Sample 93	2	1	9	69910	36.96	0.81
H9	Sample 93	2	1	10	74820	37	0.82
H9	Sample 93	2	1	11	79720	37	0.82
H9	Sample 93	2	1	12	84610	37	0.82
H9	Sample 93	2	1	13	89510	36.96	0.82
H9	Sample 93	2	1	14	94410	37	0.82
H9	Sample 93	2	1	15	99310	36.96	0.82
H10	Sample 94	2	1	1	30750	36.96	0.82
H10	Sample 94	2	1	2	35620	36.96	0.81
H10	Sample 94	2	1	3	40530	36.96	0.81
H10	Sample 94	2	1	4	45420	36.96	0.81
H10	Sample 94	2	1	5	50300	36.96	0.81
H10	Sample 94	2	1	6	55210	37	0.81
H10	Sample 94	2	1	7	60120	37	0.81
H10	Sample 94	2	1	8	65020	37	0.81
H10	Sample 94	2	1	9	69910	36.96	0.81
H10	Sample 94	2	1	10	74820	37	0.82
H10	Sample 94	2	1	11	79720	37	0.81
H10	Sample 94	2	1	12	84610	37	0.81
H10	Sample 94	2	1	13	89510	36.96	0.81
H10	Sample 94	2	1	14	94410	37	0.82
H10	Sample 94	2	1	15	99310	36.96	0.81
H11	Sample 95	2	1	1	30750	36.96	0.78
H11	Sample 95	2	1	2	35620	36.96	0.77
H11	Sample 95	2	1	3	40530	36.96	0.77
H11	Sample 95	2	1	4	45420	36.96	0.77
H11	Sample 95	2	1	5	50300	36.96	0.77
H11	Sample 95	2	1	6	55210	37	0.77
H11	Sample 95	2	1	7	60120	37	0.78
H11	Sample 95	2	1	8	65020	37	0.77
H11	Sample 95	2	1	9	69910	36.96	0.76
H11	Sample 95	2	1	10	74820	37	0.78
H11	Sample 95	2	1	11	79720	37	0.77
H11	Sample 95	2	1	12	84610	37	0.77
H11	Sample 95	2	1	13	89510	36.96	0.77
H11	Sample 95	2	1	14	94410	37	0.77
H11	Sample 95	2	1	15	99310	36.96	0.77
H12	Sample 96	2	1	1	30750	36.96	0.77
H12	Sample 96	2	1	2	35620	36.96	0.77
H12	Sample 96	2	1	3	40530	36.96	0.76
H12	Sample 96	2	1	4	45420	36.96	0.77
H12	Sample 96	2	1	5	50300	36.96	0.76
H12	Sample 96	2	1	6	55210	37	0.76
H12	Sample 96	2	1	7	60120	37	0.77
H12	Sample 96	2	1	8	65020	37	0.76
H12	Sample 96	2	1	9	69910	36.96	0.76
H12	Sample 96	2	1	10	74820	37	0.77
H12	Sample 96	2	1	11	79720	37	0.77
H12	Sample 96	2	1	12	84610	37	0.76
H12	Sample 96	2	1	13	89510	36.96	0.76
H12	Sample 96	2	1	14	94410	37	0.77
H12	Sample 96	2	1	15	99310	36.96	0.77
