Raw Data 		Experiment - evIC50_6_plate4_17APRIL2026 (Run on LCS480 1.5.1.62)
SamplePos	SampleName	Prog#	Seg#	Cycle#	Time	Temp	465-510	
A1	Sample 1	2	1	1	32740	36.91	0.73
A1	Sample 1	2	1	2	37750	36.91	0.73
A1	Sample 1	2	1	3	42750	36.96	0.73
A1	Sample 1	2	1	4	47740	37	0.72
A1	Sample 1	2	1	5	52750	37	0.72
A1	Sample 1	2	1	6	57750	37	0.73
A1	Sample 1	2	1	7	62760	36.96	0.72
A1	Sample 1	2	1	8	67750	37	0.73
A1	Sample 1	2	1	9	72770	36.96	0.73
A1	Sample 1	2	1	10	77760	37	0.72
A1	Sample 1	2	1	11	82750	36.96	0.73
A1	Sample 1	2	1	12	87760	36.96	0.72
A1	Sample 1	2	1	13	92750	36.96	0.72
A1	Sample 1	2	1	14	97760	37	0.72
A1	Sample 1	2	1	15	102760	37	0.72
A2	Sample 2	2	1	1	32740	36.91	0.76
A2	Sample 2	2	1	2	37750	36.91	0.75
A2	Sample 2	2	1	3	42750	36.96	0.75
A2	Sample 2	2	1	4	47740	37	0.75
A2	Sample 2	2	1	5	52750	37	0.75
A2	Sample 2	2	1	6	57750	37	0.75
A2	Sample 2	2	1	7	62760	36.96	0.74
A2	Sample 2	2	1	8	67750	37	0.75
A2	Sample 2	2	1	9	72770	36.96	0.75
A2	Sample 2	2	1	10	77760	37	0.74
A2	Sample 2	2	1	11	82750	36.96	0.74
A2	Sample 2	2	1	12	87760	36.96	0.75
A2	Sample 2	2	1	13	92750	36.96	0.74
A2	Sample 2	2	1	14	97760	37	0.74
A2	Sample 2	2	1	15	102760	37	0.74
A3	Sample 3	2	1	1	32740	36.91	0.85
A3	Sample 3	2	1	2	37750	36.91	0.84
A3	Sample 3	2	1	3	42750	36.96	0.84
A3	Sample 3	2	1	4	47740	37	0.84
A3	Sample 3	2	1	5	52750	37	0.83
A3	Sample 3	2	1	6	57750	37	0.84
A3	Sample 3	2	1	7	62760	36.96	0.84
A3	Sample 3	2	1	8	67750	37	0.84
A3	Sample 3	2	1	9	72770	36.96	0.83
A3	Sample 3	2	1	10	77760	37	0.84
A3	Sample 3	2	1	11	82750	36.96	0.83
A3	Sample 3	2	1	12	87760	36.96	0.84
A3	Sample 3	2	1	13	92750	36.96	0.83
A3	Sample 3	2	1	14	97760	37	0.84
A3	Sample 3	2	1	15	102760	37	0.84
A4	Sample 4	2	1	1	32740	36.91	0.83
A4	Sample 4	2	1	2	37750	36.91	0.82
A4	Sample 4	2	1	3	42750	36.96	0.82
A4	Sample 4	2	1	4	47740	37	0.82
A4	Sample 4	2	1	5	52750	37	0.81
A4	Sample 4	2	1	6	57750	37	0.82
A4	Sample 4	2	1	7	62760	36.96	0.82
A4	Sample 4	2	1	8	67750	37	0.82
A4	Sample 4	2	1	9	72770	36.96	0.82
A4	Sample 4	2	1	10	77760	37	0.81
A4	Sample 4	2	1	11	82750	36.96	0.81
A4	Sample 4	2	1	12	87760	36.96	0.82
A4	Sample 4	2	1	13	92750	36.96	0.81
A4	Sample 4	2	1	14	97760	37	0.81
A4	Sample 4	2	1	15	102760	37	0.82
A5	Sample 5	2	1	1	32740	36.91	1.01
A5	Sample 5	2	1	2	37750	36.91	1.00
A5	Sample 5	2	1	3	42750	36.96	1.00
A5	Sample 5	2	1	4	47740	37	1.00
A5	Sample 5	2	1	5	52750	37	1.00
A5	Sample 5	2	1	6	57750	37	1.01
A5	Sample 5	2	1	7	62760	36.96	1.00
A5	Sample 5	2	1	8	67750	37	1.01
A5	Sample 5	2	1	9	72770	36.96	1.00
A5	Sample 5	2	1	10	77760	37	1.00
A5	Sample 5	2	1	11	82750	36.96	1.00
A5	Sample 5	2	1	12	87760	36.96	1.00
A5	Sample 5	2	1	13	92750	36.96	1.00
A5	Sample 5	2	1	14	97760	37	1.01
A5	Sample 5	2	1	15	102760	37	1.00
A6	Sample 6	2	1	1	32740	36.91	1.11
A6	Sample 6	2	1	2	37750	36.91	1.10
A6	Sample 6	2	1	3	42750	36.96	1.10
A6	Sample 6	2	1	4	47740	37	1.10
A6	Sample 6	2	1	5	52750	37	1.10
A6	Sample 6	2	1	6	57750	37	1.11
A6	Sample 6	2	1	7	62760	36.96	1.10
A6	Sample 6	2	1	8	67750	37	1.10
A6	Sample 6	2	1	9	72770	36.96	1.10
A6	Sample 6	2	1	10	77760	37	1.10
A6	Sample 6	2	1	11	82750	36.96	1.10
A6	Sample 6	2	1	12	87760	36.96	1.10
A6	Sample 6	2	1	13	92750	36.96	1.10
A6	Sample 6	2	1	14	97760	37	1.10
A6	Sample 6	2	1	15	102760	37	1.10
A7	Sample 7	2	1	1	32740	36.91	1.12
A7	Sample 7	2	1	2	37750	36.91	1.11
A7	Sample 7	2	1	3	42750	36.96	1.12
A7	Sample 7	2	1	4	47740	37	1.11
A7	Sample 7	2	1	5	52750	37	1.11
A7	Sample 7	2	1	6	57750	37	1.11
A7	Sample 7	2	1	7	62760	36.96	1.11
A7	Sample 7	2	1	8	67750	37	1.10
A7	Sample 7	2	1	9	72770	36.96	1.12
A7	Sample 7	2	1	10	77760	37	1.11
A7	Sample 7	2	1	11	82750	36.96	1.11
A7	Sample 7	2	1	12	87760	36.96	1.11
A7	Sample 7	2	1	13	92750	36.96	1.11
A7	Sample 7	2	1	14	97760	37	1.11
A7	Sample 7	2	1	15	102760	37	1.10
A8	Sample 8	2	1	1	32740	36.91	1.04
A8	Sample 8	2	1	2	37750	36.91	1.03
A8	Sample 8	2	1	3	42750	36.96	1.03
A8	Sample 8	2	1	4	47740	37	1.03
A8	Sample 8	2	1	5	52750	37	1.02
A8	Sample 8	2	1	6	57750	37	1.03
A8	Sample 8	2	1	7	62760	36.96	1.03
A8	Sample 8	2	1	8	67750	37	1.02
A8	Sample 8	2	1	9	72770	36.96	1.03
A8	Sample 8	2	1	10	77760	37	1.03
A8	Sample 8	2	1	11	82750	36.96	1.02
A8	Sample 8	2	1	12	87760	36.96	1.03
A8	Sample 8	2	1	13	92750	36.96	1.03
A8	Sample 8	2	1	14	97760	37	1.03
A8	Sample 8	2	1	15	102760	37	1.03
A9	Sample 9	2	1	1	32740	36.91	1.18
A9	Sample 9	2	1	2	37750	36.91	1.17
A9	Sample 9	2	1	3	42750	36.96	1.18
A9	Sample 9	2	1	4	47740	37	1.16
A9	Sample 9	2	1	5	52750	37	1.16
A9	Sample 9	2	1	6	57750	37	1.17
A9	Sample 9	2	1	7	62760	36.96	1.17
A9	Sample 9	2	1	8	67750	37	1.17
A9	Sample 9	2	1	9	72770	36.96	1.17
A9	Sample 9	2	1	10	77760	37	1.17
A9	Sample 9	2	1	11	82750	36.96	1.17
A9	Sample 9	2	1	12	87760	36.96	1.16
A9	Sample 9	2	1	13	92750	36.96	1.16
A9	Sample 9	2	1	14	97760	37	1.17
A9	Sample 9	2	1	15	102760	37	1.16
A10	Sample 10	2	1	1	32740	36.91	1.14
A10	Sample 10	2	1	2	37750	36.91	1.13
A10	Sample 10	2	1	3	42750	36.96	1.13
A10	Sample 10	2	1	4	47740	37	1.13
A10	Sample 10	2	1	5	52750	37	1.12
A10	Sample 10	2	1	6	57750	37	1.13
A10	Sample 10	2	1	7	62760	36.96	1.12
A10	Sample 10	2	1	8	67750	37	1.13
A10	Sample 10	2	1	9	72770	36.96	1.13
A10	Sample 10	2	1	10	77760	37	1.13
A10	Sample 10	2	1	11	82750	36.96	1.12
A10	Sample 10	2	1	12	87760	36.96	1.13
A10	Sample 10	2	1	13	92750	36.96	1.13
A10	Sample 10	2	1	14	97760	37	1.13
A10	Sample 10	2	1	15	102760	37	1.13
A11	Sample 11	2	1	1	32740	36.91	1.19
A11	Sample 11	2	1	2	37750	36.91	1.18
A11	Sample 11	2	1	3	42750	36.96	1.18
A11	Sample 11	2	1	4	47740	37	1.18
A11	Sample 11	2	1	5	52750	37	1.18
A11	Sample 11	2	1	6	57750	37	1.18
A11	Sample 11	2	1	7	62760	36.96	1.17
A11	Sample 11	2	1	8	67750	37	1.18
A11	Sample 11	2	1	9	72770	36.96	1.18
A11	Sample 11	2	1	10	77760	37	1.18
A11	Sample 11	2	1	11	82750	36.96	1.17
A11	Sample 11	2	1	12	87760	36.96	1.18
A11	Sample 11	2	1	13	92750	36.96	1.17
A11	Sample 11	2	1	14	97760	37	1.18
A11	Sample 11	2	1	15	102760	37	1.18
A12	Sample 12	2	1	1	32740	36.91	1.13
A12	Sample 12	2	1	2	37750	36.91	1.12
A12	Sample 12	2	1	3	42750	36.96	1.12
A12	Sample 12	2	1	4	47740	37	1.11
A12	Sample 12	2	1	5	52750	37	1.11
A12	Sample 12	2	1	6	57750	37	1.12
A12	Sample 12	2	1	7	62760	36.96	1.11
A12	Sample 12	2	1	8	67750	37	1.11
A12	Sample 12	2	1	9	72770	36.96	1.11
A12	Sample 12	2	1	10	77760	37	1.11
A12	Sample 12	2	1	11	82750	36.96	1.11
A12	Sample 12	2	1	12	87760	36.96	1.12
A12	Sample 12	2	1	13	92750	36.96	1.11
A12	Sample 12	2	1	14	97760	37	1.12
A12	Sample 12	2	1	15	102760	37	1.11
B1	Sample 13	2	1	1	32740	36.91	0.67
B1	Sample 13	2	1	2	37750	36.91	0.66
B1	Sample 13	2	1	3	42750	36.96	0.67
B1	Sample 13	2	1	4	47740	37	0.66
B1	Sample 13	2	1	5	52750	37	0.66
B1	Sample 13	2	1	6	57750	37	0.66
B1	Sample 13	2	1	7	62760	36.96	0.66
B1	Sample 13	2	1	8	67750	37	0.66
B1	Sample 13	2	1	9	72770	36.96	0.65
B1	Sample 13	2	1	10	77760	37	0.66
B1	Sample 13	2	1	11	82750	36.96	0.66
B1	Sample 13	2	1	12	87760	36.96	0.66
B1	Sample 13	2	1	13	92750	36.96	0.66
B1	Sample 13	2	1	14	97760	37	0.66
B1	Sample 13	2	1	15	102760	37	0.66
B2	Sample 14	2	1	1	32740	36.91	0.74
B2	Sample 14	2	1	2	37750	36.91	0.74
B2	Sample 14	2	1	3	42750	36.96	0.73
B2	Sample 14	2	1	4	47740	37	0.73
B2	Sample 14	2	1	5	52750	37	0.73
B2	Sample 14	2	1	6	57750	37	0.73
B2	Sample 14	2	1	7	62760	36.96	0.74
B2	Sample 14	2	1	8	67750	37	0.73
B2	Sample 14	2	1	9	72770	36.96	0.73
B2	Sample 14	2	1	10	77760	37	0.73
B2	Sample 14	2	1	11	82750	36.96	0.73
B2	Sample 14	2	1	12	87760	36.96	0.72
B2	Sample 14	2	1	13	92750	36.96	0.72
B2	Sample 14	2	1	14	97760	37	0.73
B2	Sample 14	2	1	15	102760	37	0.72
B3	Sample 15	2	1	1	32740	36.91	0.76
B3	Sample 15	2	1	2	37750	36.91	0.75
B3	Sample 15	2	1	3	42750	36.96	0.76
B3	Sample 15	2	1	4	47740	37	0.76
B3	Sample 15	2	1	5	52750	37	0.75
B3	Sample 15	2	1	6	57750	37	0.76
B3	Sample 15	2	1	7	62760	36.96	0.75
B3	Sample 15	2	1	8	67750	37	0.75
B3	Sample 15	2	1	9	72770	36.96	0.75
B3	Sample 15	2	1	10	77760	37	0.75
B3	Sample 15	2	1	11	82750	36.96	0.75
B3	Sample 15	2	1	12	87760	36.96	0.75
B3	Sample 15	2	1	13	92750	36.96	0.74
B3	Sample 15	2	1	14	97760	37	0.75
B3	Sample 15	2	1	15	102760	37	0.75
B4	Sample 16	2	1	1	32740	36.91	0.77
B4	Sample 16	2	1	2	37750	36.91	0.76
B4	Sample 16	2	1	3	42750	36.96	0.76
B4	Sample 16	2	1	4	47740	37	0.75
B4	Sample 16	2	1	5	52750	37	0.76
B4	Sample 16	2	1	6	57750	37	0.76
B4	Sample 16	2	1	7	62760	36.96	0.75
B4	Sample 16	2	1	8	67750	37	0.76
B4	Sample 16	2	1	9	72770	36.96	0.75
B4	Sample 16	2	1	10	77760	37	0.75
B4	Sample 16	2	1	11	82750	36.96	0.76
B4	Sample 16	2	1	12	87760	36.96	0.75
B4	Sample 16	2	1	13	92750	36.96	0.75
B4	Sample 16	2	1	14	97760	37	0.75
B4	Sample 16	2	1	15	102760	37	0.75
B5	Sample 17	2	1	1	32740	36.91	0.99
B5	Sample 17	2	1	2	37750	36.91	0.98
B5	Sample 17	2	1	3	42750	36.96	0.99
B5	Sample 17	2	1	4	47740	37	0.98
B5	Sample 17	2	1	5	52750	37	0.97
B5	Sample 17	2	1	6	57750	37	0.98
B5	Sample 17	2	1	7	62760	36.96	0.98
B5	Sample 17	2	1	8	67750	37	0.98
B5	Sample 17	2	1	9	72770	36.96	0.97
B5	Sample 17	2	1	10	77760	37	0.98
B5	Sample 17	2	1	11	82750	36.96	0.97
B5	Sample 17	2	1	12	87760	36.96	0.97
B5	Sample 17	2	1	13	92750	36.96	0.97
B5	Sample 17	2	1	14	97760	37	0.97
B5	Sample 17	2	1	15	102760	37	0.97
B6	Sample 18	2	1	1	32740	36.91	0.99
B6	Sample 18	2	1	2	37750	36.91	0.99
B6	Sample 18	2	1	3	42750	36.96	0.99
B6	Sample 18	2	1	4	47740	37	0.99
B6	Sample 18	2	1	5	52750	37	0.98
B6	Sample 18	2	1	6	57750	37	0.99
B6	Sample 18	2	1	7	62760	36.96	0.98
B6	Sample 18	2	1	8	67750	37	0.99
B6	Sample 18	2	1	9	72770	36.96	0.98
B6	Sample 18	2	1	10	77760	37	0.98
B6	Sample 18	2	1	11	82750	36.96	0.98
B6	Sample 18	2	1	12	87760	36.96	0.99
B6	Sample 18	2	1	13	92750	36.96	0.98
B6	Sample 18	2	1	14	97760	37	0.98
B6	Sample 18	2	1	15	102760	37	0.98
B7	Sample 19	2	1	1	32740	36.91	1.01
B7	Sample 19	2	1	2	37750	36.91	1.00
B7	Sample 19	2	1	3	42750	36.96	1.00
B7	Sample 19	2	1	4	47740	37	1.00
B7	Sample 19	2	1	5	52750	37	1.00
B7	Sample 19	2	1	6	57750	37	1.00
B7	Sample 19	2	1	7	62760	36.96	1.00
B7	Sample 19	2	1	8	67750	37	0.99
B7	Sample 19	2	1	9	72770	36.96	1.00
B7	Sample 19	2	1	10	77760	37	1.01
B7	Sample 19	2	1	11	82750	36.96	1.00
B7	Sample 19	2	1	12	87760	36.96	0.99
B7	Sample 19	2	1	13	92750	36.96	1.00
B7	Sample 19	2	1	14	97760	37	0.99
B7	Sample 19	2	1	15	102760	37	1.00
B8	Sample 20	2	1	1	32740	36.91	0.97
B8	Sample 20	2	1	2	37750	36.91	0.96
B8	Sample 20	2	1	3	42750	36.96	0.97
B8	Sample 20	2	1	4	47740	37	0.96
B8	Sample 20	2	1	5	52750	37	0.96
B8	Sample 20	2	1	6	57750	37	0.96
B8	Sample 20	2	1	7	62760	36.96	0.96
B8	Sample 20	2	1	8	67750	37	0.97
B8	Sample 20	2	1	9	72770	36.96	0.96
B8	Sample 20	2	1	10	77760	37	0.95
B8	Sample 20	2	1	11	82750	36.96	0.96
B8	Sample 20	2	1	12	87760	36.96	0.96
B8	Sample 20	2	1	13	92750	36.96	0.95
B8	Sample 20	2	1	14	97760	37	0.95
B8	Sample 20	2	1	15	102760	37	0.95
B9	Sample 21	2	1	1	32740	36.91	1.18
B9	Sample 21	2	1	2	37750	36.91	1.18
B9	Sample 21	2	1	3	42750	36.96	1.18
B9	Sample 21	2	1	4	47740	37	1.16
B9	Sample 21	2	1	5	52750	37	1.17
B9	Sample 21	2	1	6	57750	37	1.17
B9	Sample 21	2	1	7	62760	36.96	1.17
B9	Sample 21	2	1	8	67750	37	1.17
B9	Sample 21	2	1	9	72770	36.96	1.16
B9	Sample 21	2	1	10	77760	37	1.16
B9	Sample 21	2	1	11	82750	36.96	1.16
B9	Sample 21	2	1	12	87760	36.96	1.16
B9	Sample 21	2	1	13	92750	36.96	1.15
B9	Sample 21	2	1	14	97760	37	1.16
B9	Sample 21	2	1	15	102760	37	1.16
B10	Sample 22	2	1	1	32740	36.91	1.15
B10	Sample 22	2	1	2	37750	36.91	1.14
B10	Sample 22	2	1	3	42750	36.96	1.14
B10	Sample 22	2	1	4	47740	37	1.14
B10	Sample 22	2	1	5	52750	37	1.13
B10	Sample 22	2	1	6	57750	37	1.14
B10	Sample 22	2	1	7	62760	36.96	1.13
B10	Sample 22	2	1	8	67750	37	1.13
B10	Sample 22	2	1	9	72770	36.96	1.14
B10	Sample 22	2	1	10	77760	37	1.14
B10	Sample 22	2	1	11	82750	36.96	1.14
B10	Sample 22	2	1	12	87760	36.96	1.13
B10	Sample 22	2	1	13	92750	36.96	1.13
B10	Sample 22	2	1	14	97760	37	1.13
B10	Sample 22	2	1	15	102760	37	1.13
B11	Sample 23	2	1	1	32740	36.91	1.24
B11	Sample 23	2	1	2	37750	36.91	1.23
B11	Sample 23	2	1	3	42750	36.96	1.23
B11	Sample 23	2	1	4	47740	37	1.23
B11	Sample 23	2	1	5	52750	37	1.22
B11	Sample 23	2	1	6	57750	37	1.22
B11	Sample 23	2	1	7	62760	36.96	1.22
B11	Sample 23	2	1	8	67750	37	1.22
B11	Sample 23	2	1	9	72770	36.96	1.22
B11	Sample 23	2	1	10	77760	37	1.23
B11	Sample 23	2	1	11	82750	36.96	1.22
B11	Sample 23	2	1	12	87760	36.96	1.22
B11	Sample 23	2	1	13	92750	36.96	1.21
B11	Sample 23	2	1	14	97760	37	1.22
B11	Sample 23	2	1	15	102760	37	1.22
B12	Sample 24	2	1	1	32740	36.91	1.12
B12	Sample 24	2	1	2	37750	36.91	1.12
B12	Sample 24	2	1	3	42750	36.96	1.12
B12	Sample 24	2	1	4	47740	37	1.11
B12	Sample 24	2	1	5	52750	37	1.11
B12	Sample 24	2	1	6	57750	37	1.12
B12	Sample 24	2	1	7	62760	36.96	1.11
B12	Sample 24	2	1	8	67750	37	1.12
B12	Sample 24	2	1	9	72770	36.96	1.12
B12	Sample 24	2	1	10	77760	37	1.11
B12	Sample 24	2	1	11	82750	36.96	1.11
B12	Sample 24	2	1	12	87760	36.96	1.11
B12	Sample 24	2	1	13	92750	36.96	1.11
B12	Sample 24	2	1	14	97760	37	1.11
B12	Sample 24	2	1	15	102760	37	1.12
C1	Sample 25	2	1	1	32740	36.91	0.68
C1	Sample 25	2	1	2	37750	36.91	0.69
C1	Sample 25	2	1	3	42750	36.96	0.69
C1	Sample 25	2	1	4	47740	37	0.68
C1	Sample 25	2	1	5	52750	37	0.68
C1	Sample 25	2	1	6	57750	37	0.69
C1	Sample 25	2	1	7	62760	36.96	0.69
C1	Sample 25	2	1	8	67750	37	0.68
C1	Sample 25	2	1	9	72770	36.96	0.68
C1	Sample 25	2	1	10	77760	37	0.68
C1	Sample 25	2	1	11	82750	36.96	0.68
C1	Sample 25	2	1	12	87760	36.96	0.68
C1	Sample 25	2	1	13	92750	36.96	0.68
C1	Sample 25	2	1	14	97760	37	0.68
C1	Sample 25	2	1	15	102760	37	0.69
C2	Sample 26	2	1	1	32740	36.91	0.71
C2	Sample 26	2	1	2	37750	36.91	0.71
C2	Sample 26	2	1	3	42750	36.96	0.71
C2	Sample 26	2	1	4	47740	37	0.71
C2	Sample 26	2	1	5	52750	37	0.70
C2	Sample 26	2	1	6	57750	37	0.71
C2	Sample 26	2	1	7	62760	36.96	0.70
C2	Sample 26	2	1	8	67750	37	0.69
C2	Sample 26	2	1	9	72770	36.96	0.69
C2	Sample 26	2	1	10	77760	37	0.70
C2	Sample 26	2	1	11	82750	36.96	0.69
C2	Sample 26	2	1	12	87760	36.96	0.69
C2	Sample 26	2	1	13	92750	36.96	0.69
C2	Sample 26	2	1	14	97760	37	0.69
C2	Sample 26	2	1	15	102760	37	0.69
C3	Sample 27	2	1	1	32740	36.91	0.79
C3	Sample 27	2	1	2	37750	36.91	0.79
C3	Sample 27	2	1	3	42750	36.96	0.80
C3	Sample 27	2	1	4	47740	37	0.78
C3	Sample 27	2	1	5	52750	37	0.79
C3	Sample 27	2	1	6	57750	37	0.79
C3	Sample 27	2	1	7	62760	36.96	0.78
C3	Sample 27	2	1	8	67750	37	0.78
C3	Sample 27	2	1	9	72770	36.96	0.78
C3	Sample 27	2	1	10	77760	37	0.78
C3	Sample 27	2	1	11	82750	36.96	0.78
C3	Sample 27	2	1	12	87760	36.96	0.78
C3	Sample 27	2	1	13	92750	36.96	0.77
C3	Sample 27	2	1	14	97760	37	0.78
C3	Sample 27	2	1	15	102760	37	0.77
C4	Sample 28	2	1	1	32740	36.91	0.75
C4	Sample 28	2	1	2	37750	36.91	0.75
C4	Sample 28	2	1	3	42750	36.96	0.75
C4	Sample 28	2	1	4	47740	37	0.75
C4	Sample 28	2	1	5	52750	37	0.75
C4	Sample 28	2	1	6	57750	37	0.75
C4	Sample 28	2	1	7	62760	36.96	0.75
C4	Sample 28	2	1	8	67750	37	0.74
C4	Sample 28	2	1	9	72770	36.96	0.74
C4	Sample 28	2	1	10	77760	37	0.74
C4	Sample 28	2	1	11	82750	36.96	0.74
C4	Sample 28	2	1	12	87760	36.96	0.74
C4	Sample 28	2	1	13	92750	36.96	0.74
C4	Sample 28	2	1	14	97760	37	0.74
C4	Sample 28	2	1	15	102760	37	0.74
C5	Sample 29	2	1	1	32740	36.91	0.96
C5	Sample 29	2	1	2	37750	36.91	0.96
C5	Sample 29	2	1	3	42750	36.96	0.96
C5	Sample 29	2	1	4	47740	37	0.96
C5	Sample 29	2	1	5	52750	37	0.96
C5	Sample 29	2	1	6	57750	37	0.96
C5	Sample 29	2	1	7	62760	36.96	0.96
C5	Sample 29	2	1	8	67750	37	0.96
C5	Sample 29	2	1	9	72770	36.96	0.95
C5	Sample 29	2	1	10	77760	37	0.95
C5	Sample 29	2	1	11	82750	36.96	0.95
C5	Sample 29	2	1	12	87760	36.96	0.95
C5	Sample 29	2	1	13	92750	36.96	0.96
C5	Sample 29	2	1	14	97760	37	0.95
C5	Sample 29	2	1	15	102760	37	0.96
C6	Sample 30	2	1	1	32740	36.91	1.07
C6	Sample 30	2	1	2	37750	36.91	1.07
C6	Sample 30	2	1	3	42750	36.96	1.07
C6	Sample 30	2	1	4	47740	37	1.07
C6	Sample 30	2	1	5	52750	37	1.06
C6	Sample 30	2	1	6	57750	37	1.06
C6	Sample 30	2	1	7	62760	36.96	1.07
C6	Sample 30	2	1	8	67750	37	1.06
C6	Sample 30	2	1	9	72770	36.96	1.06
C6	Sample 30	2	1	10	77760	37	1.07
C6	Sample 30	2	1	11	82750	36.96	1.06
C6	Sample 30	2	1	12	87760	36.96	1.06
C6	Sample 30	2	1	13	92750	36.96	1.05
C6	Sample 30	2	1	14	97760	37	1.06
C6	Sample 30	2	1	15	102760	37	1.06
C7	Sample 31	2	1	1	32740	36.91	1.04
C7	Sample 31	2	1	2	37750	36.91	1.04
C7	Sample 31	2	1	3	42750	36.96	1.04
C7	Sample 31	2	1	4	47740	37	1.03
C7	Sample 31	2	1	5	52750	37	1.02
C7	Sample 31	2	1	6	57750	37	1.03
C7	Sample 31	2	1	7	62760	36.96	1.03
C7	Sample 31	2	1	8	67750	37	1.02
C7	Sample 31	2	1	9	72770	36.96	1.03
C7	Sample 31	2	1	10	77760	37	1.03
C7	Sample 31	2	1	11	82750	36.96	1.03
C7	Sample 31	2	1	12	87760	36.96	1.02
C7	Sample 31	2	1	13	92750	36.96	1.02
C7	Sample 31	2	1	14	97760	37	1.02
C7	Sample 31	2	1	15	102760	37	1.02
C8	Sample 32	2	1	1	32740	36.91	0.97
C8	Sample 32	2	1	2	37750	36.91	0.97
C8	Sample 32	2	1	3	42750	36.96	0.96
C8	Sample 32	2	1	4	47740	37	0.97
C8	Sample 32	2	1	5	52750	37	0.96
C8	Sample 32	2	1	6	57750	37	0.97
C8	Sample 32	2	1	7	62760	36.96	0.96
C8	Sample 32	2	1	8	67750	37	0.96
C8	Sample 32	2	1	9	72770	36.96	0.97
C8	Sample 32	2	1	10	77760	37	0.96
C8	Sample 32	2	1	11	82750	36.96	0.96
C8	Sample 32	2	1	12	87760	36.96	0.96
C8	Sample 32	2	1	13	92750	36.96	0.95
C8	Sample 32	2	1	14	97760	37	0.97
C8	Sample 32	2	1	15	102760	37	0.96
C9	Sample 33	2	1	1	32740	36.91	1.14
C9	Sample 33	2	1	2	37750	36.91	1.14
C9	Sample 33	2	1	3	42750	36.96	1.14
C9	Sample 33	2	1	4	47740	37	1.13
C9	Sample 33	2	1	5	52750	37	1.13
C9	Sample 33	2	1	6	57750	37	1.14
C9	Sample 33	2	1	7	62760	36.96	1.13
C9	Sample 33	2	1	8	67750	37	1.14
C9	Sample 33	2	1	9	72770	36.96	1.13
C9	Sample 33	2	1	10	77760	37	1.13
C9	Sample 33	2	1	11	82750	36.96	1.13
C9	Sample 33	2	1	12	87760	36.96	1.13
C9	Sample 33	2	1	13	92750	36.96	1.12
C9	Sample 33	2	1	14	97760	37	1.13
C9	Sample 33	2	1	15	102760	37	1.13
C10	Sample 34	2	1	1	32740	36.91	1.16
C10	Sample 34	2	1	2	37750	36.91	1.15
C10	Sample 34	2	1	3	42750	36.96	1.16
C10	Sample 34	2	1	4	47740	37	1.16
C10	Sample 34	2	1	5	52750	37	1.15
C10	Sample 34	2	1	6	57750	37	1.15
C10	Sample 34	2	1	7	62760	36.96	1.15
C10	Sample 34	2	1	8	67750	37	1.15
C10	Sample 34	2	1	9	72770	36.96	1.15
C10	Sample 34	2	1	10	77760	37	1.15
C10	Sample 34	2	1	11	82750	36.96	1.14
C10	Sample 34	2	1	12	87760	36.96	1.14
C10	Sample 34	2	1	13	92750	36.96	1.14
C10	Sample 34	2	1	14	97760	37	1.15
C10	Sample 34	2	1	15	102760	37	1.14
C11	Sample 35	2	1	1	32740	36.91	1.19
C11	Sample 35	2	1	2	37750	36.91	1.19
C11	Sample 35	2	1	3	42750	36.96	1.20
C11	Sample 35	2	1	4	47740	37	1.18
C11	Sample 35	2	1	5	52750	37	1.18
C11	Sample 35	2	1	6	57750	37	1.18
C11	Sample 35	2	1	7	62760	36.96	1.19
C11	Sample 35	2	1	8	67750	37	1.18
C11	Sample 35	2	1	9	72770	36.96	1.18
C11	Sample 35	2	1	10	77760	37	1.18
C11	Sample 35	2	1	11	82750	36.96	1.18
C11	Sample 35	2	1	12	87760	36.96	1.18
C11	Sample 35	2	1	13	92750	36.96	1.17
C11	Sample 35	2	1	14	97760	37	1.18
C11	Sample 35	2	1	15	102760	37	1.18
C12	Sample 36	2	1	1	32740	36.91	1.18
C12	Sample 36	2	1	2	37750	36.91	1.18
C12	Sample 36	2	1	3	42750	36.96	1.18
C12	Sample 36	2	1	4	47740	37	1.18
C12	Sample 36	2	1	5	52750	37	1.18
C12	Sample 36	2	1	6	57750	37	1.18
C12	Sample 36	2	1	7	62760	36.96	1.18
C12	Sample 36	2	1	8	67750	37	1.17
C12	Sample 36	2	1	9	72770	36.96	1.18
C12	Sample 36	2	1	10	77760	37	1.18
C12	Sample 36	2	1	11	82750	36.96	1.18
C12	Sample 36	2	1	12	87760	36.96	1.17
C12	Sample 36	2	1	13	92750	36.96	1.18
C12	Sample 36	2	1	14	97760	37	1.17
C12	Sample 36	2	1	15	102760	37	1.17
D1	Sample 37	2	1	1	32740	36.91	0.71
D1	Sample 37	2	1	2	37750	36.91	0.70
D1	Sample 37	2	1	3	42750	36.96	0.71
D1	Sample 37	2	1	4	47740	37	0.71
D1	Sample 37	2	1	5	52750	37	0.70
D1	Sample 37	2	1	6	57750	37	0.70
D1	Sample 37	2	1	7	62760	36.96	0.70
D1	Sample 37	2	1	8	67750	37	0.70
D1	Sample 37	2	1	9	72770	36.96	0.69
D1	Sample 37	2	1	10	77760	37	0.70
D1	Sample 37	2	1	11	82750	36.96	0.70
D1	Sample 37	2	1	12	87760	36.96	0.70
D1	Sample 37	2	1	13	92750	36.96	0.69
D1	Sample 37	2	1	14	97760	37	0.70
D1	Sample 37	2	1	15	102760	37	0.70
D2	Sample 38	2	1	1	32740	36.91	0.79
D2	Sample 38	2	1	2	37750	36.91	0.77
D2	Sample 38	2	1	3	42750	36.96	0.78
D2	Sample 38	2	1	4	47740	37	0.77
D2	Sample 38	2	1	5	52750	37	0.76
D2	Sample 38	2	1	6	57750	37	0.77
D2	Sample 38	2	1	7	62760	36.96	0.77
D2	Sample 38	2	1	8	67750	37	0.77
D2	Sample 38	2	1	9	72770	36.96	0.77
D2	Sample 38	2	1	10	77760	37	0.77
D2	Sample 38	2	1	11	82750	36.96	0.77
D2	Sample 38	2	1	12	87760	36.96	0.77
D2	Sample 38	2	1	13	92750	36.96	0.77
D2	Sample 38	2	1	14	97760	37	0.77
D2	Sample 38	2	1	15	102760	37	0.76
D3	Sample 39	2	1	1	32740	36.91	0.79
D3	Sample 39	2	1	2	37750	36.91	0.78
D3	Sample 39	2	1	3	42750	36.96	0.79
D3	Sample 39	2	1	4	47740	37	0.79
D3	Sample 39	2	1	5	52750	37	0.78
D3	Sample 39	2	1	6	57750	37	0.79
D3	Sample 39	2	1	7	62760	36.96	0.78
D3	Sample 39	2	1	8	67750	37	0.78
D3	Sample 39	2	1	9	72770	36.96	0.78
D3	Sample 39	2	1	10	77760	37	0.78
D3	Sample 39	2	1	11	82750	36.96	0.79
D3	Sample 39	2	1	12	87760	36.96	0.78
D3	Sample 39	2	1	13	92750	36.96	0.79
D3	Sample 39	2	1	14	97760	37	0.79
D3	Sample 39	2	1	15	102760	37	0.77
D4	Sample 40	2	1	1	32740	36.91	0.80
D4	Sample 40	2	1	2	37750	36.91	0.79
D4	Sample 40	2	1	3	42750	36.96	0.79
D4	Sample 40	2	1	4	47740	37	0.79
D4	Sample 40	2	1	5	52750	37	0.79
D4	Sample 40	2	1	6	57750	37	0.79
D4	Sample 40	2	1	7	62760	36.96	0.80
D4	Sample 40	2	1	8	67750	37	0.79
D4	Sample 40	2	1	9	72770	36.96	0.79
D4	Sample 40	2	1	10	77760	37	0.79
D4	Sample 40	2	1	11	82750	36.96	0.79
D4	Sample 40	2	1	12	87760	36.96	0.79
D4	Sample 40	2	1	13	92750	36.96	0.78
D4	Sample 40	2	1	14	97760	37	0.79
D4	Sample 40	2	1	15	102760	37	0.78
D5	Sample 41	2	1	1	32740	36.91	0.95
D5	Sample 41	2	1	2	37750	36.91	0.95
D5	Sample 41	2	1	3	42750	36.96	0.94
D5	Sample 41	2	1	4	47740	37	0.95
D5	Sample 41	2	1	5	52750	37	0.94
D5	Sample 41	2	1	6	57750	37	0.94
D5	Sample 41	2	1	7	62760	36.96	0.94
D5	Sample 41	2	1	8	67750	37	0.94
D5	Sample 41	2	1	9	72770	36.96	0.94
D5	Sample 41	2	1	10	77760	37	0.94
D5	Sample 41	2	1	11	82750	36.96	0.94
D5	Sample 41	2	1	12	87760	36.96	0.94
D5	Sample 41	2	1	13	92750	36.96	0.93
D5	Sample 41	2	1	14	97760	37	0.94
D5	Sample 41	2	1	15	102760	37	0.93
D6	Sample 42	2	1	1	32740	36.91	1.01
D6	Sample 42	2	1	2	37750	36.91	1.01
D6	Sample 42	2	1	3	42750	36.96	1.01
D6	Sample 42	2	1	4	47740	37	1.01
D6	Sample 42	2	1	5	52750	37	1.00
D6	Sample 42	2	1	6	57750	37	1.01
D6	Sample 42	2	1	7	62760	36.96	1.00
D6	Sample 42	2	1	8	67750	37	1.00
D6	Sample 42	2	1	9	72770	36.96	1.00
D6	Sample 42	2	1	10	77760	37	1.00
D6	Sample 42	2	1	11	82750	36.96	1.00
D6	Sample 42	2	1	12	87760	36.96	1.01
D6	Sample 42	2	1	13	92750	36.96	1.00
D6	Sample 42	2	1	14	97760	37	1.00
D6	Sample 42	2	1	15	102760	37	1.00
D7	Sample 43	2	1	1	32740	36.91	1.21
D7	Sample 43	2	1	2	37750	36.91	1.21
D7	Sample 43	2	1	3	42750	36.96	1.21
D7	Sample 43	2	1	4	47740	37	1.21
D7	Sample 43	2	1	5	52750	37	1.21
D7	Sample 43	2	1	6	57750	37	1.21
D7	Sample 43	2	1	7	62760	36.96	1.20
D7	Sample 43	2	1	8	67750	37	1.20
D7	Sample 43	2	1	9	72770	36.96	1.20
D7	Sample 43	2	1	10	77760	37	1.20
D7	Sample 43	2	1	11	82750	36.96	1.20
D7	Sample 43	2	1	12	87760	36.96	1.21
D7	Sample 43	2	1	13	92750	36.96	1.20
D7	Sample 43	2	1	14	97760	37	1.20
D7	Sample 43	2	1	15	102760	37	1.20
D8	Sample 44	2	1	1	32740	36.91	1.19
D8	Sample 44	2	1	2	37750	36.91	1.19
D8	Sample 44	2	1	3	42750	36.96	1.19
D8	Sample 44	2	1	4	47740	37	1.19
D8	Sample 44	2	1	5	52750	37	1.19
D8	Sample 44	2	1	6	57750	37	1.19
D8	Sample 44	2	1	7	62760	36.96	1.18
D8	Sample 44	2	1	8	67750	37	1.19
D8	Sample 44	2	1	9	72770	36.96	1.18
D8	Sample 44	2	1	10	77760	37	1.18
D8	Sample 44	2	1	11	82750	36.96	1.19
D8	Sample 44	2	1	12	87760	36.96	1.19
D8	Sample 44	2	1	13	92750	36.96	1.18
D8	Sample 44	2	1	14	97760	37	1.19
D8	Sample 44	2	1	15	102760	37	1.18
D9	Sample 45	2	1	1	32740	36.91	1.18
D9	Sample 45	2	1	2	37750	36.91	1.18
D9	Sample 45	2	1	3	42750	36.96	1.17
D9	Sample 45	2	1	4	47740	37	1.17
D9	Sample 45	2	1	5	52750	37	1.16
D9	Sample 45	2	1	6	57750	37	1.16
D9	Sample 45	2	1	7	62760	36.96	1.17
D9	Sample 45	2	1	8	67750	37	1.17
D9	Sample 45	2	1	9	72770	36.96	1.16
D9	Sample 45	2	1	10	77760	37	1.16
D9	Sample 45	2	1	11	82750	36.96	1.16
D9	Sample 45	2	1	12	87760	36.96	1.17
D9	Sample 45	2	1	13	92750	36.96	1.16
D9	Sample 45	2	1	14	97760	37	1.16
D9	Sample 45	2	1	15	102760	37	1.16
D10	Sample 46	2	1	1	32740	36.91	1.17
D10	Sample 46	2	1	2	37750	36.91	1.18
D10	Sample 46	2	1	3	42750	36.96	1.18
D10	Sample 46	2	1	4	47740	37	1.17
D10	Sample 46	2	1	5	52750	37	1.17
D10	Sample 46	2	1	6	57750	37	1.16
D10	Sample 46	2	1	7	62760	36.96	1.17
D10	Sample 46	2	1	8	67750	37	1.17
D10	Sample 46	2	1	9	72770	36.96	1.16
D10	Sample 46	2	1	10	77760	37	1.16
D10	Sample 46	2	1	11	82750	36.96	1.16
D10	Sample 46	2	1	12	87760	36.96	1.17
D10	Sample 46	2	1	13	92750	36.96	1.16
D10	Sample 46	2	1	14	97760	37	1.16
D10	Sample 46	2	1	15	102760	37	1.16
D11	Sample 47	2	1	1	32740	36.91	1.16
D11	Sample 47	2	1	2	37750	36.91	1.15
D11	Sample 47	2	1	3	42750	36.96	1.16
D11	Sample 47	2	1	4	47740	37	1.15
D11	Sample 47	2	1	5	52750	37	1.16
D11	Sample 47	2	1	6	57750	37	1.15
D11	Sample 47	2	1	7	62760	36.96	1.15
D11	Sample 47	2	1	8	67750	37	1.15
D11	Sample 47	2	1	9	72770	36.96	1.15
D11	Sample 47	2	1	10	77760	37	1.15
D11	Sample 47	2	1	11	82750	36.96	1.15
D11	Sample 47	2	1	12	87760	36.96	1.15
D11	Sample 47	2	1	13	92750	36.96	1.14
D11	Sample 47	2	1	14	97760	37	1.15
D11	Sample 47	2	1	15	102760	37	1.15
D12	Sample 48	2	1	1	32740	36.91	1.07
D12	Sample 48	2	1	2	37750	36.91	1.07
D12	Sample 48	2	1	3	42750	36.96	1.06
D12	Sample 48	2	1	4	47740	37	1.07
D12	Sample 48	2	1	5	52750	37	1.06
D12	Sample 48	2	1	6	57750	37	1.07
D12	Sample 48	2	1	7	62760	36.96	1.06
D12	Sample 48	2	1	8	67750	37	1.06
D12	Sample 48	2	1	9	72770	36.96	1.06
D12	Sample 48	2	1	10	77760	37	1.05
D12	Sample 48	2	1	11	82750	36.96	1.06
D12	Sample 48	2	1	12	87760	36.96	1.06
D12	Sample 48	2	1	13	92750	36.96	1.06
D12	Sample 48	2	1	14	97760	37	1.06
D12	Sample 48	2	1	15	102760	37	1.05
E1	Sample 49	2	1	1	32740	36.91	0.72
E1	Sample 49	2	1	2	37750	36.91	0.73
E1	Sample 49	2	1	3	42750	36.96	0.72
E1	Sample 49	2	1	4	47740	37	0.72
E1	Sample 49	2	1	5	52750	37	0.71
E1	Sample 49	2	1	6	57750	37	0.72
E1	Sample 49	2	1	7	62760	36.96	0.72
E1	Sample 49	2	1	8	67750	37	0.72
E1	Sample 49	2	1	9	72770	36.96	0.72
E1	Sample 49	2	1	10	77760	37	0.71
E1	Sample 49	2	1	11	82750	36.96	0.71
E1	Sample 49	2	1	12	87760	36.96	0.71
E1	Sample 49	2	1	13	92750	36.96	0.71
E1	Sample 49	2	1	14	97760	37	0.72
E1	Sample 49	2	1	15	102760	37	0.71
E2	Sample 50	2	1	1	32740	36.91	0.80
E2	Sample 50	2	1	2	37750	36.91	0.80
E2	Sample 50	2	1	3	42750	36.96	0.79
E2	Sample 50	2	1	4	47740	37	0.78
E2	Sample 50	2	1	5	52750	37	0.77
E2	Sample 50	2	1	6	57750	37	0.78
E2	Sample 50	2	1	7	62760	36.96	0.78
E2	Sample 50	2	1	8	67750	37	0.78
E2	Sample 50	2	1	9	72770	36.96	0.78
E2	Sample 50	2	1	10	77760	37	0.78
E2	Sample 50	2	1	11	82750	36.96	0.78
E2	Sample 50	2	1	12	87760	36.96	0.78
E2	Sample 50	2	1	13	92750	36.96	0.77
E2	Sample 50	2	1	14	97760	37	0.78
E2	Sample 50	2	1	15	102760	37	0.77
E3	Sample 51	2	1	1	32740	36.91	0.81
E3	Sample 51	2	1	2	37750	36.91	0.82
E3	Sample 51	2	1	3	42750	36.96	0.81
E3	Sample 51	2	1	4	47740	37	0.80
E3	Sample 51	2	1	5	52750	37	0.80
E3	Sample 51	2	1	6	57750	37	0.82
E3	Sample 51	2	1	7	62760	36.96	0.80
E3	Sample 51	2	1	8	67750	37	0.81
E3	Sample 51	2	1	9	72770	36.96	0.81
E3	Sample 51	2	1	10	77760	37	0.81
E3	Sample 51	2	1	11	82750	36.96	0.80
E3	Sample 51	2	1	12	87760	36.96	0.81
E3	Sample 51	2	1	13	92750	36.96	0.80
E3	Sample 51	2	1	14	97760	37	0.81
E3	Sample 51	2	1	15	102760	37	0.80
E4	Sample 52	2	1	1	32740	36.91	0.80
E4	Sample 52	2	1	2	37750	36.91	0.81
E4	Sample 52	2	1	3	42750	36.96	0.81
E4	Sample 52	2	1	4	47740	37	0.80
E4	Sample 52	2	1	5	52750	37	0.79
E4	Sample 52	2	1	6	57750	37	0.81
E4	Sample 52	2	1	7	62760	36.96	0.80
E4	Sample 52	2	1	8	67750	37	0.79
E4	Sample 52	2	1	9	72770	36.96	0.79
E4	Sample 52	2	1	10	77760	37	0.80
E4	Sample 52	2	1	11	82750	36.96	0.80
E4	Sample 52	2	1	12	87760	36.96	0.80
E4	Sample 52	2	1	13	92750	36.96	0.79
E4	Sample 52	2	1	14	97760	37	0.79
E4	Sample 52	2	1	15	102760	37	0.79
E5	Sample 53	2	1	1	32740	36.91	1.03
E5	Sample 53	2	1	2	37750	36.91	1.04
E5	Sample 53	2	1	3	42750	36.96	1.03
E5	Sample 53	2	1	4	47740	37	1.02
E5	Sample 53	2	1	5	52750	37	1.02
E5	Sample 53	2	1	6	57750	37	1.03
E5	Sample 53	2	1	7	62760	36.96	1.02
E5	Sample 53	2	1	8	67750	37	1.02
E5	Sample 53	2	1	9	72770	36.96	1.02
E5	Sample 53	2	1	10	77760	37	1.02
E5	Sample 53	2	1	11	82750	36.96	1.02
E5	Sample 53	2	1	12	87760	36.96	1.02
E5	Sample 53	2	1	13	92750	36.96	1.02
E5	Sample 53	2	1	14	97760	37	1.02
E5	Sample 53	2	1	15	102760	37	1.01
E6	Sample 54	2	1	1	32740	36.91	1.04
E6	Sample 54	2	1	2	37750	36.91	1.05
E6	Sample 54	2	1	3	42750	36.96	1.05
E6	Sample 54	2	1	4	47740	37	1.03
E6	Sample 54	2	1	5	52750	37	1.03
E6	Sample 54	2	1	6	57750	37	1.04
E6	Sample 54	2	1	7	62760	36.96	1.04
E6	Sample 54	2	1	8	67750	37	1.03
E6	Sample 54	2	1	9	72770	36.96	1.03
E6	Sample 54	2	1	10	77760	37	1.03
E6	Sample 54	2	1	11	82750	36.96	1.03
E6	Sample 54	2	1	12	87760	36.96	1.03
E6	Sample 54	2	1	13	92750	36.96	1.03
E6	Sample 54	2	1	14	97760	37	1.03
E6	Sample 54	2	1	15	102760	37	1.03
E7	Sample 55	2	1	1	32740	36.91	1.70
E7	Sample 55	2	1	2	37750	36.91	1.70
E7	Sample 55	2	1	3	42750	36.96	1.69
E7	Sample 55	2	1	4	47740	37	1.69
E7	Sample 55	2	1	5	52750	37	1.69
E7	Sample 55	2	1	6	57750	37	1.70
E7	Sample 55	2	1	7	62760	36.96	1.69
E7	Sample 55	2	1	8	67750	37	1.70
E7	Sample 55	2	1	9	72770	36.96	1.69
E7	Sample 55	2	1	10	77760	37	1.69
E7	Sample 55	2	1	11	82750	36.96	1.68
E7	Sample 55	2	1	12	87760	36.96	1.69
E7	Sample 55	2	1	13	92750	36.96	1.68
E7	Sample 55	2	1	14	97760	37	1.69
E7	Sample 55	2	1	15	102760	37	1.68
E8	Sample 56	2	1	1	32740	36.91	1.56
E8	Sample 56	2	1	2	37750	36.91	1.57
E8	Sample 56	2	1	3	42750	36.96	1.56
E8	Sample 56	2	1	4	47740	37	1.56
E8	Sample 56	2	1	5	52750	37	1.55
E8	Sample 56	2	1	6	57750	37	1.56
E8	Sample 56	2	1	7	62760	36.96	1.55
E8	Sample 56	2	1	8	67750	37	1.54
E8	Sample 56	2	1	9	72770	36.96	1.54
E8	Sample 56	2	1	10	77760	37	1.55
E8	Sample 56	2	1	11	82750	36.96	1.54
E8	Sample 56	2	1	12	87760	36.96	1.54
E8	Sample 56	2	1	13	92750	36.96	1.53
E8	Sample 56	2	1	14	97760	37	1.55
E8	Sample 56	2	1	15	102760	37	1.54
E9	Sample 57	2	1	1	32740	36.91	1.11
E9	Sample 57	2	1	2	37750	36.91	1.12
E9	Sample 57	2	1	3	42750	36.96	1.11
E9	Sample 57	2	1	4	47740	37	1.10
E9	Sample 57	2	1	5	52750	37	1.10
E9	Sample 57	2	1	6	57750	37	1.11
E9	Sample 57	2	1	7	62760	36.96	1.10
E9	Sample 57	2	1	8	67750	37	1.10
E9	Sample 57	2	1	9	72770	36.96	1.10
E9	Sample 57	2	1	10	77760	37	1.10
E9	Sample 57	2	1	11	82750	36.96	1.10
E9	Sample 57	2	1	12	87760	36.96	1.10
E9	Sample 57	2	1	13	92750	36.96	1.09
E9	Sample 57	2	1	14	97760	37	1.10
E9	Sample 57	2	1	15	102760	37	1.09
E10	Sample 58	2	1	1	32740	36.91	1.11
E10	Sample 58	2	1	2	37750	36.91	1.11
E10	Sample 58	2	1	3	42750	36.96	1.11
E10	Sample 58	2	1	4	47740	37	1.11
E10	Sample 58	2	1	5	52750	37	1.10
E10	Sample 58	2	1	6	57750	37	1.11
E10	Sample 58	2	1	7	62760	36.96	1.10
E10	Sample 58	2	1	8	67750	37	1.11
E10	Sample 58	2	1	9	72770	36.96	1.10
E10	Sample 58	2	1	10	77760	37	1.11
E10	Sample 58	2	1	11	82750	36.96	1.10
E10	Sample 58	2	1	12	87760	36.96	1.10
E10	Sample 58	2	1	13	92750	36.96	1.10
E10	Sample 58	2	1	14	97760	37	1.11
E10	Sample 58	2	1	15	102760	37	1.10
E11	Sample 59	2	1	1	32740	36.91	1.15
E11	Sample 59	2	1	2	37750	36.91	1.15
E11	Sample 59	2	1	3	42750	36.96	1.14
E11	Sample 59	2	1	4	47740	37	1.14
E11	Sample 59	2	1	5	52750	37	1.14
E11	Sample 59	2	1	6	57750	37	1.15
E11	Sample 59	2	1	7	62760	36.96	1.14
E11	Sample 59	2	1	8	67750	37	1.13
E11	Sample 59	2	1	9	72770	36.96	1.14
E11	Sample 59	2	1	10	77760	37	1.14
E11	Sample 59	2	1	11	82750	36.96	1.14
E11	Sample 59	2	1	12	87760	36.96	1.14
E11	Sample 59	2	1	13	92750	36.96	1.14
E11	Sample 59	2	1	14	97760	37	1.14
E11	Sample 59	2	1	15	102760	37	1.13
E12	Sample 60	2	1	1	32740	36.91	1.06
E12	Sample 60	2	1	2	37750	36.91	1.07
E12	Sample 60	2	1	3	42750	36.96	1.05
E12	Sample 60	2	1	4	47740	37	1.05
E12	Sample 60	2	1	5	52750	37	1.05
E12	Sample 60	2	1	6	57750	37	1.06
E12	Sample 60	2	1	7	62760	36.96	1.06
E12	Sample 60	2	1	8	67750	37	1.05
E12	Sample 60	2	1	9	72770	36.96	1.05
E12	Sample 60	2	1	10	77760	37	1.06
E12	Sample 60	2	1	11	82750	36.96	1.06
E12	Sample 60	2	1	12	87760	36.96	1.05
E12	Sample 60	2	1	13	92750	36.96	1.05
E12	Sample 60	2	1	14	97760	37	1.06
E12	Sample 60	2	1	15	102760	37	1.05
F1	Sample 61	2	1	1	32740	36.91	0.74
F1	Sample 61	2	1	2	37750	36.91	0.73
F1	Sample 61	2	1	3	42750	36.96	0.73
F1	Sample 61	2	1	4	47740	37	0.72
F1	Sample 61	2	1	5	52750	37	0.73
F1	Sample 61	2	1	6	57750	37	0.73
F1	Sample 61	2	1	7	62760	36.96	0.73
F1	Sample 61	2	1	8	67750	37	0.73
F1	Sample 61	2	1	9	72770	36.96	0.73
F1	Sample 61	2	1	10	77760	37	0.73
F1	Sample 61	2	1	11	82750	36.96	0.73
F1	Sample 61	2	1	12	87760	36.96	0.73
F1	Sample 61	2	1	13	92750	36.96	0.72
F1	Sample 61	2	1	14	97760	37	0.73
F1	Sample 61	2	1	15	102760	37	0.73
F2	Sample 62	2	1	1	32740	36.91	0.79
F2	Sample 62	2	1	2	37750	36.91	0.79
F2	Sample 62	2	1	3	42750	36.96	0.79
F2	Sample 62	2	1	4	47740	37	0.79
F2	Sample 62	2	1	5	52750	37	0.78
F2	Sample 62	2	1	6	57750	37	0.79
F2	Sample 62	2	1	7	62760	36.96	0.78
F2	Sample 62	2	1	8	67750	37	0.78
F2	Sample 62	2	1	9	72770	36.96	0.77
F2	Sample 62	2	1	10	77760	37	0.77
F2	Sample 62	2	1	11	82750	36.96	0.77
F2	Sample 62	2	1	12	87760	36.96	0.77
F2	Sample 62	2	1	13	92750	36.96	0.76
F2	Sample 62	2	1	14	97760	37	0.77
F2	Sample 62	2	1	15	102760	37	0.77
F3	Sample 63	2	1	1	32740	36.91	0.84
F3	Sample 63	2	1	2	37750	36.91	0.85
F3	Sample 63	2	1	3	42750	36.96	0.84
F3	Sample 63	2	1	4	47740	37	0.84
F3	Sample 63	2	1	5	52750	37	0.84
F3	Sample 63	2	1	6	57750	37	0.84
F3	Sample 63	2	1	7	62760	36.96	0.84
F3	Sample 63	2	1	8	67750	37	0.84
F3	Sample 63	2	1	9	72770	36.96	0.84
F3	Sample 63	2	1	10	77760	37	0.84
F3	Sample 63	2	1	11	82750	36.96	0.83
F3	Sample 63	2	1	12	87760	36.96	0.84
F3	Sample 63	2	1	13	92750	36.96	0.83
F3	Sample 63	2	1	14	97760	37	0.83
F3	Sample 63	2	1	15	102760	37	0.84
F4	Sample 64	2	1	1	32740	36.91	0.81
F4	Sample 64	2	1	2	37750	36.91	0.81
F4	Sample 64	2	1	3	42750	36.96	0.81
F4	Sample 64	2	1	4	47740	37	0.81
F4	Sample 64	2	1	5	52750	37	0.80
F4	Sample 64	2	1	6	57750	37	0.81
F4	Sample 64	2	1	7	62760	36.96	0.81
F4	Sample 64	2	1	8	67750	37	0.80
F4	Sample 64	2	1	9	72770	36.96	0.80
F4	Sample 64	2	1	10	77760	37	0.80
F4	Sample 64	2	1	11	82750	36.96	0.81
F4	Sample 64	2	1	12	87760	36.96	0.81
F4	Sample 64	2	1	13	92750	36.96	0.80
F4	Sample 64	2	1	14	97760	37	0.80
F4	Sample 64	2	1	15	102760	37	0.80
F5	Sample 65	2	1	1	32740	36.91	1.27
F5	Sample 65	2	1	2	37750	36.91	1.26
F5	Sample 65	2	1	3	42750	36.96	1.26
F5	Sample 65	2	1	4	47740	37	1.26
F5	Sample 65	2	1	5	52750	37	1.26
F5	Sample 65	2	1	6	57750	37	1.27
F5	Sample 65	2	1	7	62760	36.96	1.26
F5	Sample 65	2	1	8	67750	37	1.25
F5	Sample 65	2	1	9	72770	36.96	1.25
F5	Sample 65	2	1	10	77760	37	1.26
F5	Sample 65	2	1	11	82750	36.96	1.26
F5	Sample 65	2	1	12	87760	36.96	1.26
F5	Sample 65	2	1	13	92750	36.96	1.25
F5	Sample 65	2	1	14	97760	37	1.25
F5	Sample 65	2	1	15	102760	37	1.26
F6	Sample 66	2	1	1	32740	36.91	1.04
F6	Sample 66	2	1	2	37750	36.91	1.04
F6	Sample 66	2	1	3	42750	36.96	1.04
F6	Sample 66	2	1	4	47740	37	1.03
F6	Sample 66	2	1	5	52750	37	1.03
F6	Sample 66	2	1	6	57750	37	1.03
F6	Sample 66	2	1	7	62760	36.96	1.03
F6	Sample 66	2	1	8	67750	37	1.03
F6	Sample 66	2	1	9	72770	36.96	1.03
F6	Sample 66	2	1	10	77760	37	1.03
F6	Sample 66	2	1	11	82750	36.96	1.02
F6	Sample 66	2	1	12	87760	36.96	1.03
F6	Sample 66	2	1	13	92750	36.96	1.02
F6	Sample 66	2	1	14	97760	37	1.02
F6	Sample 66	2	1	15	102760	37	1.02
F7	Sample 67	2	1	1	32740	36.91	1.78
F7	Sample 67	2	1	2	37750	36.91	1.78
F7	Sample 67	2	1	3	42750	36.96	1.78
F7	Sample 67	2	1	4	47740	37	1.77
F7	Sample 67	2	1	5	52750	37	1.77
F7	Sample 67	2	1	6	57750	37	1.77
F7	Sample 67	2	1	7	62760	36.96	1.77
F7	Sample 67	2	1	8	67750	37	1.77
F7	Sample 67	2	1	9	72770	36.96	1.76
F7	Sample 67	2	1	10	77760	37	1.77
F7	Sample 67	2	1	11	82750	36.96	1.76
F7	Sample 67	2	1	12	87760	36.96	1.76
F7	Sample 67	2	1	13	92750	36.96	1.76
F7	Sample 67	2	1	14	97760	37	1.76
F7	Sample 67	2	1	15	102760	37	1.76
F8	Sample 68	2	1	1	32740	36.91	1.79
F8	Sample 68	2	1	2	37750	36.91	1.79
F8	Sample 68	2	1	3	42750	36.96	1.78
F8	Sample 68	2	1	4	47740	37	1.77
F8	Sample 68	2	1	5	52750	37	1.77
F8	Sample 68	2	1	6	57750	37	1.78
F8	Sample 68	2	1	7	62760	36.96	1.77
F8	Sample 68	2	1	8	67750	37	1.77
F8	Sample 68	2	1	9	72770	36.96	1.77
F8	Sample 68	2	1	10	77760	37	1.77
F8	Sample 68	2	1	11	82750	36.96	1.77
F8	Sample 68	2	1	12	87760	36.96	1.77
F8	Sample 68	2	1	13	92750	36.96	1.77
F8	Sample 68	2	1	14	97760	37	1.76
F8	Sample 68	2	1	15	102760	37	1.77
F9	Sample 69	2	1	1	32740	36.91	1.41
F9	Sample 69	2	1	2	37750	36.91	1.42
F9	Sample 69	2	1	3	42750	36.96	1.42
F9	Sample 69	2	1	4	47740	37	1.40
F9	Sample 69	2	1	5	52750	37	1.41
F9	Sample 69	2	1	6	57750	37	1.41
F9	Sample 69	2	1	7	62760	36.96	1.41
F9	Sample 69	2	1	8	67750	37	1.40
F9	Sample 69	2	1	9	72770	36.96	1.41
F9	Sample 69	2	1	10	77760	37	1.40
F9	Sample 69	2	1	11	82750	36.96	1.40
F9	Sample 69	2	1	12	87760	36.96	1.41
F9	Sample 69	2	1	13	92750	36.96	1.40
F9	Sample 69	2	1	14	97760	37	1.40
F9	Sample 69	2	1	15	102760	37	1.40
F10	Sample 70	2	1	1	32740	36.91	1.31
F10	Sample 70	2	1	2	37750	36.91	1.32
F10	Sample 70	2	1	3	42750	36.96	1.32
F10	Sample 70	2	1	4	47740	37	1.31
F10	Sample 70	2	1	5	52750	37	1.31
F10	Sample 70	2	1	6	57750	37	1.31
F10	Sample 70	2	1	7	62760	36.96	1.31
F10	Sample 70	2	1	8	67750	37	1.31
F10	Sample 70	2	1	9	72770	36.96	1.30
F10	Sample 70	2	1	10	77760	37	1.30
F10	Sample 70	2	1	11	82750	36.96	1.30
F10	Sample 70	2	1	12	87760	36.96	1.31
F10	Sample 70	2	1	13	92750	36.96	1.30
F10	Sample 70	2	1	14	97760	37	1.30
F10	Sample 70	2	1	15	102760	37	1.31
F11	Sample 71	2	1	1	32740	36.91	1.19
F11	Sample 71	2	1	2	37750	36.91	1.19
F11	Sample 71	2	1	3	42750	36.96	1.19
F11	Sample 71	2	1	4	47740	37	1.18
F11	Sample 71	2	1	5	52750	37	1.17
F11	Sample 71	2	1	6	57750	37	1.18
F11	Sample 71	2	1	7	62760	36.96	1.18
F11	Sample 71	2	1	8	67750	37	1.18
F11	Sample 71	2	1	9	72770	36.96	1.17
F11	Sample 71	2	1	10	77760	37	1.18
F11	Sample 71	2	1	11	82750	36.96	1.18
F11	Sample 71	2	1	12	87760	36.96	1.18
F11	Sample 71	2	1	13	92750	36.96	1.17
F11	Sample 71	2	1	14	97760	37	1.17
F11	Sample 71	2	1	15	102760	37	1.17
F12	Sample 72	2	1	1	32740	36.91	1.14
F12	Sample 72	2	1	2	37750	36.91	1.14
F12	Sample 72	2	1	3	42750	36.96	1.14
F12	Sample 72	2	1	4	47740	37	1.13
F12	Sample 72	2	1	5	52750	37	1.13
F12	Sample 72	2	1	6	57750	37	1.14
F12	Sample 72	2	1	7	62760	36.96	1.14
F12	Sample 72	2	1	8	67750	37	1.13
F12	Sample 72	2	1	9	72770	36.96	1.13
F12	Sample 72	2	1	10	77760	37	1.13
F12	Sample 72	2	1	11	82750	36.96	1.13
F12	Sample 72	2	1	12	87760	36.96	1.13
F12	Sample 72	2	1	13	92750	36.96	1.12
F12	Sample 72	2	1	14	97760	37	1.13
F12	Sample 72	2	1	15	102760	37	1.13
G1	Sample 73	2	1	1	32740	36.91	0.74
G1	Sample 73	2	1	2	37750	36.91	0.74
G1	Sample 73	2	1	3	42750	36.96	0.74
G1	Sample 73	2	1	4	47740	37	0.74
G1	Sample 73	2	1	5	52750	37	0.74
G1	Sample 73	2	1	6	57750	37	0.74
G1	Sample 73	2	1	7	62760	36.96	0.74
G1	Sample 73	2	1	8	67750	37	0.74
G1	Sample 73	2	1	9	72770	36.96	0.74
G1	Sample 73	2	1	10	77760	37	0.74
G1	Sample 73	2	1	11	82750	36.96	0.74
G1	Sample 73	2	1	12	87760	36.96	0.74
G1	Sample 73	2	1	13	92750	36.96	0.74
G1	Sample 73	2	1	14	97760	37	0.75
G1	Sample 73	2	1	15	102760	37	0.74
G2	Sample 74	2	1	1	32740	36.91	0.78
G2	Sample 74	2	1	2	37750	36.91	0.78
G2	Sample 74	2	1	3	42750	36.96	0.78
G2	Sample 74	2	1	4	47740	37	0.78
G2	Sample 74	2	1	5	52750	37	0.78
G2	Sample 74	2	1	6	57750	37	0.77
G2	Sample 74	2	1	7	62760	36.96	0.78
G2	Sample 74	2	1	8	67750	37	0.78
G2	Sample 74	2	1	9	72770	36.96	0.77
G2	Sample 74	2	1	10	77760	37	0.78
G2	Sample 74	2	1	11	82750	36.96	0.78
G2	Sample 74	2	1	12	87760	36.96	0.78
G2	Sample 74	2	1	13	92750	36.96	0.77
G2	Sample 74	2	1	14	97760	37	0.77
G2	Sample 74	2	1	15	102760	37	0.77
G3	Sample 75	2	1	1	32740	36.91	0.87
G3	Sample 75	2	1	2	37750	36.91	0.87
G3	Sample 75	2	1	3	42750	36.96	0.87
G3	Sample 75	2	1	4	47740	37	0.87
G3	Sample 75	2	1	5	52750	37	0.87
G3	Sample 75	2	1	6	57750	37	0.87
G3	Sample 75	2	1	7	62760	36.96	0.87
G3	Sample 75	2	1	8	67750	37	0.87
G3	Sample 75	2	1	9	72770	36.96	0.87
G3	Sample 75	2	1	10	77760	37	0.87
G3	Sample 75	2	1	11	82750	36.96	0.87
G3	Sample 75	2	1	12	87760	36.96	0.88
G3	Sample 75	2	1	13	92750	36.96	0.87
G3	Sample 75	2	1	14	97760	37	0.87
G3	Sample 75	2	1	15	102760	37	0.87
G4	Sample 76	2	1	1	32740	36.91	0.86
G4	Sample 76	2	1	2	37750	36.91	0.86
G4	Sample 76	2	1	3	42750	36.96	0.86
G4	Sample 76	2	1	4	47740	37	0.86
G4	Sample 76	2	1	5	52750	37	0.86
G4	Sample 76	2	1	6	57750	37	0.87
G4	Sample 76	2	1	7	62760	36.96	0.86
G4	Sample 76	2	1	8	67750	37	0.86
G4	Sample 76	2	1	9	72770	36.96	0.85
G4	Sample 76	2	1	10	77760	37	0.86
G4	Sample 76	2	1	11	82750	36.96	0.85
G4	Sample 76	2	1	12	87760	36.96	0.86
G4	Sample 76	2	1	13	92750	36.96	0.85
G4	Sample 76	2	1	14	97760	37	0.85
G4	Sample 76	2	1	15	102760	37	0.86
G5	Sample 77	2	1	1	32740	36.91	1.81
G5	Sample 77	2	1	2	37750	36.91	1.81
G5	Sample 77	2	1	3	42750	36.96	1.81
G5	Sample 77	2	1	4	47740	37	1.81
G5	Sample 77	2	1	5	52750	37	1.80
G5	Sample 77	2	1	6	57750	37	1.81
G5	Sample 77	2	1	7	62760	36.96	1.81
G5	Sample 77	2	1	8	67750	37	1.82
G5	Sample 77	2	1	9	72770	36.96	1.81
G5	Sample 77	2	1	10	77760	37	1.81
G5	Sample 77	2	1	11	82750	36.96	1.81
G5	Sample 77	2	1	12	87760	36.96	1.80
G5	Sample 77	2	1	13	92750	36.96	1.82
G5	Sample 77	2	1	14	97760	37	1.81
G5	Sample 77	2	1	15	102760	37	1.81
G6	Sample 78	2	1	1	32740	36.91	1.50
G6	Sample 78	2	1	2	37750	36.91	1.51
G6	Sample 78	2	1	3	42750	36.96	1.52
G6	Sample 78	2	1	4	47740	37	1.50
G6	Sample 78	2	1	5	52750	37	1.51
G6	Sample 78	2	1	6	57750	37	1.50
G6	Sample 78	2	1	7	62760	36.96	1.51
G6	Sample 78	2	1	8	67750	37	1.51
G6	Sample 78	2	1	9	72770	36.96	1.50
G6	Sample 78	2	1	10	77760	37	1.51
G6	Sample 78	2	1	11	82750	36.96	1.51
G6	Sample 78	2	1	12	87760	36.96	1.50
G6	Sample 78	2	1	13	92750	36.96	1.50
G6	Sample 78	2	1	14	97760	37	1.51
G6	Sample 78	2	1	15	102760	37	1.50
G7	Sample 79	2	1	1	32740	36.91	1.82
G7	Sample 79	2	1	2	37750	36.91	1.82
G7	Sample 79	2	1	3	42750	36.96	1.82
G7	Sample 79	2	1	4	47740	37	1.82
G7	Sample 79	2	1	5	52750	37	1.81
G7	Sample 79	2	1	6	57750	37	1.82
G7	Sample 79	2	1	7	62760	36.96	1.82
G7	Sample 79	2	1	8	67750	37	1.82
G7	Sample 79	2	1	9	72770	36.96	1.82
G7	Sample 79	2	1	10	77760	37	1.83
G7	Sample 79	2	1	11	82750	36.96	1.81
G7	Sample 79	2	1	12	87760	36.96	1.82
G7	Sample 79	2	1	13	92750	36.96	1.82
G7	Sample 79	2	1	14	97760	37	1.83
G7	Sample 79	2	1	15	102760	37	1.82
G8	Sample 80	2	1	1	32740	36.91	1.86
G8	Sample 80	2	1	2	37750	36.91	1.86
G8	Sample 80	2	1	3	42750	36.96	1.86
G8	Sample 80	2	1	4	47740	37	1.85
G8	Sample 80	2	1	5	52750	37	1.86
G8	Sample 80	2	1	6	57750	37	1.86
G8	Sample 80	2	1	7	62760	36.96	1.87
G8	Sample 80	2	1	8	67750	37	1.86
G8	Sample 80	2	1	9	72770	36.96	1.86
G8	Sample 80	2	1	10	77760	37	1.86
G8	Sample 80	2	1	11	82750	36.96	1.86
G8	Sample 80	2	1	12	87760	36.96	1.87
G8	Sample 80	2	1	13	92750	36.96	1.86
G8	Sample 80	2	1	14	97760	37	1.86
G8	Sample 80	2	1	15	102760	37	1.86
G9	Sample 81	2	1	1	32740	36.91	1.69
G9	Sample 81	2	1	2	37750	36.91	1.69
G9	Sample 81	2	1	3	42750	36.96	1.69
G9	Sample 81	2	1	4	47740	37	1.69
G9	Sample 81	2	1	5	52750	37	1.68
G9	Sample 81	2	1	6	57750	37	1.68
G9	Sample 81	2	1	7	62760	36.96	1.69
G9	Sample 81	2	1	8	67750	37	1.68
G9	Sample 81	2	1	9	72770	36.96	1.68
G9	Sample 81	2	1	10	77760	37	1.68
G9	Sample 81	2	1	11	82750	36.96	1.69
G9	Sample 81	2	1	12	87760	36.96	1.68
G9	Sample 81	2	1	13	92750	36.96	1.68
G9	Sample 81	2	1	14	97760	37	1.68
G9	Sample 81	2	1	15	102760	37	1.69
G10	Sample 82	2	1	1	32740	36.91	1.66
G10	Sample 82	2	1	2	37750	36.91	1.66
G10	Sample 82	2	1	3	42750	36.96	1.65
G10	Sample 82	2	1	4	47740	37	1.65
G10	Sample 82	2	1	5	52750	37	1.65
G10	Sample 82	2	1	6	57750	37	1.65
G10	Sample 82	2	1	7	62760	36.96	1.65
G10	Sample 82	2	1	8	67750	37	1.64
G10	Sample 82	2	1	9	72770	36.96	1.64
G10	Sample 82	2	1	10	77760	37	1.65
G10	Sample 82	2	1	11	82750	36.96	1.65
G10	Sample 82	2	1	12	87760	36.96	1.65
G10	Sample 82	2	1	13	92750	36.96	1.65
G10	Sample 82	2	1	14	97760	37	1.64
G10	Sample 82	2	1	15	102760	37	1.65
G11	Sample 83	2	1	1	32740	36.91	1.56
G11	Sample 83	2	1	2	37750	36.91	1.56
G11	Sample 83	2	1	3	42750	36.96	1.56
G11	Sample 83	2	1	4	47740	37	1.56
G11	Sample 83	2	1	5	52750	37	1.55
G11	Sample 83	2	1	6	57750	37	1.56
G11	Sample 83	2	1	7	62760	36.96	1.56
G11	Sample 83	2	1	8	67750	37	1.56
G11	Sample 83	2	1	9	72770	36.96	1.55
G11	Sample 83	2	1	10	77760	37	1.56
G11	Sample 83	2	1	11	82750	36.96	1.55
G11	Sample 83	2	1	12	87760	36.96	1.55
G11	Sample 83	2	1	13	92750	36.96	1.55
G11	Sample 83	2	1	14	97760	37	1.54
G11	Sample 83	2	1	15	102760	37	1.55
G12	Sample 84	2	1	1	32740	36.91	1.48
G12	Sample 84	2	1	2	37750	36.91	1.47
G12	Sample 84	2	1	3	42750	36.96	1.48
G12	Sample 84	2	1	4	47740	37	1.47
G12	Sample 84	2	1	5	52750	37	1.47
G12	Sample 84	2	1	6	57750	37	1.47
G12	Sample 84	2	1	7	62760	36.96	1.47
G12	Sample 84	2	1	8	67750	37	1.47
G12	Sample 84	2	1	9	72770	36.96	1.48
G12	Sample 84	2	1	10	77760	37	1.47
G12	Sample 84	2	1	11	82750	36.96	1.47
G12	Sample 84	2	1	12	87760	36.96	1.47
G12	Sample 84	2	1	13	92750	36.96	1.48
G12	Sample 84	2	1	14	97760	37	1.47
G12	Sample 84	2	1	15	102760	37	1.47
H1	Sample 85	2	1	1	32740	36.91	0.74
H1	Sample 85	2	1	2	37750	36.91	0.73
H1	Sample 85	2	1	3	42750	36.96	0.74
H1	Sample 85	2	1	4	47740	37	0.73
H1	Sample 85	2	1	5	52750	37	0.73
H1	Sample 85	2	1	6	57750	37	0.73
H1	Sample 85	2	1	7	62760	36.96	0.73
H1	Sample 85	2	1	8	67750	37	0.74
H1	Sample 85	2	1	9	72770	36.96	0.74
H1	Sample 85	2	1	10	77760	37	0.73
H1	Sample 85	2	1	11	82750	36.96	0.73
H1	Sample 85	2	1	12	87760	36.96	0.74
H1	Sample 85	2	1	13	92750	36.96	0.73
H1	Sample 85	2	1	14	97760	37	0.73
H1	Sample 85	2	1	15	102760	37	0.73
H2	Sample 86	2	1	1	32740	36.91	0.83
H2	Sample 86	2	1	2	37750	36.91	0.83
H2	Sample 86	2	1	3	42750	36.96	0.83
H2	Sample 86	2	1	4	47740	37	0.82
H2	Sample 86	2	1	5	52750	37	0.83
H2	Sample 86	2	1	6	57750	37	0.83
H2	Sample 86	2	1	7	62760	36.96	0.82
H2	Sample 86	2	1	8	67750	37	0.82
H2	Sample 86	2	1	9	72770	36.96	0.82
H2	Sample 86	2	1	10	77760	37	0.82
H2	Sample 86	2	1	11	82750	36.96	0.82
H2	Sample 86	2	1	12	87760	36.96	0.82
H2	Sample 86	2	1	13	92750	36.96	0.81
H2	Sample 86	2	1	14	97760	37	0.82
H2	Sample 86	2	1	15	102760	37	0.81
H3	Sample 87	2	1	1	32740	36.91	0.88
H3	Sample 87	2	1	2	37750	36.91	0.89
H3	Sample 87	2	1	3	42750	36.96	0.88
H3	Sample 87	2	1	4	47740	37	0.88
H3	Sample 87	2	1	5	52750	37	0.88
H3	Sample 87	2	1	6	57750	37	0.88
H3	Sample 87	2	1	7	62760	36.96	0.88
H3	Sample 87	2	1	8	67750	37	0.88
H3	Sample 87	2	1	9	72770	36.96	0.88
H3	Sample 87	2	1	10	77760	37	0.88
H3	Sample 87	2	1	11	82750	36.96	0.88
H3	Sample 87	2	1	12	87760	36.96	0.88
H3	Sample 87	2	1	13	92750	36.96	0.88
H3	Sample 87	2	1	14	97760	37	0.87
H3	Sample 87	2	1	15	102760	37	0.88
H4	Sample 88	2	1	1	32740	36.91	0.85
H4	Sample 88	2	1	2	37750	36.91	0.85
H4	Sample 88	2	1	3	42750	36.96	0.84
H4	Sample 88	2	1	4	47740	37	0.84
H4	Sample 88	2	1	5	52750	37	0.84
H4	Sample 88	2	1	6	57750	37	0.85
H4	Sample 88	2	1	7	62760	36.96	0.84
H4	Sample 88	2	1	8	67750	37	0.84
H4	Sample 88	2	1	9	72770	36.96	0.84
H4	Sample 88	2	1	10	77760	37	0.83
H4	Sample 88	2	1	11	82750	36.96	0.84
H4	Sample 88	2	1	12	87760	36.96	0.84
H4	Sample 88	2	1	13	92750	36.96	0.84
H4	Sample 88	2	1	14	97760	37	0.84
H4	Sample 88	2	1	15	102760	37	0.83
H5	Sample 89	2	1	1	32740	36.91	2.02
H5	Sample 89	2	1	2	37750	36.91	2.01
H5	Sample 89	2	1	3	42750	36.96	2.02
H5	Sample 89	2	1	4	47740	37	2.01
H5	Sample 89	2	1	5	52750	37	2.01
H5	Sample 89	2	1	6	57750	37	2.01
H5	Sample 89	2	1	7	62760	36.96	2.01
H5	Sample 89	2	1	8	67750	37	2.01
H5	Sample 89	2	1	9	72770	36.96	2.01
H5	Sample 89	2	1	10	77760	37	2.00
H5	Sample 89	2	1	11	82750	36.96	2.01
H5	Sample 89	2	1	12	87760	36.96	2.02
H5	Sample 89	2	1	13	92750	36.96	2.00
H5	Sample 89	2	1	14	97760	37	2.01
H5	Sample 89	2	1	15	102760	37	2.01
H6	Sample 90	2	1	1	32740	36.91	2.14
H6	Sample 90	2	1	2	37750	36.91	2.13
H6	Sample 90	2	1	3	42750	36.96	2.13
H6	Sample 90	2	1	4	47740	37	2.13
H6	Sample 90	2	1	5	52750	37	2.13
H6	Sample 90	2	1	6	57750	37	2.14
H6	Sample 90	2	1	7	62760	36.96	2.12
H6	Sample 90	2	1	8	67750	37	2.13
H6	Sample 90	2	1	9	72770	36.96	2.13
H6	Sample 90	2	1	10	77760	37	2.13
H6	Sample 90	2	1	11	82750	36.96	2.13
H6	Sample 90	2	1	12	87760	36.96	2.13
H6	Sample 90	2	1	13	92750	36.96	2.13
H6	Sample 90	2	1	14	97760	37	2.13
H6	Sample 90	2	1	15	102760	37	2.13
H7	Sample 91	2	1	1	32740	36.91	1.99
H7	Sample 91	2	1	2	37750	36.91	1.98
H7	Sample 91	2	1	3	42750	36.96	1.99
H7	Sample 91	2	1	4	47740	37	1.98
H7	Sample 91	2	1	5	52750	37	1.98
H7	Sample 91	2	1	6	57750	37	1.99
H7	Sample 91	2	1	7	62760	36.96	1.98
H7	Sample 91	2	1	8	67750	37	1.98
H7	Sample 91	2	1	9	72770	36.96	1.99
H7	Sample 91	2	1	10	77760	37	1.98
H7	Sample 91	2	1	11	82750	36.96	1.98
H7	Sample 91	2	1	12	87760	36.96	1.99
H7	Sample 91	2	1	13	92750	36.96	1.98
H7	Sample 91	2	1	14	97760	37	1.99
H7	Sample 91	2	1	15	102760	37	1.98
H8	Sample 92	2	1	1	32740	36.91	1.93
H8	Sample 92	2	1	2	37750	36.91	1.93
H8	Sample 92	2	1	3	42750	36.96	1.93
H8	Sample 92	2	1	4	47740	37	1.93
H8	Sample 92	2	1	5	52750	37	1.93
H8	Sample 92	2	1	6	57750	37	1.92
H8	Sample 92	2	1	7	62760	36.96	1.92
H8	Sample 92	2	1	8	67750	37	1.92
H8	Sample 92	2	1	9	72770	36.96	1.92
H8	Sample 92	2	1	10	77760	37	1.91
H8	Sample 92	2	1	11	82750	36.96	1.92
H8	Sample 92	2	1	12	87760	36.96	1.92
H8	Sample 92	2	1	13	92750	36.96	1.92
H8	Sample 92	2	1	14	97760	37	1.92
H8	Sample 92	2	1	15	102760	37	1.92
H9	Sample 93	2	1	1	32740	36.91	1.78
H9	Sample 93	2	1	2	37750	36.91	1.79
H9	Sample 93	2	1	3	42750	36.96	1.78
H9	Sample 93	2	1	4	47740	37	1.77
H9	Sample 93	2	1	5	52750	37	1.78
H9	Sample 93	2	1	6	57750	37	1.78
H9	Sample 93	2	1	7	62760	36.96	1.78
H9	Sample 93	2	1	8	67750	37	1.78
H9	Sample 93	2	1	9	72770	36.96	1.78
H9	Sample 93	2	1	10	77760	37	1.78
H9	Sample 93	2	1	11	82750	36.96	1.79
H9	Sample 93	2	1	12	87760	36.96	1.78
H9	Sample 93	2	1	13	92750	36.96	1.78
H9	Sample 93	2	1	14	97760	37	1.78
H9	Sample 93	2	1	15	102760	37	1.78
H10	Sample 94	2	1	1	32740	36.91	1.74
H10	Sample 94	2	1	2	37750	36.91	1.73
H10	Sample 94	2	1	3	42750	36.96	1.73
H10	Sample 94	2	1	4	47740	37	1.73
H10	Sample 94	2	1	5	52750	37	1.73
H10	Sample 94	2	1	6	57750	37	1.74
H10	Sample 94	2	1	7	62760	36.96	1.73
H10	Sample 94	2	1	8	67750	37	1.74
H10	Sample 94	2	1	9	72770	36.96	1.73
H10	Sample 94	2	1	10	77760	37	1.72
H10	Sample 94	2	1	11	82750	36.96	1.73
H10	Sample 94	2	1	12	87760	36.96	1.73
H10	Sample 94	2	1	13	92750	36.96	1.73
H10	Sample 94	2	1	14	97760	37	1.74
H10	Sample 94	2	1	15	102760	37	1.73
H11	Sample 95	2	1	1	32740	36.91	1.61
H11	Sample 95	2	1	2	37750	36.91	1.61
H11	Sample 95	2	1	3	42750	36.96	1.61
H11	Sample 95	2	1	4	47740	37	1.61
H11	Sample 95	2	1	5	52750	37	1.61
H11	Sample 95	2	1	6	57750	37	1.61
H11	Sample 95	2	1	7	62760	36.96	1.61
H11	Sample 95	2	1	8	67750	37	1.61
H11	Sample 95	2	1	9	72770	36.96	1.61
H11	Sample 95	2	1	10	77760	37	1.61
H11	Sample 95	2	1	11	82750	36.96	1.60
H11	Sample 95	2	1	12	87760	36.96	1.61
H11	Sample 95	2	1	13	92750	36.96	1.61
H11	Sample 95	2	1	14	97760	37	1.61
H11	Sample 95	2	1	15	102760	37	1.60
H12	Sample 96	2	1	1	32740	36.91	1.69
H12	Sample 96	2	1	2	37750	36.91	1.69
H12	Sample 96	2	1	3	42750	36.96	1.69
H12	Sample 96	2	1	4	47740	37	1.68
H12	Sample 96	2	1	5	52750	37	1.68
H12	Sample 96	2	1	6	57750	37	1.69
H12	Sample 96	2	1	7	62760	36.96	1.68
H12	Sample 96	2	1	8	67750	37	1.68
H12	Sample 96	2	1	9	72770	36.96	1.69
H12	Sample 96	2	1	10	77760	37	1.68
H12	Sample 96	2	1	11	82750	36.96	1.69
H12	Sample 96	2	1	12	87760	36.96	1.69
H12	Sample 96	2	1	13	92750	36.96	1.68
H12	Sample 96	2	1	14	97760	37	1.69
H12	Sample 96	2	1	15	102760	37	1.68
