Raw Data 		Experiment - evIC50_3_plate1_11APRIL2026 (Run on LCS480 1.5.1.62)																							
SamplePos	SampleName	Prog#	Seg#	Cycle#	Time	Temp	465-510																		
A1	Sample 1	2	1	1	32930	36.91	1.2																		
A1	Sample 1	2	1	2	37970	36.96	1.2																		
A1	Sample 1	2	1	3	42980	36.96	1.19																		
A1	Sample 1	2	1	4	47980	37	1.18																		
A1	Sample 1	2	1	5	52970	37	1.19																		
A1	Sample 1	2	1	6	57960	37	1.18																		
A1	Sample 1	2	1	7	62970	36.96	1.19																		
A1	Sample 1	2	1	8	67980	36.96	1.2																		
A1	Sample 1	2	1	9	72970	37	1.2																		
A1	Sample 1	2	1	10	77970	37	1.2																		
A1	Sample 1	2	1	11	82970	37	1.2																		
A1	Sample 1	2	1	12	87960	36.96	1.19																		
A1	Sample 1	2	1	13	92970	37	1.2																		
A1	Sample 1	2	1	14	97970	36.96	1.19																		
A1	Sample 1	2	1	15	102970	36.96	1.19																		
A2	Sample 2	2	1	1	32930	36.91	1.27																		
A2	Sample 2	2	1	2	37970	36.96	1.26																		
A2	Sample 2	2	1	3	42980	36.96	1.25																		
A2	Sample 2	2	1	4	47980	37	1.26																		
A2	Sample 2	2	1	5	52970	37	1.26																		
A2	Sample 2	2	1	6	57960	37	1.26																		
A2	Sample 2	2	1	7	62970	36.96	1.25																		
A2	Sample 2	2	1	8	67980	36.96	1.26																		
A2	Sample 2	2	1	9	72970	37	1.26																		
A2	Sample 2	2	1	10	77970	37	1.26																		
A2	Sample 2	2	1	11	82970	37	1.26																		
A2	Sample 2	2	1	12	87960	36.96	1.26																		
A2	Sample 2	2	1	13	92970	37	1.25																		
A2	Sample 2	2	1	14	97970	36.96	1.26																		
A2	Sample 2	2	1	15	102970	36.96	1.25																		
A3	Sample 3	2	1	1	32930	36.91	1.36																		
A3	Sample 3	2	1	2	37970	36.96	1.37																		
A3	Sample 3	2	1	3	42980	36.96	1.35																		
A3	Sample 3	2	1	4	47980	37	1.37																		
A3	Sample 3	2	1	5	52970	37	1.36																		
A3	Sample 3	2	1	6	57960	37	1.36																		
A3	Sample 3	2	1	7	62970	36.96	1.36																		
A3	Sample 3	2	1	8	67980	36.96	1.36																		
A3	Sample 3	2	1	9	72970	37	1.35																		
A3	Sample 3	2	1	10	77970	37	1.36																		
A3	Sample 3	2	1	11	82970	37	1.35																		
A3	Sample 3	2	1	12	87960	36.96	1.36																		
A3	Sample 3	2	1	13	92970	37	1.36																		
A3	Sample 3	2	1	14	97970	36.96	1.36																		
A3	Sample 3	2	1	15	102970	36.96	1.35																		
A4	Sample 4	2	1	1	32930	36.91	1.33																		
A4	Sample 4	2	1	2	37970	36.96	1.34																		
A4	Sample 4	2	1	3	42980	36.96	1.33																		
A4	Sample 4	2	1	4	47980	37	1.33																		
A4	Sample 4	2	1	5	52970	37	1.34																		
A4	Sample 4	2	1	6	57960	37	1.33																		
A4	Sample 4	2	1	7	62970	36.96	1.33																		
A4	Sample 4	2	1	8	67980	36.96	1.34																		
A4	Sample 4	2	1	9	72970	37	1.34																		
A4	Sample 4	2	1	10	77970	37	1.34																		
A4	Sample 4	2	1	11	82970	37	1.33																		
A4	Sample 4	2	1	12	87960	36.96	1.33																		
A4	Sample 4	2	1	13	92970	37	1.34																		
A4	Sample 4	2	1	14	97970	36.96	1.33																		
A4	Sample 4	2	1	15	102970	36.96	1.33																		
A5	Sample 5	2	1	1	32930	36.91	1.42																		
A5	Sample 5	2	1	2	37970	36.96	1.42																		
A5	Sample 5	2	1	3	42980	36.96	1.4																		
A5	Sample 5	2	1	4	47980	37	1.41																		
A5	Sample 5	2	1	5	52970	37	1.41																		
A5	Sample 5	2	1	6	57960	37	1.41																		
A5	Sample 5	2	1	7	62970	36.96	1.4																		
A5	Sample 5	2	1	8	67980	36.96	1.41																		
A5	Sample 5	2	1	9	72970	37	1.41																		
A5	Sample 5	2	1	10	77970	37	1.41																		
A5	Sample 5	2	1	11	82970	37	1.41																		
A5	Sample 5	2	1	12	87960	36.96	1.41																		
A5	Sample 5	2	1	13	92970	37	1.41																		
A5	Sample 5	2	1	14	97970	36.96	1.41																		
A5	Sample 5	2	1	15	102970	36.96	1.41																		
A6	Sample 6	2	1	1	32930	36.91	1.38																		
A6	Sample 6	2	1	2	37970	36.96	1.38																		
A6	Sample 6	2	1	3	42980	36.96	1.37																		
A6	Sample 6	2	1	4	47980	37	1.37																		
A6	Sample 6	2	1	5	52970	37	1.37																		
A6	Sample 6	2	1	6	57960	37	1.37																		
A6	Sample 6	2	1	7	62970	36.96	1.37																		
A6	Sample 6	2	1	8	67980	36.96	1.37																		
A6	Sample 6	2	1	9	72970	37	1.37																		
A6	Sample 6	2	1	10	77970	37	1.37																		
A6	Sample 6	2	1	11	82970	37	1.37																		
A6	Sample 6	2	1	12	87960	36.96	1.37																		
A6	Sample 6	2	1	13	92970	37	1.37																		
A6	Sample 6	2	1	14	97970	36.96	1.37																		
A6	Sample 6	2	1	15	102970	36.96	1.36																		
A7	Sample 7	2	1	1	32930	36.91	1.41																		
A7	Sample 7	2	1	2	37970	36.96	1.41																		
A7	Sample 7	2	1	3	42980	36.96	1.4																		
A7	Sample 7	2	1	4	47980	37	1.41																		
A7	Sample 7	2	1	5	52970	37	1.4																		
A7	Sample 7	2	1	6	57960	37	1.4																		
A7	Sample 7	2	1	7	62970	36.96	1.39																		
A7	Sample 7	2	1	8	67980	36.96	1.4																		
A7	Sample 7	2	1	9	72970	37	1.41																		
A7	Sample 7	2	1	10	77970	37	1.4																		
A7	Sample 7	2	1	11	82970	37	1.4																		
A7	Sample 7	2	1	12	87960	36.96	1.4																		
A7	Sample 7	2	1	13	92970	37	1.4																		
A7	Sample 7	2	1	14	97970	36.96	1.4																		
A7	Sample 7	2	1	15	102970	36.96	1.4							1.19	1.25	1.35	1.33	1.41	1.36	1.4	1.34	1.46	1.52	1.41	1.3
A8	Sample 8	2	1	1	32930	36.91	1.34																		
A8	Sample 8	2	1	2	37970	36.96	1.34																		
A8	Sample 8	2	1	3	42980	36.96	1.33																		
A8	Sample 8	2	1	4	47980	37	1.34																		
A8	Sample 8	2	1	5	52970	37	1.34																		
A8	Sample 8	2	1	6	57960	37	1.34																		
A8	Sample 8	2	1	7	62970	36.96	1.34																		
A8	Sample 8	2	1	8	67980	36.96	1.35																		
A8	Sample 8	2	1	9	72970	37	1.34																		
A8	Sample 8	2	1	10	77970	37	1.35																		
A8	Sample 8	2	1	11	82970	37	1.34																		
A8	Sample 8	2	1	12	87960	36.96	1.34																		
A8	Sample 8	2	1	13	92970	37	1.35																		
A8	Sample 8	2	1	14	97970	36.96	1.34																		
A8	Sample 8	2	1	15	102970	36.96	1.34							1.07	1.17	1.23	1.21	1.29	1.29	1.3	1.23	1.36	1.48	1.38	1.27
A9	Sample 9	2	1	1	32930	36.91	1.47																		
A9	Sample 9	2	1	2	37970	36.96	1.47																		
A9	Sample 9	2	1	3	42980	36.96	1.46																		
A9	Sample 9	2	1	4	47980	37	1.47																		
A9	Sample 9	2	1	5	52970	37	1.46																		
A9	Sample 9	2	1	6	57960	37	1.46																		
A9	Sample 9	2	1	7	62970	36.96	1.46																		
A9	Sample 9	2	1	8	67980	36.96	1.46																		
A9	Sample 9	2	1	9	72970	37	1.46																		
A9	Sample 9	2	1	10	77970	37	1.45																		
A9	Sample 9	2	1	11	82970	37	1.45																		
A9	Sample 9	2	1	12	87960	36.96	1.46																		
A9	Sample 9	2	1	13	92970	37	1.46																		
A9	Sample 9	2	1	14	97970	36.96	1.45																		
A9	Sample 9	2	1	15	102970	36.96	1.46							1.08	1.15	1.26	1.24	1.26	1.29	1.29	1.26	1.32	1.4	1.37	1.29
A10	Sample 10	2	1	1	32930	36.91	1.53																		
A10	Sample 10	2	1	2	37970	36.96	1.53																		
A10	Sample 10	2	1	3	42980	36.96	1.53																		
A10	Sample 10	2	1	4	47980	37	1.53																		
A10	Sample 10	2	1	5	52970	37	1.53																		
A10	Sample 10	2	1	6	57960	37	1.53																		
A10	Sample 10	2	1	7	62970	36.96	1.53																		
A10	Sample 10	2	1	8	67980	36.96	1.53																		
A10	Sample 10	2	1	9	72970	37	1.53																		
A10	Sample 10	2	1	10	77970	37	1.53																		
A10	Sample 10	2	1	11	82970	37	1.53																		
A10	Sample 10	2	1	12	87960	36.96	1.53																		
A10	Sample 10	2	1	13	92970	37	1.52																		
A10	Sample 10	2	1	14	97970	36.96	1.53																		
A10	Sample 10	2	1	15	102970	36.96	1.52							1.08	1.17	1.32	1.26	1.3	1.23	1.44	1.42	1.32	1.44	1.39	1.24
A11	Sample 11	2	1	1	32930	36.91	1.42																		
A11	Sample 11	2	1	2	37970	36.96	1.43																		
A11	Sample 11	2	1	3	42980	36.96	1.41																		
A11	Sample 11	2	1	4	47980	37	1.41																		
A11	Sample 11	2	1	5	52970	37	1.41																		
A11	Sample 11	2	1	6	57960	37	1.42																		
A11	Sample 11	2	1	7	62970	36.96	1.42																		
A11	Sample 11	2	1	8	67980	36.96	1.42																		
A11	Sample 11	2	1	9	72970	37	1.41																		
A11	Sample 11	2	1	10	77970	37	1.42																		
A11	Sample 11	2	1	11	82970	37	1.41																		
A11	Sample 11	2	1	12	87960	36.96	1.41																		
A11	Sample 11	2	1	13	92970	37	1.42																		
A11	Sample 11	2	1	14	97970	36.96	1.41																		
A11	Sample 11	2	1	15	102970	36.96	1.41							1.06	1.11	1.43	1.43	1.29	1.25	1.52	1.42	1.29	1.38	1.35	1.28
A12	Sample 12	2	1	1	32930	36.91	1.31																		
A12	Sample 12	2	1	2	37970	36.96	1.32																		
A12	Sample 12	2	1	3	42980	36.96	1.3																		
A12	Sample 12	2	1	4	47980	37	1.31																		
A12	Sample 12	2	1	5	52970	37	1.31																		
A12	Sample 12	2	1	6	57960	37	1.3																		
A12	Sample 12	2	1	7	62970	36.96	1.3																		
A12	Sample 12	2	1	8	67980	36.96	1.3																		
A12	Sample 12	2	1	9	72970	37	1.3																		
A12	Sample 12	2	1	10	77970	37	1.31																		
A12	Sample 12	2	1	11	82970	37	1.31																		
A12	Sample 12	2	1	12	87960	36.96	1.31																		
A12	Sample 12	2	1	13	92970	37	1.31																		
A12	Sample 12	2	1	14	97970	36.96	1.3																		
A12	Sample 12	2	1	15	102970	36.96	1.3							1.11	1.24	1.58	1.51	1.32	1.26	1.52	1.44	1.3	1.37	1.36	1.28
B1	Sample 13	2	1	1	32930	36.91	1.07																		
B1	Sample 13	2	1	2	37970	36.96	1.08																		
B1	Sample 13	2	1	3	42980	36.96	1.07																		
B1	Sample 13	2	1	4	47980	37	1.07																		
B1	Sample 13	2	1	5	52970	37	1.07																		
B1	Sample 13	2	1	6	57960	37	1.07																		
B1	Sample 13	2	1	7	62970	36.96	1.07																		
B1	Sample 13	2	1	8	67980	36.96	1.07																		
B1	Sample 13	2	1	9	72970	37	1.07																		
B1	Sample 13	2	1	10	77970	37	1.07																		
B1	Sample 13	2	1	11	82970	37	1.07																		
B1	Sample 13	2	1	12	87960	36.96	1.07																		
B1	Sample 13	2	1	13	92970	37	1.06																		
B1	Sample 13	2	1	14	97970	36.96	1.07																		
B1	Sample 13	2	1	15	102970	36.96	1.07							1.19	1.33	1.66	1.54	1.45	1.4	1.46	1.38	1.26	1.37	1.33	1.26
B2	Sample 14	2	1	1	32930	36.91	1.19																		
B2	Sample 14	2	1	2	37970	36.96	1.19																		
B2	Sample 14	2	1	3	42980	36.96	1.18																		
B2	Sample 14	2	1	4	47980	37	1.19																		
B2	Sample 14	2	1	5	52970	37	1.18																		
B2	Sample 14	2	1	6	57960	37	1.18																		
B2	Sample 14	2	1	7	62970	36.96	1.18																		
B2	Sample 14	2	1	8	67980	36.96	1.18																		
B2	Sample 14	2	1	9	72970	37	1.19																		
B2	Sample 14	2	1	10	77970	37	1.18																		
B2	Sample 14	2	1	11	82970	37	1.18																		
B2	Sample 14	2	1	12	87960	36.96	1.17																		
B2	Sample 14	2	1	13	92970	37	1.17																		
B2	Sample 14	2	1	14	97970	36.96	1.18																		
B2	Sample 14	2	1	15	102970	36.96	1.17							1.37	1.46	1.57	1.53	1.51	1.49	1.44	1.42	1.22	1.28	1.2	1.22
B3	Sample 15	2	1	1	32930	36.91	1.23																		
B3	Sample 15	2	1	2	37970	36.96	1.23																		
B3	Sample 15	2	1	3	42980	36.96	1.23																		
B3	Sample 15	2	1	4	47980	37	1.23																		
B3	Sample 15	2	1	5	52970	37	1.22																		
B3	Sample 15	2	1	6	57960	37	1.23																		
B3	Sample 15	2	1	7	62970	36.96	1.23																		
B3	Sample 15	2	1	8	67980	36.96	1.22																		
B3	Sample 15	2	1	9	72970	37	1.23																		
B3	Sample 15	2	1	10	77970	37	1.23																		
B3	Sample 15	2	1	11	82970	37	1.23																		
B3	Sample 15	2	1	12	87960	36.96	1.23																		
B3	Sample 15	2	1	13	92970	37	1.23																		
B3	Sample 15	2	1	14	97970	36.96	1.23																		
B3	Sample 15	2	1	15	102970	36.96	1.23																		
B4	Sample 16	2	1	1	32930	36.91	1.23																		
B4	Sample 16	2	1	2	37970	36.96	1.23																		
B4	Sample 16	2	1	3	42980	36.96	1.23																		
B4	Sample 16	2	1	4	47980	37	1.23																		
B4	Sample 16	2	1	5	52970	37	1.22																		
B4	Sample 16	2	1	6	57960	37	1.22																		
B4	Sample 16	2	1	7	62970	36.96	1.22																		
B4	Sample 16	2	1	8	67980	36.96	1.22																		
B4	Sample 16	2	1	9	72970	37	1.22																		
B4	Sample 16	2	1	10	77970	37	1.22																		
B4	Sample 16	2	1	11	82970	37	1.22																		
B4	Sample 16	2	1	12	87960	36.96	1.22																		
B4	Sample 16	2	1	13	92970	37	1.21																		
B4	Sample 16	2	1	14	97970	36.96	1.22																		
B4	Sample 16	2	1	15	102970	36.96	1.21																		
B5	Sample 17	2	1	1	32930	36.91	1.32																		
B5	Sample 17	2	1	2	37970	36.96	1.31																		
B5	Sample 17	2	1	3	42980	36.96	1.32																		
B5	Sample 17	2	1	4	47980	37	1.31																		
B5	Sample 17	2	1	5	52970	37	1.31																		
B5	Sample 17	2	1	6	57960	37	1.31																		
B5	Sample 17	2	1	7	62970	36.96	1.3																		
B5	Sample 17	2	1	8	67980	36.96	1.31																		
B5	Sample 17	2	1	9	72970	37	1.3																		
B5	Sample 17	2	1	10	77970	37	1.3																		
B5	Sample 17	2	1	11	82970	37	1.31																		
B5	Sample 17	2	1	12	87960	36.96	1.3																		
B5	Sample 17	2	1	13	92970	37	1.3																		
B5	Sample 17	2	1	14	97970	36.96	1.3																		
B5	Sample 17	2	1	15	102970	36.96	1.29																		
B6	Sample 18	2	1	1	32930	36.91	1.31																		
B6	Sample 18	2	1	2	37970	36.96	1.3																		
B6	Sample 18	2	1	3	42980	36.96	1.3																		
B6	Sample 18	2	1	4	47980	37	1.31																		
B6	Sample 18	2	1	5	52970	37	1.3																		
B6	Sample 18	2	1	6	57960	37	1.3																		
B6	Sample 18	2	1	7	62970	36.96	1.29																		
B6	Sample 18	2	1	8	67980	36.96	1.29																		
B6	Sample 18	2	1	9	72970	37	1.29																		
B6	Sample 18	2	1	10	77970	37	1.3																		
B6	Sample 18	2	1	11	82970	37	1.3																		
B6	Sample 18	2	1	12	87960	36.96	1.29																		
B6	Sample 18	2	1	13	92970	37	1.29																		
B6	Sample 18	2	1	14	97970	36.96	1.3																		
B6	Sample 18	2	1	15	102970	36.96	1.29																		
B7	Sample 19	2	1	1	32930	36.91	1.3																		
B7	Sample 19	2	1	2	37970	36.96	1.31																		
B7	Sample 19	2	1	3	42980	36.96	1.3																		
B7	Sample 19	2	1	4	47980	37	1.3																		
B7	Sample 19	2	1	5	52970	37	1.29																		
B7	Sample 19	2	1	6	57960	37	1.29																		
B7	Sample 19	2	1	7	62970	36.96	1.3																		
B7	Sample 19	2	1	8	67980	36.96	1.29																		
B7	Sample 19	2	1	9	72970	37	1.3																		
B7	Sample 19	2	1	10	77970	37	1.3																		
B7	Sample 19	2	1	11	82970	37	1.3																		
B7	Sample 19	2	1	12	87960	36.96	1.28																		
B7	Sample 19	2	1	13	92970	37	1.29																		
B7	Sample 19	2	1	14	97970	36.96	1.3																		
B7	Sample 19	2	1	15	102970	36.96	1.3																		
B8	Sample 20	2	1	1	32930	36.91	1.24																		
B8	Sample 20	2	1	2	37970	36.96	1.24																		
B8	Sample 20	2	1	3	42980	36.96	1.23																		
B8	Sample 20	2	1	4	47980	37	1.24																		
B8	Sample 20	2	1	5	52970	37	1.23																		
B8	Sample 20	2	1	6	57960	37	1.22																		
B8	Sample 20	2	1	7	62970	36.96	1.23																		
B8	Sample 20	2	1	8	67980	36.96	1.22																		
B8	Sample 20	2	1	9	72970	37	1.22																		
B8	Sample 20	2	1	10	77970	37	1.21																		
B8	Sample 20	2	1	11	82970	37	1.22																		
B8	Sample 20	2	1	12	87960	36.96	1.23																		
B8	Sample 20	2	1	13	92970	37	1.23																		
B8	Sample 20	2	1	14	97970	36.96	1.23																		
B8	Sample 20	2	1	15	102970	36.96	1.23																		
B9	Sample 21	2	1	1	32930	36.91	1.37																		
B9	Sample 21	2	1	2	37970	36.96	1.37																		
B9	Sample 21	2	1	3	42980	36.96	1.37																		
B9	Sample 21	2	1	4	47980	37	1.37																		
B9	Sample 21	2	1	5	52970	37	1.37																		
B9	Sample 21	2	1	6	57960	37	1.37																		
B9	Sample 21	2	1	7	62970	36.96	1.37																		
B9	Sample 21	2	1	8	67980	36.96	1.36																		
B9	Sample 21	2	1	9	72970	37	1.37																		
B9	Sample 21	2	1	10	77970	37	1.36																		
B9	Sample 21	2	1	11	82970	37	1.36																		
B9	Sample 21	2	1	12	87960	36.96	1.36																		
B9	Sample 21	2	1	13	92970	37	1.36																		
B9	Sample 21	2	1	14	97970	36.96	1.36																		
B9	Sample 21	2	1	15	102970	36.96	1.36																		
B10	Sample 22	2	1	1	32930	36.91	1.5																		
B10	Sample 22	2	1	2	37970	36.96	1.49																		
B10	Sample 22	2	1	3	42980	36.96	1.48																		
B10	Sample 22	2	1	4	47980	37	1.49																		
B10	Sample 22	2	1	5	52970	37	1.49																		
B10	Sample 22	2	1	6	57960	37	1.48																		
B10	Sample 22	2	1	7	62970	36.96	1.49																		
B10	Sample 22	2	1	8	67980	36.96	1.48																		
B10	Sample 22	2	1	9	72970	37	1.49																		
B10	Sample 22	2	1	10	77970	37	1.48																		
B10	Sample 22	2	1	11	82970	37	1.48																		
B10	Sample 22	2	1	12	87960	36.96	1.48																		
B10	Sample 22	2	1	13	92970	37	1.47																		
B10	Sample 22	2	1	14	97970	36.96	1.48																		
B10	Sample 22	2	1	15	102970	36.96	1.48																		
B11	Sample 23	2	1	1	32930	36.91	1.4																		
B11	Sample 23	2	1	2	37970	36.96	1.39																		
B11	Sample 23	2	1	3	42980	36.96	1.39																		
B11	Sample 23	2	1	4	47980	37	1.39																		
B11	Sample 23	2	1	5	52970	37	1.38																		
B11	Sample 23	2	1	6	57960	37	1.39																		
B11	Sample 23	2	1	7	62970	36.96	1.38																		
B11	Sample 23	2	1	8	67980	36.96	1.38																		
B11	Sample 23	2	1	9	72970	37	1.38																		
B11	Sample 23	2	1	10	77970	37	1.39																		
B11	Sample 23	2	1	11	82970	37	1.38																		
B11	Sample 23	2	1	12	87960	36.96	1.37																		
B11	Sample 23	2	1	13	92970	37	1.38																		
B11	Sample 23	2	1	14	97970	36.96	1.38																		
B11	Sample 23	2	1	15	102970	36.96	1.38																		
B12	Sample 24	2	1	1	32930	36.91	1.29																		
B12	Sample 24	2	1	2	37970	36.96	1.29																		
B12	Sample 24	2	1	3	42980	36.96	1.28																		
B12	Sample 24	2	1	4	47980	37	1.29																		
B12	Sample 24	2	1	5	52970	37	1.27																		
B12	Sample 24	2	1	6	57960	37	1.28																		
B12	Sample 24	2	1	7	62970	36.96	1.28																		
B12	Sample 24	2	1	8	67980	36.96	1.27																		
B12	Sample 24	2	1	9	72970	37	1.28																		
B12	Sample 24	2	1	10	77970	37	1.28																		
B12	Sample 24	2	1	11	82970	37	1.28																		
B12	Sample 24	2	1	12	87960	36.96	1.28																		
B12	Sample 24	2	1	13	92970	37	1.28																		
B12	Sample 24	2	1	14	97970	36.96	1.27																		
B12	Sample 24	2	1	15	102970	36.96	1.27																		
C1	Sample 25	2	1	1	32930	36.91	1.1																		
C1	Sample 25	2	1	2	37970	36.96	1.09																		
C1	Sample 25	2	1	3	42980	36.96	1.09																		
C1	Sample 25	2	1	4	47980	37	1.09																		
C1	Sample 25	2	1	5	52970	37	1.09																		
C1	Sample 25	2	1	6	57960	37	1.08																		
C1	Sample 25	2	1	7	62970	36.96	1.08																		
C1	Sample 25	2	1	8	67980	36.96	1.09																		
C1	Sample 25	2	1	9	72970	37	1.09																		
C1	Sample 25	2	1	10	77970	37	1.08																		
C1	Sample 25	2	1	11	82970	37	1.09																		
C1	Sample 25	2	1	12	87960	36.96	1.08																		
C1	Sample 25	2	1	13	92970	37	1.09																		
C1	Sample 25	2	1	14	97970	36.96	1.08																		
C1	Sample 25	2	1	15	102970	36.96	1.08																		
C2	Sample 26	2	1	1	32930	36.91	1.17																		
C2	Sample 26	2	1	2	37970	36.96	1.17																		
C2	Sample 26	2	1	3	42980	36.96	1.16																		
C2	Sample 26	2	1	4	47980	37	1.16																		
C2	Sample 26	2	1	5	52970	37	1.16																		
C2	Sample 26	2	1	6	57960	37	1.16																		
C2	Sample 26	2	1	7	62970	36.96	1.16																		
C2	Sample 26	2	1	8	67980	36.96	1.16																		
C2	Sample 26	2	1	9	72970	37	1.16																		
C2	Sample 26	2	1	10	77970	37	1.16																		
C2	Sample 26	2	1	11	82970	37	1.17																		
C2	Sample 26	2	1	12	87960	36.96	1.16																		
C2	Sample 26	2	1	13	92970	37	1.16																		
C2	Sample 26	2	1	14	97970	36.96	1.16																		
C2	Sample 26	2	1	15	102970	36.96	1.15																		
C3	Sample 27	2	1	1	32930	36.91	1.28																		
C3	Sample 27	2	1	2	37970	36.96	1.27																		
C3	Sample 27	2	1	3	42980	36.96	1.27																		
C3	Sample 27	2	1	4	47980	37	1.27																		
C3	Sample 27	2	1	5	52970	37	1.27																		
C3	Sample 27	2	1	6	57960	37	1.27																		
C3	Sample 27	2	1	7	62970	36.96	1.27																		
C3	Sample 27	2	1	8	67980	36.96	1.27																		
C3	Sample 27	2	1	9	72970	37	1.27																		
C3	Sample 27	2	1	10	77970	37	1.26																		
C3	Sample 27	2	1	11	82970	37	1.27																		
C3	Sample 27	2	1	12	87960	36.96	1.27																		
C3	Sample 27	2	1	13	92970	37	1.28																		
C3	Sample 27	2	1	14	97970	36.96	1.27																		
C3	Sample 27	2	1	15	102970	36.96	1.26																		
C4	Sample 28	2	1	1	32930	36.91	1.25																		
C4	Sample 28	2	1	2	37970	36.96	1.25																		
C4	Sample 28	2	1	3	42980	36.96	1.25																		
C4	Sample 28	2	1	4	47980	37	1.25																		
C4	Sample 28	2	1	5	52970	37	1.25																		
C4	Sample 28	2	1	6	57960	37	1.24																		
C4	Sample 28	2	1	7	62970	36.96	1.24																		
C4	Sample 28	2	1	8	67980	36.96	1.24																		
C4	Sample 28	2	1	9	72970	37	1.25																		
C4	Sample 28	2	1	10	77970	37	1.24																		
C4	Sample 28	2	1	11	82970	37	1.24																		
C4	Sample 28	2	1	12	87960	36.96	1.24																		
C4	Sample 28	2	1	13	92970	37	1.25																		
C4	Sample 28	2	1	14	97970	36.96	1.24																		
C4	Sample 28	2	1	15	102970	36.96	1.24																		
C5	Sample 29	2	1	1	32930	36.91	1.27																		
C5	Sample 29	2	1	2	37970	36.96	1.27																		
C5	Sample 29	2	1	3	42980	36.96	1.26																		
C5	Sample 29	2	1	4	47980	37	1.26																		
C5	Sample 29	2	1	5	52970	37	1.26																		
C5	Sample 29	2	1	6	57960	37	1.26																		
C5	Sample 29	2	1	7	62970	36.96	1.26																		
C5	Sample 29	2	1	8	67980	36.96	1.26																		
C5	Sample 29	2	1	9	72970	37	1.26																		
C5	Sample 29	2	1	10	77970	37	1.26																		
C5	Sample 29	2	1	11	82970	37	1.25																		
C5	Sample 29	2	1	12	87960	36.96	1.26																		
C5	Sample 29	2	1	13	92970	37	1.26																		
C5	Sample 29	2	1	14	97970	36.96	1.26																		
C5	Sample 29	2	1	15	102970	36.96	1.26																		
C6	Sample 30	2	1	1	32930	36.91	1.3																		
C6	Sample 30	2	1	2	37970	36.96	1.3																		
C6	Sample 30	2	1	3	42980	36.96	1.29																		
C6	Sample 30	2	1	4	47980	37	1.29																		
C6	Sample 30	2	1	5	52970	37	1.29																		
C6	Sample 30	2	1	6	57960	37	1.28																		
C6	Sample 30	2	1	7	62970	36.96	1.29																		
C6	Sample 30	2	1	8	67980	36.96	1.28																		
C6	Sample 30	2	1	9	72970	37	1.3																		
C6	Sample 30	2	1	10	77970	37	1.29																		
C6	Sample 30	2	1	11	82970	37	1.29																		
C6	Sample 30	2	1	12	87960	36.96	1.3																		
C6	Sample 30	2	1	13	92970	37	1.3																		
C6	Sample 30	2	1	14	97970	36.96	1.29																		
C6	Sample 30	2	1	15	102970	36.96	1.29																		
C7	Sample 31	2	1	1	32930	36.91	1.3																		
C7	Sample 31	2	1	2	37970	36.96	1.31																		
C7	Sample 31	2	1	3	42980	36.96	1.3																		
C7	Sample 31	2	1	4	47980	37	1.3																		
C7	Sample 31	2	1	5	52970	37	1.3																		
C7	Sample 31	2	1	6	57960	37	1.29																		
C7	Sample 31	2	1	7	62970	36.96	1.29																		
C7	Sample 31	2	1	8	67980	36.96	1.3																		
C7	Sample 31	2	1	9	72970	37	1.3																		
C7	Sample 31	2	1	10	77970	37	1.3																		
C7	Sample 31	2	1	11	82970	37	1.29																		
C7	Sample 31	2	1	12	87960	36.96	1.29																		
C7	Sample 31	2	1	13	92970	37	1.3																		
C7	Sample 31	2	1	14	97970	36.96	1.3																		
C7	Sample 31	2	1	15	102970	36.96	1.29																		
C8	Sample 32	2	1	1	32930	36.91	1.29																		
C8	Sample 32	2	1	2	37970	36.96	1.28																		
C8	Sample 32	2	1	3	42980	36.96	1.27																		
C8	Sample 32	2	1	4	47980	37	1.27																		
C8	Sample 32	2	1	5	52970	37	1.26																		
C8	Sample 32	2	1	6	57960	37	1.26																		
C8	Sample 32	2	1	7	62970	36.96	1.27																		
C8	Sample 32	2	1	8	67980	36.96	1.26																		
C8	Sample 32	2	1	9	72970	37	1.27																		
C8	Sample 32	2	1	10	77970	37	1.27																		
C8	Sample 32	2	1	11	82970	37	1.26																		
C8	Sample 32	2	1	12	87960	36.96	1.27																		
C8	Sample 32	2	1	13	92970	37	1.28																		
C8	Sample 32	2	1	14	97970	36.96	1.26																		
C8	Sample 32	2	1	15	102970	36.96	1.26																		
C9	Sample 33	2	1	1	32930	36.91	1.34																		
C9	Sample 33	2	1	2	37970	36.96	1.34																		
C9	Sample 33	2	1	3	42980	36.96	1.33																		
C9	Sample 33	2	1	4	47980	37	1.34																		
C9	Sample 33	2	1	5	52970	37	1.33																		
C9	Sample 33	2	1	6	57960	37	1.33																		
C9	Sample 33	2	1	7	62970	36.96	1.33																		
C9	Sample 33	2	1	8	67980	36.96	1.33																		
C9	Sample 33	2	1	9	72970	37	1.33																		
C9	Sample 33	2	1	10	77970	37	1.33																		
C9	Sample 33	2	1	11	82970	37	1.33																		
C9	Sample 33	2	1	12	87960	36.96	1.33																		
C9	Sample 33	2	1	13	92970	37	1.33																		
C9	Sample 33	2	1	14	97970	36.96	1.33																		
C9	Sample 33	2	1	15	102970	36.96	1.32																		
C10	Sample 34	2	1	1	32930	36.91	1.41																		
C10	Sample 34	2	1	2	37970	36.96	1.41																		
C10	Sample 34	2	1	3	42980	36.96	1.4																		
C10	Sample 34	2	1	4	47980	37	1.41																		
C10	Sample 34	2	1	5	52970	37	1.41																		
C10	Sample 34	2	1	6	57960	37	1.4																		
C10	Sample 34	2	1	7	62970	36.96	1.41																		
C10	Sample 34	2	1	8	67980	36.96	1.4																		
C10	Sample 34	2	1	9	72970	37	1.41																		
C10	Sample 34	2	1	10	77970	37	1.4																		
C10	Sample 34	2	1	11	82970	37	1.4																		
C10	Sample 34	2	1	12	87960	36.96	1.4																		
C10	Sample 34	2	1	13	92970	37	1.4																		
C10	Sample 34	2	1	14	97970	36.96	1.4																		
C10	Sample 34	2	1	15	102970	36.96	1.4																		
C11	Sample 35	2	1	1	32930	36.91	1.39																		
C11	Sample 35	2	1	2	37970	36.96	1.39																		
C11	Sample 35	2	1	3	42980	36.96	1.39																		
C11	Sample 35	2	1	4	47980	37	1.39																		
C11	Sample 35	2	1	5	52970	37	1.39																		
C11	Sample 35	2	1	6	57960	37	1.39																		
C11	Sample 35	2	1	7	62970	36.96	1.38																		
C11	Sample 35	2	1	8	67980	36.96	1.38																		
C11	Sample 35	2	1	9	72970	37	1.39																		
C11	Sample 35	2	1	10	77970	37	1.37																		
C11	Sample 35	2	1	11	82970	37	1.38																		
C11	Sample 35	2	1	12	87960	36.96	1.38																		
C11	Sample 35	2	1	13	92970	37	1.38																		
C11	Sample 35	2	1	14	97970	36.96	1.38																		
C11	Sample 35	2	1	15	102970	36.96	1.37																		
C12	Sample 36	2	1	1	32930	36.91	1.3																		
C12	Sample 36	2	1	2	37970	36.96	1.29																		
C12	Sample 36	2	1	3	42980	36.96	1.29																		
C12	Sample 36	2	1	4	47980	37	1.3																		
C12	Sample 36	2	1	5	52970	37	1.29																		
C12	Sample 36	2	1	6	57960	37	1.3																		
C12	Sample 36	2	1	7	62970	36.96	1.3																		
C12	Sample 36	2	1	8	67980	36.96	1.29																		
C12	Sample 36	2	1	9	72970	37	1.3																		
C12	Sample 36	2	1	10	77970	37	1.29																		
C12	Sample 36	2	1	11	82970	37	1.29																		
C12	Sample 36	2	1	12	87960	36.96	1.29																		
C12	Sample 36	2	1	13	92970	37	1.3																		
C12	Sample 36	2	1	14	97970	36.96	1.28																		
C12	Sample 36	2	1	15	102970	36.96	1.29																		
D1	Sample 37	2	1	1	32930	36.91	1.08																		
D1	Sample 37	2	1	2	37970	36.96	1.08																		
D1	Sample 37	2	1	3	42980	36.96	1.08																		
D1	Sample 37	2	1	4	47980	37	1.08																		
D1	Sample 37	2	1	5	52970	37	1.08																		
D1	Sample 37	2	1	6	57960	37	1.08																		
D1	Sample 37	2	1	7	62970	36.96	1.07																		
D1	Sample 37	2	1	8	67980	36.96	1.07																		
D1	Sample 37	2	1	9	72970	37	1.07																		
D1	Sample 37	2	1	10	77970	37	1.07																		
D1	Sample 37	2	1	11	82970	37	1.07																		
D1	Sample 37	2	1	12	87960	36.96	1.07																		
D1	Sample 37	2	1	13	92970	37	1.07																		
D1	Sample 37	2	1	14	97970	36.96	1.08																		
D1	Sample 37	2	1	15	102970	36.96	1.08																		
D2	Sample 38	2	1	1	32930	36.91	1.17																		
D2	Sample 38	2	1	2	37970	36.96	1.17																		
D2	Sample 38	2	1	3	42980	36.96	1.17																		
D2	Sample 38	2	1	4	47980	37	1.17																		
D2	Sample 38	2	1	5	52970	37	1.17																		
D2	Sample 38	2	1	6	57960	37	1.17																		
D2	Sample 38	2	1	7	62970	36.96	1.17																		
D2	Sample 38	2	1	8	67980	36.96	1.17																		
D2	Sample 38	2	1	9	72970	37	1.17																		
D2	Sample 38	2	1	10	77970	37	1.16																		
D2	Sample 38	2	1	11	82970	37	1.16																		
D2	Sample 38	2	1	12	87960	36.96	1.16																		
D2	Sample 38	2	1	13	92970	37	1.17																		
D2	Sample 38	2	1	14	97970	36.96	1.17																		
D2	Sample 38	2	1	15	102970	36.96	1.17																		
D3	Sample 39	2	1	1	32930	36.91	1.32																		
D3	Sample 39	2	1	2	37970	36.96	1.33																		
D3	Sample 39	2	1	3	42980	36.96	1.32																		
D3	Sample 39	2	1	4	47980	37	1.33																		
D3	Sample 39	2	1	5	52970	37	1.33																		
D3	Sample 39	2	1	6	57960	37	1.33																		
D3	Sample 39	2	1	7	62970	36.96	1.33																		
D3	Sample 39	2	1	8	67980	36.96	1.32																		
D3	Sample 39	2	1	9	72970	37	1.32																		
D3	Sample 39	2	1	10	77970	37	1.32																		
D3	Sample 39	2	1	11	82970	37	1.32																		
D3	Sample 39	2	1	12	87960	36.96	1.32																		
D3	Sample 39	2	1	13	92970	37	1.32																		
D3	Sample 39	2	1	14	97970	36.96	1.32																		
D3	Sample 39	2	1	15	102970	36.96	1.32																		
D4	Sample 40	2	1	1	32930	36.91	1.27																		
D4	Sample 40	2	1	2	37970	36.96	1.27																		
D4	Sample 40	2	1	3	42980	36.96	1.26																		
D4	Sample 40	2	1	4	47980	37	1.26																		
D4	Sample 40	2	1	5	52970	37	1.27																		
D4	Sample 40	2	1	6	57960	37	1.26																		
D4	Sample 40	2	1	7	62970	36.96	1.25																		
D4	Sample 40	2	1	8	67980	36.96	1.26																		
D4	Sample 40	2	1	9	72970	37	1.26																		
D4	Sample 40	2	1	10	77970	37	1.26																		
D4	Sample 40	2	1	11	82970	37	1.26																		
D4	Sample 40	2	1	12	87960	36.96	1.26																		
D4	Sample 40	2	1	13	92970	37	1.25																		
D4	Sample 40	2	1	14	97970	36.96	1.26																		
D4	Sample 40	2	1	15	102970	36.96	1.26																		
D5	Sample 41	2	1	1	32930	36.91	1.33																		
D5	Sample 41	2	1	2	37970	36.96	1.32																		
D5	Sample 41	2	1	3	42980	36.96	1.31																		
D5	Sample 41	2	1	4	47980	37	1.32																		
D5	Sample 41	2	1	5	52970	37	1.31																		
D5	Sample 41	2	1	6	57960	37	1.31																		
D5	Sample 41	2	1	7	62970	36.96	1.3																		
D5	Sample 41	2	1	8	67980	36.96	1.31																		
D5	Sample 41	2	1	9	72970	37	1.31																		
D5	Sample 41	2	1	10	77970	37	1.3																		
D5	Sample 41	2	1	11	82970	37	1.3																		
D5	Sample 41	2	1	12	87960	36.96	1.3																		
D5	Sample 41	2	1	13	92970	37	1.3																		
D5	Sample 41	2	1	14	97970	36.96	1.3																		
D5	Sample 41	2	1	15	102970	36.96	1.3																		
D6	Sample 42	2	1	1	32930	36.91	1.24																		
D6	Sample 42	2	1	2	37970	36.96	1.24																		
D6	Sample 42	2	1	3	42980	36.96	1.24																		
D6	Sample 42	2	1	4	47980	37	1.24																		
D6	Sample 42	2	1	5	52970	37	1.24																		
D6	Sample 42	2	1	6	57960	37	1.24																		
D6	Sample 42	2	1	7	62970	36.96	1.24																		
D6	Sample 42	2	1	8	67980	36.96	1.23																		
D6	Sample 42	2	1	9	72970	37	1.23																		
D6	Sample 42	2	1	10	77970	37	1.23																		
D6	Sample 42	2	1	11	82970	37	1.23																		
D6	Sample 42	2	1	12	87960	36.96	1.23																		
D6	Sample 42	2	1	13	92970	37	1.24																		
D6	Sample 42	2	1	14	97970	36.96	1.23																		
D6	Sample 42	2	1	15	102970	36.96	1.23																		
D7	Sample 43	2	1	1	32930	36.91	1.45																		
D7	Sample 43	2	1	2	37970	36.96	1.44																		
D7	Sample 43	2	1	3	42980	36.96	1.44																		
D7	Sample 43	2	1	4	47980	37	1.44																		
D7	Sample 43	2	1	5	52970	37	1.45																		
D7	Sample 43	2	1	6	57960	37	1.44																		
D7	Sample 43	2	1	7	62970	36.96	1.44																		
D7	Sample 43	2	1	8	67980	36.96	1.44																		
D7	Sample 43	2	1	9	72970	37	1.44																		
D7	Sample 43	2	1	10	77970	37	1.44																		
D7	Sample 43	2	1	11	82970	37	1.44																		
D7	Sample 43	2	1	12	87960	36.96	1.44																		
D7	Sample 43	2	1	13	92970	37	1.43																		
D7	Sample 43	2	1	14	97970	36.96	1.44																		
D7	Sample 43	2	1	15	102970	36.96	1.44																		
D8	Sample 44	2	1	1	32930	36.91	1.44																		
D8	Sample 44	2	1	2	37970	36.96	1.44																		
D8	Sample 44	2	1	3	42980	36.96	1.42																		
D8	Sample 44	2	1	4	47980	37	1.43																		
D8	Sample 44	2	1	5	52970	37	1.43																		
D8	Sample 44	2	1	6	57960	37	1.42																		
D8	Sample 44	2	1	7	62970	36.96	1.43																		
D8	Sample 44	2	1	8	67980	36.96	1.42																		
D8	Sample 44	2	1	9	72970	37	1.42																		
D8	Sample 44	2	1	10	77970	37	1.42																		
D8	Sample 44	2	1	11	82970	37	1.43																		
D8	Sample 44	2	1	12	87960	36.96	1.43																		
D8	Sample 44	2	1	13	92970	37	1.42																		
D8	Sample 44	2	1	14	97970	36.96	1.42																		
D8	Sample 44	2	1	15	102970	36.96	1.42																		
D9	Sample 45	2	1	1	32930	36.91	1.33																		
D9	Sample 45	2	1	2	37970	36.96	1.32																		
D9	Sample 45	2	1	3	42980	36.96	1.32																		
D9	Sample 45	2	1	4	47980	37	1.33																		
D9	Sample 45	2	1	5	52970	37	1.32																		
D9	Sample 45	2	1	6	57960	37	1.32																		
D9	Sample 45	2	1	7	62970	36.96	1.31																		
D9	Sample 45	2	1	8	67980	36.96	1.32																		
D9	Sample 45	2	1	9	72970	37	1.31																		
D9	Sample 45	2	1	10	77970	37	1.31																		
D9	Sample 45	2	1	11	82970	37	1.31																		
D9	Sample 45	2	1	12	87960	36.96	1.32																		
D9	Sample 45	2	1	13	92970	37	1.31																		
D9	Sample 45	2	1	14	97970	36.96	1.31																		
D9	Sample 45	2	1	15	102970	36.96	1.32																		
D10	Sample 46	2	1	1	32930	36.91	1.46																		
D10	Sample 46	2	1	2	37970	36.96	1.45																		
D10	Sample 46	2	1	3	42980	36.96	1.44																		
D10	Sample 46	2	1	4	47980	37	1.44																		
D10	Sample 46	2	1	5	52970	37	1.44																		
D10	Sample 46	2	1	6	57960	37	1.44																		
D10	Sample 46	2	1	7	62970	36.96	1.43																		
D10	Sample 46	2	1	8	67980	36.96	1.44																		
D10	Sample 46	2	1	9	72970	37	1.44																		
D10	Sample 46	2	1	10	77970	37	1.44																		
D10	Sample 46	2	1	11	82970	37	1.43																		
D10	Sample 46	2	1	12	87960	36.96	1.44																		
D10	Sample 46	2	1	13	92970	37	1.44																		
D10	Sample 46	2	1	14	97970	36.96	1.43																		
D10	Sample 46	2	1	15	102970	36.96	1.44																		
D11	Sample 47	2	1	1	32930	36.91	1.42																		
D11	Sample 47	2	1	2	37970	36.96	1.41																		
D11	Sample 47	2	1	3	42980	36.96	1.4																		
D11	Sample 47	2	1	4	47980	37	1.4																		
D11	Sample 47	2	1	5	52970	37	1.4																		
D11	Sample 47	2	1	6	57960	37	1.39																		
D11	Sample 47	2	1	7	62970	36.96	1.4																		
D11	Sample 47	2	1	8	67980	36.96	1.4																		
D11	Sample 47	2	1	9	72970	37	1.39																		
D11	Sample 47	2	1	10	77970	37	1.39																		
D11	Sample 47	2	1	11	82970	37	1.39																		
D11	Sample 47	2	1	12	87960	36.96	1.39																		
D11	Sample 47	2	1	13	92970	37	1.39																		
D11	Sample 47	2	1	14	97970	36.96	1.38																		
D11	Sample 47	2	1	15	102970	36.96	1.39																		
D12	Sample 48	2	1	1	32930	36.91	1.25																		
D12	Sample 48	2	1	2	37970	36.96	1.25																		
D12	Sample 48	2	1	3	42980	36.96	1.25																		
D12	Sample 48	2	1	4	47980	37	1.25																		
D12	Sample 48	2	1	5	52970	37	1.25																		
D12	Sample 48	2	1	6	57960	37	1.24																		
D12	Sample 48	2	1	7	62970	36.96	1.25																		
D12	Sample 48	2	1	8	67980	36.96	1.25																		
D12	Sample 48	2	1	9	72970	37	1.24																		
D12	Sample 48	2	1	10	77970	37	1.24																		
D12	Sample 48	2	1	11	82970	37	1.24																		
D12	Sample 48	2	1	12	87960	36.96	1.25																		
D12	Sample 48	2	1	13	92970	37	1.24																		
D12	Sample 48	2	1	14	97970	36.96	1.24																		
D12	Sample 48	2	1	15	102970	36.96	1.24																		
E1	Sample 49	2	1	1	32930	36.91	1.07																		
E1	Sample 49	2	1	2	37970	36.96	1.07																		
E1	Sample 49	2	1	3	42980	36.96	1.06																		
E1	Sample 49	2	1	4	47980	37	1.06																		
E1	Sample 49	2	1	5	52970	37	1.06																		
E1	Sample 49	2	1	6	57960	37	1.06																		
E1	Sample 49	2	1	7	62970	36.96	1.07																		
E1	Sample 49	2	1	8	67980	36.96	1.07																		
E1	Sample 49	2	1	9	72970	37	1.07																		
E1	Sample 49	2	1	10	77970	37	1.06																		
E1	Sample 49	2	1	11	82970	37	1.07																		
E1	Sample 49	2	1	12	87960	36.96	1.07																		
E1	Sample 49	2	1	13	92970	37	1.07																		
E1	Sample 49	2	1	14	97970	36.96	1.07																		
E1	Sample 49	2	1	15	102970	36.96	1.06																		
E2	Sample 50	2	1	1	32930	36.91	1.12																		
E2	Sample 50	2	1	2	37970	36.96	1.12																		
E2	Sample 50	2	1	3	42980	36.96	1.12																		
E2	Sample 50	2	1	4	47980	37	1.12																		
E2	Sample 50	2	1	5	52970	37	1.11																		
E2	Sample 50	2	1	6	57960	37	1.11																		
E2	Sample 50	2	1	7	62970	36.96	1.12																		
E2	Sample 50	2	1	8	67980	36.96	1.12																		
E2	Sample 50	2	1	9	72970	37	1.11																		
E2	Sample 50	2	1	10	77970	37	1.11																		
E2	Sample 50	2	1	11	82970	37	1.11																		
E2	Sample 50	2	1	12	87960	36.96	1.1																		
E2	Sample 50	2	1	13	92970	37	1.12																		
E2	Sample 50	2	1	14	97970	36.96	1.11																		
E2	Sample 50	2	1	15	102970	36.96	1.11																		
E3	Sample 51	2	1	1	32930	36.91	1.45																		
E3	Sample 51	2	1	2	37970	36.96	1.44																		
E3	Sample 51	2	1	3	42980	36.96	1.44																		
E3	Sample 51	2	1	4	47980	37	1.44																		
E3	Sample 51	2	1	5	52970	37	1.44																		
E3	Sample 51	2	1	6	57960	37	1.43																		
E3	Sample 51	2	1	7	62970	36.96	1.44																		
E3	Sample 51	2	1	8	67980	36.96	1.44																		
E3	Sample 51	2	1	9	72970	37	1.44																		
E3	Sample 51	2	1	10	77970	37	1.43																		
E3	Sample 51	2	1	11	82970	37	1.44																		
E3	Sample 51	2	1	12	87960	36.96	1.44																		
E3	Sample 51	2	1	13	92970	37	1.44																		
E3	Sample 51	2	1	14	97970	36.96	1.43																		
E3	Sample 51	2	1	15	102970	36.96	1.43																		
E4	Sample 52	2	1	1	32930	36.91	1.44																		
E4	Sample 52	2	1	2	37970	36.96	1.44																		
E4	Sample 52	2	1	3	42980	36.96	1.43																		
E4	Sample 52	2	1	4	47980	37	1.44																		
E4	Sample 52	2	1	5	52970	37	1.43																		
E4	Sample 52	2	1	6	57960	37	1.42																		
E4	Sample 52	2	1	7	62970	36.96	1.42																		
E4	Sample 52	2	1	8	67980	36.96	1.43																		
E4	Sample 52	2	1	9	72970	37	1.43																		
E4	Sample 52	2	1	10	77970	37	1.43																		
E4	Sample 52	2	1	11	82970	37	1.43																		
E4	Sample 52	2	1	12	87960	36.96	1.43																		
E4	Sample 52	2	1	13	92970	37	1.43																		
E4	Sample 52	2	1	14	97970	36.96	1.43																		
E4	Sample 52	2	1	15	102970	36.96	1.43																		
E5	Sample 53	2	1	1	32930	36.91	1.31																		
E5	Sample 53	2	1	2	37970	36.96	1.31																		
E5	Sample 53	2	1	3	42980	36.96	1.3																		
E5	Sample 53	2	1	4	47980	37	1.3																		
E5	Sample 53	2	1	5	52970	37	1.3																		
E5	Sample 53	2	1	6	57960	37	1.29																		
E5	Sample 53	2	1	7	62970	36.96	1.29																		
E5	Sample 53	2	1	8	67980	36.96	1.3																		
E5	Sample 53	2	1	9	72970	37	1.3																		
E5	Sample 53	2	1	10	77970	37	1.3																		
E5	Sample 53	2	1	11	82970	37	1.3																		
E5	Sample 53	2	1	12	87960	36.96	1.29																		
E5	Sample 53	2	1	13	92970	37	1.3																		
E5	Sample 53	2	1	14	97970	36.96	1.29																		
E5	Sample 53	2	1	15	102970	36.96	1.29																		
E6	Sample 54	2	1	1	32930	36.91	1.26																		
E6	Sample 54	2	1	2	37970	36.96	1.25																		
E6	Sample 54	2	1	3	42980	36.96	1.25																		
E6	Sample 54	2	1	4	47980	37	1.26																		
E6	Sample 54	2	1	5	52970	37	1.25																		
E6	Sample 54	2	1	6	57960	37	1.25																		
E6	Sample 54	2	1	7	62970	36.96	1.25																		
E6	Sample 54	2	1	8	67980	36.96	1.26																		
E6	Sample 54	2	1	9	72970	37	1.25																		
E6	Sample 54	2	1	10	77970	37	1.25																		
E6	Sample 54	2	1	11	82970	37	1.25																		
E6	Sample 54	2	1	12	87960	36.96	1.25																		
E6	Sample 54	2	1	13	92970	37	1.26																		
E6	Sample 54	2	1	14	97970	36.96	1.25																		
E6	Sample 54	2	1	15	102970	36.96	1.25																		
E7	Sample 55	2	1	1	32930	36.91	1.53																		
E7	Sample 55	2	1	2	37970	36.96	1.53																		
E7	Sample 55	2	1	3	42980	36.96	1.52																		
E7	Sample 55	2	1	4	47980	37	1.52																		
E7	Sample 55	2	1	5	52970	37	1.52																		
E7	Sample 55	2	1	6	57960	37	1.52																		
E7	Sample 55	2	1	7	62970	36.96	1.52																		
E7	Sample 55	2	1	8	67980	36.96	1.52																		
E7	Sample 55	2	1	9	72970	37	1.52																		
E7	Sample 55	2	1	10	77970	37	1.52																		
E7	Sample 55	2	1	11	82970	37	1.53																		
E7	Sample 55	2	1	12	87960	36.96	1.51																		
E7	Sample 55	2	1	13	92970	37	1.52																		
E7	Sample 55	2	1	14	97970	36.96	1.51																		
E7	Sample 55	2	1	15	102970	36.96	1.52																		
E8	Sample 56	2	1	1	32930	36.91	1.46																		
E8	Sample 56	2	1	2	37970	36.96	1.46																		
E8	Sample 56	2	1	3	42980	36.96	1.46																		
E8	Sample 56	2	1	4	47980	37	1.46																		
E8	Sample 56	2	1	5	52970	37	1.44																		
E8	Sample 56	2	1	6	57960	37	1.45																		
E8	Sample 56	2	1	7	62970	36.96	1.45																		
E8	Sample 56	2	1	8	67980	36.96	1.45																		
E8	Sample 56	2	1	9	72970	37	1.45																		
E8	Sample 56	2	1	10	77970	37	1.45																		
E8	Sample 56	2	1	11	82970	37	1.44																		
E8	Sample 56	2	1	12	87960	36.96	1.43																		
E8	Sample 56	2	1	13	92970	37	1.42																		
E8	Sample 56	2	1	14	97970	36.96	1.42																		
E8	Sample 56	2	1	15	102970	36.96	1.42																		
E9	Sample 57	2	1	1	32930	36.91	1.3																		
E9	Sample 57	2	1	2	37970	36.96	1.3																		
E9	Sample 57	2	1	3	42980	36.96	1.29																		
E9	Sample 57	2	1	4	47980	37	1.29																		
E9	Sample 57	2	1	5	52970	37	1.29																		
E9	Sample 57	2	1	6	57960	37	1.29																		
E9	Sample 57	2	1	7	62970	36.96	1.28																		
E9	Sample 57	2	1	8	67980	36.96	1.29																		
E9	Sample 57	2	1	9	72970	37	1.29																		
E9	Sample 57	2	1	10	77970	37	1.28																		
E9	Sample 57	2	1	11	82970	37	1.29																		
E9	Sample 57	2	1	12	87960	36.96	1.28																		
E9	Sample 57	2	1	13	92970	37	1.29																		
E9	Sample 57	2	1	14	97970	36.96	1.29																		
E9	Sample 57	2	1	15	102970	36.96	1.29																		
E10	Sample 58	2	1	1	32930	36.91	1.41																		
E10	Sample 58	2	1	2	37970	36.96	1.41																		
E10	Sample 58	2	1	3	42980	36.96	1.4																		
E10	Sample 58	2	1	4	47980	37	1.4																		
E10	Sample 58	2	1	5	52970	37	1.39																		
E10	Sample 58	2	1	6	57960	37	1.4																		
E10	Sample 58	2	1	7	62970	36.96	1.39																		
E10	Sample 58	2	1	8	67980	36.96	1.4																		
E10	Sample 58	2	1	9	72970	37	1.39																		
E10	Sample 58	2	1	10	77970	37	1.39																		
E10	Sample 58	2	1	11	82970	37	1.39																		
E10	Sample 58	2	1	12	87960	36.96	1.39																		
E10	Sample 58	2	1	13	92970	37	1.39																		
E10	Sample 58	2	1	14	97970	36.96	1.39																		
E10	Sample 58	2	1	15	102970	36.96	1.38																		
E11	Sample 59	2	1	1	32930	36.91	1.37																		
E11	Sample 59	2	1	2	37970	36.96	1.36																		
E11	Sample 59	2	1	3	42980	36.96	1.36																		
E11	Sample 59	2	1	4	47980	37	1.37																		
E11	Sample 59	2	1	5	52970	37	1.36																		
E11	Sample 59	2	1	6	57960	37	1.35																		
E11	Sample 59	2	1	7	62970	36.96	1.35																		
E11	Sample 59	2	1	8	67980	36.96	1.35																		
E11	Sample 59	2	1	9	72970	37	1.35																		
E11	Sample 59	2	1	10	77970	37	1.34																		
E11	Sample 59	2	1	11	82970	37	1.35																		
E11	Sample 59	2	1	12	87960	36.96	1.34																		
E11	Sample 59	2	1	13	92970	37	1.35																		
E11	Sample 59	2	1	14	97970	36.96	1.35																		
E11	Sample 59	2	1	15	102970	36.96	1.35																		
E12	Sample 60	2	1	1	32930	36.91	1.29																		
E12	Sample 60	2	1	2	37970	36.96	1.28																		
E12	Sample 60	2	1	3	42980	36.96	1.28																		
E12	Sample 60	2	1	4	47980	37	1.27																		
E12	Sample 60	2	1	5	52970	37	1.28																		
E12	Sample 60	2	1	6	57960	37	1.28																		
E12	Sample 60	2	1	7	62970	36.96	1.28																		
E12	Sample 60	2	1	8	67980	36.96	1.27																		
E12	Sample 60	2	1	9	72970	37	1.28																		
E12	Sample 60	2	1	10	77970	37	1.27																		
E12	Sample 60	2	1	11	82970	37	1.28																		
E12	Sample 60	2	1	12	87960	36.96	1.28																		
E12	Sample 60	2	1	13	92970	37	1.28																		
E12	Sample 60	2	1	14	97970	36.96	1.27																		
E12	Sample 60	2	1	15	102970	36.96	1.28																		
F1	Sample 61	2	1	1	32930	36.91	1.1																		
F1	Sample 61	2	1	2	37970	36.96	1.1																		
F1	Sample 61	2	1	3	42980	36.96	1.09																		
F1	Sample 61	2	1	4	47980	37	1.1																		
F1	Sample 61	2	1	5	52970	37	1.1																		
F1	Sample 61	2	1	6	57960	37	1.1																		
F1	Sample 61	2	1	7	62970	36.96	1.1																		
F1	Sample 61	2	1	8	67980	36.96	1.09																		
F1	Sample 61	2	1	9	72970	37	1.1																		
F1	Sample 61	2	1	10	77970	37	1.1																		
F1	Sample 61	2	1	11	82970	37	1.1																		
F1	Sample 61	2	1	12	87960	36.96	1.1																		
F1	Sample 61	2	1	13	92970	37	1.11																		
F1	Sample 61	2	1	14	97970	36.96	1.1																		
F1	Sample 61	2	1	15	102970	36.96	1.11																		
F2	Sample 62	2	1	1	32930	36.91	1.25																		
F2	Sample 62	2	1	2	37970	36.96	1.24																		
F2	Sample 62	2	1	3	42980	36.96	1.24																		
F2	Sample 62	2	1	4	47980	37	1.25																		
F2	Sample 62	2	1	5	52970	37	1.25																		
F2	Sample 62	2	1	6	57960	37	1.24																		
F2	Sample 62	2	1	7	62970	36.96	1.25																		
F2	Sample 62	2	1	8	67980	36.96	1.24																		
F2	Sample 62	2	1	9	72970	37	1.24																		
F2	Sample 62	2	1	10	77970	37	1.24																		
F2	Sample 62	2	1	11	82970	37	1.25																		
F2	Sample 62	2	1	12	87960	36.96	1.24																		
F2	Sample 62	2	1	13	92970	37	1.24																		
F2	Sample 62	2	1	14	97970	36.96	1.24																		
F2	Sample 62	2	1	15	102970	36.96	1.24																		
F3	Sample 63	2	1	1	32930	36.91	1.6																		
F3	Sample 63	2	1	2	37970	36.96	1.59																		
F3	Sample 63	2	1	3	42980	36.96	1.59																		
F3	Sample 63	2	1	4	47980	37	1.59																		
F3	Sample 63	2	1	5	52970	37	1.59																		
F3	Sample 63	2	1	6	57960	37	1.59																		
F3	Sample 63	2	1	7	62970	36.96	1.6																		
F3	Sample 63	2	1	8	67980	36.96	1.59																		
F3	Sample 63	2	1	9	72970	37	1.59																		
F3	Sample 63	2	1	10	77970	37	1.58																		
F3	Sample 63	2	1	11	82970	37	1.59																		
F3	Sample 63	2	1	12	87960	36.96	1.58																		
F3	Sample 63	2	1	13	92970	37	1.59																		
F3	Sample 63	2	1	14	97970	36.96	1.59																		
F3	Sample 63	2	1	15	102970	36.96	1.58																		
F4	Sample 64	2	1	1	32930	36.91	1.52																		
F4	Sample 64	2	1	2	37970	36.96	1.52																		
F4	Sample 64	2	1	3	42980	36.96	1.51																		
F4	Sample 64	2	1	4	47980	37	1.51																		
F4	Sample 64	2	1	5	52970	37	1.51																		
F4	Sample 64	2	1	6	57960	37	1.5																		
F4	Sample 64	2	1	7	62970	36.96	1.51																		
F4	Sample 64	2	1	8	67980	36.96	1.51																		
F4	Sample 64	2	1	9	72970	37	1.51																		
F4	Sample 64	2	1	10	77970	37	1.5																		
F4	Sample 64	2	1	11	82970	37	1.51																		
F4	Sample 64	2	1	12	87960	36.96	1.5																		
F4	Sample 64	2	1	13	92970	37	1.51																		
F4	Sample 64	2	1	14	97970	36.96	1.5																		
F4	Sample 64	2	1	15	102970	36.96	1.51																		
F5	Sample 65	2	1	1	32930	36.91	1.34																		
F5	Sample 65	2	1	2	37970	36.96	1.33																		
F5	Sample 65	2	1	3	42980	36.96	1.33																		
F5	Sample 65	2	1	4	47980	37	1.33																		
F5	Sample 65	2	1	5	52970	37	1.33																		
F5	Sample 65	2	1	6	57960	37	1.32																		
F5	Sample 65	2	1	7	62970	36.96	1.33																		
F5	Sample 65	2	1	8	67980	36.96	1.33																		
F5	Sample 65	2	1	9	72970	37	1.32																		
F5	Sample 65	2	1	10	77970	37	1.33																		
F5	Sample 65	2	1	11	82970	37	1.33																		
F5	Sample 65	2	1	12	87960	36.96	1.32																		
F5	Sample 65	2	1	13	92970	37	1.32																		
F5	Sample 65	2	1	14	97970	36.96	1.32																		
F5	Sample 65	2	1	15	102970	36.96	1.32																		
F6	Sample 66	2	1	1	32930	36.91	1.28																		
F6	Sample 66	2	1	2	37970	36.96	1.27																		
F6	Sample 66	2	1	3	42980	36.96	1.26																		
F6	Sample 66	2	1	4	47980	37	1.26																		
F6	Sample 66	2	1	5	52970	37	1.25																		
F6	Sample 66	2	1	6	57960	37	1.25																		
F6	Sample 66	2	1	7	62970	36.96	1.25																		
F6	Sample 66	2	1	8	67980	36.96	1.25																		
F6	Sample 66	2	1	9	72970	37	1.25																		
F6	Sample 66	2	1	10	77970	37	1.25																		
F6	Sample 66	2	1	11	82970	37	1.26																		
F6	Sample 66	2	1	12	87960	36.96	1.26																		
F6	Sample 66	2	1	13	92970	37	1.26																		
F6	Sample 66	2	1	14	97970	36.96	1.26																		
F6	Sample 66	2	1	15	102970	36.96	1.26																		
F7	Sample 67	2	1	1	32930	36.91	1.54																		
F7	Sample 67	2	1	2	37970	36.96	1.54																		
F7	Sample 67	2	1	3	42980	36.96	1.53																		
F7	Sample 67	2	1	4	47980	37	1.54																		
F7	Sample 67	2	1	5	52970	37	1.53																		
F7	Sample 67	2	1	6	57960	37	1.53																		
F7	Sample 67	2	1	7	62970	36.96	1.52																		
F7	Sample 67	2	1	8	67980	36.96	1.52																		
F7	Sample 67	2	1	9	72970	37	1.52																		
F7	Sample 67	2	1	10	77970	37	1.52																		
F7	Sample 67	2	1	11	82970	37	1.52																		
F7	Sample 67	2	1	12	87960	36.96	1.53																		
F7	Sample 67	2	1	13	92970	37	1.52																		
F7	Sample 67	2	1	14	97970	36.96	1.53																		
F7	Sample 67	2	1	15	102970	36.96	1.52																		
F8	Sample 68	2	1	1	32930	36.91	1.44																		
F8	Sample 68	2	1	2	37970	36.96	1.44																		
F8	Sample 68	2	1	3	42980	36.96	1.44																		
F8	Sample 68	2	1	4	47980	37	1.44																		
F8	Sample 68	2	1	5	52970	37	1.45																		
F8	Sample 68	2	1	6	57960	37	1.45																		
F8	Sample 68	2	1	7	62970	36.96	1.44																		
F8	Sample 68	2	1	8	67980	36.96	1.44																		
F8	Sample 68	2	1	9	72970	37	1.44																		
F8	Sample 68	2	1	10	77970	37	1.43																		
F8	Sample 68	2	1	11	82970	37	1.43																		
F8	Sample 68	2	1	12	87960	36.96	1.44																		
F8	Sample 68	2	1	13	92970	37	1.44																		
F8	Sample 68	2	1	14	97970	36.96	1.44																		
F8	Sample 68	2	1	15	102970	36.96	1.44																		
F9	Sample 69	2	1	1	32930	36.91	1.31																		
F9	Sample 69	2	1	2	37970	36.96	1.31																		
F9	Sample 69	2	1	3	42980	36.96	1.3																		
F9	Sample 69	2	1	4	47980	37	1.3																		
F9	Sample 69	2	1	5	52970	37	1.31																		
F9	Sample 69	2	1	6	57960	37	1.3																		
F9	Sample 69	2	1	7	62970	36.96	1.3																		
F9	Sample 69	2	1	8	67980	36.96	1.3																		
F9	Sample 69	2	1	9	72970	37	1.29																		
F9	Sample 69	2	1	10	77970	37	1.3																		
F9	Sample 69	2	1	11	82970	37	1.3																		
F9	Sample 69	2	1	12	87960	36.96	1.3																		
F9	Sample 69	2	1	13	92970	37	1.3																		
F9	Sample 69	2	1	14	97970	36.96	1.3																		
F9	Sample 69	2	1	15	102970	36.96	1.3																		
F10	Sample 70	2	1	1	32930	36.91	1.38																		
F10	Sample 70	2	1	2	37970	36.96	1.37																		
F10	Sample 70	2	1	3	42980	36.96	1.38																		
F10	Sample 70	2	1	4	47980	37	1.37																		
F10	Sample 70	2	1	5	52970	37	1.37																		
F10	Sample 70	2	1	6	57960	37	1.37																		
F10	Sample 70	2	1	7	62970	36.96	1.37																		
F10	Sample 70	2	1	8	67980	36.96	1.37																		
F10	Sample 70	2	1	9	72970	37	1.36																		
F10	Sample 70	2	1	10	77970	37	1.37																		
F10	Sample 70	2	1	11	82970	37	1.37																		
F10	Sample 70	2	1	12	87960	36.96	1.36																		
F10	Sample 70	2	1	13	92970	37	1.37																		
F10	Sample 70	2	1	14	97970	36.96	1.37																		
F10	Sample 70	2	1	15	102970	36.96	1.37																		
F11	Sample 71	2	1	1	32930	36.91	1.37																		
F11	Sample 71	2	1	2	37970	36.96	1.36																		
F11	Sample 71	2	1	3	42980	36.96	1.37																		
F11	Sample 71	2	1	4	47980	37	1.36																		
F11	Sample 71	2	1	5	52970	37	1.36																		
F11	Sample 71	2	1	6	57960	37	1.36																		
F11	Sample 71	2	1	7	62970	36.96	1.36																		
F11	Sample 71	2	1	8	67980	36.96	1.35																		
F11	Sample 71	2	1	9	72970	37	1.35																		
F11	Sample 71	2	1	10	77970	37	1.35																		
F11	Sample 71	2	1	11	82970	37	1.35																		
F11	Sample 71	2	1	12	87960	36.96	1.35																		
F11	Sample 71	2	1	13	92970	37	1.35																		
F11	Sample 71	2	1	14	97970	36.96	1.35																		
F11	Sample 71	2	1	15	102970	36.96	1.36																		
F12	Sample 72	2	1	1	32930	36.91	1.31																		
F12	Sample 72	2	1	2	37970	36.96	1.3																		
F12	Sample 72	2	1	3	42980	36.96	1.31																		
F12	Sample 72	2	1	4	47980	37	1.3																		
F12	Sample 72	2	1	5	52970	37	1.3																		
F12	Sample 72	2	1	6	57960	37	1.3																		
F12	Sample 72	2	1	7	62970	36.96	1.3																		
F12	Sample 72	2	1	8	67980	36.96	1.3																		
F12	Sample 72	2	1	9	72970	37	1.3																		
F12	Sample 72	2	1	10	77970	37	1.29																		
F12	Sample 72	2	1	11	82970	37	1.3																		
F12	Sample 72	2	1	12	87960	36.96	1.28																		
F12	Sample 72	2	1	13	92970	37	1.29																		
F12	Sample 72	2	1	14	97970	36.96	1.29																		
F12	Sample 72	2	1	15	102970	36.96	1.28																		
G1	Sample 73	2	1	1	32930	36.91	1.2																		
G1	Sample 73	2	1	2	37970	36.96	1.2																		
G1	Sample 73	2	1	3	42980	36.96	1.2																		
G1	Sample 73	2	1	4	47980	37	1.2																		
G1	Sample 73	2	1	5	52970	37	1.2																		
G1	Sample 73	2	1	6	57960	37	1.2																		
G1	Sample 73	2	1	7	62970	36.96	1.19																		
G1	Sample 73	2	1	8	67980	36.96	1.19																		
G1	Sample 73	2	1	9	72970	37	1.2																		
G1	Sample 73	2	1	10	77970	37	1.2																		
G1	Sample 73	2	1	11	82970	37	1.2																		
G1	Sample 73	2	1	12	87960	36.96	1.19																		
G1	Sample 73	2	1	13	92970	37	1.19																		
G1	Sample 73	2	1	14	97970	36.96	1.19																		
G1	Sample 73	2	1	15	102970	36.96	1.19																		
G2	Sample 74	2	1	1	32930	36.91	1.35																		
G2	Sample 74	2	1	2	37970	36.96	1.34																		
G2	Sample 74	2	1	3	42980	36.96	1.34																		
G2	Sample 74	2	1	4	47980	37	1.34																		
G2	Sample 74	2	1	5	52970	37	1.34																		
G2	Sample 74	2	1	6	57960	37	1.34																		
G2	Sample 74	2	1	7	62970	36.96	1.34																		
G2	Sample 74	2	1	8	67980	36.96	1.33																		
G2	Sample 74	2	1	9	72970	37	1.34																		
G2	Sample 74	2	1	10	77970	37	1.33																		
G2	Sample 74	2	1	11	82970	37	1.33																		
G2	Sample 74	2	1	12	87960	36.96	1.34																		
G2	Sample 74	2	1	13	92970	37	1.33																		
G2	Sample 74	2	1	14	97970	36.96	1.33																		
G2	Sample 74	2	1	15	102970	36.96	1.33																		
G3	Sample 75	2	1	1	32930	36.91	1.67																		
G3	Sample 75	2	1	2	37970	36.96	1.66																		
G3	Sample 75	2	1	3	42980	36.96	1.67																		
G3	Sample 75	2	1	4	47980	37	1.67																		
G3	Sample 75	2	1	5	52970	37	1.67																		
G3	Sample 75	2	1	6	57960	37	1.67																		
G3	Sample 75	2	1	7	62970	36.96	1.66																		
G3	Sample 75	2	1	8	67980	36.96	1.66																		
G3	Sample 75	2	1	9	72970	37	1.67																		
G3	Sample 75	2	1	10	77970	37	1.66																		
G3	Sample 75	2	1	11	82970	37	1.67																		
G3	Sample 75	2	1	12	87960	36.96	1.66																		
G3	Sample 75	2	1	13	92970	37	1.67																		
G3	Sample 75	2	1	14	97970	36.96	1.66																		
G3	Sample 75	2	1	15	102970	36.96	1.66																		
G4	Sample 76	2	1	1	32930	36.91	1.55																		
G4	Sample 76	2	1	2	37970	36.96	1.54																		
G4	Sample 76	2	1	3	42980	36.96	1.54																		
G4	Sample 76	2	1	4	47980	37	1.54																		
G4	Sample 76	2	1	5	52970	37	1.53																		
G4	Sample 76	2	1	6	57960	37	1.53																		
G4	Sample 76	2	1	7	62970	36.96	1.53																		
G4	Sample 76	2	1	8	67980	36.96	1.54																		
G4	Sample 76	2	1	9	72970	37	1.54																		
G4	Sample 76	2	1	10	77970	37	1.54																		
G4	Sample 76	2	1	11	82970	37	1.54																		
G4	Sample 76	2	1	12	87960	36.96	1.54																		
G4	Sample 76	2	1	13	92970	37	1.54																		
G4	Sample 76	2	1	14	97970	36.96	1.53																		
G4	Sample 76	2	1	15	102970	36.96	1.54																		
G5	Sample 77	2	1	1	32930	36.91	1.47																		
G5	Sample 77	2	1	2	37970	36.96	1.46																		
G5	Sample 77	2	1	3	42980	36.96	1.46																		
G5	Sample 77	2	1	4	47980	37	1.47																		
G5	Sample 77	2	1	5	52970	37	1.46																		
G5	Sample 77	2	1	6	57960	37	1.45																		
G5	Sample 77	2	1	7	62970	36.96	1.46																		
G5	Sample 77	2	1	8	67980	36.96	1.46																		
G5	Sample 77	2	1	9	72970	37	1.46																		
G5	Sample 77	2	1	10	77970	37	1.46																		
G5	Sample 77	2	1	11	82970	37	1.46																		
G5	Sample 77	2	1	12	87960	36.96	1.46																		
G5	Sample 77	2	1	13	92970	37	1.46																		
G5	Sample 77	2	1	14	97970	36.96	1.45																		
G5	Sample 77	2	1	15	102970	36.96	1.45																		
G6	Sample 78	2	1	1	32930	36.91	1.41																		
G6	Sample 78	2	1	2	37970	36.96	1.41																		
G6	Sample 78	2	1	3	42980	36.96	1.41																		
G6	Sample 78	2	1	4	47980	37	1.41																		
G6	Sample 78	2	1	5	52970	37	1.4																		
G6	Sample 78	2	1	6	57960	37	1.41																		
G6	Sample 78	2	1	7	62970	36.96	1.4																		
G6	Sample 78	2	1	8	67980	36.96	1.41																		
G6	Sample 78	2	1	9	72970	37	1.41																		
G6	Sample 78	2	1	10	77970	37	1.41																		
G6	Sample 78	2	1	11	82970	37	1.41																		
G6	Sample 78	2	1	12	87960	36.96	1.41																		
G6	Sample 78	2	1	13	92970	37	1.4																		
G6	Sample 78	2	1	14	97970	36.96	1.4																		
G6	Sample 78	2	1	15	102970	36.96	1.4																		
G7	Sample 79	2	1	1	32930	36.91	1.47																		
G7	Sample 79	2	1	2	37970	36.96	1.47																		
G7	Sample 79	2	1	3	42980	36.96	1.46																		
G7	Sample 79	2	1	4	47980	37	1.47																		
G7	Sample 79	2	1	5	52970	37	1.46																		
G7	Sample 79	2	1	6	57960	37	1.46																		
G7	Sample 79	2	1	7	62970	36.96	1.47																		
G7	Sample 79	2	1	8	67980	36.96	1.46																		
G7	Sample 79	2	1	9	72970	37	1.46																		
G7	Sample 79	2	1	10	77970	37	1.47																		
G7	Sample 79	2	1	11	82970	37	1.46																		
G7	Sample 79	2	1	12	87960	36.96	1.46																		
G7	Sample 79	2	1	13	92970	37	1.46																		
G7	Sample 79	2	1	14	97970	36.96	1.46																		
G7	Sample 79	2	1	15	102970	36.96	1.46																		
G8	Sample 80	2	1	1	32930	36.91	1.38																		
G8	Sample 80	2	1	2	37970	36.96	1.37																		
G8	Sample 80	2	1	3	42980	36.96	1.37																		
G8	Sample 80	2	1	4	47980	37	1.37																		
G8	Sample 80	2	1	5	52970	37	1.37																		
G8	Sample 80	2	1	6	57960	37	1.37																		
G8	Sample 80	2	1	7	62970	36.96	1.36																		
G8	Sample 80	2	1	8	67980	36.96	1.36																		
G8	Sample 80	2	1	9	72970	37	1.37																		
G8	Sample 80	2	1	10	77970	37	1.36																		
G8	Sample 80	2	1	11	82970	37	1.36																		
G8	Sample 80	2	1	12	87960	36.96	1.36																		
G8	Sample 80	2	1	13	92970	37	1.36																		
G8	Sample 80	2	1	14	97970	36.96	1.37																		
G8	Sample 80	2	1	15	102970	36.96	1.38																		
G9	Sample 81	2	1	1	32930	36.91	1.28																		
G9	Sample 81	2	1	2	37970	36.96	1.28																		
G9	Sample 81	2	1	3	42980	36.96	1.27																		
G9	Sample 81	2	1	4	47980	37	1.27																		
G9	Sample 81	2	1	5	52970	37	1.28																		
G9	Sample 81	2	1	6	57960	37	1.26																		
G9	Sample 81	2	1	7	62970	36.96	1.28																		
G9	Sample 81	2	1	8	67980	36.96	1.27																		
G9	Sample 81	2	1	9	72970	37	1.27																		
G9	Sample 81	2	1	10	77970	37	1.27																		
G9	Sample 81	2	1	11	82970	37	1.27																		
G9	Sample 81	2	1	12	87960	36.96	1.26																		
G9	Sample 81	2	1	13	92970	37	1.27																		
G9	Sample 81	2	1	14	97970	36.96	1.26																		
G9	Sample 81	2	1	15	102970	36.96	1.26																		
G10	Sample 82	2	1	1	32930	36.91	1.39																		
G10	Sample 82	2	1	2	37970	36.96	1.39																		
G10	Sample 82	2	1	3	42980	36.96	1.39																		
G10	Sample 82	2	1	4	47980	37	1.39																		
G10	Sample 82	2	1	5	52970	37	1.38																		
G10	Sample 82	2	1	6	57960	37	1.38																		
G10	Sample 82	2	1	7	62970	36.96	1.39																		
G10	Sample 82	2	1	8	67980	36.96	1.39																		
G10	Sample 82	2	1	9	72970	37	1.39																		
G10	Sample 82	2	1	10	77970	37	1.38																		
G10	Sample 82	2	1	11	82970	37	1.38																		
G10	Sample 82	2	1	12	87960	36.96	1.38																		
G10	Sample 82	2	1	13	92970	37	1.38																		
G10	Sample 82	2	1	14	97970	36.96	1.37																		
G10	Sample 82	2	1	15	102970	36.96	1.37																		
G11	Sample 83	2	1	1	32930	36.91	1.36																		
G11	Sample 83	2	1	2	37970	36.96	1.34																		
G11	Sample 83	2	1	3	42980	36.96	1.34																		
G11	Sample 83	2	1	4	47980	37	1.35																		
G11	Sample 83	2	1	5	52970	37	1.35																		
G11	Sample 83	2	1	6	57960	37	1.34																		
G11	Sample 83	2	1	7	62970	36.96	1.34																		
G11	Sample 83	2	1	8	67980	36.96	1.34																		
G11	Sample 83	2	1	9	72970	37	1.34																		
G11	Sample 83	2	1	10	77970	37	1.34																		
G11	Sample 83	2	1	11	82970	37	1.34																		
G11	Sample 83	2	1	12	87960	36.96	1.34																		
G11	Sample 83	2	1	13	92970	37	1.33																		
G11	Sample 83	2	1	14	97970	36.96	1.34																		
G11	Sample 83	2	1	15	102970	36.96	1.33																		
G12	Sample 84	2	1	1	32930	36.91	1.28																		
G12	Sample 84	2	1	2	37970	36.96	1.27																		
G12	Sample 84	2	1	3	42980	36.96	1.26																		
G12	Sample 84	2	1	4	47980	37	1.27																		
G12	Sample 84	2	1	5	52970	37	1.28																		
G12	Sample 84	2	1	6	57960	37	1.27																		
G12	Sample 84	2	1	7	62970	36.96	1.26																		
G12	Sample 84	2	1	8	67980	36.96	1.27																		
G12	Sample 84	2	1	9	72970	37	1.27																		
G12	Sample 84	2	1	10	77970	37	1.26																		
G12	Sample 84	2	1	11	82970	37	1.27																		
G12	Sample 84	2	1	12	87960	36.96	1.26																		
G12	Sample 84	2	1	13	92970	37	1.26																		
G12	Sample 84	2	1	14	97970	36.96	1.26																		
G12	Sample 84	2	1	15	102970	36.96	1.26																		
H1	Sample 85	2	1	1	32930	36.91	1.37																		
H1	Sample 85	2	1	2	37970	36.96	1.37																		
H1	Sample 85	2	1	3	42980	36.96	1.37																		
H1	Sample 85	2	1	4	47980	37	1.37																		
H1	Sample 85	2	1	5	52970	37	1.37																		
H1	Sample 85	2	1	6	57960	37	1.37																		
H1	Sample 85	2	1	7	62970	36.96	1.37																		
H1	Sample 85	2	1	8	67980	36.96	1.37																		
H1	Sample 85	2	1	9	72970	37	1.37																		
H1	Sample 85	2	1	10	77970	37	1.37																		
H1	Sample 85	2	1	11	82970	37	1.38																		
H1	Sample 85	2	1	12	87960	36.96	1.36																		
H1	Sample 85	2	1	13	92970	37	1.37																		
H1	Sample 85	2	1	14	97970	36.96	1.37																		
H1	Sample 85	2	1	15	102970	36.96	1.37																		
H2	Sample 86	2	1	1	32930	36.91	1.47																		
H2	Sample 86	2	1	2	37970	36.96	1.46																		
H2	Sample 86	2	1	3	42980	36.96	1.46																		
H2	Sample 86	2	1	4	47980	37	1.46																		
H2	Sample 86	2	1	5	52970	37	1.46																		
H2	Sample 86	2	1	6	57960	37	1.46																		
H2	Sample 86	2	1	7	62970	36.96	1.46																		
H2	Sample 86	2	1	8	67980	36.96	1.46																		
H2	Sample 86	2	1	9	72970	37	1.46																		
H2	Sample 86	2	1	10	77970	37	1.46																		
H2	Sample 86	2	1	11	82970	37	1.46																		
H2	Sample 86	2	1	12	87960	36.96	1.46																		
H2	Sample 86	2	1	13	92970	37	1.47																		
H2	Sample 86	2	1	14	97970	36.96	1.46																		
H2	Sample 86	2	1	15	102970	36.96	1.46																		
H3	Sample 87	2	1	1	32930	36.91	1.56																		
H3	Sample 87	2	1	2	37970	36.96	1.56																		
H3	Sample 87	2	1	3	42980	36.96	1.56																		
H3	Sample 87	2	1	4	47980	37	1.56																		
H3	Sample 87	2	1	5	52970	37	1.56																		
H3	Sample 87	2	1	6	57960	37	1.57																		
H3	Sample 87	2	1	7	62970	36.96	1.57																		
H3	Sample 87	2	1	8	67980	36.96	1.56																		
H3	Sample 87	2	1	9	72970	37	1.56																		
H3	Sample 87	2	1	10	77970	37	1.57																		
H3	Sample 87	2	1	11	82970	37	1.57																		
H3	Sample 87	2	1	12	87960	36.96	1.57																		
H3	Sample 87	2	1	13	92970	37	1.57																		
H3	Sample 87	2	1	14	97970	36.96	1.57																		
H3	Sample 87	2	1	15	102970	36.96	1.57																		
H4	Sample 88	2	1	1	32930	36.91	1.55																		
H4	Sample 88	2	1	2	37970	36.96	1.53																		
H4	Sample 88	2	1	3	42980	36.96	1.54																		
H4	Sample 88	2	1	4	47980	37	1.53																		
H4	Sample 88	2	1	5	52970	37	1.54																		
H4	Sample 88	2	1	6	57960	37	1.54																		
H4	Sample 88	2	1	7	62970	36.96	1.54																		
H4	Sample 88	2	1	8	67980	36.96	1.54																		
H4	Sample 88	2	1	9	72970	37	1.53																		
H4	Sample 88	2	1	10	77970	37	1.53																		
H4	Sample 88	2	1	11	82970	37	1.54																		
H4	Sample 88	2	1	12	87960	36.96	1.54																		
H4	Sample 88	2	1	13	92970	37	1.54																		
H4	Sample 88	2	1	14	97970	36.96	1.55																		
H4	Sample 88	2	1	15	102970	36.96	1.53																		
H5	Sample 89	2	1	1	32930	36.91	1.51																		
H5	Sample 89	2	1	2	37970	36.96	1.51																		
H5	Sample 89	2	1	3	42980	36.96	1.51																		
H5	Sample 89	2	1	4	47980	37	1.51																		
H5	Sample 89	2	1	5	52970	37	1.51																		
H5	Sample 89	2	1	6	57960	37	1.5																		
H5	Sample 89	2	1	7	62970	36.96	1.51																		
H5	Sample 89	2	1	8	67980	36.96	1.5																		
H5	Sample 89	2	1	9	72970	37	1.51																		
H5	Sample 89	2	1	10	77970	37	1.5																		
H5	Sample 89	2	1	11	82970	37	1.51																		
H5	Sample 89	2	1	12	87960	36.96	1.51																		
H5	Sample 89	2	1	13	92970	37	1.51																		
H5	Sample 89	2	1	14	97970	36.96	1.52																		
H5	Sample 89	2	1	15	102970	36.96	1.51																		
H6	Sample 90	2	1	1	32930	36.91	1.49																		
H6	Sample 90	2	1	2	37970	36.96	1.49																		
H6	Sample 90	2	1	3	42980	36.96	1.49																		
H6	Sample 90	2	1	4	47980	37	1.48																		
H6	Sample 90	2	1	5	52970	37	1.49																		
H6	Sample 90	2	1	6	57960	37	1.48																		
H6	Sample 90	2	1	7	62970	36.96	1.49																		
H6	Sample 90	2	1	8	67980	36.96	1.49																		
H6	Sample 90	2	1	9	72970	37	1.48																		
H6	Sample 90	2	1	10	77970	37	1.49																		
H6	Sample 90	2	1	11	82970	37	1.49																		
H6	Sample 90	2	1	12	87960	36.96	1.49																		
H6	Sample 90	2	1	13	92970	37	1.48																		
H6	Sample 90	2	1	14	97970	36.96	1.48																		
H6	Sample 90	2	1	15	102970	36.96	1.49																		
H7	Sample 91	2	1	1	32930	36.91	1.45																		
H7	Sample 91	2	1	2	37970	36.96	1.44																		
H7	Sample 91	2	1	3	42980	36.96	1.44																		
H7	Sample 91	2	1	4	47980	37	1.45																		
H7	Sample 91	2	1	5	52970	37	1.45																		
H7	Sample 91	2	1	6	57960	37	1.45																		
H7	Sample 91	2	1	7	62970	36.96	1.45																		
H7	Sample 91	2	1	8	67980	36.96	1.45																		
H7	Sample 91	2	1	9	72970	37	1.45																		
H7	Sample 91	2	1	10	77970	37	1.45																		
H7	Sample 91	2	1	11	82970	37	1.45																		
H7	Sample 91	2	1	12	87960	36.96	1.44																		
H7	Sample 91	2	1	13	92970	37	1.44																		
H7	Sample 91	2	1	14	97970	36.96	1.44																		
H7	Sample 91	2	1	15	102970	36.96	1.44																		
H8	Sample 92	2	1	1	32930	36.91	1.43																		
H8	Sample 92	2	1	2	37970	36.96	1.42																		
H8	Sample 92	2	1	3	42980	36.96	1.42																		
H8	Sample 92	2	1	4	47980	37	1.42																		
H8	Sample 92	2	1	5	52970	37	1.42																		
H8	Sample 92	2	1	6	57960	37	1.41																		
H8	Sample 92	2	1	7	62970	36.96	1.42																		
H8	Sample 92	2	1	8	67980	36.96	1.43																		
H8	Sample 92	2	1	9	72970	37	1.42																		
H8	Sample 92	2	1	10	77970	37	1.42																		
H8	Sample 92	2	1	11	82970	37	1.42																		
H8	Sample 92	2	1	12	87960	36.96	1.42																		
H8	Sample 92	2	1	13	92970	37	1.43																		
H8	Sample 92	2	1	14	97970	36.96	1.42																		
H8	Sample 92	2	1	15	102970	36.96	1.42																		
H9	Sample 93	2	1	1	32930	36.91	1.23																		
H9	Sample 93	2	1	2	37970	36.96	1.24																		
H9	Sample 93	2	1	3	42980	36.96	1.23																		
H9	Sample 93	2	1	4	47980	37	1.23																		
H9	Sample 93	2	1	5	52970	37	1.23																		
H9	Sample 93	2	1	6	57960	37	1.24																		
H9	Sample 93	2	1	7	62970	36.96	1.23																		
H9	Sample 93	2	1	8	67980	36.96	1.23																		
H9	Sample 93	2	1	9	72970	37	1.23																		
H9	Sample 93	2	1	10	77970	37	1.23																		
H9	Sample 93	2	1	11	82970	37	1.23																		
H9	Sample 93	2	1	12	87960	36.96	1.23																		
H9	Sample 93	2	1	13	92970	37	1.23																		
H9	Sample 93	2	1	14	97970	36.96	1.24																		
H9	Sample 93	2	1	15	102970	36.96	1.22																		
H10	Sample 94	2	1	1	32930	36.91	1.29																		
H10	Sample 94	2	1	2	37970	36.96	1.29																		
H10	Sample 94	2	1	3	42980	36.96	1.29																		
H10	Sample 94	2	1	4	47980	37	1.29																		
H10	Sample 94	2	1	5	52970	37	1.28																		
H10	Sample 94	2	1	6	57960	37	1.28																		
H10	Sample 94	2	1	7	62970	36.96	1.29																		
H10	Sample 94	2	1	8	67980	36.96	1.29																		
H10	Sample 94	2	1	9	72970	37	1.29																		
H10	Sample 94	2	1	10	77970	37	1.28																		
H10	Sample 94	2	1	11	82970	37	1.28																		
H10	Sample 94	2	1	12	87960	36.96	1.29																		
H10	Sample 94	2	1	13	92970	37	1.29																		
H10	Sample 94	2	1	14	97970	36.96	1.29																		
H10	Sample 94	2	1	15	102970	36.96	1.28																		
H11	Sample 95	2	1	1	32930	36.91	1.21																		
H11	Sample 95	2	1	2	37970	36.96	1.21																		
H11	Sample 95	2	1	3	42980	36.96	1.21																		
H11	Sample 95	2	1	4	47980	37	1.2																		
H11	Sample 95	2	1	5	52970	37	1.21																		
H11	Sample 95	2	1	6	57960	37	1.2																		
H11	Sample 95	2	1	7	62970	36.96	1.21																		
H11	Sample 95	2	1	8	67980	36.96	1.2																		
H11	Sample 95	2	1	9	72970	37	1.2																		
H11	Sample 95	2	1	10	77970	37	1.2																		
H11	Sample 95	2	1	11	82970	37	1.2																		
H11	Sample 95	2	1	12	87960	36.96	1.2																		
H11	Sample 95	2	1	13	92970	37	1.2																		
H11	Sample 95	2	1	14	97970	36.96	1.21																		
H11	Sample 95	2	1	15	102970	36.96	1.2																		
H12	Sample 96	2	1	1	32930	36.91	1.24																		
H12	Sample 96	2	1	2	37970	36.96	1.22																		
H12	Sample 96	2	1	3	42980	36.96	1.23																		
H12	Sample 96	2	1	4	47980	37	1.23																		
H12	Sample 96	2	1	5	52970	37	1.23																		
H12	Sample 96	2	1	6	57960	37	1.22																		
H12	Sample 96	2	1	7	62970	36.96	1.23																		
H12	Sample 96	2	1	8	67980	36.96	1.23																		
H12	Sample 96	2	1	9	72970	37	1.23																		
H12	Sample 96	2	1	10	77970	37	1.22																		
H12	Sample 96	2	1	11	82970	37	1.23																		
H12	Sample 96	2	1	12	87960	36.96	1.23																		
H12	Sample 96	2	1	13	92970	37	1.23																		
H12	Sample 96	2	1	14	97970	36.96	1.23																		
H12	Sample 96	2	1	15	102970	36.96	1.22																		
