Raw Data 		Experiment - evIC50_6_plate6_17APRIL2026 (Run on LCS480 1.5.1.62)
SamplePos	SampleName	Prog#	Seg#	Cycle#	Time	Temp	465-510	
A1	Sample 1	2	1	1	32200	36.96	1.82
A1	Sample 1	2	1	2	37240	36.96	1.81
A1	Sample 1	2	1	3	42260	36.91	1.82
A1	Sample 1	2	1	4	47240	37	1.82
A1	Sample 1	2	1	5	52240	37	1.82
A1	Sample 1	2	1	6	57230	37	1.82
A1	Sample 1	2	1	7	62240	37	1.81
A1	Sample 1	2	1	8	67240	37	1.81
A1	Sample 1	2	1	9	72240	37.05	1.83
A1	Sample 1	2	1	10	77240	37	1.81
A1	Sample 1	2	1	11	82260	37	1.81
A1	Sample 1	2	1	12	87250	37	1.82
A1	Sample 1	2	1	13	92240	37	1.82
A1	Sample 1	2	1	14	97250	36.96	1.82
A1	Sample 1	2	1	15	102230	36.96	1.82
A2	Sample 2	2	1	1	32200	36.96	1.84
A2	Sample 2	2	1	2	37240	36.96	1.84
A2	Sample 2	2	1	3	42260	36.91	1.84
A2	Sample 2	2	1	4	47240	37	1.84
A2	Sample 2	2	1	5	52240	37	1.84
A2	Sample 2	2	1	6	57230	37	1.84
A2	Sample 2	2	1	7	62240	37	1.84
A2	Sample 2	2	1	8	67240	37	1.83
A2	Sample 2	2	1	9	72240	37.05	1.84
A2	Sample 2	2	1	10	77240	37	1.83
A2	Sample 2	2	1	11	82260	37	1.83
A2	Sample 2	2	1	12	87250	37	1.84
A2	Sample 2	2	1	13	92240	37	1.83
A2	Sample 2	2	1	14	97250	36.96	1.83
A2	Sample 2	2	1	15	102230	36.96	1.83
A3	Sample 3	2	1	1	32200	36.96	2.13
A3	Sample 3	2	1	2	37240	36.96	2.13
A3	Sample 3	2	1	3	42260	36.91	2.13
A3	Sample 3	2	1	4	47240	37	2.12
A3	Sample 3	2	1	5	52240	37	2.12
A3	Sample 3	2	1	6	57230	37	2.13
A3	Sample 3	2	1	7	62240	37	2.12
A3	Sample 3	2	1	8	67240	37	2.12
A3	Sample 3	2	1	9	72240	37.05	2.13
A3	Sample 3	2	1	10	77240	37	2.12
A3	Sample 3	2	1	11	82260	37	2.13
A3	Sample 3	2	1	12	87250	37	2.13
A3	Sample 3	2	1	13	92240	37	2.13
A3	Sample 3	2	1	14	97250	36.96	2.13
A3	Sample 3	2	1	15	102230	36.96	2.13
A4	Sample 4	2	1	1	32200	36.96	2.05
A4	Sample 4	2	1	2	37240	36.96	2.06
A4	Sample 4	2	1	3	42260	36.91	2.05
A4	Sample 4	2	1	4	47240	37	2.05
A4	Sample 4	2	1	5	52240	37	2.05
A4	Sample 4	2	1	6	57230	37	2.05
A4	Sample 4	2	1	7	62240	37	2.05
A4	Sample 4	2	1	8	67240	37	2.05
A4	Sample 4	2	1	9	72240	37.05	2.06
A4	Sample 4	2	1	10	77240	37	2.05
A4	Sample 4	2	1	11	82260	37	2.06
A4	Sample 4	2	1	12	87250	37	2.05
A4	Sample 4	2	1	13	92240	37	2.05
A4	Sample 4	2	1	14	97250	36.96	2.06
A4	Sample 4	2	1	15	102230	36.96	2.05
A5	Sample 5	2	1	1	32200	36.96	1.09
A5	Sample 5	2	1	2	37240	36.96	1.10
A5	Sample 5	2	1	3	42260	36.91	1.09
A5	Sample 5	2	1	4	47240	37	1.09
A5	Sample 5	2	1	5	52240	37	1.09
A5	Sample 5	2	1	6	57230	37	1.09
A5	Sample 5	2	1	7	62240	37	1.09
A5	Sample 5	2	1	8	67240	37	1.09
A5	Sample 5	2	1	9	72240	37.05	1.09
A5	Sample 5	2	1	10	77240	37	1.09
A5	Sample 5	2	1	11	82260	37	1.08
A5	Sample 5	2	1	12	87250	37	1.09
A5	Sample 5	2	1	13	92240	37	1.09
A5	Sample 5	2	1	14	97250	36.96	1.09
A5	Sample 5	2	1	15	102230	36.96	1.09
A6	Sample 6	2	1	1	32200	36.96	1.06
A6	Sample 6	2	1	2	37240	36.96	1.06
A6	Sample 6	2	1	3	42260	36.91	1.07
A6	Sample 6	2	1	4	47240	37	1.06
A6	Sample 6	2	1	5	52240	37	1.07
A6	Sample 6	2	1	6	57230	37	1.06
A6	Sample 6	2	1	7	62240	37	1.07
A6	Sample 6	2	1	8	67240	37	1.06
A6	Sample 6	2	1	9	72240	37.05	1.06
A6	Sample 6	2	1	10	77240	37	1.06
A6	Sample 6	2	1	11	82260	37	1.06
A6	Sample 6	2	1	12	87250	37	1.06
A6	Sample 6	2	1	13	92240	37	1.06
A6	Sample 6	2	1	14	97250	36.96	1.06
A6	Sample 6	2	1	15	102230	36.96	1.06
A7	Sample 7	2	1	1	32200	36.96	1.09
A7	Sample 7	2	1	2	37240	36.96	1.10
A7	Sample 7	2	1	3	42260	36.91	1.10
A7	Sample 7	2	1	4	47240	37	1.10
A7	Sample 7	2	1	5	52240	37	1.10
A7	Sample 7	2	1	6	57230	37	1.10
A7	Sample 7	2	1	7	62240	37	1.10
A7	Sample 7	2	1	8	67240	37	1.10
A7	Sample 7	2	1	9	72240	37.05	1.10
A7	Sample 7	2	1	10	77240	37	1.10
A7	Sample 7	2	1	11	82260	37	1.10
A7	Sample 7	2	1	12	87250	37	1.10
A7	Sample 7	2	1	13	92240	37	1.10
A7	Sample 7	2	1	14	97250	36.96	1.10
A7	Sample 7	2	1	15	102230	36.96	1.10
A8	Sample 8	2	1	1	32200	36.96	1.09
A8	Sample 8	2	1	2	37240	36.96	1.09
A8	Sample 8	2	1	3	42260	36.91	1.09
A8	Sample 8	2	1	4	47240	37	1.09
A8	Sample 8	2	1	5	52240	37	1.09
A8	Sample 8	2	1	6	57230	37	1.09
A8	Sample 8	2	1	7	62240	37	1.09
A8	Sample 8	2	1	8	67240	37	1.09
A8	Sample 8	2	1	9	72240	37.05	1.08
A8	Sample 8	2	1	10	77240	37	1.08
A8	Sample 8	2	1	11	82260	37	1.09
A8	Sample 8	2	1	12	87250	37	1.09
A8	Sample 8	2	1	13	92240	37	1.09
A8	Sample 8	2	1	14	97250	36.96	1.09
A8	Sample 8	2	1	15	102230	36.96	1.10
A9	Sample 9	2	1	1	32200	36.96	0.82
A9	Sample 9	2	1	2	37240	36.96	0.83
A9	Sample 9	2	1	3	42260	36.91	0.83
A9	Sample 9	2	1	4	47240	37	0.82
A9	Sample 9	2	1	5	52240	37	0.82
A9	Sample 9	2	1	6	57230	37	0.82
A9	Sample 9	2	1	7	62240	37	0.82
A9	Sample 9	2	1	8	67240	37	0.82
A9	Sample 9	2	1	9	72240	37.05	0.82
A9	Sample 9	2	1	10	77240	37	0.82
A9	Sample 9	2	1	11	82260	37	0.82
A9	Sample 9	2	1	12	87250	37	0.82
A9	Sample 9	2	1	13	92240	37	0.82
A9	Sample 9	2	1	14	97250	36.96	0.83
A9	Sample 9	2	1	15	102230	36.96	0.83
A10	Sample 10	2	1	1	32200	36.96	0.91
A10	Sample 10	2	1	2	37240	36.96	0.91
A10	Sample 10	2	1	3	42260	36.91	0.91
A10	Sample 10	2	1	4	47240	37	0.90
A10	Sample 10	2	1	5	52240	37	0.91
A10	Sample 10	2	1	6	57230	37	0.90
A10	Sample 10	2	1	7	62240	37	0.91
A10	Sample 10	2	1	8	67240	37	0.91
A10	Sample 10	2	1	9	72240	37.05	0.90
A10	Sample 10	2	1	10	77240	37	0.90
A10	Sample 10	2	1	11	82260	37	0.90
A10	Sample 10	2	1	12	87250	37	0.90
A10	Sample 10	2	1	13	92240	37	0.90
A10	Sample 10	2	1	14	97250	36.96	0.91
A10	Sample 10	2	1	15	102230	36.96	0.90
A11	Sample 11	2	1	1	32200	36.96	0.86
A11	Sample 11	2	1	2	37240	36.96	0.86
A11	Sample 11	2	1	3	42260	36.91	0.85
A11	Sample 11	2	1	4	47240	37	0.86
A11	Sample 11	2	1	5	52240	37	0.86
A11	Sample 11	2	1	6	57230	37	0.85
A11	Sample 11	2	1	7	62240	37	0.86
A11	Sample 11	2	1	8	67240	37	0.85
A11	Sample 11	2	1	9	72240	37.05	0.86
A11	Sample 11	2	1	10	77240	37	0.85
A11	Sample 11	2	1	11	82260	37	0.86
A11	Sample 11	2	1	12	87250	37	0.86
A11	Sample 11	2	1	13	92240	37	0.85
A11	Sample 11	2	1	14	97250	36.96	0.86
A11	Sample 11	2	1	15	102230	36.96	0.85
A12	Sample 12	2	1	1	32200	36.96	0.77
A12	Sample 12	2	1	2	37240	36.96	0.78
A12	Sample 12	2	1	3	42260	36.91	0.77
A12	Sample 12	2	1	4	47240	37	0.77
A12	Sample 12	2	1	5	52240	37	0.77
A12	Sample 12	2	1	6	57230	37	0.77
A12	Sample 12	2	1	7	62240	37	0.77
A12	Sample 12	2	1	8	67240	37	0.76
A12	Sample 12	2	1	9	72240	37.05	0.77
A12	Sample 12	2	1	10	77240	37	0.76
A12	Sample 12	2	1	11	82260	37	0.76
A12	Sample 12	2	1	12	87250	37	0.77
A12	Sample 12	2	1	13	92240	37	0.76
A12	Sample 12	2	1	14	97250	36.96	0.76
A12	Sample 12	2	1	15	102230	36.96	0.76
B1	Sample 13	2	1	1	32200	36.96	1.75
B1	Sample 13	2	1	2	37240	36.96	1.75
B1	Sample 13	2	1	3	42260	36.91	1.74
B1	Sample 13	2	1	4	47240	37	1.74
B1	Sample 13	2	1	5	52240	37	1.74
B1	Sample 13	2	1	6	57230	37	1.74
B1	Sample 13	2	1	7	62240	37	1.74
B1	Sample 13	2	1	8	67240	37	1.73
B1	Sample 13	2	1	9	72240	37.05	1.75
B1	Sample 13	2	1	10	77240	37	1.74
B1	Sample 13	2	1	11	82260	37	1.74
B1	Sample 13	2	1	12	87250	37	1.74
B1	Sample 13	2	1	13	92240	37	1.74
B1	Sample 13	2	1	14	97250	36.96	1.74
B1	Sample 13	2	1	15	102230	36.96	1.73
B2	Sample 14	2	1	1	32200	36.96	1.85
B2	Sample 14	2	1	2	37240	36.96	1.84
B2	Sample 14	2	1	3	42260	36.91	1.84
B2	Sample 14	2	1	4	47240	37	1.83
B2	Sample 14	2	1	5	52240	37	1.84
B2	Sample 14	2	1	6	57230	37	1.84
B2	Sample 14	2	1	7	62240	37	1.83
B2	Sample 14	2	1	8	67240	37	1.83
B2	Sample 14	2	1	9	72240	37.05	1.84
B2	Sample 14	2	1	10	77240	37	1.83
B2	Sample 14	2	1	11	82260	37	1.83
B2	Sample 14	2	1	12	87250	37	1.83
B2	Sample 14	2	1	13	92240	37	1.83
B2	Sample 14	2	1	14	97250	36.96	1.83
B2	Sample 14	2	1	15	102230	36.96	1.82
B3	Sample 15	2	1	1	32200	36.96	2.08
B3	Sample 15	2	1	2	37240	36.96	2.08
B3	Sample 15	2	1	3	42260	36.91	2.08
B3	Sample 15	2	1	4	47240	37	2.07
B3	Sample 15	2	1	5	52240	37	2.08
B3	Sample 15	2	1	6	57230	37	2.08
B3	Sample 15	2	1	7	62240	37	2.08
B3	Sample 15	2	1	8	67240	37	2.08
B3	Sample 15	2	1	9	72240	37.05	2.08
B3	Sample 15	2	1	10	77240	37	2.06
B3	Sample 15	2	1	11	82260	37	2.07
B3	Sample 15	2	1	12	87250	37	2.08
B3	Sample 15	2	1	13	92240	37	2.07
B3	Sample 15	2	1	14	97250	36.96	2.08
B3	Sample 15	2	1	15	102230	36.96	2.08
B4	Sample 16	2	1	1	32200	36.96	2.12
B4	Sample 16	2	1	2	37240	36.96	2.11
B4	Sample 16	2	1	3	42260	36.91	2.10
B4	Sample 16	2	1	4	47240	37	2.11
B4	Sample 16	2	1	5	52240	37	2.10
B4	Sample 16	2	1	6	57230	37	2.11
B4	Sample 16	2	1	7	62240	37	2.10
B4	Sample 16	2	1	8	67240	37	2.10
B4	Sample 16	2	1	9	72240	37.05	2.10
B4	Sample 16	2	1	10	77240	37	2.09
B4	Sample 16	2	1	11	82260	37	2.10
B4	Sample 16	2	1	12	87250	37	2.10
B4	Sample 16	2	1	13	92240	37	2.09
B4	Sample 16	2	1	14	97250	36.96	2.10
B4	Sample 16	2	1	15	102230	36.96	2.10
B5	Sample 17	2	1	1	32200	36.96	1.04
B5	Sample 17	2	1	2	37240	36.96	1.04
B5	Sample 17	2	1	3	42260	36.91	1.03
B5	Sample 17	2	1	4	47240	37	1.04
B5	Sample 17	2	1	5	52240	37	1.03
B5	Sample 17	2	1	6	57230	37	1.03
B5	Sample 17	2	1	7	62240	37	1.04
B5	Sample 17	2	1	8	67240	37	1.03
B5	Sample 17	2	1	9	72240	37.05	1.04
B5	Sample 17	2	1	10	77240	37	1.04
B5	Sample 17	2	1	11	82260	37	1.04
B5	Sample 17	2	1	12	87250	37	1.04
B5	Sample 17	2	1	13	92240	37	1.04
B5	Sample 17	2	1	14	97250	36.96	1.03
B5	Sample 17	2	1	15	102230	36.96	1.04
B6	Sample 18	2	1	1	32200	36.96	1.02
B6	Sample 18	2	1	2	37240	36.96	1.02
B6	Sample 18	2	1	3	42260	36.91	1.02
B6	Sample 18	2	1	4	47240	37	1.01
B6	Sample 18	2	1	5	52240	37	1.01
B6	Sample 18	2	1	6	57230	37	1.01
B6	Sample 18	2	1	7	62240	37	1.01
B6	Sample 18	2	1	8	67240	37	1.01
B6	Sample 18	2	1	9	72240	37.05	1.02
B6	Sample 18	2	1	10	77240	37	1.01
B6	Sample 18	2	1	11	82260	37	1.01
B6	Sample 18	2	1	12	87250	37	1.01
B6	Sample 18	2	1	13	92240	37	1.01
B6	Sample 18	2	1	14	97250	36.96	1.01
B6	Sample 18	2	1	15	102230	36.96	1.01
B7	Sample 19	2	1	1	32200	36.96	1.05
B7	Sample 19	2	1	2	37240	36.96	1.05
B7	Sample 19	2	1	3	42260	36.91	1.05
B7	Sample 19	2	1	4	47240	37	1.05
B7	Sample 19	2	1	5	52240	37	1.04
B7	Sample 19	2	1	6	57230	37	1.05
B7	Sample 19	2	1	7	62240	37	1.05
B7	Sample 19	2	1	8	67240	37	1.05
B7	Sample 19	2	1	9	72240	37.05	1.05
B7	Sample 19	2	1	10	77240	37	1.04
B7	Sample 19	2	1	11	82260	37	1.04
B7	Sample 19	2	1	12	87250	37	1.05
B7	Sample 19	2	1	13	92240	37	1.04
B7	Sample 19	2	1	14	97250	36.96	1.04
B7	Sample 19	2	1	15	102230	36.96	1.04
B8	Sample 20	2	1	1	32200	36.96	1.00
B8	Sample 20	2	1	2	37240	36.96	1.00
B8	Sample 20	2	1	3	42260	36.91	1.00
B8	Sample 20	2	1	4	47240	37	1.00
B8	Sample 20	2	1	5	52240	37	1.00
B8	Sample 20	2	1	6	57230	37	1.00
B8	Sample 20	2	1	7	62240	37	1.00
B8	Sample 20	2	1	8	67240	37	0.99
B8	Sample 20	2	1	9	72240	37.05	1.00
B8	Sample 20	2	1	10	77240	37	0.98
B8	Sample 20	2	1	11	82260	37	0.99
B8	Sample 20	2	1	12	87250	37	1.00
B8	Sample 20	2	1	13	92240	37	0.99
B8	Sample 20	2	1	14	97250	36.96	0.99
B8	Sample 20	2	1	15	102230	36.96	1.00
B9	Sample 21	2	1	1	32200	36.96	0.79
B9	Sample 21	2	1	2	37240	36.96	0.79
B9	Sample 21	2	1	3	42260	36.91	0.79
B9	Sample 21	2	1	4	47240	37	0.79
B9	Sample 21	2	1	5	52240	37	0.78
B9	Sample 21	2	1	6	57230	37	0.78
B9	Sample 21	2	1	7	62240	37	0.79
B9	Sample 21	2	1	8	67240	37	0.79
B9	Sample 21	2	1	9	72240	37.05	0.79
B9	Sample 21	2	1	10	77240	37	0.79
B9	Sample 21	2	1	11	82260	37	0.78
B9	Sample 21	2	1	12	87250	37	0.78
B9	Sample 21	2	1	13	92240	37	0.78
B9	Sample 21	2	1	14	97250	36.96	0.78
B9	Sample 21	2	1	15	102230	36.96	0.78
B10	Sample 22	2	1	1	32200	36.96	0.82
B10	Sample 22	2	1	2	37240	36.96	0.81
B10	Sample 22	2	1	3	42260	36.91	0.81
B10	Sample 22	2	1	4	47240	37	0.81
B10	Sample 22	2	1	5	52240	37	0.81
B10	Sample 22	2	1	6	57230	37	0.82
B10	Sample 22	2	1	7	62240	37	0.81
B10	Sample 22	2	1	8	67240	37	0.81
B10	Sample 22	2	1	9	72240	37.05	0.81
B10	Sample 22	2	1	10	77240	37	0.80
B10	Sample 22	2	1	11	82260	37	0.81
B10	Sample 22	2	1	12	87250	37	0.81
B10	Sample 22	2	1	13	92240	37	0.81
B10	Sample 22	2	1	14	97250	36.96	0.81
B10	Sample 22	2	1	15	102230	36.96	0.81
B11	Sample 23	2	1	1	32200	36.96	0.79
B11	Sample 23	2	1	2	37240	36.96	0.80
B11	Sample 23	2	1	3	42260	36.91	0.79
B11	Sample 23	2	1	4	47240	37	0.78
B11	Sample 23	2	1	5	52240	37	0.79
B11	Sample 23	2	1	6	57230	37	0.79
B11	Sample 23	2	1	7	62240	37	0.79
B11	Sample 23	2	1	8	67240	37	0.79
B11	Sample 23	2	1	9	72240	37.05	0.79
B11	Sample 23	2	1	10	77240	37	0.78
B11	Sample 23	2	1	11	82260	37	0.78
B11	Sample 23	2	1	12	87250	37	0.79
B11	Sample 23	2	1	13	92240	37	0.78
B11	Sample 23	2	1	14	97250	36.96	0.78
B11	Sample 23	2	1	15	102230	36.96	0.78
B12	Sample 24	2	1	1	32200	36.96	0.73
B12	Sample 24	2	1	2	37240	36.96	0.73
B12	Sample 24	2	1	3	42260	36.91	0.73
B12	Sample 24	2	1	4	47240	37	0.73
B12	Sample 24	2	1	5	52240	37	0.73
B12	Sample 24	2	1	6	57230	37	0.73
B12	Sample 24	2	1	7	62240	37	0.73
B12	Sample 24	2	1	8	67240	37	0.73
B12	Sample 24	2	1	9	72240	37.05	0.73
B12	Sample 24	2	1	10	77240	37	0.73
B12	Sample 24	2	1	11	82260	37	0.73
B12	Sample 24	2	1	12	87250	37	0.73
B12	Sample 24	2	1	13	92240	37	0.73
B12	Sample 24	2	1	14	97250	36.96	0.73
B12	Sample 24	2	1	15	102230	36.96	0.72
C1	Sample 25	2	1	1	32200	36.96	1.84
C1	Sample 25	2	1	2	37240	36.96	1.83
C1	Sample 25	2	1	3	42260	36.91	1.84
C1	Sample 25	2	1	4	47240	37	1.84
C1	Sample 25	2	1	5	52240	37	1.83
C1	Sample 25	2	1	6	57230	37	1.84
C1	Sample 25	2	1	7	62240	37	1.84
C1	Sample 25	2	1	8	67240	37	1.83
C1	Sample 25	2	1	9	72240	37.05	1.83
C1	Sample 25	2	1	10	77240	37	1.83
C1	Sample 25	2	1	11	82260	37	1.82
C1	Sample 25	2	1	12	87250	37	1.82
C1	Sample 25	2	1	13	92240	37	1.83
C1	Sample 25	2	1	14	97250	36.96	1.83
C1	Sample 25	2	1	15	102230	36.96	1.82
C2	Sample 26	2	1	1	32200	36.96	1.88
C2	Sample 26	2	1	2	37240	36.96	1.88
C2	Sample 26	2	1	3	42260	36.91	1.89
C2	Sample 26	2	1	4	47240	37	1.88
C2	Sample 26	2	1	5	52240	37	1.88
C2	Sample 26	2	1	6	57230	37	1.87
C2	Sample 26	2	1	7	62240	37	1.88
C2	Sample 26	2	1	8	67240	37	1.87
C2	Sample 26	2	1	9	72240	37.05	1.87
C2	Sample 26	2	1	10	77240	37	1.87
C2	Sample 26	2	1	11	82260	37	1.87
C2	Sample 26	2	1	12	87250	37	1.87
C2	Sample 26	2	1	13	92240	37	1.87
C2	Sample 26	2	1	14	97250	36.96	1.87
C2	Sample 26	2	1	15	102230	36.96	1.87
C3	Sample 27	2	1	1	32200	36.96	2.14
C3	Sample 27	2	1	2	37240	36.96	2.12
C3	Sample 27	2	1	3	42260	36.91	2.13
C3	Sample 27	2	1	4	47240	37	2.12
C3	Sample 27	2	1	5	52240	37	2.12
C3	Sample 27	2	1	6	57230	37	2.12
C3	Sample 27	2	1	7	62240	37	2.12
C3	Sample 27	2	1	8	67240	37	2.12
C3	Sample 27	2	1	9	72240	37.05	2.12
C3	Sample 27	2	1	10	77240	37	2.12
C3	Sample 27	2	1	11	82260	37	2.11
C3	Sample 27	2	1	12	87250	37	2.12
C3	Sample 27	2	1	13	92240	37	2.12
C3	Sample 27	2	1	14	97250	36.96	2.12
C3	Sample 27	2	1	15	102230	36.96	2.12
C4	Sample 28	2	1	1	32200	36.96	2.02
C4	Sample 28	2	1	2	37240	36.96	2.02
C4	Sample 28	2	1	3	42260	36.91	2.01
C4	Sample 28	2	1	4	47240	37	2.01
C4	Sample 28	2	1	5	52240	37	2.00
C4	Sample 28	2	1	6	57230	37	2.00
C4	Sample 28	2	1	7	62240	37	2.01
C4	Sample 28	2	1	8	67240	37	2.00
C4	Sample 28	2	1	9	72240	37.05	2.00
C4	Sample 28	2	1	10	77240	37	2.00
C4	Sample 28	2	1	11	82260	37	2.00
C4	Sample 28	2	1	12	87250	37	2.00
C4	Sample 28	2	1	13	92240	37	2.00
C4	Sample 28	2	1	14	97250	36.96	2.00
C4	Sample 28	2	1	15	102230	36.96	2.00
C5	Sample 29	2	1	1	32200	36.96	1.06
C5	Sample 29	2	1	2	37240	36.96	1.06
C5	Sample 29	2	1	3	42260	36.91	1.07
C5	Sample 29	2	1	4	47240	37	1.06
C5	Sample 29	2	1	5	52240	37	1.05
C5	Sample 29	2	1	6	57230	37	1.06
C5	Sample 29	2	1	7	62240	37	1.06
C5	Sample 29	2	1	8	67240	37	1.05
C5	Sample 29	2	1	9	72240	37.05	1.06
C5	Sample 29	2	1	10	77240	37	1.06
C5	Sample 29	2	1	11	82260	37	1.05
C5	Sample 29	2	1	12	87250	37	1.06
C5	Sample 29	2	1	13	92240	37	1.05
C5	Sample 29	2	1	14	97250	36.96	1.06
C5	Sample 29	2	1	15	102230	36.96	1.05
C6	Sample 30	2	1	1	32200	36.96	1.05
C6	Sample 30	2	1	2	37240	36.96	1.04
C6	Sample 30	2	1	3	42260	36.91	1.05
C6	Sample 30	2	1	4	47240	37	1.04
C6	Sample 30	2	1	5	52240	37	1.04
C6	Sample 30	2	1	6	57230	37	1.04
C6	Sample 30	2	1	7	62240	37	1.05
C6	Sample 30	2	1	8	67240	37	1.04
C6	Sample 30	2	1	9	72240	37.05	1.04
C6	Sample 30	2	1	10	77240	37	1.03
C6	Sample 30	2	1	11	82260	37	1.04
C6	Sample 30	2	1	12	87250	37	1.04
C6	Sample 30	2	1	13	92240	37	1.04
C6	Sample 30	2	1	14	97250	36.96	1.04
C6	Sample 30	2	1	15	102230	36.96	1.04
C7	Sample 31	2	1	1	32200	36.96	1.07
C7	Sample 31	2	1	2	37240	36.96	1.07
C7	Sample 31	2	1	3	42260	36.91	1.07
C7	Sample 31	2	1	4	47240	37	1.06
C7	Sample 31	2	1	5	52240	37	1.06
C7	Sample 31	2	1	6	57230	37	1.06
C7	Sample 31	2	1	7	62240	37	1.06
C7	Sample 31	2	1	8	67240	37	1.06
C7	Sample 31	2	1	9	72240	37.05	1.05
C7	Sample 31	2	1	10	77240	37	1.05
C7	Sample 31	2	1	11	82260	37	1.05
C7	Sample 31	2	1	12	87250	37	1.05
C7	Sample 31	2	1	13	92240	37	1.05
C7	Sample 31	2	1	14	97250	36.96	1.05
C7	Sample 31	2	1	15	102230	36.96	1.05
C8	Sample 32	2	1	1	32200	36.96	1.01
C8	Sample 32	2	1	2	37240	36.96	1.00
C8	Sample 32	2	1	3	42260	36.91	1.00
C8	Sample 32	2	1	4	47240	37	1.00
C8	Sample 32	2	1	5	52240	37	1.00
C8	Sample 32	2	1	6	57230	37	1.00
C8	Sample 32	2	1	7	62240	37	1.00
C8	Sample 32	2	1	8	67240	37	0.99
C8	Sample 32	2	1	9	72240	37.05	0.99
C8	Sample 32	2	1	10	77240	37	0.99
C8	Sample 32	2	1	11	82260	37	0.99
C8	Sample 32	2	1	12	87250	37	1.00
C8	Sample 32	2	1	13	92240	37	0.99
C8	Sample 32	2	1	14	97250	36.96	1.00
C8	Sample 32	2	1	15	102230	36.96	1.00
C9	Sample 33	2	1	1	32200	36.96	0.81
C9	Sample 33	2	1	2	37240	36.96	0.81
C9	Sample 33	2	1	3	42260	36.91	0.81
C9	Sample 33	2	1	4	47240	37	0.81
C9	Sample 33	2	1	5	52240	37	0.80
C9	Sample 33	2	1	6	57230	37	0.81
C9	Sample 33	2	1	7	62240	37	0.81
C9	Sample 33	2	1	8	67240	37	0.81
C9	Sample 33	2	1	9	72240	37.05	0.80
C9	Sample 33	2	1	10	77240	37	0.80
C9	Sample 33	2	1	11	82260	37	0.80
C9	Sample 33	2	1	12	87250	37	0.80
C9	Sample 33	2	1	13	92240	37	0.80
C9	Sample 33	2	1	14	97250	36.96	0.80
C9	Sample 33	2	1	15	102230	36.96	0.80
C10	Sample 34	2	1	1	32200	36.96	0.79
C10	Sample 34	2	1	2	37240	36.96	0.79
C10	Sample 34	2	1	3	42260	36.91	0.79
C10	Sample 34	2	1	4	47240	37	0.79
C10	Sample 34	2	1	5	52240	37	0.79
C10	Sample 34	2	1	6	57230	37	0.79
C10	Sample 34	2	1	7	62240	37	0.79
C10	Sample 34	2	1	8	67240	37	0.78
C10	Sample 34	2	1	9	72240	37.05	0.78
C10	Sample 34	2	1	10	77240	37	0.78
C10	Sample 34	2	1	11	82260	37	0.78
C10	Sample 34	2	1	12	87250	37	0.78
C10	Sample 34	2	1	13	92240	37	0.78
C10	Sample 34	2	1	14	97250	36.96	0.78
C10	Sample 34	2	1	15	102230	36.96	0.78
C11	Sample 35	2	1	1	32200	36.96	0.81
C11	Sample 35	2	1	2	37240	36.96	0.80
C11	Sample 35	2	1	3	42260	36.91	0.81
C11	Sample 35	2	1	4	47240	37	0.80
C11	Sample 35	2	1	5	52240	37	0.80
C11	Sample 35	2	1	6	57230	37	0.80
C11	Sample 35	2	1	7	62240	37	0.80
C11	Sample 35	2	1	8	67240	37	0.80
C11	Sample 35	2	1	9	72240	37.05	0.80
C11	Sample 35	2	1	10	77240	37	0.79
C11	Sample 35	2	1	11	82260	37	0.79
C11	Sample 35	2	1	12	87250	37	0.80
C11	Sample 35	2	1	13	92240	37	0.80
C11	Sample 35	2	1	14	97250	36.96	0.80
C11	Sample 35	2	1	15	102230	36.96	0.80
C12	Sample 36	2	1	1	32200	36.96	0.79
C12	Sample 36	2	1	2	37240	36.96	0.78
C12	Sample 36	2	1	3	42260	36.91	0.79
C12	Sample 36	2	1	4	47240	37	0.78
C12	Sample 36	2	1	5	52240	37	0.79
C12	Sample 36	2	1	6	57230	37	0.78
C12	Sample 36	2	1	7	62240	37	0.79
C12	Sample 36	2	1	8	67240	37	0.78
C12	Sample 36	2	1	9	72240	37.05	0.78
C12	Sample 36	2	1	10	77240	37	0.78
C12	Sample 36	2	1	11	82260	37	0.78
C12	Sample 36	2	1	12	87250	37	0.77
C12	Sample 36	2	1	13	92240	37	0.77
C12	Sample 36	2	1	14	97250	36.96	0.78
C12	Sample 36	2	1	15	102230	36.96	0.78
D1	Sample 37	2	1	1	32200	36.96	1.88
D1	Sample 37	2	1	2	37240	36.96	1.88
D1	Sample 37	2	1	3	42260	36.91	1.88
D1	Sample 37	2	1	4	47240	37	1.87
D1	Sample 37	2	1	5	52240	37	1.87
D1	Sample 37	2	1	6	57230	37	1.87
D1	Sample 37	2	1	7	62240	37	1.87
D1	Sample 37	2	1	8	67240	37	1.87
D1	Sample 37	2	1	9	72240	37.05	1.87
D1	Sample 37	2	1	10	77240	37	1.87
D1	Sample 37	2	1	11	82260	37	1.87
D1	Sample 37	2	1	12	87250	37	1.87
D1	Sample 37	2	1	13	92240	37	1.87
D1	Sample 37	2	1	14	97250	36.96	1.86
D1	Sample 37	2	1	15	102230	36.96	1.87
D2	Sample 38	2	1	1	32200	36.96	1.98
D2	Sample 38	2	1	2	37240	36.96	1.99
D2	Sample 38	2	1	3	42260	36.91	1.98
D2	Sample 38	2	1	4	47240	37	1.96
D2	Sample 38	2	1	5	52240	37	1.97
D2	Sample 38	2	1	6	57230	37	1.96
D2	Sample 38	2	1	7	62240	37	1.96
D2	Sample 38	2	1	8	67240	37	1.97
D2	Sample 38	2	1	9	72240	37.05	1.97
D2	Sample 38	2	1	10	77240	37	1.96
D2	Sample 38	2	1	11	82260	37	1.96
D2	Sample 38	2	1	12	87250	37	1.96
D2	Sample 38	2	1	13	92240	37	1.95
D2	Sample 38	2	1	14	97250	36.96	1.95
D2	Sample 38	2	1	15	102230	36.96	1.95
D3	Sample 39	2	1	1	32200	36.96	2.04
D3	Sample 39	2	1	2	37240	36.96	2.03
D3	Sample 39	2	1	3	42260	36.91	2.03
D3	Sample 39	2	1	4	47240	37	2.01
D3	Sample 39	2	1	5	52240	37	2.02
D3	Sample 39	2	1	6	57230	37	2.02
D3	Sample 39	2	1	7	62240	37	2.02
D3	Sample 39	2	1	8	67240	37	2.02
D3	Sample 39	2	1	9	72240	37.05	2.02
D3	Sample 39	2	1	10	77240	37	2.02
D3	Sample 39	2	1	11	82260	37	2.01
D3	Sample 39	2	1	12	87250	37	2.01
D3	Sample 39	2	1	13	92240	37	2.02
D3	Sample 39	2	1	14	97250	36.96	2.01
D3	Sample 39	2	1	15	102230	36.96	2.01
D4	Sample 40	2	1	1	32200	36.96	1.95
D4	Sample 40	2	1	2	37240	36.96	1.94
D4	Sample 40	2	1	3	42260	36.91	1.95
D4	Sample 40	2	1	4	47240	37	1.94
D4	Sample 40	2	1	5	52240	37	1.94
D4	Sample 40	2	1	6	57230	37	1.95
D4	Sample 40	2	1	7	62240	37	1.94
D4	Sample 40	2	1	8	67240	37	1.95
D4	Sample 40	2	1	9	72240	37.05	1.95
D4	Sample 40	2	1	10	77240	37	1.95
D4	Sample 40	2	1	11	82260	37	1.93
D4	Sample 40	2	1	12	87250	37	1.94
D4	Sample 40	2	1	13	92240	37	1.94
D4	Sample 40	2	1	14	97250	36.96	1.95
D4	Sample 40	2	1	15	102230	36.96	1.95
D5	Sample 41	2	1	1	32200	36.96	1.03
D5	Sample 41	2	1	2	37240	36.96	1.02
D5	Sample 41	2	1	3	42260	36.91	1.03
D5	Sample 41	2	1	4	47240	37	1.01
D5	Sample 41	2	1	5	52240	37	1.02
D5	Sample 41	2	1	6	57230	37	1.02
D5	Sample 41	2	1	7	62240	37	1.01
D5	Sample 41	2	1	8	67240	37	1.02
D5	Sample 41	2	1	9	72240	37.05	1.02
D5	Sample 41	2	1	10	77240	37	1.02
D5	Sample 41	2	1	11	82260	37	1.01
D5	Sample 41	2	1	12	87250	37	1.02
D5	Sample 41	2	1	13	92240	37	1.02
D5	Sample 41	2	1	14	97250	36.96	1.02
D5	Sample 41	2	1	15	102230	36.96	1.02
D6	Sample 42	2	1	1	32200	36.96	1.04
D6	Sample 42	2	1	2	37240	36.96	1.04
D6	Sample 42	2	1	3	42260	36.91	1.04
D6	Sample 42	2	1	4	47240	37	1.03
D6	Sample 42	2	1	5	52240	37	1.03
D6	Sample 42	2	1	6	57230	37	1.03
D6	Sample 42	2	1	7	62240	37	1.03
D6	Sample 42	2	1	8	67240	37	1.03
D6	Sample 42	2	1	9	72240	37.05	1.03
D6	Sample 42	2	1	10	77240	37	1.03
D6	Sample 42	2	1	11	82260	37	1.03
D6	Sample 42	2	1	12	87250	37	1.03
D6	Sample 42	2	1	13	92240	37	1.03
D6	Sample 42	2	1	14	97250	36.96	1.02
D6	Sample 42	2	1	15	102230	36.96	1.03
D7	Sample 43	2	1	1	32200	36.96	1.04
D7	Sample 43	2	1	2	37240	36.96	1.04
D7	Sample 43	2	1	3	42260	36.91	1.04
D7	Sample 43	2	1	4	47240	37	1.03
D7	Sample 43	2	1	5	52240	37	1.04
D7	Sample 43	2	1	6	57230	37	1.04
D7	Sample 43	2	1	7	62240	37	1.03
D7	Sample 43	2	1	8	67240	37	1.03
D7	Sample 43	2	1	9	72240	37.05	1.04
D7	Sample 43	2	1	10	77240	37	1.03
D7	Sample 43	2	1	11	82260	37	1.03
D7	Sample 43	2	1	12	87250	37	1.03
D7	Sample 43	2	1	13	92240	37	1.03
D7	Sample 43	2	1	14	97250	36.96	1.03
D7	Sample 43	2	1	15	102230	36.96	1.02
D8	Sample 44	2	1	1	32200	36.96	1.02
D8	Sample 44	2	1	2	37240	36.96	1.01
D8	Sample 44	2	1	3	42260	36.91	1.01
D8	Sample 44	2	1	4	47240	37	1.00
D8	Sample 44	2	1	5	52240	37	1.01
D8	Sample 44	2	1	6	57230	37	1.01
D8	Sample 44	2	1	7	62240	37	1.00
D8	Sample 44	2	1	8	67240	37	1.00
D8	Sample 44	2	1	9	72240	37.05	1.01
D8	Sample 44	2	1	10	77240	37	1.00
D8	Sample 44	2	1	11	82260	37	1.00
D8	Sample 44	2	1	12	87250	37	1.00
D8	Sample 44	2	1	13	92240	37	1.00
D8	Sample 44	2	1	14	97250	36.96	1.00
D8	Sample 44	2	1	15	102230	36.96	1.00
D9	Sample 45	2	1	1	32200	36.96	0.85
D9	Sample 45	2	1	2	37240	36.96	0.84
D9	Sample 45	2	1	3	42260	36.91	0.85
D9	Sample 45	2	1	4	47240	37	0.84
D9	Sample 45	2	1	5	52240	37	0.84
D9	Sample 45	2	1	6	57230	37	0.84
D9	Sample 45	2	1	7	62240	37	0.84
D9	Sample 45	2	1	8	67240	37	0.84
D9	Sample 45	2	1	9	72240	37.05	0.84
D9	Sample 45	2	1	10	77240	37	0.84
D9	Sample 45	2	1	11	82260	37	0.83
D9	Sample 45	2	1	12	87250	37	0.84
D9	Sample 45	2	1	13	92240	37	0.84
D9	Sample 45	2	1	14	97250	36.96	0.84
D9	Sample 45	2	1	15	102230	36.96	0.84
D10	Sample 46	2	1	1	32200	36.96	0.83
D10	Sample 46	2	1	2	37240	36.96	0.83
D10	Sample 46	2	1	3	42260	36.91	0.83
D10	Sample 46	2	1	4	47240	37	0.82
D10	Sample 46	2	1	5	52240	37	0.82
D10	Sample 46	2	1	6	57230	37	0.82
D10	Sample 46	2	1	7	62240	37	0.82
D10	Sample 46	2	1	8	67240	37	0.83
D10	Sample 46	2	1	9	72240	37.05	0.83
D10	Sample 46	2	1	10	77240	37	0.83
D10	Sample 46	2	1	11	82260	37	0.82
D10	Sample 46	2	1	12	87250	37	0.83
D10	Sample 46	2	1	13	92240	37	0.82
D10	Sample 46	2	1	14	97250	36.96	0.83
D10	Sample 46	2	1	15	102230	36.96	0.82
D11	Sample 47	2	1	1	32200	36.96	0.78
D11	Sample 47	2	1	2	37240	36.96	0.79
D11	Sample 47	2	1	3	42260	36.91	0.79
D11	Sample 47	2	1	4	47240	37	0.78
D11	Sample 47	2	1	5	52240	37	0.78
D11	Sample 47	2	1	6	57230	37	0.78
D11	Sample 47	2	1	7	62240	37	0.78
D11	Sample 47	2	1	8	67240	37	0.79
D11	Sample 47	2	1	9	72240	37.05	0.79
D11	Sample 47	2	1	10	77240	37	0.78
D11	Sample 47	2	1	11	82260	37	0.78
D11	Sample 47	2	1	12	87250	37	0.78
D11	Sample 47	2	1	13	92240	37	0.78
D11	Sample 47	2	1	14	97250	36.96	0.78
D11	Sample 47	2	1	15	102230	36.96	0.78
D12	Sample 48	2	1	1	32200	36.96	0.72
D12	Sample 48	2	1	2	37240	36.96	0.72
D12	Sample 48	2	1	3	42260	36.91	0.72
D12	Sample 48	2	1	4	47240	37	0.72
D12	Sample 48	2	1	5	52240	37	0.72
D12	Sample 48	2	1	6	57230	37	0.72
D12	Sample 48	2	1	7	62240	37	0.72
D12	Sample 48	2	1	8	67240	37	0.72
D12	Sample 48	2	1	9	72240	37.05	0.72
D12	Sample 48	2	1	10	77240	37	0.72
D12	Sample 48	2	1	11	82260	37	0.71
D12	Sample 48	2	1	12	87250	37	0.72
D12	Sample 48	2	1	13	92240	37	0.72
D12	Sample 48	2	1	14	97250	36.96	0.72
D12	Sample 48	2	1	15	102230	36.96	0.71
E1	Sample 49	2	1	1	32200	36.96	2.37
E1	Sample 49	2	1	2	37240	36.96	2.37
E1	Sample 49	2	1	3	42260	36.91	2.36
E1	Sample 49	2	1	4	47240	37	2.35
E1	Sample 49	2	1	5	52240	37	2.35
E1	Sample 49	2	1	6	57230	37	2.35
E1	Sample 49	2	1	7	62240	37	2.36
E1	Sample 49	2	1	8	67240	37	2.34
E1	Sample 49	2	1	9	72240	37.05	2.36
E1	Sample 49	2	1	10	77240	37	2.34
E1	Sample 49	2	1	11	82260	37	2.35
E1	Sample 49	2	1	12	87250	37	2.35
E1	Sample 49	2	1	13	92240	37	2.35
E1	Sample 49	2	1	14	97250	36.96	2.34
E1	Sample 49	2	1	15	102230	36.96	2.34
E2	Sample 50	2	1	1	32200	36.96	2.27
E2	Sample 50	2	1	2	37240	36.96	2.26
E2	Sample 50	2	1	3	42260	36.91	2.25
E2	Sample 50	2	1	4	47240	37	2.25
E2	Sample 50	2	1	5	52240	37	2.25
E2	Sample 50	2	1	6	57230	37	2.24
E2	Sample 50	2	1	7	62240	37	2.24
E2	Sample 50	2	1	8	67240	37	2.23
E2	Sample 50	2	1	9	72240	37.05	2.25
E2	Sample 50	2	1	10	77240	37	2.23
E2	Sample 50	2	1	11	82260	37	2.24
E2	Sample 50	2	1	12	87250	37	2.23
E2	Sample 50	2	1	13	92240	37	2.23
E2	Sample 50	2	1	14	97250	36.96	2.23
E2	Sample 50	2	1	15	102230	36.96	2.23
E3	Sample 51	2	1	1	32200	36.96	2.06
E3	Sample 51	2	1	2	37240	36.96	2.06
E3	Sample 51	2	1	3	42260	36.91	2.06
E3	Sample 51	2	1	4	47240	37	2.06
E3	Sample 51	2	1	5	52240	37	2.06
E3	Sample 51	2	1	6	57230	37	2.06
E3	Sample 51	2	1	7	62240	37	2.06
E3	Sample 51	2	1	8	67240	37	2.06
E3	Sample 51	2	1	9	72240	37.05	2.06
E3	Sample 51	2	1	10	77240	37	2.05
E3	Sample 51	2	1	11	82260	37	2.05
E3	Sample 51	2	1	12	87250	37	2.06
E3	Sample 51	2	1	13	92240	37	2.06
E3	Sample 51	2	1	14	97250	36.96	2.05
E3	Sample 51	2	1	15	102230	36.96	2.05
E4	Sample 52	2	1	1	32200	36.96	2.05
E4	Sample 52	2	1	2	37240	36.96	2.04
E4	Sample 52	2	1	3	42260	36.91	2.05
E4	Sample 52	2	1	4	47240	37	2.05
E4	Sample 52	2	1	5	52240	37	2.03
E4	Sample 52	2	1	6	57230	37	2.04
E4	Sample 52	2	1	7	62240	37	2.03
E4	Sample 52	2	1	8	67240	37	2.03
E4	Sample 52	2	1	9	72240	37.05	2.03
E4	Sample 52	2	1	10	77240	37	2.03
E4	Sample 52	2	1	11	82260	37	2.03
E4	Sample 52	2	1	12	87250	37	2.03
E4	Sample 52	2	1	13	92240	37	2.03
E4	Sample 52	2	1	14	97250	36.96	2.03
E4	Sample 52	2	1	15	102230	36.96	2.02
E5	Sample 53	2	1	1	32200	36.96	1.29
E5	Sample 53	2	1	2	37240	36.96	1.29
E5	Sample 53	2	1	3	42260	36.91	1.30
E5	Sample 53	2	1	4	47240	37	1.29
E5	Sample 53	2	1	5	52240	37	1.29
E5	Sample 53	2	1	6	57230	37	1.29
E5	Sample 53	2	1	7	62240	37	1.30
E5	Sample 53	2	1	8	67240	37	1.29
E5	Sample 53	2	1	9	72240	37.05	1.30
E5	Sample 53	2	1	10	77240	37	1.29
E5	Sample 53	2	1	11	82260	37	1.29
E5	Sample 53	2	1	12	87250	37	1.29
E5	Sample 53	2	1	13	92240	37	1.29
E5	Sample 53	2	1	14	97250	36.96	1.29
E5	Sample 53	2	1	15	102230	36.96	1.29
E6	Sample 54	2	1	1	32200	36.96	1.16
E6	Sample 54	2	1	2	37240	36.96	1.15
E6	Sample 54	2	1	3	42260	36.91	1.16
E6	Sample 54	2	1	4	47240	37	1.15
E6	Sample 54	2	1	5	52240	37	1.15
E6	Sample 54	2	1	6	57230	37	1.15
E6	Sample 54	2	1	7	62240	37	1.15
E6	Sample 54	2	1	8	67240	37	1.15
E6	Sample 54	2	1	9	72240	37.05	1.16
E6	Sample 54	2	1	10	77240	37	1.15
E6	Sample 54	2	1	11	82260	37	1.15
E6	Sample 54	2	1	12	87250	37	1.15
E6	Sample 54	2	1	13	92240	37	1.15
E6	Sample 54	2	1	14	97250	36.96	1.15
E6	Sample 54	2	1	15	102230	36.96	1.15
E7	Sample 55	2	1	1	32200	36.96	1.15
E7	Sample 55	2	1	2	37240	36.96	1.14
E7	Sample 55	2	1	3	42260	36.91	1.14
E7	Sample 55	2	1	4	47240	37	1.14
E7	Sample 55	2	1	5	52240	37	1.13
E7	Sample 55	2	1	6	57230	37	1.13
E7	Sample 55	2	1	7	62240	37	1.13
E7	Sample 55	2	1	8	67240	37	1.13
E7	Sample 55	2	1	9	72240	37.05	1.14
E7	Sample 55	2	1	10	77240	37	1.13
E7	Sample 55	2	1	11	82260	37	1.13
E7	Sample 55	2	1	12	87250	37	1.13
E7	Sample 55	2	1	13	92240	37	1.13
E7	Sample 55	2	1	14	97250	36.96	1.13
E7	Sample 55	2	1	15	102230	36.96	1.13
E8	Sample 56	2	1	1	32200	36.96	1.07
E8	Sample 56	2	1	2	37240	36.96	1.06
E8	Sample 56	2	1	3	42260	36.91	1.07
E8	Sample 56	2	1	4	47240	37	1.06
E8	Sample 56	2	1	5	52240	37	1.06
E8	Sample 56	2	1	6	57230	37	1.06
E8	Sample 56	2	1	7	62240	37	1.05
E8	Sample 56	2	1	8	67240	37	1.05
E8	Sample 56	2	1	9	72240	37.05	1.06
E8	Sample 56	2	1	10	77240	37	1.05
E8	Sample 56	2	1	11	82260	37	1.05
E8	Sample 56	2	1	12	87250	37	1.06
E8	Sample 56	2	1	13	92240	37	1.05
E8	Sample 56	2	1	14	97250	36.96	1.05
E8	Sample 56	2	1	15	102230	36.96	1.05
E9	Sample 57	2	1	1	32200	36.96	1.20
E9	Sample 57	2	1	2	37240	36.96	1.20
E9	Sample 57	2	1	3	42260	36.91	1.19
E9	Sample 57	2	1	4	47240	37	1.18
E9	Sample 57	2	1	5	52240	37	1.18
E9	Sample 57	2	1	6	57230	37	1.18
E9	Sample 57	2	1	7	62240	37	1.18
E9	Sample 57	2	1	8	67240	37	1.18
E9	Sample 57	2	1	9	72240	37.05	1.19
E9	Sample 57	2	1	10	77240	37	1.17
E9	Sample 57	2	1	11	82260	37	1.18
E9	Sample 57	2	1	12	87250	37	1.18
E9	Sample 57	2	1	13	92240	37	1.18
E9	Sample 57	2	1	14	97250	36.96	1.18
E9	Sample 57	2	1	15	102230	36.96	1.18
E10	Sample 58	2	1	1	32200	36.96	1.12
E10	Sample 58	2	1	2	37240	36.96	1.13
E10	Sample 58	2	1	3	42260	36.91	1.12
E10	Sample 58	2	1	4	47240	37	1.12
E10	Sample 58	2	1	5	52240	37	1.11
E10	Sample 58	2	1	6	57230	37	1.13
E10	Sample 58	2	1	7	62240	37	1.12
E10	Sample 58	2	1	8	67240	37	1.11
E10	Sample 58	2	1	9	72240	37.05	1.12
E10	Sample 58	2	1	10	77240	37	1.10
E10	Sample 58	2	1	11	82260	37	1.11
E10	Sample 58	2	1	12	87250	37	1.11
E10	Sample 58	2	1	13	92240	37	1.11
E10	Sample 58	2	1	14	97250	36.96	1.11
E10	Sample 58	2	1	15	102230	36.96	1.11
E11	Sample 59	2	1	1	32200	36.96	0.86
E11	Sample 59	2	1	2	37240	36.96	0.85
E11	Sample 59	2	1	3	42260	36.91	0.85
E11	Sample 59	2	1	4	47240	37	0.85
E11	Sample 59	2	1	5	52240	37	0.85
E11	Sample 59	2	1	6	57230	37	0.85
E11	Sample 59	2	1	7	62240	37	0.85
E11	Sample 59	2	1	8	67240	37	0.85
E11	Sample 59	2	1	9	72240	37.05	0.86
E11	Sample 59	2	1	10	77240	37	0.84
E11	Sample 59	2	1	11	82260	37	0.85
E11	Sample 59	2	1	12	87250	37	0.85
E11	Sample 59	2	1	13	92240	37	0.85
E11	Sample 59	2	1	14	97250	36.96	0.84
E11	Sample 59	2	1	15	102230	36.96	0.84
E12	Sample 60	2	1	1	32200	36.96	0.86
E12	Sample 60	2	1	2	37240	36.96	0.86
E12	Sample 60	2	1	3	42260	36.91	0.86
E12	Sample 60	2	1	4	47240	37	0.85
E12	Sample 60	2	1	5	52240	37	0.85
E12	Sample 60	2	1	6	57230	37	0.85
E12	Sample 60	2	1	7	62240	37	0.85
E12	Sample 60	2	1	8	67240	37	0.85
E12	Sample 60	2	1	9	72240	37.05	0.86
E12	Sample 60	2	1	10	77240	37	0.84
E12	Sample 60	2	1	11	82260	37	0.84
E12	Sample 60	2	1	12	87250	37	0.85
E12	Sample 60	2	1	13	92240	37	0.85
E12	Sample 60	2	1	14	97250	36.96	0.85
E12	Sample 60	2	1	15	102230	36.96	0.85
F1	Sample 61	2	1	1	32200	36.96	2.46
F1	Sample 61	2	1	2	37240	36.96	2.46
F1	Sample 61	2	1	3	42260	36.91	2.46
F1	Sample 61	2	1	4	47240	37	2.46
F1	Sample 61	2	1	5	52240	37	2.46
F1	Sample 61	2	1	6	57230	37	2.46
F1	Sample 61	2	1	7	62240	37	2.46
F1	Sample 61	2	1	8	67240	37	2.46
F1	Sample 61	2	1	9	72240	37.05	2.46
F1	Sample 61	2	1	10	77240	37	2.46
F1	Sample 61	2	1	11	82260	37	2.46
F1	Sample 61	2	1	12	87250	37	2.45
F1	Sample 61	2	1	13	92240	37	2.46
F1	Sample 61	2	1	14	97250	36.96	2.46
F1	Sample 61	2	1	15	102230	36.96	2.45
F2	Sample 62	2	1	1	32200	36.96	2.50
F2	Sample 62	2	1	2	37240	36.96	2.50
F2	Sample 62	2	1	3	42260	36.91	2.49
F2	Sample 62	2	1	4	47240	37	2.49
F2	Sample 62	2	1	5	52240	37	2.48
F2	Sample 62	2	1	6	57230	37	2.48
F2	Sample 62	2	1	7	62240	37	2.47
F2	Sample 62	2	1	8	67240	37	2.47
F2	Sample 62	2	1	9	72240	37.05	2.48
F2	Sample 62	2	1	10	77240	37	2.47
F2	Sample 62	2	1	11	82260	37	2.47
F2	Sample 62	2	1	12	87250	37	2.47
F2	Sample 62	2	1	13	92240	37	2.47
F2	Sample 62	2	1	14	97250	36.96	2.47
F2	Sample 62	2	1	15	102230	36.96	2.47
F3	Sample 63	2	1	1	32200	36.96	2.23
F3	Sample 63	2	1	2	37240	36.96	2.23
F3	Sample 63	2	1	3	42260	36.91	2.22
F3	Sample 63	2	1	4	47240	37	2.22
F3	Sample 63	2	1	5	52240	37	2.21
F3	Sample 63	2	1	6	57230	37	2.21
F3	Sample 63	2	1	7	62240	37	2.22
F3	Sample 63	2	1	8	67240	37	2.21
F3	Sample 63	2	1	9	72240	37.05	2.22
F3	Sample 63	2	1	10	77240	37	2.21
F3	Sample 63	2	1	11	82260	37	2.21
F3	Sample 63	2	1	12	87250	37	2.22
F3	Sample 63	2	1	13	92240	37	2.21
F3	Sample 63	2	1	14	97250	36.96	2.21
F3	Sample 63	2	1	15	102230	36.96	2.20
F4	Sample 64	2	1	1	32200	36.96	2.19
F4	Sample 64	2	1	2	37240	36.96	2.18
F4	Sample 64	2	1	3	42260	36.91	2.19
F4	Sample 64	2	1	4	47240	37	2.17
F4	Sample 64	2	1	5	52240	37	2.17
F4	Sample 64	2	1	6	57230	37	2.18
F4	Sample 64	2	1	7	62240	37	2.18
F4	Sample 64	2	1	8	67240	37	2.18
F4	Sample 64	2	1	9	72240	37.05	2.17
F4	Sample 64	2	1	10	77240	37	2.17
F4	Sample 64	2	1	11	82260	37	2.16
F4	Sample 64	2	1	12	87250	37	2.17
F4	Sample 64	2	1	13	92240	37	2.17
F4	Sample 64	2	1	14	97250	36.96	2.17
F4	Sample 64	2	1	15	102230	36.96	2.16
F5	Sample 65	2	1	1	32200	36.96	1.36
F5	Sample 65	2	1	2	37240	36.96	1.37
F5	Sample 65	2	1	3	42260	36.91	1.37
F5	Sample 65	2	1	4	47240	37	1.37
F5	Sample 65	2	1	5	52240	37	1.36
F5	Sample 65	2	1	6	57230	37	1.36
F5	Sample 65	2	1	7	62240	37	1.36
F5	Sample 65	2	1	8	67240	37	1.37
F5	Sample 65	2	1	9	72240	37.05	1.36
F5	Sample 65	2	1	10	77240	37	1.36
F5	Sample 65	2	1	11	82260	37	1.35
F5	Sample 65	2	1	12	87250	37	1.36
F5	Sample 65	2	1	13	92240	37	1.36
F5	Sample 65	2	1	14	97250	36.96	1.36
F5	Sample 65	2	1	15	102230	36.96	1.35
F6	Sample 66	2	1	1	32200	36.96	1.31
F6	Sample 66	2	1	2	37240	36.96	1.31
F6	Sample 66	2	1	3	42260	36.91	1.31
F6	Sample 66	2	1	4	47240	37	1.31
F6	Sample 66	2	1	5	52240	37	1.30
F6	Sample 66	2	1	6	57230	37	1.30
F6	Sample 66	2	1	7	62240	37	1.30
F6	Sample 66	2	1	8	67240	37	1.30
F6	Sample 66	2	1	9	72240	37.05	1.30
F6	Sample 66	2	1	10	77240	37	1.30
F6	Sample 66	2	1	11	82260	37	1.30
F6	Sample 66	2	1	12	87250	37	1.29
F6	Sample 66	2	1	13	92240	37	1.30
F6	Sample 66	2	1	14	97250	36.96	1.31
F6	Sample 66	2	1	15	102230	36.96	1.29
F7	Sample 67	2	1	1	32200	36.96	1.32
F7	Sample 67	2	1	2	37240	36.96	1.32
F7	Sample 67	2	1	3	42260	36.91	1.30
F7	Sample 67	2	1	4	47240	37	1.31
F7	Sample 67	2	1	5	52240	37	1.30
F7	Sample 67	2	1	6	57230	37	1.30
F7	Sample 67	2	1	7	62240	37	1.30
F7	Sample 67	2	1	8	67240	37	1.31
F7	Sample 67	2	1	9	72240	37.05	1.30
F7	Sample 67	2	1	10	77240	37	1.30
F7	Sample 67	2	1	11	82260	37	1.30
F7	Sample 67	2	1	12	87250	37	1.30
F7	Sample 67	2	1	13	92240	37	1.30
F7	Sample 67	2	1	14	97250	36.96	1.30
F7	Sample 67	2	1	15	102230	36.96	1.29
F8	Sample 68	2	1	1	32200	36.96	1.31
F8	Sample 68	2	1	2	37240	36.96	1.31
F8	Sample 68	2	1	3	42260	36.91	1.30
F8	Sample 68	2	1	4	47240	37	1.29
F8	Sample 68	2	1	5	52240	37	1.30
F8	Sample 68	2	1	6	57230	37	1.28
F8	Sample 68	2	1	7	62240	37	1.29
F8	Sample 68	2	1	8	67240	37	1.30
F8	Sample 68	2	1	9	72240	37.05	1.30
F8	Sample 68	2	1	10	77240	37	1.29
F8	Sample 68	2	1	11	82260	37	1.29
F8	Sample 68	2	1	12	87250	37	1.29
F8	Sample 68	2	1	13	92240	37	1.29
F8	Sample 68	2	1	14	97250	36.96	1.30
F8	Sample 68	2	1	15	102230	36.96	1.28
F9	Sample 69	2	1	1	32200	36.96	1.38
F9	Sample 69	2	1	2	37240	36.96	1.38
F9	Sample 69	2	1	3	42260	36.91	1.38
F9	Sample 69	2	1	4	47240	37	1.38
F9	Sample 69	2	1	5	52240	37	1.37
F9	Sample 69	2	1	6	57230	37	1.37
F9	Sample 69	2	1	7	62240	37	1.37
F9	Sample 69	2	1	8	67240	37	1.37
F9	Sample 69	2	1	9	72240	37.05	1.38
F9	Sample 69	2	1	10	77240	37	1.37
F9	Sample 69	2	1	11	82260	37	1.37
F9	Sample 69	2	1	12	87250	37	1.37
F9	Sample 69	2	1	13	92240	37	1.37
F9	Sample 69	2	1	14	97250	36.96	1.37
F9	Sample 69	2	1	15	102230	36.96	1.36
F10	Sample 70	2	1	1	32200	36.96	1.37
F10	Sample 70	2	1	2	37240	36.96	1.37
F10	Sample 70	2	1	3	42260	36.91	1.36
F10	Sample 70	2	1	4	47240	37	1.36
F10	Sample 70	2	1	5	52240	37	1.35
F10	Sample 70	2	1	6	57230	37	1.35
F10	Sample 70	2	1	7	62240	37	1.35
F10	Sample 70	2	1	8	67240	37	1.36
F10	Sample 70	2	1	9	72240	37.05	1.35
F10	Sample 70	2	1	10	77240	37	1.35
F10	Sample 70	2	1	11	82260	37	1.35
F10	Sample 70	2	1	12	87250	37	1.35
F10	Sample 70	2	1	13	92240	37	1.35
F10	Sample 70	2	1	14	97250	36.96	1.36
F10	Sample 70	2	1	15	102230	36.96	1.34
F11	Sample 71	2	1	1	32200	36.96	1.24
F11	Sample 71	2	1	2	37240	36.96	1.24
F11	Sample 71	2	1	3	42260	36.91	1.24
F11	Sample 71	2	1	4	47240	37	1.24
F11	Sample 71	2	1	5	52240	37	1.23
F11	Sample 71	2	1	6	57230	37	1.23
F11	Sample 71	2	1	7	62240	37	1.23
F11	Sample 71	2	1	8	67240	37	1.23
F11	Sample 71	2	1	9	72240	37.05	1.24
F11	Sample 71	2	1	10	77240	37	1.22
F11	Sample 71	2	1	11	82260	37	1.22
F11	Sample 71	2	1	12	87250	37	1.22
F11	Sample 71	2	1	13	92240	37	1.23
F11	Sample 71	2	1	14	97250	36.96	1.23
F11	Sample 71	2	1	15	102230	36.96	1.22
F12	Sample 72	2	1	1	32200	36.96	1.18
F12	Sample 72	2	1	2	37240	36.96	1.18
F12	Sample 72	2	1	3	42260	36.91	1.17
F12	Sample 72	2	1	4	47240	37	1.16
F12	Sample 72	2	1	5	52240	37	1.16
F12	Sample 72	2	1	6	57230	37	1.16
F12	Sample 72	2	1	7	62240	37	1.16
F12	Sample 72	2	1	8	67240	37	1.16
F12	Sample 72	2	1	9	72240	37.05	1.16
F12	Sample 72	2	1	10	77240	37	1.15
F12	Sample 72	2	1	11	82260	37	1.15
F12	Sample 72	2	1	12	87250	37	1.15
F12	Sample 72	2	1	13	92240	37	1.15
F12	Sample 72	2	1	14	97250	36.96	1.15
F12	Sample 72	2	1	15	102230	36.96	1.15
G1	Sample 73	2	1	1	32200	36.96	2.51
G1	Sample 73	2	1	2	37240	36.96	2.51
G1	Sample 73	2	1	3	42260	36.91	2.52
G1	Sample 73	2	1	4	47240	37	2.50
G1	Sample 73	2	1	5	52240	37	2.49
G1	Sample 73	2	1	6	57230	37	2.50
G1	Sample 73	2	1	7	62240	37	2.50
G1	Sample 73	2	1	8	67240	37	2.50
G1	Sample 73	2	1	9	72240	37.05	2.50
G1	Sample 73	2	1	10	77240	37	2.49
G1	Sample 73	2	1	11	82260	37	2.50
G1	Sample 73	2	1	12	87250	37	2.50
G1	Sample 73	2	1	13	92240	37	2.50
G1	Sample 73	2	1	14	97250	36.96	2.50
G1	Sample 73	2	1	15	102230	36.96	2.50
G2	Sample 74	2	1	1	32200	36.96	2.50
G2	Sample 74	2	1	2	37240	36.96	2.50
G2	Sample 74	2	1	3	42260	36.91	2.50
G2	Sample 74	2	1	4	47240	37	2.49
G2	Sample 74	2	1	5	52240	37	2.49
G2	Sample 74	2	1	6	57230	37	2.48
G2	Sample 74	2	1	7	62240	37	2.49
G2	Sample 74	2	1	8	67240	37	2.49
G2	Sample 74	2	1	9	72240	37.05	2.48
G2	Sample 74	2	1	10	77240	37	2.48
G2	Sample 74	2	1	11	82260	37	2.47
G2	Sample 74	2	1	12	87250	37	2.48
G2	Sample 74	2	1	13	92240	37	2.47
G2	Sample 74	2	1	14	97250	36.96	2.48
G2	Sample 74	2	1	15	102230	36.96	2.47
G3	Sample 75	2	1	1	32200	36.96	2.65
G3	Sample 75	2	1	2	37240	36.96	2.64
G3	Sample 75	2	1	3	42260	36.91	2.65
G3	Sample 75	2	1	4	47240	37	2.63
G3	Sample 75	2	1	5	52240	37	2.63
G3	Sample 75	2	1	6	57230	37	2.64
G3	Sample 75	2	1	7	62240	37	2.63
G3	Sample 75	2	1	8	67240	37	2.63
G3	Sample 75	2	1	9	72240	37.05	2.63
G3	Sample 75	2	1	10	77240	37	2.63
G3	Sample 75	2	1	11	82260	37	2.63
G3	Sample 75	2	1	12	87250	37	2.63
G3	Sample 75	2	1	13	92240	37	2.64
G3	Sample 75	2	1	14	97250	36.96	2.63
G3	Sample 75	2	1	15	102230	36.96	2.63
G4	Sample 76	2	1	1	32200	36.96	2.61
G4	Sample 76	2	1	2	37240	36.96	2.61
G4	Sample 76	2	1	3	42260	36.91	2.60
G4	Sample 76	2	1	4	47240	37	2.59
G4	Sample 76	2	1	5	52240	37	2.58
G4	Sample 76	2	1	6	57230	37	2.59
G4	Sample 76	2	1	7	62240	37	2.59
G4	Sample 76	2	1	8	67240	37	2.58
G4	Sample 76	2	1	9	72240	37.05	2.58
G4	Sample 76	2	1	10	77240	37	2.59
G4	Sample 76	2	1	11	82260	37	2.57
G4	Sample 76	2	1	12	87250	37	2.58
G4	Sample 76	2	1	13	92240	37	2.58
G4	Sample 76	2	1	14	97250	36.96	2.58
G4	Sample 76	2	1	15	102230	36.96	2.58
G5	Sample 77	2	1	1	32200	36.96	1.74
G5	Sample 77	2	1	2	37240	36.96	1.74
G5	Sample 77	2	1	3	42260	36.91	1.74
G5	Sample 77	2	1	4	47240	37	1.74
G5	Sample 77	2	1	5	52240	37	1.73
G5	Sample 77	2	1	6	57230	37	1.73
G5	Sample 77	2	1	7	62240	37	1.73
G5	Sample 77	2	1	8	67240	37	1.74
G5	Sample 77	2	1	9	72240	37.05	1.73
G5	Sample 77	2	1	10	77240	37	1.73
G5	Sample 77	2	1	11	82260	37	1.74
G5	Sample 77	2	1	12	87250	37	1.74
G5	Sample 77	2	1	13	92240	37	1.74
G5	Sample 77	2	1	14	97250	36.96	1.74
G5	Sample 77	2	1	15	102230	36.96	1.74
G6	Sample 78	2	1	1	32200	36.96	1.65
G6	Sample 78	2	1	2	37240	36.96	1.65
G6	Sample 78	2	1	3	42260	36.91	1.66
G6	Sample 78	2	1	4	47240	37	1.65
G6	Sample 78	2	1	5	52240	37	1.64
G6	Sample 78	2	1	6	57230	37	1.65
G6	Sample 78	2	1	7	62240	37	1.65
G6	Sample 78	2	1	8	67240	37	1.65
G6	Sample 78	2	1	9	72240	37.05	1.65
G6	Sample 78	2	1	10	77240	37	1.64
G6	Sample 78	2	1	11	82260	37	1.64
G6	Sample 78	2	1	12	87250	37	1.64
G6	Sample 78	2	1	13	92240	37	1.64
G6	Sample 78	2	1	14	97250	36.96	1.64
G6	Sample 78	2	1	15	102230	36.96	1.65
G7	Sample 79	2	1	1	32200	36.96	1.69
G7	Sample 79	2	1	2	37240	36.96	1.69
G7	Sample 79	2	1	3	42260	36.91	1.70
G7	Sample 79	2	1	4	47240	37	1.69
G7	Sample 79	2	1	5	52240	37	1.68
G7	Sample 79	2	1	6	57230	37	1.69
G7	Sample 79	2	1	7	62240	37	1.69
G7	Sample 79	2	1	8	67240	37	1.69
G7	Sample 79	2	1	9	72240	37.05	1.69
G7	Sample 79	2	1	10	77240	37	1.68
G7	Sample 79	2	1	11	82260	37	1.69
G7	Sample 79	2	1	12	87250	37	1.69
G7	Sample 79	2	1	13	92240	37	1.68
G7	Sample 79	2	1	14	97250	36.96	1.68
G7	Sample 79	2	1	15	102230	36.96	1.69
G8	Sample 80	2	1	1	32200	36.96	1.63
G8	Sample 80	2	1	2	37240	36.96	1.63
G8	Sample 80	2	1	3	42260	36.91	1.63
G8	Sample 80	2	1	4	47240	37	1.62
G8	Sample 80	2	1	5	52240	37	1.62
G8	Sample 80	2	1	6	57230	37	1.62
G8	Sample 80	2	1	7	62240	37	1.62
G8	Sample 80	2	1	8	67240	37	1.62
G8	Sample 80	2	1	9	72240	37.05	1.62
G8	Sample 80	2	1	10	77240	37	1.61
G8	Sample 80	2	1	11	82260	37	1.62
G8	Sample 80	2	1	12	87250	37	1.62
G8	Sample 80	2	1	13	92240	37	1.62
G8	Sample 80	2	1	14	97250	36.96	1.62
G8	Sample 80	2	1	15	102230	36.96	1.62
G9	Sample 81	2	1	1	32200	36.96	1.38
G9	Sample 81	2	1	2	37240	36.96	1.38
G9	Sample 81	2	1	3	42260	36.91	1.38
G9	Sample 81	2	1	4	47240	37	1.37
G9	Sample 81	2	1	5	52240	37	1.37
G9	Sample 81	2	1	6	57230	37	1.37
G9	Sample 81	2	1	7	62240	37	1.37
G9	Sample 81	2	1	8	67240	37	1.37
G9	Sample 81	2	1	9	72240	37.05	1.37
G9	Sample 81	2	1	10	77240	37	1.37
G9	Sample 81	2	1	11	82260	37	1.36
G9	Sample 81	2	1	12	87250	37	1.37
G9	Sample 81	2	1	13	92240	37	1.37
G9	Sample 81	2	1	14	97250	36.96	1.37
G9	Sample 81	2	1	15	102230	36.96	1.36
G10	Sample 82	2	1	1	32200	36.96	1.39
G10	Sample 82	2	1	2	37240	36.96	1.39
G10	Sample 82	2	1	3	42260	36.91	1.39
G10	Sample 82	2	1	4	47240	37	1.39
G10	Sample 82	2	1	5	52240	37	1.38
G10	Sample 82	2	1	6	57230	37	1.38
G10	Sample 82	2	1	7	62240	37	1.38
G10	Sample 82	2	1	8	67240	37	1.38
G10	Sample 82	2	1	9	72240	37.05	1.38
G10	Sample 82	2	1	10	77240	37	1.37
G10	Sample 82	2	1	11	82260	37	1.37
G10	Sample 82	2	1	12	87250	37	1.38
G10	Sample 82	2	1	13	92240	37	1.37
G10	Sample 82	2	1	14	97250	36.96	1.37
G10	Sample 82	2	1	15	102230	36.96	1.37
G11	Sample 83	2	1	1	32200	36.96	1.36
G11	Sample 83	2	1	2	37240	36.96	1.36
G11	Sample 83	2	1	3	42260	36.91	1.36
G11	Sample 83	2	1	4	47240	37	1.35
G11	Sample 83	2	1	5	52240	37	1.35
G11	Sample 83	2	1	6	57230	37	1.36
G11	Sample 83	2	1	7	62240	37	1.35
G11	Sample 83	2	1	8	67240	37	1.36
G11	Sample 83	2	1	9	72240	37.05	1.35
G11	Sample 83	2	1	10	77240	37	1.35
G11	Sample 83	2	1	11	82260	37	1.35
G11	Sample 83	2	1	12	87250	37	1.35
G11	Sample 83	2	1	13	92240	37	1.35
G11	Sample 83	2	1	14	97250	36.96	1.35
G11	Sample 83	2	1	15	102230	36.96	1.35
G12	Sample 84	2	1	1	32200	36.96	1.30
G12	Sample 84	2	1	2	37240	36.96	1.30
G12	Sample 84	2	1	3	42260	36.91	1.30
G12	Sample 84	2	1	4	47240	37	1.29
G12	Sample 84	2	1	5	52240	37	1.28
G12	Sample 84	2	1	6	57230	37	1.30
G12	Sample 84	2	1	7	62240	37	1.29
G12	Sample 84	2	1	8	67240	37	1.28
G12	Sample 84	2	1	9	72240	37.05	1.29
G12	Sample 84	2	1	10	77240	37	1.28
G12	Sample 84	2	1	11	82260	37	1.28
G12	Sample 84	2	1	12	87250	37	1.28
G12	Sample 84	2	1	13	92240	37	1.28
G12	Sample 84	2	1	14	97250	36.96	1.29
G12	Sample 84	2	1	15	102230	36.96	1.29
H1	Sample 85	2	1	1	32200	36.96	2.44
H1	Sample 85	2	1	2	37240	36.96	2.44
H1	Sample 85	2	1	3	42260	36.91	2.44
H1	Sample 85	2	1	4	47240	37	2.45
H1	Sample 85	2	1	5	52240	37	2.44
H1	Sample 85	2	1	6	57230	37	2.44
H1	Sample 85	2	1	7	62240	37	2.45
H1	Sample 85	2	1	8	67240	37	2.44
H1	Sample 85	2	1	9	72240	37.05	2.44
H1	Sample 85	2	1	10	77240	37	2.44
H1	Sample 85	2	1	11	82260	37	2.44
H1	Sample 85	2	1	12	87250	37	2.45
H1	Sample 85	2	1	13	92240	37	2.44
H1	Sample 85	2	1	14	97250	36.96	2.44
H1	Sample 85	2	1	15	102230	36.96	2.44
H2	Sample 86	2	1	1	32200	36.96	2.54
H2	Sample 86	2	1	2	37240	36.96	2.53
H2	Sample 86	2	1	3	42260	36.91	2.54
H2	Sample 86	2	1	4	47240	37	2.52
H2	Sample 86	2	1	5	52240	37	2.52
H2	Sample 86	2	1	6	57230	37	2.52
H2	Sample 86	2	1	7	62240	37	2.52
H2	Sample 86	2	1	8	67240	37	2.52
H2	Sample 86	2	1	9	72240	37.05	2.51
H2	Sample 86	2	1	10	77240	37	2.51
H2	Sample 86	2	1	11	82260	37	2.51
H2	Sample 86	2	1	12	87250	37	2.50
H2	Sample 86	2	1	13	92240	37	2.51
H2	Sample 86	2	1	14	97250	36.96	2.52
H2	Sample 86	2	1	15	102230	36.96	2.51
H3	Sample 87	2	1	1	32200	36.96	2.81
H3	Sample 87	2	1	2	37240	36.96	2.80
H3	Sample 87	2	1	3	42260	36.91	2.79
H3	Sample 87	2	1	4	47240	37	2.78
H3	Sample 87	2	1	5	52240	37	2.77
H3	Sample 87	2	1	6	57230	37	2.77
H3	Sample 87	2	1	7	62240	37	2.77
H3	Sample 87	2	1	8	67240	37	2.77
H3	Sample 87	2	1	9	72240	37.05	2.78
H3	Sample 87	2	1	10	77240	37	2.77
H3	Sample 87	2	1	11	82260	37	2.77
H3	Sample 87	2	1	12	87250	37	2.78
H3	Sample 87	2	1	13	92240	37	2.77
H3	Sample 87	2	1	14	97250	36.96	2.78
H3	Sample 87	2	1	15	102230	36.96	2.78
H4	Sample 88	2	1	1	32200	36.96	2.76
H4	Sample 88	2	1	2	37240	36.96	2.74
H4	Sample 88	2	1	3	42260	36.91	2.75
H4	Sample 88	2	1	4	47240	37	2.73
H4	Sample 88	2	1	5	52240	37	2.73
H4	Sample 88	2	1	6	57230	37	2.73
H4	Sample 88	2	1	7	62240	37	2.74
H4	Sample 88	2	1	8	67240	37	2.74
H4	Sample 88	2	1	9	72240	37.05	2.73
H4	Sample 88	2	1	10	77240	37	2.74
H4	Sample 88	2	1	11	82260	37	2.74
H4	Sample 88	2	1	12	87250	37	2.74
H4	Sample 88	2	1	13	92240	37	2.74
H4	Sample 88	2	1	14	97250	36.96	2.74
H4	Sample 88	2	1	15	102230	36.96	2.74
H5	Sample 89	2	1	1	32200	36.96	2.22
H5	Sample 89	2	1	2	37240	36.96	2.21
H5	Sample 89	2	1	3	42260	36.91	2.21
H5	Sample 89	2	1	4	47240	37	2.20
H5	Sample 89	2	1	5	52240	37	2.20
H5	Sample 89	2	1	6	57230	37	2.20
H5	Sample 89	2	1	7	62240	37	2.20
H5	Sample 89	2	1	8	67240	37	2.21
H5	Sample 89	2	1	9	72240	37.05	2.20
H5	Sample 89	2	1	10	77240	37	2.21
H5	Sample 89	2	1	11	82260	37	2.21
H5	Sample 89	2	1	12	87250	37	2.21
H5	Sample 89	2	1	13	92240	37	2.21
H5	Sample 89	2	1	14	97250	36.96	2.21
H5	Sample 89	2	1	15	102230	36.96	2.21
H6	Sample 90	2	1	1	32200	36.96	2.05
H6	Sample 90	2	1	2	37240	36.96	2.05
H6	Sample 90	2	1	3	42260	36.91	2.05
H6	Sample 90	2	1	4	47240	37	2.05
H6	Sample 90	2	1	5	52240	37	2.04
H6	Sample 90	2	1	6	57230	37	2.05
H6	Sample 90	2	1	7	62240	37	2.04
H6	Sample 90	2	1	8	67240	37	2.04
H6	Sample 90	2	1	9	72240	37.05	2.04
H6	Sample 90	2	1	10	77240	37	2.04
H6	Sample 90	2	1	11	82260	37	2.04
H6	Sample 90	2	1	12	87250	37	2.05
H6	Sample 90	2	1	13	92240	37	2.05
H6	Sample 90	2	1	14	97250	36.96	2.05
H6	Sample 90	2	1	15	102230	36.96	2.05
H7	Sample 91	2	1	1	32200	36.96	2.06
H7	Sample 91	2	1	2	37240	36.96	2.05
H7	Sample 91	2	1	3	42260	36.91	2.05
H7	Sample 91	2	1	4	47240	37	2.04
H7	Sample 91	2	1	5	52240	37	2.03
H7	Sample 91	2	1	6	57230	37	2.04
H7	Sample 91	2	1	7	62240	37	2.05
H7	Sample 91	2	1	8	67240	37	2.04
H7	Sample 91	2	1	9	72240	37.05	2.05
H7	Sample 91	2	1	10	77240	37	2.04
H7	Sample 91	2	1	11	82260	37	2.04
H7	Sample 91	2	1	12	87250	37	2.05
H7	Sample 91	2	1	13	92240	37	2.04
H7	Sample 91	2	1	14	97250	36.96	2.04
H7	Sample 91	2	1	15	102230	36.96	2.04
H8	Sample 92	2	1	1	32200	36.96	1.98
H8	Sample 92	2	1	2	37240	36.96	1.98
H8	Sample 92	2	1	3	42260	36.91	1.98
H8	Sample 92	2	1	4	47240	37	1.96
H8	Sample 92	2	1	5	52240	37	1.96
H8	Sample 92	2	1	6	57230	37	1.97
H8	Sample 92	2	1	7	62240	37	1.97
H8	Sample 92	2	1	8	67240	37	1.96
H8	Sample 92	2	1	9	72240	37.05	1.97
H8	Sample 92	2	1	10	77240	37	1.96
H8	Sample 92	2	1	11	82260	37	1.96
H8	Sample 92	2	1	12	87250	37	1.96
H8	Sample 92	2	1	13	92240	37	1.97
H8	Sample 92	2	1	14	97250	36.96	1.97
H8	Sample 92	2	1	15	102230	36.96	1.97
H9	Sample 93	2	1	1	32200	36.96	1.33
H9	Sample 93	2	1	2	37240	36.96	1.32
H9	Sample 93	2	1	3	42260	36.91	1.32
H9	Sample 93	2	1	4	47240	37	1.32
H9	Sample 93	2	1	5	52240	37	1.31
H9	Sample 93	2	1	6	57230	37	1.31
H9	Sample 93	2	1	7	62240	37	1.31
H9	Sample 93	2	1	8	67240	37	1.31
H9	Sample 93	2	1	9	72240	37.05	1.31
H9	Sample 93	2	1	10	77240	37	1.31
H9	Sample 93	2	1	11	82260	37	1.31
H9	Sample 93	2	1	12	87250	37	1.31
H9	Sample 93	2	1	13	92240	37	1.32
H9	Sample 93	2	1	14	97250	36.96	1.31
H9	Sample 93	2	1	15	102230	36.96	1.31
H10	Sample 94	2	1	1	32200	36.96	1.29
H10	Sample 94	2	1	2	37240	36.96	1.28
H10	Sample 94	2	1	3	42260	36.91	1.28
H10	Sample 94	2	1	4	47240	37	1.28
H10	Sample 94	2	1	5	52240	37	1.27
H10	Sample 94	2	1	6	57230	37	1.28
H10	Sample 94	2	1	7	62240	37	1.28
H10	Sample 94	2	1	8	67240	37	1.27
H10	Sample 94	2	1	9	72240	37.05	1.28
H10	Sample 94	2	1	10	77240	37	1.27
H10	Sample 94	2	1	11	82260	37	1.28
H10	Sample 94	2	1	12	87250	37	1.27
H10	Sample 94	2	1	13	92240	37	1.28
H10	Sample 94	2	1	14	97250	36.96	1.28
H10	Sample 94	2	1	15	102230	36.96	1.27
H11	Sample 95	2	1	1	32200	36.96	1.27
H11	Sample 95	2	1	2	37240	36.96	1.27
H11	Sample 95	2	1	3	42260	36.91	1.27
H11	Sample 95	2	1	4	47240	37	1.26
H11	Sample 95	2	1	5	52240	37	1.26
H11	Sample 95	2	1	6	57230	37	1.27
H11	Sample 95	2	1	7	62240	37	1.26
H11	Sample 95	2	1	8	67240	37	1.26
H11	Sample 95	2	1	9	72240	37.05	1.26
H11	Sample 95	2	1	10	77240	37	1.26
H11	Sample 95	2	1	11	82260	37	1.26
H11	Sample 95	2	1	12	87250	37	1.26
H11	Sample 95	2	1	13	92240	37	1.26
H11	Sample 95	2	1	14	97250	36.96	1.26
H11	Sample 95	2	1	15	102230	36.96	1.26
H12	Sample 96	2	1	1	32200	36.96	1.29
H12	Sample 96	2	1	2	37240	36.96	1.29
H12	Sample 96	2	1	3	42260	36.91	1.28
H12	Sample 96	2	1	4	47240	37	1.28
H12	Sample 96	2	1	5	52240	37	1.28
H12	Sample 96	2	1	6	57230	37	1.28
H12	Sample 96	2	1	7	62240	37	1.29
H12	Sample 96	2	1	8	67240	37	1.28
H12	Sample 96	2	1	9	72240	37.05	1.29
H12	Sample 96	2	1	10	77240	37	1.29
H12	Sample 96	2	1	11	82260	37	1.29
H12	Sample 96	2	1	12	87250	37	1.29
H12	Sample 96	2	1	13	92240	37	1.28
H12	Sample 96	2	1	14	97250	36.96	1.29
H12	Sample 96	2	1	15	102230	36.96	1.29
