Raw Data 		Experiment - evIC50_5_plate3_15APRIL2026 (Run on LCS480 1.5.1.62)
SamplePos	SampleName	Prog#	Seg#	Cycle#	Time	Temp	465-510	
A1	Sample 1	2	1	1	32230	36.96	0.53
A1	Sample 1	2	1	2	37280	36.96	0.53
A1	Sample 1	2	1	3	42270	37	0.53
A1	Sample 1	2	1	4	47270	36.96	0.53
A1	Sample 1	2	1	5	52280	36.96	0.52
A1	Sample 1	2	1	6	57260	36.96	0.52
A1	Sample 1	2	1	7	62270	37.05	0.52
A1	Sample 1	2	1	8	67270	37	0.52
A1	Sample 1	2	1	9	72270	36.96	0.51
A1	Sample 1	2	1	10	77270	37	0.52
A1	Sample 1	2	1	11	82270	37	0.52
A1	Sample 1	2	1	12	87270	37	0.52
A1	Sample 1	2	1	13	92270	37	0.52
A1	Sample 1	2	1	14	97280	37	0.52
A1	Sample 1	2	1	15	102270	37	0.51
A2	Sample 2	2	1	1	32230	36.96	0.51
A2	Sample 2	2	1	2	37280	36.96	0.50
A2	Sample 2	2	1	3	42270	37	0.50
A2	Sample 2	2	1	4	47270	36.96	0.50
A2	Sample 2	2	1	5	52280	36.96	0.50
A2	Sample 2	2	1	6	57260	36.96	0.50
A2	Sample 2	2	1	7	62270	37.05	0.50
A2	Sample 2	2	1	8	67270	37	0.50
A2	Sample 2	2	1	9	72270	36.96	0.50
A2	Sample 2	2	1	10	77270	37	0.50
A2	Sample 2	2	1	11	82270	37	0.50
A2	Sample 2	2	1	12	87270	37	0.51
A2	Sample 2	2	1	13	92270	37	0.49
A2	Sample 2	2	1	14	97280	37	0.50
A2	Sample 2	2	1	15	102270	37	0.50
A3	Sample 3	2	1	1	32230	36.96	0.57
A3	Sample 3	2	1	2	37280	36.96	0.57
A3	Sample 3	2	1	3	42270	37	0.57
A3	Sample 3	2	1	4	47270	36.96	0.57
A3	Sample 3	2	1	5	52280	36.96	0.57
A3	Sample 3	2	1	6	57260	36.96	0.56
A3	Sample 3	2	1	7	62270	37.05	0.57
A3	Sample 3	2	1	8	67270	37	0.57
A3	Sample 3	2	1	9	72270	36.96	0.57
A3	Sample 3	2	1	10	77270	37	0.57
A3	Sample 3	2	1	11	82270	37	0.57
A3	Sample 3	2	1	12	87270	37	0.57
A3	Sample 3	2	1	13	92270	37	0.56
A3	Sample 3	2	1	14	97280	37	0.57
A3	Sample 3	2	1	15	102270	37	0.57
A4	Sample 4	2	1	1	32230	36.96	0.59
A4	Sample 4	2	1	2	37280	36.96	0.58
A4	Sample 4	2	1	3	42270	37	0.58
A4	Sample 4	2	1	4	47270	36.96	0.58
A4	Sample 4	2	1	5	52280	36.96	0.59
A4	Sample 4	2	1	6	57260	36.96	0.57
A4	Sample 4	2	1	7	62270	37.05	0.58
A4	Sample 4	2	1	8	67270	37	0.58
A4	Sample 4	2	1	9	72270	36.96	0.57
A4	Sample 4	2	1	10	77270	37	0.58
A4	Sample 4	2	1	11	82270	37	0.58
A4	Sample 4	2	1	12	87270	37	0.58
A4	Sample 4	2	1	13	92270	37	0.57
A4	Sample 4	2	1	14	97280	37	0.58
A4	Sample 4	2	1	15	102270	37	0.58
A5	Sample 5	2	1	1	32230	36.96	0.60
A5	Sample 5	2	1	2	37280	36.96	0.59
A5	Sample 5	2	1	3	42270	37	0.60
A5	Sample 5	2	1	4	47270	36.96	0.60
A5	Sample 5	2	1	5	52280	36.96	0.59
A5	Sample 5	2	1	6	57260	36.96	0.59
A5	Sample 5	2	1	7	62270	37.05	0.60
A5	Sample 5	2	1	8	67270	37	0.60
A5	Sample 5	2	1	9	72270	36.96	0.59
A5	Sample 5	2	1	10	77270	37	0.59
A5	Sample 5	2	1	11	82270	37	0.59
A5	Sample 5	2	1	12	87270	37	0.59
A5	Sample 5	2	1	13	92270	37	0.59
A5	Sample 5	2	1	14	97280	37	0.60
A5	Sample 5	2	1	15	102270	37	0.60
A6	Sample 6	2	1	1	32230	36.96	0.59
A6	Sample 6	2	1	2	37280	36.96	0.59
A6	Sample 6	2	1	3	42270	37	0.59
A6	Sample 6	2	1	4	47270	36.96	0.59
A6	Sample 6	2	1	5	52280	36.96	0.58
A6	Sample 6	2	1	6	57260	36.96	0.58
A6	Sample 6	2	1	7	62270	37.05	0.59
A6	Sample 6	2	1	8	67270	37	0.59
A6	Sample 6	2	1	9	72270	36.96	0.58
A6	Sample 6	2	1	10	77270	37	0.59
A6	Sample 6	2	1	11	82270	37	0.59
A6	Sample 6	2	1	12	87270	37	0.59
A6	Sample 6	2	1	13	92270	37	0.58
A6	Sample 6	2	1	14	97280	37	0.59
A6	Sample 6	2	1	15	102270	37	0.58
A7	Sample 7	2	1	1	32230	36.96	0.62
A7	Sample 7	2	1	2	37280	36.96	0.61
A7	Sample 7	2	1	3	42270	37	0.61
A7	Sample 7	2	1	4	47270	36.96	0.61
A7	Sample 7	2	1	5	52280	36.96	0.61
A7	Sample 7	2	1	6	57260	36.96	0.60
A7	Sample 7	2	1	7	62270	37.05	0.61
A7	Sample 7	2	1	8	67270	37	0.61
A7	Sample 7	2	1	9	72270	36.96	0.60
A7	Sample 7	2	1	10	77270	37	0.61
A7	Sample 7	2	1	11	82270	37	0.61
A7	Sample 7	2	1	12	87270	37	0.61
A7	Sample 7	2	1	13	92270	37	0.61
A7	Sample 7	2	1	14	97280	37	0.61
A7	Sample 7	2	1	15	102270	37	0.60
A8	Sample 8	2	1	1	32230	36.96	0.57
A8	Sample 8	2	1	2	37280	36.96	0.57
A8	Sample 8	2	1	3	42270	37	0.57
A8	Sample 8	2	1	4	47270	36.96	0.57
A8	Sample 8	2	1	5	52280	36.96	0.56
A8	Sample 8	2	1	6	57260	36.96	0.56
A8	Sample 8	2	1	7	62270	37.05	0.58
A8	Sample 8	2	1	8	67270	37	0.57
A8	Sample 8	2	1	9	72270	36.96	0.56
A8	Sample 8	2	1	10	77270	37	0.57
A8	Sample 8	2	1	11	82270	37	0.57
A8	Sample 8	2	1	12	87270	37	0.57
A8	Sample 8	2	1	13	92270	37	0.56
A8	Sample 8	2	1	14	97280	37	0.57
A8	Sample 8	2	1	15	102270	37	0.57
A9	Sample 9	2	1	1	32230	36.96	1.07
A9	Sample 9	2	1	2	37280	36.96	1.07
A9	Sample 9	2	1	3	42270	37	1.06
A9	Sample 9	2	1	4	47270	36.96	1.07
A9	Sample 9	2	1	5	52280	36.96	1.06
A9	Sample 9	2	1	6	57260	36.96	1.05
A9	Sample 9	2	1	7	62270	37.05	1.07
A9	Sample 9	2	1	8	67270	37	1.07
A9	Sample 9	2	1	9	72270	36.96	1.06
A9	Sample 9	2	1	10	77270	37	1.07
A9	Sample 9	2	1	11	82270	37	1.07
A9	Sample 9	2	1	12	87270	37	1.07
A9	Sample 9	2	1	13	92270	37	1.06
A9	Sample 9	2	1	14	97280	37	1.07
A9	Sample 9	2	1	15	102270	37	1.07
A10	Sample 10	2	1	1	32230	36.96	1.04
A10	Sample 10	2	1	2	37280	36.96	1.03
A10	Sample 10	2	1	3	42270	37	1.03
A10	Sample 10	2	1	4	47270	36.96	1.03
A10	Sample 10	2	1	5	52280	36.96	1.03
A10	Sample 10	2	1	6	57260	36.96	1.02
A10	Sample 10	2	1	7	62270	37.05	1.04
A10	Sample 10	2	1	8	67270	37	1.03
A10	Sample 10	2	1	9	72270	36.96	1.03
A10	Sample 10	2	1	10	77270	37	1.03
A10	Sample 10	2	1	11	82270	37	1.04
A10	Sample 10	2	1	12	87270	37	1.03
A10	Sample 10	2	1	13	92270	37	1.03
A10	Sample 10	2	1	14	97280	37	1.03
A10	Sample 10	2	1	15	102270	37	1.02
A11	Sample 11	2	1	1	32230	36.96	1.03
A11	Sample 11	2	1	2	37280	36.96	1.03
A11	Sample 11	2	1	3	42270	37	1.02
A11	Sample 11	2	1	4	47270	36.96	1.02
A11	Sample 11	2	1	5	52280	36.96	1.02
A11	Sample 11	2	1	6	57260	36.96	1.02
A11	Sample 11	2	1	7	62270	37.05	1.03
A11	Sample 11	2	1	8	67270	37	1.03
A11	Sample 11	2	1	9	72270	36.96	1.02
A11	Sample 11	2	1	10	77270	37	1.02
A11	Sample 11	2	1	11	82270	37	1.03
A11	Sample 11	2	1	12	87270	37	1.03
A11	Sample 11	2	1	13	92270	37	1.02
A11	Sample 11	2	1	14	97280	37	1.02
A11	Sample 11	2	1	15	102270	37	1.02
A12	Sample 12	2	1	1	32230	36.96	0.90
A12	Sample 12	2	1	2	37280	36.96	0.90
A12	Sample 12	2	1	3	42270	37	0.90
A12	Sample 12	2	1	4	47270	36.96	0.90
A12	Sample 12	2	1	5	52280	36.96	0.89
A12	Sample 12	2	1	6	57260	36.96	0.88
A12	Sample 12	2	1	7	62270	37.05	0.91
A12	Sample 12	2	1	8	67270	37	0.89
A12	Sample 12	2	1	9	72270	36.96	0.89
A12	Sample 12	2	1	10	77270	37	0.89
A12	Sample 12	2	1	11	82270	37	0.90
A12	Sample 12	2	1	12	87270	37	0.89
A12	Sample 12	2	1	13	92270	37	0.89
A12	Sample 12	2	1	14	97280	37	0.90
A12	Sample 12	2	1	15	102270	37	0.89
B1	Sample 13	2	1	1	32230	36.96	0.49
B1	Sample 13	2	1	2	37280	36.96	0.49
B1	Sample 13	2	1	3	42270	37	0.49
B1	Sample 13	2	1	4	47270	36.96	0.49
B1	Sample 13	2	1	5	52280	36.96	0.49
B1	Sample 13	2	1	6	57260	36.96	0.49
B1	Sample 13	2	1	7	62270	37.05	0.49
B1	Sample 13	2	1	8	67270	37	0.49
B1	Sample 13	2	1	9	72270	36.96	0.48
B1	Sample 13	2	1	10	77270	37	0.49
B1	Sample 13	2	1	11	82270	37	0.49
B1	Sample 13	2	1	12	87270	37	0.49
B1	Sample 13	2	1	13	92270	37	0.49
B1	Sample 13	2	1	14	97280	37	0.49
B1	Sample 13	2	1	15	102270	37	0.49
B2	Sample 14	2	1	1	32230	36.96	0.49
B2	Sample 14	2	1	2	37280	36.96	0.50
B2	Sample 14	2	1	3	42270	37	0.49
B2	Sample 14	2	1	4	47270	36.96	0.49
B2	Sample 14	2	1	5	52280	36.96	0.49
B2	Sample 14	2	1	6	57260	36.96	0.49
B2	Sample 14	2	1	7	62270	37.05	0.49
B2	Sample 14	2	1	8	67270	37	0.50
B2	Sample 14	2	1	9	72270	36.96	0.49
B2	Sample 14	2	1	10	77270	37	0.50
B2	Sample 14	2	1	11	82270	37	0.50
B2	Sample 14	2	1	12	87270	37	0.50
B2	Sample 14	2	1	13	92270	37	0.49
B2	Sample 14	2	1	14	97280	37	0.49
B2	Sample 14	2	1	15	102270	37	0.49
B3	Sample 15	2	1	1	32230	36.96	0.58
B3	Sample 15	2	1	2	37280	36.96	0.58
B3	Sample 15	2	1	3	42270	37	0.58
B3	Sample 15	2	1	4	47270	36.96	0.58
B3	Sample 15	2	1	5	52280	36.96	0.58
B3	Sample 15	2	1	6	57260	36.96	0.58
B3	Sample 15	2	1	7	62270	37.05	0.57
B3	Sample 15	2	1	8	67270	37	0.58
B3	Sample 15	2	1	9	72270	36.96	0.58
B3	Sample 15	2	1	10	77270	37	0.58
B3	Sample 15	2	1	11	82270	37	0.58
B3	Sample 15	2	1	12	87270	37	0.58
B3	Sample 15	2	1	13	92270	37	0.58
B3	Sample 15	2	1	14	97280	37	0.58
B3	Sample 15	2	1	15	102270	37	0.57
B4	Sample 16	2	1	1	32230	36.96	0.58
B4	Sample 16	2	1	2	37280	36.96	0.59
B4	Sample 16	2	1	3	42270	37	0.58
B4	Sample 16	2	1	4	47270	36.96	0.59
B4	Sample 16	2	1	5	52280	36.96	0.58
B4	Sample 16	2	1	6	57260	36.96	0.58
B4	Sample 16	2	1	7	62270	37.05	0.58
B4	Sample 16	2	1	8	67270	37	0.58
B4	Sample 16	2	1	9	72270	36.96	0.57
B4	Sample 16	2	1	10	77270	37	0.58
B4	Sample 16	2	1	11	82270	37	0.58
B4	Sample 16	2	1	12	87270	37	0.58
B4	Sample 16	2	1	13	92270	37	0.58
B4	Sample 16	2	1	14	97280	37	0.59
B4	Sample 16	2	1	15	102270	37	0.58
B5	Sample 17	2	1	1	32230	36.96	0.55
B5	Sample 17	2	1	2	37280	36.96	0.56
B5	Sample 17	2	1	3	42270	37	0.56
B5	Sample 17	2	1	4	47270	36.96	0.56
B5	Sample 17	2	1	5	52280	36.96	0.55
B5	Sample 17	2	1	6	57260	36.96	0.55
B5	Sample 17	2	1	7	62270	37.05	0.56
B5	Sample 17	2	1	8	67270	37	0.55
B5	Sample 17	2	1	9	72270	36.96	0.55
B5	Sample 17	2	1	10	77270	37	0.56
B5	Sample 17	2	1	11	82270	37	0.56
B5	Sample 17	2	1	12	87270	37	0.56
B5	Sample 17	2	1	13	92270	37	0.55
B5	Sample 17	2	1	14	97280	37	0.56
B5	Sample 17	2	1	15	102270	37	0.56
B6	Sample 18	2	1	1	32230	36.96	0.58
B6	Sample 18	2	1	2	37280	36.96	0.58
B6	Sample 18	2	1	3	42270	37	0.58
B6	Sample 18	2	1	4	47270	36.96	0.57
B6	Sample 18	2	1	5	52280	36.96	0.57
B6	Sample 18	2	1	6	57260	36.96	0.57
B6	Sample 18	2	1	7	62270	37.05	0.58
B6	Sample 18	2	1	8	67270	37	0.57
B6	Sample 18	2	1	9	72270	36.96	0.57
B6	Sample 18	2	1	10	77270	37	0.58
B6	Sample 18	2	1	11	82270	37	0.57
B6	Sample 18	2	1	12	87270	37	0.57
B6	Sample 18	2	1	13	92270	37	0.57
B6	Sample 18	2	1	14	97280	37	0.58
B6	Sample 18	2	1	15	102270	37	0.57
B7	Sample 19	2	1	1	32230	36.96	0.56
B7	Sample 19	2	1	2	37280	36.96	0.57
B7	Sample 19	2	1	3	42270	37	0.56
B7	Sample 19	2	1	4	47270	36.96	0.56
B7	Sample 19	2	1	5	52280	36.96	0.56
B7	Sample 19	2	1	6	57260	36.96	0.56
B7	Sample 19	2	1	7	62270	37.05	0.56
B7	Sample 19	2	1	8	67270	37	0.56
B7	Sample 19	2	1	9	72270	36.96	0.56
B7	Sample 19	2	1	10	77270	37	0.56
B7	Sample 19	2	1	11	82270	37	0.57
B7	Sample 19	2	1	12	87270	37	0.56
B7	Sample 19	2	1	13	92270	37	0.56
B7	Sample 19	2	1	14	97280	37	0.56
B7	Sample 19	2	1	15	102270	37	0.56
B8	Sample 20	2	1	1	32230	36.96	0.54
B8	Sample 20	2	1	2	37280	36.96	0.55
B8	Sample 20	2	1	3	42270	37	0.54
B8	Sample 20	2	1	4	47270	36.96	0.54
B8	Sample 20	2	1	5	52280	36.96	0.53
B8	Sample 20	2	1	6	57260	36.96	0.54
B8	Sample 20	2	1	7	62270	37.05	0.54
B8	Sample 20	2	1	8	67270	37	0.54
B8	Sample 20	2	1	9	72270	36.96	0.54
B8	Sample 20	2	1	10	77270	37	0.54
B8	Sample 20	2	1	11	82270	37	0.54
B8	Sample 20	2	1	12	87270	37	0.54
B8	Sample 20	2	1	13	92270	37	0.54
B8	Sample 20	2	1	14	97280	37	0.54
B8	Sample 20	2	1	15	102270	37	0.54
B9	Sample 21	2	1	1	32230	36.96	1.04
B9	Sample 21	2	1	2	37280	36.96	1.05
B9	Sample 21	2	1	3	42270	37	1.04
B9	Sample 21	2	1	4	47270	36.96	1.05
B9	Sample 21	2	1	5	52280	36.96	1.04
B9	Sample 21	2	1	6	57260	36.96	1.03
B9	Sample 21	2	1	7	62270	37.05	1.04
B9	Sample 21	2	1	8	67270	37	1.04
B9	Sample 21	2	1	9	72270	36.96	1.04
B9	Sample 21	2	1	10	77270	37	1.04
B9	Sample 21	2	1	11	82270	37	1.04
B9	Sample 21	2	1	12	87270	37	1.03
B9	Sample 21	2	1	13	92270	37	1.03
B9	Sample 21	2	1	14	97280	37	1.04
B9	Sample 21	2	1	15	102270	37	1.04
B10	Sample 22	2	1	1	32230	36.96	1.05
B10	Sample 22	2	1	2	37280	36.96	1.05
B10	Sample 22	2	1	3	42270	37	1.04
B10	Sample 22	2	1	4	47270	36.96	1.04
B10	Sample 22	2	1	5	52280	36.96	1.04
B10	Sample 22	2	1	6	57260	36.96	1.04
B10	Sample 22	2	1	7	62270	37.05	1.05
B10	Sample 22	2	1	8	67270	37	1.05
B10	Sample 22	2	1	9	72270	36.96	1.05
B10	Sample 22	2	1	10	77270	37	1.05
B10	Sample 22	2	1	11	82270	37	1.05
B10	Sample 22	2	1	12	87270	37	1.05
B10	Sample 22	2	1	13	92270	37	1.04
B10	Sample 22	2	1	14	97280	37	1.04
B10	Sample 22	2	1	15	102270	37	1.05
B11	Sample 23	2	1	1	32230	36.96	1.03
B11	Sample 23	2	1	2	37280	36.96	1.04
B11	Sample 23	2	1	3	42270	37	1.03
B11	Sample 23	2	1	4	47270	36.96	1.03
B11	Sample 23	2	1	5	52280	36.96	1.03
B11	Sample 23	2	1	6	57260	36.96	1.03
B11	Sample 23	2	1	7	62270	37.05	1.03
B11	Sample 23	2	1	8	67270	37	1.04
B11	Sample 23	2	1	9	72270	36.96	1.03
B11	Sample 23	2	1	10	77270	37	1.04
B11	Sample 23	2	1	11	82270	37	1.04
B11	Sample 23	2	1	12	87270	37	1.04
B11	Sample 23	2	1	13	92270	37	1.03
B11	Sample 23	2	1	14	97280	37	1.03
B11	Sample 23	2	1	15	102270	37	1.04
B12	Sample 24	2	1	1	32230	36.96	0.92
B12	Sample 24	2	1	2	37280	36.96	0.93
B12	Sample 24	2	1	3	42270	37	0.93
B12	Sample 24	2	1	4	47270	36.96	0.92
B12	Sample 24	2	1	5	52280	36.96	0.92
B12	Sample 24	2	1	6	57260	36.96	0.92
B12	Sample 24	2	1	7	62270	37.05	0.92
B12	Sample 24	2	1	8	67270	37	0.93
B12	Sample 24	2	1	9	72270	36.96	0.91
B12	Sample 24	2	1	10	77270	37	0.92
B12	Sample 24	2	1	11	82270	37	0.93
B12	Sample 24	2	1	12	87270	37	0.93
B12	Sample 24	2	1	13	92270	37	0.92
B12	Sample 24	2	1	14	97280	37	0.93
B12	Sample 24	2	1	15	102270	37	0.93
C1	Sample 25	2	1	1	32230	36.96	0.50
C1	Sample 25	2	1	2	37280	36.96	0.51
C1	Sample 25	2	1	3	42270	37	0.51
C1	Sample 25	2	1	4	47270	36.96	0.51
C1	Sample 25	2	1	5	52280	36.96	0.50
C1	Sample 25	2	1	6	57260	36.96	0.50
C1	Sample 25	2	1	7	62270	37.05	0.50
C1	Sample 25	2	1	8	67270	37	0.51
C1	Sample 25	2	1	9	72270	36.96	0.51
C1	Sample 25	2	1	10	77270	37	0.51
C1	Sample 25	2	1	11	82270	37	0.50
C1	Sample 25	2	1	12	87270	37	0.50
C1	Sample 25	2	1	13	92270	37	0.50
C1	Sample 25	2	1	14	97280	37	0.51
C1	Sample 25	2	1	15	102270	37	0.51
C2	Sample 26	2	1	1	32230	36.96	0.50
C2	Sample 26	2	1	2	37280	36.96	0.50
C2	Sample 26	2	1	3	42270	37	0.50
C2	Sample 26	2	1	4	47270	36.96	0.50
C2	Sample 26	2	1	5	52280	36.96	0.50
C2	Sample 26	2	1	6	57260	36.96	0.50
C2	Sample 26	2	1	7	62270	37.05	0.50
C2	Sample 26	2	1	8	67270	37	0.50
C2	Sample 26	2	1	9	72270	36.96	0.50
C2	Sample 26	2	1	10	77270	37	0.50
C2	Sample 26	2	1	11	82270	37	0.50
C2	Sample 26	2	1	12	87270	37	0.50
C2	Sample 26	2	1	13	92270	37	0.50
C2	Sample 26	2	1	14	97280	37	0.50
C2	Sample 26	2	1	15	102270	37	0.50
C3	Sample 27	2	1	1	32230	36.96	0.55
C3	Sample 27	2	1	2	37280	36.96	0.55
C3	Sample 27	2	1	3	42270	37	0.55
C3	Sample 27	2	1	4	47270	36.96	0.55
C3	Sample 27	2	1	5	52280	36.96	0.55
C3	Sample 27	2	1	6	57260	36.96	0.55
C3	Sample 27	2	1	7	62270	37.05	0.55
C3	Sample 27	2	1	8	67270	37	0.55
C3	Sample 27	2	1	9	72270	36.96	0.55
C3	Sample 27	2	1	10	77270	37	0.56
C3	Sample 27	2	1	11	82270	37	0.54
C3	Sample 27	2	1	12	87270	37	0.56
C3	Sample 27	2	1	13	92270	37	0.55
C3	Sample 27	2	1	14	97280	37	0.56
C3	Sample 27	2	1	15	102270	37	0.55
C4	Sample 28	2	1	1	32230	36.96	0.58
C4	Sample 28	2	1	2	37280	36.96	0.58
C4	Sample 28	2	1	3	42270	37	0.57
C4	Sample 28	2	1	4	47270	36.96	0.57
C4	Sample 28	2	1	5	52280	36.96	0.57
C4	Sample 28	2	1	6	57260	36.96	0.57
C4	Sample 28	2	1	7	62270	37.05	0.57
C4	Sample 28	2	1	8	67270	37	0.57
C4	Sample 28	2	1	9	72270	36.96	0.57
C4	Sample 28	2	1	10	77270	37	0.57
C4	Sample 28	2	1	11	82270	37	0.56
C4	Sample 28	2	1	12	87270	37	0.57
C4	Sample 28	2	1	13	92270	37	0.57
C4	Sample 28	2	1	14	97280	37	0.58
C4	Sample 28	2	1	15	102270	37	0.56
C5	Sample 29	2	1	1	32230	36.96	0.54
C5	Sample 29	2	1	2	37280	36.96	0.54
C5	Sample 29	2	1	3	42270	37	0.54
C5	Sample 29	2	1	4	47270	36.96	0.54
C5	Sample 29	2	1	5	52280	36.96	0.53
C5	Sample 29	2	1	6	57260	36.96	0.53
C5	Sample 29	2	1	7	62270	37.05	0.53
C5	Sample 29	2	1	8	67270	37	0.53
C5	Sample 29	2	1	9	72270	36.96	0.53
C5	Sample 29	2	1	10	77270	37	0.54
C5	Sample 29	2	1	11	82270	37	0.54
C5	Sample 29	2	1	12	87270	37	0.54
C5	Sample 29	2	1	13	92270	37	0.53
C5	Sample 29	2	1	14	97280	37	0.54
C5	Sample 29	2	1	15	102270	37	0.54
C6	Sample 30	2	1	1	32230	36.96	0.59
C6	Sample 30	2	1	2	37280	36.96	0.59
C6	Sample 30	2	1	3	42270	37	0.59
C6	Sample 30	2	1	4	47270	36.96	0.59
C6	Sample 30	2	1	5	52280	36.96	0.58
C6	Sample 30	2	1	6	57260	36.96	0.58
C6	Sample 30	2	1	7	62270	37.05	0.59
C6	Sample 30	2	1	8	67270	37	0.59
C6	Sample 30	2	1	9	72270	36.96	0.59
C6	Sample 30	2	1	10	77270	37	0.59
C6	Sample 30	2	1	11	82270	37	0.58
C6	Sample 30	2	1	12	87270	37	0.59
C6	Sample 30	2	1	13	92270	37	0.58
C6	Sample 30	2	1	14	97280	37	0.58
C6	Sample 30	2	1	15	102270	37	0.58
C7	Sample 31	2	1	1	32230	36.96	0.59
C7	Sample 31	2	1	2	37280	36.96	0.58
C7	Sample 31	2	1	3	42270	37	0.58
C7	Sample 31	2	1	4	47270	36.96	0.58
C7	Sample 31	2	1	5	52280	36.96	0.58
C7	Sample 31	2	1	6	57260	36.96	0.58
C7	Sample 31	2	1	7	62270	37.05	0.58
C7	Sample 31	2	1	8	67270	37	0.58
C7	Sample 31	2	1	9	72270	36.96	0.58
C7	Sample 31	2	1	10	77270	37	0.58
C7	Sample 31	2	1	11	82270	37	0.57
C7	Sample 31	2	1	12	87270	37	0.58
C7	Sample 31	2	1	13	92270	37	0.57
C7	Sample 31	2	1	14	97280	37	0.58
C7	Sample 31	2	1	15	102270	37	0.58
C8	Sample 32	2	1	1	32230	36.96	0.55
C8	Sample 32	2	1	2	37280	36.96	0.56
C8	Sample 32	2	1	3	42270	37	0.55
C8	Sample 32	2	1	4	47270	36.96	0.55
C8	Sample 32	2	1	5	52280	36.96	0.55
C8	Sample 32	2	1	6	57260	36.96	0.55
C8	Sample 32	2	1	7	62270	37.05	0.56
C8	Sample 32	2	1	8	67270	37	0.55
C8	Sample 32	2	1	9	72270	36.96	0.55
C8	Sample 32	2	1	10	77270	37	0.55
C8	Sample 32	2	1	11	82270	37	0.55
C8	Sample 32	2	1	12	87270	37	0.55
C8	Sample 32	2	1	13	92270	37	0.55
C8	Sample 32	2	1	14	97280	37	0.56
C8	Sample 32	2	1	15	102270	37	0.55
C9	Sample 33	2	1	1	32230	36.96	1.04
C9	Sample 33	2	1	2	37280	36.96	1.04
C9	Sample 33	2	1	3	42270	37	1.04
C9	Sample 33	2	1	4	47270	36.96	1.04
C9	Sample 33	2	1	5	52280	36.96	1.04
C9	Sample 33	2	1	6	57260	36.96	1.04
C9	Sample 33	2	1	7	62270	37.05	1.05
C9	Sample 33	2	1	8	67270	37	1.04
C9	Sample 33	2	1	9	72270	36.96	1.04
C9	Sample 33	2	1	10	77270	37	1.04
C9	Sample 33	2	1	11	82270	37	1.03
C9	Sample 33	2	1	12	87270	37	1.04
C9	Sample 33	2	1	13	92270	37	1.04
C9	Sample 33	2	1	14	97280	37	1.04
C9	Sample 33	2	1	15	102270	37	1.04
C10	Sample 34	2	1	1	32230	36.96	0.99
C10	Sample 34	2	1	2	37280	36.96	0.99
C10	Sample 34	2	1	3	42270	37	0.99
C10	Sample 34	2	1	4	47270	36.96	0.99
C10	Sample 34	2	1	5	52280	36.96	0.98
C10	Sample 34	2	1	6	57260	36.96	0.98
C10	Sample 34	2	1	7	62270	37.05	0.99
C10	Sample 34	2	1	8	67270	37	0.99
C10	Sample 34	2	1	9	72270	36.96	0.99
C10	Sample 34	2	1	10	77270	37	0.99
C10	Sample 34	2	1	11	82270	37	0.99
C10	Sample 34	2	1	12	87270	37	0.99
C10	Sample 34	2	1	13	92270	37	0.98
C10	Sample 34	2	1	14	97280	37	0.99
C10	Sample 34	2	1	15	102270	37	0.99
C11	Sample 35	2	1	1	32230	36.96	1.03
C11	Sample 35	2	1	2	37280	36.96	1.04
C11	Sample 35	2	1	3	42270	37	1.03
C11	Sample 35	2	1	4	47270	36.96	1.03
C11	Sample 35	2	1	5	52280	36.96	1.02
C11	Sample 35	2	1	6	57260	36.96	1.02
C11	Sample 35	2	1	7	62270	37.05	1.02
C11	Sample 35	2	1	8	67270	37	1.02
C11	Sample 35	2	1	9	72270	36.96	1.03
C11	Sample 35	2	1	10	77270	37	1.03
C11	Sample 35	2	1	11	82270	37	1.03
C11	Sample 35	2	1	12	87270	37	1.03
C11	Sample 35	2	1	13	92270	37	1.02
C11	Sample 35	2	1	14	97280	37	1.03
C11	Sample 35	2	1	15	102270	37	1.02
C12	Sample 36	2	1	1	32230	36.96	0.97
C12	Sample 36	2	1	2	37280	36.96	0.98
C12	Sample 36	2	1	3	42270	37	0.97
C12	Sample 36	2	1	4	47270	36.96	0.98
C12	Sample 36	2	1	5	52280	36.96	0.97
C12	Sample 36	2	1	6	57260	36.96	0.97
C12	Sample 36	2	1	7	62270	37.05	0.98
C12	Sample 36	2	1	8	67270	37	0.98
C12	Sample 36	2	1	9	72270	36.96	0.97
C12	Sample 36	2	1	10	77270	37	0.98
C12	Sample 36	2	1	11	82270	37	0.97
C12	Sample 36	2	1	12	87270	37	0.98
C12	Sample 36	2	1	13	92270	37	0.97
C12	Sample 36	2	1	14	97280	37	0.97
C12	Sample 36	2	1	15	102270	37	0.98
D1	Sample 37	2	1	1	32230	36.96	0.49
D1	Sample 37	2	1	2	37280	36.96	0.49
D1	Sample 37	2	1	3	42270	37	0.49
D1	Sample 37	2	1	4	47270	36.96	0.49
D1	Sample 37	2	1	5	52280	36.96	0.49
D1	Sample 37	2	1	6	57260	36.96	0.48
D1	Sample 37	2	1	7	62270	37.05	0.49
D1	Sample 37	2	1	8	67270	37	0.49
D1	Sample 37	2	1	9	72270	36.96	0.49
D1	Sample 37	2	1	10	77270	37	0.48
D1	Sample 37	2	1	11	82270	37	0.48
D1	Sample 37	2	1	12	87270	37	0.49
D1	Sample 37	2	1	13	92270	37	0.49
D1	Sample 37	2	1	14	97280	37	0.49
D1	Sample 37	2	1	15	102270	37	0.49
D2	Sample 38	2	1	1	32230	36.96	0.51
D2	Sample 38	2	1	2	37280	36.96	0.50
D2	Sample 38	2	1	3	42270	37	0.51
D2	Sample 38	2	1	4	47270	36.96	0.51
D2	Sample 38	2	1	5	52280	36.96	0.50
D2	Sample 38	2	1	6	57260	36.96	0.50
D2	Sample 38	2	1	7	62270	37.05	0.51
D2	Sample 38	2	1	8	67270	37	0.51
D2	Sample 38	2	1	9	72270	36.96	0.50
D2	Sample 38	2	1	10	77270	37	0.51
D2	Sample 38	2	1	11	82270	37	0.51
D2	Sample 38	2	1	12	87270	37	0.51
D2	Sample 38	2	1	13	92270	37	0.50
D2	Sample 38	2	1	14	97280	37	0.50
D2	Sample 38	2	1	15	102270	37	0.50
D3	Sample 39	2	1	1	32230	36.96	0.56
D3	Sample 39	2	1	2	37280	36.96	0.56
D3	Sample 39	2	1	3	42270	37	0.56
D3	Sample 39	2	1	4	47270	36.96	0.57
D3	Sample 39	2	1	5	52280	36.96	0.56
D3	Sample 39	2	1	6	57260	36.96	0.56
D3	Sample 39	2	1	7	62270	37.05	0.56
D3	Sample 39	2	1	8	67270	37	0.56
D3	Sample 39	2	1	9	72270	36.96	0.55
D3	Sample 39	2	1	10	77270	37	0.56
D3	Sample 39	2	1	11	82270	37	0.56
D3	Sample 39	2	1	12	87270	37	0.56
D3	Sample 39	2	1	13	92270	37	0.55
D3	Sample 39	2	1	14	97280	37	0.56
D3	Sample 39	2	1	15	102270	37	0.55
D4	Sample 40	2	1	1	32230	36.96	0.55
D4	Sample 40	2	1	2	37280	36.96	0.55
D4	Sample 40	2	1	3	42270	37	0.55
D4	Sample 40	2	1	4	47270	36.96	0.55
D4	Sample 40	2	1	5	52280	36.96	0.55
D4	Sample 40	2	1	6	57260	36.96	0.54
D4	Sample 40	2	1	7	62270	37.05	0.55
D4	Sample 40	2	1	8	67270	37	0.55
D4	Sample 40	2	1	9	72270	36.96	0.55
D4	Sample 40	2	1	10	77270	37	0.54
D4	Sample 40	2	1	11	82270	37	0.55
D4	Sample 40	2	1	12	87270	37	0.55
D4	Sample 40	2	1	13	92270	37	0.54
D4	Sample 40	2	1	14	97280	37	0.55
D4	Sample 40	2	1	15	102270	37	0.55
D5	Sample 41	2	1	1	32230	36.96	0.55
D5	Sample 41	2	1	2	37280	36.96	0.55
D5	Sample 41	2	1	3	42270	37	0.54
D5	Sample 41	2	1	4	47270	36.96	0.55
D5	Sample 41	2	1	5	52280	36.96	0.54
D5	Sample 41	2	1	6	57260	36.96	0.54
D5	Sample 41	2	1	7	62270	37.05	0.54
D5	Sample 41	2	1	8	67270	37	0.54
D5	Sample 41	2	1	9	72270	36.96	0.54
D5	Sample 41	2	1	10	77270	37	0.55
D5	Sample 41	2	1	11	82270	37	0.54
D5	Sample 41	2	1	12	87270	37	0.54
D5	Sample 41	2	1	13	92270	37	0.54
D5	Sample 41	2	1	14	97280	37	0.55
D5	Sample 41	2	1	15	102270	37	0.54
D6	Sample 42	2	1	1	32230	36.96	0.54
D6	Sample 42	2	1	2	37280	36.96	0.54
D6	Sample 42	2	1	3	42270	37	0.53
D6	Sample 42	2	1	4	47270	36.96	0.54
D6	Sample 42	2	1	5	52280	36.96	0.53
D6	Sample 42	2	1	6	57260	36.96	0.53
D6	Sample 42	2	1	7	62270	37.05	0.53
D6	Sample 42	2	1	8	67270	37	0.53
D6	Sample 42	2	1	9	72270	36.96	0.52
D6	Sample 42	2	1	10	77270	37	0.53
D6	Sample 42	2	1	11	82270	37	0.53
D6	Sample 42	2	1	12	87270	37	0.54
D6	Sample 42	2	1	13	92270	37	0.53
D6	Sample 42	2	1	14	97280	37	0.53
D6	Sample 42	2	1	15	102270	37	0.53
D7	Sample 43	2	1	1	32230	36.96	0.58
D7	Sample 43	2	1	2	37280	36.96	0.57
D7	Sample 43	2	1	3	42270	37	0.57
D7	Sample 43	2	1	4	47270	36.96	0.57
D7	Sample 43	2	1	5	52280	36.96	0.57
D7	Sample 43	2	1	6	57260	36.96	0.57
D7	Sample 43	2	1	7	62270	37.05	0.57
D7	Sample 43	2	1	8	67270	37	0.57
D7	Sample 43	2	1	9	72270	36.96	0.56
D7	Sample 43	2	1	10	77270	37	0.57
D7	Sample 43	2	1	11	82270	37	0.57
D7	Sample 43	2	1	12	87270	37	0.57
D7	Sample 43	2	1	13	92270	37	0.57
D7	Sample 43	2	1	14	97280	37	0.57
D7	Sample 43	2	1	15	102270	37	0.57
D8	Sample 44	2	1	1	32230	36.96	0.54
D8	Sample 44	2	1	2	37280	36.96	0.54
D8	Sample 44	2	1	3	42270	37	0.54
D8	Sample 44	2	1	4	47270	36.96	0.55
D8	Sample 44	2	1	5	52280	36.96	0.54
D8	Sample 44	2	1	6	57260	36.96	0.53
D8	Sample 44	2	1	7	62270	37.05	0.54
D8	Sample 44	2	1	8	67270	37	0.54
D8	Sample 44	2	1	9	72270	36.96	0.54
D8	Sample 44	2	1	10	77270	37	0.54
D8	Sample 44	2	1	11	82270	37	0.54
D8	Sample 44	2	1	12	87270	37	0.54
D8	Sample 44	2	1	13	92270	37	0.54
D8	Sample 44	2	1	14	97280	37	0.54
D8	Sample 44	2	1	15	102270	37	0.54
D9	Sample 45	2	1	1	32230	36.96	1.08
D9	Sample 45	2	1	2	37280	36.96	1.07
D9	Sample 45	2	1	3	42270	37	1.07
D9	Sample 45	2	1	4	47270	36.96	1.08
D9	Sample 45	2	1	5	52280	36.96	1.07
D9	Sample 45	2	1	6	57260	36.96	1.06
D9	Sample 45	2	1	7	62270	37.05	1.07
D9	Sample 45	2	1	8	67270	37	1.07
D9	Sample 45	2	1	9	72270	36.96	1.07
D9	Sample 45	2	1	10	77270	37	1.07
D9	Sample 45	2	1	11	82270	37	1.07
D9	Sample 45	2	1	12	87270	37	1.08
D9	Sample 45	2	1	13	92270	37	1.07
D9	Sample 45	2	1	14	97280	37	1.07
D9	Sample 45	2	1	15	102270	37	1.06
D10	Sample 46	2	1	1	32230	36.96	1.04
D10	Sample 46	2	1	2	37280	36.96	1.03
D10	Sample 46	2	1	3	42270	37	1.03
D10	Sample 46	2	1	4	47270	36.96	1.03
D10	Sample 46	2	1	5	52280	36.96	1.03
D10	Sample 46	2	1	6	57260	36.96	1.03
D10	Sample 46	2	1	7	62270	37.05	1.03
D10	Sample 46	2	1	8	67270	37	1.03
D10	Sample 46	2	1	9	72270	36.96	1.03
D10	Sample 46	2	1	10	77270	37	1.03
D10	Sample 46	2	1	11	82270	37	1.03
D10	Sample 46	2	1	12	87270	37	1.03
D10	Sample 46	2	1	13	92270	37	1.02
D10	Sample 46	2	1	14	97280	37	1.02
D10	Sample 46	2	1	15	102270	37	1.02
D11	Sample 47	2	1	1	32230	36.96	1.09
D11	Sample 47	2	1	2	37280	36.96	1.09
D11	Sample 47	2	1	3	42270	37	1.08
D11	Sample 47	2	1	4	47270	36.96	1.09
D11	Sample 47	2	1	5	52280	36.96	1.08
D11	Sample 47	2	1	6	57260	36.96	1.08
D11	Sample 47	2	1	7	62270	37.05	1.09
D11	Sample 47	2	1	8	67270	37	1.08
D11	Sample 47	2	1	9	72270	36.96	1.08
D11	Sample 47	2	1	10	77270	37	1.08
D11	Sample 47	2	1	11	82270	37	1.08
D11	Sample 47	2	1	12	87270	37	1.08
D11	Sample 47	2	1	13	92270	37	1.08
D11	Sample 47	2	1	14	97280	37	1.09
D11	Sample 47	2	1	15	102270	37	1.08
D12	Sample 48	2	1	1	32230	36.96	0.99
D12	Sample 48	2	1	2	37280	36.96	0.99
D12	Sample 48	2	1	3	42270	37	0.98
D12	Sample 48	2	1	4	47270	36.96	0.98
D12	Sample 48	2	1	5	52280	36.96	0.98
D12	Sample 48	2	1	6	57260	36.96	0.97
D12	Sample 48	2	1	7	62270	37.05	0.98
D12	Sample 48	2	1	8	67270	37	0.98
D12	Sample 48	2	1	9	72270	36.96	0.98
D12	Sample 48	2	1	10	77270	37	0.98
D12	Sample 48	2	1	11	82270	37	0.98
D12	Sample 48	2	1	12	87270	37	0.99
D12	Sample 48	2	1	13	92270	37	0.98
D12	Sample 48	2	1	14	97280	37	0.99
D12	Sample 48	2	1	15	102270	37	0.98
E1	Sample 49	2	1	1	32230	36.96	0.52
E1	Sample 49	2	1	2	37280	36.96	0.52
E1	Sample 49	2	1	3	42270	37	0.52
E1	Sample 49	2	1	4	47270	36.96	0.52
E1	Sample 49	2	1	5	52280	36.96	0.51
E1	Sample 49	2	1	6	57260	36.96	0.51
E1	Sample 49	2	1	7	62270	37.05	0.51
E1	Sample 49	2	1	8	67270	37	0.52
E1	Sample 49	2	1	9	72270	36.96	0.51
E1	Sample 49	2	1	10	77270	37	0.52
E1	Sample 49	2	1	11	82270	37	0.52
E1	Sample 49	2	1	12	87270	37	0.52
E1	Sample 49	2	1	13	92270	37	0.52
E1	Sample 49	2	1	14	97280	37	0.52
E1	Sample 49	2	1	15	102270	37	0.52
E2	Sample 50	2	1	1	32230	36.96	0.52
E2	Sample 50	2	1	2	37280	36.96	0.53
E2	Sample 50	2	1	3	42270	37	0.52
E2	Sample 50	2	1	4	47270	36.96	0.52
E2	Sample 50	2	1	5	52280	36.96	0.52
E2	Sample 50	2	1	6	57260	36.96	0.53
E2	Sample 50	2	1	7	62270	37.05	0.53
E2	Sample 50	2	1	8	67270	37	0.52
E2	Sample 50	2	1	9	72270	36.96	0.53
E2	Sample 50	2	1	10	77270	37	0.52
E2	Sample 50	2	1	11	82270	37	0.53
E2	Sample 50	2	1	12	87270	37	0.53
E2	Sample 50	2	1	13	92270	37	0.52
E2	Sample 50	2	1	14	97280	37	0.52
E2	Sample 50	2	1	15	102270	37	0.52
E3	Sample 51	2	1	1	32230	36.96	0.58
E3	Sample 51	2	1	2	37280	36.96	0.58
E3	Sample 51	2	1	3	42270	37	0.58
E3	Sample 51	2	1	4	47270	36.96	0.58
E3	Sample 51	2	1	5	52280	36.96	0.58
E3	Sample 51	2	1	6	57260	36.96	0.58
E3	Sample 51	2	1	7	62270	37.05	0.58
E3	Sample 51	2	1	8	67270	37	0.58
E3	Sample 51	2	1	9	72270	36.96	0.58
E3	Sample 51	2	1	10	77270	37	0.58
E3	Sample 51	2	1	11	82270	37	0.58
E3	Sample 51	2	1	12	87270	37	0.58
E3	Sample 51	2	1	13	92270	37	0.58
E3	Sample 51	2	1	14	97280	37	0.58
E3	Sample 51	2	1	15	102270	37	0.57
E4	Sample 52	2	1	1	32230	36.96	0.58
E4	Sample 52	2	1	2	37280	36.96	0.58
E4	Sample 52	2	1	3	42270	37	0.58
E4	Sample 52	2	1	4	47270	36.96	0.58
E4	Sample 52	2	1	5	52280	36.96	0.58
E4	Sample 52	2	1	6	57260	36.96	0.57
E4	Sample 52	2	1	7	62270	37.05	0.57
E4	Sample 52	2	1	8	67270	37	0.58
E4	Sample 52	2	1	9	72270	36.96	0.57
E4	Sample 52	2	1	10	77270	37	0.57
E4	Sample 52	2	1	11	82270	37	0.57
E4	Sample 52	2	1	12	87270	37	0.58
E4	Sample 52	2	1	13	92270	37	0.57
E4	Sample 52	2	1	14	97280	37	0.57
E4	Sample 52	2	1	15	102270	37	0.57
E5	Sample 53	2	1	1	32230	36.96	0.57
E5	Sample 53	2	1	2	37280	36.96	0.56
E5	Sample 53	2	1	3	42270	37	0.57
E5	Sample 53	2	1	4	47270	36.96	0.57
E5	Sample 53	2	1	5	52280	36.96	0.56
E5	Sample 53	2	1	6	57260	36.96	0.56
E5	Sample 53	2	1	7	62270	37.05	0.56
E5	Sample 53	2	1	8	67270	37	0.56
E5	Sample 53	2	1	9	72270	36.96	0.56
E5	Sample 53	2	1	10	77270	37	0.57
E5	Sample 53	2	1	11	82270	37	0.57
E5	Sample 53	2	1	12	87270	37	0.57
E5	Sample 53	2	1	13	92270	37	0.56
E5	Sample 53	2	1	14	97280	37	0.56
E5	Sample 53	2	1	15	102270	37	0.56
E6	Sample 54	2	1	1	32230	36.96	0.56
E6	Sample 54	2	1	2	37280	36.96	0.56
E6	Sample 54	2	1	3	42270	37	0.57
E6	Sample 54	2	1	4	47270	36.96	0.57
E6	Sample 54	2	1	5	52280	36.96	0.57
E6	Sample 54	2	1	6	57260	36.96	0.57
E6	Sample 54	2	1	7	62270	37.05	0.57
E6	Sample 54	2	1	8	67270	37	0.56
E6	Sample 54	2	1	9	72270	36.96	0.56
E6	Sample 54	2	1	10	77270	37	0.57
E6	Sample 54	2	1	11	82270	37	0.57
E6	Sample 54	2	1	12	87270	37	0.56
E6	Sample 54	2	1	13	92270	37	0.56
E6	Sample 54	2	1	14	97280	37	0.56
E6	Sample 54	2	1	15	102270	37	0.55
E7	Sample 55	2	1	1	32230	36.96	0.56
E7	Sample 55	2	1	2	37280	36.96	0.56
E7	Sample 55	2	1	3	42270	37	0.56
E7	Sample 55	2	1	4	47270	36.96	0.56
E7	Sample 55	2	1	5	52280	36.96	0.56
E7	Sample 55	2	1	6	57260	36.96	0.56
E7	Sample 55	2	1	7	62270	37.05	0.56
E7	Sample 55	2	1	8	67270	37	0.55
E7	Sample 55	2	1	9	72270	36.96	0.55
E7	Sample 55	2	1	10	77270	37	0.56
E7	Sample 55	2	1	11	82270	37	0.55
E7	Sample 55	2	1	12	87270	37	0.56
E7	Sample 55	2	1	13	92270	37	0.55
E7	Sample 55	2	1	14	97280	37	0.56
E7	Sample 55	2	1	15	102270	37	0.56
E8	Sample 56	2	1	1	32230	36.96	0.52
E8	Sample 56	2	1	2	37280	36.96	0.53
E8	Sample 56	2	1	3	42270	37	0.53
E8	Sample 56	2	1	4	47270	36.96	0.53
E8	Sample 56	2	1	5	52280	36.96	0.53
E8	Sample 56	2	1	6	57260	36.96	0.52
E8	Sample 56	2	1	7	62270	37.05	0.52
E8	Sample 56	2	1	8	67270	37	0.52
E8	Sample 56	2	1	9	72270	36.96	0.53
E8	Sample 56	2	1	10	77270	37	0.53
E8	Sample 56	2	1	11	82270	37	0.53
E8	Sample 56	2	1	12	87270	37	0.52
E8	Sample 56	2	1	13	92270	37	0.52
E8	Sample 56	2	1	14	97280	37	0.52
E8	Sample 56	2	1	15	102270	37	0.52
E9	Sample 57	2	1	1	32230	36.96	1.01
E9	Sample 57	2	1	2	37280	36.96	1.01
E9	Sample 57	2	1	3	42270	37	1.01
E9	Sample 57	2	1	4	47270	36.96	1.01
E9	Sample 57	2	1	5	52280	36.96	1.01
E9	Sample 57	2	1	6	57260	36.96	1.01
E9	Sample 57	2	1	7	62270	37.05	1.01
E9	Sample 57	2	1	8	67270	37	1.01
E9	Sample 57	2	1	9	72270	36.96	1.01
E9	Sample 57	2	1	10	77270	37	1.01
E9	Sample 57	2	1	11	82270	37	1.01
E9	Sample 57	2	1	12	87270	37	1.01
E9	Sample 57	2	1	13	92270	37	1.00
E9	Sample 57	2	1	14	97280	37	1.00
E9	Sample 57	2	1	15	102270	37	1.00
E10	Sample 58	2	1	1	32230	36.96	1.02
E10	Sample 58	2	1	2	37280	36.96	1.03
E10	Sample 58	2	1	3	42270	37	1.02
E10	Sample 58	2	1	4	47270	36.96	1.02
E10	Sample 58	2	1	5	52280	36.96	1.02
E10	Sample 58	2	1	6	57260	36.96	1.02
E10	Sample 58	2	1	7	62270	37.05	1.02
E10	Sample 58	2	1	8	67270	37	1.02
E10	Sample 58	2	1	9	72270	36.96	1.01
E10	Sample 58	2	1	10	77270	37	1.02
E10	Sample 58	2	1	11	82270	37	1.01
E10	Sample 58	2	1	12	87270	37	1.02
E10	Sample 58	2	1	13	92270	37	1.01
E10	Sample 58	2	1	14	97280	37	1.02
E10	Sample 58	2	1	15	102270	37	1.01
E11	Sample 59	2	1	1	32230	36.96	1.15
E11	Sample 59	2	1	2	37280	36.96	1.15
E11	Sample 59	2	1	3	42270	37	1.15
E11	Sample 59	2	1	4	47270	36.96	1.14
E11	Sample 59	2	1	5	52280	36.96	1.14
E11	Sample 59	2	1	6	57260	36.96	1.14
E11	Sample 59	2	1	7	62270	37.05	1.14
E11	Sample 59	2	1	8	67270	37	1.14
E11	Sample 59	2	1	9	72270	36.96	1.13
E11	Sample 59	2	1	10	77270	37	1.14
E11	Sample 59	2	1	11	82270	37	1.13
E11	Sample 59	2	1	12	87270	37	1.14
E11	Sample 59	2	1	13	92270	37	1.13
E11	Sample 59	2	1	14	97280	37	1.13
E11	Sample 59	2	1	15	102270	37	1.13
E12	Sample 60	2	1	1	32230	36.96	1.07
E12	Sample 60	2	1	2	37280	36.96	1.07
E12	Sample 60	2	1	3	42270	37	1.07
E12	Sample 60	2	1	4	47270	36.96	1.07
E12	Sample 60	2	1	5	52280	36.96	1.07
E12	Sample 60	2	1	6	57260	36.96	1.07
E12	Sample 60	2	1	7	62270	37.05	1.07
E12	Sample 60	2	1	8	67270	37	1.07
E12	Sample 60	2	1	9	72270	36.96	1.07
E12	Sample 60	2	1	10	77270	37	1.07
E12	Sample 60	2	1	11	82270	37	1.08
E12	Sample 60	2	1	12	87270	37	1.07
E12	Sample 60	2	1	13	92270	37	1.07
E12	Sample 60	2	1	14	97280	37	1.07
E12	Sample 60	2	1	15	102270	37	1.07
F1	Sample 61	2	1	1	32230	36.96	0.55
F1	Sample 61	2	1	2	37280	36.96	0.55
F1	Sample 61	2	1	3	42270	37	0.55
F1	Sample 61	2	1	4	47270	36.96	0.55
F1	Sample 61	2	1	5	52280	36.96	0.55
F1	Sample 61	2	1	6	57260	36.96	0.55
F1	Sample 61	2	1	7	62270	37.05	0.56
F1	Sample 61	2	1	8	67270	37	0.56
F1	Sample 61	2	1	9	72270	36.96	0.55
F1	Sample 61	2	1	10	77270	37	0.55
F1	Sample 61	2	1	11	82270	37	0.55
F1	Sample 61	2	1	12	87270	37	0.56
F1	Sample 61	2	1	13	92270	37	0.55
F1	Sample 61	2	1	14	97280	37	0.56
F1	Sample 61	2	1	15	102270	37	0.55
F2	Sample 62	2	1	1	32230	36.96	0.54
F2	Sample 62	2	1	2	37280	36.96	0.54
F2	Sample 62	2	1	3	42270	37	0.54
F2	Sample 62	2	1	4	47270	36.96	0.55
F2	Sample 62	2	1	5	52280	36.96	0.54
F2	Sample 62	2	1	6	57260	36.96	0.54
F2	Sample 62	2	1	7	62270	37.05	0.55
F2	Sample 62	2	1	8	67270	37	0.55
F2	Sample 62	2	1	9	72270	36.96	0.54
F2	Sample 62	2	1	10	77270	37	0.54
F2	Sample 62	2	1	11	82270	37	0.54
F2	Sample 62	2	1	12	87270	37	0.55
F2	Sample 62	2	1	13	92270	37	0.53
F2	Sample 62	2	1	14	97280	37	0.55
F2	Sample 62	2	1	15	102270	37	0.55
F3	Sample 63	2	1	1	32230	36.96	0.76
F3	Sample 63	2	1	2	37280	36.96	0.77
F3	Sample 63	2	1	3	42270	37	0.76
F3	Sample 63	2	1	4	47270	36.96	0.76
F3	Sample 63	2	1	5	52280	36.96	0.76
F3	Sample 63	2	1	6	57260	36.96	0.76
F3	Sample 63	2	1	7	62270	37.05	0.77
F3	Sample 63	2	1	8	67270	37	0.77
F3	Sample 63	2	1	9	72270	36.96	0.76
F3	Sample 63	2	1	10	77270	37	0.76
F3	Sample 63	2	1	11	82270	37	0.76
F3	Sample 63	2	1	12	87270	37	0.76
F3	Sample 63	2	1	13	92270	37	0.76
F3	Sample 63	2	1	14	97280	37	0.77
F3	Sample 63	2	1	15	102270	37	0.77
F4	Sample 64	2	1	1	32230	36.96	0.74
F4	Sample 64	2	1	2	37280	36.96	0.74
F4	Sample 64	2	1	3	42270	37	0.74
F4	Sample 64	2	1	4	47270	36.96	0.74
F4	Sample 64	2	1	5	52280	36.96	0.73
F4	Sample 64	2	1	6	57260	36.96	0.74
F4	Sample 64	2	1	7	62270	37.05	0.74
F4	Sample 64	2	1	8	67270	37	0.74
F4	Sample 64	2	1	9	72270	36.96	0.74
F4	Sample 64	2	1	10	77270	37	0.74
F4	Sample 64	2	1	11	82270	37	0.74
F4	Sample 64	2	1	12	87270	37	0.74
F4	Sample 64	2	1	13	92270	37	0.73
F4	Sample 64	2	1	14	97280	37	0.75
F4	Sample 64	2	1	15	102270	37	0.74
F5	Sample 65	2	1	1	32230	36.96	0.55
F5	Sample 65	2	1	2	37280	36.96	0.55
F5	Sample 65	2	1	3	42270	37	0.54
F5	Sample 65	2	1	4	47270	36.96	0.54
F5	Sample 65	2	1	5	52280	36.96	0.54
F5	Sample 65	2	1	6	57260	36.96	0.54
F5	Sample 65	2	1	7	62270	37.05	0.54
F5	Sample 65	2	1	8	67270	37	0.54
F5	Sample 65	2	1	9	72270	36.96	0.55
F5	Sample 65	2	1	10	77270	37	0.54
F5	Sample 65	2	1	11	82270	37	0.54
F5	Sample 65	2	1	12	87270	37	0.55
F5	Sample 65	2	1	13	92270	37	0.54
F5	Sample 65	2	1	14	97280	37	0.54
F5	Sample 65	2	1	15	102270	37	0.54
F6	Sample 66	2	1	1	32230	36.96	0.53
F6	Sample 66	2	1	2	37280	36.96	0.52
F6	Sample 66	2	1	3	42270	37	0.52
F6	Sample 66	2	1	4	47270	36.96	0.52
F6	Sample 66	2	1	5	52280	36.96	0.51
F6	Sample 66	2	1	6	57260	36.96	0.52
F6	Sample 66	2	1	7	62270	37.05	0.52
F6	Sample 66	2	1	8	67270	37	0.53
F6	Sample 66	2	1	9	72270	36.96	0.52
F6	Sample 66	2	1	10	77270	37	0.52
F6	Sample 66	2	1	11	82270	37	0.52
F6	Sample 66	2	1	12	87270	37	0.52
F6	Sample 66	2	1	13	92270	37	0.52
F6	Sample 66	2	1	14	97280	37	0.52
F6	Sample 66	2	1	15	102270	37	0.52
F7	Sample 67	2	1	1	32230	36.96	0.55
F7	Sample 67	2	1	2	37280	36.96	0.55
F7	Sample 67	2	1	3	42270	37	0.55
F7	Sample 67	2	1	4	47270	36.96	0.55
F7	Sample 67	2	1	5	52280	36.96	0.54
F7	Sample 67	2	1	6	57260	36.96	0.55
F7	Sample 67	2	1	7	62270	37.05	0.55
F7	Sample 67	2	1	8	67270	37	0.55
F7	Sample 67	2	1	9	72270	36.96	0.55
F7	Sample 67	2	1	10	77270	37	0.54
F7	Sample 67	2	1	11	82270	37	0.55
F7	Sample 67	2	1	12	87270	37	0.54
F7	Sample 67	2	1	13	92270	37	0.54
F7	Sample 67	2	1	14	97280	37	0.54
F7	Sample 67	2	1	15	102270	37	0.55
F8	Sample 68	2	1	1	32230	36.96	0.53
F8	Sample 68	2	1	2	37280	36.96	0.53
F8	Sample 68	2	1	3	42270	37	0.53
F8	Sample 68	2	1	4	47270	36.96	0.52
F8	Sample 68	2	1	5	52280	36.96	0.53
F8	Sample 68	2	1	6	57260	36.96	0.52
F8	Sample 68	2	1	7	62270	37.05	0.53
F8	Sample 68	2	1	8	67270	37	0.53
F8	Sample 68	2	1	9	72270	36.96	0.52
F8	Sample 68	2	1	10	77270	37	0.52
F8	Sample 68	2	1	11	82270	37	0.52
F8	Sample 68	2	1	12	87270	37	0.52
F8	Sample 68	2	1	13	92270	37	0.52
F8	Sample 68	2	1	14	97280	37	0.52
F8	Sample 68	2	1	15	102270	37	0.53
F9	Sample 69	2	1	1	32230	36.96	1.02
F9	Sample 69	2	1	2	37280	36.96	1.03
F9	Sample 69	2	1	3	42270	37	1.02
F9	Sample 69	2	1	4	47270	36.96	1.02
F9	Sample 69	2	1	5	52280	36.96	1.02
F9	Sample 69	2	1	6	57260	36.96	1.01
F9	Sample 69	2	1	7	62270	37.05	1.02
F9	Sample 69	2	1	8	67270	37	1.02
F9	Sample 69	2	1	9	72270	36.96	1.02
F9	Sample 69	2	1	10	77270	37	1.02
F9	Sample 69	2	1	11	82270	37	1.02
F9	Sample 69	2	1	12	87270	37	1.02
F9	Sample 69	2	1	13	92270	37	1.01
F9	Sample 69	2	1	14	97280	37	1.02
F9	Sample 69	2	1	15	102270	37	1.02
F10	Sample 70	2	1	1	32230	36.96	1.01
F10	Sample 70	2	1	2	37280	36.96	1.02
F10	Sample 70	2	1	3	42270	37	1.01
F10	Sample 70	2	1	4	47270	36.96	1.01
F10	Sample 70	2	1	5	52280	36.96	1.00
F10	Sample 70	2	1	6	57260	36.96	1.00
F10	Sample 70	2	1	7	62270	37.05	1.00
F10	Sample 70	2	1	8	67270	37	1.01
F10	Sample 70	2	1	9	72270	36.96	1.00
F10	Sample 70	2	1	10	77270	37	1.01
F10	Sample 70	2	1	11	82270	37	1.00
F10	Sample 70	2	1	12	87270	37	1.01
F10	Sample 70	2	1	13	92270	37	1.00
F10	Sample 70	2	1	14	97280	37	1.01
F10	Sample 70	2	1	15	102270	37	1.01
F11	Sample 71	2	1	1	32230	36.96	1.19
F11	Sample 71	2	1	2	37280	36.96	1.19
F11	Sample 71	2	1	3	42270	37	1.19
F11	Sample 71	2	1	4	47270	36.96	1.19
F11	Sample 71	2	1	5	52280	36.96	1.18
F11	Sample 71	2	1	6	57260	36.96	1.19
F11	Sample 71	2	1	7	62270	37.05	1.19
F11	Sample 71	2	1	8	67270	37	1.19
F11	Sample 71	2	1	9	72270	36.96	1.19
F11	Sample 71	2	1	10	77270	37	1.19
F11	Sample 71	2	1	11	82270	37	1.19
F11	Sample 71	2	1	12	87270	37	1.19
F11	Sample 71	2	1	13	92270	37	1.18
F11	Sample 71	2	1	14	97280	37	1.19
F11	Sample 71	2	1	15	102270	37	1.19
F12	Sample 72	2	1	1	32230	36.96	1.07
F12	Sample 72	2	1	2	37280	36.96	1.07
F12	Sample 72	2	1	3	42270	37	1.07
F12	Sample 72	2	1	4	47270	36.96	1.06
F12	Sample 72	2	1	5	52280	36.96	1.06
F12	Sample 72	2	1	6	57260	36.96	1.06
F12	Sample 72	2	1	7	62270	37.05	1.06
F12	Sample 72	2	1	8	67270	37	1.07
F12	Sample 72	2	1	9	72270	36.96	1.06
F12	Sample 72	2	1	10	77270	37	1.07
F12	Sample 72	2	1	11	82270	37	1.06
F12	Sample 72	2	1	12	87270	37	1.06
F12	Sample 72	2	1	13	92270	37	1.06
F12	Sample 72	2	1	14	97280	37	1.07
F12	Sample 72	2	1	15	102270	37	1.06
G1	Sample 73	2	1	1	32230	36.96	0.71
G1	Sample 73	2	1	2	37280	36.96	0.72
G1	Sample 73	2	1	3	42270	37	0.72
G1	Sample 73	2	1	4	47270	36.96	0.73
G1	Sample 73	2	1	5	52280	36.96	0.71
G1	Sample 73	2	1	6	57260	36.96	0.72
G1	Sample 73	2	1	7	62270	37.05	0.72
G1	Sample 73	2	1	8	67270	37	0.71
G1	Sample 73	2	1	9	72270	36.96	0.72
G1	Sample 73	2	1	10	77270	37	0.72
G1	Sample 73	2	1	11	82270	37	0.72
G1	Sample 73	2	1	12	87270	37	0.72
G1	Sample 73	2	1	13	92270	37	0.71
G1	Sample 73	2	1	14	97280	37	0.72
G1	Sample 73	2	1	15	102270	37	0.72
G2	Sample 74	2	1	1	32230	36.96	0.68
G2	Sample 74	2	1	2	37280	36.96	0.68
G2	Sample 74	2	1	3	42270	37	0.68
G2	Sample 74	2	1	4	47270	36.96	0.68
G2	Sample 74	2	1	5	52280	36.96	0.68
G2	Sample 74	2	1	6	57260	36.96	0.68
G2	Sample 74	2	1	7	62270	37.05	0.69
G2	Sample 74	2	1	8	67270	37	0.67
G2	Sample 74	2	1	9	72270	36.96	0.68
G2	Sample 74	2	1	10	77270	37	0.68
G2	Sample 74	2	1	11	82270	37	0.68
G2	Sample 74	2	1	12	87270	37	0.68
G2	Sample 74	2	1	13	92270	37	0.67
G2	Sample 74	2	1	14	97280	37	0.68
G2	Sample 74	2	1	15	102270	37	0.68
G3	Sample 75	2	1	1	32230	36.96	0.86
G3	Sample 75	2	1	2	37280	36.96	0.86
G3	Sample 75	2	1	3	42270	37	0.85
G3	Sample 75	2	1	4	47270	36.96	0.86
G3	Sample 75	2	1	5	52280	36.96	0.85
G3	Sample 75	2	1	6	57260	36.96	0.85
G3	Sample 75	2	1	7	62270	37.05	0.86
G3	Sample 75	2	1	8	67270	37	0.85
G3	Sample 75	2	1	9	72270	36.96	0.85
G3	Sample 75	2	1	10	77270	37	0.86
G3	Sample 75	2	1	11	82270	37	0.86
G3	Sample 75	2	1	12	87270	37	0.86
G3	Sample 75	2	1	13	92270	37	0.85
G3	Sample 75	2	1	14	97280	37	0.86
G3	Sample 75	2	1	15	102270	37	0.86
G4	Sample 76	2	1	1	32230	36.96	0.86
G4	Sample 76	2	1	2	37280	36.96	0.87
G4	Sample 76	2	1	3	42270	37	0.86
G4	Sample 76	2	1	4	47270	36.96	0.87
G4	Sample 76	2	1	5	52280	36.96	0.87
G4	Sample 76	2	1	6	57260	36.96	0.86
G4	Sample 76	2	1	7	62270	37.05	0.87
G4	Sample 76	2	1	8	67270	37	0.86
G4	Sample 76	2	1	9	72270	36.96	0.86
G4	Sample 76	2	1	10	77270	37	0.87
G4	Sample 76	2	1	11	82270	37	0.87
G4	Sample 76	2	1	12	87270	37	0.87
G4	Sample 76	2	1	13	92270	37	0.86
G4	Sample 76	2	1	14	97280	37	0.87
G4	Sample 76	2	1	15	102270	37	0.87
G5	Sample 77	2	1	1	32230	36.96	0.58
G5	Sample 77	2	1	2	37280	36.96	0.57
G5	Sample 77	2	1	3	42270	37	0.58
G5	Sample 77	2	1	4	47270	36.96	0.58
G5	Sample 77	2	1	5	52280	36.96	0.58
G5	Sample 77	2	1	6	57260	36.96	0.57
G5	Sample 77	2	1	7	62270	37.05	0.58
G5	Sample 77	2	1	8	67270	37	0.58
G5	Sample 77	2	1	9	72270	36.96	0.57
G5	Sample 77	2	1	10	77270	37	0.58
G5	Sample 77	2	1	11	82270	37	0.58
G5	Sample 77	2	1	12	87270	37	0.58
G5	Sample 77	2	1	13	92270	37	0.57
G5	Sample 77	2	1	14	97280	37	0.58
G5	Sample 77	2	1	15	102270	37	0.58
G6	Sample 78	2	1	1	32230	36.96	0.53
G6	Sample 78	2	1	2	37280	36.96	0.53
G6	Sample 78	2	1	3	42270	37	0.52
G6	Sample 78	2	1	4	47270	36.96	0.53
G6	Sample 78	2	1	5	52280	36.96	0.52
G6	Sample 78	2	1	6	57260	36.96	0.52
G6	Sample 78	2	1	7	62270	37.05	0.53
G6	Sample 78	2	1	8	67270	37	0.52
G6	Sample 78	2	1	9	72270	36.96	0.53
G6	Sample 78	2	1	10	77270	37	0.52
G6	Sample 78	2	1	11	82270	37	0.52
G6	Sample 78	2	1	12	87270	37	0.52
G6	Sample 78	2	1	13	92270	37	0.52
G6	Sample 78	2	1	14	97280	37	0.52
G6	Sample 78	2	1	15	102270	37	0.53
G7	Sample 79	2	1	1	32230	36.96	0.53
G7	Sample 79	2	1	2	37280	36.96	0.53
G7	Sample 79	2	1	3	42270	37	0.53
G7	Sample 79	2	1	4	47270	36.96	0.54
G7	Sample 79	2	1	5	52280	36.96	0.53
G7	Sample 79	2	1	6	57260	36.96	0.53
G7	Sample 79	2	1	7	62270	37.05	0.54
G7	Sample 79	2	1	8	67270	37	0.53
G7	Sample 79	2	1	9	72270	36.96	0.53
G7	Sample 79	2	1	10	77270	37	0.54
G7	Sample 79	2	1	11	82270	37	0.53
G7	Sample 79	2	1	12	87270	37	0.54
G7	Sample 79	2	1	13	92270	37	0.53
G7	Sample 79	2	1	14	97280	37	0.53
G7	Sample 79	2	1	15	102270	37	0.54
G8	Sample 80	2	1	1	32230	36.96	0.50
G8	Sample 80	2	1	2	37280	36.96	0.51
G8	Sample 80	2	1	3	42270	37	0.51
G8	Sample 80	2	1	4	47270	36.96	0.51
G8	Sample 80	2	1	5	52280	36.96	0.50
G8	Sample 80	2	1	6	57260	36.96	0.50
G8	Sample 80	2	1	7	62270	37.05	0.50
G8	Sample 80	2	1	8	67270	37	0.50
G8	Sample 80	2	1	9	72270	36.96	0.50
G8	Sample 80	2	1	10	77270	37	0.50
G8	Sample 80	2	1	11	82270	37	0.50
G8	Sample 80	2	1	12	87270	37	0.50
G8	Sample 80	2	1	13	92270	37	0.50
G8	Sample 80	2	1	14	97280	37	0.50
G8	Sample 80	2	1	15	102270	37	0.51
G9	Sample 81	2	1	1	32230	36.96	1.01
G9	Sample 81	2	1	2	37280	36.96	1.00
G9	Sample 81	2	1	3	42270	37	1.01
G9	Sample 81	2	1	4	47270	36.96	1.01
G9	Sample 81	2	1	5	52280	36.96	1.00
G9	Sample 81	2	1	6	57260	36.96	1.00
G9	Sample 81	2	1	7	62270	37.05	1.00
G9	Sample 81	2	1	8	67270	37	1.00
G9	Sample 81	2	1	9	72270	36.96	1.00
G9	Sample 81	2	1	10	77270	37	1.00
G9	Sample 81	2	1	11	82270	37	0.99
G9	Sample 81	2	1	12	87270	37	1.01
G9	Sample 81	2	1	13	92270	37	1.00
G9	Sample 81	2	1	14	97280	37	1.00
G9	Sample 81	2	1	15	102270	37	1.01
G10	Sample 82	2	1	1	32230	36.96	1.03
G10	Sample 82	2	1	2	37280	36.96	1.03
G10	Sample 82	2	1	3	42270	37	1.02
G10	Sample 82	2	1	4	47270	36.96	1.03
G10	Sample 82	2	1	5	52280	36.96	1.02
G10	Sample 82	2	1	6	57260	36.96	1.02
G10	Sample 82	2	1	7	62270	37.05	1.03
G10	Sample 82	2	1	8	67270	37	1.03
G10	Sample 82	2	1	9	72270	36.96	1.02
G10	Sample 82	2	1	10	77270	37	1.03
G10	Sample 82	2	1	11	82270	37	1.02
G10	Sample 82	2	1	12	87270	37	1.02
G10	Sample 82	2	1	13	92270	37	1.01
G10	Sample 82	2	1	14	97280	37	1.02
G10	Sample 82	2	1	15	102270	37	1.03
G11	Sample 83	2	1	1	32230	36.96	1.18
G11	Sample 83	2	1	2	37280	36.96	1.18
G11	Sample 83	2	1	3	42270	37	1.19
G11	Sample 83	2	1	4	47270	36.96	1.18
G11	Sample 83	2	1	5	52280	36.96	1.18
G11	Sample 83	2	1	6	57260	36.96	1.18
G11	Sample 83	2	1	7	62270	37.05	1.18
G11	Sample 83	2	1	8	67270	37	1.18
G11	Sample 83	2	1	9	72270	36.96	1.17
G11	Sample 83	2	1	10	77270	37	1.18
G11	Sample 83	2	1	11	82270	37	1.18
G11	Sample 83	2	1	12	87270	37	1.17
G11	Sample 83	2	1	13	92270	37	1.17
G11	Sample 83	2	1	14	97280	37	1.17
G11	Sample 83	2	1	15	102270	37	1.17
G12	Sample 84	2	1	1	32230	36.96	1.09
G12	Sample 84	2	1	2	37280	36.96	1.09
G12	Sample 84	2	1	3	42270	37	1.09
G12	Sample 84	2	1	4	47270	36.96	1.09
G12	Sample 84	2	1	5	52280	36.96	1.09
G12	Sample 84	2	1	6	57260	36.96	1.08
G12	Sample 84	2	1	7	62270	37.05	1.09
G12	Sample 84	2	1	8	67270	37	1.09
G12	Sample 84	2	1	9	72270	36.96	1.09
G12	Sample 84	2	1	10	77270	37	1.10
G12	Sample 84	2	1	11	82270	37	1.09
G12	Sample 84	2	1	12	87270	37	1.09
G12	Sample 84	2	1	13	92270	37	1.08
G12	Sample 84	2	1	14	97280	37	1.09
G12	Sample 84	2	1	15	102270	37	1.09
H1	Sample 85	2	1	1	32230	36.96	0.79
H1	Sample 85	2	1	2	37280	36.96	0.78
H1	Sample 85	2	1	3	42270	37	0.78
H1	Sample 85	2	1	4	47270	36.96	0.78
H1	Sample 85	2	1	5	52280	36.96	0.78
H1	Sample 85	2	1	6	57260	36.96	0.78
H1	Sample 85	2	1	7	62270	37.05	0.78
H1	Sample 85	2	1	8	67270	37	0.78
H1	Sample 85	2	1	9	72270	36.96	0.78
H1	Sample 85	2	1	10	77270	37	0.78
H1	Sample 85	2	1	11	82270	37	0.77
H1	Sample 85	2	1	12	87270	37	0.78
H1	Sample 85	2	1	13	92270	37	0.78
H1	Sample 85	2	1	14	97280	37	0.79
H1	Sample 85	2	1	15	102270	37	0.79
H2	Sample 86	2	1	1	32230	36.96	0.77
H2	Sample 86	2	1	2	37280	36.96	0.77
H2	Sample 86	2	1	3	42270	37	0.77
H2	Sample 86	2	1	4	47270	36.96	0.77
H2	Sample 86	2	1	5	52280	36.96	0.78
H2	Sample 86	2	1	6	57260	36.96	0.77
H2	Sample 86	2	1	7	62270	37.05	0.77
H2	Sample 86	2	1	8	67270	37	0.78
H2	Sample 86	2	1	9	72270	36.96	0.77
H2	Sample 86	2	1	10	77270	37	0.77
H2	Sample 86	2	1	11	82270	37	0.77
H2	Sample 86	2	1	12	87270	37	0.78
H2	Sample 86	2	1	13	92270	37	0.77
H2	Sample 86	2	1	14	97280	37	0.78
H2	Sample 86	2	1	15	102270	37	0.78
H3	Sample 87	2	1	1	32230	36.96	0.84
H3	Sample 87	2	1	2	37280	36.96	0.84
H3	Sample 87	2	1	3	42270	37	0.84
H3	Sample 87	2	1	4	47270	36.96	0.84
H3	Sample 87	2	1	5	52280	36.96	0.85
H3	Sample 87	2	1	6	57260	36.96	0.84
H3	Sample 87	2	1	7	62270	37.05	0.84
H3	Sample 87	2	1	8	67270	37	0.85
H3	Sample 87	2	1	9	72270	36.96	0.84
H3	Sample 87	2	1	10	77270	37	0.83
H3	Sample 87	2	1	11	82270	37	0.83
H3	Sample 87	2	1	12	87270	37	0.85
H3	Sample 87	2	1	13	92270	37	0.84
H3	Sample 87	2	1	14	97280	37	0.84
H3	Sample 87	2	1	15	102270	37	0.85
H4	Sample 88	2	1	1	32230	36.96	0.83
H4	Sample 88	2	1	2	37280	36.96	0.83
H4	Sample 88	2	1	3	42270	37	0.83
H4	Sample 88	2	1	4	47270	36.96	0.83
H4	Sample 88	2	1	5	52280	36.96	0.82
H4	Sample 88	2	1	6	57260	36.96	0.82
H4	Sample 88	2	1	7	62270	37.05	0.83
H4	Sample 88	2	1	8	67270	37	0.83
H4	Sample 88	2	1	9	72270	36.96	0.83
H4	Sample 88	2	1	10	77270	37	0.82
H4	Sample 88	2	1	11	82270	37	0.82
H4	Sample 88	2	1	12	87270	37	0.84
H4	Sample 88	2	1	13	92270	37	0.83
H4	Sample 88	2	1	14	97280	37	0.84
H4	Sample 88	2	1	15	102270	37	0.83
H5	Sample 89	2	1	1	32230	36.96	0.55
H5	Sample 89	2	1	2	37280	36.96	0.55
H5	Sample 89	2	1	3	42270	37	0.55
H5	Sample 89	2	1	4	47270	36.96	0.55
H5	Sample 89	2	1	5	52280	36.96	0.55
H5	Sample 89	2	1	6	57260	36.96	0.54
H5	Sample 89	2	1	7	62270	37.05	0.55
H5	Sample 89	2	1	8	67270	37	0.54
H5	Sample 89	2	1	9	72270	36.96	0.55
H5	Sample 89	2	1	10	77270	37	0.54
H5	Sample 89	2	1	11	82270	37	0.54
H5	Sample 89	2	1	12	87270	37	0.55
H5	Sample 89	2	1	13	92270	37	0.54
H5	Sample 89	2	1	14	97280	37	0.56
H5	Sample 89	2	1	15	102270	37	0.55
H6	Sample 90	2	1	1	32230	36.96	0.52
H6	Sample 90	2	1	2	37280	36.96	0.52
H6	Sample 90	2	1	3	42270	37	0.52
H6	Sample 90	2	1	4	47270	36.96	0.53
H6	Sample 90	2	1	5	52280	36.96	0.52
H6	Sample 90	2	1	6	57260	36.96	0.52
H6	Sample 90	2	1	7	62270	37.05	0.52
H6	Sample 90	2	1	8	67270	37	0.52
H6	Sample 90	2	1	9	72270	36.96	0.52
H6	Sample 90	2	1	10	77270	37	0.51
H6	Sample 90	2	1	11	82270	37	0.52
H6	Sample 90	2	1	12	87270	37	0.52
H6	Sample 90	2	1	13	92270	37	0.52
H6	Sample 90	2	1	14	97280	37	0.53
H6	Sample 90	2	1	15	102270	37	0.53
H7	Sample 91	2	1	1	32230	36.96	0.53
H7	Sample 91	2	1	2	37280	36.96	0.53
H7	Sample 91	2	1	3	42270	37	0.53
H7	Sample 91	2	1	4	47270	36.96	0.53
H7	Sample 91	2	1	5	52280	36.96	0.53
H7	Sample 91	2	1	6	57260	36.96	0.52
H7	Sample 91	2	1	7	62270	37.05	0.52
H7	Sample 91	2	1	8	67270	37	0.53
H7	Sample 91	2	1	9	72270	36.96	0.53
H7	Sample 91	2	1	10	77270	37	0.53
H7	Sample 91	2	1	11	82270	37	0.52
H7	Sample 91	2	1	12	87270	37	0.53
H7	Sample 91	2	1	13	92270	37	0.52
H7	Sample 91	2	1	14	97280	37	0.53
H7	Sample 91	2	1	15	102270	37	0.53
H8	Sample 92	2	1	1	32230	36.96	0.51
H8	Sample 92	2	1	2	37280	36.96	0.51
H8	Sample 92	2	1	3	42270	37	0.50
H8	Sample 92	2	1	4	47270	36.96	0.50
H8	Sample 92	2	1	5	52280	36.96	0.50
H8	Sample 92	2	1	6	57260	36.96	0.50
H8	Sample 92	2	1	7	62270	37.05	0.50
H8	Sample 92	2	1	8	67270	37	0.50
H8	Sample 92	2	1	9	72270	36.96	0.50
H8	Sample 92	2	1	10	77270	37	0.50
H8	Sample 92	2	1	11	82270	37	0.50
H8	Sample 92	2	1	12	87270	37	0.51
H8	Sample 92	2	1	13	92270	37	0.50
H8	Sample 92	2	1	14	97280	37	0.50
H8	Sample 92	2	1	15	102270	37	0.51
H9	Sample 93	2	1	1	32230	36.96	1.13
H9	Sample 93	2	1	2	37280	36.96	1.14
H9	Sample 93	2	1	3	42270	37	1.14
H9	Sample 93	2	1	4	47270	36.96	1.14
H9	Sample 93	2	1	5	52280	36.96	1.14
H9	Sample 93	2	1	6	57260	36.96	1.13
H9	Sample 93	2	1	7	62270	37.05	1.14
H9	Sample 93	2	1	8	67270	37	1.14
H9	Sample 93	2	1	9	72270	36.96	1.14
H9	Sample 93	2	1	10	77270	37	1.14
H9	Sample 93	2	1	11	82270	37	1.14
H9	Sample 93	2	1	12	87270	37	1.14
H9	Sample 93	2	1	13	92270	37	1.14
H9	Sample 93	2	1	14	97280	37	1.14
H9	Sample 93	2	1	15	102270	37	1.15
H10	Sample 94	2	1	1	32230	36.96	1.11
H10	Sample 94	2	1	2	37280	36.96	1.10
H10	Sample 94	2	1	3	42270	37	1.10
H10	Sample 94	2	1	4	47270	36.96	1.10
H10	Sample 94	2	1	5	52280	36.96	1.10
H10	Sample 94	2	1	6	57260	36.96	1.11
H10	Sample 94	2	1	7	62270	37.05	1.10
H10	Sample 94	2	1	8	67270	37	1.11
H10	Sample 94	2	1	9	72270	36.96	1.11
H10	Sample 94	2	1	10	77270	37	1.11
H10	Sample 94	2	1	11	82270	37	1.11
H10	Sample 94	2	1	12	87270	37	1.11
H10	Sample 94	2	1	13	92270	37	1.11
H10	Sample 94	2	1	14	97280	37	1.11
H10	Sample 94	2	1	15	102270	37	1.12
H11	Sample 95	2	1	1	32230	36.96	1.08
H11	Sample 95	2	1	2	37280	36.96	1.08
H11	Sample 95	2	1	3	42270	37	1.08
H11	Sample 95	2	1	4	47270	36.96	1.08
H11	Sample 95	2	1	5	52280	36.96	1.07
H11	Sample 95	2	1	6	57260	36.96	1.07
H11	Sample 95	2	1	7	62270	37.05	1.08
H11	Sample 95	2	1	8	67270	37	1.08
H11	Sample 95	2	1	9	72270	36.96	1.08
H11	Sample 95	2	1	10	77270	37	1.07
H11	Sample 95	2	1	11	82270	37	1.07
H11	Sample 95	2	1	12	87270	37	1.08
H11	Sample 95	2	1	13	92270	37	1.08
H11	Sample 95	2	1	14	97280	37	1.08
H11	Sample 95	2	1	15	102270	37	1.08
H12	Sample 96	2	1	1	32230	36.96	1.03
H12	Sample 96	2	1	2	37280	36.96	1.04
H12	Sample 96	2	1	3	42270	37	1.03
H12	Sample 96	2	1	4	47270	36.96	1.03
H12	Sample 96	2	1	5	52280	36.96	1.04
H12	Sample 96	2	1	6	57260	36.96	1.02
H12	Sample 96	2	1	7	62270	37.05	1.03
H12	Sample 96	2	1	8	67270	37	1.03
H12	Sample 96	2	1	9	72270	36.96	1.03
H12	Sample 96	2	1	10	77270	37	1.03
H12	Sample 96	2	1	11	82270	37	1.03
H12	Sample 96	2	1	12	87270	37	1.04
H12	Sample 96	2	1	13	92270	37	1.03
H12	Sample 96	2	1	14	97280	37	1.04
H12	Sample 96	2	1	15	102270	37	1.04
