Raw Data 		Experiment - evIC50_7_plate3_19APRIL2026 (Run on LCS480 1.5.1.62)
SamplePos	SampleName	Prog#	Seg#	Cycle#	Time	Temp	465-510	
A1	Sample 1	2	1	1	32200	36.91	1.34
A1	Sample 1	2	1	2	37200	36.96	1.33
A1	Sample 1	2	1	3	42220	36.96	1.32
A1	Sample 1	2	1	4	47200	37	1.31
A1	Sample 1	2	1	5	52200	37	1.31
A1	Sample 1	2	1	6	57210	37	1.30
A1	Sample 1	2	1	7	62200	36.96	1.30
A1	Sample 1	2	1	8	67200	36.96	1.30
A1	Sample 1	2	1	9	72210	36.96	1.30
A1	Sample 1	2	1	10	77200	37	1.30
A1	Sample 1	2	1	11	82210	37	1.31
A1	Sample 1	2	1	12	87220	37	1.31
A1	Sample 1	2	1	13	92210	36.96	1.30
A1	Sample 1	2	1	14	97210	37	1.30
A1	Sample 1	2	1	15	102210	36.96	1.31
A2	Sample 2	2	1	1	32200	36.91	1.32
A2	Sample 2	2	1	2	37200	36.96	1.32
A2	Sample 2	2	1	3	42220	36.96	1.30
A2	Sample 2	2	1	4	47200	37	1.30
A2	Sample 2	2	1	5	52200	37	1.29
A2	Sample 2	2	1	6	57210	37	1.28
A2	Sample 2	2	1	7	62200	36.96	1.28
A2	Sample 2	2	1	8	67200	36.96	1.28
A2	Sample 2	2	1	9	72210	36.96	1.28
A2	Sample 2	2	1	10	77200	37	1.28
A2	Sample 2	2	1	11	82210	37	1.27
A2	Sample 2	2	1	12	87220	37	1.28
A2	Sample 2	2	1	13	92210	36.96	1.27
A2	Sample 2	2	1	14	97210	37	1.28
A2	Sample 2	2	1	15	102210	36.96	1.27
A3	Sample 3	2	1	1	32200	36.91	1.52
A3	Sample 3	2	1	2	37200	36.96	1.50
A3	Sample 3	2	1	3	42220	36.96	1.49
A3	Sample 3	2	1	4	47200	37	1.48
A3	Sample 3	2	1	5	52200	37	1.48
A3	Sample 3	2	1	6	57210	37	1.47
A3	Sample 3	2	1	7	62200	36.96	1.47
A3	Sample 3	2	1	8	67200	36.96	1.46
A3	Sample 3	2	1	9	72210	36.96	1.47
A3	Sample 3	2	1	10	77200	37	1.47
A3	Sample 3	2	1	11	82210	37	1.46
A3	Sample 3	2	1	12	87220	37	1.46
A3	Sample 3	2	1	13	92210	36.96	1.46
A3	Sample 3	2	1	14	97210	37	1.46
A3	Sample 3	2	1	15	102210	36.96	1.46
A4	Sample 4	2	1	1	32200	36.91	1.51
A4	Sample 4	2	1	2	37200	36.96	1.49
A4	Sample 4	2	1	3	42220	36.96	1.48
A4	Sample 4	2	1	4	47200	37	1.47
A4	Sample 4	2	1	5	52200	37	1.47
A4	Sample 4	2	1	6	57210	37	1.46
A4	Sample 4	2	1	7	62200	36.96	1.46
A4	Sample 4	2	1	8	67200	36.96	1.46
A4	Sample 4	2	1	9	72210	36.96	1.46
A4	Sample 4	2	1	10	77200	37	1.46
A4	Sample 4	2	1	11	82210	37	1.45
A4	Sample 4	2	1	12	87220	37	1.45
A4	Sample 4	2	1	13	92210	36.96	1.45
A4	Sample 4	2	1	14	97210	37	1.45
A4	Sample 4	2	1	15	102210	36.96	1.44
A5	Sample 5	2	1	1	32200	36.91	0.57
A5	Sample 5	2	1	2	37200	36.96	0.56
A5	Sample 5	2	1	3	42220	36.96	0.56
A5	Sample 5	2	1	4	47200	37	0.55
A5	Sample 5	2	1	5	52200	37	0.56
A5	Sample 5	2	1	6	57210	37	0.55
A5	Sample 5	2	1	7	62200	36.96	0.55
A5	Sample 5	2	1	8	67200	36.96	0.55
A5	Sample 5	2	1	9	72210	36.96	0.55
A5	Sample 5	2	1	10	77200	37	0.55
A5	Sample 5	2	1	11	82210	37	0.55
A5	Sample 5	2	1	12	87220	37	0.55
A5	Sample 5	2	1	13	92210	36.96	0.55
A5	Sample 5	2	1	14	97210	37	0.55
A5	Sample 5	2	1	15	102210	36.96	0.55
A6	Sample 6	2	1	1	32200	36.91	0.57
A6	Sample 6	2	1	2	37200	36.96	0.57
A6	Sample 6	2	1	3	42220	36.96	0.56
A6	Sample 6	2	1	4	47200	37	0.55
A6	Sample 6	2	1	5	52200	37	0.56
A6	Sample 6	2	1	6	57210	37	0.55
A6	Sample 6	2	1	7	62200	36.96	0.55
A6	Sample 6	2	1	8	67200	36.96	0.55
A6	Sample 6	2	1	9	72210	36.96	0.55
A6	Sample 6	2	1	10	77200	37	0.55
A6	Sample 6	2	1	11	82210	37	0.55
A6	Sample 6	2	1	12	87220	37	0.55
A6	Sample 6	2	1	13	92210	36.96	0.54
A6	Sample 6	2	1	14	97210	37	0.55
A6	Sample 6	2	1	15	102210	36.96	0.55
A7	Sample 7	2	1	1	32200	36.91	0.60
A7	Sample 7	2	1	2	37200	36.96	0.59
A7	Sample 7	2	1	3	42220	36.96	0.58
A7	Sample 7	2	1	4	47200	37	0.58
A7	Sample 7	2	1	5	52200	37	0.59
A7	Sample 7	2	1	6	57210	37	0.58
A7	Sample 7	2	1	7	62200	36.96	0.58
A7	Sample 7	2	1	8	67200	36.96	0.58
A7	Sample 7	2	1	9	72210	36.96	0.58
A7	Sample 7	2	1	10	77200	37	0.58
A7	Sample 7	2	1	11	82210	37	0.58
A7	Sample 7	2	1	12	87220	37	0.58
A7	Sample 7	2	1	13	92210	36.96	0.58
A7	Sample 7	2	1	14	97210	37	0.58
A7	Sample 7	2	1	15	102210	36.96	0.58
A8	Sample 8	2	1	1	32200	36.91	0.57
A8	Sample 8	2	1	2	37200	36.96	0.56
A8	Sample 8	2	1	3	42220	36.96	0.55
A8	Sample 8	2	1	4	47200	37	0.54
A8	Sample 8	2	1	5	52200	37	0.56
A8	Sample 8	2	1	6	57210	37	0.55
A8	Sample 8	2	1	7	62200	36.96	0.55
A8	Sample 8	2	1	8	67200	36.96	0.55
A8	Sample 8	2	1	9	72210	36.96	0.54
A8	Sample 8	2	1	10	77200	37	0.54
A8	Sample 8	2	1	11	82210	37	0.54
A8	Sample 8	2	1	12	87220	37	0.54
A8	Sample 8	2	1	13	92210	36.96	0.54
A8	Sample 8	2	1	14	97210	37	0.54
A8	Sample 8	2	1	15	102210	36.96	0.55
A9	Sample 9	2	1	1	32200	36.91	0.93
A9	Sample 9	2	1	2	37200	36.96	0.92
A9	Sample 9	2	1	3	42220	36.96	0.92
A9	Sample 9	2	1	4	47200	37	0.91
A9	Sample 9	2	1	5	52200	37	0.91
A9	Sample 9	2	1	6	57210	37	0.91
A9	Sample 9	2	1	7	62200	36.96	0.91
A9	Sample 9	2	1	8	67200	36.96	0.90
A9	Sample 9	2	1	9	72210	36.96	0.90
A9	Sample 9	2	1	10	77200	37	0.91
A9	Sample 9	2	1	11	82210	37	0.90
A9	Sample 9	2	1	12	87220	37	0.90
A9	Sample 9	2	1	13	92210	36.96	0.90
A9	Sample 9	2	1	14	97210	37	0.90
A9	Sample 9	2	1	15	102210	36.96	0.90
A10	Sample 10	2	1	1	32200	36.91	0.92
A10	Sample 10	2	1	2	37200	36.96	0.91
A10	Sample 10	2	1	3	42220	36.96	0.90
A10	Sample 10	2	1	4	47200	37	0.90
A10	Sample 10	2	1	5	52200	37	0.89
A10	Sample 10	2	1	6	57210	37	0.89
A10	Sample 10	2	1	7	62200	36.96	0.89
A10	Sample 10	2	1	8	67200	36.96	0.88
A10	Sample 10	2	1	9	72210	36.96	0.88
A10	Sample 10	2	1	10	77200	37	0.88
A10	Sample 10	2	1	11	82210	37	0.89
A10	Sample 10	2	1	12	87220	37	0.88
A10	Sample 10	2	1	13	92210	36.96	0.88
A10	Sample 10	2	1	14	97210	37	0.89
A10	Sample 10	2	1	15	102210	36.96	0.89
A11	Sample 11	2	1	1	32200	36.91	0.93
A11	Sample 11	2	1	2	37200	36.96	0.92
A11	Sample 11	2	1	3	42220	36.96	0.91
A11	Sample 11	2	1	4	47200	37	0.91
A11	Sample 11	2	1	5	52200	37	0.91
A11	Sample 11	2	1	6	57210	37	0.90
A11	Sample 11	2	1	7	62200	36.96	0.90
A11	Sample 11	2	1	8	67200	36.96	0.90
A11	Sample 11	2	1	9	72210	36.96	0.90
A11	Sample 11	2	1	10	77200	37	0.90
A11	Sample 11	2	1	11	82210	37	0.90
A11	Sample 11	2	1	12	87220	37	0.90
A11	Sample 11	2	1	13	92210	36.96	0.90
A11	Sample 11	2	1	14	97210	37	0.90
A11	Sample 11	2	1	15	102210	36.96	0.90
A12	Sample 12	2	1	1	32200	36.91	0.86
A12	Sample 12	2	1	2	37200	36.96	0.85
A12	Sample 12	2	1	3	42220	36.96	0.85
A12	Sample 12	2	1	4	47200	37	0.84
A12	Sample 12	2	1	5	52200	37	0.84
A12	Sample 12	2	1	6	57210	37	0.84
A12	Sample 12	2	1	7	62200	36.96	0.84
A12	Sample 12	2	1	8	67200	36.96	0.84
A12	Sample 12	2	1	9	72210	36.96	0.84
A12	Sample 12	2	1	10	77200	37	0.83
A12	Sample 12	2	1	11	82210	37	0.83
A12	Sample 12	2	1	12	87220	37	0.83
A12	Sample 12	2	1	13	92210	36.96	0.83
A12	Sample 12	2	1	14	97210	37	0.84
A12	Sample 12	2	1	15	102210	36.96	0.84
B1	Sample 13	2	1	1	32200	36.91	1.30
B1	Sample 13	2	1	2	37200	36.96	1.29
B1	Sample 13	2	1	3	42220	36.96	1.27
B1	Sample 13	2	1	4	47200	37	1.27
B1	Sample 13	2	1	5	52200	37	1.27
B1	Sample 13	2	1	6	57210	37	1.26
B1	Sample 13	2	1	7	62200	36.96	1.26
B1	Sample 13	2	1	8	67200	36.96	1.26
B1	Sample 13	2	1	9	72210	36.96	1.25
B1	Sample 13	2	1	10	77200	37	1.25
B1	Sample 13	2	1	11	82210	37	1.25
B1	Sample 13	2	1	12	87220	37	1.25
B1	Sample 13	2	1	13	92210	36.96	1.25
B1	Sample 13	2	1	14	97210	37	1.25
B1	Sample 13	2	1	15	102210	36.96	1.25
B2	Sample 14	2	1	1	32200	36.91	1.29
B2	Sample 14	2	1	2	37200	36.96	1.28
B2	Sample 14	2	1	3	42220	36.96	1.27
B2	Sample 14	2	1	4	47200	37	1.26
B2	Sample 14	2	1	5	52200	37	1.25
B2	Sample 14	2	1	6	57210	37	1.24
B2	Sample 14	2	1	7	62200	36.96	1.25
B2	Sample 14	2	1	8	67200	36.96	1.24
B2	Sample 14	2	1	9	72210	36.96	1.23
B2	Sample 14	2	1	10	77200	37	1.23
B2	Sample 14	2	1	11	82210	37	1.24
B2	Sample 14	2	1	12	87220	37	1.24
B2	Sample 14	2	1	13	92210	36.96	1.24
B2	Sample 14	2	1	14	97210	37	1.23
B2	Sample 14	2	1	15	102210	36.96	1.24
B3	Sample 15	2	1	1	32200	36.91	1.43
B3	Sample 15	2	1	2	37200	36.96	1.41
B3	Sample 15	2	1	3	42220	36.96	1.40
B3	Sample 15	2	1	4	47200	37	1.39
B3	Sample 15	2	1	5	52200	37	1.38
B3	Sample 15	2	1	6	57210	37	1.38
B3	Sample 15	2	1	7	62200	36.96	1.37
B3	Sample 15	2	1	8	67200	36.96	1.38
B3	Sample 15	2	1	9	72210	36.96	1.37
B3	Sample 15	2	1	10	77200	37	1.37
B3	Sample 15	2	1	11	82210	37	1.38
B3	Sample 15	2	1	12	87220	37	1.38
B3	Sample 15	2	1	13	92210	36.96	1.38
B3	Sample 15	2	1	14	97210	37	1.38
B3	Sample 15	2	1	15	102210	36.96	1.39
B4	Sample 16	2	1	1	32200	36.91	1.43
B4	Sample 16	2	1	2	37200	36.96	1.42
B4	Sample 16	2	1	3	42220	36.96	1.40
B4	Sample 16	2	1	4	47200	37	1.39
B4	Sample 16	2	1	5	52200	37	1.39
B4	Sample 16	2	1	6	57210	37	1.38
B4	Sample 16	2	1	7	62200	36.96	1.38
B4	Sample 16	2	1	8	67200	36.96	1.38
B4	Sample 16	2	1	9	72210	36.96	1.37
B4	Sample 16	2	1	10	77200	37	1.37
B4	Sample 16	2	1	11	82210	37	1.37
B4	Sample 16	2	1	12	87220	37	1.37
B4	Sample 16	2	1	13	92210	36.96	1.37
B4	Sample 16	2	1	14	97210	37	1.37
B4	Sample 16	2	1	15	102210	36.96	1.37
B5	Sample 17	2	1	1	32200	36.91	0.55
B5	Sample 17	2	1	2	37200	36.96	0.54
B5	Sample 17	2	1	3	42220	36.96	0.53
B5	Sample 17	2	1	4	47200	37	0.52
B5	Sample 17	2	1	5	52200	37	0.52
B5	Sample 17	2	1	6	57210	37	0.52
B5	Sample 17	2	1	7	62200	36.96	0.53
B5	Sample 17	2	1	8	67200	36.96	0.52
B5	Sample 17	2	1	9	72210	36.96	0.52
B5	Sample 17	2	1	10	77200	37	0.52
B5	Sample 17	2	1	11	82210	37	0.52
B5	Sample 17	2	1	12	87220	37	0.52
B5	Sample 17	2	1	13	92210	36.96	0.52
B5	Sample 17	2	1	14	97210	37	0.52
B5	Sample 17	2	1	15	102210	36.96	0.52
B6	Sample 18	2	1	1	32200	36.91	0.54
B6	Sample 18	2	1	2	37200	36.96	0.53
B6	Sample 18	2	1	3	42220	36.96	0.52
B6	Sample 18	2	1	4	47200	37	0.52
B6	Sample 18	2	1	5	52200	37	0.51
B6	Sample 18	2	1	6	57210	37	0.51
B6	Sample 18	2	1	7	62200	36.96	0.52
B6	Sample 18	2	1	8	67200	36.96	0.52
B6	Sample 18	2	1	9	72210	36.96	0.51
B6	Sample 18	2	1	10	77200	37	0.51
B6	Sample 18	2	1	11	82210	37	0.51
B6	Sample 18	2	1	12	87220	37	0.52
B6	Sample 18	2	1	13	92210	36.96	0.52
B6	Sample 18	2	1	14	97210	37	0.51
B6	Sample 18	2	1	15	102210	36.96	0.52
B7	Sample 19	2	1	1	32200	36.91	0.56
B7	Sample 19	2	1	2	37200	36.96	0.56
B7	Sample 19	2	1	3	42220	36.96	0.55
B7	Sample 19	2	1	4	47200	37	0.55
B7	Sample 19	2	1	5	52200	37	0.54
B7	Sample 19	2	1	6	57210	37	0.54
B7	Sample 19	2	1	7	62200	36.96	0.54
B7	Sample 19	2	1	8	67200	36.96	0.54
B7	Sample 19	2	1	9	72210	36.96	0.54
B7	Sample 19	2	1	10	77200	37	0.54
B7	Sample 19	2	1	11	82210	37	0.54
B7	Sample 19	2	1	12	87220	37	0.55
B7	Sample 19	2	1	13	92210	36.96	0.55
B7	Sample 19	2	1	14	97210	37	0.54
B7	Sample 19	2	1	15	102210	36.96	0.54
B8	Sample 20	2	1	1	32200	36.91	0.53
B8	Sample 20	2	1	2	37200	36.96	0.52
B8	Sample 20	2	1	3	42220	36.96	0.51
B8	Sample 20	2	1	4	47200	37	0.51
B8	Sample 20	2	1	5	52200	37	0.50
B8	Sample 20	2	1	6	57210	37	0.50
B8	Sample 20	2	1	7	62200	36.96	0.51
B8	Sample 20	2	1	8	67200	36.96	0.51
B8	Sample 20	2	1	9	72210	36.96	0.50
B8	Sample 20	2	1	10	77200	37	0.50
B8	Sample 20	2	1	11	82210	37	0.50
B8	Sample 20	2	1	12	87220	37	0.51
B8	Sample 20	2	1	13	92210	36.96	0.51
B8	Sample 20	2	1	14	97210	37	0.50
B8	Sample 20	2	1	15	102210	36.96	0.50
B9	Sample 21	2	1	1	32200	36.91	0.90
B9	Sample 21	2	1	2	37200	36.96	0.89
B9	Sample 21	2	1	3	42220	36.96	0.88
B9	Sample 21	2	1	4	47200	37	0.88
B9	Sample 21	2	1	5	52200	37	0.87
B9	Sample 21	2	1	6	57210	37	0.87
B9	Sample 21	2	1	7	62200	36.96	0.87
B9	Sample 21	2	1	8	67200	36.96	0.87
B9	Sample 21	2	1	9	72210	36.96	0.86
B9	Sample 21	2	1	10	77200	37	0.86
B9	Sample 21	2	1	11	82210	37	0.87
B9	Sample 21	2	1	12	87220	37	0.87
B9	Sample 21	2	1	13	92210	36.96	0.86
B9	Sample 21	2	1	14	97210	37	0.86
B9	Sample 21	2	1	15	102210	36.96	0.86
B10	Sample 22	2	1	1	32200	36.91	0.86
B10	Sample 22	2	1	2	37200	36.96	0.87
B10	Sample 22	2	1	3	42220	36.96	0.86
B10	Sample 22	2	1	4	47200	37	0.87
B10	Sample 22	2	1	5	52200	37	0.87
B10	Sample 22	2	1	6	57210	37	0.87
B10	Sample 22	2	1	7	62200	36.96	0.87
B10	Sample 22	2	1	8	67200	36.96	0.88
B10	Sample 22	2	1	9	72210	36.96	0.87
B10	Sample 22	2	1	10	77200	37	0.87
B10	Sample 22	2	1	11	82210	37	0.88
B10	Sample 22	2	1	12	87220	37	0.88
B10	Sample 22	2	1	13	92210	36.96	0.87
B10	Sample 22	2	1	14	97210	37	0.87
B10	Sample 22	2	1	15	102210	36.96	0.87
B11	Sample 23	2	1	1	32200	36.91	0.99
B11	Sample 23	2	1	2	37200	36.96	0.98
B11	Sample 23	2	1	3	42220	36.96	0.97
B11	Sample 23	2	1	4	47200	37	0.97
B11	Sample 23	2	1	5	52200	37	0.96
B11	Sample 23	2	1	6	57210	37	0.96
B11	Sample 23	2	1	7	62200	36.96	0.96
B11	Sample 23	2	1	8	67200	36.96	0.96
B11	Sample 23	2	1	9	72210	36.96	0.96
B11	Sample 23	2	1	10	77200	37	0.95
B11	Sample 23	2	1	11	82210	37	0.96
B11	Sample 23	2	1	12	87220	37	0.95
B11	Sample 23	2	1	13	92210	36.96	0.96
B11	Sample 23	2	1	14	97210	37	0.95
B11	Sample 23	2	1	15	102210	36.96	0.95
B12	Sample 24	2	1	1	32200	36.91	0.84
B12	Sample 24	2	1	2	37200	36.96	0.84
B12	Sample 24	2	1	3	42220	36.96	0.85
B12	Sample 24	2	1	4	47200	37	0.85
B12	Sample 24	2	1	5	52200	37	0.85
B12	Sample 24	2	1	6	57210	37	0.85
B12	Sample 24	2	1	7	62200	36.96	0.85
B12	Sample 24	2	1	8	67200	36.96	0.86
B12	Sample 24	2	1	9	72210	36.96	0.85
B12	Sample 24	2	1	10	77200	37	0.85
B12	Sample 24	2	1	11	82210	37	0.86
B12	Sample 24	2	1	12	87220	37	0.86
B12	Sample 24	2	1	13	92210	36.96	0.85
B12	Sample 24	2	1	14	97210	37	0.85
B12	Sample 24	2	1	15	102210	36.96	0.85
C1	Sample 25	2	1	1	32200	36.91	1.32
C1	Sample 25	2	1	2	37200	36.96	1.31
C1	Sample 25	2	1	3	42220	36.96	1.29
C1	Sample 25	2	1	4	47200	37	1.29
C1	Sample 25	2	1	5	52200	37	1.29
C1	Sample 25	2	1	6	57210	37	1.28
C1	Sample 25	2	1	7	62200	36.96	1.28
C1	Sample 25	2	1	8	67200	36.96	1.28
C1	Sample 25	2	1	9	72210	36.96	1.27
C1	Sample 25	2	1	10	77200	37	1.27
C1	Sample 25	2	1	11	82210	37	1.28
C1	Sample 25	2	1	12	87220	37	1.27
C1	Sample 25	2	1	13	92210	36.96	1.27
C1	Sample 25	2	1	14	97210	37	1.27
C1	Sample 25	2	1	15	102210	36.96	1.28
C2	Sample 26	2	1	1	32200	36.91	1.31
C2	Sample 26	2	1	2	37200	36.96	1.29
C2	Sample 26	2	1	3	42220	36.96	1.28
C2	Sample 26	2	1	4	47200	37	1.28
C2	Sample 26	2	1	5	52200	37	1.27
C2	Sample 26	2	1	6	57210	37	1.27
C2	Sample 26	2	1	7	62200	36.96	1.27
C2	Sample 26	2	1	8	67200	36.96	1.28
C2	Sample 26	2	1	9	72210	36.96	1.26
C2	Sample 26	2	1	10	77200	37	1.26
C2	Sample 26	2	1	11	82210	37	1.26
C2	Sample 26	2	1	12	87220	37	1.26
C2	Sample 26	2	1	13	92210	36.96	1.25
C2	Sample 26	2	1	14	97210	37	1.25
C2	Sample 26	2	1	15	102210	36.96	1.25
C3	Sample 27	2	1	1	32200	36.91	1.40
C3	Sample 27	2	1	2	37200	36.96	1.38
C3	Sample 27	2	1	3	42220	36.96	1.36
C3	Sample 27	2	1	4	47200	37	1.35
C3	Sample 27	2	1	5	52200	37	1.35
C3	Sample 27	2	1	6	57210	37	1.35
C3	Sample 27	2	1	7	62200	36.96	1.35
C3	Sample 27	2	1	8	67200	36.96	1.35
C3	Sample 27	2	1	9	72210	36.96	1.33
C3	Sample 27	2	1	10	77200	37	1.34
C3	Sample 27	2	1	11	82210	37	1.35
C3	Sample 27	2	1	12	87220	37	1.34
C3	Sample 27	2	1	13	92210	36.96	1.34
C3	Sample 27	2	1	14	97210	37	1.35
C3	Sample 27	2	1	15	102210	36.96	1.34
C4	Sample 28	2	1	1	32200	36.91	1.41
C4	Sample 28	2	1	2	37200	36.96	1.39
C4	Sample 28	2	1	3	42220	36.96	1.37
C4	Sample 28	2	1	4	47200	37	1.37
C4	Sample 28	2	1	5	52200	37	1.36
C4	Sample 28	2	1	6	57210	37	1.36
C4	Sample 28	2	1	7	62200	36.96	1.36
C4	Sample 28	2	1	8	67200	36.96	1.36
C4	Sample 28	2	1	9	72210	36.96	1.35
C4	Sample 28	2	1	10	77200	37	1.34
C4	Sample 28	2	1	11	82210	37	1.35
C4	Sample 28	2	1	12	87220	37	1.34
C4	Sample 28	2	1	13	92210	36.96	1.34
C4	Sample 28	2	1	14	97210	37	1.35
C4	Sample 28	2	1	15	102210	36.96	1.34
C5	Sample 29	2	1	1	32200	36.91	0.53
C5	Sample 29	2	1	2	37200	36.96	0.52
C5	Sample 29	2	1	3	42220	36.96	0.51
C5	Sample 29	2	1	4	47200	37	0.51
C5	Sample 29	2	1	5	52200	37	0.51
C5	Sample 29	2	1	6	57210	37	0.52
C5	Sample 29	2	1	7	62200	36.96	0.51
C5	Sample 29	2	1	8	67200	36.96	0.51
C5	Sample 29	2	1	9	72210	36.96	0.51
C5	Sample 29	2	1	10	77200	37	0.51
C5	Sample 29	2	1	11	82210	37	0.51
C5	Sample 29	2	1	12	87220	37	0.51
C5	Sample 29	2	1	13	92210	36.96	0.51
C5	Sample 29	2	1	14	97210	37	0.51
C5	Sample 29	2	1	15	102210	36.96	0.51
C6	Sample 30	2	1	1	32200	36.91	0.54
C6	Sample 30	2	1	2	37200	36.96	0.54
C6	Sample 30	2	1	3	42220	36.96	0.53
C6	Sample 30	2	1	4	47200	37	0.52
C6	Sample 30	2	1	5	52200	37	0.52
C6	Sample 30	2	1	6	57210	37	0.53
C6	Sample 30	2	1	7	62200	36.96	0.53
C6	Sample 30	2	1	8	67200	36.96	0.53
C6	Sample 30	2	1	9	72210	36.96	0.53
C6	Sample 30	2	1	10	77200	37	0.52
C6	Sample 30	2	1	11	82210	37	0.54
C6	Sample 30	2	1	12	87220	37	0.54
C6	Sample 30	2	1	13	92210	36.96	0.54
C6	Sample 30	2	1	14	97210	37	0.54
C6	Sample 30	2	1	15	102210	36.96	0.55
C7	Sample 31	2	1	1	32200	36.91	0.60
C7	Sample 31	2	1	2	37200	36.96	0.59
C7	Sample 31	2	1	3	42220	36.96	0.57
C7	Sample 31	2	1	4	47200	37	0.58
C7	Sample 31	2	1	5	52200	37	0.57
C7	Sample 31	2	1	6	57210	37	0.58
C7	Sample 31	2	1	7	62200	36.96	0.57
C7	Sample 31	2	1	8	67200	36.96	0.57
C7	Sample 31	2	1	9	72210	36.96	0.57
C7	Sample 31	2	1	10	77200	37	0.56
C7	Sample 31	2	1	11	82210	37	0.57
C7	Sample 31	2	1	12	87220	37	0.57
C7	Sample 31	2	1	13	92210	36.96	0.57
C7	Sample 31	2	1	14	97210	37	0.56
C7	Sample 31	2	1	15	102210	36.96	0.58
C8	Sample 32	2	1	1	32200	36.91	0.54
C8	Sample 32	2	1	2	37200	36.96	0.53
C8	Sample 32	2	1	3	42220	36.96	0.51
C8	Sample 32	2	1	4	47200	37	0.52
C8	Sample 32	2	1	5	52200	37	0.52
C8	Sample 32	2	1	6	57210	37	0.52
C8	Sample 32	2	1	7	62200	36.96	0.52
C8	Sample 32	2	1	8	67200	36.96	0.52
C8	Sample 32	2	1	9	72210	36.96	0.51
C8	Sample 32	2	1	10	77200	37	0.51
C8	Sample 32	2	1	11	82210	37	0.52
C8	Sample 32	2	1	12	87220	37	0.51
C8	Sample 32	2	1	13	92210	36.96	0.51
C8	Sample 32	2	1	14	97210	37	0.51
C8	Sample 32	2	1	15	102210	36.96	0.52
C9	Sample 33	2	1	1	32200	36.91	0.92
C9	Sample 33	2	1	2	37200	36.96	0.91
C9	Sample 33	2	1	3	42220	36.96	0.89
C9	Sample 33	2	1	4	47200	37	0.89
C9	Sample 33	2	1	5	52200	37	0.89
C9	Sample 33	2	1	6	57210	37	0.89
C9	Sample 33	2	1	7	62200	36.96	0.89
C9	Sample 33	2	1	8	67200	36.96	0.88
C9	Sample 33	2	1	9	72210	36.96	0.87
C9	Sample 33	2	1	10	77200	37	0.88
C9	Sample 33	2	1	11	82210	37	0.88
C9	Sample 33	2	1	12	87220	37	0.87
C9	Sample 33	2	1	13	92210	36.96	0.88
C9	Sample 33	2	1	14	97210	37	0.87
C9	Sample 33	2	1	15	102210	36.96	0.88
C10	Sample 34	2	1	1	32200	36.91	0.91
C10	Sample 34	2	1	2	37200	36.96	0.90
C10	Sample 34	2	1	3	42220	36.96	0.89
C10	Sample 34	2	1	4	47200	37	0.88
C10	Sample 34	2	1	5	52200	37	0.88
C10	Sample 34	2	1	6	57210	37	0.88
C10	Sample 34	2	1	7	62200	36.96	0.88
C10	Sample 34	2	1	8	67200	36.96	0.88
C10	Sample 34	2	1	9	72210	36.96	0.88
C10	Sample 34	2	1	10	77200	37	0.87
C10	Sample 34	2	1	11	82210	37	0.88
C10	Sample 34	2	1	12	87220	37	0.88
C10	Sample 34	2	1	13	92210	36.96	0.88
C10	Sample 34	2	1	14	97210	37	0.88
C10	Sample 34	2	1	15	102210	36.96	0.88
C11	Sample 35	2	1	1	32200	36.91	0.95
C11	Sample 35	2	1	2	37200	36.96	0.93
C11	Sample 35	2	1	3	42220	36.96	0.92
C11	Sample 35	2	1	4	47200	37	0.92
C11	Sample 35	2	1	5	52200	37	0.91
C11	Sample 35	2	1	6	57210	37	0.92
C11	Sample 35	2	1	7	62200	36.96	0.92
C11	Sample 35	2	1	8	67200	36.96	0.92
C11	Sample 35	2	1	9	72210	36.96	0.92
C11	Sample 35	2	1	10	77200	37	0.91
C11	Sample 35	2	1	11	82210	37	0.91
C11	Sample 35	2	1	12	87220	37	0.91
C11	Sample 35	2	1	13	92210	36.96	0.91
C11	Sample 35	2	1	14	97210	37	0.91
C11	Sample 35	2	1	15	102210	36.96	0.92
C12	Sample 36	2	1	1	32200	36.91	0.91
C12	Sample 36	2	1	2	37200	36.96	0.89
C12	Sample 36	2	1	3	42220	36.96	0.89
C12	Sample 36	2	1	4	47200	37	0.88
C12	Sample 36	2	1	5	52200	37	0.88
C12	Sample 36	2	1	6	57210	37	0.88
C12	Sample 36	2	1	7	62200	36.96	0.88
C12	Sample 36	2	1	8	67200	36.96	0.88
C12	Sample 36	2	1	9	72210	36.96	0.87
C12	Sample 36	2	1	10	77200	37	0.87
C12	Sample 36	2	1	11	82210	37	0.87
C12	Sample 36	2	1	12	87220	37	0.86
C12	Sample 36	2	1	13	92210	36.96	0.86
C12	Sample 36	2	1	14	97210	37	0.86
C12	Sample 36	2	1	15	102210	36.96	0.87
D1	Sample 37	2	1	1	32200	36.91	1.37
D1	Sample 37	2	1	2	37200	36.96	1.35
D1	Sample 37	2	1	3	42220	36.96	1.34
D1	Sample 37	2	1	4	47200	37	1.34
D1	Sample 37	2	1	5	52200	37	1.32
D1	Sample 37	2	1	6	57210	37	1.32
D1	Sample 37	2	1	7	62200	36.96	1.31
D1	Sample 37	2	1	8	67200	36.96	1.32
D1	Sample 37	2	1	9	72210	36.96	1.32
D1	Sample 37	2	1	10	77200	37	1.31
D1	Sample 37	2	1	11	82210	37	1.31
D1	Sample 37	2	1	12	87220	37	1.31
D1	Sample 37	2	1	13	92210	36.96	1.30
D1	Sample 37	2	1	14	97210	37	1.31
D1	Sample 37	2	1	15	102210	36.96	1.32
D2	Sample 38	2	1	1	32200	36.91	1.33
D2	Sample 38	2	1	2	37200	36.96	1.31
D2	Sample 38	2	1	3	42220	36.96	1.30
D2	Sample 38	2	1	4	47200	37	1.30
D2	Sample 38	2	1	5	52200	37	1.28
D2	Sample 38	2	1	6	57210	37	1.28
D2	Sample 38	2	1	7	62200	36.96	1.27
D2	Sample 38	2	1	8	67200	36.96	1.28
D2	Sample 38	2	1	9	72210	36.96	1.28
D2	Sample 38	2	1	10	77200	37	1.28
D2	Sample 38	2	1	11	82210	37	1.28
D2	Sample 38	2	1	12	87220	37	1.28
D2	Sample 38	2	1	13	92210	36.96	1.28
D2	Sample 38	2	1	14	97210	37	1.28
D2	Sample 38	2	1	15	102210	36.96	1.28
D3	Sample 39	2	1	1	32200	36.91	1.41
D3	Sample 39	2	1	2	37200	36.96	1.39
D3	Sample 39	2	1	3	42220	36.96	1.37
D3	Sample 39	2	1	4	47200	37	1.37
D3	Sample 39	2	1	5	52200	37	1.35
D3	Sample 39	2	1	6	57210	37	1.35
D3	Sample 39	2	1	7	62200	36.96	1.34
D3	Sample 39	2	1	8	67200	36.96	1.35
D3	Sample 39	2	1	9	72210	36.96	1.34
D3	Sample 39	2	1	10	77200	37	1.34
D3	Sample 39	2	1	11	82210	37	1.34
D3	Sample 39	2	1	12	87220	37	1.34
D3	Sample 39	2	1	13	92210	36.96	1.34
D3	Sample 39	2	1	14	97210	37	1.35
D3	Sample 39	2	1	15	102210	36.96	1.34
D4	Sample 40	2	1	1	32200	36.91	1.44
D4	Sample 40	2	1	2	37200	36.96	1.42
D4	Sample 40	2	1	3	42220	36.96	1.41
D4	Sample 40	2	1	4	47200	37	1.40
D4	Sample 40	2	1	5	52200	37	1.39
D4	Sample 40	2	1	6	57210	37	1.38
D4	Sample 40	2	1	7	62200	36.96	1.38
D4	Sample 40	2	1	8	67200	36.96	1.38
D4	Sample 40	2	1	9	72210	36.96	1.38
D4	Sample 40	2	1	10	77200	37	1.37
D4	Sample 40	2	1	11	82210	37	1.37
D4	Sample 40	2	1	12	87220	37	1.37
D4	Sample 40	2	1	13	92210	36.96	1.36
D4	Sample 40	2	1	14	97210	37	1.37
D4	Sample 40	2	1	15	102210	36.96	1.38
D5	Sample 41	2	1	1	32200	36.91	0.53
D5	Sample 41	2	1	2	37200	36.96	0.52
D5	Sample 41	2	1	3	42220	36.96	0.52
D5	Sample 41	2	1	4	47200	37	0.52
D5	Sample 41	2	1	5	52200	37	0.51
D5	Sample 41	2	1	6	57210	37	0.52
D5	Sample 41	2	1	7	62200	36.96	0.51
D5	Sample 41	2	1	8	67200	36.96	0.52
D5	Sample 41	2	1	9	72210	36.96	0.51
D5	Sample 41	2	1	10	77200	37	0.51
D5	Sample 41	2	1	11	82210	37	0.52
D5	Sample 41	2	1	12	87220	37	0.51
D5	Sample 41	2	1	13	92210	36.96	0.51
D5	Sample 41	2	1	14	97210	37	0.52
D5	Sample 41	2	1	15	102210	36.96	0.51
D6	Sample 42	2	1	1	32200	36.91	0.54
D6	Sample 42	2	1	2	37200	36.96	0.53
D6	Sample 42	2	1	3	42220	36.96	0.53
D6	Sample 42	2	1	4	47200	37	0.52
D6	Sample 42	2	1	5	52200	37	0.52
D6	Sample 42	2	1	6	57210	37	0.52
D6	Sample 42	2	1	7	62200	36.96	0.52
D6	Sample 42	2	1	8	67200	36.96	0.52
D6	Sample 42	2	1	9	72210	36.96	0.51
D6	Sample 42	2	1	10	77200	37	0.51
D6	Sample 42	2	1	11	82210	37	0.52
D6	Sample 42	2	1	12	87220	37	0.52
D6	Sample 42	2	1	13	92210	36.96	0.51
D6	Sample 42	2	1	14	97210	37	0.51
D6	Sample 42	2	1	15	102210	36.96	0.52
D7	Sample 43	2	1	1	32200	36.91	0.57
D7	Sample 43	2	1	2	37200	36.96	0.57
D7	Sample 43	2	1	3	42220	36.96	0.55
D7	Sample 43	2	1	4	47200	37	0.55
D7	Sample 43	2	1	5	52200	37	0.54
D7	Sample 43	2	1	6	57210	37	0.55
D7	Sample 43	2	1	7	62200	36.96	0.55
D7	Sample 43	2	1	8	67200	36.96	0.55
D7	Sample 43	2	1	9	72210	36.96	0.54
D7	Sample 43	2	1	10	77200	37	0.55
D7	Sample 43	2	1	11	82210	37	0.55
D7	Sample 43	2	1	12	87220	37	0.55
D7	Sample 43	2	1	13	92210	36.96	0.55
D7	Sample 43	2	1	14	97210	37	0.55
D7	Sample 43	2	1	15	102210	36.96	0.54
D8	Sample 44	2	1	1	32200	36.91	0.54
D8	Sample 44	2	1	2	37200	36.96	0.52
D8	Sample 44	2	1	3	42220	36.96	0.52
D8	Sample 44	2	1	4	47200	37	0.52
D8	Sample 44	2	1	5	52200	37	0.51
D8	Sample 44	2	1	6	57210	37	0.52
D8	Sample 44	2	1	7	62200	36.96	0.51
D8	Sample 44	2	1	8	67200	36.96	0.51
D8	Sample 44	2	1	9	72210	36.96	0.51
D8	Sample 44	2	1	10	77200	37	0.51
D8	Sample 44	2	1	11	82210	37	0.52
D8	Sample 44	2	1	12	87220	37	0.51
D8	Sample 44	2	1	13	92210	36.96	0.51
D8	Sample 44	2	1	14	97210	37	0.52
D8	Sample 44	2	1	15	102210	36.96	0.51
D9	Sample 45	2	1	1	32200	36.91	0.92
D9	Sample 45	2	1	2	37200	36.96	0.91
D9	Sample 45	2	1	3	42220	36.96	0.89
D9	Sample 45	2	1	4	47200	37	0.89
D9	Sample 45	2	1	5	52200	37	0.88
D9	Sample 45	2	1	6	57210	37	0.88
D9	Sample 45	2	1	7	62200	36.96	0.87
D9	Sample 45	2	1	8	67200	36.96	0.88
D9	Sample 45	2	1	9	72210	36.96	0.87
D9	Sample 45	2	1	10	77200	37	0.87
D9	Sample 45	2	1	11	82210	37	0.88
D9	Sample 45	2	1	12	87220	37	0.88
D9	Sample 45	2	1	13	92210	36.96	0.87
D9	Sample 45	2	1	14	97210	37	0.88
D9	Sample 45	2	1	15	102210	36.96	0.88
D10	Sample 46	2	1	1	32200	36.91	0.88
D10	Sample 46	2	1	2	37200	36.96	0.88
D10	Sample 46	2	1	3	42220	36.96	0.88
D10	Sample 46	2	1	4	47200	37	0.88
D10	Sample 46	2	1	5	52200	37	0.88
D10	Sample 46	2	1	6	57210	37	0.88
D10	Sample 46	2	1	7	62200	36.96	0.88
D10	Sample 46	2	1	8	67200	36.96	0.89
D10	Sample 46	2	1	9	72210	36.96	0.89
D10	Sample 46	2	1	10	77200	37	0.89
D10	Sample 46	2	1	11	82210	37	0.89
D10	Sample 46	2	1	12	87220	37	0.89
D10	Sample 46	2	1	13	92210	36.96	0.89
D10	Sample 46	2	1	14	97210	37	0.90
D10	Sample 46	2	1	15	102210	36.96	0.89
D11	Sample 47	2	1	1	32200	36.91	1.17
D11	Sample 47	2	1	2	37200	36.96	1.15
D11	Sample 47	2	1	3	42220	36.96	1.15
D11	Sample 47	2	1	4	47200	37	1.14
D11	Sample 47	2	1	5	52200	37	1.13
D11	Sample 47	2	1	6	57210	37	1.13
D11	Sample 47	2	1	7	62200	36.96	1.13
D11	Sample 47	2	1	8	67200	36.96	1.13
D11	Sample 47	2	1	9	72210	36.96	1.12
D11	Sample 47	2	1	10	77200	37	1.12
D11	Sample 47	2	1	11	82210	37	1.13
D11	Sample 47	2	1	12	87220	37	1.13
D11	Sample 47	2	1	13	92210	36.96	1.12
D11	Sample 47	2	1	14	97210	37	1.12
D11	Sample 47	2	1	15	102210	36.96	1.12
D12	Sample 48	2	1	1	32200	36.91	1.09
D12	Sample 48	2	1	2	37200	36.96	1.08
D12	Sample 48	2	1	3	42220	36.96	1.07
D12	Sample 48	2	1	4	47200	37	1.07
D12	Sample 48	2	1	5	52200	37	1.06
D12	Sample 48	2	1	6	57210	37	1.06
D12	Sample 48	2	1	7	62200	36.96	1.06
D12	Sample 48	2	1	8	67200	36.96	1.06
D12	Sample 48	2	1	9	72210	36.96	1.05
D12	Sample 48	2	1	10	77200	37	1.05
D12	Sample 48	2	1	11	82210	37	1.05
D12	Sample 48	2	1	12	87220	37	1.05
D12	Sample 48	2	1	13	92210	36.96	1.04
D12	Sample 48	2	1	14	97210	37	1.05
D12	Sample 48	2	1	15	102210	36.96	1.04
E1	Sample 49	2	1	1	32200	36.91	1.59
E1	Sample 49	2	1	2	37200	36.96	1.57
E1	Sample 49	2	1	3	42220	36.96	1.56
E1	Sample 49	2	1	4	47200	37	1.55
E1	Sample 49	2	1	5	52200	37	1.56
E1	Sample 49	2	1	6	57210	37	1.56
E1	Sample 49	2	1	7	62200	36.96	1.56
E1	Sample 49	2	1	8	67200	36.96	1.55
E1	Sample 49	2	1	9	72210	36.96	1.55
E1	Sample 49	2	1	10	77200	37	1.54
E1	Sample 49	2	1	11	82210	37	1.54
E1	Sample 49	2	1	12	87220	37	1.54
E1	Sample 49	2	1	13	92210	36.96	1.54
E1	Sample 49	2	1	14	97210	37	1.54
E1	Sample 49	2	1	15	102210	36.96	1.54
E2	Sample 50	2	1	1	32200	36.91	1.50
E2	Sample 50	2	1	2	37200	36.96	1.49
E2	Sample 50	2	1	3	42220	36.96	1.47
E2	Sample 50	2	1	4	47200	37	1.46
E2	Sample 50	2	1	5	52200	37	1.45
E2	Sample 50	2	1	6	57210	37	1.45
E2	Sample 50	2	1	7	62200	36.96	1.45
E2	Sample 50	2	1	8	67200	36.96	1.45
E2	Sample 50	2	1	9	72210	36.96	1.44
E2	Sample 50	2	1	10	77200	37	1.43
E2	Sample 50	2	1	11	82210	37	1.44
E2	Sample 50	2	1	12	87220	37	1.44
E2	Sample 50	2	1	13	92210	36.96	1.44
E2	Sample 50	2	1	14	97210	37	1.44
E2	Sample 50	2	1	15	102210	36.96	1.44
E3	Sample 51	2	1	1	32200	36.91	1.73
E3	Sample 51	2	1	2	37200	36.96	1.72
E3	Sample 51	2	1	3	42220	36.96	1.70
E3	Sample 51	2	1	4	47200	37	1.69
E3	Sample 51	2	1	5	52200	37	1.68
E3	Sample 51	2	1	6	57210	37	1.68
E3	Sample 51	2	1	7	62200	36.96	1.68
E3	Sample 51	2	1	8	67200	36.96	1.68
E3	Sample 51	2	1	9	72210	36.96	1.68
E3	Sample 51	2	1	10	77200	37	1.68
E3	Sample 51	2	1	11	82210	37	1.67
E3	Sample 51	2	1	12	87220	37	1.69
E3	Sample 51	2	1	13	92210	36.96	1.68
E3	Sample 51	2	1	14	97210	37	1.68
E3	Sample 51	2	1	15	102210	36.96	1.68
E4	Sample 52	2	1	1	32200	36.91	1.77
E4	Sample 52	2	1	2	37200	36.96	1.74
E4	Sample 52	2	1	3	42220	36.96	1.73
E4	Sample 52	2	1	4	47200	37	1.72
E4	Sample 52	2	1	5	52200	37	1.71
E4	Sample 52	2	1	6	57210	37	1.70
E4	Sample 52	2	1	7	62200	36.96	1.69
E4	Sample 52	2	1	8	67200	36.96	1.69
E4	Sample 52	2	1	9	72210	36.96	1.68
E4	Sample 52	2	1	10	77200	37	1.68
E4	Sample 52	2	1	11	82210	37	1.68
E4	Sample 52	2	1	12	87220	37	1.68
E4	Sample 52	2	1	13	92210	36.96	1.68
E4	Sample 52	2	1	14	97210	37	1.68
E4	Sample 52	2	1	15	102210	36.96	1.68
E5	Sample 53	2	1	1	32200	36.91	0.58
E5	Sample 53	2	1	2	37200	36.96	0.58
E5	Sample 53	2	1	3	42220	36.96	0.56
E5	Sample 53	2	1	4	47200	37	0.56
E5	Sample 53	2	1	5	52200	37	0.56
E5	Sample 53	2	1	6	57210	37	0.56
E5	Sample 53	2	1	7	62200	36.96	0.56
E5	Sample 53	2	1	8	67200	36.96	0.56
E5	Sample 53	2	1	9	72210	36.96	0.55
E5	Sample 53	2	1	10	77200	37	0.55
E5	Sample 53	2	1	11	82210	37	0.55
E5	Sample 53	2	1	12	87220	37	0.56
E5	Sample 53	2	1	13	92210	36.96	0.55
E5	Sample 53	2	1	14	97210	37	0.55
E5	Sample 53	2	1	15	102210	36.96	0.56
E6	Sample 54	2	1	1	32200	36.91	0.53
E6	Sample 54	2	1	2	37200	36.96	0.53
E6	Sample 54	2	1	3	42220	36.96	0.52
E6	Sample 54	2	1	4	47200	37	0.51
E6	Sample 54	2	1	5	52200	37	0.52
E6	Sample 54	2	1	6	57210	37	0.52
E6	Sample 54	2	1	7	62200	36.96	0.52
E6	Sample 54	2	1	8	67200	36.96	0.52
E6	Sample 54	2	1	9	72210	36.96	0.51
E6	Sample 54	2	1	10	77200	37	0.51
E6	Sample 54	2	1	11	82210	37	0.51
E6	Sample 54	2	1	12	87220	37	0.52
E6	Sample 54	2	1	13	92210	36.96	0.52
E6	Sample 54	2	1	14	97210	37	0.51
E6	Sample 54	2	1	15	102210	36.96	0.51
E7	Sample 55	2	1	1	32200	36.91	0.55
E7	Sample 55	2	1	2	37200	36.96	0.54
E7	Sample 55	2	1	3	42220	36.96	0.54
E7	Sample 55	2	1	4	47200	37	0.54
E7	Sample 55	2	1	5	52200	37	0.54
E7	Sample 55	2	1	6	57210	37	0.53
E7	Sample 55	2	1	7	62200	36.96	0.53
E7	Sample 55	2	1	8	67200	36.96	0.53
E7	Sample 55	2	1	9	72210	36.96	0.53
E7	Sample 55	2	1	10	77200	37	0.52
E7	Sample 55	2	1	11	82210	37	0.53
E7	Sample 55	2	1	12	87220	37	0.53
E7	Sample 55	2	1	13	92210	36.96	0.53
E7	Sample 55	2	1	14	97210	37	0.52
E7	Sample 55	2	1	15	102210	36.96	0.53
E8	Sample 56	2	1	1	32200	36.91	0.51
E8	Sample 56	2	1	2	37200	36.96	0.51
E8	Sample 56	2	1	3	42220	36.96	0.51
E8	Sample 56	2	1	4	47200	37	0.50
E8	Sample 56	2	1	5	52200	37	0.51
E8	Sample 56	2	1	6	57210	37	0.50
E8	Sample 56	2	1	7	62200	36.96	0.50
E8	Sample 56	2	1	8	67200	36.96	0.50
E8	Sample 56	2	1	9	72210	36.96	0.50
E8	Sample 56	2	1	10	77200	37	0.50
E8	Sample 56	2	1	11	82210	37	0.49
E8	Sample 56	2	1	12	87220	37	0.49
E8	Sample 56	2	1	13	92210	36.96	0.50
E8	Sample 56	2	1	14	97210	37	0.50
E8	Sample 56	2	1	15	102210	36.96	0.50
E9	Sample 57	2	1	1	32200	36.91	0.99
E9	Sample 57	2	1	2	37200	36.96	0.98
E9	Sample 57	2	1	3	42220	36.96	0.97
E9	Sample 57	2	1	4	47200	37	0.96
E9	Sample 57	2	1	5	52200	37	0.96
E9	Sample 57	2	1	6	57210	37	0.95
E9	Sample 57	2	1	7	62200	36.96	0.95
E9	Sample 57	2	1	8	67200	36.96	0.95
E9	Sample 57	2	1	9	72210	36.96	0.94
E9	Sample 57	2	1	10	77200	37	0.94
E9	Sample 57	2	1	11	82210	37	0.94
E9	Sample 57	2	1	12	87220	37	0.94
E9	Sample 57	2	1	13	92210	36.96	0.94
E9	Sample 57	2	1	14	97210	37	0.94
E9	Sample 57	2	1	15	102210	36.96	0.94
E10	Sample 58	2	1	1	32200	36.91	1.00
E10	Sample 58	2	1	2	37200	36.96	0.99
E10	Sample 58	2	1	3	42220	36.96	0.98
E10	Sample 58	2	1	4	47200	37	0.98
E10	Sample 58	2	1	5	52200	37	0.97
E10	Sample 58	2	1	6	57210	37	0.96
E10	Sample 58	2	1	7	62200	36.96	0.96
E10	Sample 58	2	1	8	67200	36.96	0.97
E10	Sample 58	2	1	9	72210	36.96	0.96
E10	Sample 58	2	1	10	77200	37	0.96
E10	Sample 58	2	1	11	82210	37	0.96
E10	Sample 58	2	1	12	87220	37	0.96
E10	Sample 58	2	1	13	92210	36.96	0.95
E10	Sample 58	2	1	14	97210	37	0.95
E10	Sample 58	2	1	15	102210	36.96	0.95
E11	Sample 59	2	1	1	32200	36.91	1.59
E11	Sample 59	2	1	2	37200	36.96	1.60
E11	Sample 59	2	1	3	42220	36.96	1.59
E11	Sample 59	2	1	4	47200	37	1.59
E11	Sample 59	2	1	5	52200	37	1.59
E11	Sample 59	2	1	6	57210	37	1.59
E11	Sample 59	2	1	7	62200	36.96	1.59
E11	Sample 59	2	1	8	67200	36.96	1.60
E11	Sample 59	2	1	9	72210	36.96	1.59
E11	Sample 59	2	1	10	77200	37	1.59
E11	Sample 59	2	1	11	82210	37	1.59
E11	Sample 59	2	1	12	87220	37	1.59
E11	Sample 59	2	1	13	92210	36.96	1.59
E11	Sample 59	2	1	14	97210	37	1.59
E11	Sample 59	2	1	15	102210	36.96	1.59
E12	Sample 60	2	1	1	32200	36.91	1.53
E12	Sample 60	2	1	2	37200	36.96	1.51
E12	Sample 60	2	1	3	42220	36.96	1.49
E12	Sample 60	2	1	4	47200	37	1.49
E12	Sample 60	2	1	5	52200	37	1.48
E12	Sample 60	2	1	6	57210	37	1.47
E12	Sample 60	2	1	7	62200	36.96	1.47
E12	Sample 60	2	1	8	67200	36.96	1.47
E12	Sample 60	2	1	9	72210	36.96	1.47
E12	Sample 60	2	1	10	77200	37	1.46
E12	Sample 60	2	1	11	82210	37	1.46
E12	Sample 60	2	1	12	87220	37	1.47
E12	Sample 60	2	1	13	92210	36.96	1.46
E12	Sample 60	2	1	14	97210	37	1.47
E12	Sample 60	2	1	15	102210	36.96	1.46
F1	Sample 61	2	1	1	32200	36.91	1.70
F1	Sample 61	2	1	2	37200	36.96	1.69
F1	Sample 61	2	1	3	42220	36.96	1.67
F1	Sample 61	2	1	4	47200	37	1.66
F1	Sample 61	2	1	5	52200	37	1.66
F1	Sample 61	2	1	6	57210	37	1.65
F1	Sample 61	2	1	7	62200	36.96	1.65
F1	Sample 61	2	1	8	67200	36.96	1.66
F1	Sample 61	2	1	9	72210	36.96	1.65
F1	Sample 61	2	1	10	77200	37	1.65
F1	Sample 61	2	1	11	82210	37	1.64
F1	Sample 61	2	1	12	87220	37	1.64
F1	Sample 61	2	1	13	92210	36.96	1.64
F1	Sample 61	2	1	14	97210	37	1.64
F1	Sample 61	2	1	15	102210	36.96	1.65
F2	Sample 62	2	1	1	32200	36.91	1.68
F2	Sample 62	2	1	2	37200	36.96	1.67
F2	Sample 62	2	1	3	42220	36.96	1.65
F2	Sample 62	2	1	4	47200	37	1.63
F2	Sample 62	2	1	5	52200	37	1.63
F2	Sample 62	2	1	6	57210	37	1.62
F2	Sample 62	2	1	7	62200	36.96	1.62
F2	Sample 62	2	1	8	67200	36.96	1.62
F2	Sample 62	2	1	9	72210	36.96	1.61
F2	Sample 62	2	1	10	77200	37	1.62
F2	Sample 62	2	1	11	82210	37	1.62
F2	Sample 62	2	1	12	87220	37	1.62
F2	Sample 62	2	1	13	92210	36.96	1.62
F2	Sample 62	2	1	14	97210	37	1.61
F2	Sample 62	2	1	15	102210	36.96	1.62
F3	Sample 63	2	1	1	32200	36.91	1.75
F3	Sample 63	2	1	2	37200	36.96	1.73
F3	Sample 63	2	1	3	42220	36.96	1.71
F3	Sample 63	2	1	4	47200	37	1.70
F3	Sample 63	2	1	5	52200	37	1.70
F3	Sample 63	2	1	6	57210	37	1.68
F3	Sample 63	2	1	7	62200	36.96	1.67
F3	Sample 63	2	1	8	67200	36.96	1.67
F3	Sample 63	2	1	9	72210	36.96	1.67
F3	Sample 63	2	1	10	77200	37	1.66
F3	Sample 63	2	1	11	82210	37	1.66
F3	Sample 63	2	1	12	87220	37	1.66
F3	Sample 63	2	1	13	92210	36.96	1.66
F3	Sample 63	2	1	14	97210	37	1.66
F3	Sample 63	2	1	15	102210	36.96	1.67
F4	Sample 64	2	1	1	32200	36.91	1.81
F4	Sample 64	2	1	2	37200	36.96	1.79
F4	Sample 64	2	1	3	42220	36.96	1.77
F4	Sample 64	2	1	4	47200	37	1.76
F4	Sample 64	2	1	5	52200	37	1.76
F4	Sample 64	2	1	6	57210	37	1.75
F4	Sample 64	2	1	7	62200	36.96	1.75
F4	Sample 64	2	1	8	67200	36.96	1.74
F4	Sample 64	2	1	9	72210	36.96	1.74
F4	Sample 64	2	1	10	77200	37	1.74
F4	Sample 64	2	1	11	82210	37	1.73
F4	Sample 64	2	1	12	87220	37	1.72
F4	Sample 64	2	1	13	92210	36.96	1.73
F4	Sample 64	2	1	14	97210	37	1.73
F4	Sample 64	2	1	15	102210	36.96	1.73
F5	Sample 65	2	1	1	32200	36.91	0.56
F5	Sample 65	2	1	2	37200	36.96	0.56
F5	Sample 65	2	1	3	42220	36.96	0.54
F5	Sample 65	2	1	4	47200	37	0.54
F5	Sample 65	2	1	5	52200	37	0.54
F5	Sample 65	2	1	6	57210	37	0.54
F5	Sample 65	2	1	7	62200	36.96	0.54
F5	Sample 65	2	1	8	67200	36.96	0.54
F5	Sample 65	2	1	9	72210	36.96	0.54
F5	Sample 65	2	1	10	77200	37	0.54
F5	Sample 65	2	1	11	82210	37	0.54
F5	Sample 65	2	1	12	87220	37	0.54
F5	Sample 65	2	1	13	92210	36.96	0.55
F5	Sample 65	2	1	14	97210	37	0.54
F5	Sample 65	2	1	15	102210	36.96	0.54
F6	Sample 66	2	1	1	32200	36.91	0.53
F6	Sample 66	2	1	2	37200	36.96	0.52
F6	Sample 66	2	1	3	42220	36.96	0.51
F6	Sample 66	2	1	4	47200	37	0.51
F6	Sample 66	2	1	5	52200	37	0.51
F6	Sample 66	2	1	6	57210	37	0.51
F6	Sample 66	2	1	7	62200	36.96	0.51
F6	Sample 66	2	1	8	67200	36.96	0.51
F6	Sample 66	2	1	9	72210	36.96	0.51
F6	Sample 66	2	1	10	77200	37	0.51
F6	Sample 66	2	1	11	82210	37	0.51
F6	Sample 66	2	1	12	87220	37	0.51
F6	Sample 66	2	1	13	92210	36.96	0.51
F6	Sample 66	2	1	14	97210	37	0.50
F6	Sample 66	2	1	15	102210	36.96	0.51
F7	Sample 67	2	1	1	32200	36.91	0.56
F7	Sample 67	2	1	2	37200	36.96	0.55
F7	Sample 67	2	1	3	42220	36.96	0.54
F7	Sample 67	2	1	4	47200	37	0.53
F7	Sample 67	2	1	5	52200	37	0.54
F7	Sample 67	2	1	6	57210	37	0.54
F7	Sample 67	2	1	7	62200	36.96	0.54
F7	Sample 67	2	1	8	67200	36.96	0.54
F7	Sample 67	2	1	9	72210	36.96	0.54
F7	Sample 67	2	1	10	77200	37	0.55
F7	Sample 67	2	1	11	82210	37	0.54
F7	Sample 67	2	1	12	87220	37	0.54
F7	Sample 67	2	1	13	92210	36.96	0.54
F7	Sample 67	2	1	14	97210	37	0.54
F7	Sample 67	2	1	15	102210	36.96	0.54
F8	Sample 68	2	1	1	32200	36.91	0.54
F8	Sample 68	2	1	2	37200	36.96	0.52
F8	Sample 68	2	1	3	42220	36.96	0.52
F8	Sample 68	2	1	4	47200	37	0.51
F8	Sample 68	2	1	5	52200	37	0.52
F8	Sample 68	2	1	6	57210	37	0.51
F8	Sample 68	2	1	7	62200	36.96	0.51
F8	Sample 68	2	1	8	67200	36.96	0.51
F8	Sample 68	2	1	9	72210	36.96	0.51
F8	Sample 68	2	1	10	77200	37	0.52
F8	Sample 68	2	1	11	82210	37	0.52
F8	Sample 68	2	1	12	87220	37	0.51
F8	Sample 68	2	1	13	92210	36.96	0.52
F8	Sample 68	2	1	14	97210	37	0.51
F8	Sample 68	2	1	15	102210	36.96	0.51
F9	Sample 69	2	1	1	32200	36.91	1.65
F9	Sample 69	2	1	2	37200	36.96	1.64
F9	Sample 69	2	1	3	42220	36.96	1.60
F9	Sample 69	2	1	4	47200	37	1.61
F9	Sample 69	2	1	5	52200	37	1.61
F9	Sample 69	2	1	6	57210	37	1.60
F9	Sample 69	2	1	7	62200	36.96	1.59
F9	Sample 69	2	1	8	67200	36.96	1.59
F9	Sample 69	2	1	9	72210	36.96	1.59
F9	Sample 69	2	1	10	77200	37	1.59
F9	Sample 69	2	1	11	82210	37	1.58
F9	Sample 69	2	1	12	87220	37	1.59
F9	Sample 69	2	1	13	92210	36.96	1.59
F9	Sample 69	2	1	14	97210	37	1.58
F9	Sample 69	2	1	15	102210	36.96	1.59
F10	Sample 70	2	1	1	32200	36.91	1.50
F10	Sample 70	2	1	2	37200	36.96	1.51
F10	Sample 70	2	1	3	42220	36.96	1.51
F10	Sample 70	2	1	4	47200	37	1.53
F10	Sample 70	2	1	5	52200	37	1.53
F10	Sample 70	2	1	6	57210	37	1.53
F10	Sample 70	2	1	7	62200	36.96	1.52
F10	Sample 70	2	1	8	67200	36.96	1.53
F10	Sample 70	2	1	9	72210	36.96	1.53
F10	Sample 70	2	1	10	77200	37	1.53
F10	Sample 70	2	1	11	82210	37	1.52
F10	Sample 70	2	1	12	87220	37	1.54
F10	Sample 70	2	1	13	92210	36.96	1.53
F10	Sample 70	2	1	14	97210	37	1.53
F10	Sample 70	2	1	15	102210	36.96	1.53
F11	Sample 71	2	1	1	32200	36.91	1.67
F11	Sample 71	2	1	2	37200	36.96	1.69
F11	Sample 71	2	1	3	42220	36.96	1.68
F11	Sample 71	2	1	4	47200	37	1.69
F11	Sample 71	2	1	5	52200	37	1.70
F11	Sample 71	2	1	6	57210	37	1.70
F11	Sample 71	2	1	7	62200	36.96	1.70
F11	Sample 71	2	1	8	67200	36.96	1.71
F11	Sample 71	2	1	9	72210	36.96	1.71
F11	Sample 71	2	1	10	77200	37	1.71
F11	Sample 71	2	1	11	82210	37	1.70
F11	Sample 71	2	1	12	87220	37	1.71
F11	Sample 71	2	1	13	92210	36.96	1.72
F11	Sample 71	2	1	14	97210	37	1.71
F11	Sample 71	2	1	15	102210	36.96	1.71
F12	Sample 72	2	1	1	32200	36.91	1.62
F12	Sample 72	2	1	2	37200	36.96	1.60
F12	Sample 72	2	1	3	42220	36.96	1.58
F12	Sample 72	2	1	4	47200	37	1.58
F12	Sample 72	2	1	5	52200	37	1.58
F12	Sample 72	2	1	6	57210	37	1.57
F12	Sample 72	2	1	7	62200	36.96	1.57
F12	Sample 72	2	1	8	67200	36.96	1.57
F12	Sample 72	2	1	9	72210	36.96	1.57
F12	Sample 72	2	1	10	77200	37	1.57
F12	Sample 72	2	1	11	82210	37	1.56
F12	Sample 72	2	1	12	87220	37	1.56
F12	Sample 72	2	1	13	92210	36.96	1.57
F12	Sample 72	2	1	14	97210	37	1.56
F12	Sample 72	2	1	15	102210	36.96	1.56
G1	Sample 73	2	1	1	32200	36.91	1.77
G1	Sample 73	2	1	2	37200	36.96	1.76
G1	Sample 73	2	1	3	42220	36.96	1.74
G1	Sample 73	2	1	4	47200	37	1.73
G1	Sample 73	2	1	5	52200	37	1.73
G1	Sample 73	2	1	6	57210	37	1.72
G1	Sample 73	2	1	7	62200	36.96	1.72
G1	Sample 73	2	1	8	67200	36.96	1.73
G1	Sample 73	2	1	9	72210	36.96	1.72
G1	Sample 73	2	1	10	77200	37	1.73
G1	Sample 73	2	1	11	82210	37	1.73
G1	Sample 73	2	1	12	87220	37	1.73
G1	Sample 73	2	1	13	92210	36.96	1.72
G1	Sample 73	2	1	14	97210	37	1.73
G1	Sample 73	2	1	15	102210	36.96	1.72
G2	Sample 74	2	1	1	32200	36.91	1.70
G2	Sample 74	2	1	2	37200	36.96	1.69
G2	Sample 74	2	1	3	42220	36.96	1.67
G2	Sample 74	2	1	4	47200	37	1.66
G2	Sample 74	2	1	5	52200	37	1.65
G2	Sample 74	2	1	6	57210	37	1.65
G2	Sample 74	2	1	7	62200	36.96	1.64
G2	Sample 74	2	1	8	67200	36.96	1.65
G2	Sample 74	2	1	9	72210	36.96	1.64
G2	Sample 74	2	1	10	77200	37	1.63
G2	Sample 74	2	1	11	82210	37	1.64
G2	Sample 74	2	1	12	87220	37	1.63
G2	Sample 74	2	1	13	92210	36.96	1.64
G2	Sample 74	2	1	14	97210	37	1.63
G2	Sample 74	2	1	15	102210	36.96	1.64
G3	Sample 75	2	1	1	32200	36.91	1.84
G3	Sample 75	2	1	2	37200	36.96	1.82
G3	Sample 75	2	1	3	42220	36.96	1.81
G3	Sample 75	2	1	4	47200	37	1.80
G3	Sample 75	2	1	5	52200	37	1.80
G3	Sample 75	2	1	6	57210	37	1.78
G3	Sample 75	2	1	7	62200	36.96	1.77
G3	Sample 75	2	1	8	67200	36.96	1.77
G3	Sample 75	2	1	9	72210	36.96	1.77
G3	Sample 75	2	1	10	77200	37	1.77
G3	Sample 75	2	1	11	82210	37	1.77
G3	Sample 75	2	1	12	87220	37	1.77
G3	Sample 75	2	1	13	92210	36.96	1.76
G3	Sample 75	2	1	14	97210	37	1.77
G3	Sample 75	2	1	15	102210	36.96	1.77
G4	Sample 76	2	1	1	32200	36.91	1.81
G4	Sample 76	2	1	2	37200	36.96	1.78
G4	Sample 76	2	1	3	42220	36.96	1.76
G4	Sample 76	2	1	4	47200	37	1.76
G4	Sample 76	2	1	5	52200	37	1.75
G4	Sample 76	2	1	6	57210	37	1.74
G4	Sample 76	2	1	7	62200	36.96	1.74
G4	Sample 76	2	1	8	67200	36.96	1.75
G4	Sample 76	2	1	9	72210	36.96	1.74
G4	Sample 76	2	1	10	77200	37	1.74
G4	Sample 76	2	1	11	82210	37	1.74
G4	Sample 76	2	1	12	87220	37	1.73
G4	Sample 76	2	1	13	92210	36.96	1.73
G4	Sample 76	2	1	14	97210	37	1.73
G4	Sample 76	2	1	15	102210	36.96	1.73
G5	Sample 77	2	1	1	32200	36.91	0.57
G5	Sample 77	2	1	2	37200	36.96	0.56
G5	Sample 77	2	1	3	42220	36.96	0.56
G5	Sample 77	2	1	4	47200	37	0.55
G5	Sample 77	2	1	5	52200	37	0.55
G5	Sample 77	2	1	6	57210	37	0.55
G5	Sample 77	2	1	7	62200	36.96	0.55
G5	Sample 77	2	1	8	67200	36.96	0.55
G5	Sample 77	2	1	9	72210	36.96	0.55
G5	Sample 77	2	1	10	77200	37	0.55
G5	Sample 77	2	1	11	82210	37	0.55
G5	Sample 77	2	1	12	87220	37	0.55
G5	Sample 77	2	1	13	92210	36.96	0.55
G5	Sample 77	2	1	14	97210	37	0.55
G5	Sample 77	2	1	15	102210	36.96	0.54
G6	Sample 78	2	1	1	32200	36.91	0.55
G6	Sample 78	2	1	2	37200	36.96	0.54
G6	Sample 78	2	1	3	42220	36.96	0.53
G6	Sample 78	2	1	4	47200	37	0.53
G6	Sample 78	2	1	5	52200	37	0.53
G6	Sample 78	2	1	6	57210	37	0.53
G6	Sample 78	2	1	7	62200	36.96	0.53
G6	Sample 78	2	1	8	67200	36.96	0.53
G6	Sample 78	2	1	9	72210	36.96	0.52
G6	Sample 78	2	1	10	77200	37	0.53
G6	Sample 78	2	1	11	82210	37	0.52
G6	Sample 78	2	1	12	87220	37	0.53
G6	Sample 78	2	1	13	92210	36.96	0.52
G6	Sample 78	2	1	14	97210	37	0.52
G6	Sample 78	2	1	15	102210	36.96	0.52
G7	Sample 79	2	1	1	32200	36.91	0.54
G7	Sample 79	2	1	2	37200	36.96	0.52
G7	Sample 79	2	1	3	42220	36.96	0.52
G7	Sample 79	2	1	4	47200	37	0.52
G7	Sample 79	2	1	5	52200	37	0.52
G7	Sample 79	2	1	6	57210	37	0.52
G7	Sample 79	2	1	7	62200	36.96	0.52
G7	Sample 79	2	1	8	67200	36.96	0.52
G7	Sample 79	2	1	9	72210	36.96	0.52
G7	Sample 79	2	1	10	77200	37	0.52
G7	Sample 79	2	1	11	82210	37	0.51
G7	Sample 79	2	1	12	87220	37	0.52
G7	Sample 79	2	1	13	92210	36.96	0.52
G7	Sample 79	2	1	14	97210	37	0.52
G7	Sample 79	2	1	15	102210	36.96	0.52
G8	Sample 80	2	1	1	32200	36.91	0.53
G8	Sample 80	2	1	2	37200	36.96	0.52
G8	Sample 80	2	1	3	42220	36.96	0.51
G8	Sample 80	2	1	4	47200	37	0.52
G8	Sample 80	2	1	5	52200	37	0.52
G8	Sample 80	2	1	6	57210	37	0.51
G8	Sample 80	2	1	7	62200	36.96	0.51
G8	Sample 80	2	1	8	67200	36.96	0.51
G8	Sample 80	2	1	9	72210	36.96	0.50
G8	Sample 80	2	1	10	77200	37	0.51
G8	Sample 80	2	1	11	82210	37	0.51
G8	Sample 80	2	1	12	87220	37	0.50
G8	Sample 80	2	1	13	92210	36.96	0.51
G8	Sample 80	2	1	14	97210	37	0.50
G8	Sample 80	2	1	15	102210	36.96	0.50
G9	Sample 81	2	1	1	32200	36.91	1.72
G9	Sample 81	2	1	2	37200	36.96	1.70
G9	Sample 81	2	1	3	42220	36.96	1.68
G9	Sample 81	2	1	4	47200	37	1.68
G9	Sample 81	2	1	5	52200	37	1.67
G9	Sample 81	2	1	6	57210	37	1.67
G9	Sample 81	2	1	7	62200	36.96	1.67
G9	Sample 81	2	1	8	67200	36.96	1.66
G9	Sample 81	2	1	9	72210	36.96	1.66
G9	Sample 81	2	1	10	77200	37	1.66
G9	Sample 81	2	1	11	82210	37	1.65
G9	Sample 81	2	1	12	87220	37	1.65
G9	Sample 81	2	1	13	92210	36.96	1.66
G9	Sample 81	2	1	14	97210	37	1.65
G9	Sample 81	2	1	15	102210	36.96	1.66
G10	Sample 82	2	1	1	32200	36.91	1.71
G10	Sample 82	2	1	2	37200	36.96	1.68
G10	Sample 82	2	1	3	42220	36.96	1.67
G10	Sample 82	2	1	4	47200	37	1.66
G10	Sample 82	2	1	5	52200	37	1.66
G10	Sample 82	2	1	6	57210	37	1.65
G10	Sample 82	2	1	7	62200	36.96	1.66
G10	Sample 82	2	1	8	67200	36.96	1.65
G10	Sample 82	2	1	9	72210	36.96	1.64
G10	Sample 82	2	1	10	77200	37	1.65
G10	Sample 82	2	1	11	82210	37	1.64
G10	Sample 82	2	1	12	87220	37	1.64
G10	Sample 82	2	1	13	92210	36.96	1.64
G10	Sample 82	2	1	14	97210	37	1.63
G10	Sample 82	2	1	15	102210	36.96	1.63
G11	Sample 83	2	1	1	32200	36.91	1.73
G11	Sample 83	2	1	2	37200	36.96	1.72
G11	Sample 83	2	1	3	42220	36.96	1.70
G11	Sample 83	2	1	4	47200	37	1.69
G11	Sample 83	2	1	5	52200	37	1.69
G11	Sample 83	2	1	6	57210	37	1.67
G11	Sample 83	2	1	7	62200	36.96	1.68
G11	Sample 83	2	1	8	67200	36.96	1.68
G11	Sample 83	2	1	9	72210	36.96	1.67
G11	Sample 83	2	1	10	77200	37	1.68
G11	Sample 83	2	1	11	82210	37	1.68
G11	Sample 83	2	1	12	87220	37	1.68
G11	Sample 83	2	1	13	92210	36.96	1.68
G11	Sample 83	2	1	14	97210	37	1.67
G11	Sample 83	2	1	15	102210	36.96	1.67
G12	Sample 84	2	1	1	32200	36.91	1.58
G12	Sample 84	2	1	2	37200	36.96	1.57
G12	Sample 84	2	1	3	42220	36.96	1.56
G12	Sample 84	2	1	4	47200	37	1.54
G12	Sample 84	2	1	5	52200	37	1.55
G12	Sample 84	2	1	6	57210	37	1.54
G12	Sample 84	2	1	7	62200	36.96	1.54
G12	Sample 84	2	1	8	67200	36.96	1.55
G12	Sample 84	2	1	9	72210	36.96	1.54
G12	Sample 84	2	1	10	77200	37	1.54
G12	Sample 84	2	1	11	82210	37	1.53
G12	Sample 84	2	1	12	87220	37	1.54
G12	Sample 84	2	1	13	92210	36.96	1.54
G12	Sample 84	2	1	14	97210	37	1.53
G12	Sample 84	2	1	15	102210	36.96	1.53
H1	Sample 85	2	1	1	32200	36.91	1.84
H1	Sample 85	2	1	2	37200	36.96	1.82
H1	Sample 85	2	1	3	42220	36.96	1.81
H1	Sample 85	2	1	4	47200	37	1.82
H1	Sample 85	2	1	5	52200	37	1.81
H1	Sample 85	2	1	6	57210	37	1.82
H1	Sample 85	2	1	7	62200	36.96	1.83
H1	Sample 85	2	1	8	67200	36.96	1.82
H1	Sample 85	2	1	9	72210	36.96	1.82
H1	Sample 85	2	1	10	77200	37	1.82
H1	Sample 85	2	1	11	82210	37	1.82
H1	Sample 85	2	1	12	87220	37	1.82
H1	Sample 85	2	1	13	92210	36.96	1.81
H1	Sample 85	2	1	14	97210	37	1.82
H1	Sample 85	2	1	15	102210	36.96	1.81
H2	Sample 86	2	1	1	32200	36.91	1.64
H2	Sample 86	2	1	2	37200	36.96	1.62
H2	Sample 86	2	1	3	42220	36.96	1.60
H2	Sample 86	2	1	4	47200	37	1.60
H2	Sample 86	2	1	5	52200	37	1.59
H2	Sample 86	2	1	6	57210	37	1.59
H2	Sample 86	2	1	7	62200	36.96	1.59
H2	Sample 86	2	1	8	67200	36.96	1.58
H2	Sample 86	2	1	9	72210	36.96	1.57
H2	Sample 86	2	1	10	77200	37	1.57
H2	Sample 86	2	1	11	82210	37	1.58
H2	Sample 86	2	1	12	87220	37	1.57
H2	Sample 86	2	1	13	92210	36.96	1.57
H2	Sample 86	2	1	14	97210	37	1.58
H2	Sample 86	2	1	15	102210	36.96	1.57
H3	Sample 87	2	1	1	32200	36.91	1.76
H3	Sample 87	2	1	2	37200	36.96	1.75
H3	Sample 87	2	1	3	42220	36.96	1.72
H3	Sample 87	2	1	4	47200	37	1.72
H3	Sample 87	2	1	5	52200	37	1.72
H3	Sample 87	2	1	6	57210	37	1.71
H3	Sample 87	2	1	7	62200	36.96	1.71
H3	Sample 87	2	1	8	67200	36.96	1.71
H3	Sample 87	2	1	9	72210	36.96	1.70
H3	Sample 87	2	1	10	77200	37	1.70
H3	Sample 87	2	1	11	82210	37	1.71
H3	Sample 87	2	1	12	87220	37	1.70
H3	Sample 87	2	1	13	92210	36.96	1.71
H3	Sample 87	2	1	14	97210	37	1.71
H3	Sample 87	2	1	15	102210	36.96	1.71
H4	Sample 88	2	1	1	32200	36.91	1.79
H4	Sample 88	2	1	2	37200	36.96	1.77
H4	Sample 88	2	1	3	42220	36.96	1.75
H4	Sample 88	2	1	4	47200	37	1.74
H4	Sample 88	2	1	5	52200	37	1.74
H4	Sample 88	2	1	6	57210	37	1.74
H4	Sample 88	2	1	7	62200	36.96	1.74
H4	Sample 88	2	1	8	67200	36.96	1.74
H4	Sample 88	2	1	9	72210	36.96	1.73
H4	Sample 88	2	1	10	77200	37	1.73
H4	Sample 88	2	1	11	82210	37	1.73
H4	Sample 88	2	1	12	87220	37	1.73
H4	Sample 88	2	1	13	92210	36.96	1.72
H4	Sample 88	2	1	14	97210	37	1.73
H4	Sample 88	2	1	15	102210	36.96	1.72
H5	Sample 89	2	1	1	32200	36.91	0.56
H5	Sample 89	2	1	2	37200	36.96	0.55
H5	Sample 89	2	1	3	42220	36.96	0.54
H5	Sample 89	2	1	4	47200	37	0.54
H5	Sample 89	2	1	5	52200	37	0.54
H5	Sample 89	2	1	6	57210	37	0.54
H5	Sample 89	2	1	7	62200	36.96	0.54
H5	Sample 89	2	1	8	67200	36.96	0.55
H5	Sample 89	2	1	9	72210	36.96	0.54
H5	Sample 89	2	1	10	77200	37	0.54
H5	Sample 89	2	1	11	82210	37	0.54
H5	Sample 89	2	1	12	87220	37	0.54
H5	Sample 89	2	1	13	92210	36.96	0.54
H5	Sample 89	2	1	14	97210	37	0.54
H5	Sample 89	2	1	15	102210	36.96	0.54
H6	Sample 90	2	1	1	32200	36.91	0.55
H6	Sample 90	2	1	2	37200	36.96	0.55
H6	Sample 90	2	1	3	42220	36.96	0.53
H6	Sample 90	2	1	4	47200	37	0.53
H6	Sample 90	2	1	5	52200	37	0.53
H6	Sample 90	2	1	6	57210	37	0.53
H6	Sample 90	2	1	7	62200	36.96	0.54
H6	Sample 90	2	1	8	67200	36.96	0.54
H6	Sample 90	2	1	9	72210	36.96	0.53
H6	Sample 90	2	1	10	77200	37	0.53
H6	Sample 90	2	1	11	82210	37	0.53
H6	Sample 90	2	1	12	87220	37	0.52
H6	Sample 90	2	1	13	92210	36.96	0.53
H6	Sample 90	2	1	14	97210	37	0.53
H6	Sample 90	2	1	15	102210	36.96	0.53
H7	Sample 91	2	1	1	32200	36.91	0.56
H7	Sample 91	2	1	2	37200	36.96	0.55
H7	Sample 91	2	1	3	42220	36.96	0.54
H7	Sample 91	2	1	4	47200	37	0.54
H7	Sample 91	2	1	5	52200	37	0.54
H7	Sample 91	2	1	6	57210	37	0.54
H7	Sample 91	2	1	7	62200	36.96	0.54
H7	Sample 91	2	1	8	67200	36.96	0.55
H7	Sample 91	2	1	9	72210	36.96	0.54
H7	Sample 91	2	1	10	77200	37	0.54
H7	Sample 91	2	1	11	82210	37	0.54
H7	Sample 91	2	1	12	87220	37	0.53
H7	Sample 91	2	1	13	92210	36.96	0.54
H7	Sample 91	2	1	14	97210	37	0.54
H7	Sample 91	2	1	15	102210	36.96	0.54
H8	Sample 92	2	1	1	32200	36.91	0.55
H8	Sample 92	2	1	2	37200	36.96	0.54
H8	Sample 92	2	1	3	42220	36.96	0.53
H8	Sample 92	2	1	4	47200	37	0.53
H8	Sample 92	2	1	5	52200	37	0.53
H8	Sample 92	2	1	6	57210	37	0.53
H8	Sample 92	2	1	7	62200	36.96	0.53
H8	Sample 92	2	1	8	67200	36.96	0.52
H8	Sample 92	2	1	9	72210	36.96	0.52
H8	Sample 92	2	1	10	77200	37	0.52
H8	Sample 92	2	1	11	82210	37	0.53
H8	Sample 92	2	1	12	87220	37	0.52
H8	Sample 92	2	1	13	92210	36.96	0.52
H8	Sample 92	2	1	14	97210	37	0.52
H8	Sample 92	2	1	15	102210	36.96	0.53
H9	Sample 93	2	1	1	32200	36.91	1.68
H9	Sample 93	2	1	2	37200	36.96	1.66
H9	Sample 93	2	1	3	42220	36.96	1.64
H9	Sample 93	2	1	4	47200	37	1.63
H9	Sample 93	2	1	5	52200	37	1.63
H9	Sample 93	2	1	6	57210	37	1.62
H9	Sample 93	2	1	7	62200	36.96	1.62
H9	Sample 93	2	1	8	67200	36.96	1.62
H9	Sample 93	2	1	9	72210	36.96	1.62
H9	Sample 93	2	1	10	77200	37	1.62
H9	Sample 93	2	1	11	82210	37	1.62
H9	Sample 93	2	1	12	87220	37	1.62
H9	Sample 93	2	1	13	92210	36.96	1.61
H9	Sample 93	2	1	14	97210	37	1.62
H9	Sample 93	2	1	15	102210	36.96	1.62
H10	Sample 94	2	1	1	32200	36.91	1.64
H10	Sample 94	2	1	2	37200	36.96	1.62
H10	Sample 94	2	1	3	42220	36.96	1.60
H10	Sample 94	2	1	4	47200	37	1.60
H10	Sample 94	2	1	5	52200	37	1.59
H10	Sample 94	2	1	6	57210	37	1.60
H10	Sample 94	2	1	7	62200	36.96	1.59
H10	Sample 94	2	1	8	67200	36.96	1.59
H10	Sample 94	2	1	9	72210	36.96	1.59
H10	Sample 94	2	1	10	77200	37	1.58
H10	Sample 94	2	1	11	82210	37	1.59
H10	Sample 94	2	1	12	87220	37	1.58
H10	Sample 94	2	1	13	92210	36.96	1.59
H10	Sample 94	2	1	14	97210	37	1.59
H10	Sample 94	2	1	15	102210	36.96	1.59
H11	Sample 95	2	1	1	32200	36.91	1.57
H11	Sample 95	2	1	2	37200	36.96	1.55
H11	Sample 95	2	1	3	42220	36.96	1.53
H11	Sample 95	2	1	4	47200	37	1.53
H11	Sample 95	2	1	5	52200	37	1.52
H11	Sample 95	2	1	6	57210	37	1.52
H11	Sample 95	2	1	7	62200	36.96	1.52
H11	Sample 95	2	1	8	67200	36.96	1.52
H11	Sample 95	2	1	9	72210	36.96	1.52
H11	Sample 95	2	1	10	77200	37	1.52
H11	Sample 95	2	1	11	82210	37	1.52
H11	Sample 95	2	1	12	87220	37	1.52
H11	Sample 95	2	1	13	92210	36.96	1.52
H11	Sample 95	2	1	14	97210	37	1.52
H11	Sample 95	2	1	15	102210	36.96	1.52
H12	Sample 96	2	1	1	32200	36.91	1.54
H12	Sample 96	2	1	2	37200	36.96	1.52
H12	Sample 96	2	1	3	42220	36.96	1.52
H12	Sample 96	2	1	4	47200	37	1.50
H12	Sample 96	2	1	5	52200	37	1.50
H12	Sample 96	2	1	6	57210	37	1.49
H12	Sample 96	2	1	7	62200	36.96	1.50
H12	Sample 96	2	1	8	67200	36.96	1.50
H12	Sample 96	2	1	9	72210	36.96	1.50
H12	Sample 96	2	1	10	77200	37	1.50
H12	Sample 96	2	1	11	82210	37	1.49
H12	Sample 96	2	1	12	87220	37	1.49
H12	Sample 96	2	1	13	92210	36.96	1.50
H12	Sample 96	2	1	14	97210	37	1.50
H12	Sample 96	2	1	15	102210	36.96	1.49
