Raw Data 		Experiment - evIC50_4_plate4.1_13APRIL2026 (Run on LCS480 1.5.1.62)
SamplePos	SampleName	Prog#	Seg#	Cycle#	Time	Temp	465-510	
A1	Sample 1	2	1	1	34740	36.96	0.96
A1	Sample 1	2	1	2	39780	37	0.96
A1	Sample 1	2	1	3	44770	36.96	0.96
A1	Sample 1	2	1	4	49780	37	0.97
A1	Sample 1	2	1	5	54770	37	0.97
A1	Sample 1	2	1	6	59770	36.96	0.97
A1	Sample 1	2	1	7	64760	37	0.97
A1	Sample 1	2	1	8	69770	36.96	0.97
A1	Sample 1	2	1	9	74790	36.96	0.96
A1	Sample 1	2	1	10	79780	36.96	0.97
A1	Sample 1	2	1	11	84770	36.96	0.97
A1	Sample 1	2	1	12	89770	36.96	0.96
A1	Sample 1	2	1	13	94780	37	0.97
A1	Sample 1	2	1	14	99770	37	0.97
A1	Sample 1	2	1	15	104770	37	0.96
A2	Sample 2	2	1	1	34740	36.96	0.95
A2	Sample 2	2	1	2	39780	37	0.96
A2	Sample 2	2	1	3	44770	36.96	0.96
A2	Sample 2	2	1	4	49780	37	0.96
A2	Sample 2	2	1	5	54770	37	0.96
A2	Sample 2	2	1	6	59770	36.96	0.96
A2	Sample 2	2	1	7	64760	37	0.96
A2	Sample 2	2	1	8	69770	36.96	0.96
A2	Sample 2	2	1	9	74790	36.96	0.96
A2	Sample 2	2	1	10	79780	36.96	0.97
A2	Sample 2	2	1	11	84770	36.96	0.96
A2	Sample 2	2	1	12	89770	36.96	0.96
A2	Sample 2	2	1	13	94780	37	0.97
A2	Sample 2	2	1	14	99770	37	0.97
A2	Sample 2	2	1	15	104770	37	0.96
A3	Sample 3	2	1	1	34740	36.96	1.05
A3	Sample 3	2	1	2	39780	37	1.06
A3	Sample 3	2	1	3	44770	36.96	1.05
A3	Sample 3	2	1	4	49780	37	1.06
A3	Sample 3	2	1	5	54770	37	1.06
A3	Sample 3	2	1	6	59770	36.96	1.05
A3	Sample 3	2	1	7	64760	37	1.06
A3	Sample 3	2	1	8	69770	36.96	1.07
A3	Sample 3	2	1	9	74790	36.96	1.05
A3	Sample 3	2	1	10	79780	36.96	1.05
A3	Sample 3	2	1	11	84770	36.96	1.06
A3	Sample 3	2	1	12	89770	36.96	1.05
A3	Sample 3	2	1	13	94780	37	1.05
A3	Sample 3	2	1	14	99770	37	1.05
A3	Sample 3	2	1	15	104770	37	1.05
A4	Sample 4	2	1	1	34740	36.96	1.04
A4	Sample 4	2	1	2	39780	37	1.04
A4	Sample 4	2	1	3	44770	36.96	1.04
A4	Sample 4	2	1	4	49780	37	1.04
A4	Sample 4	2	1	5	54770	37	1.05
A4	Sample 4	2	1	6	59770	36.96	1.04
A4	Sample 4	2	1	7	64760	37	1.05
A4	Sample 4	2	1	8	69770	36.96	1.05
A4	Sample 4	2	1	9	74790	36.96	1.04
A4	Sample 4	2	1	10	79780	36.96	1.05
A4	Sample 4	2	1	11	84770	36.96	1.05
A4	Sample 4	2	1	12	89770	36.96	1.04
A4	Sample 4	2	1	13	94780	37	1.05
A4	Sample 4	2	1	14	99770	37	1.04
A4	Sample 4	2	1	15	104770	37	1.04
A5	Sample 5	2	1	1	34740	36.96	2.70
A5	Sample 5	2	1	2	39780	37	2.71
A5	Sample 5	2	1	3	44770	36.96	2.72
A5	Sample 5	2	1	4	49780	37	2.72
A5	Sample 5	2	1	5	54770	37	2.72
A5	Sample 5	2	1	6	59770	36.96	2.72
A5	Sample 5	2	1	7	64760	37	2.72
A5	Sample 5	2	1	8	69770	36.96	2.72
A5	Sample 5	2	1	9	74790	36.96	2.71
A5	Sample 5	2	1	10	79780	36.96	2.72
A5	Sample 5	2	1	11	84770	36.96	2.72
A5	Sample 5	2	1	12	89770	36.96	2.72
A5	Sample 5	2	1	13	94780	37	2.71
A5	Sample 5	2	1	14	99770	37	2.71
A5	Sample 5	2	1	15	104770	37	2.71
A6	Sample 6	2	1	1	34740	36.96	2.67
A6	Sample 6	2	1	2	39780	37	2.69
A6	Sample 6	2	1	3	44770	36.96	2.69
A6	Sample 6	2	1	4	49780	37	2.70
A6	Sample 6	2	1	5	54770	37	2.69
A6	Sample 6	2	1	6	59770	36.96	2.70
A6	Sample 6	2	1	7	64760	37	2.70
A6	Sample 6	2	1	8	69770	36.96	2.70
A6	Sample 6	2	1	9	74790	36.96	2.70
A6	Sample 6	2	1	10	79780	36.96	2.69
A6	Sample 6	2	1	11	84770	36.96	2.70
A6	Sample 6	2	1	12	89770	36.96	2.70
A6	Sample 6	2	1	13	94780	37	2.69
A6	Sample 6	2	1	14	99770	37	2.69
A6	Sample 6	2	1	15	104770	37	2.70
A7	Sample 7	2	1	1	34740	36.96	2.80
A7	Sample 7	2	1	2	39780	37	2.82
A7	Sample 7	2	1	3	44770	36.96	2.83
A7	Sample 7	2	1	4	49780	37	2.83
A7	Sample 7	2	1	5	54770	37	2.84
A7	Sample 7	2	1	6	59770	36.96	2.83
A7	Sample 7	2	1	7	64760	37	2.85
A7	Sample 7	2	1	8	69770	36.96	2.84
A7	Sample 7	2	1	9	74790	36.96	2.84
A7	Sample 7	2	1	10	79780	36.96	2.84
A7	Sample 7	2	1	11	84770	36.96	2.84
A7	Sample 7	2	1	12	89770	36.96	2.84
A7	Sample 7	2	1	13	94780	37	2.84
A7	Sample 7	2	1	14	99770	37	2.84
A7	Sample 7	2	1	15	104770	37	2.83
A8	Sample 8	2	1	1	34740	36.96	2.45
A8	Sample 8	2	1	2	39780	37	2.46
A8	Sample 8	2	1	3	44770	36.96	2.47
A8	Sample 8	2	1	4	49780	37	2.47
A8	Sample 8	2	1	5	54770	37	2.48
A8	Sample 8	2	1	6	59770	36.96	2.47
A8	Sample 8	2	1	7	64760	37	2.49
A8	Sample 8	2	1	8	69770	36.96	2.47
A8	Sample 8	2	1	9	74790	36.96	2.48
A8	Sample 8	2	1	10	79780	36.96	2.48
A8	Sample 8	2	1	11	84770	36.96	2.49
A8	Sample 8	2	1	12	89770	36.96	2.47
A8	Sample 8	2	1	13	94780	37	2.48
A8	Sample 8	2	1	14	99770	37	2.47
A8	Sample 8	2	1	15	104770	37	2.48
A9	Sample 9	2	1	1	34740	36.96	1.24
A9	Sample 9	2	1	2	39780	37	1.25
A9	Sample 9	2	1	3	44770	36.96	1.25
A9	Sample 9	2	1	4	49780	37	1.25
A9	Sample 9	2	1	5	54770	37	1.25
A9	Sample 9	2	1	6	59770	36.96	1.26
A9	Sample 9	2	1	7	64760	37	1.26
A9	Sample 9	2	1	8	69770	36.96	1.25
A9	Sample 9	2	1	9	74790	36.96	1.25
A9	Sample 9	2	1	10	79780	36.96	1.25
A9	Sample 9	2	1	11	84770	36.96	1.26
A9	Sample 9	2	1	12	89770	36.96	1.25
A9	Sample 9	2	1	13	94780	37	1.25
A9	Sample 9	2	1	14	99770	37	1.25
A9	Sample 9	2	1	15	104770	37	1.25
A10	Sample 10	2	1	1	34740	36.96	1.29
A10	Sample 10	2	1	2	39780	37	1.30
A10	Sample 10	2	1	3	44770	36.96	1.30
A10	Sample 10	2	1	4	49780	37	1.29
A10	Sample 10	2	1	5	54770	37	1.29
A10	Sample 10	2	1	6	59770	36.96	1.30
A10	Sample 10	2	1	7	64760	37	1.30
A10	Sample 10	2	1	8	69770	36.96	1.30
A10	Sample 10	2	1	9	74790	36.96	1.29
A10	Sample 10	2	1	10	79780	36.96	1.30
A10	Sample 10	2	1	11	84770	36.96	1.31
A10	Sample 10	2	1	12	89770	36.96	1.30
A10	Sample 10	2	1	13	94780	37	1.29
A10	Sample 10	2	1	14	99770	37	1.29
A10	Sample 10	2	1	15	104770	37	1.29
A11	Sample 11	2	1	1	34740	36.96	1.28
A11	Sample 11	2	1	2	39780	37	1.28
A11	Sample 11	2	1	3	44770	36.96	1.28
A11	Sample 11	2	1	4	49780	37	1.28
A11	Sample 11	2	1	5	54770	37	1.28
A11	Sample 11	2	1	6	59770	36.96	1.28
A11	Sample 11	2	1	7	64760	37	1.29
A11	Sample 11	2	1	8	69770	36.96	1.29
A11	Sample 11	2	1	9	74790	36.96	1.29
A11	Sample 11	2	1	10	79780	36.96	1.29
A11	Sample 11	2	1	11	84770	36.96	1.29
A11	Sample 11	2	1	12	89770	36.96	1.29
A11	Sample 11	2	1	13	94780	37	1.29
A11	Sample 11	2	1	14	99770	37	1.28
A11	Sample 11	2	1	15	104770	37	1.29
A12	Sample 12	2	1	1	34740	36.96	1.16
A12	Sample 12	2	1	2	39780	37	1.17
A12	Sample 12	2	1	3	44770	36.96	1.16
A12	Sample 12	2	1	4	49780	37	1.16
A12	Sample 12	2	1	5	54770	37	1.15
A12	Sample 12	2	1	6	59770	36.96	1.16
A12	Sample 12	2	1	7	64760	37	1.16
A12	Sample 12	2	1	8	69770	36.96	1.16
A12	Sample 12	2	1	9	74790	36.96	1.16
A12	Sample 12	2	1	10	79780	36.96	1.16
A12	Sample 12	2	1	11	84770	36.96	1.17
A12	Sample 12	2	1	12	89770	36.96	1.16
A12	Sample 12	2	1	13	94780	37	1.16
A12	Sample 12	2	1	14	99770	37	1.16
A12	Sample 12	2	1	15	104770	37	1.16
B1	Sample 13	2	1	1	34740	36.96	0.89
B1	Sample 13	2	1	2	39780	37	0.90
B1	Sample 13	2	1	3	44770	36.96	0.90
B1	Sample 13	2	1	4	49780	37	0.90
B1	Sample 13	2	1	5	54770	37	0.90
B1	Sample 13	2	1	6	59770	36.96	0.90
B1	Sample 13	2	1	7	64760	37	0.91
B1	Sample 13	2	1	8	69770	36.96	0.90
B1	Sample 13	2	1	9	74790	36.96	0.90
B1	Sample 13	2	1	10	79780	36.96	0.90
B1	Sample 13	2	1	11	84770	36.96	0.90
B1	Sample 13	2	1	12	89770	36.96	0.90
B1	Sample 13	2	1	13	94780	37	0.90
B1	Sample 13	2	1	14	99770	37	0.90
B1	Sample 13	2	1	15	104770	37	0.90
B2	Sample 14	2	1	1	34740	36.96	0.93
B2	Sample 14	2	1	2	39780	37	0.94
B2	Sample 14	2	1	3	44770	36.96	0.94
B2	Sample 14	2	1	4	49780	37	0.94
B2	Sample 14	2	1	5	54770	37	0.94
B2	Sample 14	2	1	6	59770	36.96	0.94
B2	Sample 14	2	1	7	64760	37	0.94
B2	Sample 14	2	1	8	69770	36.96	0.94
B2	Sample 14	2	1	9	74790	36.96	0.93
B2	Sample 14	2	1	10	79780	36.96	0.94
B2	Sample 14	2	1	11	84770	36.96	0.94
B2	Sample 14	2	1	12	89770	36.96	0.93
B2	Sample 14	2	1	13	94780	37	0.94
B2	Sample 14	2	1	14	99770	37	0.93
B2	Sample 14	2	1	15	104770	37	0.94
B3	Sample 15	2	1	1	34740	36.96	1.01
B3	Sample 15	2	1	2	39780	37	1.01
B3	Sample 15	2	1	3	44770	36.96	1.02
B3	Sample 15	2	1	4	49780	37	1.02
B3	Sample 15	2	1	5	54770	37	1.02
B3	Sample 15	2	1	6	59770	36.96	1.02
B3	Sample 15	2	1	7	64760	37	1.03
B3	Sample 15	2	1	8	69770	36.96	1.02
B3	Sample 15	2	1	9	74790	36.96	1.02
B3	Sample 15	2	1	10	79780	36.96	1.02
B3	Sample 15	2	1	11	84770	36.96	1.02
B3	Sample 15	2	1	12	89770	36.96	1.02
B3	Sample 15	2	1	13	94780	37	1.02
B3	Sample 15	2	1	14	99770	37	1.02
B3	Sample 15	2	1	15	104770	37	1.02
B4	Sample 16	2	1	1	34740	36.96	1.05
B4	Sample 16	2	1	2	39780	37	1.05
B4	Sample 16	2	1	3	44770	36.96	1.06
B4	Sample 16	2	1	4	49780	37	1.06
B4	Sample 16	2	1	5	54770	37	1.07
B4	Sample 16	2	1	6	59770	36.96	1.05
B4	Sample 16	2	1	7	64760	37	1.06
B4	Sample 16	2	1	8	69770	36.96	1.06
B4	Sample 16	2	1	9	74790	36.96	1.05
B4	Sample 16	2	1	10	79780	36.96	1.06
B4	Sample 16	2	1	11	84770	36.96	1.06
B4	Sample 16	2	1	12	89770	36.96	1.05
B4	Sample 16	2	1	13	94780	37	1.05
B4	Sample 16	2	1	14	99770	37	1.05
B4	Sample 16	2	1	15	104770	37	1.05
B5	Sample 17	2	1	1	34740	36.96	2.69
B5	Sample 17	2	1	2	39780	37	2.70
B5	Sample 17	2	1	3	44770	36.96	2.70
B5	Sample 17	2	1	4	49780	37	2.71
B5	Sample 17	2	1	5	54770	37	2.72
B5	Sample 17	2	1	6	59770	36.96	2.72
B5	Sample 17	2	1	7	64760	37	2.72
B5	Sample 17	2	1	8	69770	36.96	2.71
B5	Sample 17	2	1	9	74790	36.96	2.71
B5	Sample 17	2	1	10	79780	36.96	2.72
B5	Sample 17	2	1	11	84770	36.96	2.72
B5	Sample 17	2	1	12	89770	36.96	2.72
B5	Sample 17	2	1	13	94780	37	2.71
B5	Sample 17	2	1	14	99770	37	2.71
B5	Sample 17	2	1	15	104770	37	2.71
B6	Sample 18	2	1	1	34740	36.96	2.63
B6	Sample 18	2	1	2	39780	37	2.63
B6	Sample 18	2	1	3	44770	36.96	2.64
B6	Sample 18	2	1	4	49780	37	2.65
B6	Sample 18	2	1	5	54770	37	2.65
B6	Sample 18	2	1	6	59770	36.96	2.65
B6	Sample 18	2	1	7	64760	37	2.65
B6	Sample 18	2	1	8	69770	36.96	2.65
B6	Sample 18	2	1	9	74790	36.96	2.65
B6	Sample 18	2	1	10	79780	36.96	2.64
B6	Sample 18	2	1	11	84770	36.96	2.65
B6	Sample 18	2	1	12	89770	36.96	2.64
B6	Sample 18	2	1	13	94780	37	2.65
B6	Sample 18	2	1	14	99770	37	2.64
B6	Sample 18	2	1	15	104770	37	2.64
B7	Sample 19	2	1	1	34740	36.96	2.72
B7	Sample 19	2	1	2	39780	37	2.73
B7	Sample 19	2	1	3	44770	36.96	2.74
B7	Sample 19	2	1	4	49780	37	2.74
B7	Sample 19	2	1	5	54770	37	2.75
B7	Sample 19	2	1	6	59770	36.96	2.74
B7	Sample 19	2	1	7	64760	37	2.75
B7	Sample 19	2	1	8	69770	36.96	2.74
B7	Sample 19	2	1	9	74790	36.96	2.74
B7	Sample 19	2	1	10	79780	36.96	2.74
B7	Sample 19	2	1	11	84770	36.96	2.74
B7	Sample 19	2	1	12	89770	36.96	2.74
B7	Sample 19	2	1	13	94780	37	2.74
B7	Sample 19	2	1	14	99770	37	2.73
B7	Sample 19	2	1	15	104770	37	2.74
B8	Sample 20	2	1	1	34740	36.96	2.49
B8	Sample 20	2	1	2	39780	37	2.51
B8	Sample 20	2	1	3	44770	36.96	2.53
B8	Sample 20	2	1	4	49780	37	2.52
B8	Sample 20	2	1	5	54770	37	2.52
B8	Sample 20	2	1	6	59770	36.96	2.52
B8	Sample 20	2	1	7	64760	37	2.53
B8	Sample 20	2	1	8	69770	36.96	2.53
B8	Sample 20	2	1	9	74790	36.96	2.51
B8	Sample 20	2	1	10	79780	36.96	2.52
B8	Sample 20	2	1	11	84770	36.96	2.53
B8	Sample 20	2	1	12	89770	36.96	2.52
B8	Sample 20	2	1	13	94780	37	2.52
B8	Sample 20	2	1	14	99770	37	2.52
B8	Sample 20	2	1	15	104770	37	2.52
B9	Sample 21	2	1	1	34740	36.96	1.21
B9	Sample 21	2	1	2	39780	37	1.22
B9	Sample 21	2	1	3	44770	36.96	1.23
B9	Sample 21	2	1	4	49780	37	1.22
B9	Sample 21	2	1	5	54770	37	1.22
B9	Sample 21	2	1	6	59770	36.96	1.23
B9	Sample 21	2	1	7	64760	37	1.23
B9	Sample 21	2	1	8	69770	36.96	1.22
B9	Sample 21	2	1	9	74790	36.96	1.22
B9	Sample 21	2	1	10	79780	36.96	1.23
B9	Sample 21	2	1	11	84770	36.96	1.23
B9	Sample 21	2	1	12	89770	36.96	1.22
B9	Sample 21	2	1	13	94780	37	1.22
B9	Sample 21	2	1	14	99770	37	1.22
B9	Sample 21	2	1	15	104770	37	1.22
B10	Sample 22	2	1	1	34740	36.96	1.24
B10	Sample 22	2	1	2	39780	37	1.24
B10	Sample 22	2	1	3	44770	36.96	1.25
B10	Sample 22	2	1	4	49780	37	1.24
B10	Sample 22	2	1	5	54770	37	1.24
B10	Sample 22	2	1	6	59770	36.96	1.24
B10	Sample 22	2	1	7	64760	37	1.25
B10	Sample 22	2	1	8	69770	36.96	1.24
B10	Sample 22	2	1	9	74790	36.96	1.24
B10	Sample 22	2	1	10	79780	36.96	1.24
B10	Sample 22	2	1	11	84770	36.96	1.25
B10	Sample 22	2	1	12	89770	36.96	1.24
B10	Sample 22	2	1	13	94780	37	1.24
B10	Sample 22	2	1	14	99770	37	1.23
B10	Sample 22	2	1	15	104770	37	1.24
B11	Sample 23	2	1	1	34740	36.96	1.32
B11	Sample 23	2	1	2	39780	37	1.33
B11	Sample 23	2	1	3	44770	36.96	1.33
B11	Sample 23	2	1	4	49780	37	1.33
B11	Sample 23	2	1	5	54770	37	1.33
B11	Sample 23	2	1	6	59770	36.96	1.33
B11	Sample 23	2	1	7	64760	37	1.33
B11	Sample 23	2	1	8	69770	36.96	1.33
B11	Sample 23	2	1	9	74790	36.96	1.32
B11	Sample 23	2	1	10	79780	36.96	1.33
B11	Sample 23	2	1	11	84770	36.96	1.33
B11	Sample 23	2	1	12	89770	36.96	1.33
B11	Sample 23	2	1	13	94780	37	1.33
B11	Sample 23	2	1	14	99770	37	1.32
B11	Sample 23	2	1	15	104770	37	1.33
B12	Sample 24	2	1	1	34740	36.96	1.18
B12	Sample 24	2	1	2	39780	37	1.19
B12	Sample 24	2	1	3	44770	36.96	1.18
B12	Sample 24	2	1	4	49780	37	1.19
B12	Sample 24	2	1	5	54770	37	1.20
B12	Sample 24	2	1	6	59770	36.96	1.19
B12	Sample 24	2	1	7	64760	37	1.19
B12	Sample 24	2	1	8	69770	36.96	1.18
B12	Sample 24	2	1	9	74790	36.96	1.18
B12	Sample 24	2	1	10	79780	36.96	1.19
B12	Sample 24	2	1	11	84770	36.96	1.19
B12	Sample 24	2	1	12	89770	36.96	1.18
B12	Sample 24	2	1	13	94780	37	1.18
B12	Sample 24	2	1	14	99770	37	1.18
B12	Sample 24	2	1	15	104770	37	1.18
C1	Sample 25	2	1	1	34740	36.96	0.95
C1	Sample 25	2	1	2	39780	37	0.95
C1	Sample 25	2	1	3	44770	36.96	0.95
C1	Sample 25	2	1	4	49780	37	0.97
C1	Sample 25	2	1	5	54770	37	0.96
C1	Sample 25	2	1	6	59770	36.96	0.96
C1	Sample 25	2	1	7	64760	37	0.96
C1	Sample 25	2	1	8	69770	36.96	0.96
C1	Sample 25	2	1	9	74790	36.96	0.95
C1	Sample 25	2	1	10	79780	36.96	0.96
C1	Sample 25	2	1	11	84770	36.96	0.96
C1	Sample 25	2	1	12	89770	36.96	0.96
C1	Sample 25	2	1	13	94780	37	0.96
C1	Sample 25	2	1	14	99770	37	0.95
C1	Sample 25	2	1	15	104770	37	0.95
C2	Sample 26	2	1	1	34740	36.96	0.93
C2	Sample 26	2	1	2	39780	37	0.93
C2	Sample 26	2	1	3	44770	36.96	0.93
C2	Sample 26	2	1	4	49780	37	0.94
C2	Sample 26	2	1	5	54770	37	0.94
C2	Sample 26	2	1	6	59770	36.96	0.93
C2	Sample 26	2	1	7	64760	37	0.94
C2	Sample 26	2	1	8	69770	36.96	0.93
C2	Sample 26	2	1	9	74790	36.96	0.93
C2	Sample 26	2	1	10	79780	36.96	0.94
C2	Sample 26	2	1	11	84770	36.96	0.94
C2	Sample 26	2	1	12	89770	36.96	0.94
C2	Sample 26	2	1	13	94780	37	0.93
C2	Sample 26	2	1	14	99770	37	0.93
C2	Sample 26	2	1	15	104770	37	0.93
C3	Sample 27	2	1	1	34740	36.96	1.09
C3	Sample 27	2	1	2	39780	37	1.10
C3	Sample 27	2	1	3	44770	36.96	1.09
C3	Sample 27	2	1	4	49780	37	1.10
C3	Sample 27	2	1	5	54770	37	1.09
C3	Sample 27	2	1	6	59770	36.96	1.09
C3	Sample 27	2	1	7	64760	37	1.10
C3	Sample 27	2	1	8	69770	36.96	1.10
C3	Sample 27	2	1	9	74790	36.96	1.10
C3	Sample 27	2	1	10	79780	36.96	1.09
C3	Sample 27	2	1	11	84770	36.96	1.10
C3	Sample 27	2	1	12	89770	36.96	1.09
C3	Sample 27	2	1	13	94780	37	1.10
C3	Sample 27	2	1	14	99770	37	1.09
C3	Sample 27	2	1	15	104770	37	1.09
C4	Sample 28	2	1	1	34740	36.96	1.09
C4	Sample 28	2	1	2	39780	37	1.09
C4	Sample 28	2	1	3	44770	36.96	1.10
C4	Sample 28	2	1	4	49780	37	1.10
C4	Sample 28	2	1	5	54770	37	1.10
C4	Sample 28	2	1	6	59770	36.96	1.11
C4	Sample 28	2	1	7	64760	37	1.10
C4	Sample 28	2	1	8	69770	36.96	1.10
C4	Sample 28	2	1	9	74790	36.96	1.10
C4	Sample 28	2	1	10	79780	36.96	1.10
C4	Sample 28	2	1	11	84770	36.96	1.10
C4	Sample 28	2	1	12	89770	36.96	1.11
C4	Sample 28	2	1	13	94780	37	1.11
C4	Sample 28	2	1	14	99770	37	1.10
C4	Sample 28	2	1	15	104770	37	1.10
C5	Sample 29	2	1	1	34740	36.96	2.64
C5	Sample 29	2	1	2	39780	37	2.65
C5	Sample 29	2	1	3	44770	36.96	2.65
C5	Sample 29	2	1	4	49780	37	2.66
C5	Sample 29	2	1	5	54770	37	2.66
C5	Sample 29	2	1	6	59770	36.96	2.66
C5	Sample 29	2	1	7	64760	37	2.66
C5	Sample 29	2	1	8	69770	36.96	2.66
C5	Sample 29	2	1	9	74790	36.96	2.65
C5	Sample 29	2	1	10	79780	36.96	2.67
C5	Sample 29	2	1	11	84770	36.96	2.66
C5	Sample 29	2	1	12	89770	36.96	2.65
C5	Sample 29	2	1	13	94780	37	2.66
C5	Sample 29	2	1	14	99770	37	2.66
C5	Sample 29	2	1	15	104770	37	2.66
C6	Sample 30	2	1	1	34740	36.96	2.57
C6	Sample 30	2	1	2	39780	37	2.57
C6	Sample 30	2	1	3	44770	36.96	2.58
C6	Sample 30	2	1	4	49780	37	2.58
C6	Sample 30	2	1	5	54770	37	2.58
C6	Sample 30	2	1	6	59770	36.96	2.58
C6	Sample 30	2	1	7	64760	37	2.58
C6	Sample 30	2	1	8	69770	36.96	2.58
C6	Sample 30	2	1	9	74790	36.96	2.57
C6	Sample 30	2	1	10	79780	36.96	2.57
C6	Sample 30	2	1	11	84770	36.96	2.58
C6	Sample 30	2	1	12	89770	36.96	2.57
C6	Sample 30	2	1	13	94780	37	2.58
C6	Sample 30	2	1	14	99770	37	2.57
C6	Sample 30	2	1	15	104770	37	2.58
C7	Sample 31	2	1	1	34740	36.96	2.76
C7	Sample 31	2	1	2	39780	37	2.77
C7	Sample 31	2	1	3	44770	36.96	2.78
C7	Sample 31	2	1	4	49780	37	2.78
C7	Sample 31	2	1	5	54770	37	2.78
C7	Sample 31	2	1	6	59770	36.96	2.78
C7	Sample 31	2	1	7	64760	37	2.78
C7	Sample 31	2	1	8	69770	36.96	2.79
C7	Sample 31	2	1	9	74790	36.96	2.78
C7	Sample 31	2	1	10	79780	36.96	2.77
C7	Sample 31	2	1	11	84770	36.96	2.78
C7	Sample 31	2	1	12	89770	36.96	2.78
C7	Sample 31	2	1	13	94780	37	2.78
C7	Sample 31	2	1	14	99770	37	2.78
C7	Sample 31	2	1	15	104770	37	2.78
C8	Sample 32	2	1	1	34740	36.96	2.55
C8	Sample 32	2	1	2	39780	37	2.56
C8	Sample 32	2	1	3	44770	36.96	2.57
C8	Sample 32	2	1	4	49780	37	2.57
C8	Sample 32	2	1	5	54770	37	2.57
C8	Sample 32	2	1	6	59770	36.96	2.57
C8	Sample 32	2	1	7	64760	37	2.57
C8	Sample 32	2	1	8	69770	36.96	2.57
C8	Sample 32	2	1	9	74790	36.96	2.57
C8	Sample 32	2	1	10	79780	36.96	2.58
C8	Sample 32	2	1	11	84770	36.96	2.57
C8	Sample 32	2	1	12	89770	36.96	2.57
C8	Sample 32	2	1	13	94780	37	2.58
C8	Sample 32	2	1	14	99770	37	2.57
C8	Sample 32	2	1	15	104770	37	2.58
C9	Sample 33	2	1	1	34740	36.96	1.24
C9	Sample 33	2	1	2	39780	37	1.24
C9	Sample 33	2	1	3	44770	36.96	1.25
C9	Sample 33	2	1	4	49780	37	1.24
C9	Sample 33	2	1	5	54770	37	1.24
C9	Sample 33	2	1	6	59770	36.96	1.25
C9	Sample 33	2	1	7	64760	37	1.25
C9	Sample 33	2	1	8	69770	36.96	1.24
C9	Sample 33	2	1	9	74790	36.96	1.25
C9	Sample 33	2	1	10	79780	36.96	1.25
C9	Sample 33	2	1	11	84770	36.96	1.25
C9	Sample 33	2	1	12	89770	36.96	1.25
C9	Sample 33	2	1	13	94780	37	1.25
C9	Sample 33	2	1	14	99770	37	1.24
C9	Sample 33	2	1	15	104770	37	1.24
C10	Sample 34	2	1	1	34740	36.96	1.25
C10	Sample 34	2	1	2	39780	37	1.25
C10	Sample 34	2	1	3	44770	36.96	1.25
C10	Sample 34	2	1	4	49780	37	1.26
C10	Sample 34	2	1	5	54770	37	1.25
C10	Sample 34	2	1	6	59770	36.96	1.25
C10	Sample 34	2	1	7	64760	37	1.25
C10	Sample 34	2	1	8	69770	36.96	1.25
C10	Sample 34	2	1	9	74790	36.96	1.25
C10	Sample 34	2	1	10	79780	36.96	1.25
C10	Sample 34	2	1	11	84770	36.96	1.26
C10	Sample 34	2	1	12	89770	36.96	1.25
C10	Sample 34	2	1	13	94780	37	1.25
C10	Sample 34	2	1	14	99770	37	1.25
C10	Sample 34	2	1	15	104770	37	1.25
C11	Sample 35	2	1	1	34740	36.96	1.29
C11	Sample 35	2	1	2	39780	37	1.30
C11	Sample 35	2	1	3	44770	36.96	1.30
C11	Sample 35	2	1	4	49780	37	1.30
C11	Sample 35	2	1	5	54770	37	1.29
C11	Sample 35	2	1	6	59770	36.96	1.30
C11	Sample 35	2	1	7	64760	37	1.31
C11	Sample 35	2	1	8	69770	36.96	1.29
C11	Sample 35	2	1	9	74790	36.96	1.30
C11	Sample 35	2	1	10	79780	36.96	1.30
C11	Sample 35	2	1	11	84770	36.96	1.29
C11	Sample 35	2	1	12	89770	36.96	1.30
C11	Sample 35	2	1	13	94780	37	1.30
C11	Sample 35	2	1	14	99770	37	1.30
C11	Sample 35	2	1	15	104770	37	1.29
C12	Sample 36	2	1	1	34740	36.96	1.19
C12	Sample 36	2	1	2	39780	37	1.19
C12	Sample 36	2	1	3	44770	36.96	1.19
C12	Sample 36	2	1	4	49780	37	1.19
C12	Sample 36	2	1	5	54770	37	1.19
C12	Sample 36	2	1	6	59770	36.96	1.19
C12	Sample 36	2	1	7	64760	37	1.20
C12	Sample 36	2	1	8	69770	36.96	1.19
C12	Sample 36	2	1	9	74790	36.96	1.19
C12	Sample 36	2	1	10	79780	36.96	1.20
C12	Sample 36	2	1	11	84770	36.96	1.19
C12	Sample 36	2	1	12	89770	36.96	1.19
C12	Sample 36	2	1	13	94780	37	1.19
C12	Sample 36	2	1	14	99770	37	1.19
C12	Sample 36	2	1	15	104770	37	1.19
D1	Sample 37	2	1	1	34740	36.96	0.99
D1	Sample 37	2	1	2	39780	37	0.99
D1	Sample 37	2	1	3	44770	36.96	0.99
D1	Sample 37	2	1	4	49780	37	0.99
D1	Sample 37	2	1	5	54770	37	1.00
D1	Sample 37	2	1	6	59770	36.96	0.99
D1	Sample 37	2	1	7	64760	37	1.00
D1	Sample 37	2	1	8	69770	36.96	0.99
D1	Sample 37	2	1	9	74790	36.96	0.99
D1	Sample 37	2	1	10	79780	36.96	0.99
D1	Sample 37	2	1	11	84770	36.96	0.99
D1	Sample 37	2	1	12	89770	36.96	0.99
D1	Sample 37	2	1	13	94780	37	1.00
D1	Sample 37	2	1	14	99770	37	0.99
D1	Sample 37	2	1	15	104770	37	0.99
D2	Sample 38	2	1	1	34740	36.96	0.95
D2	Sample 38	2	1	2	39780	37	0.95
D2	Sample 38	2	1	3	44770	36.96	0.95
D2	Sample 38	2	1	4	49780	37	0.95
D2	Sample 38	2	1	5	54770	37	0.95
D2	Sample 38	2	1	6	59770	36.96	0.95
D2	Sample 38	2	1	7	64760	37	0.95
D2	Sample 38	2	1	8	69770	36.96	0.95
D2	Sample 38	2	1	9	74790	36.96	0.95
D2	Sample 38	2	1	10	79780	36.96	0.95
D2	Sample 38	2	1	11	84770	36.96	0.95
D2	Sample 38	2	1	12	89770	36.96	0.95
D2	Sample 38	2	1	13	94780	37	0.95
D2	Sample 38	2	1	14	99770	37	0.95
D2	Sample 38	2	1	15	104770	37	0.94
D3	Sample 39	2	1	1	34740	36.96	1.07
D3	Sample 39	2	1	2	39780	37	1.07
D3	Sample 39	2	1	3	44770	36.96	1.07
D3	Sample 39	2	1	4	49780	37	1.07
D3	Sample 39	2	1	5	54770	37	1.08
D3	Sample 39	2	1	6	59770	36.96	1.07
D3	Sample 39	2	1	7	64760	37	1.08
D3	Sample 39	2	1	8	69770	36.96	1.07
D3	Sample 39	2	1	9	74790	36.96	1.07
D3	Sample 39	2	1	10	79780	36.96	1.07
D3	Sample 39	2	1	11	84770	36.96	1.07
D3	Sample 39	2	1	12	89770	36.96	1.06
D3	Sample 39	2	1	13	94780	37	1.07
D3	Sample 39	2	1	14	99770	37	1.07
D3	Sample 39	2	1	15	104770	37	1.07
D4	Sample 40	2	1	1	34740	36.96	0.98
D4	Sample 40	2	1	2	39780	37	0.98
D4	Sample 40	2	1	3	44770	36.96	0.98
D4	Sample 40	2	1	4	49780	37	0.98
D4	Sample 40	2	1	5	54770	37	0.99
D4	Sample 40	2	1	6	59770	36.96	0.99
D4	Sample 40	2	1	7	64760	37	0.99
D4	Sample 40	2	1	8	69770	36.96	0.99
D4	Sample 40	2	1	9	74790	36.96	0.98
D4	Sample 40	2	1	10	79780	36.96	0.99
D4	Sample 40	2	1	11	84770	36.96	0.98
D4	Sample 40	2	1	12	89770	36.96	0.98
D4	Sample 40	2	1	13	94780	37	0.98
D4	Sample 40	2	1	14	99770	37	0.99
D4	Sample 40	2	1	15	104770	37	0.99
D5	Sample 41	2	1	1	34740	36.96	2.56
D5	Sample 41	2	1	2	39780	37	2.57
D5	Sample 41	2	1	3	44770	36.96	2.58
D5	Sample 41	2	1	4	49780	37	2.58
D5	Sample 41	2	1	5	54770	37	2.58
D5	Sample 41	2	1	6	59770	36.96	2.57
D5	Sample 41	2	1	7	64760	37	2.58
D5	Sample 41	2	1	8	69770	36.96	2.58
D5	Sample 41	2	1	9	74790	36.96	2.58
D5	Sample 41	2	1	10	79780	36.96	2.57
D5	Sample 41	2	1	11	84770	36.96	2.58
D5	Sample 41	2	1	12	89770	36.96	2.57
D5	Sample 41	2	1	13	94780	37	2.57
D5	Sample 41	2	1	14	99770	37	2.57
D5	Sample 41	2	1	15	104770	37	2.57
D6	Sample 42	2	1	1	34740	36.96	2.59
D6	Sample 42	2	1	2	39780	37	2.60
D6	Sample 42	2	1	3	44770	36.96	2.60
D6	Sample 42	2	1	4	49780	37	2.61
D6	Sample 42	2	1	5	54770	37	2.60
D6	Sample 42	2	1	6	59770	36.96	2.61
D6	Sample 42	2	1	7	64760	37	2.61
D6	Sample 42	2	1	8	69770	36.96	2.60
D6	Sample 42	2	1	9	74790	36.96	2.61
D6	Sample 42	2	1	10	79780	36.96	2.61
D6	Sample 42	2	1	11	84770	36.96	2.61
D6	Sample 42	2	1	12	89770	36.96	2.61
D6	Sample 42	2	1	13	94780	37	2.61
D6	Sample 42	2	1	14	99770	37	2.60
D6	Sample 42	2	1	15	104770	37	2.61
D7	Sample 43	2	1	1	34740	36.96	2.71
D7	Sample 43	2	1	2	39780	37	2.73
D7	Sample 43	2	1	3	44770	36.96	2.71
D7	Sample 43	2	1	4	49780	37	2.74
D7	Sample 43	2	1	5	54770	37	2.73
D7	Sample 43	2	1	6	59770	36.96	2.72
D7	Sample 43	2	1	7	64760	37	2.74
D7	Sample 43	2	1	8	69770	36.96	2.74
D7	Sample 43	2	1	9	74790	36.96	2.72
D7	Sample 43	2	1	10	79780	36.96	2.72
D7	Sample 43	2	1	11	84770	36.96	2.73
D7	Sample 43	2	1	12	89770	36.96	2.73
D7	Sample 43	2	1	13	94780	37	2.73
D7	Sample 43	2	1	14	99770	37	2.73
D7	Sample 43	2	1	15	104770	37	2.73
D8	Sample 44	2	1	1	34740	36.96	2.52
D8	Sample 44	2	1	2	39780	37	2.53
D8	Sample 44	2	1	3	44770	36.96	2.54
D8	Sample 44	2	1	4	49780	37	2.54
D8	Sample 44	2	1	5	54770	37	2.54
D8	Sample 44	2	1	6	59770	36.96	2.54
D8	Sample 44	2	1	7	64760	37	2.54
D8	Sample 44	2	1	8	69770	36.96	2.54
D8	Sample 44	2	1	9	74790	36.96	2.54
D8	Sample 44	2	1	10	79780	36.96	2.54
D8	Sample 44	2	1	11	84770	36.96	2.54
D8	Sample 44	2	1	12	89770	36.96	2.54
D8	Sample 44	2	1	13	94780	37	2.54
D8	Sample 44	2	1	14	99770	37	2.53
D8	Sample 44	2	1	15	104770	37	2.53
D9	Sample 45	2	1	1	34740	36.96	1.32
D9	Sample 45	2	1	2	39780	37	1.32
D9	Sample 45	2	1	3	44770	36.96	1.32
D9	Sample 45	2	1	4	49780	37	1.32
D9	Sample 45	2	1	5	54770	37	1.33
D9	Sample 45	2	1	6	59770	36.96	1.32
D9	Sample 45	2	1	7	64760	37	1.33
D9	Sample 45	2	1	8	69770	36.96	1.33
D9	Sample 45	2	1	9	74790	36.96	1.32
D9	Sample 45	2	1	10	79780	36.96	1.33
D9	Sample 45	2	1	11	84770	36.96	1.33
D9	Sample 45	2	1	12	89770	36.96	1.32
D9	Sample 45	2	1	13	94780	37	1.33
D9	Sample 45	2	1	14	99770	37	1.32
D9	Sample 45	2	1	15	104770	37	1.32
D10	Sample 46	2	1	1	34740	36.96	1.33
D10	Sample 46	2	1	2	39780	37	1.33
D10	Sample 46	2	1	3	44770	36.96	1.33
D10	Sample 46	2	1	4	49780	37	1.33
D10	Sample 46	2	1	5	54770	37	1.34
D10	Sample 46	2	1	6	59770	36.96	1.33
D10	Sample 46	2	1	7	64760	37	1.33
D10	Sample 46	2	1	8	69770	36.96	1.34
D10	Sample 46	2	1	9	74790	36.96	1.34
D10	Sample 46	2	1	10	79780	36.96	1.34
D10	Sample 46	2	1	11	84770	36.96	1.34
D10	Sample 46	2	1	12	89770	36.96	1.34
D10	Sample 46	2	1	13	94780	37	1.34
D10	Sample 46	2	1	14	99770	37	1.34
D10	Sample 46	2	1	15	104770	37	1.33
D11	Sample 47	2	1	1	34740	36.96	1.28
D11	Sample 47	2	1	2	39780	37	1.29
D11	Sample 47	2	1	3	44770	36.96	1.29
D11	Sample 47	2	1	4	49780	37	1.30
D11	Sample 47	2	1	5	54770	37	1.30
D11	Sample 47	2	1	6	59770	36.96	1.29
D11	Sample 47	2	1	7	64760	37	1.29
D11	Sample 47	2	1	8	69770	36.96	1.29
D11	Sample 47	2	1	9	74790	36.96	1.29
D11	Sample 47	2	1	10	79780	36.96	1.29
D11	Sample 47	2	1	11	84770	36.96	1.29
D11	Sample 47	2	1	12	89770	36.96	1.29
D11	Sample 47	2	1	13	94780	37	1.29
D11	Sample 47	2	1	14	99770	37	1.28
D11	Sample 47	2	1	15	104770	37	1.28
D12	Sample 48	2	1	1	34740	36.96	1.16
D12	Sample 48	2	1	2	39780	37	1.16
D12	Sample 48	2	1	3	44770	36.96	1.17
D12	Sample 48	2	1	4	49780	37	1.16
D12	Sample 48	2	1	5	54770	37	1.17
D12	Sample 48	2	1	6	59770	36.96	1.16
D12	Sample 48	2	1	7	64760	37	1.16
D12	Sample 48	2	1	8	69770	36.96	1.17
D12	Sample 48	2	1	9	74790	36.96	1.16
D12	Sample 48	2	1	10	79780	36.96	1.16
D12	Sample 48	2	1	11	84770	36.96	1.17
D12	Sample 48	2	1	12	89770	36.96	1.16
D12	Sample 48	2	1	13	94780	37	1.16
D12	Sample 48	2	1	14	99770	37	1.15
D12	Sample 48	2	1	15	104770	37	1.16
E1	Sample 49	2	1	1	34740	36.96	1.09
E1	Sample 49	2	1	2	39780	37	1.10
E1	Sample 49	2	1	3	44770	36.96	1.11
E1	Sample 49	2	1	4	49780	37	1.11
E1	Sample 49	2	1	5	54770	37	1.11
E1	Sample 49	2	1	6	59770	36.96	1.10
E1	Sample 49	2	1	7	64760	37	1.11
E1	Sample 49	2	1	8	69770	36.96	1.10
E1	Sample 49	2	1	9	74790	36.96	1.10
E1	Sample 49	2	1	10	79780	36.96	1.11
E1	Sample 49	2	1	11	84770	36.96	1.10
E1	Sample 49	2	1	12	89770	36.96	1.10
E1	Sample 49	2	1	13	94780	37	1.10
E1	Sample 49	2	1	14	99770	37	1.10
E1	Sample 49	2	1	15	104770	37	1.10
E2	Sample 50	2	1	1	34740	36.96	1.08
E2	Sample 50	2	1	2	39780	37	1.09
E2	Sample 50	2	1	3	44770	36.96	1.09
E2	Sample 50	2	1	4	49780	37	1.09
E2	Sample 50	2	1	5	54770	37	1.09
E2	Sample 50	2	1	6	59770	36.96	1.09
E2	Sample 50	2	1	7	64760	37	1.09
E2	Sample 50	2	1	8	69770	36.96	1.09
E2	Sample 50	2	1	9	74790	36.96	1.09
E2	Sample 50	2	1	10	79780	36.96	1.09
E2	Sample 50	2	1	11	84770	36.96	1.10
E2	Sample 50	2	1	12	89770	36.96	1.09
E2	Sample 50	2	1	13	94780	37	1.09
E2	Sample 50	2	1	14	99770	37	1.09
E2	Sample 50	2	1	15	104770	37	1.09
E3	Sample 51	2	1	1	34740	36.96	0.99
E3	Sample 51	2	1	2	39780	37	0.99
E3	Sample 51	2	1	3	44770	36.96	0.99
E3	Sample 51	2	1	4	49780	37	0.99
E3	Sample 51	2	1	5	54770	37	1.00
E3	Sample 51	2	1	6	59770	36.96	0.99
E3	Sample 51	2	1	7	64760	37	1.00
E3	Sample 51	2	1	8	69770	36.96	0.99
E3	Sample 51	2	1	9	74790	36.96	0.99
E3	Sample 51	2	1	10	79780	36.96	0.99
E3	Sample 51	2	1	11	84770	36.96	1.00
E3	Sample 51	2	1	12	89770	36.96	1.00
E3	Sample 51	2	1	13	94780	37	0.99
E3	Sample 51	2	1	14	99770	37	0.99
E3	Sample 51	2	1	15	104770	37	0.99
E4	Sample 52	2	1	1	34740	36.96	1.03
E4	Sample 52	2	1	2	39780	37	1.03
E4	Sample 52	2	1	3	44770	36.96	1.03
E4	Sample 52	2	1	4	49780	37	1.03
E4	Sample 52	2	1	5	54770	37	1.04
E4	Sample 52	2	1	6	59770	36.96	1.04
E4	Sample 52	2	1	7	64760	37	1.04
E4	Sample 52	2	1	8	69770	36.96	1.04
E4	Sample 52	2	1	9	74790	36.96	1.04
E4	Sample 52	2	1	10	79780	36.96	1.04
E4	Sample 52	2	1	11	84770	36.96	1.04
E4	Sample 52	2	1	12	89770	36.96	1.04
E4	Sample 52	2	1	13	94780	37	1.04
E4	Sample 52	2	1	14	99770	37	1.04
E4	Sample 52	2	1	15	104770	37	1.04
E5	Sample 53	2	1	1	34740	36.96	2.74
E5	Sample 53	2	1	2	39780	37	2.74
E5	Sample 53	2	1	3	44770	36.96	2.75
E5	Sample 53	2	1	4	49780	37	2.76
E5	Sample 53	2	1	5	54770	37	2.75
E5	Sample 53	2	1	6	59770	36.96	2.76
E5	Sample 53	2	1	7	64760	37	2.75
E5	Sample 53	2	1	8	69770	36.96	2.75
E5	Sample 53	2	1	9	74790	36.96	2.75
E5	Sample 53	2	1	10	79780	36.96	2.76
E5	Sample 53	2	1	11	84770	36.96	2.76
E5	Sample 53	2	1	12	89770	36.96	2.76
E5	Sample 53	2	1	13	94780	37	2.75
E5	Sample 53	2	1	14	99770	37	2.75
E5	Sample 53	2	1	15	104770	37	2.75
E6	Sample 54	2	1	1	34740	36.96	2.54
E6	Sample 54	2	1	2	39780	37	2.55
E6	Sample 54	2	1	3	44770	36.96	2.56
E6	Sample 54	2	1	4	49780	37	2.56
E6	Sample 54	2	1	5	54770	37	2.56
E6	Sample 54	2	1	6	59770	36.96	2.56
E6	Sample 54	2	1	7	64760	37	2.57
E6	Sample 54	2	1	8	69770	36.96	2.56
E6	Sample 54	2	1	9	74790	36.96	2.56
E6	Sample 54	2	1	10	79780	36.96	2.57
E6	Sample 54	2	1	11	84770	36.96	2.56
E6	Sample 54	2	1	12	89770	36.96	2.56
E6	Sample 54	2	1	13	94780	37	2.56
E6	Sample 54	2	1	14	99770	37	2.56
E6	Sample 54	2	1	15	104770	37	2.55
E7	Sample 55	2	1	1	34740	36.96	2.53
E7	Sample 55	2	1	2	39780	37	2.53
E7	Sample 55	2	1	3	44770	36.96	2.54
E7	Sample 55	2	1	4	49780	37	2.55
E7	Sample 55	2	1	5	54770	37	2.56
E7	Sample 55	2	1	6	59770	36.96	2.55
E7	Sample 55	2	1	7	64760	37	2.55
E7	Sample 55	2	1	8	69770	36.96	2.55
E7	Sample 55	2	1	9	74790	36.96	2.55
E7	Sample 55	2	1	10	79780	36.96	2.54
E7	Sample 55	2	1	11	84770	36.96	2.55
E7	Sample 55	2	1	12	89770	36.96	2.55
E7	Sample 55	2	1	13	94780	37	2.55
E7	Sample 55	2	1	14	99770	37	2.54
E7	Sample 55	2	1	15	104770	37	2.54
E8	Sample 56	2	1	1	34740	36.96	2.40
E8	Sample 56	2	1	2	39780	37	2.41
E8	Sample 56	2	1	3	44770	36.96	2.41
E8	Sample 56	2	1	4	49780	37	2.42
E8	Sample 56	2	1	5	54770	37	2.42
E8	Sample 56	2	1	6	59770	36.96	2.42
E8	Sample 56	2	1	7	64760	37	2.43
E8	Sample 56	2	1	8	69770	36.96	2.42
E8	Sample 56	2	1	9	74790	36.96	2.43
E8	Sample 56	2	1	10	79780	36.96	2.43
E8	Sample 56	2	1	11	84770	36.96	2.43
E8	Sample 56	2	1	12	89770	36.96	2.42
E8	Sample 56	2	1	13	94780	37	2.42
E8	Sample 56	2	1	14	99770	37	2.43
E8	Sample 56	2	1	15	104770	37	2.42
E9	Sample 57	2	1	1	34740	36.96	1.31
E9	Sample 57	2	1	2	39780	37	1.31
E9	Sample 57	2	1	3	44770	36.96	1.31
E9	Sample 57	2	1	4	49780	37	1.31
E9	Sample 57	2	1	5	54770	37	1.32
E9	Sample 57	2	1	6	59770	36.96	1.32
E9	Sample 57	2	1	7	64760	37	1.33
E9	Sample 57	2	1	8	69770	36.96	1.32
E9	Sample 57	2	1	9	74790	36.96	1.31
E9	Sample 57	2	1	10	79780	36.96	1.32
E9	Sample 57	2	1	11	84770	36.96	1.32
E9	Sample 57	2	1	12	89770	36.96	1.31
E9	Sample 57	2	1	13	94780	37	1.32
E9	Sample 57	2	1	14	99770	37	1.31
E9	Sample 57	2	1	15	104770	37	1.31
E10	Sample 58	2	1	1	34740	36.96	1.30
E10	Sample 58	2	1	2	39780	37	1.30
E10	Sample 58	2	1	3	44770	36.96	1.30
E10	Sample 58	2	1	4	49780	37	1.30
E10	Sample 58	2	1	5	54770	37	1.30
E10	Sample 58	2	1	6	59770	36.96	1.30
E10	Sample 58	2	1	7	64760	37	1.30
E10	Sample 58	2	1	8	69770	36.96	1.30
E10	Sample 58	2	1	9	74790	36.96	1.30
E10	Sample 58	2	1	10	79780	36.96	1.31
E10	Sample 58	2	1	11	84770	36.96	1.30
E10	Sample 58	2	1	12	89770	36.96	1.30
E10	Sample 58	2	1	13	94780	37	1.29
E10	Sample 58	2	1	14	99770	37	1.30
E10	Sample 58	2	1	15	104770	37	1.30
E11	Sample 59	2	1	1	34740	36.96	1.30
E11	Sample 59	2	1	2	39780	37	1.30
E11	Sample 59	2	1	3	44770	36.96	1.31
E11	Sample 59	2	1	4	49780	37	1.30
E11	Sample 59	2	1	5	54770	37	1.31
E11	Sample 59	2	1	6	59770	36.96	1.30
E11	Sample 59	2	1	7	64760	37	1.31
E11	Sample 59	2	1	8	69770	36.96	1.30
E11	Sample 59	2	1	9	74790	36.96	1.30
E11	Sample 59	2	1	10	79780	36.96	1.31
E11	Sample 59	2	1	11	84770	36.96	1.31
E11	Sample 59	2	1	12	89770	36.96	1.30
E11	Sample 59	2	1	13	94780	37	1.30
E11	Sample 59	2	1	14	99770	37	1.30
E11	Sample 59	2	1	15	104770	37	1.30
E12	Sample 60	2	1	1	34740	36.96	1.14
E12	Sample 60	2	1	2	39780	37	1.15
E12	Sample 60	2	1	3	44770	36.96	1.15
E12	Sample 60	2	1	4	49780	37	1.15
E12	Sample 60	2	1	5	54770	37	1.16
E12	Sample 60	2	1	6	59770	36.96	1.15
E12	Sample 60	2	1	7	64760	37	1.16
E12	Sample 60	2	1	8	69770	36.96	1.15
E12	Sample 60	2	1	9	74790	36.96	1.15
E12	Sample 60	2	1	10	79780	36.96	1.16
E12	Sample 60	2	1	11	84770	36.96	1.15
E12	Sample 60	2	1	12	89770	36.96	1.15
E12	Sample 60	2	1	13	94780	37	1.15
E12	Sample 60	2	1	14	99770	37	1.15
E12	Sample 60	2	1	15	104770	37	1.15
F1	Sample 61	2	1	1	34740	36.96	1.09
F1	Sample 61	2	1	2	39780	37	1.08
F1	Sample 61	2	1	3	44770	36.96	1.09
F1	Sample 61	2	1	4	49780	37	1.09
F1	Sample 61	2	1	5	54770	37	1.09
F1	Sample 61	2	1	6	59770	36.96	1.09
F1	Sample 61	2	1	7	64760	37	1.09
F1	Sample 61	2	1	8	69770	36.96	1.09
F1	Sample 61	2	1	9	74790	36.96	1.08
F1	Sample 61	2	1	10	79780	36.96	1.09
F1	Sample 61	2	1	11	84770	36.96	1.10
F1	Sample 61	2	1	12	89770	36.96	1.09
F1	Sample 61	2	1	13	94780	37	1.09
F1	Sample 61	2	1	14	99770	37	1.09
F1	Sample 61	2	1	15	104770	37	1.09
F2	Sample 62	2	1	1	34740	36.96	1.06
F2	Sample 62	2	1	2	39780	37	1.07
F2	Sample 62	2	1	3	44770	36.96	1.06
F2	Sample 62	2	1	4	49780	37	1.07
F2	Sample 62	2	1	5	54770	37	1.07
F2	Sample 62	2	1	6	59770	36.96	1.07
F2	Sample 62	2	1	7	64760	37	1.08
F2	Sample 62	2	1	8	69770	36.96	1.07
F2	Sample 62	2	1	9	74790	36.96	1.07
F2	Sample 62	2	1	10	79780	36.96	1.07
F2	Sample 62	2	1	11	84770	36.96	1.07
F2	Sample 62	2	1	12	89770	36.96	1.07
F2	Sample 62	2	1	13	94780	37	1.07
F2	Sample 62	2	1	14	99770	37	1.07
F2	Sample 62	2	1	15	104770	37	1.06
F3	Sample 63	2	1	1	34740	36.96	1.14
F3	Sample 63	2	1	2	39780	37	1.15
F3	Sample 63	2	1	3	44770	36.96	1.14
F3	Sample 63	2	1	4	49780	37	1.14
F3	Sample 63	2	1	5	54770	37	1.14
F3	Sample 63	2	1	6	59770	36.96	1.14
F3	Sample 63	2	1	7	64760	37	1.15
F3	Sample 63	2	1	8	69770	36.96	1.14
F3	Sample 63	2	1	9	74790	36.96	1.14
F3	Sample 63	2	1	10	79780	36.96	1.15
F3	Sample 63	2	1	11	84770	36.96	1.14
F3	Sample 63	2	1	12	89770	36.96	1.15
F3	Sample 63	2	1	13	94780	37	1.14
F3	Sample 63	2	1	14	99770	37	1.14
F3	Sample 63	2	1	15	104770	37	1.14
F4	Sample 64	2	1	1	34740	36.96	1.06
F4	Sample 64	2	1	2	39780	37	1.06
F4	Sample 64	2	1	3	44770	36.96	1.06
F4	Sample 64	2	1	4	49780	37	1.06
F4	Sample 64	2	1	5	54770	37	1.07
F4	Sample 64	2	1	6	59770	36.96	1.06
F4	Sample 64	2	1	7	64760	37	1.06
F4	Sample 64	2	1	8	69770	36.96	1.06
F4	Sample 64	2	1	9	74790	36.96	1.06
F4	Sample 64	2	1	10	79780	36.96	1.07
F4	Sample 64	2	1	11	84770	36.96	1.06
F4	Sample 64	2	1	12	89770	36.96	1.05
F4	Sample 64	2	1	13	94780	37	1.06
F4	Sample 64	2	1	14	99770	37	1.05
F4	Sample 64	2	1	15	104770	37	1.06
F5	Sample 65	2	1	1	34740	36.96	2.70
F5	Sample 65	2	1	2	39780	37	2.71
F5	Sample 65	2	1	3	44770	36.96	2.71
F5	Sample 65	2	1	4	49780	37	2.70
F5	Sample 65	2	1	5	54770	37	2.72
F5	Sample 65	2	1	6	59770	36.96	2.71
F5	Sample 65	2	1	7	64760	37	2.72
F5	Sample 65	2	1	8	69770	36.96	2.71
F5	Sample 65	2	1	9	74790	36.96	2.71
F5	Sample 65	2	1	10	79780	36.96	2.71
F5	Sample 65	2	1	11	84770	36.96	2.72
F5	Sample 65	2	1	12	89770	36.96	2.70
F5	Sample 65	2	1	13	94780	37	2.71
F5	Sample 65	2	1	14	99770	37	2.70
F5	Sample 65	2	1	15	104770	37	2.70
F6	Sample 66	2	1	1	34740	36.96	2.36
F6	Sample 66	2	1	2	39780	37	2.38
F6	Sample 66	2	1	3	44770	36.96	2.38
F6	Sample 66	2	1	4	49780	37	2.38
F6	Sample 66	2	1	5	54770	37	2.38
F6	Sample 66	2	1	6	59770	36.96	2.39
F6	Sample 66	2	1	7	64760	37	2.38
F6	Sample 66	2	1	8	69770	36.96	2.38
F6	Sample 66	2	1	9	74790	36.96	2.37
F6	Sample 66	2	1	10	79780	36.96	2.38
F6	Sample 66	2	1	11	84770	36.96	2.39
F6	Sample 66	2	1	12	89770	36.96	2.37
F6	Sample 66	2	1	13	94780	37	2.38
F6	Sample 66	2	1	14	99770	37	2.37
F6	Sample 66	2	1	15	104770	37	2.37
F7	Sample 67	2	1	1	34740	36.96	2.62
F7	Sample 67	2	1	2	39780	37	2.64
F7	Sample 67	2	1	3	44770	36.96	2.63
F7	Sample 67	2	1	4	49780	37	2.64
F7	Sample 67	2	1	5	54770	37	2.64
F7	Sample 67	2	1	6	59770	36.96	2.64
F7	Sample 67	2	1	7	64760	37	2.64
F7	Sample 67	2	1	8	69770	36.96	2.64
F7	Sample 67	2	1	9	74790	36.96	2.64
F7	Sample 67	2	1	10	79780	36.96	2.64
F7	Sample 67	2	1	11	84770	36.96	2.64
F7	Sample 67	2	1	12	89770	36.96	2.64
F7	Sample 67	2	1	13	94780	37	2.64
F7	Sample 67	2	1	14	99770	37	2.64
F7	Sample 67	2	1	15	104770	37	2.63
F8	Sample 68	2	1	1	34740	36.96	2.50
F8	Sample 68	2	1	2	39780	37	2.51
F8	Sample 68	2	1	3	44770	36.96	2.52
F8	Sample 68	2	1	4	49780	37	2.51
F8	Sample 68	2	1	5	54770	37	2.52
F8	Sample 68	2	1	6	59770	36.96	2.53
F8	Sample 68	2	1	7	64760	37	2.52
F8	Sample 68	2	1	8	69770	36.96	2.52
F8	Sample 68	2	1	9	74790	36.96	2.52
F8	Sample 68	2	1	10	79780	36.96	2.51
F8	Sample 68	2	1	11	84770	36.96	2.53
F8	Sample 68	2	1	12	89770	36.96	2.52
F8	Sample 68	2	1	13	94780	37	2.51
F8	Sample 68	2	1	14	99770	37	2.51
F8	Sample 68	2	1	15	104770	37	2.51
F9	Sample 69	2	1	1	34740	36.96	1.39
F9	Sample 69	2	1	2	39780	37	1.39
F9	Sample 69	2	1	3	44770	36.96	1.38
F9	Sample 69	2	1	4	49780	37	1.39
F9	Sample 69	2	1	5	54770	37	1.39
F9	Sample 69	2	1	6	59770	36.96	1.39
F9	Sample 69	2	1	7	64760	37	1.39
F9	Sample 69	2	1	8	69770	36.96	1.39
F9	Sample 69	2	1	9	74790	36.96	1.38
F9	Sample 69	2	1	10	79780	36.96	1.39
F9	Sample 69	2	1	11	84770	36.96	1.39
F9	Sample 69	2	1	12	89770	36.96	1.39
F9	Sample 69	2	1	13	94780	37	1.39
F9	Sample 69	2	1	14	99770	37	1.38
F9	Sample 69	2	1	15	104770	37	1.39
F10	Sample 70	2	1	1	34740	36.96	1.35
F10	Sample 70	2	1	2	39780	37	1.36
F10	Sample 70	2	1	3	44770	36.96	1.35
F10	Sample 70	2	1	4	49780	37	1.35
F10	Sample 70	2	1	5	54770	37	1.36
F10	Sample 70	2	1	6	59770	36.96	1.36
F10	Sample 70	2	1	7	64760	37	1.36
F10	Sample 70	2	1	8	69770	36.96	1.35
F10	Sample 70	2	1	9	74790	36.96	1.35
F10	Sample 70	2	1	10	79780	36.96	1.36
F10	Sample 70	2	1	11	84770	36.96	1.35
F10	Sample 70	2	1	12	89770	36.96	1.36
F10	Sample 70	2	1	13	94780	37	1.35
F10	Sample 70	2	1	14	99770	37	1.35
F10	Sample 70	2	1	15	104770	37	1.35
F11	Sample 71	2	1	1	34740	36.96	1.34
F11	Sample 71	2	1	2	39780	37	1.35
F11	Sample 71	2	1	3	44770	36.96	1.35
F11	Sample 71	2	1	4	49780	37	1.35
F11	Sample 71	2	1	5	54770	37	1.36
F11	Sample 71	2	1	6	59770	36.96	1.35
F11	Sample 71	2	1	7	64760	37	1.35
F11	Sample 71	2	1	8	69770	36.96	1.35
F11	Sample 71	2	1	9	74790	36.96	1.35
F11	Sample 71	2	1	10	79780	36.96	1.35
F11	Sample 71	2	1	11	84770	36.96	1.35
F11	Sample 71	2	1	12	89770	36.96	1.34
F11	Sample 71	2	1	13	94780	37	1.35
F11	Sample 71	2	1	14	99770	37	1.34
F11	Sample 71	2	1	15	104770	37	1.34
F12	Sample 72	2	1	1	34740	36.96	1.20
F12	Sample 72	2	1	2	39780	37	1.21
F12	Sample 72	2	1	3	44770	36.96	1.20
F12	Sample 72	2	1	4	49780	37	1.21
F12	Sample 72	2	1	5	54770	37	1.20
F12	Sample 72	2	1	6	59770	36.96	1.20
F12	Sample 72	2	1	7	64760	37	1.20
F12	Sample 72	2	1	8	69770	36.96	1.20
F12	Sample 72	2	1	9	74790	36.96	1.20
F12	Sample 72	2	1	10	79780	36.96	1.21
F12	Sample 72	2	1	11	84770	36.96	1.21
F12	Sample 72	2	1	12	89770	36.96	1.21
F12	Sample 72	2	1	13	94780	37	1.21
F12	Sample 72	2	1	14	99770	37	1.20
F12	Sample 72	2	1	15	104770	37	1.21
G1	Sample 73	2	1	1	34740	36.96	1.04
G1	Sample 73	2	1	2	39780	37	1.05
G1	Sample 73	2	1	3	44770	36.96	1.04
G1	Sample 73	2	1	4	49780	37	1.04
G1	Sample 73	2	1	5	54770	37	1.04
G1	Sample 73	2	1	6	59770	36.96	1.04
G1	Sample 73	2	1	7	64760	37	1.05
G1	Sample 73	2	1	8	69770	36.96	1.05
G1	Sample 73	2	1	9	74790	36.96	1.04
G1	Sample 73	2	1	10	79780	36.96	1.05
G1	Sample 73	2	1	11	84770	36.96	1.05
G1	Sample 73	2	1	12	89770	36.96	1.05
G1	Sample 73	2	1	13	94780	37	1.04
G1	Sample 73	2	1	14	99770	37	1.04
G1	Sample 73	2	1	15	104770	37	1.04
G2	Sample 74	2	1	1	34740	36.96	1.05
G2	Sample 74	2	1	2	39780	37	1.05
G2	Sample 74	2	1	3	44770	36.96	1.05
G2	Sample 74	2	1	4	49780	37	1.05
G2	Sample 74	2	1	5	54770	37	1.05
G2	Sample 74	2	1	6	59770	36.96	1.05
G2	Sample 74	2	1	7	64760	37	1.05
G2	Sample 74	2	1	8	69770	36.96	1.06
G2	Sample 74	2	1	9	74790	36.96	1.05
G2	Sample 74	2	1	10	79780	36.96	1.06
G2	Sample 74	2	1	11	84770	36.96	1.06
G2	Sample 74	2	1	12	89770	36.96	1.06
G2	Sample 74	2	1	13	94780	37	1.06
G2	Sample 74	2	1	14	99770	37	1.05
G2	Sample 74	2	1	15	104770	37	1.05
G3	Sample 75	2	1	1	34740	36.96	1.15
G3	Sample 75	2	1	2	39780	37	1.16
G3	Sample 75	2	1	3	44770	36.96	1.16
G3	Sample 75	2	1	4	49780	37	1.15
G3	Sample 75	2	1	5	54770	37	1.16
G3	Sample 75	2	1	6	59770	36.96	1.16
G3	Sample 75	2	1	7	64760	37	1.17
G3	Sample 75	2	1	8	69770	36.96	1.16
G3	Sample 75	2	1	9	74790	36.96	1.16
G3	Sample 75	2	1	10	79780	36.96	1.17
G3	Sample 75	2	1	11	84770	36.96	1.17
G3	Sample 75	2	1	12	89770	36.96	1.16
G3	Sample 75	2	1	13	94780	37	1.16
G3	Sample 75	2	1	14	99770	37	1.15
G3	Sample 75	2	1	15	104770	37	1.16
G4	Sample 76	2	1	1	34740	36.96	1.15
G4	Sample 76	2	1	2	39780	37	1.15
G4	Sample 76	2	1	3	44770	36.96	1.15
G4	Sample 76	2	1	4	49780	37	1.15
G4	Sample 76	2	1	5	54770	37	1.15
G4	Sample 76	2	1	6	59770	36.96	1.15
G4	Sample 76	2	1	7	64760	37	1.16
G4	Sample 76	2	1	8	69770	36.96	1.15
G4	Sample 76	2	1	9	74790	36.96	1.15
G4	Sample 76	2	1	10	79780	36.96	1.16
G4	Sample 76	2	1	11	84770	36.96	1.15
G4	Sample 76	2	1	12	89770	36.96	1.15
G4	Sample 76	2	1	13	94780	37	1.15
G4	Sample 76	2	1	14	99770	37	1.15
G4	Sample 76	2	1	15	104770	37	1.15
G5	Sample 77	2	1	1	34740	36.96	2.67
G5	Sample 77	2	1	2	39780	37	2.68
G5	Sample 77	2	1	3	44770	36.96	2.68
G5	Sample 77	2	1	4	49780	37	2.68
G5	Sample 77	2	1	5	54770	37	2.69
G5	Sample 77	2	1	6	59770	36.96	2.69
G5	Sample 77	2	1	7	64760	37	2.69
G5	Sample 77	2	1	8	69770	36.96	2.69
G5	Sample 77	2	1	9	74790	36.96	2.69
G5	Sample 77	2	1	10	79780	36.96	2.69
G5	Sample 77	2	1	11	84770	36.96	2.69
G5	Sample 77	2	1	12	89770	36.96	2.68
G5	Sample 77	2	1	13	94780	37	2.68
G5	Sample 77	2	1	14	99770	37	2.68
G5	Sample 77	2	1	15	104770	37	2.68
G6	Sample 78	2	1	1	34740	36.96	2.46
G6	Sample 78	2	1	2	39780	37	2.47
G6	Sample 78	2	1	3	44770	36.96	2.46
G6	Sample 78	2	1	4	49780	37	2.46
G6	Sample 78	2	1	5	54770	37	2.46
G6	Sample 78	2	1	6	59770	36.96	2.47
G6	Sample 78	2	1	7	64760	37	2.47
G6	Sample 78	2	1	8	69770	36.96	2.47
G6	Sample 78	2	1	9	74790	36.96	2.47
G6	Sample 78	2	1	10	79780	36.96	2.47
G6	Sample 78	2	1	11	84770	36.96	2.48
G6	Sample 78	2	1	12	89770	36.96	2.46
G6	Sample 78	2	1	13	94780	37	2.47
G6	Sample 78	2	1	14	99770	37	2.47
G6	Sample 78	2	1	15	104770	37	2.46
G7	Sample 79	2	1	1	34740	36.96	2.57
G7	Sample 79	2	1	2	39780	37	2.57
G7	Sample 79	2	1	3	44770	36.96	2.58
G7	Sample 79	2	1	4	49780	37	2.58
G7	Sample 79	2	1	5	54770	37	2.58
G7	Sample 79	2	1	6	59770	36.96	2.59
G7	Sample 79	2	1	7	64760	37	2.58
G7	Sample 79	2	1	8	69770	36.96	2.60
G7	Sample 79	2	1	9	74790	36.96	2.59
G7	Sample 79	2	1	10	79780	36.96	2.59
G7	Sample 79	2	1	11	84770	36.96	2.59
G7	Sample 79	2	1	12	89770	36.96	2.58
G7	Sample 79	2	1	13	94780	37	2.58
G7	Sample 79	2	1	14	99770	37	2.59
G7	Sample 79	2	1	15	104770	37	2.58
G8	Sample 80	2	1	1	34740	36.96	2.32
G8	Sample 80	2	1	2	39780	37	2.33
G8	Sample 80	2	1	3	44770	36.96	2.33
G8	Sample 80	2	1	4	49780	37	2.33
G8	Sample 80	2	1	5	54770	37	2.33
G8	Sample 80	2	1	6	59770	36.96	2.33
G8	Sample 80	2	1	7	64760	37	2.34
G8	Sample 80	2	1	8	69770	36.96	2.34
G8	Sample 80	2	1	9	74790	36.96	2.34
G8	Sample 80	2	1	10	79780	36.96	2.33
G8	Sample 80	2	1	11	84770	36.96	2.34
G8	Sample 80	2	1	12	89770	36.96	2.33
G8	Sample 80	2	1	13	94780	37	2.33
G8	Sample 80	2	1	14	99770	37	2.32
G8	Sample 80	2	1	15	104770	37	2.33
G9	Sample 81	2	1	1	34740	36.96	1.30
G9	Sample 81	2	1	2	39780	37	1.30
G9	Sample 81	2	1	3	44770	36.96	1.30
G9	Sample 81	2	1	4	49780	37	1.30
G9	Sample 81	2	1	5	54770	37	1.30
G9	Sample 81	2	1	6	59770	36.96	1.30
G9	Sample 81	2	1	7	64760	37	1.30
G9	Sample 81	2	1	8	69770	36.96	1.30
G9	Sample 81	2	1	9	74790	36.96	1.30
G9	Sample 81	2	1	10	79780	36.96	1.31
G9	Sample 81	2	1	11	84770	36.96	1.30
G9	Sample 81	2	1	12	89770	36.96	1.30
G9	Sample 81	2	1	13	94780	37	1.30
G9	Sample 81	2	1	14	99770	37	1.29
G9	Sample 81	2	1	15	104770	37	1.29
G10	Sample 82	2	1	1	34740	36.96	1.28
G10	Sample 82	2	1	2	39780	37	1.29
G10	Sample 82	2	1	3	44770	36.96	1.28
G10	Sample 82	2	1	4	49780	37	1.29
G10	Sample 82	2	1	5	54770	37	1.29
G10	Sample 82	2	1	6	59770	36.96	1.28
G10	Sample 82	2	1	7	64760	37	1.29
G10	Sample 82	2	1	8	69770	36.96	1.29
G10	Sample 82	2	1	9	74790	36.96	1.29
G10	Sample 82	2	1	10	79780	36.96	1.29
G10	Sample 82	2	1	11	84770	36.96	1.29
G10	Sample 82	2	1	12	89770	36.96	1.28
G10	Sample 82	2	1	13	94780	37	1.29
G10	Sample 82	2	1	14	99770	37	1.27
G10	Sample 82	2	1	15	104770	37	1.28
G11	Sample 83	2	1	1	34740	36.96	1.33
G11	Sample 83	2	1	2	39780	37	1.33
G11	Sample 83	2	1	3	44770	36.96	1.33
G11	Sample 83	2	1	4	49780	37	1.33
G11	Sample 83	2	1	5	54770	37	1.33
G11	Sample 83	2	1	6	59770	36.96	1.33
G11	Sample 83	2	1	7	64760	37	1.33
G11	Sample 83	2	1	8	69770	36.96	1.33
G11	Sample 83	2	1	9	74790	36.96	1.33
G11	Sample 83	2	1	10	79780	36.96	1.33
G11	Sample 83	2	1	11	84770	36.96	1.33
G11	Sample 83	2	1	12	89770	36.96	1.33
G11	Sample 83	2	1	13	94780	37	1.33
G11	Sample 83	2	1	14	99770	37	1.32
G11	Sample 83	2	1	15	104770	37	1.33
G12	Sample 84	2	1	1	34740	36.96	1.21
G12	Sample 84	2	1	2	39780	37	1.20
G12	Sample 84	2	1	3	44770	36.96	1.20
G12	Sample 84	2	1	4	49780	37	1.20
G12	Sample 84	2	1	5	54770	37	1.21
G12	Sample 84	2	1	6	59770	36.96	1.21
G12	Sample 84	2	1	7	64760	37	1.21
G12	Sample 84	2	1	8	69770	36.96	1.21
G12	Sample 84	2	1	9	74790	36.96	1.21
G12	Sample 84	2	1	10	79780	36.96	1.21
G12	Sample 84	2	1	11	84770	36.96	1.21
G12	Sample 84	2	1	12	89770	36.96	1.21
G12	Sample 84	2	1	13	94780	37	1.22
G12	Sample 84	2	1	14	99770	37	1.20
G12	Sample 84	2	1	15	104770	37	1.21
H1	Sample 85	2	1	1	34740	36.96	1.04
H1	Sample 85	2	1	2	39780	37	1.04
H1	Sample 85	2	1	3	44770	36.96	1.05
H1	Sample 85	2	1	4	49780	37	1.04
H1	Sample 85	2	1	5	54770	37	1.04
H1	Sample 85	2	1	6	59770	36.96	1.03
H1	Sample 85	2	1	7	64760	37	1.04
H1	Sample 85	2	1	8	69770	36.96	1.04
H1	Sample 85	2	1	9	74790	36.96	1.04
H1	Sample 85	2	1	10	79780	36.96	1.05
H1	Sample 85	2	1	11	84770	36.96	1.04
H1	Sample 85	2	1	12	89770	36.96	1.04
H1	Sample 85	2	1	13	94780	37	1.04
H1	Sample 85	2	1	14	99770	37	1.04
H1	Sample 85	2	1	15	104770	37	1.03
H2	Sample 86	2	1	1	34740	36.96	1.03
H2	Sample 86	2	1	2	39780	37	1.03
H2	Sample 86	2	1	3	44770	36.96	1.04
H2	Sample 86	2	1	4	49780	37	1.03
H2	Sample 86	2	1	5	54770	37	1.03
H2	Sample 86	2	1	6	59770	36.96	1.03
H2	Sample 86	2	1	7	64760	37	1.03
H2	Sample 86	2	1	8	69770	36.96	1.03
H2	Sample 86	2	1	9	74790	36.96	1.03
H2	Sample 86	2	1	10	79780	36.96	1.03
H2	Sample 86	2	1	11	84770	36.96	1.03
H2	Sample 86	2	1	12	89770	36.96	1.03
H2	Sample 86	2	1	13	94780	37	1.04
H2	Sample 86	2	1	14	99770	37	1.03
H2	Sample 86	2	1	15	104770	37	1.02
H3	Sample 87	2	1	1	34740	36.96	1.14
H3	Sample 87	2	1	2	39780	37	1.14
H3	Sample 87	2	1	3	44770	36.96	1.15
H3	Sample 87	2	1	4	49780	37	1.15
H3	Sample 87	2	1	5	54770	37	1.15
H3	Sample 87	2	1	6	59770	36.96	1.15
H3	Sample 87	2	1	7	64760	37	1.15
H3	Sample 87	2	1	8	69770	36.96	1.15
H3	Sample 87	2	1	9	74790	36.96	1.14
H3	Sample 87	2	1	10	79780	36.96	1.15
H3	Sample 87	2	1	11	84770	36.96	1.15
H3	Sample 87	2	1	12	89770	36.96	1.14
H3	Sample 87	2	1	13	94780	37	1.15
H3	Sample 87	2	1	14	99770	37	1.15
H3	Sample 87	2	1	15	104770	37	1.14
H4	Sample 88	2	1	1	34740	36.96	1.11
H4	Sample 88	2	1	2	39780	37	1.12
H4	Sample 88	2	1	3	44770	36.96	1.13
H4	Sample 88	2	1	4	49780	37	1.12
H4	Sample 88	2	1	5	54770	37	1.12
H4	Sample 88	2	1	6	59770	36.96	1.12
H4	Sample 88	2	1	7	64760	37	1.12
H4	Sample 88	2	1	8	69770	36.96	1.12
H4	Sample 88	2	1	9	74790	36.96	1.12
H4	Sample 88	2	1	10	79780	36.96	1.12
H4	Sample 88	2	1	11	84770	36.96	1.12
H4	Sample 88	2	1	12	89770	36.96	1.12
H4	Sample 88	2	1	13	94780	37	1.12
H4	Sample 88	2	1	14	99770	37	1.12
H4	Sample 88	2	1	15	104770	37	1.12
H5	Sample 89	2	1	1	34740	36.96	2.58
H5	Sample 89	2	1	2	39780	37	2.59
H5	Sample 89	2	1	3	44770	36.96	2.59
H5	Sample 89	2	1	4	49780	37	2.59
H5	Sample 89	2	1	5	54770	37	2.60
H5	Sample 89	2	1	6	59770	36.96	2.60
H5	Sample 89	2	1	7	64760	37	2.61
H5	Sample 89	2	1	8	69770	36.96	2.60
H5	Sample 89	2	1	9	74790	36.96	2.59
H5	Sample 89	2	1	10	79780	36.96	2.61
H5	Sample 89	2	1	11	84770	36.96	2.60
H5	Sample 89	2	1	12	89770	36.96	2.59
H5	Sample 89	2	1	13	94780	37	2.60
H5	Sample 89	2	1	14	99770	37	2.60
H5	Sample 89	2	1	15	104770	37	2.60
H6	Sample 90	2	1	1	34740	36.96	2.26
H6	Sample 90	2	1	2	39780	37	2.26
H6	Sample 90	2	1	3	44770	36.96	2.27
H6	Sample 90	2	1	4	49780	37	2.27
H6	Sample 90	2	1	5	54770	37	2.28
H6	Sample 90	2	1	6	59770	36.96	2.27
H6	Sample 90	2	1	7	64760	37	2.27
H6	Sample 90	2	1	8	69770	36.96	2.27
H6	Sample 90	2	1	9	74790	36.96	2.26
H6	Sample 90	2	1	10	79780	36.96	2.28
H6	Sample 90	2	1	11	84770	36.96	2.27
H6	Sample 90	2	1	12	89770	36.96	2.26
H6	Sample 90	2	1	13	94780	37	2.27
H6	Sample 90	2	1	14	99770	37	2.27
H6	Sample 90	2	1	15	104770	37	2.26
H7	Sample 91	2	1	1	34740	36.96	2.56
H7	Sample 91	2	1	2	39780	37	2.57
H7	Sample 91	2	1	3	44770	36.96	2.58
H7	Sample 91	2	1	4	49780	37	2.58
H7	Sample 91	2	1	5	54770	37	2.58
H7	Sample 91	2	1	6	59770	36.96	2.57
H7	Sample 91	2	1	7	64760	37	2.58
H7	Sample 91	2	1	8	69770	36.96	2.58
H7	Sample 91	2	1	9	74790	36.96	2.57
H7	Sample 91	2	1	10	79780	36.96	2.58
H7	Sample 91	2	1	11	84770	36.96	2.58
H7	Sample 91	2	1	12	89770	36.96	2.58
H7	Sample 91	2	1	13	94780	37	2.58
H7	Sample 91	2	1	14	99770	37	2.57
H7	Sample 91	2	1	15	104770	37	2.58
H8	Sample 92	2	1	1	34740	36.96	2.41
H8	Sample 92	2	1	2	39780	37	2.42
H8	Sample 92	2	1	3	44770	36.96	2.43
H8	Sample 92	2	1	4	49780	37	2.42
H8	Sample 92	2	1	5	54770	37	2.42
H8	Sample 92	2	1	6	59770	36.96	2.42
H8	Sample 92	2	1	7	64760	37	2.42
H8	Sample 92	2	1	8	69770	36.96	2.42
H8	Sample 92	2	1	9	74790	36.96	2.42
H8	Sample 92	2	1	10	79780	36.96	2.42
H8	Sample 92	2	1	11	84770	36.96	2.41
H8	Sample 92	2	1	12	89770	36.96	2.41
H8	Sample 92	2	1	13	94780	37	2.42
H8	Sample 92	2	1	14	99770	37	2.42
H8	Sample 92	2	1	15	104770	37	2.40
H9	Sample 93	2	1	1	34740	36.96	1.23
H9	Sample 93	2	1	2	39780	37	1.23
H9	Sample 93	2	1	3	44770	36.96	1.24
H9	Sample 93	2	1	4	49780	37	1.23
H9	Sample 93	2	1	5	54770	37	1.24
H9	Sample 93	2	1	6	59770	36.96	1.24
H9	Sample 93	2	1	7	64760	37	1.23
H9	Sample 93	2	1	8	69770	36.96	1.23
H9	Sample 93	2	1	9	74790	36.96	1.23
H9	Sample 93	2	1	10	79780	36.96	1.23
H9	Sample 93	2	1	11	84770	36.96	1.24
H9	Sample 93	2	1	12	89770	36.96	1.24
H9	Sample 93	2	1	13	94780	37	1.24
H9	Sample 93	2	1	14	99770	37	1.24
H9	Sample 93	2	1	15	104770	37	1.23
H10	Sample 94	2	1	1	34740	36.96	1.15
H10	Sample 94	2	1	2	39780	37	1.16
H10	Sample 94	2	1	3	44770	36.96	1.16
H10	Sample 94	2	1	4	49780	37	1.15
H10	Sample 94	2	1	5	54770	37	1.16
H10	Sample 94	2	1	6	59770	36.96	1.15
H10	Sample 94	2	1	7	64760	37	1.16
H10	Sample 94	2	1	8	69770	36.96	1.15
H10	Sample 94	2	1	9	74790	36.96	1.15
H10	Sample 94	2	1	10	79780	36.96	1.15
H10	Sample 94	2	1	11	84770	36.96	1.16
H10	Sample 94	2	1	12	89770	36.96	1.16
H10	Sample 94	2	1	13	94780	37	1.15
H10	Sample 94	2	1	14	99770	37	1.15
H10	Sample 94	2	1	15	104770	37	1.15
H11	Sample 95	2	1	1	34740	36.96	1.21
H11	Sample 95	2	1	2	39780	37	1.22
H11	Sample 95	2	1	3	44770	36.96	1.22
H11	Sample 95	2	1	4	49780	37	1.22
H11	Sample 95	2	1	5	54770	37	1.22
H11	Sample 95	2	1	6	59770	36.96	1.22
H11	Sample 95	2	1	7	64760	37	1.22
H11	Sample 95	2	1	8	69770	36.96	1.22
H11	Sample 95	2	1	9	74790	36.96	1.21
H11	Sample 95	2	1	10	79780	36.96	1.22
H11	Sample 95	2	1	11	84770	36.96	1.21
H11	Sample 95	2	1	12	89770	36.96	1.22
H11	Sample 95	2	1	13	94780	37	1.21
H11	Sample 95	2	1	14	99770	37	1.22
H11	Sample 95	2	1	15	104770	37	1.21
H12	Sample 96	2	1	1	34740	36.96	1.14
H12	Sample 96	2	1	2	39780	37	1.14
H12	Sample 96	2	1	3	44770	36.96	1.16
H12	Sample 96	2	1	4	49780	37	1.15
H12	Sample 96	2	1	5	54770	37	1.15
H12	Sample 96	2	1	6	59770	36.96	1.15
H12	Sample 96	2	1	7	64760	37	1.15
H12	Sample 96	2	1	8	69770	36.96	1.14
H12	Sample 96	2	1	9	74790	36.96	1.14
H12	Sample 96	2	1	10	79780	36.96	1.15
H12	Sample 96	2	1	11	84770	36.96	1.15
H12	Sample 96	2	1	12	89770	36.96	1.15
H12	Sample 96	2	1	13	94780	37	1.15
H12	Sample 96	2	1	14	99770	37	1.14
H12	Sample 96	2	1	15	104770	37	1.15
