Raw Data 		Experiment - evIC50_10_plate2_23APRIL2026 (Run on LCS480 1.5.1.62)
SamplePos	SampleName	Prog#	Seg#	Cycle#	Time	Temp	465-510	
A1	Sample 1	2	1	1	30910	36.96	1.04
A1	Sample 1	2	1	2	35940	36.96	1.05
A1	Sample 1	2	1	3	40960	37	1.03
A1	Sample 1	2	1	4	45960	36.96	1.04
A1	Sample 1	2	1	5	50940	37	1.03
A1	Sample 1	2	1	6	55940	37	1.03
A1	Sample 1	2	1	7	60950	36.96	1.03
A1	Sample 1	2	1	8	65940	37	1.03
A1	Sample 1	2	1	9	70950	37	1.03
A1	Sample 1	2	1	10	75940	37	1.03
A1	Sample 1	2	1	11	80950	37	1.03
A1	Sample 1	2	1	12	85940	36.96	1.03
A1	Sample 1	2	1	13	90950	37	1.03
A1	Sample 1	2	1	14	95940	36.96	1.03
A1	Sample 1	2	1	15	100940	37	1.03
A2	Sample 2	2	1	1	30910	36.96	1.10
A2	Sample 2	2	1	2	35940	36.96	1.10
A2	Sample 2	2	1	3	40960	37	1.08
A2	Sample 2	2	1	4	45960	36.96	1.07
A2	Sample 2	2	1	5	50940	37	1.08
A2	Sample 2	2	1	6	55940	37	1.08
A2	Sample 2	2	1	7	60950	36.96	1.08
A2	Sample 2	2	1	8	65940	37	1.08
A2	Sample 2	2	1	9	70950	37	1.07
A2	Sample 2	2	1	10	75940	37	1.07
A2	Sample 2	2	1	11	80950	37	1.07
A2	Sample 2	2	1	12	85940	36.96	1.07
A2	Sample 2	2	1	13	90950	37	1.07
A2	Sample 2	2	1	14	95940	36.96	1.07
A2	Sample 2	2	1	15	100940	37	1.07
A3	Sample 3	2	1	1	30910	36.96	1.17
A3	Sample 3	2	1	2	35940	36.96	1.17
A3	Sample 3	2	1	3	40960	37	1.16
A3	Sample 3	2	1	4	45960	36.96	1.17
A3	Sample 3	2	1	5	50940	37	1.17
A3	Sample 3	2	1	6	55940	37	1.16
A3	Sample 3	2	1	7	60950	36.96	1.16
A3	Sample 3	2	1	8	65940	37	1.15
A3	Sample 3	2	1	9	70950	37	1.16
A3	Sample 3	2	1	10	75940	37	1.15
A3	Sample 3	2	1	11	80950	37	1.16
A3	Sample 3	2	1	12	85940	36.96	1.15
A3	Sample 3	2	1	13	90950	37	1.15
A3	Sample 3	2	1	14	95940	36.96	1.15
A3	Sample 3	2	1	15	100940	37	1.16
A4	Sample 4	2	1	1	30910	36.96	1.17
A4	Sample 4	2	1	2	35940	36.96	1.16
A4	Sample 4	2	1	3	40960	37	1.15
A4	Sample 4	2	1	4	45960	36.96	1.15
A4	Sample 4	2	1	5	50940	37	1.15
A4	Sample 4	2	1	6	55940	37	1.15
A4	Sample 4	2	1	7	60950	36.96	1.15
A4	Sample 4	2	1	8	65940	37	1.15
A4	Sample 4	2	1	9	70950	37	1.15
A4	Sample 4	2	1	10	75940	37	1.14
A4	Sample 4	2	1	11	80950	37	1.14
A4	Sample 4	2	1	12	85940	36.96	1.14
A4	Sample 4	2	1	13	90950	37	1.14
A4	Sample 4	2	1	14	95940	36.96	1.14
A4	Sample 4	2	1	15	100940	37	1.14
A5	Sample 5	2	1	1	30910	36.96	0.83
A5	Sample 5	2	1	2	35940	36.96	0.83
A5	Sample 5	2	1	3	40960	37	0.82
A5	Sample 5	2	1	4	45960	36.96	0.82
A5	Sample 5	2	1	5	50940	37	0.82
A5	Sample 5	2	1	6	55940	37	0.82
A5	Sample 5	2	1	7	60950	36.96	0.82
A5	Sample 5	2	1	8	65940	37	0.81
A5	Sample 5	2	1	9	70950	37	0.81
A5	Sample 5	2	1	10	75940	37	0.81
A5	Sample 5	2	1	11	80950	37	0.81
A5	Sample 5	2	1	12	85940	36.96	0.81
A5	Sample 5	2	1	13	90950	37	0.81
A5	Sample 5	2	1	14	95940	36.96	0.81
A5	Sample 5	2	1	15	100940	37	0.80
A6	Sample 6	2	1	1	30910	36.96	0.82
A6	Sample 6	2	1	2	35940	36.96	0.82
A6	Sample 6	2	1	3	40960	37	0.81
A6	Sample 6	2	1	4	45960	36.96	0.82
A6	Sample 6	2	1	5	50940	37	0.82
A6	Sample 6	2	1	6	55940	37	0.82
A6	Sample 6	2	1	7	60950	36.96	0.82
A6	Sample 6	2	1	8	65940	37	0.82
A6	Sample 6	2	1	9	70950	37	0.82
A6	Sample 6	2	1	10	75940	37	0.81
A6	Sample 6	2	1	11	80950	37	0.81
A6	Sample 6	2	1	12	85940	36.96	0.81
A6	Sample 6	2	1	13	90950	37	0.82
A6	Sample 6	2	1	14	95940	36.96	0.81
A6	Sample 6	2	1	15	100940	37	0.81
A7	Sample 7	2	1	1	30910	36.96	0.81
A7	Sample 7	2	1	2	35940	36.96	0.80
A7	Sample 7	2	1	3	40960	37	0.80
A7	Sample 7	2	1	4	45960	36.96	0.79
A7	Sample 7	2	1	5	50940	37	0.79
A7	Sample 7	2	1	6	55940	37	0.80
A7	Sample 7	2	1	7	60950	36.96	0.79
A7	Sample 7	2	1	8	65940	37	0.79
A7	Sample 7	2	1	9	70950	37	0.79
A7	Sample 7	2	1	10	75940	37	0.78
A7	Sample 7	2	1	11	80950	37	0.79
A7	Sample 7	2	1	12	85940	36.96	0.79
A7	Sample 7	2	1	13	90950	37	0.79
A7	Sample 7	2	1	14	95940	36.96	0.78
A7	Sample 7	2	1	15	100940	37	0.79
A8	Sample 8	2	1	1	30910	36.96	0.83
A8	Sample 8	2	1	2	35940	36.96	0.82
A8	Sample 8	2	1	3	40960	37	0.82
A8	Sample 8	2	1	4	45960	36.96	0.82
A8	Sample 8	2	1	5	50940	37	0.82
A8	Sample 8	2	1	6	55940	37	0.82
A8	Sample 8	2	1	7	60950	36.96	0.82
A8	Sample 8	2	1	8	65940	37	0.82
A8	Sample 8	2	1	9	70950	37	0.82
A8	Sample 8	2	1	10	75940	37	0.81
A8	Sample 8	2	1	11	80950	37	0.82
A8	Sample 8	2	1	12	85940	36.96	0.81
A8	Sample 8	2	1	13	90950	37	0.82
A8	Sample 8	2	1	14	95940	36.96	0.81
A8	Sample 8	2	1	15	100940	37	0.81
A9	Sample 9	2	1	1	30910	36.96	0.64
A9	Sample 9	2	1	2	35940	36.96	0.64
A9	Sample 9	2	1	3	40960	37	0.63
A9	Sample 9	2	1	4	45960	36.96	0.63
A9	Sample 9	2	1	5	50940	37	0.63
A9	Sample 9	2	1	6	55940	37	0.63
A9	Sample 9	2	1	7	60950	36.96	0.63
A9	Sample 9	2	1	8	65940	37	0.62
A9	Sample 9	2	1	9	70950	37	0.63
A9	Sample 9	2	1	10	75940	37	0.63
A9	Sample 9	2	1	11	80950	37	0.63
A9	Sample 9	2	1	12	85940	36.96	0.63
A9	Sample 9	2	1	13	90950	37	0.63
A9	Sample 9	2	1	14	95940	36.96	0.62
A9	Sample 9	2	1	15	100940	37	0.62
A10	Sample 10	2	1	1	30910	36.96	0.62
A10	Sample 10	2	1	2	35940	36.96	0.62
A10	Sample 10	2	1	3	40960	37	0.61
A10	Sample 10	2	1	4	45960	36.96	0.60
A10	Sample 10	2	1	5	50940	37	0.61
A10	Sample 10	2	1	6	55940	37	0.61
A10	Sample 10	2	1	7	60950	36.96	0.60
A10	Sample 10	2	1	8	65940	37	0.60
A10	Sample 10	2	1	9	70950	37	0.60
A10	Sample 10	2	1	10	75940	37	0.60
A10	Sample 10	2	1	11	80950	37	0.60
A10	Sample 10	2	1	12	85940	36.96	0.60
A10	Sample 10	2	1	13	90950	37	0.60
A10	Sample 10	2	1	14	95940	36.96	0.60
A10	Sample 10	2	1	15	100940	37	0.60
A11	Sample 11	2	1	1	30910	36.96	0.65
A11	Sample 11	2	1	2	35940	36.96	0.65
A11	Sample 11	2	1	3	40960	37	0.64
A11	Sample 11	2	1	4	45960	36.96	0.65
A11	Sample 11	2	1	5	50940	37	0.64
A11	Sample 11	2	1	6	55940	37	0.64
A11	Sample 11	2	1	7	60950	36.96	0.64
A11	Sample 11	2	1	8	65940	37	0.64
A11	Sample 11	2	1	9	70950	37	0.64
A11	Sample 11	2	1	10	75940	37	0.64
A11	Sample 11	2	1	11	80950	37	0.64
A11	Sample 11	2	1	12	85940	36.96	0.64
A11	Sample 11	2	1	13	90950	37	0.64
A11	Sample 11	2	1	14	95940	36.96	0.63
A11	Sample 11	2	1	15	100940	37	0.63
A12	Sample 12	2	1	1	30910	36.96	0.56
A12	Sample 12	2	1	2	35940	36.96	0.56
A12	Sample 12	2	1	3	40960	37	0.56
A12	Sample 12	2	1	4	45960	36.96	0.56
A12	Sample 12	2	1	5	50940	37	0.56
A12	Sample 12	2	1	6	55940	37	0.56
A12	Sample 12	2	1	7	60950	36.96	0.56
A12	Sample 12	2	1	8	65940	37	0.55
A12	Sample 12	2	1	9	70950	37	0.56
A12	Sample 12	2	1	10	75940	37	0.56
A12	Sample 12	2	1	11	80950	37	0.55
A12	Sample 12	2	1	12	85940	36.96	0.56
A12	Sample 12	2	1	13	90950	37	0.56
A12	Sample 12	2	1	14	95940	36.96	0.55
A12	Sample 12	2	1	15	100940	37	0.55
B1	Sample 13	2	1	1	30910	36.96	1.04
B1	Sample 13	2	1	2	35940	36.96	1.03
B1	Sample 13	2	1	3	40960	37	1.03
B1	Sample 13	2	1	4	45960	36.96	1.02
B1	Sample 13	2	1	5	50940	37	1.02
B1	Sample 13	2	1	6	55940	37	1.02
B1	Sample 13	2	1	7	60950	36.96	1.02
B1	Sample 13	2	1	8	65940	37	1.01
B1	Sample 13	2	1	9	70950	37	1.01
B1	Sample 13	2	1	10	75940	37	1.01
B1	Sample 13	2	1	11	80950	37	1.02
B1	Sample 13	2	1	12	85940	36.96	1.02
B1	Sample 13	2	1	13	90950	37	1.02
B1	Sample 13	2	1	14	95940	36.96	1.01
B1	Sample 13	2	1	15	100940	37	1.02
B2	Sample 14	2	1	1	30910	36.96	1.03
B2	Sample 14	2	1	2	35940	36.96	1.02
B2	Sample 14	2	1	3	40960	37	1.01
B2	Sample 14	2	1	4	45960	36.96	1.01
B2	Sample 14	2	1	5	50940	37	1.01
B2	Sample 14	2	1	6	55940	37	1.01
B2	Sample 14	2	1	7	60950	36.96	1.01
B2	Sample 14	2	1	8	65940	37	1.01
B2	Sample 14	2	1	9	70950	37	1.01
B2	Sample 14	2	1	10	75940	37	1.00
B2	Sample 14	2	1	11	80950	37	1.00
B2	Sample 14	2	1	12	85940	36.96	1.00
B2	Sample 14	2	1	13	90950	37	1.01
B2	Sample 14	2	1	14	95940	36.96	0.99
B2	Sample 14	2	1	15	100940	37	1.00
B3	Sample 15	2	1	1	30910	36.96	1.10
B3	Sample 15	2	1	2	35940	36.96	1.10
B3	Sample 15	2	1	3	40960	37	1.09
B3	Sample 15	2	1	4	45960	36.96	1.09
B3	Sample 15	2	1	5	50940	37	1.08
B3	Sample 15	2	1	6	55940	37	1.07
B3	Sample 15	2	1	7	60950	36.96	1.08
B3	Sample 15	2	1	8	65940	37	1.07
B3	Sample 15	2	1	9	70950	37	1.07
B3	Sample 15	2	1	10	75940	37	1.07
B3	Sample 15	2	1	11	80950	37	1.08
B3	Sample 15	2	1	12	85940	36.96	1.08
B3	Sample 15	2	1	13	90950	37	1.08
B3	Sample 15	2	1	14	95940	36.96	1.07
B3	Sample 15	2	1	15	100940	37	1.07
B4	Sample 16	2	1	1	30910	36.96	1.14
B4	Sample 16	2	1	2	35940	36.96	1.13
B4	Sample 16	2	1	3	40960	37	1.13
B4	Sample 16	2	1	4	45960	36.96	1.12
B4	Sample 16	2	1	5	50940	37	1.12
B4	Sample 16	2	1	6	55940	37	1.12
B4	Sample 16	2	1	7	60950	36.96	1.11
B4	Sample 16	2	1	8	65940	37	1.12
B4	Sample 16	2	1	9	70950	37	1.12
B4	Sample 16	2	1	10	75940	37	1.11
B4	Sample 16	2	1	11	80950	37	1.11
B4	Sample 16	2	1	12	85940	36.96	1.12
B4	Sample 16	2	1	13	90950	37	1.12
B4	Sample 16	2	1	14	95940	36.96	1.11
B4	Sample 16	2	1	15	100940	37	1.11
B5	Sample 17	2	1	1	30910	36.96	0.78
B5	Sample 17	2	1	2	35940	36.96	0.78
B5	Sample 17	2	1	3	40960	37	0.77
B5	Sample 17	2	1	4	45960	36.96	0.77
B5	Sample 17	2	1	5	50940	37	0.76
B5	Sample 17	2	1	6	55940	37	0.76
B5	Sample 17	2	1	7	60950	36.96	0.76
B5	Sample 17	2	1	8	65940	37	0.76
B5	Sample 17	2	1	9	70950	37	0.76
B5	Sample 17	2	1	10	75940	37	0.75
B5	Sample 17	2	1	11	80950	37	0.75
B5	Sample 17	2	1	12	85940	36.96	0.75
B5	Sample 17	2	1	13	90950	37	0.76
B5	Sample 17	2	1	14	95940	36.96	0.75
B5	Sample 17	2	1	15	100940	37	0.76
B6	Sample 18	2	1	1	30910	36.96	0.76
B6	Sample 18	2	1	2	35940	36.96	0.76
B6	Sample 18	2	1	3	40960	37	0.75
B6	Sample 18	2	1	4	45960	36.96	0.75
B6	Sample 18	2	1	5	50940	37	0.74
B6	Sample 18	2	1	6	55940	37	0.74
B6	Sample 18	2	1	7	60950	36.96	0.75
B6	Sample 18	2	1	8	65940	37	0.74
B6	Sample 18	2	1	9	70950	37	0.74
B6	Sample 18	2	1	10	75940	37	0.74
B6	Sample 18	2	1	11	80950	37	0.74
B6	Sample 18	2	1	12	85940	36.96	0.74
B6	Sample 18	2	1	13	90950	37	0.74
B6	Sample 18	2	1	14	95940	36.96	0.74
B6	Sample 18	2	1	15	100940	37	0.74
B7	Sample 19	2	1	1	30910	36.96	0.79
B7	Sample 19	2	1	2	35940	36.96	0.79
B7	Sample 19	2	1	3	40960	37	0.78
B7	Sample 19	2	1	4	45960	36.96	0.78
B7	Sample 19	2	1	5	50940	37	0.78
B7	Sample 19	2	1	6	55940	37	0.78
B7	Sample 19	2	1	7	60950	36.96	0.77
B7	Sample 19	2	1	8	65940	37	0.77
B7	Sample 19	2	1	9	70950	37	0.77
B7	Sample 19	2	1	10	75940	37	0.77
B7	Sample 19	2	1	11	80950	37	0.78
B7	Sample 19	2	1	12	85940	36.96	0.78
B7	Sample 19	2	1	13	90950	37	0.78
B7	Sample 19	2	1	14	95940	36.96	0.77
B7	Sample 19	2	1	15	100940	37	0.77
B8	Sample 20	2	1	1	30910	36.96	0.79
B8	Sample 20	2	1	2	35940	36.96	0.79
B8	Sample 20	2	1	3	40960	37	0.79
B8	Sample 20	2	1	4	45960	36.96	0.78
B8	Sample 20	2	1	5	50940	37	0.78
B8	Sample 20	2	1	6	55940	37	0.78
B8	Sample 20	2	1	7	60950	36.96	0.78
B8	Sample 20	2	1	8	65940	37	0.77
B8	Sample 20	2	1	9	70950	37	0.77
B8	Sample 20	2	1	10	75940	37	0.77
B8	Sample 20	2	1	11	80950	37	0.77
B8	Sample 20	2	1	12	85940	36.96	0.77
B8	Sample 20	2	1	13	90950	37	0.77
B8	Sample 20	2	1	14	95940	36.96	0.76
B8	Sample 20	2	1	15	100940	37	0.77
B9	Sample 21	2	1	1	30910	36.96	0.61
B9	Sample 21	2	1	2	35940	36.96	0.61
B9	Sample 21	2	1	3	40960	37	0.60
B9	Sample 21	2	1	4	45960	36.96	0.61
B9	Sample 21	2	1	5	50940	37	0.61
B9	Sample 21	2	1	6	55940	37	0.61
B9	Sample 21	2	1	7	60950	36.96	0.61
B9	Sample 21	2	1	8	65940	37	0.60
B9	Sample 21	2	1	9	70950	37	0.60
B9	Sample 21	2	1	10	75940	37	0.60
B9	Sample 21	2	1	11	80950	37	0.60
B9	Sample 21	2	1	12	85940	36.96	0.59
B9	Sample 21	2	1	13	90950	37	0.60
B9	Sample 21	2	1	14	95940	36.96	0.59
B9	Sample 21	2	1	15	100940	37	0.59
B10	Sample 22	2	1	1	30910	36.96	0.61
B10	Sample 22	2	1	2	35940	36.96	0.60
B10	Sample 22	2	1	3	40960	37	0.59
B10	Sample 22	2	1	4	45960	36.96	0.59
B10	Sample 22	2	1	5	50940	37	0.59
B10	Sample 22	2	1	6	55940	37	0.59
B10	Sample 22	2	1	7	60950	36.96	0.59
B10	Sample 22	2	1	8	65940	37	0.59
B10	Sample 22	2	1	9	70950	37	0.59
B10	Sample 22	2	1	10	75940	37	0.59
B10	Sample 22	2	1	11	80950	37	0.59
B10	Sample 22	2	1	12	85940	36.96	0.59
B10	Sample 22	2	1	13	90950	37	0.59
B10	Sample 22	2	1	14	95940	36.96	0.59
B10	Sample 22	2	1	15	100940	37	0.59
B11	Sample 23	2	1	1	30910	36.96	0.64
B11	Sample 23	2	1	2	35940	36.96	0.63
B11	Sample 23	2	1	3	40960	37	0.62
B11	Sample 23	2	1	4	45960	36.96	0.62
B11	Sample 23	2	1	5	50940	37	0.62
B11	Sample 23	2	1	6	55940	37	0.62
B11	Sample 23	2	1	7	60950	36.96	0.62
B11	Sample 23	2	1	8	65940	37	0.62
B11	Sample 23	2	1	9	70950	37	0.61
B11	Sample 23	2	1	10	75940	37	0.62
B11	Sample 23	2	1	11	80950	37	0.62
B11	Sample 23	2	1	12	85940	36.96	0.62
B11	Sample 23	2	1	13	90950	37	0.62
B11	Sample 23	2	1	14	95940	36.96	0.62
B11	Sample 23	2	1	15	100940	37	0.62
B12	Sample 24	2	1	1	30910	36.96	0.58
B12	Sample 24	2	1	2	35940	36.96	0.59
B12	Sample 24	2	1	3	40960	37	0.58
B12	Sample 24	2	1	4	45960	36.96	0.57
B12	Sample 24	2	1	5	50940	37	0.57
B12	Sample 24	2	1	6	55940	37	0.57
B12	Sample 24	2	1	7	60950	36.96	0.57
B12	Sample 24	2	1	8	65940	37	0.57
B12	Sample 24	2	1	9	70950	37	0.56
B12	Sample 24	2	1	10	75940	37	0.57
B12	Sample 24	2	1	11	80950	37	0.57
B12	Sample 24	2	1	12	85940	36.96	0.57
B12	Sample 24	2	1	13	90950	37	0.57
B12	Sample 24	2	1	14	95940	36.96	0.56
B12	Sample 24	2	1	15	100940	37	0.57
C1	Sample 25	2	1	1	30910	36.96	1.08
C1	Sample 25	2	1	2	35940	36.96	1.07
C1	Sample 25	2	1	3	40960	37	1.07
C1	Sample 25	2	1	4	45960	36.96	1.06
C1	Sample 25	2	1	5	50940	37	1.06
C1	Sample 25	2	1	6	55940	37	1.06
C1	Sample 25	2	1	7	60950	36.96	1.06
C1	Sample 25	2	1	8	65940	37	1.06
C1	Sample 25	2	1	9	70950	37	1.05
C1	Sample 25	2	1	10	75940	37	1.05
C1	Sample 25	2	1	11	80950	37	1.05
C1	Sample 25	2	1	12	85940	36.96	1.05
C1	Sample 25	2	1	13	90950	37	1.05
C1	Sample 25	2	1	14	95940	36.96	1.05
C1	Sample 25	2	1	15	100940	37	1.05
C2	Sample 26	2	1	1	30910	36.96	1.12
C2	Sample 26	2	1	2	35940	36.96	1.11
C2	Sample 26	2	1	3	40960	37	1.11
C2	Sample 26	2	1	4	45960	36.96	1.10
C2	Sample 26	2	1	5	50940	37	1.10
C2	Sample 26	2	1	6	55940	37	1.10
C2	Sample 26	2	1	7	60950	36.96	1.11
C2	Sample 26	2	1	8	65940	37	1.10
C2	Sample 26	2	1	9	70950	37	1.10
C2	Sample 26	2	1	10	75940	37	1.09
C2	Sample 26	2	1	11	80950	37	1.09
C2	Sample 26	2	1	12	85940	36.96	1.09
C2	Sample 26	2	1	13	90950	37	1.10
C2	Sample 26	2	1	14	95940	36.96	1.09
C2	Sample 26	2	1	15	100940	37	1.09
C3	Sample 27	2	1	1	30910	36.96	1.12
C3	Sample 27	2	1	2	35940	36.96	1.11
C3	Sample 27	2	1	3	40960	37	1.10
C3	Sample 27	2	1	4	45960	36.96	1.10
C3	Sample 27	2	1	5	50940	37	1.09
C3	Sample 27	2	1	6	55940	37	1.09
C3	Sample 27	2	1	7	60950	36.96	1.09
C3	Sample 27	2	1	8	65940	37	1.09
C3	Sample 27	2	1	9	70950	37	1.09
C3	Sample 27	2	1	10	75940	37	1.09
C3	Sample 27	2	1	11	80950	37	1.08
C3	Sample 27	2	1	12	85940	36.96	1.08
C3	Sample 27	2	1	13	90950	37	1.09
C3	Sample 27	2	1	14	95940	36.96	1.07
C3	Sample 27	2	1	15	100940	37	1.08
C4	Sample 28	2	1	1	30910	36.96	1.14
C4	Sample 28	2	1	2	35940	36.96	1.13
C4	Sample 28	2	1	3	40960	37	1.12
C4	Sample 28	2	1	4	45960	36.96	1.10
C4	Sample 28	2	1	5	50940	37	1.10
C4	Sample 28	2	1	6	55940	37	1.10
C4	Sample 28	2	1	7	60950	36.96	1.11
C4	Sample 28	2	1	8	65940	37	1.10
C4	Sample 28	2	1	9	70950	37	1.10
C4	Sample 28	2	1	10	75940	37	1.09
C4	Sample 28	2	1	11	80950	37	1.10
C4	Sample 28	2	1	12	85940	36.96	1.10
C4	Sample 28	2	1	13	90950	37	1.10
C4	Sample 28	2	1	14	95940	36.96	1.10
C4	Sample 28	2	1	15	100940	37	1.10
C5	Sample 29	2	1	1	30910	36.96	0.79
C5	Sample 29	2	1	2	35940	36.96	0.78
C5	Sample 29	2	1	3	40960	37	0.78
C5	Sample 29	2	1	4	45960	36.96	0.77
C5	Sample 29	2	1	5	50940	37	0.77
C5	Sample 29	2	1	6	55940	37	0.76
C5	Sample 29	2	1	7	60950	36.96	0.77
C5	Sample 29	2	1	8	65940	37	0.76
C5	Sample 29	2	1	9	70950	37	0.76
C5	Sample 29	2	1	10	75940	37	0.76
C5	Sample 29	2	1	11	80950	37	0.76
C5	Sample 29	2	1	12	85940	36.96	0.76
C5	Sample 29	2	1	13	90950	37	0.76
C5	Sample 29	2	1	14	95940	36.96	0.76
C5	Sample 29	2	1	15	100940	37	0.77
C6	Sample 30	2	1	1	30910	36.96	0.85
C6	Sample 30	2	1	2	35940	36.96	0.84
C6	Sample 30	2	1	3	40960	37	0.84
C6	Sample 30	2	1	4	45960	36.96	0.83
C6	Sample 30	2	1	5	50940	37	0.83
C6	Sample 30	2	1	6	55940	37	0.83
C6	Sample 30	2	1	7	60950	36.96	0.83
C6	Sample 30	2	1	8	65940	37	0.83
C6	Sample 30	2	1	9	70950	37	0.83
C6	Sample 30	2	1	10	75940	37	0.83
C6	Sample 30	2	1	11	80950	37	0.83
C6	Sample 30	2	1	12	85940	36.96	0.83
C6	Sample 30	2	1	13	90950	37	0.83
C6	Sample 30	2	1	14	95940	36.96	0.83
C6	Sample 30	2	1	15	100940	37	0.83
C7	Sample 31	2	1	1	30910	36.96	0.84
C7	Sample 31	2	1	2	35940	36.96	0.83
C7	Sample 31	2	1	3	40960	37	0.82
C7	Sample 31	2	1	4	45960	36.96	0.82
C7	Sample 31	2	1	5	50940	37	0.82
C7	Sample 31	2	1	6	55940	37	0.81
C7	Sample 31	2	1	7	60950	36.96	0.82
C7	Sample 31	2	1	8	65940	37	0.81
C7	Sample 31	2	1	9	70950	37	0.80
C7	Sample 31	2	1	10	75940	37	0.81
C7	Sample 31	2	1	11	80950	37	0.81
C7	Sample 31	2	1	12	85940	36.96	0.80
C7	Sample 31	2	1	13	90950	37	0.81
C7	Sample 31	2	1	14	95940	36.96	0.80
C7	Sample 31	2	1	15	100940	37	0.81
C8	Sample 32	2	1	1	30910	36.96	0.82
C8	Sample 32	2	1	2	35940	36.96	0.81
C8	Sample 32	2	1	3	40960	37	0.80
C8	Sample 32	2	1	4	45960	36.96	0.80
C8	Sample 32	2	1	5	50940	37	0.80
C8	Sample 32	2	1	6	55940	37	0.80
C8	Sample 32	2	1	7	60950	36.96	0.80
C8	Sample 32	2	1	8	65940	37	0.80
C8	Sample 32	2	1	9	70950	37	0.78
C8	Sample 32	2	1	10	75940	37	0.79
C8	Sample 32	2	1	11	80950	37	0.79
C8	Sample 32	2	1	12	85940	36.96	0.79
C8	Sample 32	2	1	13	90950	37	0.79
C8	Sample 32	2	1	14	95940	36.96	0.79
C8	Sample 32	2	1	15	100940	37	0.79
C9	Sample 33	2	1	1	30910	36.96	0.66
C9	Sample 33	2	1	2	35940	36.96	0.65
C9	Sample 33	2	1	3	40960	37	0.64
C9	Sample 33	2	1	4	45960	36.96	0.64
C9	Sample 33	2	1	5	50940	37	0.64
C9	Sample 33	2	1	6	55940	37	0.65
C9	Sample 33	2	1	7	60950	36.96	0.64
C9	Sample 33	2	1	8	65940	37	0.64
C9	Sample 33	2	1	9	70950	37	0.64
C9	Sample 33	2	1	10	75940	37	0.64
C9	Sample 33	2	1	11	80950	37	0.64
C9	Sample 33	2	1	12	85940	36.96	0.64
C9	Sample 33	2	1	13	90950	37	0.64
C9	Sample 33	2	1	14	95940	36.96	0.63
C9	Sample 33	2	1	15	100940	37	0.64
C10	Sample 34	2	1	1	30910	36.96	0.64
C10	Sample 34	2	1	2	35940	36.96	0.63
C10	Sample 34	2	1	3	40960	37	0.63
C10	Sample 34	2	1	4	45960	36.96	0.62
C10	Sample 34	2	1	5	50940	37	0.63
C10	Sample 34	2	1	6	55940	37	0.63
C10	Sample 34	2	1	7	60950	36.96	0.62
C10	Sample 34	2	1	8	65940	37	0.62
C10	Sample 34	2	1	9	70950	37	0.62
C10	Sample 34	2	1	10	75940	37	0.62
C10	Sample 34	2	1	11	80950	37	0.62
C10	Sample 34	2	1	12	85940	36.96	0.62
C10	Sample 34	2	1	13	90950	37	0.62
C10	Sample 34	2	1	14	95940	36.96	0.62
C10	Sample 34	2	1	15	100940	37	0.62
C11	Sample 35	2	1	1	30910	36.96	0.63
C11	Sample 35	2	1	2	35940	36.96	0.63
C11	Sample 35	2	1	3	40960	37	0.63
C11	Sample 35	2	1	4	45960	36.96	0.62
C11	Sample 35	2	1	5	50940	37	0.62
C11	Sample 35	2	1	6	55940	37	0.62
C11	Sample 35	2	1	7	60950	36.96	0.61
C11	Sample 35	2	1	8	65940	37	0.61
C11	Sample 35	2	1	9	70950	37	0.61
C11	Sample 35	2	1	10	75940	37	0.61
C11	Sample 35	2	1	11	80950	37	0.61
C11	Sample 35	2	1	12	85940	36.96	0.61
C11	Sample 35	2	1	13	90950	37	0.61
C11	Sample 35	2	1	14	95940	36.96	0.61
C11	Sample 35	2	1	15	100940	37	0.61
C12	Sample 36	2	1	1	30910	36.96	0.64
C12	Sample 36	2	1	2	35940	36.96	0.63
C12	Sample 36	2	1	3	40960	37	0.63
C12	Sample 36	2	1	4	45960	36.96	0.62
C12	Sample 36	2	1	5	50940	37	0.63
C12	Sample 36	2	1	6	55940	37	0.62
C12	Sample 36	2	1	7	60950	36.96	0.62
C12	Sample 36	2	1	8	65940	37	0.62
C12	Sample 36	2	1	9	70950	37	0.63
C12	Sample 36	2	1	10	75940	37	0.62
C12	Sample 36	2	1	11	80950	37	0.63
C12	Sample 36	2	1	12	85940	36.96	0.63
C12	Sample 36	2	1	13	90950	37	0.62
C12	Sample 36	2	1	14	95940	36.96	0.62
C12	Sample 36	2	1	15	100940	37	0.62
D1	Sample 37	2	1	1	30910	36.96	1.12
D1	Sample 37	2	1	2	35940	36.96	1.11
D1	Sample 37	2	1	3	40960	37	1.11
D1	Sample 37	2	1	4	45960	36.96	1.10
D1	Sample 37	2	1	5	50940	37	1.10
D1	Sample 37	2	1	6	55940	37	1.09
D1	Sample 37	2	1	7	60950	36.96	1.10
D1	Sample 37	2	1	8	65940	37	1.09
D1	Sample 37	2	1	9	70950	37	1.09
D1	Sample 37	2	1	10	75940	37	1.09
D1	Sample 37	2	1	11	80950	37	1.08
D1	Sample 37	2	1	12	85940	36.96	1.09
D1	Sample 37	2	1	13	90950	37	1.08
D1	Sample 37	2	1	14	95940	36.96	1.08
D1	Sample 37	2	1	15	100940	37	1.08
D2	Sample 38	2	1	1	30910	36.96	1.11
D2	Sample 38	2	1	2	35940	36.96	1.10
D2	Sample 38	2	1	3	40960	37	1.10
D2	Sample 38	2	1	4	45960	36.96	1.10
D2	Sample 38	2	1	5	50940	37	1.09
D2	Sample 38	2	1	6	55940	37	1.08
D2	Sample 38	2	1	7	60950	36.96	1.09
D2	Sample 38	2	1	8	65940	37	1.08
D2	Sample 38	2	1	9	70950	37	1.09
D2	Sample 38	2	1	10	75940	37	1.08
D2	Sample 38	2	1	11	80950	37	1.08
D2	Sample 38	2	1	12	85940	36.96	1.08
D2	Sample 38	2	1	13	90950	37	1.08
D2	Sample 38	2	1	14	95940	36.96	1.08
D2	Sample 38	2	1	15	100940	37	1.08
D3	Sample 39	2	1	1	30910	36.96	1.25
D3	Sample 39	2	1	2	35940	36.96	1.24
D3	Sample 39	2	1	3	40960	37	1.23
D3	Sample 39	2	1	4	45960	36.96	1.23
D3	Sample 39	2	1	5	50940	37	1.23
D3	Sample 39	2	1	6	55940	37	1.22
D3	Sample 39	2	1	7	60950	36.96	1.22
D3	Sample 39	2	1	8	65940	37	1.22
D3	Sample 39	2	1	9	70950	37	1.22
D3	Sample 39	2	1	10	75940	37	1.21
D3	Sample 39	2	1	11	80950	37	1.21
D3	Sample 39	2	1	12	85940	36.96	1.21
D3	Sample 39	2	1	13	90950	37	1.21
D3	Sample 39	2	1	14	95940	36.96	1.21
D3	Sample 39	2	1	15	100940	37	1.21
D4	Sample 40	2	1	1	30910	36.96	1.31
D4	Sample 40	2	1	2	35940	36.96	1.31
D4	Sample 40	2	1	3	40960	37	1.29
D4	Sample 40	2	1	4	45960	36.96	1.28
D4	Sample 40	2	1	5	50940	37	1.28
D4	Sample 40	2	1	6	55940	37	1.28
D4	Sample 40	2	1	7	60950	36.96	1.28
D4	Sample 40	2	1	8	65940	37	1.27
D4	Sample 40	2	1	9	70950	37	1.28
D4	Sample 40	2	1	10	75940	37	1.28
D4	Sample 40	2	1	11	80950	37	1.28
D4	Sample 40	2	1	12	85940	36.96	1.27
D4	Sample 40	2	1	13	90950	37	1.27
D4	Sample 40	2	1	14	95940	36.96	1.27
D4	Sample 40	2	1	15	100940	37	1.27
D5	Sample 41	2	1	1	30910	36.96	0.79
D5	Sample 41	2	1	2	35940	36.96	0.78
D5	Sample 41	2	1	3	40960	37	0.78
D5	Sample 41	2	1	4	45960	36.96	0.78
D5	Sample 41	2	1	5	50940	37	0.78
D5	Sample 41	2	1	6	55940	37	0.77
D5	Sample 41	2	1	7	60950	36.96	0.77
D5	Sample 41	2	1	8	65940	37	0.77
D5	Sample 41	2	1	9	70950	37	0.77
D5	Sample 41	2	1	10	75940	37	0.77
D5	Sample 41	2	1	11	80950	37	0.77
D5	Sample 41	2	1	12	85940	36.96	0.77
D5	Sample 41	2	1	13	90950	37	0.76
D5	Sample 41	2	1	14	95940	36.96	0.77
D5	Sample 41	2	1	15	100940	37	0.77
D6	Sample 42	2	1	1	30910	36.96	0.79
D6	Sample 42	2	1	2	35940	36.96	0.78
D6	Sample 42	2	1	3	40960	37	0.78
D6	Sample 42	2	1	4	45960	36.96	0.77
D6	Sample 42	2	1	5	50940	37	0.78
D6	Sample 42	2	1	6	55940	37	0.77
D6	Sample 42	2	1	7	60950	36.96	0.77
D6	Sample 42	2	1	8	65940	37	0.76
D6	Sample 42	2	1	9	70950	37	0.77
D6	Sample 42	2	1	10	75940	37	0.77
D6	Sample 42	2	1	11	80950	37	0.77
D6	Sample 42	2	1	12	85940	36.96	0.77
D6	Sample 42	2	1	13	90950	37	0.76
D6	Sample 42	2	1	14	95940	36.96	0.76
D6	Sample 42	2	1	15	100940	37	0.76
D7	Sample 43	2	1	1	30910	36.96	1.11
D7	Sample 43	2	1	2	35940	36.96	1.10
D7	Sample 43	2	1	3	40960	37	1.09
D7	Sample 43	2	1	4	45960	36.96	1.08
D7	Sample 43	2	1	5	50940	37	1.08
D7	Sample 43	2	1	6	55940	37	1.08
D7	Sample 43	2	1	7	60950	36.96	1.07
D7	Sample 43	2	1	8	65940	37	1.08
D7	Sample 43	2	1	9	70950	37	1.08
D7	Sample 43	2	1	10	75940	37	1.08
D7	Sample 43	2	1	11	80950	37	1.08
D7	Sample 43	2	1	12	85940	36.96	1.08
D7	Sample 43	2	1	13	90950	37	1.08
D7	Sample 43	2	1	14	95940	36.96	1.08
D7	Sample 43	2	1	15	100940	37	1.08
D8	Sample 44	2	1	1	30910	36.96	1.15
D8	Sample 44	2	1	2	35940	36.96	1.13
D8	Sample 44	2	1	3	40960	37	1.12
D8	Sample 44	2	1	4	45960	36.96	1.12
D8	Sample 44	2	1	5	50940	37	1.12
D8	Sample 44	2	1	6	55940	37	1.11
D8	Sample 44	2	1	7	60950	36.96	1.11
D8	Sample 44	2	1	8	65940	37	1.09
D8	Sample 44	2	1	9	70950	37	1.10
D8	Sample 44	2	1	10	75940	37	1.10
D8	Sample 44	2	1	11	80950	37	1.10
D8	Sample 44	2	1	12	85940	36.96	1.10
D8	Sample 44	2	1	13	90950	37	1.10
D8	Sample 44	2	1	14	95940	36.96	1.10
D8	Sample 44	2	1	15	100940	37	1.10
D9	Sample 45	2	1	1	30910	36.96	0.64
D9	Sample 45	2	1	2	35940	36.96	0.64
D9	Sample 45	2	1	3	40960	37	0.63
D9	Sample 45	2	1	4	45960	36.96	0.62
D9	Sample 45	2	1	5	50940	37	0.62
D9	Sample 45	2	1	6	55940	37	0.62
D9	Sample 45	2	1	7	60950	36.96	0.63
D9	Sample 45	2	1	8	65940	37	0.61
D9	Sample 45	2	1	9	70950	37	0.62
D9	Sample 45	2	1	10	75940	37	0.62
D9	Sample 45	2	1	11	80950	37	0.62
D9	Sample 45	2	1	12	85940	36.96	0.62
D9	Sample 45	2	1	13	90950	37	0.61
D9	Sample 45	2	1	14	95940	36.96	0.62
D9	Sample 45	2	1	15	100940	37	0.61
D10	Sample 46	2	1	1	30910	36.96	0.66
D10	Sample 46	2	1	2	35940	36.96	0.66
D10	Sample 46	2	1	3	40960	37	0.65
D10	Sample 46	2	1	4	45960	36.96	0.65
D10	Sample 46	2	1	5	50940	37	0.64
D10	Sample 46	2	1	6	55940	37	0.65
D10	Sample 46	2	1	7	60950	36.96	0.65
D10	Sample 46	2	1	8	65940	37	0.64
D10	Sample 46	2	1	9	70950	37	0.64
D10	Sample 46	2	1	10	75940	37	0.63
D10	Sample 46	2	1	11	80950	37	0.64
D10	Sample 46	2	1	12	85940	36.96	0.63
D10	Sample 46	2	1	13	90950	37	0.64
D10	Sample 46	2	1	14	95940	36.96	0.63
D10	Sample 46	2	1	15	100940	37	0.64
D11	Sample 47	2	1	1	30910	36.96	0.74
D11	Sample 47	2	1	2	35940	36.96	0.74
D11	Sample 47	2	1	3	40960	37	0.73
D11	Sample 47	2	1	4	45960	36.96	0.72
D11	Sample 47	2	1	5	50940	37	0.72
D11	Sample 47	2	1	6	55940	37	0.72
D11	Sample 47	2	1	7	60950	36.96	0.72
D11	Sample 47	2	1	8	65940	37	0.71
D11	Sample 47	2	1	9	70950	37	0.72
D11	Sample 47	2	1	10	75940	37	0.71
D11	Sample 47	2	1	11	80950	37	0.71
D11	Sample 47	2	1	12	85940	36.96	0.71
D11	Sample 47	2	1	13	90950	37	0.71
D11	Sample 47	2	1	14	95940	36.96	0.71
D11	Sample 47	2	1	15	100940	37	0.71
D12	Sample 48	2	1	1	30910	36.96	0.83
D12	Sample 48	2	1	2	35940	36.96	0.82
D12	Sample 48	2	1	3	40960	37	0.81
D12	Sample 48	2	1	4	45960	36.96	0.81
D12	Sample 48	2	1	5	50940	37	0.81
D12	Sample 48	2	1	6	55940	37	0.81
D12	Sample 48	2	1	7	60950	36.96	0.81
D12	Sample 48	2	1	8	65940	37	0.81
D12	Sample 48	2	1	9	70950	37	0.81
D12	Sample 48	2	1	10	75940	37	0.80
D12	Sample 48	2	1	11	80950	37	0.80
D12	Sample 48	2	1	12	85940	36.96	0.80
D12	Sample 48	2	1	13	90950	37	0.80
D12	Sample 48	2	1	14	95940	36.96	0.80
D12	Sample 48	2	1	15	100940	37	0.79
E1	Sample 49	2	1	1	30910	36.96	1.15
E1	Sample 49	2	1	2	35940	36.96	1.14
E1	Sample 49	2	1	3	40960	37	1.13
E1	Sample 49	2	1	4	45960	36.96	1.13
E1	Sample 49	2	1	5	50940	37	1.13
E1	Sample 49	2	1	6	55940	37	1.13
E1	Sample 49	2	1	7	60950	36.96	1.14
E1	Sample 49	2	1	8	65940	37	1.13
E1	Sample 49	2	1	9	70950	37	1.12
E1	Sample 49	2	1	10	75940	37	1.12
E1	Sample 49	2	1	11	80950	37	1.12
E1	Sample 49	2	1	12	85940	36.96	1.11
E1	Sample 49	2	1	13	90950	37	1.12
E1	Sample 49	2	1	14	95940	36.96	1.12
E1	Sample 49	2	1	15	100940	37	1.12
E2	Sample 50	2	1	1	30910	36.96	1.23
E2	Sample 50	2	1	2	35940	36.96	1.22
E2	Sample 50	2	1	3	40960	37	1.21
E2	Sample 50	2	1	4	45960	36.96	1.21
E2	Sample 50	2	1	5	50940	37	1.20
E2	Sample 50	2	1	6	55940	37	1.21
E2	Sample 50	2	1	7	60950	36.96	1.21
E2	Sample 50	2	1	8	65940	37	1.20
E2	Sample 50	2	1	9	70950	37	1.20
E2	Sample 50	2	1	10	75940	37	1.20
E2	Sample 50	2	1	11	80950	37	1.20
E2	Sample 50	2	1	12	85940	36.96	1.20
E2	Sample 50	2	1	13	90950	37	1.19
E2	Sample 50	2	1	14	95940	36.96	1.19
E2	Sample 50	2	1	15	100940	37	1.20
E3	Sample 51	2	1	1	30910	36.96	1.16
E3	Sample 51	2	1	2	35940	36.96	1.15
E3	Sample 51	2	1	3	40960	37	1.14
E3	Sample 51	2	1	4	45960	36.96	1.14
E3	Sample 51	2	1	5	50940	37	1.14
E3	Sample 51	2	1	6	55940	37	1.13
E3	Sample 51	2	1	7	60950	36.96	1.13
E3	Sample 51	2	1	8	65940	37	1.12
E3	Sample 51	2	1	9	70950	37	1.12
E3	Sample 51	2	1	10	75940	37	1.13
E3	Sample 51	2	1	11	80950	37	1.12
E3	Sample 51	2	1	12	85940	36.96	1.12
E3	Sample 51	2	1	13	90950	37	1.13
E3	Sample 51	2	1	14	95940	36.96	1.12
E3	Sample 51	2	1	15	100940	37	1.12
E4	Sample 52	2	1	1	30910	36.96	1.18
E4	Sample 52	2	1	2	35940	36.96	1.18
E4	Sample 52	2	1	3	40960	37	1.16
E4	Sample 52	2	1	4	45960	36.96	1.16
E4	Sample 52	2	1	5	50940	37	1.16
E4	Sample 52	2	1	6	55940	37	1.16
E4	Sample 52	2	1	7	60950	36.96	1.16
E4	Sample 52	2	1	8	65940	37	1.15
E4	Sample 52	2	1	9	70950	37	1.15
E4	Sample 52	2	1	10	75940	37	1.15
E4	Sample 52	2	1	11	80950	37	1.16
E4	Sample 52	2	1	12	85940	36.96	1.14
E4	Sample 52	2	1	13	90950	37	1.15
E4	Sample 52	2	1	14	95940	36.96	1.15
E4	Sample 52	2	1	15	100940	37	1.15
E5	Sample 53	2	1	1	30910	36.96	1.08
E5	Sample 53	2	1	2	35940	36.96	1.08
E5	Sample 53	2	1	3	40960	37	1.06
E5	Sample 53	2	1	4	45960	36.96	1.06
E5	Sample 53	2	1	5	50940	37	1.05
E5	Sample 53	2	1	6	55940	37	1.05
E5	Sample 53	2	1	7	60950	36.96	1.06
E5	Sample 53	2	1	8	65940	37	1.05
E5	Sample 53	2	1	9	70950	37	1.05
E5	Sample 53	2	1	10	75940	37	1.05
E5	Sample 53	2	1	11	80950	37	1.05
E5	Sample 53	2	1	12	85940	36.96	1.05
E5	Sample 53	2	1	13	90950	37	1.05
E5	Sample 53	2	1	14	95940	36.96	1.05
E5	Sample 53	2	1	15	100940	37	1.05
E6	Sample 54	2	1	1	30910	36.96	0.84
E6	Sample 54	2	1	2	35940	36.96	0.84
E6	Sample 54	2	1	3	40960	37	0.83
E6	Sample 54	2	1	4	45960	36.96	0.84
E6	Sample 54	2	1	5	50940	37	0.83
E6	Sample 54	2	1	6	55940	37	0.83
E6	Sample 54	2	1	7	60950	36.96	0.82
E6	Sample 54	2	1	8	65940	37	0.82
E6	Sample 54	2	1	9	70950	37	0.82
E6	Sample 54	2	1	10	75940	37	0.82
E6	Sample 54	2	1	11	80950	37	0.82
E6	Sample 54	2	1	12	85940	36.96	0.82
E6	Sample 54	2	1	13	90950	37	0.82
E6	Sample 54	2	1	14	95940	36.96	0.82
E6	Sample 54	2	1	15	100940	37	0.82
E7	Sample 55	2	1	1	30910	36.96	1.07
E7	Sample 55	2	1	2	35940	36.96	1.07
E7	Sample 55	2	1	3	40960	37	1.06
E7	Sample 55	2	1	4	45960	36.96	1.06
E7	Sample 55	2	1	5	50940	37	1.05
E7	Sample 55	2	1	6	55940	37	1.05
E7	Sample 55	2	1	7	60950	36.96	1.05
E7	Sample 55	2	1	8	65940	37	1.04
E7	Sample 55	2	1	9	70950	37	1.04
E7	Sample 55	2	1	10	75940	37	1.04
E7	Sample 55	2	1	11	80950	37	1.04
E7	Sample 55	2	1	12	85940	36.96	1.04
E7	Sample 55	2	1	13	90950	37	1.04
E7	Sample 55	2	1	14	95940	36.96	1.04
E7	Sample 55	2	1	15	100940	37	1.04
E8	Sample 56	2	1	1	30910	36.96	0.76
E8	Sample 56	2	1	2	35940	36.96	0.76
E8	Sample 56	2	1	3	40960	37	0.75
E8	Sample 56	2	1	4	45960	36.96	0.75
E8	Sample 56	2	1	5	50940	37	0.76
E8	Sample 56	2	1	6	55940	37	0.75
E8	Sample 56	2	1	7	60950	36.96	0.75
E8	Sample 56	2	1	8	65940	37	0.74
E8	Sample 56	2	1	9	70950	37	0.74
E8	Sample 56	2	1	10	75940	37	0.74
E8	Sample 56	2	1	11	80950	37	0.74
E8	Sample 56	2	1	12	85940	36.96	0.74
E8	Sample 56	2	1	13	90950	37	0.74
E8	Sample 56	2	1	14	95940	36.96	0.74
E8	Sample 56	2	1	15	100940	37	0.74
E9	Sample 57	2	1	1	30910	36.96	0.90
E9	Sample 57	2	1	2	35940	36.96	0.89
E9	Sample 57	2	1	3	40960	37	0.88
E9	Sample 57	2	1	4	45960	36.96	0.88
E9	Sample 57	2	1	5	50940	37	0.88
E9	Sample 57	2	1	6	55940	37	0.87
E9	Sample 57	2	1	7	60950	36.96	0.87
E9	Sample 57	2	1	8	65940	37	0.87
E9	Sample 57	2	1	9	70950	37	0.87
E9	Sample 57	2	1	10	75940	37	0.86
E9	Sample 57	2	1	11	80950	37	0.87
E9	Sample 57	2	1	12	85940	36.96	0.86
E9	Sample 57	2	1	13	90950	37	0.87
E9	Sample 57	2	1	14	95940	36.96	0.86
E9	Sample 57	2	1	15	100940	37	0.86
E10	Sample 58	2	1	1	30910	36.96	0.96
E10	Sample 58	2	1	2	35940	36.96	0.95
E10	Sample 58	2	1	3	40960	37	0.94
E10	Sample 58	2	1	4	45960	36.96	0.94
E10	Sample 58	2	1	5	50940	37	0.94
E10	Sample 58	2	1	6	55940	37	0.93
E10	Sample 58	2	1	7	60950	36.96	0.93
E10	Sample 58	2	1	8	65940	37	0.93
E10	Sample 58	2	1	9	70950	37	0.93
E10	Sample 58	2	1	10	75940	37	0.93
E10	Sample 58	2	1	11	80950	37	0.93
E10	Sample 58	2	1	12	85940	36.96	0.93
E10	Sample 58	2	1	13	90950	37	0.93
E10	Sample 58	2	1	14	95940	36.96	0.94
E10	Sample 58	2	1	15	100940	37	0.93
E11	Sample 59	2	1	1	30910	36.96	1.54
E11	Sample 59	2	1	2	35940	36.96	1.52
E11	Sample 59	2	1	3	40960	37	1.51
E11	Sample 59	2	1	4	45960	36.96	1.51
E11	Sample 59	2	1	5	50940	37	1.50
E11	Sample 59	2	1	6	55940	37	1.50
E11	Sample 59	2	1	7	60950	36.96	1.49
E11	Sample 59	2	1	8	65940	37	1.48
E11	Sample 59	2	1	9	70950	37	1.48
E11	Sample 59	2	1	10	75940	37	1.49
E11	Sample 59	2	1	11	80950	37	1.48
E11	Sample 59	2	1	12	85940	36.96	1.48
E11	Sample 59	2	1	13	90950	37	1.48
E11	Sample 59	2	1	14	95940	36.96	1.48
E11	Sample 59	2	1	15	100940	37	1.48
E12	Sample 60	2	1	1	30910	36.96	1.46
E12	Sample 60	2	1	2	35940	36.96	1.45
E12	Sample 60	2	1	3	40960	37	1.44
E12	Sample 60	2	1	4	45960	36.96	1.43
E12	Sample 60	2	1	5	50940	37	1.44
E12	Sample 60	2	1	6	55940	37	1.42
E12	Sample 60	2	1	7	60950	36.96	1.43
E12	Sample 60	2	1	8	65940	37	1.42
E12	Sample 60	2	1	9	70950	37	1.41
E12	Sample 60	2	1	10	75940	37	1.41
E12	Sample 60	2	1	11	80950	37	1.42
E12	Sample 60	2	1	12	85940	36.96	1.42
E12	Sample 60	2	1	13	90950	37	1.42
E12	Sample 60	2	1	14	95940	36.96	1.42
E12	Sample 60	2	1	15	100940	37	1.41
F1	Sample 61	2	1	1	30910	36.96	1.12
F1	Sample 61	2	1	2	35940	36.96	1.11
F1	Sample 61	2	1	3	40960	37	1.11
F1	Sample 61	2	1	4	45960	36.96	1.10
F1	Sample 61	2	1	5	50940	37	1.10
F1	Sample 61	2	1	6	55940	37	1.10
F1	Sample 61	2	1	7	60950	36.96	1.10
F1	Sample 61	2	1	8	65940	37	1.09
F1	Sample 61	2	1	9	70950	37	1.08
F1	Sample 61	2	1	10	75940	37	1.08
F1	Sample 61	2	1	11	80950	37	1.08
F1	Sample 61	2	1	12	85940	36.96	1.09
F1	Sample 61	2	1	13	90950	37	1.09
F1	Sample 61	2	1	14	95940	36.96	1.08
F1	Sample 61	2	1	15	100940	37	1.08
F2	Sample 62	2	1	1	30910	36.96	1.21
F2	Sample 62	2	1	2	35940	36.96	1.21
F2	Sample 62	2	1	3	40960	37	1.21
F2	Sample 62	2	1	4	45960	36.96	1.20
F2	Sample 62	2	1	5	50940	37	1.20
F2	Sample 62	2	1	6	55940	37	1.19
F2	Sample 62	2	1	7	60950	36.96	1.20
F2	Sample 62	2	1	8	65940	37	1.19
F2	Sample 62	2	1	9	70950	37	1.18
F2	Sample 62	2	1	10	75940	37	1.18
F2	Sample 62	2	1	11	80950	37	1.19
F2	Sample 62	2	1	12	85940	36.96	1.18
F2	Sample 62	2	1	13	90950	37	1.18
F2	Sample 62	2	1	14	95940	36.96	1.19
F2	Sample 62	2	1	15	100940	37	1.18
F3	Sample 63	2	1	1	30910	36.96	1.44
F3	Sample 63	2	1	2	35940	36.96	1.44
F3	Sample 63	2	1	3	40960	37	1.43
F3	Sample 63	2	1	4	45960	36.96	1.41
F3	Sample 63	2	1	5	50940	37	1.41
F3	Sample 63	2	1	6	55940	37	1.41
F3	Sample 63	2	1	7	60950	36.96	1.41
F3	Sample 63	2	1	8	65940	37	1.39
F3	Sample 63	2	1	9	70950	37	1.40
F3	Sample 63	2	1	10	75940	37	1.39
F3	Sample 63	2	1	11	80950	37	1.39
F3	Sample 63	2	1	12	85940	36.96	1.39
F3	Sample 63	2	1	13	90950	37	1.39
F3	Sample 63	2	1	14	95940	36.96	1.39
F3	Sample 63	2	1	15	100940	37	1.39
F4	Sample 64	2	1	1	30910	36.96	1.65
F4	Sample 64	2	1	2	35940	36.96	1.63
F4	Sample 64	2	1	3	40960	37	1.63
F4	Sample 64	2	1	4	45960	36.96	1.61
F4	Sample 64	2	1	5	50940	37	1.61
F4	Sample 64	2	1	6	55940	37	1.61
F4	Sample 64	2	1	7	60950	36.96	1.61
F4	Sample 64	2	1	8	65940	37	1.60
F4	Sample 64	2	1	9	70950	37	1.61
F4	Sample 64	2	1	10	75940	37	1.59
F4	Sample 64	2	1	11	80950	37	1.59
F4	Sample 64	2	1	12	85940	36.96	1.60
F4	Sample 64	2	1	13	90950	37	1.59
F4	Sample 64	2	1	14	95940	36.96	1.60
F4	Sample 64	2	1	15	100940	37	1.60
F5	Sample 65	2	1	1	30910	36.96	1.47
F5	Sample 65	2	1	2	35940	36.96	1.46
F5	Sample 65	2	1	3	40960	37	1.45
F5	Sample 65	2	1	4	45960	36.96	1.43
F5	Sample 65	2	1	5	50940	37	1.44
F5	Sample 65	2	1	6	55940	37	1.43
F5	Sample 65	2	1	7	60950	36.96	1.43
F5	Sample 65	2	1	8	65940	37	1.43
F5	Sample 65	2	1	9	70950	37	1.43
F5	Sample 65	2	1	10	75940	37	1.43
F5	Sample 65	2	1	11	80950	37	1.43
F5	Sample 65	2	1	12	85940	36.96	1.43
F5	Sample 65	2	1	13	90950	37	1.44
F5	Sample 65	2	1	14	95940	36.96	1.44
F5	Sample 65	2	1	15	100940	37	1.43
F6	Sample 66	2	1	1	30910	36.96	0.78
F6	Sample 66	2	1	2	35940	36.96	0.78
F6	Sample 66	2	1	3	40960	37	0.78
F6	Sample 66	2	1	4	45960	36.96	0.76
F6	Sample 66	2	1	5	50940	37	0.78
F6	Sample 66	2	1	6	55940	37	0.77
F6	Sample 66	2	1	7	60950	36.96	0.77
F6	Sample 66	2	1	8	65940	37	0.77
F6	Sample 66	2	1	9	70950	37	0.76
F6	Sample 66	2	1	10	75940	37	0.77
F6	Sample 66	2	1	11	80950	37	0.77
F6	Sample 66	2	1	12	85940	36.96	0.77
F6	Sample 66	2	1	13	90950	37	0.77
F6	Sample 66	2	1	14	95940	36.96	0.77
F6	Sample 66	2	1	15	100940	37	0.77
F7	Sample 67	2	1	1	30910	36.96	0.83
F7	Sample 67	2	1	2	35940	36.96	0.83
F7	Sample 67	2	1	3	40960	37	0.82
F7	Sample 67	2	1	4	45960	36.96	0.81
F7	Sample 67	2	1	5	50940	37	0.82
F7	Sample 67	2	1	6	55940	37	0.82
F7	Sample 67	2	1	7	60950	36.96	0.82
F7	Sample 67	2	1	8	65940	37	0.82
F7	Sample 67	2	1	9	70950	37	0.81
F7	Sample 67	2	1	10	75940	37	0.81
F7	Sample 67	2	1	11	80950	37	0.81
F7	Sample 67	2	1	12	85940	36.96	0.81
F7	Sample 67	2	1	13	90950	37	0.81
F7	Sample 67	2	1	14	95940	36.96	0.81
F7	Sample 67	2	1	15	100940	37	0.81
F8	Sample 68	2	1	1	30910	36.96	0.80
F8	Sample 68	2	1	2	35940	36.96	0.80
F8	Sample 68	2	1	3	40960	37	0.79
F8	Sample 68	2	1	4	45960	36.96	0.78
F8	Sample 68	2	1	5	50940	37	0.78
F8	Sample 68	2	1	6	55940	37	0.78
F8	Sample 68	2	1	7	60950	36.96	0.78
F8	Sample 68	2	1	8	65940	37	0.77
F8	Sample 68	2	1	9	70950	37	0.77
F8	Sample 68	2	1	10	75940	37	0.77
F8	Sample 68	2	1	11	80950	37	0.77
F8	Sample 68	2	1	12	85940	36.96	0.77
F8	Sample 68	2	1	13	90950	37	0.78
F8	Sample 68	2	1	14	95940	36.96	0.77
F8	Sample 68	2	1	15	100940	37	0.77
F9	Sample 69	2	1	1	30910	36.96	0.69
F9	Sample 69	2	1	2	35940	36.96	0.69
F9	Sample 69	2	1	3	40960	37	0.68
F9	Sample 69	2	1	4	45960	36.96	0.68
F9	Sample 69	2	1	5	50940	37	0.68
F9	Sample 69	2	1	6	55940	37	0.68
F9	Sample 69	2	1	7	60950	36.96	0.68
F9	Sample 69	2	1	8	65940	37	0.67
F9	Sample 69	2	1	9	70950	37	0.67
F9	Sample 69	2	1	10	75940	37	0.67
F9	Sample 69	2	1	11	80950	37	0.67
F9	Sample 69	2	1	12	85940	36.96	0.67
F9	Sample 69	2	1	13	90950	37	0.67
F9	Sample 69	2	1	14	95940	36.96	0.66
F9	Sample 69	2	1	15	100940	37	0.67
F10	Sample 70	2	1	1	30910	36.96	0.69
F10	Sample 70	2	1	2	35940	36.96	0.69
F10	Sample 70	2	1	3	40960	37	0.68
F10	Sample 70	2	1	4	45960	36.96	0.67
F10	Sample 70	2	1	5	50940	37	0.68
F10	Sample 70	2	1	6	55940	37	0.68
F10	Sample 70	2	1	7	60950	36.96	0.68
F10	Sample 70	2	1	8	65940	37	0.68
F10	Sample 70	2	1	9	70950	37	0.67
F10	Sample 70	2	1	10	75940	37	0.67
F10	Sample 70	2	1	11	80950	37	0.68
F10	Sample 70	2	1	12	85940	36.96	0.67
F10	Sample 70	2	1	13	90950	37	0.67
F10	Sample 70	2	1	14	95940	36.96	0.67
F10	Sample 70	2	1	15	100940	37	0.67
F11	Sample 71	2	1	1	30910	36.96	1.68
F11	Sample 71	2	1	2	35940	36.96	1.67
F11	Sample 71	2	1	3	40960	37	1.66
F11	Sample 71	2	1	4	45960	36.96	1.65
F11	Sample 71	2	1	5	50940	37	1.65
F11	Sample 71	2	1	6	55940	37	1.64
F11	Sample 71	2	1	7	60950	36.96	1.65
F11	Sample 71	2	1	8	65940	37	1.64
F11	Sample 71	2	1	9	70950	37	1.64
F11	Sample 71	2	1	10	75940	37	1.64
F11	Sample 71	2	1	11	80950	37	1.64
F11	Sample 71	2	1	12	85940	36.96	1.63
F11	Sample 71	2	1	13	90950	37	1.64
F11	Sample 71	2	1	14	95940	36.96	1.63
F11	Sample 71	2	1	15	100940	37	1.63
F12	Sample 72	2	1	1	30910	36.96	1.67
F12	Sample 72	2	1	2	35940	36.96	1.66
F12	Sample 72	2	1	3	40960	37	1.66
F12	Sample 72	2	1	4	45960	36.96	1.64
F12	Sample 72	2	1	5	50940	37	1.64
F12	Sample 72	2	1	6	55940	37	1.64
F12	Sample 72	2	1	7	60950	36.96	1.64
F12	Sample 72	2	1	8	65940	37	1.64
F12	Sample 72	2	1	9	70950	37	1.63
F12	Sample 72	2	1	10	75940	37	1.63
F12	Sample 72	2	1	11	80950	37	1.63
F12	Sample 72	2	1	12	85940	36.96	1.64
F12	Sample 72	2	1	13	90950	37	1.63
F12	Sample 72	2	1	14	95940	36.96	1.62
F12	Sample 72	2	1	15	100940	37	1.62
G1	Sample 73	2	1	1	30910	36.96	1.40
G1	Sample 73	2	1	2	35940	36.96	1.39
G1	Sample 73	2	1	3	40960	37	1.39
G1	Sample 73	2	1	4	45960	36.96	1.37
G1	Sample 73	2	1	5	50940	37	1.38
G1	Sample 73	2	1	6	55940	37	1.38
G1	Sample 73	2	1	7	60950	36.96	1.37
G1	Sample 73	2	1	8	65940	37	1.37
G1	Sample 73	2	1	9	70950	37	1.36
G1	Sample 73	2	1	10	75940	37	1.36
G1	Sample 73	2	1	11	80950	37	1.35
G1	Sample 73	2	1	12	85940	36.96	1.36
G1	Sample 73	2	1	13	90950	37	1.35
G1	Sample 73	2	1	14	95940	36.96	1.36
G1	Sample 73	2	1	15	100940	37	1.35
G2	Sample 74	2	1	1	30910	36.96	1.30
G2	Sample 74	2	1	2	35940	36.96	1.30
G2	Sample 74	2	1	3	40960	37	1.29
G2	Sample 74	2	1	4	45960	36.96	1.27
G2	Sample 74	2	1	5	50940	37	1.28
G2	Sample 74	2	1	6	55940	37	1.28
G2	Sample 74	2	1	7	60950	36.96	1.27
G2	Sample 74	2	1	8	65940	37	1.27
G2	Sample 74	2	1	9	70950	37	1.26
G2	Sample 74	2	1	10	75940	37	1.26
G2	Sample 74	2	1	11	80950	37	1.25
G2	Sample 74	2	1	12	85940	36.96	1.27
G2	Sample 74	2	1	13	90950	37	1.26
G2	Sample 74	2	1	14	95940	36.96	1.26
G2	Sample 74	2	1	15	100940	37	1.26
G3	Sample 75	2	1	1	30910	36.96	1.47
G3	Sample 75	2	1	2	35940	36.96	1.46
G3	Sample 75	2	1	3	40960	37	1.45
G3	Sample 75	2	1	4	45960	36.96	1.44
G3	Sample 75	2	1	5	50940	37	1.44
G3	Sample 75	2	1	6	55940	37	1.44
G3	Sample 75	2	1	7	60950	36.96	1.44
G3	Sample 75	2	1	8	65940	37	1.43
G3	Sample 75	2	1	9	70950	37	1.42
G3	Sample 75	2	1	10	75940	37	1.41
G3	Sample 75	2	1	11	80950	37	1.41
G3	Sample 75	2	1	12	85940	36.96	1.42
G3	Sample 75	2	1	13	90950	37	1.41
G3	Sample 75	2	1	14	95940	36.96	1.41
G3	Sample 75	2	1	15	100940	37	1.41
G4	Sample 76	2	1	1	30910	36.96	1.49
G4	Sample 76	2	1	2	35940	36.96	1.48
G4	Sample 76	2	1	3	40960	37	1.47
G4	Sample 76	2	1	4	45960	36.96	1.45
G4	Sample 76	2	1	5	50940	37	1.46
G4	Sample 76	2	1	6	55940	37	1.45
G4	Sample 76	2	1	7	60950	36.96	1.45
G4	Sample 76	2	1	8	65940	37	1.45
G4	Sample 76	2	1	9	70950	37	1.44
G4	Sample 76	2	1	10	75940	37	1.44
G4	Sample 76	2	1	11	80950	37	1.44
G4	Sample 76	2	1	12	85940	36.96	1.44
G4	Sample 76	2	1	13	90950	37	1.45
G4	Sample 76	2	1	14	95940	36.96	1.44
G4	Sample 76	2	1	15	100940	37	1.44
G5	Sample 77	2	1	1	30910	36.96	0.88
G5	Sample 77	2	1	2	35940	36.96	0.88
G5	Sample 77	2	1	3	40960	37	0.87
G5	Sample 77	2	1	4	45960	36.96	0.86
G5	Sample 77	2	1	5	50940	37	0.86
G5	Sample 77	2	1	6	55940	37	0.86
G5	Sample 77	2	1	7	60950	36.96	0.86
G5	Sample 77	2	1	8	65940	37	0.85
G5	Sample 77	2	1	9	70950	37	0.86
G5	Sample 77	2	1	10	75940	37	0.85
G5	Sample 77	2	1	11	80950	37	0.85
G5	Sample 77	2	1	12	85940	36.96	0.85
G5	Sample 77	2	1	13	90950	37	0.85
G5	Sample 77	2	1	14	95940	36.96	0.85
G5	Sample 77	2	1	15	100940	37	0.85
G6	Sample 78	2	1	1	30910	36.96	1.62
G6	Sample 78	2	1	2	35940	36.96	1.60
G6	Sample 78	2	1	3	40960	37	1.59
G6	Sample 78	2	1	4	45960	36.96	1.58
G6	Sample 78	2	1	5	50940	37	1.59
G6	Sample 78	2	1	6	55940	37	1.58
G6	Sample 78	2	1	7	60950	36.96	1.57
G6	Sample 78	2	1	8	65940	37	1.57
G6	Sample 78	2	1	9	70950	37	1.57
G6	Sample 78	2	1	10	75940	37	1.57
G6	Sample 78	2	1	11	80950	37	1.57
G6	Sample 78	2	1	12	85940	36.96	1.57
G6	Sample 78	2	1	13	90950	37	1.57
G6	Sample 78	2	1	14	95940	36.96	1.58
G6	Sample 78	2	1	15	100940	37	1.57
G7	Sample 79	2	1	1	30910	36.96	1.09
G7	Sample 79	2	1	2	35940	36.96	1.08
G7	Sample 79	2	1	3	40960	37	1.08
G7	Sample 79	2	1	4	45960	36.96	1.06
G7	Sample 79	2	1	5	50940	37	1.06
G7	Sample 79	2	1	6	55940	37	1.07
G7	Sample 79	2	1	7	60950	36.96	1.06
G7	Sample 79	2	1	8	65940	37	1.06
G7	Sample 79	2	1	9	70950	37	1.06
G7	Sample 79	2	1	10	75940	37	1.05
G7	Sample 79	2	1	11	80950	37	1.06
G7	Sample 79	2	1	12	85940	36.96	1.06
G7	Sample 79	2	1	13	90950	37	1.05
G7	Sample 79	2	1	14	95940	36.96	1.06
G7	Sample 79	2	1	15	100940	37	1.05
G8	Sample 80	2	1	1	30910	36.96	1.39
G8	Sample 80	2	1	2	35940	36.96	1.39
G8	Sample 80	2	1	3	40960	37	1.37
G8	Sample 80	2	1	4	45960	36.96	1.35
G8	Sample 80	2	1	5	50940	37	1.36
G8	Sample 80	2	1	6	55940	37	1.36
G8	Sample 80	2	1	7	60950	36.96	1.35
G8	Sample 80	2	1	8	65940	37	1.35
G8	Sample 80	2	1	9	70950	37	1.35
G8	Sample 80	2	1	10	75940	37	1.35
G8	Sample 80	2	1	11	80950	37	1.34
G8	Sample 80	2	1	12	85940	36.96	1.35
G8	Sample 80	2	1	13	90950	37	1.35
G8	Sample 80	2	1	14	95940	36.96	1.35
G8	Sample 80	2	1	15	100940	37	1.34
G9	Sample 81	2	1	1	30910	36.96	0.68
G9	Sample 81	2	1	2	35940	36.96	0.68
G9	Sample 81	2	1	3	40960	37	0.67
G9	Sample 81	2	1	4	45960	36.96	0.66
G9	Sample 81	2	1	5	50940	37	0.67
G9	Sample 81	2	1	6	55940	37	0.67
G9	Sample 81	2	1	7	60950	36.96	0.66
G9	Sample 81	2	1	8	65940	37	0.66
G9	Sample 81	2	1	9	70950	37	0.66
G9	Sample 81	2	1	10	75940	37	0.66
G9	Sample 81	2	1	11	80950	37	0.66
G9	Sample 81	2	1	12	85940	36.96	0.66
G9	Sample 81	2	1	13	90950	37	0.66
G9	Sample 81	2	1	14	95940	36.96	0.66
G9	Sample 81	2	1	15	100940	37	0.66
G10	Sample 82	2	1	1	30910	36.96	0.68
G10	Sample 82	2	1	2	35940	36.96	0.68
G10	Sample 82	2	1	3	40960	37	0.66
G10	Sample 82	2	1	4	45960	36.96	0.66
G10	Sample 82	2	1	5	50940	37	0.66
G10	Sample 82	2	1	6	55940	37	0.66
G10	Sample 82	2	1	7	60950	36.96	0.66
G10	Sample 82	2	1	8	65940	37	0.66
G10	Sample 82	2	1	9	70950	37	0.66
G10	Sample 82	2	1	10	75940	37	0.66
G10	Sample 82	2	1	11	80950	37	0.65
G10	Sample 82	2	1	12	85940	36.96	0.66
G10	Sample 82	2	1	13	90950	37	0.65
G10	Sample 82	2	1	14	95940	36.96	0.65
G10	Sample 82	2	1	15	100940	37	0.65
G11	Sample 83	2	1	1	30910	36.96	1.69
G11	Sample 83	2	1	2	35940	36.96	1.69
G11	Sample 83	2	1	3	40960	37	1.68
G11	Sample 83	2	1	4	45960	36.96	1.66
G11	Sample 83	2	1	5	50940	37	1.67
G11	Sample 83	2	1	6	55940	37	1.67
G11	Sample 83	2	1	7	60950	36.96	1.66
G11	Sample 83	2	1	8	65940	37	1.66
G11	Sample 83	2	1	9	70950	37	1.65
G11	Sample 83	2	1	10	75940	37	1.65
G11	Sample 83	2	1	11	80950	37	1.65
G11	Sample 83	2	1	12	85940	36.96	1.66
G11	Sample 83	2	1	13	90950	37	1.66
G11	Sample 83	2	1	14	95940	36.96	1.65
G11	Sample 83	2	1	15	100940	37	1.65
G12	Sample 84	2	1	1	30910	36.96	0.66
G12	Sample 84	2	1	2	35940	36.96	0.66
G12	Sample 84	2	1	3	40960	37	0.65
G12	Sample 84	2	1	4	45960	36.96	0.65
G12	Sample 84	2	1	5	50940	37	0.65
G12	Sample 84	2	1	6	55940	37	0.65
G12	Sample 84	2	1	7	60950	36.96	0.65
G12	Sample 84	2	1	8	65940	37	0.65
G12	Sample 84	2	1	9	70950	37	0.65
G12	Sample 84	2	1	10	75940	37	0.64
G12	Sample 84	2	1	11	80950	37	0.64
G12	Sample 84	2	1	12	85940	36.96	0.65
G12	Sample 84	2	1	13	90950	37	0.65
G12	Sample 84	2	1	14	95940	36.96	0.65
G12	Sample 84	2	1	15	100940	37	0.64
H1	Sample 85	2	1	1	30910	36.96	1.50
H1	Sample 85	2	1	2	35940	36.96	1.50
H1	Sample 85	2	1	3	40960	37	1.48
H1	Sample 85	2	1	4	45960	36.96	1.48
H1	Sample 85	2	1	5	50940	37	1.48
H1	Sample 85	2	1	6	55940	37	1.48
H1	Sample 85	2	1	7	60950	36.96	1.47
H1	Sample 85	2	1	8	65940	37	1.47
H1	Sample 85	2	1	9	70950	37	1.47
H1	Sample 85	2	1	10	75940	37	1.47
H1	Sample 85	2	1	11	80950	37	1.47
H1	Sample 85	2	1	12	85940	36.96	1.47
H1	Sample 85	2	1	13	90950	37	1.47
H1	Sample 85	2	1	14	95940	36.96	1.47
H1	Sample 85	2	1	15	100940	37	1.47
H2	Sample 86	2	1	1	30910	36.96	1.07
H2	Sample 86	2	1	2	35940	36.96	1.06
H2	Sample 86	2	1	3	40960	37	1.06
H2	Sample 86	2	1	4	45960	36.96	1.05
H2	Sample 86	2	1	5	50940	37	1.05
H2	Sample 86	2	1	6	55940	37	1.06
H2	Sample 86	2	1	7	60950	36.96	1.05
H2	Sample 86	2	1	8	65940	37	1.05
H2	Sample 86	2	1	9	70950	37	1.05
H2	Sample 86	2	1	10	75940	37	1.05
H2	Sample 86	2	1	11	80950	37	1.04
H2	Sample 86	2	1	12	85940	36.96	1.04
H2	Sample 86	2	1	13	90950	37	1.04
H2	Sample 86	2	1	14	95940	36.96	1.04
H2	Sample 86	2	1	15	100940	37	1.04
H3	Sample 87	2	1	1	30910	36.96	1.05
H3	Sample 87	2	1	2	35940	36.96	1.05
H3	Sample 87	2	1	3	40960	37	1.05
H3	Sample 87	2	1	4	45960	36.96	1.04
H3	Sample 87	2	1	5	50940	37	1.03
H3	Sample 87	2	1	6	55940	37	1.03
H3	Sample 87	2	1	7	60950	36.96	1.04
H3	Sample 87	2	1	8	65940	37	1.03
H3	Sample 87	2	1	9	70950	37	1.04
H3	Sample 87	2	1	10	75940	37	1.03
H3	Sample 87	2	1	11	80950	37	1.03
H3	Sample 87	2	1	12	85940	36.96	1.03
H3	Sample 87	2	1	13	90950	37	1.03
H3	Sample 87	2	1	14	95940	36.96	1.03
H3	Sample 87	2	1	15	100940	37	1.03
H4	Sample 88	2	1	1	30910	36.96	1.54
H4	Sample 88	2	1	2	35940	36.96	1.53
H4	Sample 88	2	1	3	40960	37	1.51
H4	Sample 88	2	1	4	45960	36.96	1.51
H4	Sample 88	2	1	5	50940	37	1.51
H4	Sample 88	2	1	6	55940	37	1.50
H4	Sample 88	2	1	7	60950	36.96	1.51
H4	Sample 88	2	1	8	65940	37	1.50
H4	Sample 88	2	1	9	70950	37	1.50
H4	Sample 88	2	1	10	75940	37	1.50
H4	Sample 88	2	1	11	80950	37	1.49
H4	Sample 88	2	1	12	85940	36.96	1.50
H4	Sample 88	2	1	13	90950	37	1.49
H4	Sample 88	2	1	14	95940	36.96	1.49
H4	Sample 88	2	1	15	100940	37	1.50
H5	Sample 89	2	1	1	30910	36.96	1.29
H5	Sample 89	2	1	2	35940	36.96	1.29
H5	Sample 89	2	1	3	40960	37	1.27
H5	Sample 89	2	1	4	45960	36.96	1.27
H5	Sample 89	2	1	5	50940	37	1.27
H5	Sample 89	2	1	6	55940	37	1.27
H5	Sample 89	2	1	7	60950	36.96	1.26
H5	Sample 89	2	1	8	65940	37	1.27
H5	Sample 89	2	1	9	70950	37	1.25
H5	Sample 89	2	1	10	75940	37	1.26
H5	Sample 89	2	1	11	80950	37	1.26
H5	Sample 89	2	1	12	85940	36.96	1.25
H5	Sample 89	2	1	13	90950	37	1.25
H5	Sample 89	2	1	14	95940	36.96	1.26
H5	Sample 89	2	1	15	100940	37	1.26
H6	Sample 90	2	1	1	30910	36.96	1.37
H6	Sample 90	2	1	2	35940	36.96	1.35
H6	Sample 90	2	1	3	40960	37	1.35
H6	Sample 90	2	1	4	45960	36.96	1.34
H6	Sample 90	2	1	5	50940	37	1.34
H6	Sample 90	2	1	6	55940	37	1.34
H6	Sample 90	2	1	7	60950	36.96	1.33
H6	Sample 90	2	1	8	65940	37	1.33
H6	Sample 90	2	1	9	70950	37	1.33
H6	Sample 90	2	1	10	75940	37	1.32
H6	Sample 90	2	1	11	80950	37	1.32
H6	Sample 90	2	1	12	85940	36.96	1.32
H6	Sample 90	2	1	13	90950	37	1.32
H6	Sample 90	2	1	14	95940	36.96	1.32
H6	Sample 90	2	1	15	100940	37	1.32
H7	Sample 91	2	1	1	30910	36.96	0.81
H7	Sample 91	2	1	2	35940	36.96	0.81
H7	Sample 91	2	1	3	40960	37	0.80
H7	Sample 91	2	1	4	45960	36.96	0.80
H7	Sample 91	2	1	5	50940	37	0.79
H7	Sample 91	2	1	6	55940	37	0.79
H7	Sample 91	2	1	7	60950	36.96	0.79
H7	Sample 91	2	1	8	65940	37	0.79
H7	Sample 91	2	1	9	70950	37	0.80
H7	Sample 91	2	1	10	75940	37	0.79
H7	Sample 91	2	1	11	80950	37	0.79
H7	Sample 91	2	1	12	85940	36.96	0.79
H7	Sample 91	2	1	13	90950	37	0.79
H7	Sample 91	2	1	14	95940	36.96	0.79
H7	Sample 91	2	1	15	100940	37	0.79
H8	Sample 92	2	1	1	30910	36.96	1.63
H8	Sample 92	2	1	2	35940	36.96	1.62
H8	Sample 92	2	1	3	40960	37	1.61
H8	Sample 92	2	1	4	45960	36.96	1.60
H8	Sample 92	2	1	5	50940	37	1.60
H8	Sample 92	2	1	6	55940	37	1.59
H8	Sample 92	2	1	7	60950	36.96	1.59
H8	Sample 92	2	1	8	65940	37	1.59
H8	Sample 92	2	1	9	70950	37	1.58
H8	Sample 92	2	1	10	75940	37	1.59
H8	Sample 92	2	1	11	80950	37	1.58
H8	Sample 92	2	1	12	85940	36.96	1.59
H8	Sample 92	2	1	13	90950	37	1.58
H8	Sample 92	2	1	14	95940	36.96	1.59
H8	Sample 92	2	1	15	100940	37	1.59
H9	Sample 93	2	1	1	30910	36.96	0.92
H9	Sample 93	2	1	2	35940	36.96	0.92
H9	Sample 93	2	1	3	40960	37	0.91
H9	Sample 93	2	1	4	45960	36.96	0.91
H9	Sample 93	2	1	5	50940	37	0.90
H9	Sample 93	2	1	6	55940	37	0.91
H9	Sample 93	2	1	7	60950	36.96	0.91
H9	Sample 93	2	1	8	65940	37	0.90
H9	Sample 93	2	1	9	70950	37	0.90
H9	Sample 93	2	1	10	75940	37	0.90
H9	Sample 93	2	1	11	80950	37	0.90
H9	Sample 93	2	1	12	85940	36.96	0.90
H9	Sample 93	2	1	13	90950	37	0.90
H9	Sample 93	2	1	14	95940	36.96	0.91
H9	Sample 93	2	1	15	100940	37	0.91
H10	Sample 94	2	1	1	30910	36.96	1.66
H10	Sample 94	2	1	2	35940	36.96	1.66
H10	Sample 94	2	1	3	40960	37	1.65
H10	Sample 94	2	1	4	45960	36.96	1.64
H10	Sample 94	2	1	5	50940	37	1.63
H10	Sample 94	2	1	6	55940	37	1.62
H10	Sample 94	2	1	7	60950	36.96	1.63
H10	Sample 94	2	1	8	65940	37	1.62
H10	Sample 94	2	1	9	70950	37	1.62
H10	Sample 94	2	1	10	75940	37	1.62
H10	Sample 94	2	1	11	80950	37	1.62
H10	Sample 94	2	1	12	85940	36.96	1.62
H10	Sample 94	2	1	13	90950	37	1.62
H10	Sample 94	2	1	14	95940	36.96	1.63
H10	Sample 94	2	1	15	100940	37	1.62
H11	Sample 95	2	1	1	30910	36.96	1.73
H11	Sample 95	2	1	2	35940	36.96	1.72
H11	Sample 95	2	1	3	40960	37	1.71
H11	Sample 95	2	1	4	45960	36.96	1.70
H11	Sample 95	2	1	5	50940	37	1.70
H11	Sample 95	2	1	6	55940	37	1.69
H11	Sample 95	2	1	7	60950	36.96	1.69
H11	Sample 95	2	1	8	65940	37	1.69
H11	Sample 95	2	1	9	70950	37	1.69
H11	Sample 95	2	1	10	75940	37	1.69
H11	Sample 95	2	1	11	80950	37	1.69
H11	Sample 95	2	1	12	85940	36.96	1.69
H11	Sample 95	2	1	13	90950	37	1.68
H11	Sample 95	2	1	14	95940	36.96	1.69
H11	Sample 95	2	1	15	100940	37	1.69
H12	Sample 96	2	1	1	30910	36.96	1.70
H12	Sample 96	2	1	2	35940	36.96	1.69
H12	Sample 96	2	1	3	40960	37	1.69
H12	Sample 96	2	1	4	45960	36.96	1.68
H12	Sample 96	2	1	5	50940	37	1.68
H12	Sample 96	2	1	6	55940	37	1.67
H12	Sample 96	2	1	7	60950	36.96	1.68
H12	Sample 96	2	1	8	65940	37	1.67
H12	Sample 96	2	1	9	70950	37	1.68
H12	Sample 96	2	1	10	75940	37	1.67
H12	Sample 96	2	1	11	80950	37	1.67
H12	Sample 96	2	1	12	85940	36.96	1.66
H12	Sample 96	2	1	13	90950	37	1.66
H12	Sample 96	2	1	14	95940	36.96	1.66
H12	Sample 96	2	1	15	100940	37	1.67
