Raw Data 		Experiment - evIC50_2_plate1_08APRIL2026 (Run on LCS480 1.5.1.62)					
SamplePos	SampleName	Prog#	Seg#	Cycle#	Time	Temp	465-510
A1	Sample 1	2	1	1	28820	36.91	1.49
A1	Sample 1	2	1	2	33430	36.96	1.5
A1	Sample 1	2	1	3	38030	36.91	1.5
A1	Sample 1	2	1	4	42630	37	1.51
A1	Sample 1	2	1	5	47230	37	1.52
A1	Sample 1	2	1	6	51830	36.96	1.52
A1	Sample 1	2	1	7	56440	36.96	1.51
A1	Sample 1	2	1	8	61040	36.96	1.51
A1	Sample 1	2	1	9	65640	36.96	1.52
A1	Sample 1	2	1	10	70240	37	1.52
A1	Sample 1	2	1	11	74840	37	1.53
A1	Sample 1	2	1	12	79430	36.91	1.53
A1	Sample 1	2	1	13	84030	37	1.51
A1	Sample 1	2	1	14	88630	36.91	1.52
A1	Sample 1	2	1	15	93230	37	1.52
A2	Sample 2	2	1	1	28820	36.91	1.57
A2	Sample 2	2	1	2	33430	36.96	1.59
A2	Sample 2	2	1	3	38030	36.91	1.6
A2	Sample 2	2	1	4	42630	37	1.6
A2	Sample 2	2	1	5	47230	37	1.6
A2	Sample 2	2	1	6	51830	36.96	1.6
A2	Sample 2	2	1	7	56440	36.96	1.6
A2	Sample 2	2	1	8	61040	36.96	1.6
A2	Sample 2	2	1	9	65640	36.96	1.6
A2	Sample 2	2	1	10	70240	37	1.6
A2	Sample 2	2	1	11	74840	37	1.62
A2	Sample 2	2	1	12	79430	36.91	1.61
A2	Sample 2	2	1	13	84030	37	1.6
A2	Sample 2	2	1	14	88630	36.91	1.6
A2	Sample 2	2	1	15	93230	37	1.6
A3	Sample 3	2	1	1	28820	36.91	1.72
A3	Sample 3	2	1	2	33430	36.96	1.73
A3	Sample 3	2	1	3	38030	36.91	1.75
A3	Sample 3	2	1	4	42630	37	1.75
A3	Sample 3	2	1	5	47230	37	1.77
A3	Sample 3	2	1	6	51830	36.96	1.76
A3	Sample 3	2	1	7	56440	36.96	1.75
A3	Sample 3	2	1	8	61040	36.96	1.76
A3	Sample 3	2	1	9	65640	36.96	1.77
A3	Sample 3	2	1	10	70240	37	1.76
A3	Sample 3	2	1	11	74840	37	1.76
A3	Sample 3	2	1	12	79430	36.91	1.76
A3	Sample 3	2	1	13	84030	37	1.76
A3	Sample 3	2	1	14	88630	36.91	1.76
A3	Sample 3	2	1	15	93230	37	1.74
A4	Sample 4	2	1	1	28820	36.91	1.77
A4	Sample 4	2	1	2	33430	36.96	1.78
A4	Sample 4	2	1	3	38030	36.91	1.79
A4	Sample 4	2	1	4	42630	37	1.8
A4	Sample 4	2	1	5	47230	37	1.81
A4	Sample 4	2	1	6	51830	36.96	1.81
A4	Sample 4	2	1	7	56440	36.96	1.81
A4	Sample 4	2	1	8	61040	36.96	1.81
A4	Sample 4	2	1	9	65640	36.96	1.81
A4	Sample 4	2	1	10	70240	37	1.81
A4	Sample 4	2	1	11	74840	37	1.81
A4	Sample 4	2	1	12	79430	36.91	1.81
A4	Sample 4	2	1	13	84030	37	1.81
A4	Sample 4	2	1	14	88630	36.91	1.81
A4	Sample 4	2	1	15	93230	37	1.8
A5	Sample 5	2	1	1	28820	36.91	2.84
A5	Sample 5	2	1	2	33430	36.96	2.99
A5	Sample 5	2	1	3	38030	36.91	2.96
A5	Sample 5	2	1	4	42630	37	2.85
A5	Sample 5	2	1	5	47230	37	2.72
A5	Sample 5	2	1	6	51830	36.96	2.52
A5	Sample 5	2	1	7	56440	36.96	2.32
A5	Sample 5	2	1	8	61040	36.96	2.15
A5	Sample 5	2	1	9	65640	36.96	2
A5	Sample 5	2	1	10	70240	37	1.88
A5	Sample 5	2	1	11	74840	37	1.8
A5	Sample 5	2	1	12	79430	36.91	1.73
A5	Sample 5	2	1	13	84030	37	1.69
A5	Sample 5	2	1	14	88630	36.91	1.65
A5	Sample 5	2	1	15	93230	37	1.64
A6	Sample 6	2	1	1	28820	36.91	2.49
A6	Sample 6	2	1	2	33430	36.96	2.6
A6	Sample 6	2	1	3	38030	36.91	2.57
A6	Sample 6	2	1	4	42630	37	2.47
A6	Sample 6	2	1	5	47230	37	2.32
A6	Sample 6	2	1	6	51830	36.96	2.17
A6	Sample 6	2	1	7	56440	36.96	2
A6	Sample 6	2	1	8	61040	36.96	1.89
A6	Sample 6	2	1	9	65640	36.96	1.79
A6	Sample 6	2	1	10	70240	37	1.72
A6	Sample 6	2	1	11	74840	37	1.67
A6	Sample 6	2	1	12	79430	36.91	1.64
A6	Sample 6	2	1	13	84030	37	1.61
A6	Sample 6	2	1	14	88630	36.91	1.6
A6	Sample 6	2	1	15	93230	37	1.59
A7	Sample 7	2	1	1	28820	36.91	2.42
A7	Sample 7	2	1	2	33430	36.96	2.44
A7	Sample 7	2	1	3	38030	36.91	2.44
A7	Sample 7	2	1	4	42630	37	2.41
A7	Sample 7	2	1	5	47230	37	2.34
A7	Sample 7	2	1	6	51830	36.96	2.24
A7	Sample 7	2	1	7	56440	36.96	2.16
A7	Sample 7	2	1	8	61040	36.96	2.05
A7	Sample 7	2	1	9	65640	36.96	1.96
A7	Sample 7	2	1	10	70240	37	1.88
A7	Sample 7	2	1	11	74840	37	1.82
A7	Sample 7	2	1	12	79430	36.91	1.75
A7	Sample 7	2	1	13	84030	37	1.71
A7	Sample 7	2	1	14	88630	36.91	1.67
A7	Sample 7	2	1	15	93230	37	1.64
A8	Sample 8	2	1	1	28820	36.91	4.61
A8	Sample 8	2	1	2	33430	36.96	5.19
A8	Sample 8	2	1	3	38030	36.91	4.75
A8	Sample 8	2	1	4	42630	37	4.46
A8	Sample 8	2	1	5	47230	37	4.06
A8	Sample 8	2	1	6	51830	36.96	3.54
A8	Sample 8	2	1	7	56440	36.96	3.08
A8	Sample 8	2	1	8	61040	36.96	2.71
A8	Sample 8	2	1	9	65640	36.96	2.42
A8	Sample 8	2	1	10	70240	37	2.19
A8	Sample 8	2	1	11	74840	37	2.05
A8	Sample 8	2	1	12	79430	36.91	1.92
A8	Sample 8	2	1	13	84030	37	1.83
A8	Sample 8	2	1	14	88630	36.91	1.77
A8	Sample 8	2	1	15	93230	37	1.72
A9	Sample 9	2	1	1	28820	36.91	2.54
A9	Sample 9	2	1	2	33430	36.96	2.57
A9	Sample 9	2	1	3	38030	36.91	2.54
A9	Sample 9	2	1	4	42630	37	2.43
A9	Sample 9	2	1	5	47230	37	2.34
A9	Sample 9	2	1	6	51830	36.96	2.22
A9	Sample 9	2	1	7	56440	36.96	2.08
A9	Sample 9	2	1	8	61040	36.96	1.94
A9	Sample 9	2	1	9	65640	36.96	1.83
A9	Sample 9	2	1	10	70240	37	1.73
A9	Sample 9	2	1	11	74840	37	1.66
A9	Sample 9	2	1	12	79430	36.91	1.6
A9	Sample 9	2	1	13	84030	37	1.57
A9	Sample 9	2	1	14	88630	36.91	1.53
A9	Sample 9	2	1	15	93230	37	1.52
A10	Sample 10	2	1	1	28820	36.91	2.31
A10	Sample 10	2	1	2	33430	36.96	2.24
A10	Sample 10	2	1	3	38030	36.91	2.13
A10	Sample 10	2	1	4	42630	37	2.02
A10	Sample 10	2	1	5	47230	37	1.9
A10	Sample 10	2	1	6	51830	36.96	1.79
A10	Sample 10	2	1	7	56440	36.96	1.7
A10	Sample 10	2	1	8	61040	36.96	1.64
A10	Sample 10	2	1	9	65640	36.96	1.6
A10	Sample 10	2	1	10	70240	37	1.56
A10	Sample 10	2	1	11	74840	37	1.55
A10	Sample 10	2	1	12	79430	36.91	1.52
A10	Sample 10	2	1	13	84030	37	1.52
A10	Sample 10	2	1	14	88630	36.91	1.53
A10	Sample 10	2	1	15	93230	37	1.55
A11	Sample 11	2	1	1	28820	36.91	2.21
A11	Sample 11	2	1	2	33430	36.96	2.05
A11	Sample 11	2	1	3	38030	36.91	1.91
A11	Sample 11	2	1	4	42630	37	1.8
A11	Sample 11	2	1	5	47230	37	1.75
A11	Sample 11	2	1	6	51830	36.96	1.73
A11	Sample 11	2	1	7	56440	36.96	1.72
A11	Sample 11	2	1	8	61040	36.96	1.73
A11	Sample 11	2	1	9	65640	36.96	1.75
A11	Sample 11	2	1	10	70240	37	1.75
A11	Sample 11	2	1	11	74840	37	1.75
A11	Sample 11	2	1	12	79430	36.91	1.74
A11	Sample 11	2	1	13	84030	37	1.74
A11	Sample 11	2	1	14	88630	36.91	1.75
A11	Sample 11	2	1	15	93230	37	1.75
A12	Sample 12	2	1	1	28820	36.91	1.53
A12	Sample 12	2	1	2	33430	36.96	1.54
A12	Sample 12	2	1	3	38030	36.91	1.55
A12	Sample 12	2	1	4	42630	37	1.54
A12	Sample 12	2	1	5	47230	37	1.56
A12	Sample 12	2	1	6	51830	36.96	1.56
A12	Sample 12	2	1	7	56440	36.96	1.56
A12	Sample 12	2	1	8	61040	36.96	1.55
A12	Sample 12	2	1	9	65640	36.96	1.56
A12	Sample 12	2	1	10	70240	37	1.56
A12	Sample 12	2	1	11	74840	37	1.56
A12	Sample 12	2	1	12	79430	36.91	1.56
A12	Sample 12	2	1	13	84030	37	1.55
A12	Sample 12	2	1	14	88630	36.91	1.55
A12	Sample 12	2	1	15	93230	37	1.55
B1	Sample 13	2	1	1	28820	36.91	1.36
B1	Sample 13	2	1	2	33430	36.96	1.37
B1	Sample 13	2	1	3	38030	36.91	1.37
B1	Sample 13	2	1	4	42630	37	1.37
B1	Sample 13	2	1	5	47230	37	1.38
B1	Sample 13	2	1	6	51830	36.96	1.39
B1	Sample 13	2	1	7	56440	36.96	1.38
B1	Sample 13	2	1	8	61040	36.96	1.38
B1	Sample 13	2	1	9	65640	36.96	1.4
B1	Sample 13	2	1	10	70240	37	1.39
B1	Sample 13	2	1	11	74840	37	1.39
B1	Sample 13	2	1	12	79430	36.91	1.4
B1	Sample 13	2	1	13	84030	37	1.39
B1	Sample 13	2	1	14	88630	36.91	1.4
B1	Sample 13	2	1	15	93230	37	1.39
B2	Sample 14	2	1	1	28820	36.91	1.48
B2	Sample 14	2	1	2	33430	36.96	1.49
B2	Sample 14	2	1	3	38030	36.91	1.5
B2	Sample 14	2	1	4	42630	37	1.51
B2	Sample 14	2	1	5	47230	37	1.51
B2	Sample 14	2	1	6	51830	36.96	1.52
B2	Sample 14	2	1	7	56440	36.96	1.53
B2	Sample 14	2	1	8	61040	36.96	1.52
B2	Sample 14	2	1	9	65640	36.96	1.52
B2	Sample 14	2	1	10	70240	37	1.51
B2	Sample 14	2	1	11	74840	37	1.53
B2	Sample 14	2	1	12	79430	36.91	1.52
B2	Sample 14	2	1	13	84030	37	1.52
B2	Sample 14	2	1	14	88630	36.91	1.52
B2	Sample 14	2	1	15	93230	37	1.51
B3	Sample 15	2	1	1	28820	36.91	1.65
B3	Sample 15	2	1	2	33430	36.96	1.67
B3	Sample 15	2	1	3	38030	36.91	1.68
B3	Sample 15	2	1	4	42630	37	1.67
B3	Sample 15	2	1	5	47230	37	1.67
B3	Sample 15	2	1	6	51830	36.96	1.68
B3	Sample 15	2	1	7	56440	36.96	1.69
B3	Sample 15	2	1	8	61040	36.96	1.68
B3	Sample 15	2	1	9	65640	36.96	1.69
B3	Sample 15	2	1	10	70240	37	1.69
B3	Sample 15	2	1	11	74840	37	1.69
B3	Sample 15	2	1	12	79430	36.91	1.69
B3	Sample 15	2	1	13	84030	37	1.69
B3	Sample 15	2	1	14	88630	36.91	1.69
B3	Sample 15	2	1	15	93230	37	1.69
B4	Sample 16	2	1	1	28820	36.91	1.7
B4	Sample 16	2	1	2	33430	36.96	1.73
B4	Sample 16	2	1	3	38030	36.91	1.74
B4	Sample 16	2	1	4	42630	37	1.74
B4	Sample 16	2	1	5	47230	37	1.73
B4	Sample 16	2	1	6	51830	36.96	1.74
B4	Sample 16	2	1	7	56440	36.96	1.74
B4	Sample 16	2	1	8	61040	36.96	1.75
B4	Sample 16	2	1	9	65640	36.96	1.75
B4	Sample 16	2	1	10	70240	37	1.76
B4	Sample 16	2	1	11	74840	37	1.76
B4	Sample 16	2	1	12	79430	36.91	1.75
B4	Sample 16	2	1	13	84030	37	1.74
B4	Sample 16	2	1	14	88630	36.91	1.75
B4	Sample 16	2	1	15	93230	37	1.75
B5	Sample 17	2	1	1	28820	36.91	1.65
B5	Sample 17	2	1	2	33430	36.96	1.65
B5	Sample 17	2	1	3	38030	36.91	1.68
B5	Sample 17	2	1	4	42630	37	1.66
B5	Sample 17	2	1	5	47230	37	1.68
B5	Sample 17	2	1	6	51830	36.96	1.68
B5	Sample 17	2	1	7	56440	36.96	1.68
B5	Sample 17	2	1	8	61040	36.96	1.68
B5	Sample 17	2	1	9	65640	36.96	1.69
B5	Sample 17	2	1	10	70240	37	1.68
B5	Sample 17	2	1	11	74840	37	1.69
B5	Sample 17	2	1	12	79430	36.91	1.69
B5	Sample 17	2	1	13	84030	37	1.69
B5	Sample 17	2	1	14	88630	36.91	1.69
B5	Sample 17	2	1	15	93230	37	1.69
B6	Sample 18	2	1	1	28820	36.91	3.73
B6	Sample 18	2	1	2	33430	36.96	3.68
B6	Sample 18	2	1	3	38030	36.91	3.61
B6	Sample 18	2	1	4	42630	37	3.45
B6	Sample 18	2	1	5	47230	37	3.22
B6	Sample 18	2	1	6	51830	36.96	2.96
B6	Sample 18	2	1	7	56440	36.96	2.71
B6	Sample 18	2	1	8	61040	36.96	2.47
B6	Sample 18	2	1	9	65640	36.96	2.27
B6	Sample 18	2	1	10	70240	37	2.09
B6	Sample 18	2	1	11	74840	37	1.95
B6	Sample 18	2	1	12	79430	36.91	1.83
B6	Sample 18	2	1	13	84030	37	1.74
B6	Sample 18	2	1	14	88630	36.91	1.67
B6	Sample 18	2	1	15	93230	37	1.62
B7	Sample 19	2	1	1	28820	36.91	2.88
B7	Sample 19	2	1	2	33430	36.96	2.7
B7	Sample 19	2	1	3	38030	36.91	2.68
B7	Sample 19	2	1	4	42630	37	2.69
B7	Sample 19	2	1	5	47230	37	2.66
B7	Sample 19	2	1	6	51830	36.96	2.57
B7	Sample 19	2	1	7	56440	36.96	2.46
B7	Sample 19	2	1	8	61040	36.96	2.3
B7	Sample 19	2	1	9	65640	36.96	2.17
B7	Sample 19	2	1	10	70240	37	2.01
B7	Sample 19	2	1	11	74840	37	1.88
B7	Sample 19	2	1	12	79430	36.91	1.78
B7	Sample 19	2	1	13	84030	37	1.67
B7	Sample 19	2	1	14	88630	36.91	1.62
B7	Sample 19	2	1	15	93230	37	1.56
B8	Sample 20	2	1	1	28820	36.91	2.61
B8	Sample 20	2	1	2	33430	36.96	2.48
B8	Sample 20	2	1	3	38030	36.91	2.47
B8	Sample 20	2	1	4	42630	37	2.5
B8	Sample 20	2	1	5	47230	37	2.57
B8	Sample 20	2	1	6	51830	36.96	2.55
B8	Sample 20	2	1	7	56440	36.96	2.46
B8	Sample 20	2	1	8	61040	36.96	2.36
B8	Sample 20	2	1	9	65640	36.96	2.24
B8	Sample 20	2	1	10	70240	37	2.11
B8	Sample 20	2	1	11	74840	37	1.98
B8	Sample 20	2	1	12	79430	36.91	1.88
B8	Sample 20	2	1	13	84030	37	1.79
B8	Sample 20	2	1	14	88630	36.91	1.7
B8	Sample 20	2	1	15	93230	37	1.65
B9	Sample 21	2	1	1	28820	36.91	2.86
B9	Sample 21	2	1	2	33430	36.96	2.46
B9	Sample 21	2	1	3	38030	36.91	2.06
B9	Sample 21	2	1	4	42630	37	1.78
B9	Sample 21	2	1	5	47230	37	1.68
B9	Sample 21	2	1	6	51830	36.96	1.71
B9	Sample 21	2	1	7	56440	36.96	1.77
B9	Sample 21	2	1	8	61040	36.96	1.82
B9	Sample 21	2	1	9	65640	36.96	1.8
B9	Sample 21	2	1	10	70240	37	1.74
B9	Sample 21	2	1	11	74840	37	1.7
B9	Sample 21	2	1	12	79430	36.91	1.63
B9	Sample 21	2	1	13	84030	37	1.57
B9	Sample 21	2	1	14	88630	36.91	1.51
B9	Sample 21	2	1	15	93230	37	1.46
B10	Sample 22	2	1	1	28820	36.91	2.19
B10	Sample 22	2	1	2	33430	36.96	1.94
B10	Sample 22	2	1	3	38030	36.91	1.96
B10	Sample 22	2	1	4	42630	37	1.97
B10	Sample 22	2	1	5	47230	37	2.08
B10	Sample 22	2	1	6	51830	36.96	2.15
B10	Sample 22	2	1	7	56440	36.96	2.12
B10	Sample 22	2	1	8	61040	36.96	2.05
B10	Sample 22	2	1	9	65640	36.96	1.98
B10	Sample 22	2	1	10	70240	37	1.89
B10	Sample 22	2	1	11	74840	37	1.8
B10	Sample 22	2	1	12	79430	36.91	1.72
B10	Sample 22	2	1	13	84030	37	1.64
B10	Sample 22	2	1	14	88630	36.91	1.59
B10	Sample 22	2	1	15	93230	37	1.54
B11	Sample 23	2	1	1	28820	36.91	2.58
B11	Sample 23	2	1	2	33430	36.96	2.93
B11	Sample 23	2	1	3	38030	36.91	2.68
B11	Sample 23	2	1	4	42630	37	2.56
B11	Sample 23	2	1	5	47230	37	2.4
B11	Sample 23	2	1	6	51830	36.96	2.25
B11	Sample 23	2	1	7	56440	36.96	2.08
B11	Sample 23	2	1	8	61040	36.96	1.92
B11	Sample 23	2	1	9	65640	36.96	1.83
B11	Sample 23	2	1	10	70240	37	1.72
B11	Sample 23	2	1	11	74840	37	1.66
B11	Sample 23	2	1	12	79430	36.91	1.6
B11	Sample 23	2	1	13	84030	37	1.55
B11	Sample 23	2	1	14	88630	36.91	1.53
B11	Sample 23	2	1	15	93230	37	1.5
B12	Sample 24	2	1	1	28820	36.91	1.93
B12	Sample 24	2	1	2	33430	36.96	1.82
B12	Sample 24	2	1	3	38030	36.91	1.73
B12	Sample 24	2	1	4	42630	37	1.63
B12	Sample 24	2	1	5	47230	37	1.57
B12	Sample 24	2	1	6	51830	36.96	1.52
B12	Sample 24	2	1	7	56440	36.96	1.48
B12	Sample 24	2	1	8	61040	36.96	1.45
B12	Sample 24	2	1	9	65640	36.96	1.45
B12	Sample 24	2	1	10	70240	37	1.45
B12	Sample 24	2	1	11	74840	37	1.46
B12	Sample 24	2	1	12	79430	36.91	1.47
B12	Sample 24	2	1	13	84030	37	1.48
B12	Sample 24	2	1	14	88630	36.91	1.48
B12	Sample 24	2	1	15	93230	37	1.48
C1	Sample 25	2	1	1	28820	36.91	1.52
C1	Sample 25	2	1	2	33430	36.96	1.53
C1	Sample 25	2	1	3	38030	36.91	1.55
C1	Sample 25	2	1	4	42630	37	1.55
C1	Sample 25	2	1	5	47230	37	1.54
C1	Sample 25	2	1	6	51830	36.96	1.55
C1	Sample 25	2	1	7	56440	36.96	1.55
C1	Sample 25	2	1	8	61040	36.96	1.55
C1	Sample 25	2	1	9	65640	36.96	1.55
C1	Sample 25	2	1	10	70240	37	1.55
C1	Sample 25	2	1	11	74840	37	1.56
C1	Sample 25	2	1	12	79430	36.91	1.55
C1	Sample 25	2	1	13	84030	37	1.54
C1	Sample 25	2	1	14	88630	36.91	1.54
C1	Sample 25	2	1	15	93230	37	1.54
C2	Sample 26	2	1	1	28820	36.91	1.54
C2	Sample 26	2	1	2	33430	36.96	1.56
C2	Sample 26	2	1	3	38030	36.91	1.56
C2	Sample 26	2	1	4	42630	37	1.57
C2	Sample 26	2	1	5	47230	37	1.57
C2	Sample 26	2	1	6	51830	36.96	1.57
C2	Sample 26	2	1	7	56440	36.96	1.58
C2	Sample 26	2	1	8	61040	36.96	1.57
C2	Sample 26	2	1	9	65640	36.96	1.57
C2	Sample 26	2	1	10	70240	37	1.57
C2	Sample 26	2	1	11	74840	37	1.58
C2	Sample 26	2	1	12	79430	36.91	1.57
C2	Sample 26	2	1	13	84030	37	1.58
C2	Sample 26	2	1	14	88630	36.91	1.57
C2	Sample 26	2	1	15	93230	37	1.58
C3	Sample 27	2	1	1	28820	36.91	1.6
C3	Sample 27	2	1	2	33430	36.96	1.6
C3	Sample 27	2	1	3	38030	36.91	1.62
C3	Sample 27	2	1	4	42630	37	1.62
C3	Sample 27	2	1	5	47230	37	1.62
C3	Sample 27	2	1	6	51830	36.96	1.64
C3	Sample 27	2	1	7	56440	36.96	1.63
C3	Sample 27	2	1	8	61040	36.96	1.63
C3	Sample 27	2	1	9	65640	36.96	1.63
C3	Sample 27	2	1	10	70240	37	1.63
C3	Sample 27	2	1	11	74840	37	1.64
C3	Sample 27	2	1	12	79430	36.91	1.63
C3	Sample 27	2	1	13	84030	37	1.63
C3	Sample 27	2	1	14	88630	36.91	1.63
C3	Sample 27	2	1	15	93230	37	1.63
C4	Sample 28	2	1	1	28820	36.91	1.7
C4	Sample 28	2	1	2	33430	36.96	1.7
C4	Sample 28	2	1	3	38030	36.91	1.72
C4	Sample 28	2	1	4	42630	37	1.72
C4	Sample 28	2	1	5	47230	37	1.73
C4	Sample 28	2	1	6	51830	36.96	1.73
C4	Sample 28	2	1	7	56440	36.96	1.73
C4	Sample 28	2	1	8	61040	36.96	1.74
C4	Sample 28	2	1	9	65640	36.96	1.74
C4	Sample 28	2	1	10	70240	37	1.74
C4	Sample 28	2	1	11	74840	37	1.74
C4	Sample 28	2	1	12	79430	36.91	1.73
C4	Sample 28	2	1	13	84030	37	1.73
C4	Sample 28	2	1	14	88630	36.91	1.73
C4	Sample 28	2	1	15	93230	37	1.73
C5	Sample 29	2	1	1	28820	36.91	1.65
C5	Sample 29	2	1	2	33430	36.96	1.65
C5	Sample 29	2	1	3	38030	36.91	1.67
C5	Sample 29	2	1	4	42630	37	1.66
C5	Sample 29	2	1	5	47230	37	1.67
C5	Sample 29	2	1	6	51830	36.96	1.69
C5	Sample 29	2	1	7	56440	36.96	1.67
C5	Sample 29	2	1	8	61040	36.96	1.68
C5	Sample 29	2	1	9	65640	36.96	1.68
C5	Sample 29	2	1	10	70240	37	1.68
C5	Sample 29	2	1	11	74840	37	1.69
C5	Sample 29	2	1	12	79430	36.91	1.69
C5	Sample 29	2	1	13	84030	37	1.68
C5	Sample 29	2	1	14	88630	36.91	1.68
C5	Sample 29	2	1	15	93230	37	1.68
C6	Sample 30	2	1	1	28820	36.91	1.68
C6	Sample 30	2	1	2	33430	36.96	1.64
C6	Sample 30	2	1	3	38030	36.91	1.62
C6	Sample 30	2	1	4	42630	37	1.61
C6	Sample 30	2	1	5	47230	37	1.6
C6	Sample 30	2	1	6	51830	36.96	1.6
C6	Sample 30	2	1	7	56440	36.96	1.63
C6	Sample 30	2	1	8	61040	36.96	1.62
C6	Sample 30	2	1	9	65640	36.96	1.63
C6	Sample 30	2	1	10	70240	37	1.62
C6	Sample 30	2	1	11	74840	37	1.63
C6	Sample 30	2	1	12	79430	36.91	1.63
C6	Sample 30	2	1	13	84030	37	1.63
C6	Sample 30	2	1	14	88630	36.91	1.61
C6	Sample 30	2	1	15	93230	37	1.63
C7	Sample 31	2	1	1	28820	36.91	2.61
C7	Sample 31	2	1	2	33430	36.96	2.59
C7	Sample 31	2	1	3	38030	36.91	2.66
C7	Sample 31	2	1	4	42630	37	2.76
C7	Sample 31	2	1	5	47230	37	2.78
C7	Sample 31	2	1	6	51830	36.96	2.72
C7	Sample 31	2	1	7	56440	36.96	2.58
C7	Sample 31	2	1	8	61040	36.96	2.4
C7	Sample 31	2	1	9	65640	36.96	2.23
C7	Sample 31	2	1	10	70240	37	2.04
C7	Sample 31	2	1	11	74840	37	1.9
C7	Sample 31	2	1	12	79430	36.91	1.78
C7	Sample 31	2	1	13	84030	37	1.69
C7	Sample 31	2	1	14	88630	36.91	1.63
C7	Sample 31	2	1	15	93230	37	1.58
C8	Sample 32	2	1	1	28820	36.91	3
C8	Sample 32	2	1	2	33430	36.96	3.24
C8	Sample 32	2	1	3	38030	36.91	3.68
C8	Sample 32	2	1	4	42630	37	4.01
C8	Sample 32	2	1	5	47230	37	4.14
C8	Sample 32	2	1	6	51830	36.96	4.1
C8	Sample 32	2	1	7	56440	36.96	3.94
C8	Sample 32	2	1	8	61040	36.96	3.58
C8	Sample 32	2	1	9	65640	36.96	3.23
C8	Sample 32	2	1	10	70240	37	2.9
C8	Sample 32	2	1	11	74840	37	2.61
C8	Sample 32	2	1	12	79430	36.91	2.37
C8	Sample 32	2	1	13	84030	37	2.18
C8	Sample 32	2	1	14	88630	36.91	2
C8	Sample 32	2	1	15	93230	37	1.87
C9	Sample 33	2	1	1	28820	36.91	2.95
C9	Sample 33	2	1	2	33430	36.96	2.92
C9	Sample 33	2	1	3	38030	36.91	2.8
C9	Sample 33	2	1	4	42630	37	2.56
C9	Sample 33	2	1	5	47230	37	2.36
C9	Sample 33	2	1	6	51830	36.96	2.21
C9	Sample 33	2	1	7	56440	36.96	2.15
C9	Sample 33	2	1	8	61040	36.96	2.18
C9	Sample 33	2	1	9	65640	36.96	2.2
C9	Sample 33	2	1	10	70240	37	2.16
C9	Sample 33	2	1	11	74840	37	2.12
C9	Sample 33	2	1	12	79430	36.91	2.06
C9	Sample 33	2	1	13	84030	37	1.98
C9	Sample 33	2	1	14	88630	36.91	1.89
C9	Sample 33	2	1	15	93230	37	1.81
C10	Sample 34	2	1	1	28820	36.91	2.82
C10	Sample 34	2	1	2	33430	36.96	2.56
C10	Sample 34	2	1	3	38030	36.91	2.56
C10	Sample 34	2	1	4	42630	37	2.53
C10	Sample 34	2	1	5	47230	37	2.46
C10	Sample 34	2	1	6	51830	36.96	2.42
C10	Sample 34	2	1	7	56440	36.96	2.35
C10	Sample 34	2	1	8	61040	36.96	2.24
C10	Sample 34	2	1	9	65640	36.96	2.16
C10	Sample 34	2	1	10	70240	37	2.03
C10	Sample 34	2	1	11	74840	37	1.93
C10	Sample 34	2	1	12	79430	36.91	1.82
C10	Sample 34	2	1	13	84030	37	1.73
C10	Sample 34	2	1	14	88630	36.91	1.65
C10	Sample 34	2	1	15	93230	37	1.57
C11	Sample 35	2	1	1	28820	36.91	3.12
C11	Sample 35	2	1	2	33430	36.96	3.2
C11	Sample 35	2	1	3	38030	36.91	3.12
C11	Sample 35	2	1	4	42630	37	2.8
C11	Sample 35	2	1	5	47230	37	2.6
C11	Sample 35	2	1	6	51830	36.96	2.4
C11	Sample 35	2	1	7	56440	36.96	2.2
C11	Sample 35	2	1	8	61040	36.96	2.03
C11	Sample 35	2	1	9	65640	36.96	1.89
C11	Sample 35	2	1	10	70240	37	1.79
C11	Sample 35	2	1	11	74840	37	1.71
C11	Sample 35	2	1	12	79430	36.91	1.66
C11	Sample 35	2	1	13	84030	37	1.59
C11	Sample 35	2	1	14	88630	36.91	1.56
C11	Sample 35	2	1	15	93230	37	1.54
C12	Sample 36	2	1	1	28820	36.91	2.63
C12	Sample 36	2	1	2	33430	36.96	2.78
C12	Sample 36	2	1	3	38030	36.91	2.99
C12	Sample 36	2	1	4	42630	37	2.96
C12	Sample 36	2	1	5	47230	37	2.85
C12	Sample 36	2	1	6	51830	36.96	2.77
C12	Sample 36	2	1	7	56440	36.96	2.59
C12	Sample 36	2	1	8	61040	36.96	2.37
C12	Sample 36	2	1	9	65640	36.96	2.17
C12	Sample 36	2	1	10	70240	37	2.01
C12	Sample 36	2	1	11	74840	37	1.87
C12	Sample 36	2	1	12	79430	36.91	1.76
C12	Sample 36	2	1	13	84030	37	1.65
C12	Sample 36	2	1	14	88630	36.91	1.58
C12	Sample 36	2	1	15	93230	37	1.52
D1	Sample 37	2	1	1	28820	36.91	1.59
D1	Sample 37	2	1	2	33430	36.96	1.61
D1	Sample 37	2	1	3	38030	36.91	1.62
D1	Sample 37	2	1	4	42630	37	1.62
D1	Sample 37	2	1	5	47230	37	1.62
D1	Sample 37	2	1	6	51830	36.96	1.63
D1	Sample 37	2	1	7	56440	36.96	1.63
D1	Sample 37	2	1	8	61040	36.96	1.64
D1	Sample 37	2	1	9	65640	36.96	1.63
D1	Sample 37	2	1	10	70240	37	1.63
D1	Sample 37	2	1	11	74840	37	1.63
D1	Sample 37	2	1	12	79430	36.91	1.64
D1	Sample 37	2	1	13	84030	37	1.64
D1	Sample 37	2	1	14	88630	36.91	1.63
D1	Sample 37	2	1	15	93230	37	1.62
D2	Sample 38	2	1	1	28820	36.91	1.54
D2	Sample 38	2	1	2	33430	36.96	1.54
D2	Sample 38	2	1	3	38030	36.91	1.56
D2	Sample 38	2	1	4	42630	37	1.57
D2	Sample 38	2	1	5	47230	37	1.56
D2	Sample 38	2	1	6	51830	36.96	1.57
D2	Sample 38	2	1	7	56440	36.96	1.56
D2	Sample 38	2	1	8	61040	36.96	1.56
D2	Sample 38	2	1	9	65640	36.96	1.57
D2	Sample 38	2	1	10	70240	37	1.57
D2	Sample 38	2	1	11	74840	37	1.57
D2	Sample 38	2	1	12	79430	36.91	1.57
D2	Sample 38	2	1	13	84030	37	1.56
D2	Sample 38	2	1	14	88630	36.91	1.56
D2	Sample 38	2	1	15	93230	37	1.56
D3	Sample 39	2	1	1	28820	36.91	2.08
D3	Sample 39	2	1	2	33430	36.96	2.12
D3	Sample 39	2	1	3	38030	36.91	2.12
D3	Sample 39	2	1	4	42630	37	2.13
D3	Sample 39	2	1	5	47230	37	2.13
D3	Sample 39	2	1	6	51830	36.96	2.15
D3	Sample 39	2	1	7	56440	36.96	2.14
D3	Sample 39	2	1	8	61040	36.96	2.14
D3	Sample 39	2	1	9	65640	36.96	2.15
D3	Sample 39	2	1	10	70240	37	2.14
D3	Sample 39	2	1	11	74840	37	2.15
D3	Sample 39	2	1	12	79430	36.91	2.14
D3	Sample 39	2	1	13	84030	37	2.14
D3	Sample 39	2	1	14	88630	36.91	2.14
D3	Sample 39	2	1	15	93230	37	2.13
D4	Sample 40	2	1	1	28820	36.91	2.05
D4	Sample 40	2	1	2	33430	36.96	2.07
D4	Sample 40	2	1	3	38030	36.91	2.09
D4	Sample 40	2	1	4	42630	37	2.08
D4	Sample 40	2	1	5	47230	37	2.09
D4	Sample 40	2	1	6	51830	36.96	2.1
D4	Sample 40	2	1	7	56440	36.96	2.1
D4	Sample 40	2	1	8	61040	36.96	2.1
D4	Sample 40	2	1	9	65640	36.96	2.11
D4	Sample 40	2	1	10	70240	37	2.1
D4	Sample 40	2	1	11	74840	37	2.12
D4	Sample 40	2	1	12	79430	36.91	2.12
D4	Sample 40	2	1	13	84030	37	2.1
D4	Sample 40	2	1	14	88630	36.91	2.1
D4	Sample 40	2	1	15	93230	37	2.09
D5	Sample 41	2	1	1	28820	36.91	1.64
D5	Sample 41	2	1	2	33430	36.96	1.66
D5	Sample 41	2	1	3	38030	36.91	1.67
D5	Sample 41	2	1	4	42630	37	1.67
D5	Sample 41	2	1	5	47230	37	1.67
D5	Sample 41	2	1	6	51830	36.96	1.67
D5	Sample 41	2	1	7	56440	36.96	1.67
D5	Sample 41	2	1	8	61040	36.96	1.67
D5	Sample 41	2	1	9	65640	36.96	1.68
D5	Sample 41	2	1	10	70240	37	1.67
D5	Sample 41	2	1	11	74840	37	1.68
D5	Sample 41	2	1	12	79430	36.91	1.68
D5	Sample 41	2	1	13	84030	37	1.66
D5	Sample 41	2	1	14	88630	36.91	1.67
D5	Sample 41	2	1	15	93230	37	1.67
D6	Sample 42	2	1	1	28820	36.91	1.65
D6	Sample 42	2	1	2	33430	36.96	1.65
D6	Sample 42	2	1	3	38030	36.91	1.68
D6	Sample 42	2	1	4	42630	37	1.68
D6	Sample 42	2	1	5	47230	37	1.68
D6	Sample 42	2	1	6	51830	36.96	1.69
D6	Sample 42	2	1	7	56440	36.96	1.68
D6	Sample 42	2	1	8	61040	36.96	1.68
D6	Sample 42	2	1	9	65640	36.96	1.69
D6	Sample 42	2	1	10	70240	37	1.69
D6	Sample 42	2	1	11	74840	37	1.68
D6	Sample 42	2	1	12	79430	36.91	1.69
D6	Sample 42	2	1	13	84030	37	1.67
D6	Sample 42	2	1	14	88630	36.91	1.67
D6	Sample 42	2	1	15	93230	37	1.68
D7	Sample 43	2	1	1	28820	36.91	1.52
D7	Sample 43	2	1	2	33430	36.96	1.5
D7	Sample 43	2	1	3	38030	36.91	1.59
D7	Sample 43	2	1	4	42630	37	1.69
D7	Sample 43	2	1	5	47230	37	1.73
D7	Sample 43	2	1	6	51830	36.96	1.73
D7	Sample 43	2	1	7	56440	36.96	1.7
D7	Sample 43	2	1	8	61040	36.96	1.67
D7	Sample 43	2	1	9	65640	36.96	1.66
D7	Sample 43	2	1	10	70240	37	1.64
D7	Sample 43	2	1	11	74840	37	1.63
D7	Sample 43	2	1	12	79430	36.91	1.65
D7	Sample 43	2	1	13	84030	37	1.66
D7	Sample 43	2	1	14	88630	36.91	1.66
D7	Sample 43	2	1	15	93230	37	1.66
D8	Sample 44	2	1	1	28820	36.91	2.32
D8	Sample 44	2	1	2	33430	36.96	2.39
D8	Sample 44	2	1	3	38030	36.91	2.32
D8	Sample 44	2	1	4	42630	37	2.18
D8	Sample 44	2	1	5	47230	37	2.05
D8	Sample 44	2	1	6	51830	36.96	1.93
D8	Sample 44	2	1	7	56440	36.96	1.82
D8	Sample 44	2	1	8	61040	36.96	1.76
D8	Sample 44	2	1	9	65640	36.96	1.7
D8	Sample 44	2	1	10	70240	37	1.66
D8	Sample 44	2	1	11	74840	37	1.62
D8	Sample 44	2	1	12	79430	36.91	1.59
D8	Sample 44	2	1	13	84030	37	1.56
D8	Sample 44	2	1	14	88630	36.91	1.56
D8	Sample 44	2	1	15	93230	37	1.56
D9	Sample 45	2	1	1	28820	36.91	1.59
D9	Sample 45	2	1	2	33430	36.96	1.6
D9	Sample 45	2	1	3	38030	36.91	1.64
D9	Sample 45	2	1	4	42630	37	1.64
D9	Sample 45	2	1	5	47230	37	1.63
D9	Sample 45	2	1	6	51830	36.96	1.63
D9	Sample 45	2	1	7	56440	36.96	1.63
D9	Sample 45	2	1	8	61040	36.96	1.63
D9	Sample 45	2	1	9	65640	36.96	1.65
D9	Sample 45	2	1	10	70240	37	1.64
D9	Sample 45	2	1	11	74840	37	1.66
D9	Sample 45	2	1	12	79430	36.91	1.67
D9	Sample 45	2	1	13	84030	37	1.67
D9	Sample 45	2	1	14	88630	36.91	1.67
D9	Sample 45	2	1	15	93230	37	1.67
D10	Sample 46	2	1	1	28820	36.91	3.49
D10	Sample 46	2	1	2	33430	36.96	3.02
D10	Sample 46	2	1	3	38030	36.91	2.66
D10	Sample 46	2	1	4	42630	37	2.39
D10	Sample 46	2	1	5	47230	37	2.3
D10	Sample 46	2	1	6	51830	36.96	2.29
D10	Sample 46	2	1	7	56440	36.96	2.27
D10	Sample 46	2	1	8	61040	36.96	2.24
D10	Sample 46	2	1	9	65640	36.96	2.16
D10	Sample 46	2	1	10	70240	37	2.07
D10	Sample 46	2	1	11	74840	37	2
D10	Sample 46	2	1	12	79430	36.91	1.93
D10	Sample 46	2	1	13	84030	37	1.86
D10	Sample 46	2	1	14	88630	36.91	1.79
D10	Sample 46	2	1	15	93230	37	1.72
D11	Sample 47	2	1	1	28820	36.91	2.7
D11	Sample 47	2	1	2	33430	36.96	2.69
D11	Sample 47	2	1	3	38030	36.91	2.74
D11	Sample 47	2	1	4	42630	37	2.66
D11	Sample 47	2	1	5	47230	37	2.58
D11	Sample 47	2	1	6	51830	36.96	2.51
D11	Sample 47	2	1	7	56440	36.96	2.42
D11	Sample 47	2	1	8	61040	36.96	2.29
D11	Sample 47	2	1	9	65640	36.96	2.17
D11	Sample 47	2	1	10	70240	37	2.03
D11	Sample 47	2	1	11	74840	37	1.94
D11	Sample 47	2	1	12	79430	36.91	1.83
D11	Sample 47	2	1	13	84030	37	1.75
D11	Sample 47	2	1	14	88630	36.91	1.68
D11	Sample 47	2	1	15	93230	37	1.6
D12	Sample 48	2	1	1	28820	36.91	2.42
D12	Sample 48	2	1	2	33430	36.96	2.19
D12	Sample 48	2	1	3	38030	36.91	2.19
D12	Sample 48	2	1	4	42630	37	2.27
D12	Sample 48	2	1	5	47230	37	2.24
D12	Sample 48	2	1	6	51830	36.96	2.21
D12	Sample 48	2	1	7	56440	36.96	2.14
D12	Sample 48	2	1	8	61040	36.96	2.08
D12	Sample 48	2	1	9	65640	36.96	1.98
D12	Sample 48	2	1	10	70240	37	1.9
D12	Sample 48	2	1	11	74840	37	1.8
D12	Sample 48	2	1	12	79430	36.91	1.71
D12	Sample 48	2	1	13	84030	37	1.63
D12	Sample 48	2	1	14	88630	36.91	1.56
D12	Sample 48	2	1	15	93230	37	1.51
E1	Sample 49	2	1	1	28820	36.91	1.65
E1	Sample 49	2	1	2	33430	36.96	1.65
E1	Sample 49	2	1	3	38030	36.91	1.67
E1	Sample 49	2	1	4	42630	37	1.67
E1	Sample 49	2	1	5	47230	37	1.68
E1	Sample 49	2	1	6	51830	36.96	1.68
E1	Sample 49	2	1	7	56440	36.96	1.68
E1	Sample 49	2	1	8	61040	36.96	1.67
E1	Sample 49	2	1	9	65640	36.96	1.68
E1	Sample 49	2	1	10	70240	37	1.67
E1	Sample 49	2	1	11	74840	37	1.69
E1	Sample 49	2	1	12	79430	36.91	1.69
E1	Sample 49	2	1	13	84030	37	1.68
E1	Sample 49	2	1	14	88630	36.91	1.68
E1	Sample 49	2	1	15	93230	37	1.68
E2	Sample 50	2	1	1	28820	36.91	1.55
E2	Sample 50	2	1	2	33430	36.96	1.56
E2	Sample 50	2	1	3	38030	36.91	1.58
E2	Sample 50	2	1	4	42630	37	1.58
E2	Sample 50	2	1	5	47230	37	1.58
E2	Sample 50	2	1	6	51830	36.96	1.59
E2	Sample 50	2	1	7	56440	36.96	1.58
E2	Sample 50	2	1	8	61040	36.96	1.59
E2	Sample 50	2	1	9	65640	36.96	1.59
E2	Sample 50	2	1	10	70240	37	1.58
E2	Sample 50	2	1	11	74840	37	1.59
E2	Sample 50	2	1	12	79430	36.91	1.6
E2	Sample 50	2	1	13	84030	37	1.59
E2	Sample 50	2	1	14	88630	36.91	1.6
E2	Sample 50	2	1	15	93230	37	1.59
E3	Sample 51	2	1	1	28820	36.91	2.59
E3	Sample 51	2	1	2	33430	36.96	2.61
E3	Sample 51	2	1	3	38030	36.91	2.63
E3	Sample 51	2	1	4	42630	37	2.63
E3	Sample 51	2	1	5	47230	37	2.63
E3	Sample 51	2	1	6	51830	36.96	2.64
E3	Sample 51	2	1	7	56440	36.96	2.65
E3	Sample 51	2	1	8	61040	36.96	2.64
E3	Sample 51	2	1	9	65640	36.96	2.65
E3	Sample 51	2	1	10	70240	37	2.66
E3	Sample 51	2	1	11	74840	37	2.66
E3	Sample 51	2	1	12	79430	36.91	2.65
E3	Sample 51	2	1	13	84030	37	2.65
E3	Sample 51	2	1	14	88630	36.91	2.65
E3	Sample 51	2	1	15	93230	37	2.65
E4	Sample 52	2	1	1	28820	36.91	2.78
E4	Sample 52	2	1	2	33430	36.96	2.79
E4	Sample 52	2	1	3	38030	36.91	2.81
E4	Sample 52	2	1	4	42630	37	2.83
E4	Sample 52	2	1	5	47230	37	2.84
E4	Sample 52	2	1	6	51830	36.96	2.84
E4	Sample 52	2	1	7	56440	36.96	2.85
E4	Sample 52	2	1	8	61040	36.96	2.85
E4	Sample 52	2	1	9	65640	36.96	2.85
E4	Sample 52	2	1	10	70240	37	2.83
E4	Sample 52	2	1	11	74840	37	2.85
E4	Sample 52	2	1	12	79430	36.91	2.86
E4	Sample 52	2	1	13	84030	37	2.84
E4	Sample 52	2	1	14	88630	36.91	2.86
E4	Sample 52	2	1	15	93230	37	2.85
E5	Sample 53	2	1	1	28820	36.91	1.72
E5	Sample 53	2	1	2	33430	36.96	1.73
E5	Sample 53	2	1	3	38030	36.91	1.74
E5	Sample 53	2	1	4	42630	37	1.76
E5	Sample 53	2	1	5	47230	37	1.76
E5	Sample 53	2	1	6	51830	36.96	1.76
E5	Sample 53	2	1	7	56440	36.96	1.75
E5	Sample 53	2	1	8	61040	36.96	1.76
E5	Sample 53	2	1	9	65640	36.96	1.77
E5	Sample 53	2	1	10	70240	37	1.76
E5	Sample 53	2	1	11	74840	37	1.76
E5	Sample 53	2	1	12	79430	36.91	1.77
E5	Sample 53	2	1	13	84030	37	1.76
E5	Sample 53	2	1	14	88630	36.91	1.76
E5	Sample 53	2	1	15	93230	37	1.76
E6	Sample 54	2	1	1	28820	36.91	1.68
E6	Sample 54	2	1	2	33430	36.96	1.69
E6	Sample 54	2	1	3	38030	36.91	1.71
E6	Sample 54	2	1	4	42630	37	1.72
E6	Sample 54	2	1	5	47230	37	1.72
E6	Sample 54	2	1	6	51830	36.96	1.72
E6	Sample 54	2	1	7	56440	36.96	1.73
E6	Sample 54	2	1	8	61040	36.96	1.72
E6	Sample 54	2	1	9	65640	36.96	1.72
E6	Sample 54	2	1	10	70240	37	1.71
E6	Sample 54	2	1	11	74840	37	1.72
E6	Sample 54	2	1	12	79430	36.91	1.73
E6	Sample 54	2	1	13	84030	37	1.71
E6	Sample 54	2	1	14	88630	36.91	1.72
E6	Sample 54	2	1	15	93230	37	1.72
E7	Sample 55	2	1	1	28820	36.91	1.68
E7	Sample 55	2	1	2	33430	36.96	1.7
E7	Sample 55	2	1	3	38030	36.91	1.72
E7	Sample 55	2	1	4	42630	37	1.72
E7	Sample 55	2	1	5	47230	37	1.73
E7	Sample 55	2	1	6	51830	36.96	1.73
E7	Sample 55	2	1	7	56440	36.96	1.73
E7	Sample 55	2	1	8	61040	36.96	1.73
E7	Sample 55	2	1	9	65640	36.96	1.74
E7	Sample 55	2	1	10	70240	37	1.73
E7	Sample 55	2	1	11	74840	37	1.73
E7	Sample 55	2	1	12	79430	36.91	1.74
E7	Sample 55	2	1	13	84030	37	1.72
E7	Sample 55	2	1	14	88630	36.91	1.73
E7	Sample 55	2	1	15	93230	37	1.74
E8	Sample 56	2	1	1	28820	36.91	2.26
E8	Sample 56	2	1	2	33430	36.96	2.02
E8	Sample 56	2	1	3	38030	36.91	1.89
E8	Sample 56	2	1	4	42630	37	1.85
E8	Sample 56	2	1	5	47230	37	1.89
E8	Sample 56	2	1	6	51830	36.96	1.95
E8	Sample 56	2	1	7	56440	36.96	1.93
E8	Sample 56	2	1	8	61040	36.96	1.89
E8	Sample 56	2	1	9	65640	36.96	1.85
E8	Sample 56	2	1	10	70240	37	1.79
E8	Sample 56	2	1	11	74840	37	1.74
E8	Sample 56	2	1	12	79430	36.91	1.7
E8	Sample 56	2	1	13	84030	37	1.65
E8	Sample 56	2	1	14	88630	36.91	1.61
E8	Sample 56	2	1	15	93230	37	1.58
E9	Sample 57	2	1	1	28820	36.91	2.97
E9	Sample 57	2	1	2	33430	36.96	2.79
E9	Sample 57	2	1	3	38030	36.91	2.57
E9	Sample 57	2	1	4	42630	37	2.4
E9	Sample 57	2	1	5	47230	37	2.41
E9	Sample 57	2	1	6	51830	36.96	2.64
E9	Sample 57	2	1	7	56440	36.96	2.62
E9	Sample 57	2	1	8	61040	36.96	2.55
E9	Sample 57	2	1	9	65640	36.96	2.49
E9	Sample 57	2	1	10	70240	37	2.41
E9	Sample 57	2	1	11	74840	37	2.33
E9	Sample 57	2	1	12	79430	36.91	2.18
E9	Sample 57	2	1	13	84030	37	2.04
E9	Sample 57	2	1	14	88630	36.91	1.9
E9	Sample 57	2	1	15	93230	37	1.78
E10	Sample 58	2	1	1	28820	36.91	2.19
E10	Sample 58	2	1	2	33430	36.96	1.97
E10	Sample 58	2	1	3	38030	36.91	1.8
E10	Sample 58	2	1	4	42630	37	1.66
E10	Sample 58	2	1	5	47230	37	1.63
E10	Sample 58	2	1	6	51830	36.96	1.66
E10	Sample 58	2	1	7	56440	36.96	1.66
E10	Sample 58	2	1	8	61040	36.96	1.67
E10	Sample 58	2	1	9	65640	36.96	1.66
E10	Sample 58	2	1	10	70240	37	1.6
E10	Sample 58	2	1	11	74840	37	1.59
E10	Sample 58	2	1	12	79430	36.91	1.56
E10	Sample 58	2	1	13	84030	37	1.52
E10	Sample 58	2	1	14	88630	36.91	1.5
E10	Sample 58	2	1	15	93230	37	1.46
E11	Sample 59	2	1	1	28820	36.91	2.84
E11	Sample 59	2	1	2	33430	36.96	2.95
E11	Sample 59	2	1	3	38030	36.91	3.27
E11	Sample 59	2	1	4	42630	37	3.07
E11	Sample 59	2	1	5	47230	37	2.79
E11	Sample 59	2	1	6	51830	36.96	2.64
E11	Sample 59	2	1	7	56440	36.96	2.5
E11	Sample 59	2	1	8	61040	36.96	2.35
E11	Sample 59	2	1	9	65640	36.96	2.21
E11	Sample 59	2	1	10	70240	37	2.05
E11	Sample 59	2	1	11	74840	37	1.93
E11	Sample 59	2	1	12	79430	36.91	1.83
E11	Sample 59	2	1	13	84030	37	1.73
E11	Sample 59	2	1	14	88630	36.91	1.65
E11	Sample 59	2	1	15	93230	37	1.6
E12	Sample 60	2	1	1	28820	36.91	3.4
E12	Sample 60	2	1	2	33430	36.96	3.43
E12	Sample 60	2	1	3	38030	36.91	3.49
E12	Sample 60	2	1	4	42630	37	3.46
E12	Sample 60	2	1	5	47230	37	3.18
E12	Sample 60	2	1	6	51830	36.96	2.97
E12	Sample 60	2	1	7	56440	36.96	2.71
E12	Sample 60	2	1	8	61040	36.96	2.39
E12	Sample 60	2	1	9	65640	36.96	2.16
E12	Sample 60	2	1	10	70240	37	1.95
E12	Sample 60	2	1	11	74840	37	1.8
E12	Sample 60	2	1	12	79430	36.91	1.67
E12	Sample 60	2	1	13	84030	37	1.57
E12	Sample 60	2	1	14	88630	36.91	1.49
E12	Sample 60	2	1	15	93230	37	1.43
F1	Sample 61	2	1	1	28820	36.91	2.13
F1	Sample 61	2	1	2	33430	36.96	2.15
F1	Sample 61	2	1	3	38030	36.91	2.17
F1	Sample 61	2	1	4	42630	37	2.18
F1	Sample 61	2	1	5	47230	37	2.17
F1	Sample 61	2	1	6	51830	36.96	2.19
F1	Sample 61	2	1	7	56440	36.96	2.18
F1	Sample 61	2	1	8	61040	36.96	2.18
F1	Sample 61	2	1	9	65640	36.96	2.18
F1	Sample 61	2	1	10	70240	37	2.18
F1	Sample 61	2	1	11	74840	37	2.18
F1	Sample 61	2	1	12	79430	36.91	2.2
F1	Sample 61	2	1	13	84030	37	2.18
F1	Sample 61	2	1	14	88630	36.91	2.19
F1	Sample 61	2	1	15	93230	37	2.2
F2	Sample 62	2	1	1	28820	36.91	2.01
F2	Sample 62	2	1	2	33430	36.96	2.03
F2	Sample 62	2	1	3	38030	36.91	2.05
F2	Sample 62	2	1	4	42630	37	2.05
F2	Sample 62	2	1	5	47230	37	2.05
F2	Sample 62	2	1	6	51830	36.96	2.05
F2	Sample 62	2	1	7	56440	36.96	2.06
F2	Sample 62	2	1	8	61040	36.96	2.07
F2	Sample 62	2	1	9	65640	36.96	2.06
F2	Sample 62	2	1	10	70240	37	2.07
F2	Sample 62	2	1	11	74840	37	2.06
F2	Sample 62	2	1	12	79430	36.91	2.06
F2	Sample 62	2	1	13	84030	37	2.06
F2	Sample 62	2	1	14	88630	36.91	2.06
F2	Sample 62	2	1	15	93230	37	2.06
F3	Sample 63	2	1	1	28820	36.91	2.94
F3	Sample 63	2	1	2	33430	36.96	2.97
F3	Sample 63	2	1	3	38030	36.91	3
F3	Sample 63	2	1	4	42630	37	2.99
F3	Sample 63	2	1	5	47230	37	3
F3	Sample 63	2	1	6	51830	36.96	3
F3	Sample 63	2	1	7	56440	36.96	3.02
F3	Sample 63	2	1	8	61040	36.96	3.02
F3	Sample 63	2	1	9	65640	36.96	3.02
F3	Sample 63	2	1	10	70240	37	3.02
F3	Sample 63	2	1	11	74840	37	3.02
F3	Sample 63	2	1	12	79430	36.91	3.01
F3	Sample 63	2	1	13	84030	37	3.02
F3	Sample 63	2	1	14	88630	36.91	3.01
F3	Sample 63	2	1	15	93230	37	3.01
F4	Sample 64	2	1	1	28820	36.91	3.18
F4	Sample 64	2	1	2	33430	36.96	3.2
F4	Sample 64	2	1	3	38030	36.91	3.23
F4	Sample 64	2	1	4	42630	37	3.24
F4	Sample 64	2	1	5	47230	37	3.25
F4	Sample 64	2	1	6	51830	36.96	3.26
F4	Sample 64	2	1	7	56440	36.96	3.25
F4	Sample 64	2	1	8	61040	36.96	3.26
F4	Sample 64	2	1	9	65640	36.96	3.26
F4	Sample 64	2	1	10	70240	37	3.27
F4	Sample 64	2	1	11	74840	37	3.26
F4	Sample 64	2	1	12	79430	36.91	3.27
F4	Sample 64	2	1	13	84030	37	3.28
F4	Sample 64	2	1	14	88630	36.91	3.27
F4	Sample 64	2	1	15	93230	37	3.26
F5	Sample 65	2	1	1	28820	36.91	1.75
F5	Sample 65	2	1	2	33430	36.96	1.76
F5	Sample 65	2	1	3	38030	36.91	1.77
F5	Sample 65	2	1	4	42630	37	1.76
F5	Sample 65	2	1	5	47230	37	1.79
F5	Sample 65	2	1	6	51830	36.96	1.79
F5	Sample 65	2	1	7	56440	36.96	1.78
F5	Sample 65	2	1	8	61040	36.96	1.79
F5	Sample 65	2	1	9	65640	36.96	1.79
F5	Sample 65	2	1	10	70240	37	1.8
F5	Sample 65	2	1	11	74840	37	1.79
F5	Sample 65	2	1	12	79430	36.91	1.79
F5	Sample 65	2	1	13	84030	37	1.79
F5	Sample 65	2	1	14	88630	36.91	1.79
F5	Sample 65	2	1	15	93230	37	1.79
F6	Sample 66	2	1	1	28820	36.91	2.18
F6	Sample 66	2	1	2	33430	36.96	2.03
F6	Sample 66	2	1	3	38030	36.91	1.91
F6	Sample 66	2	1	4	42630	37	1.8
F6	Sample 66	2	1	5	47230	37	1.73
F6	Sample 66	2	1	6	51830	36.96	1.7
F6	Sample 66	2	1	7	56440	36.96	1.66
F6	Sample 66	2	1	8	61040	36.96	1.64
F6	Sample 66	2	1	9	65640	36.96	1.65
F6	Sample 66	2	1	10	70240	37	1.65
F6	Sample 66	2	1	11	74840	37	1.66
F6	Sample 66	2	1	12	79430	36.91	1.66
F6	Sample 66	2	1	13	84030	37	1.66
F6	Sample 66	2	1	14	88630	36.91	1.68
F6	Sample 66	2	1	15	93230	37	1.67
F7	Sample 67	2	1	1	28820	36.91	2.56
F7	Sample 67	2	1	2	33430	36.96	2.63
F7	Sample 67	2	1	3	38030	36.91	3.11
F7	Sample 67	2	1	4	42630	37	3.4
F7	Sample 67	2	1	5	47230	37	3.45
F7	Sample 67	2	1	6	51830	36.96	3.3
F7	Sample 67	2	1	7	56440	36.96	3.09
F7	Sample 67	2	1	8	61040	36.96	2.84
F7	Sample 67	2	1	9	65640	36.96	2.65
F7	Sample 67	2	1	10	70240	37	2.48
F7	Sample 67	2	1	11	74840	37	2.35
F7	Sample 67	2	1	12	79430	36.91	2.25
F7	Sample 67	2	1	13	84030	37	2.18
F7	Sample 67	2	1	14	88630	36.91	2.11
F7	Sample 67	2	1	15	93230	37	2.07
F8	Sample 68	2	1	1	28820	36.91	3.38
F8	Sample 68	2	1	2	33430	36.96	2.89
F8	Sample 68	2	1	3	38030	36.91	2.68
F8	Sample 68	2	1	4	42630	37	2.73
F8	Sample 68	2	1	5	47230	37	2.83
F8	Sample 68	2	1	6	51830	36.96	2.86
F8	Sample 68	2	1	7	56440	36.96	2.83
F8	Sample 68	2	1	8	61040	36.96	2.75
F8	Sample 68	2	1	9	65640	36.96	2.64
F8	Sample 68	2	1	10	70240	37	2.55
F8	Sample 68	2	1	11	74840	37	2.45
F8	Sample 68	2	1	12	79430	36.91	2.35
F8	Sample 68	2	1	13	84030	37	2.29
F8	Sample 68	2	1	14	88630	36.91	2.21
F8	Sample 68	2	1	15	93230	37	2.17
F9	Sample 69	2	1	1	28820	36.91	3.67
F9	Sample 69	2	1	2	33430	36.96	2.87
F9	Sample 69	2	1	3	38030	36.91	2.36
F9	Sample 69	2	1	4	42630	37	2.1
F9	Sample 69	2	1	5	47230	37	2.13
F9	Sample 69	2	1	6	51830	36.96	2.16
F9	Sample 69	2	1	7	56440	36.96	2.18
F9	Sample 69	2	1	8	61040	36.96	2.17
F9	Sample 69	2	1	9	65640	36.96	2.15
F9	Sample 69	2	1	10	70240	37	2.07
F9	Sample 69	2	1	11	74840	37	1.99
F9	Sample 69	2	1	12	79430	36.91	1.9
F9	Sample 69	2	1	13	84030	37	1.82
F9	Sample 69	2	1	14	88630	36.91	1.74
F9	Sample 69	2	1	15	93230	37	1.68
F10	Sample 70	2	1	1	28820	36.91	2.67
F10	Sample 70	2	1	2	33430	36.96	2.21
F10	Sample 70	2	1	3	38030	36.91	2.13
F10	Sample 70	2	1	4	42630	37	2.17
F10	Sample 70	2	1	5	47230	37	2.21
F10	Sample 70	2	1	6	51830	36.96	2.23
F10	Sample 70	2	1	7	56440	36.96	2.2
F10	Sample 70	2	1	8	61040	36.96	2.14
F10	Sample 70	2	1	9	65640	36.96	2.09
F10	Sample 70	2	1	10	70240	37	2.01
F10	Sample 70	2	1	11	74840	37	1.92
F10	Sample 70	2	1	12	79430	36.91	1.82
F10	Sample 70	2	1	13	84030	37	1.73
F10	Sample 70	2	1	14	88630	36.91	1.65
F10	Sample 70	2	1	15	93230	37	1.6
F11	Sample 71	2	1	1	28820	36.91	3.34
F11	Sample 71	2	1	2	33430	36.96	3.13
F11	Sample 71	2	1	3	38030	36.91	2.9
F11	Sample 71	2	1	4	42630	37	2.64
F11	Sample 71	2	1	5	47230	37	2.36
F11	Sample 71	2	1	6	51830	36.96	2.11
F11	Sample 71	2	1	7	56440	36.96	1.91
F11	Sample 71	2	1	8	61040	36.96	1.77
F11	Sample 71	2	1	9	65640	36.96	1.67
F11	Sample 71	2	1	10	70240	37	1.6
F11	Sample 71	2	1	11	74840	37	1.56
F11	Sample 71	2	1	12	79430	36.91	1.53
F11	Sample 71	2	1	13	84030	37	1.49
F11	Sample 71	2	1	14	88630	36.91	1.49
F11	Sample 71	2	1	15	93230	37	1.47
F12	Sample 72	2	1	1	28820	36.91	1.81
F12	Sample 72	2	1	2	33430	36.96	1.85
F12	Sample 72	2	1	3	38030	36.91	1.87
F12	Sample 72	2	1	4	42630	37	1.87
F12	Sample 72	2	1	5	47230	37	1.81
F12	Sample 72	2	1	6	51830	36.96	1.72
F12	Sample 72	2	1	7	56440	36.96	1.63
F12	Sample 72	2	1	8	61040	36.96	1.55
F12	Sample 72	2	1	9	65640	36.96	1.48
F12	Sample 72	2	1	10	70240	37	1.43
F12	Sample 72	2	1	11	74840	37	1.39
F12	Sample 72	2	1	12	79430	36.91	1.35
F12	Sample 72	2	1	13	84030	37	1.34
F12	Sample 72	2	1	14	88630	36.91	1.33
F12	Sample 72	2	1	15	93230	37	1.33
G1	Sample 73	2	1	1	28820	36.91	2.7
G1	Sample 73	2	1	2	33430	36.96	2.73
G1	Sample 73	2	1	3	38030	36.91	2.74
G1	Sample 73	2	1	4	42630	37	2.76
G1	Sample 73	2	1	5	47230	37	2.77
G1	Sample 73	2	1	6	51830	36.96	2.76
G1	Sample 73	2	1	7	56440	36.96	2.77
G1	Sample 73	2	1	8	61040	36.96	2.77
G1	Sample 73	2	1	9	65640	36.96	2.78
G1	Sample 73	2	1	10	70240	37	2.77
G1	Sample 73	2	1	11	74840	37	2.78
G1	Sample 73	2	1	12	79430	36.91	2.78
G1	Sample 73	2	1	13	84030	37	2.78
G1	Sample 73	2	1	14	88630	36.91	2.79
G1	Sample 73	2	1	15	93230	37	2.77
G2	Sample 74	2	1	1	28820	36.91	2.59
G2	Sample 74	2	1	2	33430	36.96	2.62
G2	Sample 74	2	1	3	38030	36.91	2.63
G2	Sample 74	2	1	4	42630	37	2.65
G2	Sample 74	2	1	5	47230	37	2.66
G2	Sample 74	2	1	6	51830	36.96	2.66
G2	Sample 74	2	1	7	56440	36.96	2.66
G2	Sample 74	2	1	8	61040	36.96	2.67
G2	Sample 74	2	1	9	65640	36.96	2.67
G2	Sample 74	2	1	10	70240	37	2.67
G2	Sample 74	2	1	11	74840	37	2.67
G2	Sample 74	2	1	12	79430	36.91	2.68
G2	Sample 74	2	1	13	84030	37	2.67
G2	Sample 74	2	1	14	88630	36.91	2.67
G2	Sample 74	2	1	15	93230	37	2.67
G3	Sample 75	2	1	1	28820	36.91	3.25
G3	Sample 75	2	1	2	33430	36.96	3.29
G3	Sample 75	2	1	3	38030	36.91	3.3
G3	Sample 75	2	1	4	42630	37	3.32
G3	Sample 75	2	1	5	47230	37	3.33
G3	Sample 75	2	1	6	51830	36.96	3.34
G3	Sample 75	2	1	7	56440	36.96	3.34
G3	Sample 75	2	1	8	61040	36.96	3.34
G3	Sample 75	2	1	9	65640	36.96	3.36
G3	Sample 75	2	1	10	70240	37	3.34
G3	Sample 75	2	1	11	74840	37	3.34
G3	Sample 75	2	1	12	79430	36.91	3.36
G3	Sample 75	2	1	13	84030	37	3.34
G3	Sample 75	2	1	14	88630	36.91	3.36
G3	Sample 75	2	1	15	93230	37	3.35
G4	Sample 76	2	1	1	28820	36.91	3.34
G4	Sample 76	2	1	2	33430	36.96	3.31
G4	Sample 76	2	1	3	38030	36.91	3.32
G4	Sample 76	2	1	4	42630	37	3.32
G4	Sample 76	2	1	5	47230	37	3.32
G4	Sample 76	2	1	6	51830	36.96	3.34
G4	Sample 76	2	1	7	56440	36.96	3.35
G4	Sample 76	2	1	8	61040	36.96	3.34
G4	Sample 76	2	1	9	65640	36.96	3.36
G4	Sample 76	2	1	10	70240	37	3.35
G4	Sample 76	2	1	11	74840	37	3.35
G4	Sample 76	2	1	12	79430	36.91	3.35
G4	Sample 76	2	1	13	84030	37	3.36
G4	Sample 76	2	1	14	88630	36.91	3.35
G4	Sample 76	2	1	15	93230	37	3.36
G5	Sample 77	2	1	1	28820	36.91	3.38
G5	Sample 77	2	1	2	33430	36.96	3.49
G5	Sample 77	2	1	3	38030	36.91	3.4
G5	Sample 77	2	1	4	42630	37	3.23
G5	Sample 77	2	1	5	47230	37	2.97
G5	Sample 77	2	1	6	51830	36.96	2.77
G5	Sample 77	2	1	7	56440	36.96	2.59
G5	Sample 77	2	1	8	61040	36.96	2.46
G5	Sample 77	2	1	9	65640	36.96	2.35
G5	Sample 77	2	1	10	70240	37	2.28
G5	Sample 77	2	1	11	74840	37	2.23
G5	Sample 77	2	1	12	79430	36.91	2.2
G5	Sample 77	2	1	13	84030	37	2.18
G5	Sample 77	2	1	14	88630	36.91	2.16
G5	Sample 77	2	1	15	93230	37	2.16
G6	Sample 78	2	1	1	28820	36.91	3.78
G6	Sample 78	2	1	2	33430	36.96	4.21
G6	Sample 78	2	1	3	38030	36.91	4.28
G6	Sample 78	2	1	4	42630	37	4.11
G6	Sample 78	2	1	5	47230	37	3.81
G6	Sample 78	2	1	6	51830	36.96	3.52
G6	Sample 78	2	1	7	56440	36.96	3.2
G6	Sample 78	2	1	8	61040	36.96	2.91
G6	Sample 78	2	1	9	65640	36.96	2.7
G6	Sample 78	2	1	10	70240	37	2.51
G6	Sample 78	2	1	11	74840	37	2.36
G6	Sample 78	2	1	12	79430	36.91	2.26
G6	Sample 78	2	1	13	84030	37	2.16
G6	Sample 78	2	1	14	88630	36.91	2.09
G6	Sample 78	2	1	15	93230	37	2.05
G7	Sample 79	2	1	1	28820	36.91	4.12
G7	Sample 79	2	1	2	33430	36.96	4.1
G7	Sample 79	2	1	3	38030	36.91	3.93
G7	Sample 79	2	1	4	42630	37	3.64
G7	Sample 79	2	1	5	47230	37	3.35
G7	Sample 79	2	1	6	51830	36.96	3.08
G7	Sample 79	2	1	7	56440	36.96	2.85
G7	Sample 79	2	1	8	61040	36.96	2.67
G7	Sample 79	2	1	9	65640	36.96	2.54
G7	Sample 79	2	1	10	70240	37	2.44
G7	Sample 79	2	1	11	74840	37	2.38
G7	Sample 79	2	1	12	79430	36.91	2.33
G7	Sample 79	2	1	13	84030	37	2.29
G7	Sample 79	2	1	14	88630	36.91	2.26
G7	Sample 79	2	1	15	93230	37	2.25
G8	Sample 80	2	1	1	28820	36.91	3.56
G8	Sample 80	2	1	2	33430	36.96	3.18
G8	Sample 80	2	1	3	38030	36.91	2.95
G8	Sample 80	2	1	4	42630	37	2.97
G8	Sample 80	2	1	5	47230	37	3.07
G8	Sample 80	2	1	6	51830	36.96	3.12
G8	Sample 80	2	1	7	56440	36.96	3.1
G8	Sample 80	2	1	8	61040	36.96	2.99
G8	Sample 80	2	1	9	65640	36.96	2.87
G8	Sample 80	2	1	10	70240	37	2.73
G8	Sample 80	2	1	11	74840	37	2.61
G8	Sample 80	2	1	12	79430	36.91	2.5
G8	Sample 80	2	1	13	84030	37	2.41
G8	Sample 80	2	1	14	88630	36.91	2.34
G8	Sample 80	2	1	15	93230	37	2.29
G9	Sample 81	2	1	1	28820	36.91	2.36
G9	Sample 81	2	1	2	33430	36.96	2.5
G9	Sample 81	2	1	3	38030	36.91	2.57
G9	Sample 81	2	1	4	42630	37	2.58
G9	Sample 81	2	1	5	47230	37	2.48
G9	Sample 81	2	1	6	51830	36.96	2.34
G9	Sample 81	2	1	7	56440	36.96	2.23
G9	Sample 81	2	1	8	61040	36.96	2.08
G9	Sample 81	2	1	9	65640	36.96	1.94
G9	Sample 81	2	1	10	70240	37	1.81
G9	Sample 81	2	1	11	74840	37	1.71
G9	Sample 81	2	1	12	79430	36.91	1.61
G9	Sample 81	2	1	13	84030	37	1.54
G9	Sample 81	2	1	14	88630	36.91	1.49
G9	Sample 81	2	1	15	93230	37	1.46
G10	Sample 82	2	1	1	28820	36.91	2.04
G10	Sample 82	2	1	2	33430	36.96	1.88
G10	Sample 82	2	1	3	38030	36.91	1.91
G10	Sample 82	2	1	4	42630	37	2.01
G10	Sample 82	2	1	5	47230	37	2.03
G10	Sample 82	2	1	6	51830	36.96	2.02
G10	Sample 82	2	1	7	56440	36.96	1.99
G10	Sample 82	2	1	8	61040	36.96	1.92
G10	Sample 82	2	1	9	65640	36.96	1.84
G10	Sample 82	2	1	10	70240	37	1.75
G10	Sample 82	2	1	11	74840	37	1.66
G10	Sample 82	2	1	12	79430	36.91	1.6
G10	Sample 82	2	1	13	84030	37	1.54
G10	Sample 82	2	1	14	88630	36.91	1.5
G10	Sample 82	2	1	15	93230	37	1.49
G11	Sample 83	2	1	1	28820	36.91	2.24
G11	Sample 83	2	1	2	33430	36.96	2.12
G11	Sample 83	2	1	3	38030	36.91	2
G11	Sample 83	2	1	4	42630	37	1.87
G11	Sample 83	2	1	5	47230	37	1.75
G11	Sample 83	2	1	6	51830	36.96	1.67
G11	Sample 83	2	1	7	56440	36.96	1.61
G11	Sample 83	2	1	8	61040	36.96	1.56
G11	Sample 83	2	1	9	65640	36.96	1.53
G11	Sample 83	2	1	10	70240	37	1.5
G11	Sample 83	2	1	11	74840	37	1.5
G11	Sample 83	2	1	12	79430	36.91	1.5
G11	Sample 83	2	1	13	84030	37	1.48
G11	Sample 83	2	1	14	88630	36.91	1.5
G11	Sample 83	2	1	15	93230	37	1.51
G12	Sample 84	2	1	1	28820	36.91	1.43
G12	Sample 84	2	1	2	33430	36.96	1.44
G12	Sample 84	2	1	3	38030	36.91	1.45
G12	Sample 84	2	1	4	42630	37	1.45
G12	Sample 84	2	1	5	47230	37	1.45
G12	Sample 84	2	1	6	51830	36.96	1.45
G12	Sample 84	2	1	7	56440	36.96	1.45
G12	Sample 84	2	1	8	61040	36.96	1.45
G12	Sample 84	2	1	9	65640	36.96	1.46
G12	Sample 84	2	1	10	70240	37	1.45
G12	Sample 84	2	1	11	74840	37	1.46
G12	Sample 84	2	1	12	79430	36.91	1.47
G12	Sample 84	2	1	13	84030	37	1.45
G12	Sample 84	2	1	14	88630	36.91	1.46
G12	Sample 84	2	1	15	93230	37	1.45
H1	Sample 85	2	1	1	28820	36.91	2.85
H1	Sample 85	2	1	2	33430	36.96	2.89
H1	Sample 85	2	1	3	38030	36.91	2.89
H1	Sample 85	2	1	4	42630	37	2.9
H1	Sample 85	2	1	5	47230	37	2.92
H1	Sample 85	2	1	6	51830	36.96	2.92
H1	Sample 85	2	1	7	56440	36.96	2.92
H1	Sample 85	2	1	8	61040	36.96	2.93
H1	Sample 85	2	1	9	65640	36.96	2.93
H1	Sample 85	2	1	10	70240	37	2.93
H1	Sample 85	2	1	11	74840	37	2.92
H1	Sample 85	2	1	12	79430	36.91	2.93
H1	Sample 85	2	1	13	84030	37	2.93
H1	Sample 85	2	1	14	88630	36.91	2.93
H1	Sample 85	2	1	15	93230	37	2.92
H2	Sample 86	2	1	1	28820	36.91	2.8
H2	Sample 86	2	1	2	33430	36.96	2.82
H2	Sample 86	2	1	3	38030	36.91	2.84
H2	Sample 86	2	1	4	42630	37	2.84
H2	Sample 86	2	1	5	47230	37	2.86
H2	Sample 86	2	1	6	51830	36.96	2.87
H2	Sample 86	2	1	7	56440	36.96	2.86
H2	Sample 86	2	1	8	61040	36.96	2.88
H2	Sample 86	2	1	9	65640	36.96	2.88
H2	Sample 86	2	1	10	70240	37	2.88
H2	Sample 86	2	1	11	74840	37	2.88
H2	Sample 86	2	1	12	79430	36.91	2.88
H2	Sample 86	2	1	13	84030	37	2.88
H2	Sample 86	2	1	14	88630	36.91	2.88
H2	Sample 86	2	1	15	93230	37	2.88
H3	Sample 87	2	1	1	28820	36.91	3.1
H3	Sample 87	2	1	2	33430	36.96	3.12
H3	Sample 87	2	1	3	38030	36.91	3.15
H3	Sample 87	2	1	4	42630	37	3.15
H3	Sample 87	2	1	5	47230	37	3.17
H3	Sample 87	2	1	6	51830	36.96	3.17
H3	Sample 87	2	1	7	56440	36.96	3.16
H3	Sample 87	2	1	8	61040	36.96	3.18
H3	Sample 87	2	1	9	65640	36.96	3.18
H3	Sample 87	2	1	10	70240	37	3.18
H3	Sample 87	2	1	11	74840	37	3.17
H3	Sample 87	2	1	12	79430	36.91	3.18
H3	Sample 87	2	1	13	84030	37	3.17
H3	Sample 87	2	1	14	88630	36.91	3.18
H3	Sample 87	2	1	15	93230	37	3.18
H4	Sample 88	2	1	1	28820	36.91	3.15
H4	Sample 88	2	1	2	33430	36.96	3.19
H4	Sample 88	2	1	3	38030	36.91	3.2
H4	Sample 88	2	1	4	42630	37	3.21
H4	Sample 88	2	1	5	47230	37	3.22
H4	Sample 88	2	1	6	51830	36.96	3.22
H4	Sample 88	2	1	7	56440	36.96	3.22
H4	Sample 88	2	1	8	61040	36.96	3.25
H4	Sample 88	2	1	9	65640	36.96	3.25
H4	Sample 88	2	1	10	70240	37	3.24
H4	Sample 88	2	1	11	74840	37	3.23
H4	Sample 88	2	1	12	79430	36.91	3.25
H4	Sample 88	2	1	13	84030	37	3.23
H4	Sample 88	2	1	14	88630	36.91	3.24
H4	Sample 88	2	1	15	93230	37	3.24
H5	Sample 89	2	1	1	28820	36.91	3.98
H5	Sample 89	2	1	2	33430	36.96	3.85
H5	Sample 89	2	1	3	38030	36.91	3.6
H5	Sample 89	2	1	4	42630	37	3.35
H5	Sample 89	2	1	5	47230	37	3.1
H5	Sample 89	2	1	6	51830	36.96	2.91
H5	Sample 89	2	1	7	56440	36.96	2.74
H5	Sample 89	2	1	8	61040	36.96	2.64
H5	Sample 89	2	1	9	65640	36.96	2.54
H5	Sample 89	2	1	10	70240	37	2.47
H5	Sample 89	2	1	11	74840	37	2.44
H5	Sample 89	2	1	12	79430	36.91	2.4
H5	Sample 89	2	1	13	84030	37	2.4
H5	Sample 89	2	1	14	88630	36.91	2.4
H5	Sample 89	2	1	15	93230	37	2.42
H6	Sample 90	2	1	1	28820	36.91	4.04
H6	Sample 90	2	1	2	33430	36.96	3.85
H6	Sample 90	2	1	3	38030	36.91	3.59
H6	Sample 90	2	1	4	42630	37	3.31
H6	Sample 90	2	1	5	47230	37	3.07
H6	Sample 90	2	1	6	51830	36.96	2.87
H6	Sample 90	2	1	7	56440	36.96	2.69
H6	Sample 90	2	1	8	61040	36.96	2.57
H6	Sample 90	2	1	9	65640	36.96	2.47
H6	Sample 90	2	1	10	70240	37	2.39
H6	Sample 90	2	1	11	74840	37	2.35
H6	Sample 90	2	1	12	79430	36.91	2.31
H6	Sample 90	2	1	13	84030	37	2.3
H6	Sample 90	2	1	14	88630	36.91	2.29
H6	Sample 90	2	1	15	93230	37	2.29
H7	Sample 91	2	1	1	28820	36.91	5.93
H7	Sample 91	2	1	2	33430	36.96	6.02
H7	Sample 91	2	1	3	38030	36.91	5.5
H7	Sample 91	2	1	4	42630	37	4.68
H7	Sample 91	2	1	5	47230	37	3.96
H7	Sample 91	2	1	6	51830	36.96	3.42
H7	Sample 91	2	1	7	56440	36.96	3.01
H7	Sample 91	2	1	8	61040	36.96	2.75
H7	Sample 91	2	1	9	65640	36.96	2.57
H7	Sample 91	2	1	10	70240	37	2.44
H7	Sample 91	2	1	11	74840	37	2.35
H7	Sample 91	2	1	12	79430	36.91	2.3
H7	Sample 91	2	1	13	84030	37	2.26
H7	Sample 91	2	1	14	88630	36.91	2.23
H7	Sample 91	2	1	15	93230	37	2.23
H8	Sample 92	2	1	1	28820	36.91	3.58
H8	Sample 92	2	1	2	33430	36.96	3.4
H8	Sample 92	2	1	3	38030	36.91	3.17
H8	Sample 92	2	1	4	42630	37	2.95
H8	Sample 92	2	1	5	47230	37	2.78
H8	Sample 92	2	1	6	51830	36.96	2.61
H8	Sample 92	2	1	7	56440	36.96	2.5
H8	Sample 92	2	1	8	61040	36.96	2.41
H8	Sample 92	2	1	9	65640	36.96	2.33
H8	Sample 92	2	1	10	70240	37	2.27
H8	Sample 92	2	1	11	74840	37	2.26
H8	Sample 92	2	1	12	79430	36.91	2.23
H8	Sample 92	2	1	13	84030	37	2.22
H8	Sample 92	2	1	14	88630	36.91	2.22
H8	Sample 92	2	1	15	93230	37	2.24
H9	Sample 93	2	1	1	28820	36.91	2.11
H9	Sample 93	2	1	2	33430	36.96	2.02
H9	Sample 93	2	1	3	38030	36.91	1.93
H9	Sample 93	2	1	4	42630	37	1.82
H9	Sample 93	2	1	5	47230	37	1.72
H9	Sample 93	2	1	6	51830	36.96	1.64
H9	Sample 93	2	1	7	56440	36.96	1.56
H9	Sample 93	2	1	8	61040	36.96	1.52
H9	Sample 93	2	1	9	65640	36.96	1.46
H9	Sample 93	2	1	10	70240	37	1.43
H9	Sample 93	2	1	11	74840	37	1.43
H9	Sample 93	2	1	12	79430	36.91	1.42
H9	Sample 93	2	1	13	84030	37	1.42
H9	Sample 93	2	1	14	88630	36.91	1.42
H9	Sample 93	2	1	15	93230	37	1.42
H10	Sample 94	2	1	1	28820	36.91	2.31
H10	Sample 94	2	1	2	33430	36.96	2.13
H10	Sample 94	2	1	3	38030	36.91	1.97
H10	Sample 94	2	1	4	42630	37	1.81
H10	Sample 94	2	1	5	47230	37	1.68
H10	Sample 94	2	1	6	51830	36.96	1.6
H10	Sample 94	2	1	7	56440	36.96	1.52
H10	Sample 94	2	1	8	61040	36.96	1.49
H10	Sample 94	2	1	9	65640	36.96	1.46
H10	Sample 94	2	1	10	70240	37	1.44
H10	Sample 94	2	1	11	74840	37	1.43
H10	Sample 94	2	1	12	79430	36.91	1.43
H10	Sample 94	2	1	13	84030	37	1.45
H10	Sample 94	2	1	14	88630	36.91	1.45
H10	Sample 94	2	1	15	93230	37	1.45
H11	Sample 95	2	1	1	28820	36.91	1.45
H11	Sample 95	2	1	2	33430	36.96	1.47
H11	Sample 95	2	1	3	38030	36.91	1.46
H11	Sample 95	2	1	4	42630	37	1.46
H11	Sample 95	2	1	5	47230	37	1.47
H11	Sample 95	2	1	6	51830	36.96	1.46
H11	Sample 95	2	1	7	56440	36.96	1.47
H11	Sample 95	2	1	8	61040	36.96	1.47
H11	Sample 95	2	1	9	65640	36.96	1.47
H11	Sample 95	2	1	10	70240	37	1.47
H11	Sample 95	2	1	11	74840	37	1.46
H11	Sample 95	2	1	12	79430	36.91	1.47
H11	Sample 95	2	1	13	84030	37	1.48
H11	Sample 95	2	1	14	88630	36.91	1.46
H11	Sample 95	2	1	15	93230	37	1.47
H12	Sample 96	2	1	1	28820	36.91	1.36
H12	Sample 96	2	1	2	33430	36.96	1.37
H12	Sample 96	2	1	3	38030	36.91	1.37
H12	Sample 96	2	1	4	42630	37	1.39
H12	Sample 96	2	1	5	47230	37	1.39
H12	Sample 96	2	1	6	51830	36.96	1.38
H12	Sample 96	2	1	7	56440	36.96	1.39
H12	Sample 96	2	1	8	61040	36.96	1.39
H12	Sample 96	2	1	9	65640	36.96	1.39
H12	Sample 96	2	1	10	70240	37	1.39
H12	Sample 96	2	1	11	74840	37	1.38
H12	Sample 96	2	1	12	79430	36.91	1.39
H12	Sample 96	2	1	13	84030	37	1.39
H12	Sample 96	2	1	14	88630	36.91	1.39
H12	Sample 96	2	1	15	93230	37	1.39