Raw Data 		Experiment - evIC50_11_plate5_24APRIL2026 (Run on LCS480 1.5.1.62)
SamplePos	SampleName	Prog#	Seg#	Cycle#	Time	Temp	465-510	
A1	Sample 1	2	1	1	32050	36.91	3.01
A1	Sample 1	2	1	2	36940	36.96	3.09
A1	Sample 1	2	1	3	41730	36.96	3.29
A1	Sample 1	2	1	4	46530	37	3.46
A1	Sample 1	2	1	5	51430	37	3.79
A1	Sample 1	2	1	6	56230	36.96	4.24
A1	Sample 1	2	1	7	61040	37	4.84
A1	Sample 1	2	1	8	65840	37	5.08
A1	Sample 1	2	1	9	70630	37	4.97
A1	Sample 1	2	1	10	75430	37	4.73
A1	Sample 1	2	1	11	80340	36.96	4.46
A1	Sample 1	2	1	12	85150	36.96	4.25
A1	Sample 1	2	1	13	90040	37	3.89
A1	Sample 1	2	1	14	94940	36.96	3.68
A1	Sample 1	2	1	15	99740	37	3.49
A2	Sample 2	2	1	1	32050	36.91	2.39
A2	Sample 2	2	1	2	36940	36.96	2.47
A2	Sample 2	2	1	3	41730	36.96	2.61
A2	Sample 2	2	1	4	46530	37	2.82
A2	Sample 2	2	1	5	51430	37	3.19
A2	Sample 2	2	1	6	56230	36.96	3.52
A2	Sample 2	2	1	7	61040	37	3.83
A2	Sample 2	2	1	8	65840	37	4.53
A2	Sample 2	2	1	9	70630	37	3.89
A2	Sample 2	2	1	10	75430	37	3.89
A2	Sample 2	2	1	11	80340	36.96	3.57
A2	Sample 2	2	1	12	85150	36.96	3.38
A2	Sample 2	2	1	13	90040	37	3.11
A2	Sample 2	2	1	14	94940	36.96	2.86
A2	Sample 2	2	1	15	99740	37	2.61
A3	Sample 3	2	1	1	32050	36.91	2.72
A3	Sample 3	2	1	2	36940	36.96	2.81
A3	Sample 3	2	1	3	41730	36.96	3.15
A3	Sample 3	2	1	4	46530	37	3.42
A3	Sample 3	2	1	5	51430	37	3.38
A3	Sample 3	2	1	6	56230	36.96	3.54
A3	Sample 3	2	1	7	61040	37	3.50
A3	Sample 3	2	1	8	65840	37	3.37
A3	Sample 3	2	1	9	70630	37	3.16
A3	Sample 3	2	1	10	75430	37	2.94
A3	Sample 3	2	1	11	80340	36.96	2.66
A3	Sample 3	2	1	12	85150	36.96	2.43
A3	Sample 3	2	1	13	90040	37	2.22
A3	Sample 3	2	1	14	94940	36.96	2.06
A3	Sample 3	2	1	15	99740	37	1.94
A4	Sample 4	2	1	1	32050	36.91	1.93
A4	Sample 4	2	1	2	36940	36.96	1.91
A4	Sample 4	2	1	3	41730	36.96	1.91
A4	Sample 4	2	1	4	46530	37	1.89
A4	Sample 4	2	1	5	51430	37	1.88
A4	Sample 4	2	1	6	56230	36.96	1.88
A4	Sample 4	2	1	7	61040	37	1.87
A4	Sample 4	2	1	8	65840	37	1.86
A4	Sample 4	2	1	9	70630	37	1.86
A4	Sample 4	2	1	10	75430	37	1.87
A4	Sample 4	2	1	11	80340	36.96	1.87
A4	Sample 4	2	1	12	85150	36.96	1.87
A4	Sample 4	2	1	13	90040	37	1.86
A4	Sample 4	2	1	14	94940	36.96	1.87
A4	Sample 4	2	1	15	99740	37	1.87
A5	Sample 5	2	1	1	32050	36.91	1.52
A5	Sample 5	2	1	2	36940	36.96	1.49
A5	Sample 5	2	1	3	41730	36.96	1.49
A5	Sample 5	2	1	4	46530	37	1.49
A5	Sample 5	2	1	5	51430	37	1.48
A5	Sample 5	2	1	6	56230	36.96	1.48
A5	Sample 5	2	1	7	61040	37	1.48
A5	Sample 5	2	1	8	65840	37	1.47
A5	Sample 5	2	1	9	70630	37	1.47
A5	Sample 5	2	1	10	75430	37	1.47
A5	Sample 5	2	1	11	80340	36.96	1.47
A5	Sample 5	2	1	12	85150	36.96	1.47
A5	Sample 5	2	1	13	90040	37	1.47
A5	Sample 5	2	1	14	94940	36.96	1.47
A5	Sample 5	2	1	15	99740	37	1.47
A6	Sample 6	2	1	1	32050	36.91	1.51
A6	Sample 6	2	1	2	36940	36.96	1.49
A6	Sample 6	2	1	3	41730	36.96	1.47
A6	Sample 6	2	1	4	46530	37	1.47
A6	Sample 6	2	1	5	51430	37	1.46
A6	Sample 6	2	1	6	56230	36.96	1.46
A6	Sample 6	2	1	7	61040	37	1.46
A6	Sample 6	2	1	8	65840	37	1.45
A6	Sample 6	2	1	9	70630	37	1.45
A6	Sample 6	2	1	10	75430	37	1.44
A6	Sample 6	2	1	11	80340	36.96	1.46
A6	Sample 6	2	1	12	85150	36.96	1.45
A6	Sample 6	2	1	13	90040	37	1.44
A6	Sample 6	2	1	14	94940	36.96	1.44
A6	Sample 6	2	1	15	99740	37	1.45
A7	Sample 7	2	1	1	32050	36.91	1.66
A7	Sample 7	2	1	2	36940	36.96	1.63
A7	Sample 7	2	1	3	41730	36.96	1.62
A7	Sample 7	2	1	4	46530	37	1.62
A7	Sample 7	2	1	5	51430	37	1.61
A7	Sample 7	2	1	6	56230	36.96	1.61
A7	Sample 7	2	1	7	61040	37	1.61
A7	Sample 7	2	1	8	65840	37	1.59
A7	Sample 7	2	1	9	70630	37	1.59
A7	Sample 7	2	1	10	75430	37	1.59
A7	Sample 7	2	1	11	80340	36.96	1.60
A7	Sample 7	2	1	12	85150	36.96	1.59
A7	Sample 7	2	1	13	90040	37	1.59
A7	Sample 7	2	1	14	94940	36.96	1.59
A7	Sample 7	2	1	15	99740	37	1.59
A8	Sample 8	2	1	1	32050	36.91	1.62
A8	Sample 8	2	1	2	36940	36.96	1.60
A8	Sample 8	2	1	3	41730	36.96	1.58
A8	Sample 8	2	1	4	46530	37	1.58
A8	Sample 8	2	1	5	51430	37	1.58
A8	Sample 8	2	1	6	56230	36.96	1.57
A8	Sample 8	2	1	7	61040	37	1.57
A8	Sample 8	2	1	8	65840	37	1.56
A8	Sample 8	2	1	9	70630	37	1.57
A8	Sample 8	2	1	10	75430	37	1.57
A8	Sample 8	2	1	11	80340	36.96	1.57
A8	Sample 8	2	1	12	85150	36.96	1.56
A8	Sample 8	2	1	13	90040	37	1.56
A8	Sample 8	2	1	14	94940	36.96	1.56
A8	Sample 8	2	1	15	99740	37	1.56
A9	Sample 9	2	1	1	32050	36.91	0.57
A9	Sample 9	2	1	2	36940	36.96	0.56
A9	Sample 9	2	1	3	41730	36.96	0.56
A9	Sample 9	2	1	4	46530	37	0.56
A9	Sample 9	2	1	5	51430	37	0.56
A9	Sample 9	2	1	6	56230	36.96	0.56
A9	Sample 9	2	1	7	61040	37	0.56
A9	Sample 9	2	1	8	65840	37	0.55
A9	Sample 9	2	1	9	70630	37	0.55
A9	Sample 9	2	1	10	75430	37	0.55
A9	Sample 9	2	1	11	80340	36.96	0.56
A9	Sample 9	2	1	12	85150	36.96	0.55
A9	Sample 9	2	1	13	90040	37	0.55
A9	Sample 9	2	1	14	94940	36.96	0.56
A9	Sample 9	2	1	15	99740	37	0.55
A10	Sample 10	2	1	1	32050	36.91	0.58
A10	Sample 10	2	1	2	36940	36.96	0.56
A10	Sample 10	2	1	3	41730	36.96	0.57
A10	Sample 10	2	1	4	46530	37	0.56
A10	Sample 10	2	1	5	51430	37	0.56
A10	Sample 10	2	1	6	56230	36.96	0.56
A10	Sample 10	2	1	7	61040	37	0.56
A10	Sample 10	2	1	8	65840	37	0.56
A10	Sample 10	2	1	9	70630	37	0.55
A10	Sample 10	2	1	10	75430	37	0.56
A10	Sample 10	2	1	11	80340	36.96	0.56
A10	Sample 10	2	1	12	85150	36.96	0.56
A10	Sample 10	2	1	13	90040	37	0.56
A10	Sample 10	2	1	14	94940	36.96	0.56
A10	Sample 10	2	1	15	99740	37	0.56
A11	Sample 11	2	1	1	32050	36.91	0.56
A11	Sample 11	2	1	2	36940	36.96	0.56
A11	Sample 11	2	1	3	41730	36.96	0.55
A11	Sample 11	2	1	4	46530	37	0.56
A11	Sample 11	2	1	5	51430	37	0.54
A11	Sample 11	2	1	6	56230	36.96	0.55
A11	Sample 11	2	1	7	61040	37	0.56
A11	Sample 11	2	1	8	65840	37	0.54
A11	Sample 11	2	1	9	70630	37	0.54
A11	Sample 11	2	1	10	75430	37	0.56
A11	Sample 11	2	1	11	80340	36.96	0.56
A11	Sample 11	2	1	12	85150	36.96	0.55
A11	Sample 11	2	1	13	90040	37	0.55
A11	Sample 11	2	1	14	94940	36.96	0.56
A11	Sample 11	2	1	15	99740	37	0.54
A12	Sample 12	2	1	1	32050	36.91	0.50
A12	Sample 12	2	1	2	36940	36.96	0.50
A12	Sample 12	2	1	3	41730	36.96	0.49
A12	Sample 12	2	1	4	46530	37	0.49
A12	Sample 12	2	1	5	51430	37	0.49
A12	Sample 12	2	1	6	56230	36.96	0.49
A12	Sample 12	2	1	7	61040	37	0.49
A12	Sample 12	2	1	8	65840	37	0.48
A12	Sample 12	2	1	9	70630	37	0.49
A12	Sample 12	2	1	10	75430	37	0.49
A12	Sample 12	2	1	11	80340	36.96	0.49
A12	Sample 12	2	1	12	85150	36.96	0.49
A12	Sample 12	2	1	13	90040	37	0.49
A12	Sample 12	2	1	14	94940	36.96	0.49
A12	Sample 12	2	1	15	99740	37	0.49
B1	Sample 13	2	1	1	32050	36.91	2.56
B1	Sample 13	2	1	2	36940	36.96	2.67
B1	Sample 13	2	1	3	41730	36.96	2.85
B1	Sample 13	2	1	4	46530	37	3.13
B1	Sample 13	2	1	5	51430	37	3.58
B1	Sample 13	2	1	6	56230	36.96	3.94
B1	Sample 13	2	1	7	61040	37	4.15
B1	Sample 13	2	1	8	65840	37	4.18
B1	Sample 13	2	1	9	70630	37	4.07
B1	Sample 13	2	1	10	75430	37	3.86
B1	Sample 13	2	1	11	80340	36.96	3.68
B1	Sample 13	2	1	12	85150	36.96	3.45
B1	Sample 13	2	1	13	90040	37	3.25
B1	Sample 13	2	1	14	94940	36.96	2.99
B1	Sample 13	2	1	15	99740	37	2.74
B2	Sample 14	2	1	1	32050	36.91	2.15
B2	Sample 14	2	1	2	36940	36.96	2.24
B2	Sample 14	2	1	3	41730	36.96	2.36
B2	Sample 14	2	1	4	46530	37	2.59
B2	Sample 14	2	1	5	51430	37	2.90
B2	Sample 14	2	1	6	56230	36.96	2.96
B2	Sample 14	2	1	7	61040	37	2.86
B2	Sample 14	2	1	8	65840	37	3.12
B2	Sample 14	2	1	9	70630	37	3.09
B2	Sample 14	2	1	10	75430	37	2.98
B2	Sample 14	2	1	11	80340	36.96	2.78
B2	Sample 14	2	1	12	85150	36.96	2.56
B2	Sample 14	2	1	13	90040	37	2.32
B2	Sample 14	2	1	14	94940	36.96	2.10
B2	Sample 14	2	1	15	99740	37	1.91
B3	Sample 15	2	1	1	32050	36.91	1.84
B3	Sample 15	2	1	2	36940	36.96	1.81
B3	Sample 15	2	1	3	41730	36.96	1.80
B3	Sample 15	2	1	4	46530	37	1.79
B3	Sample 15	2	1	5	51430	37	1.78
B3	Sample 15	2	1	6	56230	36.96	1.78
B3	Sample 15	2	1	7	61040	37	1.76
B3	Sample 15	2	1	8	65840	37	1.78
B3	Sample 15	2	1	9	70630	37	1.77
B3	Sample 15	2	1	10	75430	37	1.77
B3	Sample 15	2	1	11	80340	36.96	1.77
B3	Sample 15	2	1	12	85150	36.96	1.77
B3	Sample 15	2	1	13	90040	37	1.77
B3	Sample 15	2	1	14	94940	36.96	1.77
B3	Sample 15	2	1	15	99740	37	1.77
B4	Sample 16	2	1	1	32050	36.91	1.85
B4	Sample 16	2	1	2	36940	36.96	1.83
B4	Sample 16	2	1	3	41730	36.96	1.81
B4	Sample 16	2	1	4	46530	37	1.81
B4	Sample 16	2	1	5	51430	37	1.81
B4	Sample 16	2	1	6	56230	36.96	1.80
B4	Sample 16	2	1	7	61040	37	1.80
B4	Sample 16	2	1	8	65840	37	1.79
B4	Sample 16	2	1	9	70630	37	1.79
B4	Sample 16	2	1	10	75430	37	1.80
B4	Sample 16	2	1	11	80340	36.96	1.79
B4	Sample 16	2	1	12	85150	36.96	1.79
B4	Sample 16	2	1	13	90040	37	1.79
B4	Sample 16	2	1	14	94940	36.96	1.79
B4	Sample 16	2	1	15	99740	37	1.79
B5	Sample 17	2	1	1	32050	36.91	1.46
B5	Sample 17	2	1	2	36940	36.96	1.44
B5	Sample 17	2	1	3	41730	36.96	1.43
B5	Sample 17	2	1	4	46530	37	1.43
B5	Sample 17	2	1	5	51430	37	1.42
B5	Sample 17	2	1	6	56230	36.96	1.42
B5	Sample 17	2	1	7	61040	37	1.40
B5	Sample 17	2	1	8	65840	37	1.40
B5	Sample 17	2	1	9	70630	37	1.40
B5	Sample 17	2	1	10	75430	37	1.40
B5	Sample 17	2	1	11	80340	36.96	1.40
B5	Sample 17	2	1	12	85150	36.96	1.41
B5	Sample 17	2	1	13	90040	37	1.40
B5	Sample 17	2	1	14	94940	36.96	1.40
B5	Sample 17	2	1	15	99740	37	1.40
B6	Sample 18	2	1	1	32050	36.91	1.44
B6	Sample 18	2	1	2	36940	36.96	1.42
B6	Sample 18	2	1	3	41730	36.96	1.42
B6	Sample 18	2	1	4	46530	37	1.41
B6	Sample 18	2	1	5	51430	37	1.40
B6	Sample 18	2	1	6	56230	36.96	1.41
B6	Sample 18	2	1	7	61040	37	1.40
B6	Sample 18	2	1	8	65840	37	1.40
B6	Sample 18	2	1	9	70630	37	1.39
B6	Sample 18	2	1	10	75430	37	1.39
B6	Sample 18	2	1	11	80340	36.96	1.40
B6	Sample 18	2	1	12	85150	36.96	1.40
B6	Sample 18	2	1	13	90040	37	1.39
B6	Sample 18	2	1	14	94940	36.96	1.40
B6	Sample 18	2	1	15	99740	37	1.39
B7	Sample 19	2	1	1	32050	36.91	1.52
B7	Sample 19	2	1	2	36940	36.96	1.51
B7	Sample 19	2	1	3	41730	36.96	1.48
B7	Sample 19	2	1	4	46530	37	1.48
B7	Sample 19	2	1	5	51430	37	1.47
B7	Sample 19	2	1	6	56230	36.96	1.47
B7	Sample 19	2	1	7	61040	37	1.46
B7	Sample 19	2	1	8	65840	37	1.46
B7	Sample 19	2	1	9	70630	37	1.45
B7	Sample 19	2	1	10	75430	37	1.46
B7	Sample 19	2	1	11	80340	36.96	1.46
B7	Sample 19	2	1	12	85150	36.96	1.47
B7	Sample 19	2	1	13	90040	37	1.46
B7	Sample 19	2	1	14	94940	36.96	1.46
B7	Sample 19	2	1	15	99740	37	1.47
B8	Sample 20	2	1	1	32050	36.91	1.51
B8	Sample 20	2	1	2	36940	36.96	1.48
B8	Sample 20	2	1	3	41730	36.96	1.47
B8	Sample 20	2	1	4	46530	37	1.47
B8	Sample 20	2	1	5	51430	37	1.46
B8	Sample 20	2	1	6	56230	36.96	1.47
B8	Sample 20	2	1	7	61040	37	1.45
B8	Sample 20	2	1	8	65840	37	1.45
B8	Sample 20	2	1	9	70630	37	1.45
B8	Sample 20	2	1	10	75430	37	1.45
B8	Sample 20	2	1	11	80340	36.96	1.45
B8	Sample 20	2	1	12	85150	36.96	1.45
B8	Sample 20	2	1	13	90040	37	1.45
B8	Sample 20	2	1	14	94940	36.96	1.46
B8	Sample 20	2	1	15	99740	37	1.45
B9	Sample 21	2	1	1	32050	36.91	0.54
B9	Sample 21	2	1	2	36940	36.96	0.53
B9	Sample 21	2	1	3	41730	36.96	0.53
B9	Sample 21	2	1	4	46530	37	0.53
B9	Sample 21	2	1	5	51430	37	0.53
B9	Sample 21	2	1	6	56230	36.96	0.52
B9	Sample 21	2	1	7	61040	37	0.52
B9	Sample 21	2	1	8	65840	37	0.51
B9	Sample 21	2	1	9	70630	37	0.52
B9	Sample 21	2	1	10	75430	37	0.52
B9	Sample 21	2	1	11	80340	36.96	0.52
B9	Sample 21	2	1	12	85150	36.96	0.52
B9	Sample 21	2	1	13	90040	37	0.51
B9	Sample 21	2	1	14	94940	36.96	0.52
B9	Sample 21	2	1	15	99740	37	0.51
B10	Sample 22	2	1	1	32050	36.91	0.53
B10	Sample 22	2	1	2	36940	36.96	0.52
B10	Sample 22	2	1	3	41730	36.96	0.51
B10	Sample 22	2	1	4	46530	37	0.51
B10	Sample 22	2	1	5	51430	37	0.51
B10	Sample 22	2	1	6	56230	36.96	0.51
B10	Sample 22	2	1	7	61040	37	0.50
B10	Sample 22	2	1	8	65840	37	0.50
B10	Sample 22	2	1	9	70630	37	0.50
B10	Sample 22	2	1	10	75430	37	0.50
B10	Sample 22	2	1	11	80340	36.96	0.51
B10	Sample 22	2	1	12	85150	36.96	0.50
B10	Sample 22	2	1	13	90040	37	0.50
B10	Sample 22	2	1	14	94940	36.96	0.50
B10	Sample 22	2	1	15	99740	37	0.51
B11	Sample 23	2	1	1	32050	36.91	0.55
B11	Sample 23	2	1	2	36940	36.96	0.54
B11	Sample 23	2	1	3	41730	36.96	0.53
B11	Sample 23	2	1	4	46530	37	0.54
B11	Sample 23	2	1	5	51430	37	0.54
B11	Sample 23	2	1	6	56230	36.96	0.54
B11	Sample 23	2	1	7	61040	37	0.53
B11	Sample 23	2	1	8	65840	37	0.53
B11	Sample 23	2	1	9	70630	37	0.53
B11	Sample 23	2	1	10	75430	37	0.53
B11	Sample 23	2	1	11	80340	36.96	0.52
B11	Sample 23	2	1	12	85150	36.96	0.52
B11	Sample 23	2	1	13	90040	37	0.52
B11	Sample 23	2	1	14	94940	36.96	0.52
B11	Sample 23	2	1	15	99740	37	0.53
B12	Sample 24	2	1	1	32050	36.91	0.52
B12	Sample 24	2	1	2	36940	36.96	0.50
B12	Sample 24	2	1	3	41730	36.96	0.50
B12	Sample 24	2	1	4	46530	37	0.50
B12	Sample 24	2	1	5	51430	37	0.50
B12	Sample 24	2	1	6	56230	36.96	0.50
B12	Sample 24	2	1	7	61040	37	0.49
B12	Sample 24	2	1	8	65840	37	0.50
B12	Sample 24	2	1	9	70630	37	0.50
B12	Sample 24	2	1	10	75430	37	0.50
B12	Sample 24	2	1	11	80340	36.96	0.50
B12	Sample 24	2	1	12	85150	36.96	0.50
B12	Sample 24	2	1	13	90040	37	0.50
B12	Sample 24	2	1	14	94940	36.96	0.50
B12	Sample 24	2	1	15	99740	37	0.50
C1	Sample 25	2	1	1	32050	36.91	2.40
C1	Sample 25	2	1	2	36940	36.96	2.59
C1	Sample 25	2	1	3	41730	36.96	2.84
C1	Sample 25	2	1	4	46530	37	3.08
C1	Sample 25	2	1	5	51430	37	3.31
C1	Sample 25	2	1	6	56230	36.96	3.44
C1	Sample 25	2	1	7	61040	37	3.37
C1	Sample 25	2	1	8	65840	37	3.43
C1	Sample 25	2	1	9	70630	37	3.04
C1	Sample 25	2	1	10	75430	37	2.80
C1	Sample 25	2	1	11	80340	36.96	2.54
C1	Sample 25	2	1	12	85150	36.96	2.30
C1	Sample 25	2	1	13	90040	37	2.06
C1	Sample 25	2	1	14	94940	36.96	1.87
C1	Sample 25	2	1	15	99740	37	1.74
C2	Sample 26	2	1	1	32050	36.91	1.70
C2	Sample 26	2	1	2	36940	36.96	1.69
C2	Sample 26	2	1	3	41730	36.96	1.68
C2	Sample 26	2	1	4	46530	37	1.67
C2	Sample 26	2	1	5	51430	37	1.65
C2	Sample 26	2	1	6	56230	36.96	1.65
C2	Sample 26	2	1	7	61040	37	1.64
C2	Sample 26	2	1	8	65840	37	1.64
C2	Sample 26	2	1	9	70630	37	1.64
C2	Sample 26	2	1	10	75430	37	1.64
C2	Sample 26	2	1	11	80340	36.96	1.64
C2	Sample 26	2	1	12	85150	36.96	1.64
C2	Sample 26	2	1	13	90040	37	1.64
C2	Sample 26	2	1	14	94940	36.96	1.64
C2	Sample 26	2	1	15	99740	37	1.64
C3	Sample 27	2	1	1	32050	36.91	1.81
C3	Sample 27	2	1	2	36940	36.96	1.79
C3	Sample 27	2	1	3	41730	36.96	1.78
C3	Sample 27	2	1	4	46530	37	1.77
C3	Sample 27	2	1	5	51430	37	1.76
C3	Sample 27	2	1	6	56230	36.96	1.75
C3	Sample 27	2	1	7	61040	37	1.75
C3	Sample 27	2	1	8	65840	37	1.75
C3	Sample 27	2	1	9	70630	37	1.75
C3	Sample 27	2	1	10	75430	37	1.75
C3	Sample 27	2	1	11	80340	36.96	1.75
C3	Sample 27	2	1	12	85150	36.96	1.75
C3	Sample 27	2	1	13	90040	37	1.74
C3	Sample 27	2	1	14	94940	36.96	1.74
C3	Sample 27	2	1	15	99740	37	1.75
C4	Sample 28	2	1	1	32050	36.91	1.82
C4	Sample 28	2	1	2	36940	36.96	1.82
C4	Sample 28	2	1	3	41730	36.96	1.79
C4	Sample 28	2	1	4	46530	37	1.78
C4	Sample 28	2	1	5	51430	37	1.78
C4	Sample 28	2	1	6	56230	36.96	1.76
C4	Sample 28	2	1	7	61040	37	1.75
C4	Sample 28	2	1	8	65840	37	1.75
C4	Sample 28	2	1	9	70630	37	1.76
C4	Sample 28	2	1	10	75430	37	1.76
C4	Sample 28	2	1	11	80340	36.96	1.77
C4	Sample 28	2	1	12	85150	36.96	1.77
C4	Sample 28	2	1	13	90040	37	1.77
C4	Sample 28	2	1	14	94940	36.96	1.75
C4	Sample 28	2	1	15	99740	37	1.76
C5	Sample 29	2	1	1	32050	36.91	1.43
C5	Sample 29	2	1	2	36940	36.96	1.42
C5	Sample 29	2	1	3	41730	36.96	1.40
C5	Sample 29	2	1	4	46530	37	1.40
C5	Sample 29	2	1	5	51430	37	1.39
C5	Sample 29	2	1	6	56230	36.96	1.39
C5	Sample 29	2	1	7	61040	37	1.38
C5	Sample 29	2	1	8	65840	37	1.37
C5	Sample 29	2	1	9	70630	37	1.37
C5	Sample 29	2	1	10	75430	37	1.37
C5	Sample 29	2	1	11	80340	36.96	1.38
C5	Sample 29	2	1	12	85150	36.96	1.38
C5	Sample 29	2	1	13	90040	37	1.38
C5	Sample 29	2	1	14	94940	36.96	1.37
C5	Sample 29	2	1	15	99740	37	1.38
C6	Sample 30	2	1	1	32050	36.91	1.48
C6	Sample 30	2	1	2	36940	36.96	1.46
C6	Sample 30	2	1	3	41730	36.96	1.46
C6	Sample 30	2	1	4	46530	37	1.45
C6	Sample 30	2	1	5	51430	37	1.44
C6	Sample 30	2	1	6	56230	36.96	1.43
C6	Sample 30	2	1	7	61040	37	1.43
C6	Sample 30	2	1	8	65840	37	1.42
C6	Sample 30	2	1	9	70630	37	1.42
C6	Sample 30	2	1	10	75430	37	1.42
C6	Sample 30	2	1	11	80340	36.96	1.42
C6	Sample 30	2	1	12	85150	36.96	1.43
C6	Sample 30	2	1	13	90040	37	1.43
C6	Sample 30	2	1	14	94940	36.96	1.42
C6	Sample 30	2	1	15	99740	37	1.43
C7	Sample 31	2	1	1	32050	36.91	1.48
C7	Sample 31	2	1	2	36940	36.96	1.47
C7	Sample 31	2	1	3	41730	36.96	1.46
C7	Sample 31	2	1	4	46530	37	1.45
C7	Sample 31	2	1	5	51430	37	1.44
C7	Sample 31	2	1	6	56230	36.96	1.44
C7	Sample 31	2	1	7	61040	37	1.44
C7	Sample 31	2	1	8	65840	37	1.43
C7	Sample 31	2	1	9	70630	37	1.44
C7	Sample 31	2	1	10	75430	37	1.43
C7	Sample 31	2	1	11	80340	36.96	1.43
C7	Sample 31	2	1	12	85150	36.96	1.44
C7	Sample 31	2	1	13	90040	37	1.43
C7	Sample 31	2	1	14	94940	36.96	1.43
C7	Sample 31	2	1	15	99740	37	1.42
C8	Sample 32	2	1	1	32050	36.91	1.44
C8	Sample 32	2	1	2	36940	36.96	1.43
C8	Sample 32	2	1	3	41730	36.96	1.42
C8	Sample 32	2	1	4	46530	37	1.41
C8	Sample 32	2	1	5	51430	37	1.41
C8	Sample 32	2	1	6	56230	36.96	1.41
C8	Sample 32	2	1	7	61040	37	1.39
C8	Sample 32	2	1	8	65840	37	1.39
C8	Sample 32	2	1	9	70630	37	1.38
C8	Sample 32	2	1	10	75430	37	1.39
C8	Sample 32	2	1	11	80340	36.96	1.39
C8	Sample 32	2	1	12	85150	36.96	1.39
C8	Sample 32	2	1	13	90040	37	1.39
C8	Sample 32	2	1	14	94940	36.96	1.39
C8	Sample 32	2	1	15	99740	37	1.40
C9	Sample 33	2	1	1	32050	36.91	0.54
C9	Sample 33	2	1	2	36940	36.96	0.54
C9	Sample 33	2	1	3	41730	36.96	0.54
C9	Sample 33	2	1	4	46530	37	0.54
C9	Sample 33	2	1	5	51430	37	0.53
C9	Sample 33	2	1	6	56230	36.96	0.53
C9	Sample 33	2	1	7	61040	37	0.53
C9	Sample 33	2	1	8	65840	37	0.52
C9	Sample 33	2	1	9	70630	37	0.53
C9	Sample 33	2	1	10	75430	37	0.53
C9	Sample 33	2	1	11	80340	36.96	0.53
C9	Sample 33	2	1	12	85150	36.96	0.53
C9	Sample 33	2	1	13	90040	37	0.53
C9	Sample 33	2	1	14	94940	36.96	0.53
C9	Sample 33	2	1	15	99740	37	0.53
C10	Sample 34	2	1	1	32050	36.91	0.53
C10	Sample 34	2	1	2	36940	36.96	0.53
C10	Sample 34	2	1	3	41730	36.96	0.52
C10	Sample 34	2	1	4	46530	37	0.52
C10	Sample 34	2	1	5	51430	37	0.52
C10	Sample 34	2	1	6	56230	36.96	0.52
C10	Sample 34	2	1	7	61040	37	0.51
C10	Sample 34	2	1	8	65840	37	0.52
C10	Sample 34	2	1	9	70630	37	0.52
C10	Sample 34	2	1	10	75430	37	0.52
C10	Sample 34	2	1	11	80340	36.96	0.52
C10	Sample 34	2	1	12	85150	36.96	0.52
C10	Sample 34	2	1	13	90040	37	0.52
C10	Sample 34	2	1	14	94940	36.96	0.52
C10	Sample 34	2	1	15	99740	37	0.52
C11	Sample 35	2	1	1	32050	36.91	0.54
C11	Sample 35	2	1	2	36940	36.96	0.53
C11	Sample 35	2	1	3	41730	36.96	0.53
C11	Sample 35	2	1	4	46530	37	0.53
C11	Sample 35	2	1	5	51430	37	0.53
C11	Sample 35	2	1	6	56230	36.96	0.52
C11	Sample 35	2	1	7	61040	37	0.52
C11	Sample 35	2	1	8	65840	37	0.52
C11	Sample 35	2	1	9	70630	37	0.52
C11	Sample 35	2	1	10	75430	37	0.52
C11	Sample 35	2	1	11	80340	36.96	0.52
C11	Sample 35	2	1	12	85150	36.96	0.53
C11	Sample 35	2	1	13	90040	37	0.52
C11	Sample 35	2	1	14	94940	36.96	0.52
C11	Sample 35	2	1	15	99740	37	0.52
C12	Sample 36	2	1	1	32050	36.91	0.54
C12	Sample 36	2	1	2	36940	36.96	0.53
C12	Sample 36	2	1	3	41730	36.96	0.53
C12	Sample 36	2	1	4	46530	37	0.53
C12	Sample 36	2	1	5	51430	37	0.53
C12	Sample 36	2	1	6	56230	36.96	0.53
C12	Sample 36	2	1	7	61040	37	0.51
C12	Sample 36	2	1	8	65840	37	0.52
C12	Sample 36	2	1	9	70630	37	0.52
C12	Sample 36	2	1	10	75430	37	0.51
C12	Sample 36	2	1	11	80340	36.96	0.52
C12	Sample 36	2	1	12	85150	36.96	0.52
C12	Sample 36	2	1	13	90040	37	0.52
C12	Sample 36	2	1	14	94940	36.96	0.51
C12	Sample 36	2	1	15	99740	37	0.52
D1	Sample 37	2	1	1	32050	36.91	1.70
D1	Sample 37	2	1	2	36940	36.96	1.68
D1	Sample 37	2	1	3	41730	36.96	1.66
D1	Sample 37	2	1	4	46530	37	1.66
D1	Sample 37	2	1	5	51430	37	1.65
D1	Sample 37	2	1	6	56230	36.96	1.66
D1	Sample 37	2	1	7	61040	37	1.63
D1	Sample 37	2	1	8	65840	37	1.63
D1	Sample 37	2	1	9	70630	37	1.63
D1	Sample 37	2	1	10	75430	37	1.63
D1	Sample 37	2	1	11	80340	36.96	1.63
D1	Sample 37	2	1	12	85150	36.96	1.63
D1	Sample 37	2	1	13	90040	37	1.63
D1	Sample 37	2	1	14	94940	36.96	1.62
D1	Sample 37	2	1	15	99740	37	1.62
D2	Sample 38	2	1	1	32050	36.91	1.69
D2	Sample 38	2	1	2	36940	36.96	1.67
D2	Sample 38	2	1	3	41730	36.96	1.66
D2	Sample 38	2	1	4	46530	37	1.65
D2	Sample 38	2	1	5	51430	37	1.64
D2	Sample 38	2	1	6	56230	36.96	1.64
D2	Sample 38	2	1	7	61040	37	1.62
D2	Sample 38	2	1	8	65840	37	1.63
D2	Sample 38	2	1	9	70630	37	1.63
D2	Sample 38	2	1	10	75430	37	1.63
D2	Sample 38	2	1	11	80340	36.96	1.62
D2	Sample 38	2	1	12	85150	36.96	1.62
D2	Sample 38	2	1	13	90040	37	1.62
D2	Sample 38	2	1	14	94940	36.96	1.62
D2	Sample 38	2	1	15	99740	37	1.62
D3	Sample 39	2	1	1	32050	36.91	1.94
D3	Sample 39	2	1	2	36940	36.96	1.91
D3	Sample 39	2	1	3	41730	36.96	1.89
D3	Sample 39	2	1	4	46530	37	1.88
D3	Sample 39	2	1	5	51430	37	1.87
D3	Sample 39	2	1	6	56230	36.96	1.88
D3	Sample 39	2	1	7	61040	37	1.86
D3	Sample 39	2	1	8	65840	37	1.86
D3	Sample 39	2	1	9	70630	37	1.86
D3	Sample 39	2	1	10	75430	37	1.86
D3	Sample 39	2	1	11	80340	36.96	1.85
D3	Sample 39	2	1	12	85150	36.96	1.86
D3	Sample 39	2	1	13	90040	37	1.86
D3	Sample 39	2	1	14	94940	36.96	1.86
D3	Sample 39	2	1	15	99740	37	1.86
D4	Sample 40	2	1	1	32050	36.91	1.84
D4	Sample 40	2	1	2	36940	36.96	1.81
D4	Sample 40	2	1	3	41730	36.96	1.79
D4	Sample 40	2	1	4	46530	37	1.79
D4	Sample 40	2	1	5	51430	37	1.78
D4	Sample 40	2	1	6	56230	36.96	1.78
D4	Sample 40	2	1	7	61040	37	1.77
D4	Sample 40	2	1	8	65840	37	1.76
D4	Sample 40	2	1	9	70630	37	1.76
D4	Sample 40	2	1	10	75430	37	1.75
D4	Sample 40	2	1	11	80340	36.96	1.76
D4	Sample 40	2	1	12	85150	36.96	1.75
D4	Sample 40	2	1	13	90040	37	1.76
D4	Sample 40	2	1	14	94940	36.96	1.76
D4	Sample 40	2	1	15	99740	37	1.76
D5	Sample 41	2	1	1	32050	36.91	1.75
D5	Sample 41	2	1	2	36940	36.96	1.73
D5	Sample 41	2	1	3	41730	36.96	1.71
D5	Sample 41	2	1	4	46530	37	1.71
D5	Sample 41	2	1	5	51430	37	1.70
D5	Sample 41	2	1	6	56230	36.96	1.70
D5	Sample 41	2	1	7	61040	37	1.69
D5	Sample 41	2	1	8	65840	37	1.69
D5	Sample 41	2	1	9	70630	37	1.69
D5	Sample 41	2	1	10	75430	37	1.68
D5	Sample 41	2	1	11	80340	36.96	1.68
D5	Sample 41	2	1	12	85150	36.96	1.69
D5	Sample 41	2	1	13	90040	37	1.69
D5	Sample 41	2	1	14	94940	36.96	1.68
D5	Sample 41	2	1	15	99740	37	1.69
D6	Sample 42	2	1	1	32050	36.91	1.47
D6	Sample 42	2	1	2	36940	36.96	1.45
D6	Sample 42	2	1	3	41730	36.96	1.44
D6	Sample 42	2	1	4	46530	37	1.44
D6	Sample 42	2	1	5	51430	37	1.42
D6	Sample 42	2	1	6	56230	36.96	1.42
D6	Sample 42	2	1	7	61040	37	1.42
D6	Sample 42	2	1	8	65840	37	1.42
D6	Sample 42	2	1	9	70630	37	1.42
D6	Sample 42	2	1	10	75430	37	1.42
D6	Sample 42	2	1	11	80340	36.96	1.42
D6	Sample 42	2	1	12	85150	36.96	1.42
D6	Sample 42	2	1	13	90040	37	1.42
D6	Sample 42	2	1	14	94940	36.96	1.42
D6	Sample 42	2	1	15	99740	37	1.41
D7	Sample 43	2	1	1	32050	36.91	2.52
D7	Sample 43	2	1	2	36940	36.96	2.48
D7	Sample 43	2	1	3	41730	36.96	2.46
D7	Sample 43	2	1	4	46530	37	2.46
D7	Sample 43	2	1	5	51430	37	2.45
D7	Sample 43	2	1	6	56230	36.96	2.44
D7	Sample 43	2	1	7	61040	37	2.43
D7	Sample 43	2	1	8	65840	37	2.43
D7	Sample 43	2	1	9	70630	37	2.44
D7	Sample 43	2	1	10	75430	37	2.44
D7	Sample 43	2	1	11	80340	36.96	2.44
D7	Sample 43	2	1	12	85150	36.96	2.43
D7	Sample 43	2	1	13	90040	37	2.44
D7	Sample 43	2	1	14	94940	36.96	2.43
D7	Sample 43	2	1	15	99740	37	2.43
D8	Sample 44	2	1	1	32050	36.91	1.77
D8	Sample 44	2	1	2	36940	36.96	1.76
D8	Sample 44	2	1	3	41730	36.96	1.73
D8	Sample 44	2	1	4	46530	37	1.73
D8	Sample 44	2	1	5	51430	37	1.72
D8	Sample 44	2	1	6	56230	36.96	1.72
D8	Sample 44	2	1	7	61040	37	1.72
D8	Sample 44	2	1	8	65840	37	1.71
D8	Sample 44	2	1	9	70630	37	1.71
D8	Sample 44	2	1	10	75430	37	1.71
D8	Sample 44	2	1	11	80340	36.96	1.71
D8	Sample 44	2	1	12	85150	36.96	1.72
D8	Sample 44	2	1	13	90040	37	1.72
D8	Sample 44	2	1	14	94940	36.96	1.72
D8	Sample 44	2	1	15	99740	37	1.72
D9	Sample 45	2	1	1	32050	36.91	0.55
D9	Sample 45	2	1	2	36940	36.96	0.54
D9	Sample 45	2	1	3	41730	36.96	0.54
D9	Sample 45	2	1	4	46530	37	0.54
D9	Sample 45	2	1	5	51430	37	0.53
D9	Sample 45	2	1	6	56230	36.96	0.53
D9	Sample 45	2	1	7	61040	37	0.53
D9	Sample 45	2	1	8	65840	37	0.53
D9	Sample 45	2	1	9	70630	37	0.53
D9	Sample 45	2	1	10	75430	37	0.53
D9	Sample 45	2	1	11	80340	36.96	0.53
D9	Sample 45	2	1	12	85150	36.96	0.53
D9	Sample 45	2	1	13	90040	37	0.53
D9	Sample 45	2	1	14	94940	36.96	0.54
D9	Sample 45	2	1	15	99740	37	0.53
D10	Sample 46	2	1	1	32050	36.91	0.55
D10	Sample 46	2	1	2	36940	36.96	0.54
D10	Sample 46	2	1	3	41730	36.96	0.54
D10	Sample 46	2	1	4	46530	37	0.54
D10	Sample 46	2	1	5	51430	37	0.53
D10	Sample 46	2	1	6	56230	36.96	0.53
D10	Sample 46	2	1	7	61040	37	0.53
D10	Sample 46	2	1	8	65840	37	0.53
D10	Sample 46	2	1	9	70630	37	0.53
D10	Sample 46	2	1	10	75430	37	0.53
D10	Sample 46	2	1	11	80340	36.96	0.52
D10	Sample 46	2	1	12	85150	36.96	0.53
D10	Sample 46	2	1	13	90040	37	0.53
D10	Sample 46	2	1	14	94940	36.96	0.53
D10	Sample 46	2	1	15	99740	37	0.53
D11	Sample 47	2	1	1	32050	36.91	0.60
D11	Sample 47	2	1	2	36940	36.96	0.60
D11	Sample 47	2	1	3	41730	36.96	0.59
D11	Sample 47	2	1	4	46530	37	0.60
D11	Sample 47	2	1	5	51430	37	0.58
D11	Sample 47	2	1	6	56230	36.96	0.59
D11	Sample 47	2	1	7	61040	37	0.58
D11	Sample 47	2	1	8	65840	37	0.58
D11	Sample 47	2	1	9	70630	37	0.59
D11	Sample 47	2	1	10	75430	37	0.58
D11	Sample 47	2	1	11	80340	36.96	0.58
D11	Sample 47	2	1	12	85150	36.96	0.58
D11	Sample 47	2	1	13	90040	37	0.58
D11	Sample 47	2	1	14	94940	36.96	0.58
D11	Sample 47	2	1	15	99740	37	0.58
D12	Sample 48	2	1	1	32050	36.91	0.57
D12	Sample 48	2	1	2	36940	36.96	0.56
D12	Sample 48	2	1	3	41730	36.96	0.55
D12	Sample 48	2	1	4	46530	37	0.56
D12	Sample 48	2	1	5	51430	37	0.55
D12	Sample 48	2	1	6	56230	36.96	0.56
D12	Sample 48	2	1	7	61040	37	0.55
D12	Sample 48	2	1	8	65840	37	0.55
D12	Sample 48	2	1	9	70630	37	0.55
D12	Sample 48	2	1	10	75430	37	0.55
D12	Sample 48	2	1	11	80340	36.96	0.55
D12	Sample 48	2	1	12	85150	36.96	0.55
D12	Sample 48	2	1	13	90040	37	0.55
D12	Sample 48	2	1	14	94940	36.96	0.54
D12	Sample 48	2	1	15	99740	37	0.54
E1	Sample 49	2	1	1	32050	36.91	1.83
E1	Sample 49	2	1	2	36940	36.96	1.81
E1	Sample 49	2	1	3	41730	36.96	1.80
E1	Sample 49	2	1	4	46530	37	1.79
E1	Sample 49	2	1	5	51430	37	1.78
E1	Sample 49	2	1	6	56230	36.96	1.77
E1	Sample 49	2	1	7	61040	37	1.76
E1	Sample 49	2	1	8	65840	37	1.77
E1	Sample 49	2	1	9	70630	37	1.77
E1	Sample 49	2	1	10	75430	37	1.77
E1	Sample 49	2	1	11	80340	36.96	1.76
E1	Sample 49	2	1	12	85150	36.96	1.76
E1	Sample 49	2	1	13	90040	37	1.75
E1	Sample 49	2	1	14	94940	36.96	1.76
E1	Sample 49	2	1	15	99740	37	1.76
E2	Sample 50	2	1	1	32050	36.91	1.74
E2	Sample 50	2	1	2	36940	36.96	1.71
E2	Sample 50	2	1	3	41730	36.96	1.71
E2	Sample 50	2	1	4	46530	37	1.70
E2	Sample 50	2	1	5	51430	37	1.69
E2	Sample 50	2	1	6	56230	36.96	1.68
E2	Sample 50	2	1	7	61040	37	1.68
E2	Sample 50	2	1	8	65840	37	1.67
E2	Sample 50	2	1	9	70630	37	1.67
E2	Sample 50	2	1	10	75430	37	1.68
E2	Sample 50	2	1	11	80340	36.96	1.67
E2	Sample 50	2	1	12	85150	36.96	1.67
E2	Sample 50	2	1	13	90040	37	1.67
E2	Sample 50	2	1	14	94940	36.96	1.67
E2	Sample 50	2	1	15	99740	37	1.67
E3	Sample 51	2	1	1	32050	36.91	2.28
E3	Sample 51	2	1	2	36940	36.96	2.25
E3	Sample 51	2	1	3	41730	36.96	2.24
E3	Sample 51	2	1	4	46530	37	2.23
E3	Sample 51	2	1	5	51430	37	2.23
E3	Sample 51	2	1	6	56230	36.96	2.22
E3	Sample 51	2	1	7	61040	37	2.20
E3	Sample 51	2	1	8	65840	37	2.19
E3	Sample 51	2	1	9	70630	37	2.19
E3	Sample 51	2	1	10	75430	37	2.19
E3	Sample 51	2	1	11	80340	36.96	2.19
E3	Sample 51	2	1	12	85150	36.96	2.19
E3	Sample 51	2	1	13	90040	37	2.19
E3	Sample 51	2	1	14	94940	36.96	2.20
E3	Sample 51	2	1	15	99740	37	2.20
E4	Sample 52	2	1	1	32050	36.91	2.21
E4	Sample 52	2	1	2	36940	36.96	2.18
E4	Sample 52	2	1	3	41730	36.96	2.16
E4	Sample 52	2	1	4	46530	37	2.15
E4	Sample 52	2	1	5	51430	37	2.15
E4	Sample 52	2	1	6	56230	36.96	2.14
E4	Sample 52	2	1	7	61040	37	2.13
E4	Sample 52	2	1	8	65840	37	2.12
E4	Sample 52	2	1	9	70630	37	2.12
E4	Sample 52	2	1	10	75430	37	2.11
E4	Sample 52	2	1	11	80340	36.96	2.11
E4	Sample 52	2	1	12	85150	36.96	2.12
E4	Sample 52	2	1	13	90040	37	2.12
E4	Sample 52	2	1	14	94940	36.96	2.12
E4	Sample 52	2	1	15	99740	37	2.12
E5	Sample 53	2	1	1	32050	36.91	3.93
E5	Sample 53	2	1	2	36940	36.96	3.89
E5	Sample 53	2	1	3	41730	36.96	3.86
E5	Sample 53	2	1	4	46530	37	3.84
E5	Sample 53	2	1	5	51430	37	3.83
E5	Sample 53	2	1	6	56230	36.96	3.81
E5	Sample 53	2	1	7	61040	37	3.80
E5	Sample 53	2	1	8	65840	37	3.80
E5	Sample 53	2	1	9	70630	37	3.79
E5	Sample 53	2	1	10	75430	37	3.79
E5	Sample 53	2	1	11	80340	36.96	3.78
E5	Sample 53	2	1	12	85150	36.96	3.79
E5	Sample 53	2	1	13	90040	37	3.79
E5	Sample 53	2	1	14	94940	36.96	3.80
E5	Sample 53	2	1	15	99740	37	3.79
E6	Sample 54	2	1	1	32050	36.91	3.11
E6	Sample 54	2	1	2	36940	36.96	3.08
E6	Sample 54	2	1	3	41730	36.96	3.05
E6	Sample 54	2	1	4	46530	37	3.04
E6	Sample 54	2	1	5	51430	37	3.02
E6	Sample 54	2	1	6	56230	36.96	3.03
E6	Sample 54	2	1	7	61040	37	3.01
E6	Sample 54	2	1	8	65840	37	3.00
E6	Sample 54	2	1	9	70630	37	3.00
E6	Sample 54	2	1	10	75430	37	3.01
E6	Sample 54	2	1	11	80340	36.96	3.00
E6	Sample 54	2	1	12	85150	36.96	3.01
E6	Sample 54	2	1	13	90040	37	3.01
E6	Sample 54	2	1	14	94940	36.96	3.00
E6	Sample 54	2	1	15	99740	37	3.01
E7	Sample 55	2	1	1	32050	36.91	3.79
E7	Sample 55	2	1	2	36940	36.96	3.75
E7	Sample 55	2	1	3	41730	36.96	3.73
E7	Sample 55	2	1	4	46530	37	3.72
E7	Sample 55	2	1	5	51430	37	3.71
E7	Sample 55	2	1	6	56230	36.96	3.69
E7	Sample 55	2	1	7	61040	37	3.68
E7	Sample 55	2	1	8	65840	37	3.69
E7	Sample 55	2	1	9	70630	37	3.68
E7	Sample 55	2	1	10	75430	37	3.67
E7	Sample 55	2	1	11	80340	36.96	3.68
E7	Sample 55	2	1	12	85150	36.96	3.68
E7	Sample 55	2	1	13	90040	37	3.68
E7	Sample 55	2	1	14	94940	36.96	3.68
E7	Sample 55	2	1	15	99740	37	3.68
E8	Sample 56	2	1	1	32050	36.91	3.50
E8	Sample 56	2	1	2	36940	36.96	3.46
E8	Sample 56	2	1	3	41730	36.96	3.43
E8	Sample 56	2	1	4	46530	37	3.42
E8	Sample 56	2	1	5	51430	37	3.42
E8	Sample 56	2	1	6	56230	36.96	3.40
E8	Sample 56	2	1	7	61040	37	3.37
E8	Sample 56	2	1	8	65840	37	3.37
E8	Sample 56	2	1	9	70630	37	3.37
E8	Sample 56	2	1	10	75430	37	3.37
E8	Sample 56	2	1	11	80340	36.96	3.37
E8	Sample 56	2	1	12	85150	36.96	3.36
E8	Sample 56	2	1	13	90040	37	3.38
E8	Sample 56	2	1	14	94940	36.96	3.36
E8	Sample 56	2	1	15	99740	37	3.38
E9	Sample 57	2	1	1	32050	36.91	0.53
E9	Sample 57	2	1	2	36940	36.96	0.52
E9	Sample 57	2	1	3	41730	36.96	0.52
E9	Sample 57	2	1	4	46530	37	0.52
E9	Sample 57	2	1	5	51430	37	0.51
E9	Sample 57	2	1	6	56230	36.96	0.52
E9	Sample 57	2	1	7	61040	37	0.51
E9	Sample 57	2	1	8	65840	37	0.51
E9	Sample 57	2	1	9	70630	37	0.51
E9	Sample 57	2	1	10	75430	37	0.51
E9	Sample 57	2	1	11	80340	36.96	0.51
E9	Sample 57	2	1	12	85150	36.96	0.51
E9	Sample 57	2	1	13	90040	37	0.51
E9	Sample 57	2	1	14	94940	36.96	0.51
E9	Sample 57	2	1	15	99740	37	0.52
E10	Sample 58	2	1	1	32050	36.91	0.53
E10	Sample 58	2	1	2	36940	36.96	0.52
E10	Sample 58	2	1	3	41730	36.96	0.52
E10	Sample 58	2	1	4	46530	37	0.52
E10	Sample 58	2	1	5	51430	37	0.52
E10	Sample 58	2	1	6	56230	36.96	0.52
E10	Sample 58	2	1	7	61040	37	0.51
E10	Sample 58	2	1	8	65840	37	0.51
E10	Sample 58	2	1	9	70630	37	0.51
E10	Sample 58	2	1	10	75430	37	0.51
E10	Sample 58	2	1	11	80340	36.96	0.51
E10	Sample 58	2	1	12	85150	36.96	0.51
E10	Sample 58	2	1	13	90040	37	0.51
E10	Sample 58	2	1	14	94940	36.96	0.51
E10	Sample 58	2	1	15	99740	37	0.51
E11	Sample 59	2	1	1	32050	36.91	0.62
E11	Sample 59	2	1	2	36940	36.96	0.61
E11	Sample 59	2	1	3	41730	36.96	0.60
E11	Sample 59	2	1	4	46530	37	0.61
E11	Sample 59	2	1	5	51430	37	0.60
E11	Sample 59	2	1	6	56230	36.96	0.60
E11	Sample 59	2	1	7	61040	37	0.59
E11	Sample 59	2	1	8	65840	37	0.60
E11	Sample 59	2	1	9	70630	37	0.60
E11	Sample 59	2	1	10	75430	37	0.60
E11	Sample 59	2	1	11	80340	36.96	0.60
E11	Sample 59	2	1	12	85150	36.96	0.61
E11	Sample 59	2	1	13	90040	37	0.60
E11	Sample 59	2	1	14	94940	36.96	0.60
E11	Sample 59	2	1	15	99740	37	0.60
E12	Sample 60	2	1	1	32050	36.91	0.59
E12	Sample 60	2	1	2	36940	36.96	0.58
E12	Sample 60	2	1	3	41730	36.96	0.57
E12	Sample 60	2	1	4	46530	37	0.57
E12	Sample 60	2	1	5	51430	37	0.57
E12	Sample 60	2	1	6	56230	36.96	0.58
E12	Sample 60	2	1	7	61040	37	0.56
E12	Sample 60	2	1	8	65840	37	0.56
E12	Sample 60	2	1	9	70630	37	0.56
E12	Sample 60	2	1	10	75430	37	0.56
E12	Sample 60	2	1	11	80340	36.96	0.56
E12	Sample 60	2	1	12	85150	36.96	0.57
E12	Sample 60	2	1	13	90040	37	0.56
E12	Sample 60	2	1	14	94940	36.96	0.56
E12	Sample 60	2	1	15	99740	37	0.56
F1	Sample 61	2	1	1	32050	36.91	2.12
F1	Sample 61	2	1	2	36940	36.96	2.11
F1	Sample 61	2	1	3	41730	36.96	2.08
F1	Sample 61	2	1	4	46530	37	2.08
F1	Sample 61	2	1	5	51430	37	2.07
F1	Sample 61	2	1	6	56230	36.96	2.07
F1	Sample 61	2	1	7	61040	37	2.05
F1	Sample 61	2	1	8	65840	37	2.04
F1	Sample 61	2	1	9	70630	37	2.05
F1	Sample 61	2	1	10	75430	37	2.04
F1	Sample 61	2	1	11	80340	36.96	2.04
F1	Sample 61	2	1	12	85150	36.96	2.05
F1	Sample 61	2	1	13	90040	37	2.05
F1	Sample 61	2	1	14	94940	36.96	2.04
F1	Sample 61	2	1	15	99740	37	2.04
F2	Sample 62	2	1	1	32050	36.91	2.17
F2	Sample 62	2	1	2	36940	36.96	2.15
F2	Sample 62	2	1	3	41730	36.96	2.13
F2	Sample 62	2	1	4	46530	37	2.12
F2	Sample 62	2	1	5	51430	37	2.12
F2	Sample 62	2	1	6	56230	36.96	2.12
F2	Sample 62	2	1	7	61040	37	2.11
F2	Sample 62	2	1	8	65840	37	2.10
F2	Sample 62	2	1	9	70630	37	2.11
F2	Sample 62	2	1	10	75430	37	2.09
F2	Sample 62	2	1	11	80340	36.96	2.11
F2	Sample 62	2	1	12	85150	36.96	2.11
F2	Sample 62	2	1	13	90040	37	2.10
F2	Sample 62	2	1	14	94940	36.96	2.09
F2	Sample 62	2	1	15	99740	37	2.10
F3	Sample 63	2	1	1	32050	36.91	2.37
F3	Sample 63	2	1	2	36940	36.96	2.34
F3	Sample 63	2	1	3	41730	36.96	2.33
F3	Sample 63	2	1	4	46530	37	2.31
F3	Sample 63	2	1	5	51430	37	2.31
F3	Sample 63	2	1	6	56230	36.96	2.30
F3	Sample 63	2	1	7	61040	37	2.28
F3	Sample 63	2	1	8	65840	37	2.29
F3	Sample 63	2	1	9	70630	37	2.28
F3	Sample 63	2	1	10	75430	37	2.28
F3	Sample 63	2	1	11	80340	36.96	2.29
F3	Sample 63	2	1	12	85150	36.96	2.29
F3	Sample 63	2	1	13	90040	37	2.29
F3	Sample 63	2	1	14	94940	36.96	2.28
F3	Sample 63	2	1	15	99740	37	2.29
F4	Sample 64	2	1	1	32050	36.91	2.34
F4	Sample 64	2	1	2	36940	36.96	2.31
F4	Sample 64	2	1	3	41730	36.96	2.31
F4	Sample 64	2	1	4	46530	37	2.29
F4	Sample 64	2	1	5	51430	37	2.28
F4	Sample 64	2	1	6	56230	36.96	2.28
F4	Sample 64	2	1	7	61040	37	2.26
F4	Sample 64	2	1	8	65840	37	2.25
F4	Sample 64	2	1	9	70630	37	2.27
F4	Sample 64	2	1	10	75430	37	2.27
F4	Sample 64	2	1	11	80340	36.96	2.26
F4	Sample 64	2	1	12	85150	36.96	2.27
F4	Sample 64	2	1	13	90040	37	2.27
F4	Sample 64	2	1	14	94940	36.96	2.26
F4	Sample 64	2	1	15	99740	37	2.28
F5	Sample 65	2	1	1	32050	36.91	4.11
F5	Sample 65	2	1	2	36940	36.96	4.07
F5	Sample 65	2	1	3	41730	36.96	4.03
F5	Sample 65	2	1	4	46530	37	4.01
F5	Sample 65	2	1	5	51430	37	4.00
F5	Sample 65	2	1	6	56230	36.96	4.00
F5	Sample 65	2	1	7	61040	37	3.97
F5	Sample 65	2	1	8	65840	37	3.98
F5	Sample 65	2	1	9	70630	37	3.97
F5	Sample 65	2	1	10	75430	37	3.96
F5	Sample 65	2	1	11	80340	36.96	3.97
F5	Sample 65	2	1	12	85150	36.96	3.99
F5	Sample 65	2	1	13	90040	37	3.97
F5	Sample 65	2	1	14	94940	36.96	3.97
F5	Sample 65	2	1	15	99740	37	3.98
F6	Sample 66	2	1	1	32050	36.91	3.86
F6	Sample 66	2	1	2	36940	36.96	3.80
F6	Sample 66	2	1	3	41730	36.96	3.77
F6	Sample 66	2	1	4	46530	37	3.76
F6	Sample 66	2	1	5	51430	37	3.75
F6	Sample 66	2	1	6	56230	36.96	3.72
F6	Sample 66	2	1	7	61040	37	3.73
F6	Sample 66	2	1	8	65840	37	3.72
F6	Sample 66	2	1	9	70630	37	3.73
F6	Sample 66	2	1	10	75430	37	3.72
F6	Sample 66	2	1	11	80340	36.96	3.72
F6	Sample 66	2	1	12	85150	36.96	3.72
F6	Sample 66	2	1	13	90040	37	3.72
F6	Sample 66	2	1	14	94940	36.96	3.72
F6	Sample 66	2	1	15	99740	37	3.71
F7	Sample 67	2	1	1	32050	36.91	4.01
F7	Sample 67	2	1	2	36940	36.96	3.99
F7	Sample 67	2	1	3	41730	36.96	3.96
F7	Sample 67	2	1	4	46530	37	3.95
F7	Sample 67	2	1	5	51430	37	3.94
F7	Sample 67	2	1	6	56230	36.96	3.93
F7	Sample 67	2	1	7	61040	37	3.90
F7	Sample 67	2	1	8	65840	37	3.91
F7	Sample 67	2	1	9	70630	37	3.91
F7	Sample 67	2	1	10	75430	37	3.90
F7	Sample 67	2	1	11	80340	36.96	3.90
F7	Sample 67	2	1	12	85150	36.96	3.90
F7	Sample 67	2	1	13	90040	37	3.90
F7	Sample 67	2	1	14	94940	36.96	3.90
F7	Sample 67	2	1	15	99740	37	3.91
F8	Sample 68	2	1	1	32050	36.91	3.82
F8	Sample 68	2	1	2	36940	36.96	3.78
F8	Sample 68	2	1	3	41730	36.96	3.76
F8	Sample 68	2	1	4	46530	37	3.73
F8	Sample 68	2	1	5	51430	37	3.72
F8	Sample 68	2	1	6	56230	36.96	3.71
F8	Sample 68	2	1	7	61040	37	3.69
F8	Sample 68	2	1	8	65840	37	3.70
F8	Sample 68	2	1	9	70630	37	3.69
F8	Sample 68	2	1	10	75430	37	3.69
F8	Sample 68	2	1	11	80340	36.96	3.70
F8	Sample 68	2	1	12	85150	36.96	3.71
F8	Sample 68	2	1	13	90040	37	3.69
F8	Sample 68	2	1	14	94940	36.96	3.70
F8	Sample 68	2	1	15	99740	37	3.71
F9	Sample 69	2	1	1	32050	36.91	0.55
F9	Sample 69	2	1	2	36940	36.96	0.54
F9	Sample 69	2	1	3	41730	36.96	0.54
F9	Sample 69	2	1	4	46530	37	0.54
F9	Sample 69	2	1	5	51430	37	0.54
F9	Sample 69	2	1	6	56230	36.96	0.54
F9	Sample 69	2	1	7	61040	37	0.52
F9	Sample 69	2	1	8	65840	37	0.52
F9	Sample 69	2	1	9	70630	37	0.53
F9	Sample 69	2	1	10	75430	37	0.52
F9	Sample 69	2	1	11	80340	36.96	0.52
F9	Sample 69	2	1	12	85150	36.96	0.53
F9	Sample 69	2	1	13	90040	37	0.54
F9	Sample 69	2	1	14	94940	36.96	0.53
F9	Sample 69	2	1	15	99740	37	0.52
F10	Sample 70	2	1	1	32050	36.91	0.55
F10	Sample 70	2	1	2	36940	36.96	0.54
F10	Sample 70	2	1	3	41730	36.96	0.54
F10	Sample 70	2	1	4	46530	37	0.53
F10	Sample 70	2	1	5	51430	37	0.53
F10	Sample 70	2	1	6	56230	36.96	0.54
F10	Sample 70	2	1	7	61040	37	0.53
F10	Sample 70	2	1	8	65840	37	0.53
F10	Sample 70	2	1	9	70630	37	0.53
F10	Sample 70	2	1	10	75430	37	0.53
F10	Sample 70	2	1	11	80340	36.96	0.53
F10	Sample 70	2	1	12	85150	36.96	0.53
F10	Sample 70	2	1	13	90040	37	0.53
F10	Sample 70	2	1	14	94940	36.96	0.53
F10	Sample 70	2	1	15	99740	37	0.53
F11	Sample 71	2	1	1	32050	36.91	0.70
F11	Sample 71	2	1	2	36940	36.96	0.68
F11	Sample 71	2	1	3	41730	36.96	0.69
F11	Sample 71	2	1	4	46530	37	0.68
F11	Sample 71	2	1	5	51430	37	0.69
F11	Sample 71	2	1	6	56230	36.96	0.69
F11	Sample 71	2	1	7	61040	37	0.67
F11	Sample 71	2	1	8	65840	37	0.67
F11	Sample 71	2	1	9	70630	37	0.68
F11	Sample 71	2	1	10	75430	37	0.67
F11	Sample 71	2	1	11	80340	36.96	0.67
F11	Sample 71	2	1	12	85150	36.96	0.68
F11	Sample 71	2	1	13	90040	37	0.68
F11	Sample 71	2	1	14	94940	36.96	0.67
F11	Sample 71	2	1	15	99740	37	0.68
F12	Sample 72	2	1	1	32050	36.91	0.68
F12	Sample 72	2	1	2	36940	36.96	0.67
F12	Sample 72	2	1	3	41730	36.96	0.66
F12	Sample 72	2	1	4	46530	37	0.66
F12	Sample 72	2	1	5	51430	37	0.66
F12	Sample 72	2	1	6	56230	36.96	0.67
F12	Sample 72	2	1	7	61040	37	0.65
F12	Sample 72	2	1	8	65840	37	0.64
F12	Sample 72	2	1	9	70630	37	0.66
F12	Sample 72	2	1	10	75430	37	0.64
F12	Sample 72	2	1	11	80340	36.96	0.65
F12	Sample 72	2	1	12	85150	36.96	0.66
F12	Sample 72	2	1	13	90040	37	0.65
F12	Sample 72	2	1	14	94940	36.96	0.64
F12	Sample 72	2	1	15	99740	37	0.65
G1	Sample 73	2	1	1	32050	36.91	2.15
G1	Sample 73	2	1	2	36940	36.96	2.12
G1	Sample 73	2	1	3	41730	36.96	2.11
G1	Sample 73	2	1	4	46530	37	2.10
G1	Sample 73	2	1	5	51430	37	2.10
G1	Sample 73	2	1	6	56230	36.96	2.09
G1	Sample 73	2	1	7	61040	37	2.08
G1	Sample 73	2	1	8	65840	37	2.09
G1	Sample 73	2	1	9	70630	37	2.08
G1	Sample 73	2	1	10	75430	37	2.08
G1	Sample 73	2	1	11	80340	36.96	2.07
G1	Sample 73	2	1	12	85150	36.96	2.08
G1	Sample 73	2	1	13	90040	37	2.09
G1	Sample 73	2	1	14	94940	36.96	2.07
G1	Sample 73	2	1	15	99740	37	2.07
G2	Sample 74	2	1	1	32050	36.91	2.21
G2	Sample 74	2	1	2	36940	36.96	2.19
G2	Sample 74	2	1	3	41730	36.96	2.18
G2	Sample 74	2	1	4	46530	37	2.16
G2	Sample 74	2	1	5	51430	37	2.16
G2	Sample 74	2	1	6	56230	36.96	2.15
G2	Sample 74	2	1	7	61040	37	2.15
G2	Sample 74	2	1	8	65840	37	2.14
G2	Sample 74	2	1	9	70630	37	2.14
G2	Sample 74	2	1	10	75430	37	2.13
G2	Sample 74	2	1	11	80340	36.96	2.14
G2	Sample 74	2	1	12	85150	36.96	2.14
G2	Sample 74	2	1	13	90040	37	2.13
G2	Sample 74	2	1	14	94940	36.96	2.12
G2	Sample 74	2	1	15	99740	37	2.14
G3	Sample 75	2	1	1	32050	36.91	2.40
G3	Sample 75	2	1	2	36940	36.96	2.37
G3	Sample 75	2	1	3	41730	36.96	2.35
G3	Sample 75	2	1	4	46530	37	2.35
G3	Sample 75	2	1	5	51430	37	2.34
G3	Sample 75	2	1	6	56230	36.96	2.34
G3	Sample 75	2	1	7	61040	37	2.32
G3	Sample 75	2	1	8	65840	37	2.30
G3	Sample 75	2	1	9	70630	37	2.33
G3	Sample 75	2	1	10	75430	37	2.32
G3	Sample 75	2	1	11	80340	36.96	2.31
G3	Sample 75	2	1	12	85150	36.96	2.32
G3	Sample 75	2	1	13	90040	37	2.31
G3	Sample 75	2	1	14	94940	36.96	2.31
G3	Sample 75	2	1	15	99740	37	2.32
G4	Sample 76	2	1	1	32050	36.91	2.40
G4	Sample 76	2	1	2	36940	36.96	2.37
G4	Sample 76	2	1	3	41730	36.96	2.36
G4	Sample 76	2	1	4	46530	37	2.35
G4	Sample 76	2	1	5	51430	37	2.33
G4	Sample 76	2	1	6	56230	36.96	2.33
G4	Sample 76	2	1	7	61040	37	2.32
G4	Sample 76	2	1	8	65840	37	2.31
G4	Sample 76	2	1	9	70630	37	2.31
G4	Sample 76	2	1	10	75430	37	2.32
G4	Sample 76	2	1	11	80340	36.96	2.31
G4	Sample 76	2	1	12	85150	36.96	2.33
G4	Sample 76	2	1	13	90040	37	2.32
G4	Sample 76	2	1	14	94940	36.96	2.32
G4	Sample 76	2	1	15	99740	37	2.31
G5	Sample 77	2	1	1	32050	36.91	4.17
G5	Sample 77	2	1	2	36940	36.96	4.13
G5	Sample 77	2	1	3	41730	36.96	4.09
G5	Sample 77	2	1	4	46530	37	4.07
G5	Sample 77	2	1	5	51430	37	4.06
G5	Sample 77	2	1	6	56230	36.96	4.04
G5	Sample 77	2	1	7	61040	37	4.03
G5	Sample 77	2	1	8	65840	37	4.02
G5	Sample 77	2	1	9	70630	37	4.03
G5	Sample 77	2	1	10	75430	37	4.01
G5	Sample 77	2	1	11	80340	36.96	4.01
G5	Sample 77	2	1	12	85150	36.96	4.02
G5	Sample 77	2	1	13	90040	37	4.01
G5	Sample 77	2	1	14	94940	36.96	4.01
G5	Sample 77	2	1	15	99740	37	4.02
G6	Sample 78	2	1	1	32050	36.91	3.91
G6	Sample 78	2	1	2	36940	36.96	3.88
G6	Sample 78	2	1	3	41730	36.96	3.85
G6	Sample 78	2	1	4	46530	37	3.84
G6	Sample 78	2	1	5	51430	37	3.82
G6	Sample 78	2	1	6	56230	36.96	3.81
G6	Sample 78	2	1	7	61040	37	3.79
G6	Sample 78	2	1	8	65840	37	3.79
G6	Sample 78	2	1	9	70630	37	3.79
G6	Sample 78	2	1	10	75430	37	3.79
G6	Sample 78	2	1	11	80340	36.96	3.79
G6	Sample 78	2	1	12	85150	36.96	3.79
G6	Sample 78	2	1	13	90040	37	3.79
G6	Sample 78	2	1	14	94940	36.96	3.79
G6	Sample 78	2	1	15	99740	37	3.80
G7	Sample 79	2	1	1	32050	36.91	3.82
G7	Sample 79	2	1	2	36940	36.96	3.79
G7	Sample 79	2	1	3	41730	36.96	3.75
G7	Sample 79	2	1	4	46530	37	3.74
G7	Sample 79	2	1	5	51430	37	3.74
G7	Sample 79	2	1	6	56230	36.96	3.73
G7	Sample 79	2	1	7	61040	37	3.72
G7	Sample 79	2	1	8	65840	37	3.71
G7	Sample 79	2	1	9	70630	37	3.73
G7	Sample 79	2	1	10	75430	37	3.72
G7	Sample 79	2	1	11	80340	36.96	3.72
G7	Sample 79	2	1	12	85150	36.96	3.72
G7	Sample 79	2	1	13	90040	37	3.71
G7	Sample 79	2	1	14	94940	36.96	3.69
G7	Sample 79	2	1	15	99740	37	3.71
G8	Sample 80	2	1	1	32050	36.91	3.75
G8	Sample 80	2	1	2	36940	36.96	3.70
G8	Sample 80	2	1	3	41730	36.96	3.67
G8	Sample 80	2	1	4	46530	37	3.67
G8	Sample 80	2	1	5	51430	37	3.65
G8	Sample 80	2	1	6	56230	36.96	3.63
G8	Sample 80	2	1	7	61040	37	3.61
G8	Sample 80	2	1	8	65840	37	3.63
G8	Sample 80	2	1	9	70630	37	3.62
G8	Sample 80	2	1	10	75430	37	3.61
G8	Sample 80	2	1	11	80340	36.96	3.61
G8	Sample 80	2	1	12	85150	36.96	3.62
G8	Sample 80	2	1	13	90040	37	3.61
G8	Sample 80	2	1	14	94940	36.96	3.61
G8	Sample 80	2	1	15	99740	37	3.62
G9	Sample 81	2	1	1	32050	36.91	0.57
G9	Sample 81	2	1	2	36940	36.96	0.56
G9	Sample 81	2	1	3	41730	36.96	0.56
G9	Sample 81	2	1	4	46530	37	0.56
G9	Sample 81	2	1	5	51430	37	0.56
G9	Sample 81	2	1	6	56230	36.96	0.56
G9	Sample 81	2	1	7	61040	37	0.55
G9	Sample 81	2	1	8	65840	37	0.55
G9	Sample 81	2	1	9	70630	37	0.56
G9	Sample 81	2	1	10	75430	37	0.55
G9	Sample 81	2	1	11	80340	36.96	0.56
G9	Sample 81	2	1	12	85150	36.96	0.56
G9	Sample 81	2	1	13	90040	37	0.56
G9	Sample 81	2	1	14	94940	36.96	0.55
G9	Sample 81	2	1	15	99740	37	0.56
G10	Sample 82	2	1	1	32050	36.91	0.58
G10	Sample 82	2	1	2	36940	36.96	0.57
G10	Sample 82	2	1	3	41730	36.96	0.57
G10	Sample 82	2	1	4	46530	37	0.57
G10	Sample 82	2	1	5	51430	37	0.57
G10	Sample 82	2	1	6	56230	36.96	0.57
G10	Sample 82	2	1	7	61040	37	0.56
G10	Sample 82	2	1	8	65840	37	0.57
G10	Sample 82	2	1	9	70630	37	0.57
G10	Sample 82	2	1	10	75430	37	0.57
G10	Sample 82	2	1	11	80340	36.96	0.57
G10	Sample 82	2	1	12	85150	36.96	0.58
G10	Sample 82	2	1	13	90040	37	0.57
G10	Sample 82	2	1	14	94940	36.96	0.57
G10	Sample 82	2	1	15	99740	37	0.57
G11	Sample 83	2	1	1	32050	36.91	0.70
G11	Sample 83	2	1	2	36940	36.96	0.70
G11	Sample 83	2	1	3	41730	36.96	0.69
G11	Sample 83	2	1	4	46530	37	0.69
G11	Sample 83	2	1	5	51430	37	0.69
G11	Sample 83	2	1	6	56230	36.96	0.69
G11	Sample 83	2	1	7	61040	37	0.69
G11	Sample 83	2	1	8	65840	37	0.69
G11	Sample 83	2	1	9	70630	37	0.69
G11	Sample 83	2	1	10	75430	37	0.69
G11	Sample 83	2	1	11	80340	36.96	0.69
G11	Sample 83	2	1	12	85150	36.96	0.69
G11	Sample 83	2	1	13	90040	37	0.69
G11	Sample 83	2	1	14	94940	36.96	0.69
G11	Sample 83	2	1	15	99740	37	0.70
G12	Sample 84	2	1	1	32050	36.91	0.67
G12	Sample 84	2	1	2	36940	36.96	0.66
G12	Sample 84	2	1	3	41730	36.96	0.66
G12	Sample 84	2	1	4	46530	37	0.66
G12	Sample 84	2	1	5	51430	37	0.66
G12	Sample 84	2	1	6	56230	36.96	0.66
G12	Sample 84	2	1	7	61040	37	0.64
G12	Sample 84	2	1	8	65840	37	0.65
G12	Sample 84	2	1	9	70630	37	0.65
G12	Sample 84	2	1	10	75430	37	0.65
G12	Sample 84	2	1	11	80340	36.96	0.64
G12	Sample 84	2	1	12	85150	36.96	0.65
G12	Sample 84	2	1	13	90040	37	0.65
G12	Sample 84	2	1	14	94940	36.96	0.64
G12	Sample 84	2	1	15	99740	37	0.64
H1	Sample 85	2	1	1	32050	36.91	2.11
H1	Sample 85	2	1	2	36940	36.96	2.09
H1	Sample 85	2	1	3	41730	36.96	2.07
H1	Sample 85	2	1	4	46530	37	2.06
H1	Sample 85	2	1	5	51430	37	2.05
H1	Sample 85	2	1	6	56230	36.96	2.05
H1	Sample 85	2	1	7	61040	37	2.03
H1	Sample 85	2	1	8	65840	37	2.03
H1	Sample 85	2	1	9	70630	37	2.03
H1	Sample 85	2	1	10	75430	37	2.03
H1	Sample 85	2	1	11	80340	36.96	2.03
H1	Sample 85	2	1	12	85150	36.96	2.03
H1	Sample 85	2	1	13	90040	37	2.02
H1	Sample 85	2	1	14	94940	36.96	2.02
H1	Sample 85	2	1	15	99740	37	2.02
H2	Sample 86	2	1	1	32050	36.91	2.18
H2	Sample 86	2	1	2	36940	36.96	2.15
H2	Sample 86	2	1	3	41730	36.96	2.14
H2	Sample 86	2	1	4	46530	37	2.13
H2	Sample 86	2	1	5	51430	37	2.12
H2	Sample 86	2	1	6	56230	36.96	2.12
H2	Sample 86	2	1	7	61040	37	2.12
H2	Sample 86	2	1	8	65840	37	2.12
H2	Sample 86	2	1	9	70630	37	2.10
H2	Sample 86	2	1	10	75430	37	2.10
H2	Sample 86	2	1	11	80340	36.96	2.10
H2	Sample 86	2	1	12	85150	36.96	2.10
H2	Sample 86	2	1	13	90040	37	2.10
H2	Sample 86	2	1	14	94940	36.96	2.10
H2	Sample 86	2	1	15	99740	37	2.10
H3	Sample 87	2	1	1	32050	36.91	2.39
H3	Sample 87	2	1	2	36940	36.96	2.36
H3	Sample 87	2	1	3	41730	36.96	2.34
H3	Sample 87	2	1	4	46530	37	2.33
H3	Sample 87	2	1	5	51430	37	2.32
H3	Sample 87	2	1	6	56230	36.96	2.33
H3	Sample 87	2	1	7	61040	37	2.30
H3	Sample 87	2	1	8	65840	37	2.30
H3	Sample 87	2	1	9	70630	37	2.30
H3	Sample 87	2	1	10	75430	37	2.29
H3	Sample 87	2	1	11	80340	36.96	2.30
H3	Sample 87	2	1	12	85150	36.96	2.30
H3	Sample 87	2	1	13	90040	37	2.29
H3	Sample 87	2	1	14	94940	36.96	2.30
H3	Sample 87	2	1	15	99740	37	2.29
H4	Sample 88	2	1	1	32050	36.91	2.40
H4	Sample 88	2	1	2	36940	36.96	2.38
H4	Sample 88	2	1	3	41730	36.96	2.36
H4	Sample 88	2	1	4	46530	37	2.35
H4	Sample 88	2	1	5	51430	37	2.33
H4	Sample 88	2	1	6	56230	36.96	2.33
H4	Sample 88	2	1	7	61040	37	2.33
H4	Sample 88	2	1	8	65840	37	2.32
H4	Sample 88	2	1	9	70630	37	2.33
H4	Sample 88	2	1	10	75430	37	2.32
H4	Sample 88	2	1	11	80340	36.96	2.31
H4	Sample 88	2	1	12	85150	36.96	2.31
H4	Sample 88	2	1	13	90040	37	2.31
H4	Sample 88	2	1	14	94940	36.96	2.31
H4	Sample 88	2	1	15	99740	37	2.31
H5	Sample 89	2	1	1	32050	36.91	4.18
H5	Sample 89	2	1	2	36940	36.96	4.15
H5	Sample 89	2	1	3	41730	36.96	4.12
H5	Sample 89	2	1	4	46530	37	4.10
H5	Sample 89	2	1	5	51430	37	4.08
H5	Sample 89	2	1	6	56230	36.96	4.08
H5	Sample 89	2	1	7	61040	37	4.05
H5	Sample 89	2	1	8	65840	37	4.06
H5	Sample 89	2	1	9	70630	37	4.04
H5	Sample 89	2	1	10	75430	37	4.03
H5	Sample 89	2	1	11	80340	36.96	4.04
H5	Sample 89	2	1	12	85150	36.96	4.03
H5	Sample 89	2	1	13	90040	37	4.02
H5	Sample 89	2	1	14	94940	36.96	4.02
H5	Sample 89	2	1	15	99740	37	4.01
H6	Sample 90	2	1	1	32050	36.91	4.07
H6	Sample 90	2	1	2	36940	36.96	4.05
H6	Sample 90	2	1	3	41730	36.96	4.02
H6	Sample 90	2	1	4	46530	37	4.01
H6	Sample 90	2	1	5	51430	37	4.00
H6	Sample 90	2	1	6	56230	36.96	3.99
H6	Sample 90	2	1	7	61040	37	3.97
H6	Sample 90	2	1	8	65840	37	3.98
H6	Sample 90	2	1	9	70630	37	3.96
H6	Sample 90	2	1	10	75430	37	3.96
H6	Sample 90	2	1	11	80340	36.96	3.96
H6	Sample 90	2	1	12	85150	36.96	3.95
H6	Sample 90	2	1	13	90040	37	3.94
H6	Sample 90	2	1	14	94940	36.96	3.94
H6	Sample 90	2	1	15	99740	37	3.94
H7	Sample 91	2	1	1	32050	36.91	3.91
H7	Sample 91	2	1	2	36940	36.96	3.89
H7	Sample 91	2	1	3	41730	36.96	3.87
H7	Sample 91	2	1	4	46530	37	3.88
H7	Sample 91	2	1	5	51430	37	3.83
H7	Sample 91	2	1	6	56230	36.96	3.84
H7	Sample 91	2	1	7	61040	37	3.82
H7	Sample 91	2	1	8	65840	37	3.81
H7	Sample 91	2	1	9	70630	37	3.81
H7	Sample 91	2	1	10	75430	37	3.81
H7	Sample 91	2	1	11	80340	36.96	3.81
H7	Sample 91	2	1	12	85150	36.96	3.80
H7	Sample 91	2	1	13	90040	37	3.80
H7	Sample 91	2	1	14	94940	36.96	3.80
H7	Sample 91	2	1	15	99740	37	3.78
H8	Sample 92	2	1	1	32050	36.91	3.77
H8	Sample 92	2	1	2	36940	36.96	3.75
H8	Sample 92	2	1	3	41730	36.96	3.73
H8	Sample 92	2	1	4	46530	37	3.70
H8	Sample 92	2	1	5	51430	37	3.68
H8	Sample 92	2	1	6	56230	36.96	3.67
H8	Sample 92	2	1	7	61040	37	3.66
H8	Sample 92	2	1	8	65840	37	3.65
H8	Sample 92	2	1	9	70630	37	3.65
H8	Sample 92	2	1	10	75430	37	3.64
H8	Sample 92	2	1	11	80340	36.96	3.64
H8	Sample 92	2	1	12	85150	36.96	3.64
H8	Sample 92	2	1	13	90040	37	3.63
H8	Sample 92	2	1	14	94940	36.96	3.64
H8	Sample 92	2	1	15	99740	37	3.64
H9	Sample 93	2	1	1	32050	36.91	0.70
H9	Sample 93	2	1	2	36940	36.96	0.70
H9	Sample 93	2	1	3	41730	36.96	0.70
H9	Sample 93	2	1	4	46530	37	0.70
H9	Sample 93	2	1	5	51430	37	0.70
H9	Sample 93	2	1	6	56230	36.96	0.70
H9	Sample 93	2	1	7	61040	37	0.69
H9	Sample 93	2	1	8	65840	37	0.69
H9	Sample 93	2	1	9	70630	37	0.69
H9	Sample 93	2	1	10	75430	37	0.69
H9	Sample 93	2	1	11	80340	36.96	0.69
H9	Sample 93	2	1	12	85150	36.96	0.69
H9	Sample 93	2	1	13	90040	37	0.68
H9	Sample 93	2	1	14	94940	36.96	0.69
H9	Sample 93	2	1	15	99740	37	0.69
H10	Sample 94	2	1	1	32050	36.91	0.68
H10	Sample 94	2	1	2	36940	36.96	0.68
H10	Sample 94	2	1	3	41730	36.96	0.68
H10	Sample 94	2	1	4	46530	37	0.67
H10	Sample 94	2	1	5	51430	37	0.66
H10	Sample 94	2	1	6	56230	36.96	0.67
H10	Sample 94	2	1	7	61040	37	0.66
H10	Sample 94	2	1	8	65840	37	0.66
H10	Sample 94	2	1	9	70630	37	0.66
H10	Sample 94	2	1	10	75430	37	0.66
H10	Sample 94	2	1	11	80340	36.96	0.66
H10	Sample 94	2	1	12	85150	36.96	0.66
H10	Sample 94	2	1	13	90040	37	0.66
H10	Sample 94	2	1	14	94940	36.96	0.66
H10	Sample 94	2	1	15	99740	37	0.66
H11	Sample 95	2	1	1	32050	36.91	0.67
H11	Sample 95	2	1	2	36940	36.96	0.66
H11	Sample 95	2	1	3	41730	36.96	0.66
H11	Sample 95	2	1	4	46530	37	0.66
H11	Sample 95	2	1	5	51430	37	0.65
H11	Sample 95	2	1	6	56230	36.96	0.66
H11	Sample 95	2	1	7	61040	37	0.65
H11	Sample 95	2	1	8	65840	37	0.65
H11	Sample 95	2	1	9	70630	37	0.66
H11	Sample 95	2	1	10	75430	37	0.65
H11	Sample 95	2	1	11	80340	36.96	0.65
H11	Sample 95	2	1	12	85150	36.96	0.65
H11	Sample 95	2	1	13	90040	37	0.65
H11	Sample 95	2	1	14	94940	36.96	0.65
H11	Sample 95	2	1	15	99740	37	0.65
H12	Sample 96	2	1	1	32050	36.91	0.67
H12	Sample 96	2	1	2	36940	36.96	0.65
H12	Sample 96	2	1	3	41730	36.96	0.65
H12	Sample 96	2	1	4	46530	37	0.65
H12	Sample 96	2	1	5	51430	37	0.64
H12	Sample 96	2	1	6	56230	36.96	0.65
H12	Sample 96	2	1	7	61040	37	0.64
H12	Sample 96	2	1	8	65840	37	0.64
H12	Sample 96	2	1	9	70630	37	0.64
H12	Sample 96	2	1	10	75430	37	0.64
H12	Sample 96	2	1	11	80340	36.96	0.65
H12	Sample 96	2	1	12	85150	36.96	0.64
H12	Sample 96	2	1	13	90040	37	0.64
H12	Sample 96	2	1	14	94940	36.96	0.64
H12	Sample 96	2	1	15	99740	37	0.64
