Raw Data 		Experiment - evIC50_12_plate4_246APRIL2026 (Run on LCS480 1.5.1.62)
SamplePos	SampleName	Prog#	Seg#	Cycle#	Time	Temp	465-510	
A1	Sample 1	2	1	1	28810	36.86	1.05
A1	Sample 1	2	1	2	33140	36.91	1.03
A1	Sample 1	2	1	3	37430	36.96	1.03
A1	Sample 1	2	1	4	41730	36.96	1.03
A1	Sample 1	2	1	5	46020	37	1.02
A1	Sample 1	2	1	6	50320	36.96	1.02
A1	Sample 1	2	1	7	54630	36.91	1.02
A1	Sample 1	2	1	8	58930	37	1.00
A1	Sample 1	2	1	9	63230	36.96	1.00
A1	Sample 1	2	1	10	67530	37	1.02
A1	Sample 1	2	1	11	71820	36.96	1.00
A1	Sample 1	2	1	12	76120	37	1.02
A1	Sample 1	2	1	13	80420	36.96	1.02
A1	Sample 1	2	1	14	84730	37	1.00
A1	Sample 1	2	1	15	89030	36.96	0.99
A2	Sample 2	2	1	1	28810	36.86	1.15
A2	Sample 2	2	1	2	33140	36.91	1.13
A2	Sample 2	2	1	3	37430	36.96	1.13
A2	Sample 2	2	1	4	41730	36.96	1.12
A2	Sample 2	2	1	5	46020	37	1.10
A2	Sample 2	2	1	6	50320	36.96	1.12
A2	Sample 2	2	1	7	54630	36.91	1.10
A2	Sample 2	2	1	8	58930	37	1.09
A2	Sample 2	2	1	9	63230	36.96	1.07
A2	Sample 2	2	1	10	67530	37	1.10
A2	Sample 2	2	1	11	71820	36.96	1.09
A2	Sample 2	2	1	12	76120	37	1.09
A2	Sample 2	2	1	13	80420	36.96	1.09
A2	Sample 2	2	1	14	84730	37	1.09
A2	Sample 2	2	1	15	89030	36.96	1.09
A3	Sample 3	2	1	1	28810	36.86	1.23
A3	Sample 3	2	1	2	33140	36.91	1.20
A3	Sample 3	2	1	3	37430	36.96	1.20
A3	Sample 3	2	1	4	41730	36.96	1.20
A3	Sample 3	2	1	5	46020	37	1.20
A3	Sample 3	2	1	6	50320	36.96	1.20
A3	Sample 3	2	1	7	54630	36.91	1.19
A3	Sample 3	2	1	8	58930	37	1.19
A3	Sample 3	2	1	9	63230	36.96	1.19
A3	Sample 3	2	1	10	67530	37	1.19
A3	Sample 3	2	1	11	71820	36.96	1.17
A3	Sample 3	2	1	12	76120	37	1.17
A3	Sample 3	2	1	13	80420	36.96	1.17
A3	Sample 3	2	1	14	84730	37	1.17
A3	Sample 3	2	1	15	89030	36.96	1.16
A4	Sample 4	2	1	1	28810	36.86	1.26
A4	Sample 4	2	1	2	33140	36.91	1.23
A4	Sample 4	2	1	3	37430	36.96	1.23
A4	Sample 4	2	1	4	41730	36.96	1.23
A4	Sample 4	2	1	5	46020	37	1.21
A4	Sample 4	2	1	6	50320	36.96	1.21
A4	Sample 4	2	1	7	54630	36.91	1.20
A4	Sample 4	2	1	8	58930	37	1.21
A4	Sample 4	2	1	9	63230	36.96	1.21
A4	Sample 4	2	1	10	67530	37	1.20
A4	Sample 4	2	1	11	71820	36.96	1.20
A4	Sample 4	2	1	12	76120	37	1.20
A4	Sample 4	2	1	13	80420	36.96	1.20
A4	Sample 4	2	1	14	84730	37	1.18
A4	Sample 4	2	1	15	89030	36.96	1.18
A5	Sample 5	2	1	1	28810	36.86	1.03
A5	Sample 5	2	1	2	33140	36.91	1.02
A5	Sample 5	2	1	3	37430	36.96	1.02
A5	Sample 5	2	1	4	41730	36.96	1.02
A5	Sample 5	2	1	5	46020	37	1.02
A5	Sample 5	2	1	6	50320	36.96	1.02
A5	Sample 5	2	1	7	54630	36.91	1.02
A5	Sample 5	2	1	8	58930	37	1.00
A5	Sample 5	2	1	9	63230	36.96	1.00
A5	Sample 5	2	1	10	67530	37	1.00
A5	Sample 5	2	1	11	71820	36.96	1.00
A5	Sample 5	2	1	12	76120	37	0.99
A5	Sample 5	2	1	13	80420	36.96	1.00
A5	Sample 5	2	1	14	84730	37	0.99
A5	Sample 5	2	1	15	89030	36.96	0.97
A6	Sample 6	2	1	1	28810	36.86	1.07
A6	Sample 6	2	1	2	33140	36.91	1.06
A6	Sample 6	2	1	3	37430	36.96	1.05
A6	Sample 6	2	1	4	41730	36.96	1.03
A6	Sample 6	2	1	5	46020	37	1.02
A6	Sample 6	2	1	6	50320	36.96	1.03
A6	Sample 6	2	1	7	54630	36.91	1.03
A6	Sample 6	2	1	8	58930	37	1.00
A6	Sample 6	2	1	9	63230	36.96	1.00
A6	Sample 6	2	1	10	67530	37	1.03
A6	Sample 6	2	1	11	71820	36.96	1.00
A6	Sample 6	2	1	12	76120	37	1.00
A6	Sample 6	2	1	13	80420	36.96	1.02
A6	Sample 6	2	1	14	84730	37	1.02
A6	Sample 6	2	1	15	89030	36.96	1.00
A7	Sample 7	2	1	1	28810	36.86	1.12
A7	Sample 7	2	1	2	33140	36.91	1.09
A7	Sample 7	2	1	3	37430	36.96	1.09
A7	Sample 7	2	1	4	41730	36.96	1.07
A7	Sample 7	2	1	5	46020	37	1.07
A7	Sample 7	2	1	6	50320	36.96	1.07
A7	Sample 7	2	1	7	54630	36.91	1.07
A7	Sample 7	2	1	8	58930	37	1.07
A7	Sample 7	2	1	9	63230	36.96	1.06
A7	Sample 7	2	1	10	67530	37	1.07
A7	Sample 7	2	1	11	71820	36.96	1.06
A7	Sample 7	2	1	12	76120	37	1.06
A7	Sample 7	2	1	13	80420	36.96	1.06
A7	Sample 7	2	1	14	84730	37	1.07
A7	Sample 7	2	1	15	89030	36.96	1.04
A8	Sample 8	2	1	1	28810	36.86	1.10
A8	Sample 8	2	1	2	33140	36.91	1.06
A8	Sample 8	2	1	3	37430	36.96	1.06
A8	Sample 8	2	1	4	41730	36.96	1.05
A8	Sample 8	2	1	5	46020	37	1.05
A8	Sample 8	2	1	6	50320	36.96	1.05
A8	Sample 8	2	1	7	54630	36.91	1.05
A8	Sample 8	2	1	8	58930	37	1.03
A8	Sample 8	2	1	9	63230	36.96	1.02
A8	Sample 8	2	1	10	67530	37	1.05
A8	Sample 8	2	1	11	71820	36.96	1.02
A8	Sample 8	2	1	12	76120	37	1.03
A8	Sample 8	2	1	13	80420	36.96	1.03
A8	Sample 8	2	1	14	84730	37	1.03
A8	Sample 8	2	1	15	89030	36.96	1.02
A9	Sample 9	2	1	1	28810	36.86	6.79
A9	Sample 9	2	1	2	33140	36.91	6.79
A9	Sample 9	2	1	3	37430	36.96	6.78
A9	Sample 9	2	1	4	41730	36.96	6.78
A9	Sample 9	2	1	5	46020	37	6.79
A9	Sample 9	2	1	6	50320	36.96	6.75
A9	Sample 9	2	1	7	54630	36.91	6.76
A9	Sample 9	2	1	8	58930	37	6.78
A9	Sample 9	2	1	9	63230	36.96	6.75
A9	Sample 9	2	1	10	67530	37	6.75
A9	Sample 9	2	1	11	71820	36.96	6.72
A9	Sample 9	2	1	12	76120	37	6.72
A9	Sample 9	2	1	13	80420	36.96	6.72
A9	Sample 9	2	1	14	84730	37	6.72
A9	Sample 9	2	1	15	89030	36.96	6.73
A10	Sample 10	2	1	1	28810	36.86	6.94
A10	Sample 10	2	1	2	33140	36.91	6.93
A10	Sample 10	2	1	3	37430	36.96	6.95
A10	Sample 10	2	1	4	41730	36.96	6.93
A10	Sample 10	2	1	5	46020	37	6.94
A10	Sample 10	2	1	6	50320	36.96	6.93
A10	Sample 10	2	1	7	54630	36.91	6.90
A10	Sample 10	2	1	8	58930	37	6.93
A10	Sample 10	2	1	9	63230	36.96	6.90
A10	Sample 10	2	1	10	67530	37	6.90
A10	Sample 10	2	1	11	71820	36.96	6.88
A10	Sample 10	2	1	12	76120	37	6.90
A10	Sample 10	2	1	13	80420	36.96	6.88
A10	Sample 10	2	1	14	84730	37	6.90
A10	Sample 10	2	1	15	89030	36.96	6.87
A11	Sample 11	2	1	1	28810	36.86	7.18
A11	Sample 11	2	1	2	33140	36.91	7.20
A11	Sample 11	2	1	3	37430	36.96	7.20
A11	Sample 11	2	1	4	41730	36.96	7.17
A11	Sample 11	2	1	5	46020	37	7.18
A11	Sample 11	2	1	6	50320	36.96	7.17
A11	Sample 11	2	1	7	54630	36.91	7.20
A11	Sample 11	2	1	8	58930	37	7.14
A11	Sample 11	2	1	9	63230	36.96	7.17
A11	Sample 11	2	1	10	67530	37	7.14
A11	Sample 11	2	1	11	71820	36.96	7.14
A11	Sample 11	2	1	12	76120	37	7.14
A11	Sample 11	2	1	13	80420	36.96	7.15
A11	Sample 11	2	1	14	84730	37	7.15
A11	Sample 11	2	1	15	89030	36.96	7.12
A12	Sample 12	2	1	1	28810	36.86	6.05
A12	Sample 12	2	1	2	33140	36.91	6.02
A12	Sample 12	2	1	3	37430	36.96	6.04
A12	Sample 12	2	1	4	41730	36.96	6.05
A12	Sample 12	2	1	5	46020	37	6.02
A12	Sample 12	2	1	6	50320	36.96	6.04
A12	Sample 12	2	1	7	54630	36.91	6.02
A12	Sample 12	2	1	8	58930	37	6.02
A12	Sample 12	2	1	9	63230	36.96	6.01
A12	Sample 12	2	1	10	67530	37	6.01
A12	Sample 12	2	1	11	71820	36.96	6.02
A12	Sample 12	2	1	12	76120	37	6.02
A12	Sample 12	2	1	13	80420	36.96	6.02
A12	Sample 12	2	1	14	84730	37	6.05
A12	Sample 12	2	1	15	89030	36.96	6.01
B1	Sample 13	2	1	1	28810	36.86	1.06
B1	Sample 13	2	1	2	33140	36.91	1.05
B1	Sample 13	2	1	3	37430	36.96	1.05
B1	Sample 13	2	1	4	41730	36.96	1.02
B1	Sample 13	2	1	5	46020	37	1.03
B1	Sample 13	2	1	6	50320	36.96	1.02
B1	Sample 13	2	1	7	54630	36.91	1.02
B1	Sample 13	2	1	8	58930	37	1.00
B1	Sample 13	2	1	9	63230	36.96	1.00
B1	Sample 13	2	1	10	67530	37	1.00
B1	Sample 13	2	1	11	71820	36.96	1.00
B1	Sample 13	2	1	12	76120	37	1.02
B1	Sample 13	2	1	13	80420	36.96	1.00
B1	Sample 13	2	1	14	84730	37	1.00
B1	Sample 13	2	1	15	89030	36.96	0.99
B2	Sample 14	2	1	1	28810	36.86	1.10
B2	Sample 14	2	1	2	33140	36.91	1.10
B2	Sample 14	2	1	3	37430	36.96	1.07
B2	Sample 14	2	1	4	41730	36.96	1.07
B2	Sample 14	2	1	5	46020	37	1.06
B2	Sample 14	2	1	6	50320	36.96	1.06
B2	Sample 14	2	1	7	54630	36.91	1.06
B2	Sample 14	2	1	8	58930	37	1.04
B2	Sample 14	2	1	9	63230	36.96	1.04
B2	Sample 14	2	1	10	67530	37	1.06
B2	Sample 14	2	1	11	71820	36.96	1.04
B2	Sample 14	2	1	12	76120	37	1.06
B2	Sample 14	2	1	13	80420	36.96	1.04
B2	Sample 14	2	1	14	84730	37	1.06
B2	Sample 14	2	1	15	89030	36.96	1.04
B3	Sample 15	2	1	1	28810	36.86	1.18
B3	Sample 15	2	1	2	33140	36.91	1.18
B3	Sample 15	2	1	3	37430	36.96	1.17
B3	Sample 15	2	1	4	41730	36.96	1.15
B3	Sample 15	2	1	5	46020	37	1.14
B3	Sample 15	2	1	6	50320	36.96	1.15
B3	Sample 15	2	1	7	54630	36.91	1.14
B3	Sample 15	2	1	8	58930	37	1.13
B3	Sample 15	2	1	9	63230	36.96	1.11
B3	Sample 15	2	1	10	67530	37	1.13
B3	Sample 15	2	1	11	71820	36.96	1.12
B3	Sample 15	2	1	12	76120	37	1.12
B3	Sample 15	2	1	13	80420	36.96	1.12
B3	Sample 15	2	1	14	84730	37	1.14
B3	Sample 15	2	1	15	89030	36.96	1.14
B4	Sample 16	2	1	1	28810	36.86	1.24
B4	Sample 16	2	1	2	33140	36.91	1.25
B4	Sample 16	2	1	3	37430	36.96	1.22
B4	Sample 16	2	1	4	41730	36.96	1.21
B4	Sample 16	2	1	5	46020	37	1.19
B4	Sample 16	2	1	6	50320	36.96	1.19
B4	Sample 16	2	1	7	54630	36.91	1.19
B4	Sample 16	2	1	8	58930	37	1.17
B4	Sample 16	2	1	9	63230	36.96	1.16
B4	Sample 16	2	1	10	67530	37	1.18
B4	Sample 16	2	1	11	71820	36.96	1.18
B4	Sample 16	2	1	12	76120	37	1.18
B4	Sample 16	2	1	13	80420	36.96	1.18
B4	Sample 16	2	1	14	84730	37	1.18
B4	Sample 16	2	1	15	89030	36.96	1.18
B5	Sample 17	2	1	1	28810	36.86	1.01
B5	Sample 17	2	1	2	33140	36.91	1.01
B5	Sample 17	2	1	3	37430	36.96	1.01
B5	Sample 17	2	1	4	41730	36.96	0.99
B5	Sample 17	2	1	5	46020	37	0.97
B5	Sample 17	2	1	6	50320	36.96	0.99
B5	Sample 17	2	1	7	54630	36.91	0.97
B5	Sample 17	2	1	8	58930	37	0.96
B5	Sample 17	2	1	9	63230	36.96	0.97
B5	Sample 17	2	1	10	67530	37	0.97
B5	Sample 17	2	1	11	71820	36.96	0.97
B5	Sample 17	2	1	12	76120	37	0.97
B5	Sample 17	2	1	13	80420	36.96	0.99
B5	Sample 17	2	1	14	84730	37	0.97
B5	Sample 17	2	1	15	89030	36.96	0.96
B6	Sample 18	2	1	1	28810	36.86	1.04
B6	Sample 18	2	1	2	33140	36.91	1.03
B6	Sample 18	2	1	3	37430	36.96	1.01
B6	Sample 18	2	1	4	41730	36.96	1.00
B6	Sample 18	2	1	5	46020	37	0.98
B6	Sample 18	2	1	6	50320	36.96	1.00
B6	Sample 18	2	1	7	54630	36.91	1.00
B6	Sample 18	2	1	8	58930	37	0.97
B6	Sample 18	2	1	9	63230	36.96	0.97
B6	Sample 18	2	1	10	67530	37	0.98
B6	Sample 18	2	1	11	71820	36.96	0.95
B6	Sample 18	2	1	12	76120	37	0.98
B6	Sample 18	2	1	13	80420	36.96	0.98
B6	Sample 18	2	1	14	84730	37	0.98
B6	Sample 18	2	1	15	89030	36.96	0.98
B7	Sample 19	2	1	1	28810	36.86	1.07
B7	Sample 19	2	1	2	33140	36.91	1.07
B7	Sample 19	2	1	3	37430	36.96	1.06
B7	Sample 19	2	1	4	41730	36.96	1.04
B7	Sample 19	2	1	5	46020	37	1.04
B7	Sample 19	2	1	6	50320	36.96	1.04
B7	Sample 19	2	1	7	54630	36.91	1.04
B7	Sample 19	2	1	8	58930	37	1.03
B7	Sample 19	2	1	9	63230	36.96	1.01
B7	Sample 19	2	1	10	67530	37	1.04
B7	Sample 19	2	1	11	71820	36.96	1.03
B7	Sample 19	2	1	12	76120	37	1.04
B7	Sample 19	2	1	13	80420	36.96	1.04
B7	Sample 19	2	1	14	84730	37	1.03
B7	Sample 19	2	1	15	89030	36.96	1.03
B8	Sample 20	2	1	1	28810	36.86	1.00
B8	Sample 20	2	1	2	33140	36.91	0.98
B8	Sample 20	2	1	3	37430	36.96	0.98
B8	Sample 20	2	1	4	41730	36.96	0.95
B8	Sample 20	2	1	5	46020	37	0.95
B8	Sample 20	2	1	6	50320	36.96	0.94
B8	Sample 20	2	1	7	54630	36.91	0.94
B8	Sample 20	2	1	8	58930	37	0.92
B8	Sample 20	2	1	9	63230	36.96	0.94
B8	Sample 20	2	1	10	67530	37	0.94
B8	Sample 20	2	1	11	71820	36.96	0.94
B8	Sample 20	2	1	12	76120	37	0.94
B8	Sample 20	2	1	13	80420	36.96	0.94
B8	Sample 20	2	1	14	84730	37	0.94
B8	Sample 20	2	1	15	89030	36.96	0.92
B9	Sample 21	2	1	1	28810	36.86	7.88
B9	Sample 21	2	1	2	33140	36.91	7.88
B9	Sample 21	2	1	3	37430	36.96	7.88
B9	Sample 21	2	1	4	41730	36.96	7.83
B9	Sample 21	2	1	5	46020	37	7.80
B9	Sample 21	2	1	6	50320	36.96	7.79
B9	Sample 21	2	1	7	54630	36.91	7.80
B9	Sample 21	2	1	8	58930	37	7.80
B9	Sample 21	2	1	9	63230	36.96	7.76
B9	Sample 21	2	1	10	67530	37	7.79
B9	Sample 21	2	1	11	71820	36.96	7.76
B9	Sample 21	2	1	12	76120	37	7.76
B9	Sample 21	2	1	13	80420	36.96	7.77
B9	Sample 21	2	1	14	84730	37	7.73
B9	Sample 21	2	1	15	89030	36.96	7.74
B10	Sample 22	2	1	1	28810	36.86	6.75
B10	Sample 22	2	1	2	33140	36.91	6.75
B10	Sample 22	2	1	3	37430	36.96	6.75
B10	Sample 22	2	1	4	41730	36.96	6.70
B10	Sample 22	2	1	5	46020	37	6.72
B10	Sample 22	2	1	6	50320	36.96	6.72
B10	Sample 22	2	1	7	54630	36.91	6.69
B10	Sample 22	2	1	8	58930	37	6.69
B10	Sample 22	2	1	9	63230	36.96	6.65
B10	Sample 22	2	1	10	67530	37	6.66
B10	Sample 22	2	1	11	71820	36.96	6.67
B10	Sample 22	2	1	12	76120	37	6.67
B10	Sample 22	2	1	13	80420	36.96	6.66
B10	Sample 22	2	1	14	84730	37	6.67
B10	Sample 22	2	1	15	89030	36.96	6.63
B11	Sample 23	2	1	1	28810	36.86	8.42
B11	Sample 23	2	1	2	33140	36.91	8.42
B11	Sample 23	2	1	3	37430	36.96	8.40
B11	Sample 23	2	1	4	41730	36.96	8.39
B11	Sample 23	2	1	5	46020	37	8.37
B11	Sample 23	2	1	6	50320	36.96	8.40
B11	Sample 23	2	1	7	54630	36.91	8.38
B11	Sample 23	2	1	8	58930	37	8.36
B11	Sample 23	2	1	9	63230	36.96	8.34
B11	Sample 23	2	1	10	67530	37	8.34
B11	Sample 23	2	1	11	71820	36.96	8.35
B11	Sample 23	2	1	12	76120	37	8.31
B11	Sample 23	2	1	13	80420	36.96	8.28
B11	Sample 23	2	1	14	84730	37	8.32
B11	Sample 23	2	1	15	89030	36.96	8.29
B12	Sample 24	2	1	1	28810	36.86	6.51
B12	Sample 24	2	1	2	33140	36.91	6.52
B12	Sample 24	2	1	3	37430	36.96	6.52
B12	Sample 24	2	1	4	41730	36.96	6.48
B12	Sample 24	2	1	5	46020	37	6.48
B12	Sample 24	2	1	6	50320	36.96	6.49
B12	Sample 24	2	1	7	54630	36.91	6.46
B12	Sample 24	2	1	8	58930	37	6.46
B12	Sample 24	2	1	9	63230	36.96	6.49
B12	Sample 24	2	1	10	67530	37	6.48
B12	Sample 24	2	1	11	71820	36.96	6.46
B12	Sample 24	2	1	12	76120	37	6.45
B12	Sample 24	2	1	13	80420	36.96	6.46
B12	Sample 24	2	1	14	84730	37	6.46
B12	Sample 24	2	1	15	89030	36.96	6.43
C1	Sample 25	2	1	1	28810	36.86	1.07
C1	Sample 25	2	1	2	33140	36.91	1.04
C1	Sample 25	2	1	3	37430	36.96	1.02
C1	Sample 25	2	1	4	41730	36.96	1.04
C1	Sample 25	2	1	5	46020	37	1.04
C1	Sample 25	2	1	6	50320	36.96	1.01
C1	Sample 25	2	1	7	54630	36.91	1.01
C1	Sample 25	2	1	8	58930	37	1.01
C1	Sample 25	2	1	9	63230	36.96	1.01
C1	Sample 25	2	1	10	67530	37	0.99
C1	Sample 25	2	1	11	71820	36.96	1.01
C1	Sample 25	2	1	12	76120	37	1.01
C1	Sample 25	2	1	13	80420	36.96	1.01
C1	Sample 25	2	1	14	84730	37	0.99
C1	Sample 25	2	1	15	89030	36.96	0.99
C2	Sample 26	2	1	1	28810	36.86	1.15
C2	Sample 26	2	1	2	33140	36.91	1.13
C2	Sample 26	2	1	3	37430	36.96	1.12
C2	Sample 26	2	1	4	41730	36.96	1.12
C2	Sample 26	2	1	5	46020	37	1.12
C2	Sample 26	2	1	6	50320	36.96	1.10
C2	Sample 26	2	1	7	54630	36.91	1.10
C2	Sample 26	2	1	8	58930	37	1.10
C2	Sample 26	2	1	9	63230	36.96	1.09
C2	Sample 26	2	1	10	67530	37	1.09
C2	Sample 26	2	1	11	71820	36.96	1.09
C2	Sample 26	2	1	12	76120	37	1.09
C2	Sample 26	2	1	13	80420	36.96	1.09
C2	Sample 26	2	1	14	84730	37	1.09
C2	Sample 26	2	1	15	89030	36.96	1.12
C3	Sample 27	2	1	1	28810	36.86	1.17
C3	Sample 27	2	1	2	33140	36.91	1.16
C3	Sample 27	2	1	3	37430	36.96	1.14
C3	Sample 27	2	1	4	41730	36.96	1.14
C3	Sample 27	2	1	5	46020	37	1.14
C3	Sample 27	2	1	6	50320	36.96	1.14
C3	Sample 27	2	1	7	54630	36.91	1.14
C3	Sample 27	2	1	8	58930	37	1.13
C3	Sample 27	2	1	9	63230	36.96	1.11
C3	Sample 27	2	1	10	67530	37	1.13
C3	Sample 27	2	1	11	71820	36.96	1.13
C3	Sample 27	2	1	12	76120	37	1.13
C3	Sample 27	2	1	13	80420	36.96	1.13
C3	Sample 27	2	1	14	84730	37	1.13
C3	Sample 27	2	1	15	89030	36.96	1.13
C4	Sample 28	2	1	1	28810	36.86	1.21
C4	Sample 28	2	1	2	33140	36.91	1.21
C4	Sample 28	2	1	3	37430	36.96	1.20
C4	Sample 28	2	1	4	41730	36.96	1.20
C4	Sample 28	2	1	5	46020	37	1.18
C4	Sample 28	2	1	6	50320	36.96	1.18
C4	Sample 28	2	1	7	54630	36.91	1.20
C4	Sample 28	2	1	8	58930	37	1.18
C4	Sample 28	2	1	9	63230	36.96	1.15
C4	Sample 28	2	1	10	67530	37	1.17
C4	Sample 28	2	1	11	71820	36.96	1.18
C4	Sample 28	2	1	12	76120	37	1.17
C4	Sample 28	2	1	13	80420	36.96	1.18
C4	Sample 28	2	1	14	84730	37	1.17
C4	Sample 28	2	1	15	89030	36.96	1.18
C5	Sample 29	2	1	1	28810	36.86	1.00
C5	Sample 29	2	1	2	33140	36.91	1.00
C5	Sample 29	2	1	3	37430	36.96	0.99
C5	Sample 29	2	1	4	41730	36.96	0.99
C5	Sample 29	2	1	5	46020	37	0.99
C5	Sample 29	2	1	6	50320	36.96	0.97
C5	Sample 29	2	1	7	54630	36.91	0.97
C5	Sample 29	2	1	8	58930	37	0.97
C5	Sample 29	2	1	9	63230	36.96	0.94
C5	Sample 29	2	1	10	67530	37	0.96
C5	Sample 29	2	1	11	71820	36.96	0.96
C5	Sample 29	2	1	12	76120	37	0.96
C5	Sample 29	2	1	13	80420	36.96	0.97
C5	Sample 29	2	1	14	84730	37	0.96
C5	Sample 29	2	1	15	89030	36.96	0.97
C6	Sample 30	2	1	1	28810	36.86	1.06
C6	Sample 30	2	1	2	33140	36.91	1.06
C6	Sample 30	2	1	3	37430	36.96	1.03
C6	Sample 30	2	1	4	41730	36.96	1.04
C6	Sample 30	2	1	5	46020	37	1.03
C6	Sample 30	2	1	6	50320	36.96	1.03
C6	Sample 30	2	1	7	54630	36.91	1.03
C6	Sample 30	2	1	8	58930	37	1.03
C6	Sample 30	2	1	9	63230	36.96	1.00
C6	Sample 30	2	1	10	67530	37	1.01
C6	Sample 30	2	1	11	71820	36.96	1.01
C6	Sample 30	2	1	12	76120	37	1.01
C6	Sample 30	2	1	13	80420	36.96	1.01
C6	Sample 30	2	1	14	84730	37	1.03
C6	Sample 30	2	1	15	89030	36.96	1.01
C7	Sample 31	2	1	1	28810	36.86	1.07
C7	Sample 31	2	1	2	33140	36.91	1.06
C7	Sample 31	2	1	3	37430	36.96	1.06
C7	Sample 31	2	1	4	41730	36.96	1.04
C7	Sample 31	2	1	5	46020	37	1.04
C7	Sample 31	2	1	6	50320	36.96	1.04
C7	Sample 31	2	1	7	54630	36.91	1.04
C7	Sample 31	2	1	8	58930	37	1.03
C7	Sample 31	2	1	9	63230	36.96	1.01
C7	Sample 31	2	1	10	67530	37	1.01
C7	Sample 31	2	1	11	71820	36.96	1.03
C7	Sample 31	2	1	12	76120	37	1.03
C7	Sample 31	2	1	13	80420	36.96	1.03
C7	Sample 31	2	1	14	84730	37	1.03
C7	Sample 31	2	1	15	89030	36.96	1.03
C8	Sample 32	2	1	1	28810	36.86	1.01
C8	Sample 32	2	1	2	33140	36.91	1.01
C8	Sample 32	2	1	3	37430	36.96	0.98
C8	Sample 32	2	1	4	41730	36.96	0.98
C8	Sample 32	2	1	5	46020	37	0.97
C8	Sample 32	2	1	6	50320	36.96	0.97
C8	Sample 32	2	1	7	54630	36.91	0.97
C8	Sample 32	2	1	8	58930	37	0.97
C8	Sample 32	2	1	9	63230	36.96	0.95
C8	Sample 32	2	1	10	67530	37	0.97
C8	Sample 32	2	1	11	71820	36.96	0.98
C8	Sample 32	2	1	12	76120	37	0.95
C8	Sample 32	2	1	13	80420	36.96	0.95
C8	Sample 32	2	1	14	84730	37	0.97
C8	Sample 32	2	1	15	89030	36.96	0.97
C9	Sample 33	2	1	1	28810	36.86	7.85
C9	Sample 33	2	1	2	33140	36.91	7.85
C9	Sample 33	2	1	3	37430	36.96	7.81
C9	Sample 33	2	1	4	41730	36.96	7.82
C9	Sample 33	2	1	5	46020	37	7.80
C9	Sample 33	2	1	6	50320	36.96	7.80
C9	Sample 33	2	1	7	54630	36.91	7.79
C9	Sample 33	2	1	8	58930	37	7.79
C9	Sample 33	2	1	9	63230	36.96	7.74
C9	Sample 33	2	1	10	67530	37	7.75
C9	Sample 33	2	1	11	71820	36.96	7.73
C9	Sample 33	2	1	12	76120	37	7.72
C9	Sample 33	2	1	13	80420	36.96	7.69
C9	Sample 33	2	1	14	84730	37	7.71
C9	Sample 33	2	1	15	89030	36.96	7.71
C10	Sample 34	2	1	1	28810	36.86	8.75
C10	Sample 34	2	1	2	33140	36.91	8.75
C10	Sample 34	2	1	3	37430	36.96	8.69
C10	Sample 34	2	1	4	41730	36.96	8.69
C10	Sample 34	2	1	5	46020	37	8.67
C10	Sample 34	2	1	6	50320	36.96	8.66
C10	Sample 34	2	1	7	54630	36.91	8.67
C10	Sample 34	2	1	8	58930	37	8.64
C10	Sample 34	2	1	9	63230	36.96	8.64
C10	Sample 34	2	1	10	67530	37	8.60
C10	Sample 34	2	1	11	71820	36.96	8.60
C10	Sample 34	2	1	12	76120	37	8.64
C10	Sample 34	2	1	13	80420	36.96	8.60
C10	Sample 34	2	1	14	84730	37	8.61
C10	Sample 34	2	1	15	89030	36.96	8.58
C11	Sample 35	2	1	1	28810	36.86	6.86
C11	Sample 35	2	1	2	33140	36.91	6.86
C11	Sample 35	2	1	3	37430	36.96	6.83
C11	Sample 35	2	1	4	41730	36.96	6.84
C11	Sample 35	2	1	5	46020	37	6.86
C11	Sample 35	2	1	6	50320	36.96	6.84
C11	Sample 35	2	1	7	54630	36.91	6.81
C11	Sample 35	2	1	8	58930	37	6.83
C11	Sample 35	2	1	9	63230	36.96	6.80
C11	Sample 35	2	1	10	67530	37	6.80
C11	Sample 35	2	1	11	71820	36.96	6.81
C11	Sample 35	2	1	12	76120	37	6.78
C11	Sample 35	2	1	13	80420	36.96	6.78
C11	Sample 35	2	1	14	84730	37	6.78
C11	Sample 35	2	1	15	89030	36.96	6.78
C12	Sample 36	2	1	1	28810	36.86	7.62
C12	Sample 36	2	1	2	33140	36.91	7.61
C12	Sample 36	2	1	3	37430	36.96	7.60
C12	Sample 36	2	1	4	41730	36.96	7.61
C12	Sample 36	2	1	5	46020	37	7.57
C12	Sample 36	2	1	6	50320	36.96	7.58
C12	Sample 36	2	1	7	54630	36.91	7.56
C12	Sample 36	2	1	8	58930	37	7.60
C12	Sample 36	2	1	9	63230	36.96	7.58
C12	Sample 36	2	1	10	67530	37	7.57
C12	Sample 36	2	1	11	71820	36.96	7.56
C12	Sample 36	2	1	12	76120	37	7.55
C12	Sample 36	2	1	13	80420	36.96	7.55
C12	Sample 36	2	1	14	84730	37	7.55
C12	Sample 36	2	1	15	89030	36.96	7.52
D1	Sample 37	2	1	1	28810	36.86	1.12
D1	Sample 37	2	1	2	33140	36.91	1.10
D1	Sample 37	2	1	3	37430	36.96	1.09
D1	Sample 37	2	1	4	41730	36.96	1.10
D1	Sample 37	2	1	5	46020	37	1.09
D1	Sample 37	2	1	6	50320	36.96	1.07
D1	Sample 37	2	1	7	54630	36.91	1.07
D1	Sample 37	2	1	8	58930	37	1.06
D1	Sample 37	2	1	9	63230	36.96	1.06
D1	Sample 37	2	1	10	67530	37	1.06
D1	Sample 37	2	1	11	71820	36.96	1.04
D1	Sample 37	2	1	12	76120	37	1.06
D1	Sample 37	2	1	13	80420	36.96	1.04
D1	Sample 37	2	1	14	84730	37	1.05
D1	Sample 37	2	1	15	89030	36.96	1.04
D2	Sample 38	2	1	1	28810	36.86	0.55
D2	Sample 38	2	1	2	33140	36.91	0.55
D2	Sample 38	2	1	3	37430	36.96	0.55
D2	Sample 38	2	1	4	41730	36.96	0.54
D2	Sample 38	2	1	5	46020	37	0.54
D2	Sample 38	2	1	6	50320	36.96	0.55
D2	Sample 38	2	1	7	54630	36.91	0.52
D2	Sample 38	2	1	8	58930	37	0.51
D2	Sample 38	2	1	9	63230	36.96	0.52
D2	Sample 38	2	1	10	67530	37	0.52
D2	Sample 38	2	1	11	71820	36.96	0.51
D2	Sample 38	2	1	12	76120	37	0.52
D2	Sample 38	2	1	13	80420	36.96	0.52
D2	Sample 38	2	1	14	84730	37	0.52
D2	Sample 38	2	1	15	89030	36.96	0.52
D3	Sample 39	2	1	1	28810	36.86	1.19
D3	Sample 39	2	1	2	33140	36.91	1.19
D3	Sample 39	2	1	3	37430	36.96	1.18
D3	Sample 39	2	1	4	41730	36.96	1.16
D3	Sample 39	2	1	5	46020	37	1.18
D3	Sample 39	2	1	6	50320	36.96	1.16
D3	Sample 39	2	1	7	54630	36.91	1.13
D3	Sample 39	2	1	8	58930	37	1.13
D3	Sample 39	2	1	9	63230	36.96	1.15
D3	Sample 39	2	1	10	67530	37	1.15
D3	Sample 39	2	1	11	71820	36.96	1.13
D3	Sample 39	2	1	12	76120	37	1.13
D3	Sample 39	2	1	13	80420	36.96	1.13
D3	Sample 39	2	1	14	84730	37	1.13
D3	Sample 39	2	1	15	89030	36.96	1.13
D4	Sample 40	2	1	1	28810	36.86	1.21
D4	Sample 40	2	1	2	33140	36.91	1.18
D4	Sample 40	2	1	3	37430	36.96	1.17
D4	Sample 40	2	1	4	41730	36.96	1.17
D4	Sample 40	2	1	5	46020	37	1.15
D4	Sample 40	2	1	6	50320	36.96	1.15
D4	Sample 40	2	1	7	54630	36.91	1.15
D4	Sample 40	2	1	8	58930	37	1.14
D4	Sample 40	2	1	9	63230	36.96	1.14
D4	Sample 40	2	1	10	67530	37	1.13
D4	Sample 40	2	1	11	71820	36.96	1.14
D4	Sample 40	2	1	12	76120	37	1.14
D4	Sample 40	2	1	13	80420	36.96	1.13
D4	Sample 40	2	1	14	84730	37	1.13
D4	Sample 40	2	1	15	89030	36.96	1.13
D5	Sample 41	2	1	1	28810	36.86	0.99
D5	Sample 41	2	1	2	33140	36.91	0.99
D5	Sample 41	2	1	3	37430	36.96	0.97
D5	Sample 41	2	1	4	41730	36.96	0.96
D5	Sample 41	2	1	5	46020	37	0.96
D5	Sample 41	2	1	6	50320	36.96	0.96
D5	Sample 41	2	1	7	54630	36.91	0.96
D5	Sample 41	2	1	8	58930	37	0.94
D5	Sample 41	2	1	9	63230	36.96	0.96
D5	Sample 41	2	1	10	67530	37	0.94
D5	Sample 41	2	1	11	71820	36.96	0.94
D5	Sample 41	2	1	12	76120	37	0.94
D5	Sample 41	2	1	13	80420	36.96	0.93
D5	Sample 41	2	1	14	84730	37	0.94
D5	Sample 41	2	1	15	89030	36.96	0.94
D6	Sample 42	2	1	1	28810	36.86	1.00
D6	Sample 42	2	1	2	33140	36.91	1.00
D6	Sample 42	2	1	3	37430	36.96	0.99
D6	Sample 42	2	1	4	41730	36.96	0.99
D6	Sample 42	2	1	5	46020	37	0.97
D6	Sample 42	2	1	6	50320	36.96	0.97
D6	Sample 42	2	1	7	54630	36.91	0.97
D6	Sample 42	2	1	8	58930	37	0.94
D6	Sample 42	2	1	9	63230	36.96	0.96
D6	Sample 42	2	1	10	67530	37	0.94
D6	Sample 42	2	1	11	71820	36.96	0.96
D6	Sample 42	2	1	12	76120	37	0.96
D6	Sample 42	2	1	13	80420	36.96	0.96
D6	Sample 42	2	1	14	84730	37	0.96
D6	Sample 42	2	1	15	89030	36.96	0.94
D7	Sample 43	2	1	1	28810	36.86	1.07
D7	Sample 43	2	1	2	33140	36.91	1.07
D7	Sample 43	2	1	3	37430	36.96	1.06
D7	Sample 43	2	1	4	41730	36.96	1.07
D7	Sample 43	2	1	5	46020	37	1.06
D7	Sample 43	2	1	6	50320	36.96	1.04
D7	Sample 43	2	1	7	54630	36.91	1.04
D7	Sample 43	2	1	8	58930	37	1.04
D7	Sample 43	2	1	9	63230	36.96	1.04
D7	Sample 43	2	1	10	67530	37	1.03
D7	Sample 43	2	1	11	71820	36.96	1.03
D7	Sample 43	2	1	12	76120	37	1.03
D7	Sample 43	2	1	13	80420	36.96	1.03
D7	Sample 43	2	1	14	84730	37	1.04
D7	Sample 43	2	1	15	89030	36.96	1.03
D8	Sample 44	2	1	1	28810	36.86	1.10
D8	Sample 44	2	1	2	33140	36.91	1.11
D8	Sample 44	2	1	3	37430	36.96	1.09
D8	Sample 44	2	1	4	41730	36.96	1.09
D8	Sample 44	2	1	5	46020	37	1.07
D8	Sample 44	2	1	6	50320	36.96	1.07
D8	Sample 44	2	1	7	54630	36.91	1.07
D8	Sample 44	2	1	8	58930	37	1.06
D8	Sample 44	2	1	9	63230	36.96	1.06
D8	Sample 44	2	1	10	67530	37	1.04
D8	Sample 44	2	1	11	71820	36.96	1.04
D8	Sample 44	2	1	12	76120	37	1.06
D8	Sample 44	2	1	13	80420	36.96	1.06
D8	Sample 44	2	1	14	84730	37	1.07
D8	Sample 44	2	1	15	89030	36.96	1.06
D9	Sample 45	2	1	1	28810	36.86	8.04
D9	Sample 45	2	1	2	33140	36.91	8.04
D9	Sample 45	2	1	3	37430	36.96	8.03
D9	Sample 45	2	1	4	41730	36.96	8.00
D9	Sample 45	2	1	5	46020	37	7.98
D9	Sample 45	2	1	6	50320	36.96	7.97
D9	Sample 45	2	1	7	54630	36.91	7.97
D9	Sample 45	2	1	8	58930	37	7.95
D9	Sample 45	2	1	9	63230	36.96	7.94
D9	Sample 45	2	1	10	67530	37	7.93
D9	Sample 45	2	1	11	71820	36.96	7.91
D9	Sample 45	2	1	12	76120	37	7.91
D9	Sample 45	2	1	13	80420	36.96	7.89
D9	Sample 45	2	1	14	84730	37	7.88
D9	Sample 45	2	1	15	89030	36.96	7.89
D10	Sample 46	2	1	1	28810	36.86	8.05
D10	Sample 46	2	1	2	33140	36.91	8.04
D10	Sample 46	2	1	3	37430	36.96	8.03
D10	Sample 46	2	1	4	41730	36.96	8.02
D10	Sample 46	2	1	5	46020	37	8.01
D10	Sample 46	2	1	6	50320	36.96	7.98
D10	Sample 46	2	1	7	54630	36.91	7.98
D10	Sample 46	2	1	8	58930	37	7.97
D10	Sample 46	2	1	9	63230	36.96	7.98
D10	Sample 46	2	1	10	67530	37	7.97
D10	Sample 46	2	1	11	71820	36.96	7.95
D10	Sample 46	2	1	12	76120	37	7.95
D10	Sample 46	2	1	13	80420	36.96	7.91
D10	Sample 46	2	1	14	84730	37	7.95
D10	Sample 46	2	1	15	89030	36.96	7.93
D11	Sample 47	2	1	1	28810	36.86	7.93
D11	Sample 47	2	1	2	33140	36.91	7.93
D11	Sample 47	2	1	3	37430	36.96	7.93
D11	Sample 47	2	1	4	41730	36.96	7.93
D11	Sample 47	2	1	5	46020	37	7.90
D11	Sample 47	2	1	6	50320	36.96	7.91
D11	Sample 47	2	1	7	54630	36.91	7.88
D11	Sample 47	2	1	8	58930	37	7.88
D11	Sample 47	2	1	9	63230	36.96	7.88
D11	Sample 47	2	1	10	67530	37	7.87
D11	Sample 47	2	1	11	71820	36.96	7.85
D11	Sample 47	2	1	12	76120	37	7.84
D11	Sample 47	2	1	13	80420	36.96	7.84
D11	Sample 47	2	1	14	84730	37	7.82
D11	Sample 47	2	1	15	89030	36.96	7.85
D12	Sample 48	2	1	1	28810	36.86	6.70
D12	Sample 48	2	1	2	33140	36.91	6.70
D12	Sample 48	2	1	3	37430	36.96	6.68
D12	Sample 48	2	1	4	41730	36.96	6.70
D12	Sample 48	2	1	5	46020	37	6.67
D12	Sample 48	2	1	6	50320	36.96	6.68
D12	Sample 48	2	1	7	54630	36.91	6.67
D12	Sample 48	2	1	8	58930	37	6.67
D12	Sample 48	2	1	9	63230	36.96	6.67
D12	Sample 48	2	1	10	67530	37	6.64
D12	Sample 48	2	1	11	71820	36.96	6.65
D12	Sample 48	2	1	12	76120	37	6.64
D12	Sample 48	2	1	13	80420	36.96	6.62
D12	Sample 48	2	1	14	84730	37	6.64
D12	Sample 48	2	1	15	89030	36.96	6.62
E1	Sample 49	2	1	1	28810	36.86	1.17
E1	Sample 49	2	1	2	33140	36.91	1.14
E1	Sample 49	2	1	3	37430	36.96	1.14
E1	Sample 49	2	1	4	41730	36.96	1.12
E1	Sample 49	2	1	5	46020	37	1.14
E1	Sample 49	2	1	6	50320	36.96	1.11
E1	Sample 49	2	1	7	54630	36.91	1.11
E1	Sample 49	2	1	8	58930	37	1.11
E1	Sample 49	2	1	9	63230	36.96	1.09
E1	Sample 49	2	1	10	67530	37	1.12
E1	Sample 49	2	1	11	71820	36.96	1.11
E1	Sample 49	2	1	12	76120	37	1.11
E1	Sample 49	2	1	13	80420	36.96	1.12
E1	Sample 49	2	1	14	84730	37	1.09
E1	Sample 49	2	1	15	89030	36.96	1.09
E2	Sample 50	2	1	1	28810	36.86	1.16
E2	Sample 50	2	1	2	33140	36.91	1.15
E2	Sample 50	2	1	3	37430	36.96	1.13
E2	Sample 50	2	1	4	41730	36.96	1.12
E2	Sample 50	2	1	5	46020	37	1.15
E2	Sample 50	2	1	6	50320	36.96	1.12
E2	Sample 50	2	1	7	54630	36.91	1.11
E2	Sample 50	2	1	8	58930	37	1.12
E2	Sample 50	2	1	9	63230	36.96	1.11
E2	Sample 50	2	1	10	67530	37	1.13
E2	Sample 50	2	1	11	71820	36.96	1.11
E2	Sample 50	2	1	12	76120	37	1.10
E2	Sample 50	2	1	13	80420	36.96	1.10
E2	Sample 50	2	1	14	84730	37	1.10
E2	Sample 50	2	1	15	89030	36.96	1.10
E3	Sample 51	2	1	1	28810	36.86	1.35
E3	Sample 51	2	1	2	33140	36.91	1.33
E3	Sample 51	2	1	3	37430	36.96	1.32
E3	Sample 51	2	1	4	41730	36.96	1.30
E3	Sample 51	2	1	5	46020	37	1.32
E3	Sample 51	2	1	6	50320	36.96	1.29
E3	Sample 51	2	1	7	54630	36.91	1.29
E3	Sample 51	2	1	8	58930	37	1.27
E3	Sample 51	2	1	9	63230	36.96	1.27
E3	Sample 51	2	1	10	67530	37	1.27
E3	Sample 51	2	1	11	71820	36.96	1.29
E3	Sample 51	2	1	12	76120	37	1.29
E3	Sample 51	2	1	13	80420	36.96	1.29
E3	Sample 51	2	1	14	84730	37	1.27
E3	Sample 51	2	1	15	89030	36.96	1.27
E4	Sample 52	2	1	1	28810	36.86	1.40
E4	Sample 52	2	1	2	33140	36.91	1.37
E4	Sample 52	2	1	3	37430	36.96	1.36
E4	Sample 52	2	1	4	41730	36.96	1.34
E4	Sample 52	2	1	5	46020	37	1.35
E4	Sample 52	2	1	6	50320	36.96	1.33
E4	Sample 52	2	1	7	54630	36.91	1.33
E4	Sample 52	2	1	8	58930	37	1.31
E4	Sample 52	2	1	9	63230	36.96	1.33
E4	Sample 52	2	1	10	67530	37	1.33
E4	Sample 52	2	1	11	71820	36.96	1.33
E4	Sample 52	2	1	12	76120	37	1.33
E4	Sample 52	2	1	13	80420	36.96	1.31
E4	Sample 52	2	1	14	84730	37	1.31
E4	Sample 52	2	1	15	89030	36.96	1.31
E5	Sample 53	2	1	1	28810	36.86	1.13
E5	Sample 53	2	1	2	33140	36.91	1.10
E5	Sample 53	2	1	3	37430	36.96	1.08
E5	Sample 53	2	1	4	41730	36.96	1.07
E5	Sample 53	2	1	5	46020	37	1.08
E5	Sample 53	2	1	6	50320	36.96	1.05
E5	Sample 53	2	1	7	54630	36.91	1.07
E5	Sample 53	2	1	8	58930	37	1.07
E5	Sample 53	2	1	9	63230	36.96	1.07
E5	Sample 53	2	1	10	67530	37	1.07
E5	Sample 53	2	1	11	71820	36.96	1.08
E5	Sample 53	2	1	12	76120	37	1.07
E5	Sample 53	2	1	13	80420	36.96	1.05
E5	Sample 53	2	1	14	84730	37	1.05
E5	Sample 53	2	1	15	89030	36.96	1.05
E6	Sample 54	2	1	1	28810	36.86	1.08
E6	Sample 54	2	1	2	33140	36.91	1.06
E6	Sample 54	2	1	3	37430	36.96	1.08
E6	Sample 54	2	1	4	41730	36.96	1.05
E6	Sample 54	2	1	5	46020	37	1.06
E6	Sample 54	2	1	6	50320	36.96	1.03
E6	Sample 54	2	1	7	54630	36.91	1.05
E6	Sample 54	2	1	8	58930	37	1.03
E6	Sample 54	2	1	9	63230	36.96	1.03
E6	Sample 54	2	1	10	67530	37	1.05
E6	Sample 54	2	1	11	71820	36.96	1.05
E6	Sample 54	2	1	12	76120	37	1.03
E6	Sample 54	2	1	13	80420	36.96	1.03
E6	Sample 54	2	1	14	84730	37	1.03
E6	Sample 54	2	1	15	89030	36.96	1.02
E7	Sample 55	2	1	1	28810	36.86	1.41
E7	Sample 55	2	1	2	33140	36.91	1.39
E7	Sample 55	2	1	3	37430	36.96	1.36
E7	Sample 55	2	1	4	41730	36.96	1.36
E7	Sample 55	2	1	5	46020	37	1.36
E7	Sample 55	2	1	6	50320	36.96	1.34
E7	Sample 55	2	1	7	54630	36.91	1.34
E7	Sample 55	2	1	8	58930	37	1.34
E7	Sample 55	2	1	9	63230	36.96	1.33
E7	Sample 55	2	1	10	67530	37	1.34
E7	Sample 55	2	1	11	71820	36.96	1.34
E7	Sample 55	2	1	12	76120	37	1.34
E7	Sample 55	2	1	13	80420	36.96	1.33
E7	Sample 55	2	1	14	84730	37	1.34
E7	Sample 55	2	1	15	89030	36.96	1.33
E8	Sample 56	2	1	1	28810	36.86	1.52
E8	Sample 56	2	1	2	33140	36.91	1.49
E8	Sample 56	2	1	3	37430	36.96	1.50
E8	Sample 56	2	1	4	41730	36.96	1.47
E8	Sample 56	2	1	5	46020	37	1.49
E8	Sample 56	2	1	6	50320	36.96	1.46
E8	Sample 56	2	1	7	54630	36.91	1.47
E8	Sample 56	2	1	8	58930	37	1.46
E8	Sample 56	2	1	9	63230	36.96	1.46
E8	Sample 56	2	1	10	67530	37	1.46
E8	Sample 56	2	1	11	71820	36.96	1.46
E8	Sample 56	2	1	12	76120	37	1.47
E8	Sample 56	2	1	13	80420	36.96	1.46
E8	Sample 56	2	1	14	84730	37	1.47
E8	Sample 56	2	1	15	89030	36.96	1.46
E9	Sample 57	2	1	1	28810	36.86	10.04
E9	Sample 57	2	1	2	33140	36.91	9.98
E9	Sample 57	2	1	3	37430	36.96	9.98
E9	Sample 57	2	1	4	41730	36.96	9.96
E9	Sample 57	2	1	5	46020	37	9.96
E9	Sample 57	2	1	6	50320	36.96	9.92
E9	Sample 57	2	1	7	54630	36.91	9.92
E9	Sample 57	2	1	8	58930	37	9.89
E9	Sample 57	2	1	9	63230	36.96	9.86
E9	Sample 57	2	1	10	67530	37	9.88
E9	Sample 57	2	1	11	71820	36.96	9.89
E9	Sample 57	2	1	12	76120	37	9.83
E9	Sample 57	2	1	13	80420	36.96	9.82
E9	Sample 57	2	1	14	84730	37	9.83
E9	Sample 57	2	1	15	89030	36.96	9.77
E10	Sample 58	2	1	1	28810	36.86	8.35
E10	Sample 58	2	1	2	33140	36.91	8.32
E10	Sample 58	2	1	3	37430	36.96	8.28
E10	Sample 58	2	1	4	41730	36.96	8.28
E10	Sample 58	2	1	5	46020	37	8.29
E10	Sample 58	2	1	6	50320	36.96	8.26
E10	Sample 58	2	1	7	54630	36.91	8.25
E10	Sample 58	2	1	8	58930	37	8.26
E10	Sample 58	2	1	9	63230	36.96	8.25
E10	Sample 58	2	1	10	67530	37	8.25
E10	Sample 58	2	1	11	71820	36.96	8.22
E10	Sample 58	2	1	12	76120	37	8.23
E10	Sample 58	2	1	13	80420	36.96	8.19
E10	Sample 58	2	1	14	84730	37	8.20
E10	Sample 58	2	1	15	89030	36.96	8.19
E11	Sample 59	2	1	1	28810	36.86	9.45
E11	Sample 59	2	1	2	33140	36.91	9.40
E11	Sample 59	2	1	3	37430	36.96	9.43
E11	Sample 59	2	1	4	41730	36.96	9.39
E11	Sample 59	2	1	5	46020	37	9.40
E11	Sample 59	2	1	6	50320	36.96	9.37
E11	Sample 59	2	1	7	54630	36.91	9.36
E11	Sample 59	2	1	8	58930	37	9.36
E11	Sample 59	2	1	9	63230	36.96	9.33
E11	Sample 59	2	1	10	67530	37	9.34
E11	Sample 59	2	1	11	71820	36.96	9.34
E11	Sample 59	2	1	12	76120	37	9.31
E11	Sample 59	2	1	13	80420	36.96	9.30
E11	Sample 59	2	1	14	84730	37	9.28
E11	Sample 59	2	1	15	89030	36.96	9.28
E12	Sample 60	2	1	1	28810	36.86	7.37
E12	Sample 60	2	1	2	33140	36.91	7.36
E12	Sample 60	2	1	3	37430	36.96	7.36
E12	Sample 60	2	1	4	41730	36.96	7.36
E12	Sample 60	2	1	5	46020	37	7.34
E12	Sample 60	2	1	6	50320	36.96	7.33
E12	Sample 60	2	1	7	54630	36.91	7.33
E12	Sample 60	2	1	8	58930	37	7.33
E12	Sample 60	2	1	9	63230	36.96	7.31
E12	Sample 60	2	1	10	67530	37	7.30
E12	Sample 60	2	1	11	71820	36.96	7.33
E12	Sample 60	2	1	12	76120	37	7.31
E12	Sample 60	2	1	13	80420	36.96	7.30
E12	Sample 60	2	1	14	84730	37	7.30
E12	Sample 60	2	1	15	89030	36.96	7.28
F1	Sample 61	2	1	1	28810	36.86	1.27
F1	Sample 61	2	1	2	33140	36.91	1.30
F1	Sample 61	2	1	3	37430	36.96	1.27
F1	Sample 61	2	1	4	41730	36.96	1.24
F1	Sample 61	2	1	5	46020	37	1.26
F1	Sample 61	2	1	6	50320	36.96	1.24
F1	Sample 61	2	1	7	54630	36.91	1.24
F1	Sample 61	2	1	8	58930	37	1.24
F1	Sample 61	2	1	9	63230	36.96	1.23
F1	Sample 61	2	1	10	67530	37	1.23
F1	Sample 61	2	1	11	71820	36.96	1.23
F1	Sample 61	2	1	12	76120	37	1.24
F1	Sample 61	2	1	13	80420	36.96	1.23
F1	Sample 61	2	1	14	84730	37	1.23
F1	Sample 61	2	1	15	89030	36.96	1.23
F2	Sample 62	2	1	1	28810	36.86	1.38
F2	Sample 62	2	1	2	33140	36.91	1.41
F2	Sample 62	2	1	3	37430	36.96	1.38
F2	Sample 62	2	1	4	41730	36.96	1.38
F2	Sample 62	2	1	5	46020	37	1.37
F2	Sample 62	2	1	6	50320	36.96	1.34
F2	Sample 62	2	1	7	54630	36.91	1.34
F2	Sample 62	2	1	8	58930	37	1.35
F2	Sample 62	2	1	9	63230	36.96	1.34
F2	Sample 62	2	1	10	67530	37	1.34
F2	Sample 62	2	1	11	71820	36.96	1.34
F2	Sample 62	2	1	12	76120	37	1.35
F2	Sample 62	2	1	13	80420	36.96	1.35
F2	Sample 62	2	1	14	84730	37	1.34
F2	Sample 62	2	1	15	89030	36.96	1.35
F3	Sample 63	2	1	1	28810	36.86	1.49
F3	Sample 63	2	1	2	33140	36.91	1.52
F3	Sample 63	2	1	3	37430	36.96	1.48
F3	Sample 63	2	1	4	41730	36.96	1.48
F3	Sample 63	2	1	5	46020	37	1.46
F3	Sample 63	2	1	6	50320	36.96	1.46
F3	Sample 63	2	1	7	54630	36.91	1.45
F3	Sample 63	2	1	8	58930	37	1.46
F3	Sample 63	2	1	9	63230	36.96	1.43
F3	Sample 63	2	1	10	67530	37	1.45
F3	Sample 63	2	1	11	71820	36.96	1.45
F3	Sample 63	2	1	12	76120	37	1.43
F3	Sample 63	2	1	13	80420	36.96	1.45
F3	Sample 63	2	1	14	84730	37	1.45
F3	Sample 63	2	1	15	89030	36.96	1.45
F4	Sample 64	2	1	1	28810	36.86	1.58
F4	Sample 64	2	1	2	33140	36.91	1.59
F4	Sample 64	2	1	3	37430	36.96	1.56
F4	Sample 64	2	1	4	41730	36.96	1.53
F4	Sample 64	2	1	5	46020	37	1.53
F4	Sample 64	2	1	6	50320	36.96	1.53
F4	Sample 64	2	1	7	54630	36.91	1.50
F4	Sample 64	2	1	8	58930	37	1.52
F4	Sample 64	2	1	9	63230	36.96	1.50
F4	Sample 64	2	1	10	67530	37	1.50
F4	Sample 64	2	1	11	71820	36.96	1.50
F4	Sample 64	2	1	12	76120	37	1.52
F4	Sample 64	2	1	13	80420	36.96	1.52
F4	Sample 64	2	1	14	84730	37	1.52
F4	Sample 64	2	1	15	89030	36.96	1.50
F5	Sample 65	2	1	1	28810	36.86	1.46
F5	Sample 65	2	1	2	33140	36.91	1.48
F5	Sample 65	2	1	3	37430	36.96	1.45
F5	Sample 65	2	1	4	41730	36.96	1.45
F5	Sample 65	2	1	5	46020	37	1.45
F5	Sample 65	2	1	6	50320	36.96	1.43
F5	Sample 65	2	1	7	54630	36.91	1.42
F5	Sample 65	2	1	8	58930	37	1.42
F5	Sample 65	2	1	9	63230	36.96	1.40
F5	Sample 65	2	1	10	67530	37	1.42
F5	Sample 65	2	1	11	71820	36.96	1.42
F5	Sample 65	2	1	12	76120	37	1.43
F5	Sample 65	2	1	13	80420	36.96	1.42
F5	Sample 65	2	1	14	84730	37	1.42
F5	Sample 65	2	1	15	89030	36.96	1.42
F6	Sample 66	2	1	1	28810	36.86	1.40
F6	Sample 66	2	1	2	33140	36.91	1.43
F6	Sample 66	2	1	3	37430	36.96	1.40
F6	Sample 66	2	1	4	41730	36.96	1.38
F6	Sample 66	2	1	5	46020	37	1.38
F6	Sample 66	2	1	6	50320	36.96	1.35
F6	Sample 66	2	1	7	54630	36.91	1.35
F6	Sample 66	2	1	8	58930	37	1.35
F6	Sample 66	2	1	9	63230	36.96	1.35
F6	Sample 66	2	1	10	67530	37	1.35
F6	Sample 66	2	1	11	71820	36.96	1.34
F6	Sample 66	2	1	12	76120	37	1.37
F6	Sample 66	2	1	13	80420	36.96	1.35
F6	Sample 66	2	1	14	84730	37	1.37
F6	Sample 66	2	1	15	89030	36.96	1.35
F7	Sample 67	2	1	1	28810	36.86	1.72
F7	Sample 67	2	1	2	33140	36.91	1.74
F7	Sample 67	2	1	3	37430	36.96	1.71
F7	Sample 67	2	1	4	41730	36.96	1.69
F7	Sample 67	2	1	5	46020	37	1.69
F7	Sample 67	2	1	6	50320	36.96	1.68
F7	Sample 67	2	1	7	54630	36.91	1.68
F7	Sample 67	2	1	8	58930	37	1.68
F7	Sample 67	2	1	9	63230	36.96	1.66
F7	Sample 67	2	1	10	67530	37	1.66
F7	Sample 67	2	1	11	71820	36.96	1.68
F7	Sample 67	2	1	12	76120	37	1.68
F7	Sample 67	2	1	13	80420	36.96	1.68
F7	Sample 67	2	1	14	84730	37	1.68
F7	Sample 67	2	1	15	89030	36.96	1.66
F8	Sample 68	2	1	1	28810	36.86	1.78
F8	Sample 68	2	1	2	33140	36.91	1.79
F8	Sample 68	2	1	3	37430	36.96	1.76
F8	Sample 68	2	1	4	41730	36.96	1.73
F8	Sample 68	2	1	5	46020	37	1.72
F8	Sample 68	2	1	6	50320	36.96	1.72
F8	Sample 68	2	1	7	54630	36.91	1.70
F8	Sample 68	2	1	8	58930	37	1.72
F8	Sample 68	2	1	9	63230	36.96	1.70
F8	Sample 68	2	1	10	67530	37	1.69
F8	Sample 68	2	1	11	71820	36.96	1.70
F8	Sample 68	2	1	12	76120	37	1.72
F8	Sample 68	2	1	13	80420	36.96	1.72
F8	Sample 68	2	1	14	84730	37	1.72
F8	Sample 68	2	1	15	89030	36.96	1.70
F9	Sample 69	2	1	1	28810	36.86	8.79
F9	Sample 69	2	1	2	33140	36.91	8.79
F9	Sample 69	2	1	3	37430	36.96	8.74
F9	Sample 69	2	1	4	41730	36.96	8.76
F9	Sample 69	2	1	5	46020	37	8.73
F9	Sample 69	2	1	6	50320	36.96	8.71
F9	Sample 69	2	1	7	54630	36.91	8.70
F9	Sample 69	2	1	8	58930	37	8.70
F9	Sample 69	2	1	9	63230	36.96	8.70
F9	Sample 69	2	1	10	67530	37	8.67
F9	Sample 69	2	1	11	71820	36.96	8.67
F9	Sample 69	2	1	12	76120	37	8.67
F9	Sample 69	2	1	13	80420	36.96	8.67
F9	Sample 69	2	1	14	84730	37	8.64
F9	Sample 69	2	1	15	89030	36.96	8.64
F10	Sample 70	2	1	1	28810	36.86	9.81
F10	Sample 70	2	1	2	33140	36.91	9.84
F10	Sample 70	2	1	3	37430	36.96	9.83
F10	Sample 70	2	1	4	41730	36.96	9.81
F10	Sample 70	2	1	5	46020	37	9.78
F10	Sample 70	2	1	6	50320	36.96	9.75
F10	Sample 70	2	1	7	54630	36.91	9.75
F10	Sample 70	2	1	8	58930	37	9.74
F10	Sample 70	2	1	9	63230	36.96	9.72
F10	Sample 70	2	1	10	67530	37	9.69
F10	Sample 70	2	1	11	71820	36.96	9.69
F10	Sample 70	2	1	12	76120	37	9.69
F10	Sample 70	2	1	13	80420	36.96	9.71
F10	Sample 70	2	1	14	84730	37	9.65
F10	Sample 70	2	1	15	89030	36.96	9.65
F11	Sample 71	2	1	1	28810	36.86	9.41
F11	Sample 71	2	1	2	33140	36.91	9.43
F11	Sample 71	2	1	3	37430	36.96	9.37
F11	Sample 71	2	1	4	41730	36.96	9.35
F11	Sample 71	2	1	5	46020	37	9.37
F11	Sample 71	2	1	6	50320	36.96	9.34
F11	Sample 71	2	1	7	54630	36.91	9.32
F11	Sample 71	2	1	8	58930	37	9.32
F11	Sample 71	2	1	9	63230	36.96	9.31
F11	Sample 71	2	1	10	67530	37	9.29
F11	Sample 71	2	1	11	71820	36.96	9.31
F11	Sample 71	2	1	12	76120	37	9.28
F11	Sample 71	2	1	13	80420	36.96	9.26
F11	Sample 71	2	1	14	84730	37	9.26
F11	Sample 71	2	1	15	89030	36.96	9.25
F12	Sample 72	2	1	1	28810	36.86	8.51
F12	Sample 72	2	1	2	33140	36.91	8.51
F12	Sample 72	2	1	3	37430	36.96	8.50
F12	Sample 72	2	1	4	41730	36.96	8.50
F12	Sample 72	2	1	5	46020	37	8.50
F12	Sample 72	2	1	6	50320	36.96	8.47
F12	Sample 72	2	1	7	54630	36.91	8.48
F12	Sample 72	2	1	8	58930	37	8.47
F12	Sample 72	2	1	9	63230	36.96	8.42
F12	Sample 72	2	1	10	67530	37	8.44
F12	Sample 72	2	1	11	71820	36.96	8.44
F12	Sample 72	2	1	12	76120	37	8.45
F12	Sample 72	2	1	13	80420	36.96	8.44
F12	Sample 72	2	1	14	84730	37	8.41
F12	Sample 72	2	1	15	89030	36.96	8.42
G1	Sample 73	2	1	1	28810	36.86	1.43
G1	Sample 73	2	1	2	33140	36.91	1.41
G1	Sample 73	2	1	3	37430	36.96	1.41
G1	Sample 73	2	1	4	41730	36.96	1.38
G1	Sample 73	2	1	5	46020	37	1.38
G1	Sample 73	2	1	6	50320	36.96	1.38
G1	Sample 73	2	1	7	54630	36.91	1.38
G1	Sample 73	2	1	8	58930	37	1.36
G1	Sample 73	2	1	9	63230	36.96	1.36
G1	Sample 73	2	1	10	67530	37	1.38
G1	Sample 73	2	1	11	71820	36.96	1.36
G1	Sample 73	2	1	12	76120	37	1.36
G1	Sample 73	2	1	13	80420	36.96	1.36
G1	Sample 73	2	1	14	84730	37	1.38
G1	Sample 73	2	1	15	89030	36.96	1.35
G2	Sample 74	2	1	1	28810	36.86	1.52
G2	Sample 74	2	1	2	33140	36.91	1.51
G2	Sample 74	2	1	3	37430	36.96	1.49
G2	Sample 74	2	1	4	41730	36.96	1.49
G2	Sample 74	2	1	5	46020	37	1.48
G2	Sample 74	2	1	6	50320	36.96	1.46
G2	Sample 74	2	1	7	54630	36.91	1.46
G2	Sample 74	2	1	8	58930	37	1.44
G2	Sample 74	2	1	9	63230	36.96	1.44
G2	Sample 74	2	1	10	67530	37	1.46
G2	Sample 74	2	1	11	71820	36.96	1.44
G2	Sample 74	2	1	12	76120	37	1.46
G2	Sample 74	2	1	13	80420	36.96	1.46
G2	Sample 74	2	1	14	84730	37	1.46
G2	Sample 74	2	1	15	89030	36.96	1.44
G3	Sample 75	2	1	1	28810	36.86	1.60
G3	Sample 75	2	1	2	33140	36.91	1.57
G3	Sample 75	2	1	3	37430	36.96	1.59
G3	Sample 75	2	1	4	41730	36.96	1.56
G3	Sample 75	2	1	5	46020	37	1.56
G3	Sample 75	2	1	6	50320	36.96	1.56
G3	Sample 75	2	1	7	54630	36.91	1.54
G3	Sample 75	2	1	8	58930	37	1.54
G3	Sample 75	2	1	9	63230	36.96	1.53
G3	Sample 75	2	1	10	67530	37	1.54
G3	Sample 75	2	1	11	71820	36.96	1.53
G3	Sample 75	2	1	12	76120	37	1.53
G3	Sample 75	2	1	13	80420	36.96	1.53
G3	Sample 75	2	1	14	84730	37	1.53
G3	Sample 75	2	1	15	89030	36.96	1.53
G4	Sample 76	2	1	1	28810	36.86	1.64
G4	Sample 76	2	1	2	33140	36.91	1.62
G4	Sample 76	2	1	3	37430	36.96	1.61
G4	Sample 76	2	1	4	41730	36.96	1.62
G4	Sample 76	2	1	5	46020	37	1.59
G4	Sample 76	2	1	6	50320	36.96	1.59
G4	Sample 76	2	1	7	54630	36.91	1.59
G4	Sample 76	2	1	8	58930	37	1.59
G4	Sample 76	2	1	9	63230	36.96	1.58
G4	Sample 76	2	1	10	67530	37	1.58
G4	Sample 76	2	1	11	71820	36.96	1.59
G4	Sample 76	2	1	12	76120	37	1.56
G4	Sample 76	2	1	13	80420	36.96	1.58
G4	Sample 76	2	1	14	84730	37	1.58
G4	Sample 76	2	1	15	89030	36.96	1.58
G5	Sample 77	2	1	1	28810	36.86	1.85
G5	Sample 77	2	1	2	33140	36.91	1.84
G5	Sample 77	2	1	3	37430	36.96	1.82
G5	Sample 77	2	1	4	41730	36.96	1.81
G5	Sample 77	2	1	5	46020	37	1.79
G5	Sample 77	2	1	6	50320	36.96	1.79
G5	Sample 77	2	1	7	54630	36.91	1.79
G5	Sample 77	2	1	8	58930	37	1.78
G5	Sample 77	2	1	9	63230	36.96	1.78
G5	Sample 77	2	1	10	67530	37	1.79
G5	Sample 77	2	1	11	71820	36.96	1.78
G5	Sample 77	2	1	12	76120	37	1.79
G5	Sample 77	2	1	13	80420	36.96	1.78
G5	Sample 77	2	1	14	84730	37	1.79
G5	Sample 77	2	1	15	89030	36.96	1.78
G6	Sample 78	2	1	1	28810	36.86	1.76
G6	Sample 78	2	1	2	33140	36.91	1.74
G6	Sample 78	2	1	3	37430	36.96	1.73
G6	Sample 78	2	1	4	41730	36.96	1.70
G6	Sample 78	2	1	5	46020	37	1.71
G6	Sample 78	2	1	6	50320	36.96	1.70
G6	Sample 78	2	1	7	54630	36.91	1.70
G6	Sample 78	2	1	8	58930	37	1.70
G6	Sample 78	2	1	9	63230	36.96	1.68
G6	Sample 78	2	1	10	67530	37	1.70
G6	Sample 78	2	1	11	71820	36.96	1.68
G6	Sample 78	2	1	12	76120	37	1.70
G6	Sample 78	2	1	13	80420	36.96	1.70
G6	Sample 78	2	1	14	84730	37	1.71
G6	Sample 78	2	1	15	89030	36.96	1.68
G7	Sample 79	2	1	1	28810	36.86	1.71
G7	Sample 79	2	1	2	33140	36.91	1.71
G7	Sample 79	2	1	3	37430	36.96	1.71
G7	Sample 79	2	1	4	41730	36.96	1.68
G7	Sample 79	2	1	5	46020	37	1.66
G7	Sample 79	2	1	6	50320	36.96	1.66
G7	Sample 79	2	1	7	54630	36.91	1.66
G7	Sample 79	2	1	8	58930	37	1.65
G7	Sample 79	2	1	9	63230	36.96	1.65
G7	Sample 79	2	1	10	67530	37	1.66
G7	Sample 79	2	1	11	71820	36.96	1.63
G7	Sample 79	2	1	12	76120	37	1.63
G7	Sample 79	2	1	13	80420	36.96	1.66
G7	Sample 79	2	1	14	84730	37	1.66
G7	Sample 79	2	1	15	89030	36.96	1.65
G8	Sample 80	2	1	1	28810	36.86	1.72
G8	Sample 80	2	1	2	33140	36.91	1.69
G8	Sample 80	2	1	3	37430	36.96	1.69
G8	Sample 80	2	1	4	41730	36.96	1.66
G8	Sample 80	2	1	5	46020	37	1.67
G8	Sample 80	2	1	6	50320	36.96	1.66
G8	Sample 80	2	1	7	54630	36.91	1.66
G8	Sample 80	2	1	8	58930	37	1.67
G8	Sample 80	2	1	9	63230	36.96	1.66
G8	Sample 80	2	1	10	67530	37	1.66
G8	Sample 80	2	1	11	71820	36.96	1.64
G8	Sample 80	2	1	12	76120	37	1.66
G8	Sample 80	2	1	13	80420	36.96	1.67
G8	Sample 80	2	1	14	84730	37	1.66
G8	Sample 80	2	1	15	89030	36.96	1.66
G9	Sample 81	2	1	1	28810	36.86	7.62
G9	Sample 81	2	1	2	33140	36.91	7.59
G9	Sample 81	2	1	3	37430	36.96	7.60
G9	Sample 81	2	1	4	41730	36.96	7.60
G9	Sample 81	2	1	5	46020	37	7.59
G9	Sample 81	2	1	6	50320	36.96	7.56
G9	Sample 81	2	1	7	54630	36.91	7.56
G9	Sample 81	2	1	8	58930	37	7.56
G9	Sample 81	2	1	9	63230	36.96	7.54
G9	Sample 81	2	1	10	67530	37	7.56
G9	Sample 81	2	1	11	71820	36.96	7.54
G9	Sample 81	2	1	12	76120	37	7.54
G9	Sample 81	2	1	13	80420	36.96	7.53
G9	Sample 81	2	1	14	84730	37	7.51
G9	Sample 81	2	1	15	89030	36.96	7.50
G10	Sample 82	2	1	1	28810	36.86	8.00
G10	Sample 82	2	1	2	33140	36.91	7.97
G10	Sample 82	2	1	3	37430	36.96	7.97
G10	Sample 82	2	1	4	41730	36.96	7.97
G10	Sample 82	2	1	5	46020	37	7.96
G10	Sample 82	2	1	6	50320	36.96	7.97
G10	Sample 82	2	1	7	54630	36.91	7.93
G10	Sample 82	2	1	8	58930	37	7.93
G10	Sample 82	2	1	9	63230	36.96	7.91
G10	Sample 82	2	1	10	67530	37	7.93
G10	Sample 82	2	1	11	71820	36.96	7.90
G10	Sample 82	2	1	12	76120	37	7.88
G10	Sample 82	2	1	13	80420	36.96	7.91
G10	Sample 82	2	1	14	84730	37	7.88
G10	Sample 82	2	1	15	89030	36.96	7.88
G11	Sample 83	2	1	1	28810	36.86	8.65
G11	Sample 83	2	1	2	33140	36.91	8.65
G11	Sample 83	2	1	3	37430	36.96	8.65
G11	Sample 83	2	1	4	41730	36.96	8.62
G11	Sample 83	2	1	5	46020	37	8.61
G11	Sample 83	2	1	6	50320	36.96	8.59
G11	Sample 83	2	1	7	54630	36.91	8.59
G11	Sample 83	2	1	8	58930	37	8.58
G11	Sample 83	2	1	9	63230	36.96	8.55
G11	Sample 83	2	1	10	67530	37	8.56
G11	Sample 83	2	1	11	71820	36.96	8.56
G11	Sample 83	2	1	12	76120	37	8.56
G11	Sample 83	2	1	13	80420	36.96	8.56
G11	Sample 83	2	1	14	84730	37	8.54
G11	Sample 83	2	1	15	89030	36.96	8.50
G12	Sample 84	2	1	1	28810	36.86	6.71
G12	Sample 84	2	1	2	33140	36.91	6.71
G12	Sample 84	2	1	3	37430	36.96	6.70
G12	Sample 84	2	1	4	41730	36.96	6.69
G12	Sample 84	2	1	5	46020	37	6.69
G12	Sample 84	2	1	6	50320	36.96	6.69
G12	Sample 84	2	1	7	54630	36.91	6.71
G12	Sample 84	2	1	8	58930	37	6.69
G12	Sample 84	2	1	9	63230	36.96	6.69
G12	Sample 84	2	1	10	67530	37	6.71
G12	Sample 84	2	1	11	71820	36.96	6.66
G12	Sample 84	2	1	12	76120	37	6.68
G12	Sample 84	2	1	13	80420	36.96	6.66
G12	Sample 84	2	1	14	84730	37	6.68
G12	Sample 84	2	1	15	89030	36.96	6.63
H1	Sample 85	2	1	1	28810	36.86	1.45
H1	Sample 85	2	1	2	33140	36.91	1.43
H1	Sample 85	2	1	3	37430	36.96	1.43
H1	Sample 85	2	1	4	41730	36.96	1.43
H1	Sample 85	2	1	5	46020	37	1.40
H1	Sample 85	2	1	6	50320	36.96	1.40
H1	Sample 85	2	1	7	54630	36.91	1.40
H1	Sample 85	2	1	8	58930	37	1.38
H1	Sample 85	2	1	9	63230	36.96	1.40
H1	Sample 85	2	1	10	67530	37	1.40
H1	Sample 85	2	1	11	71820	36.96	1.40
H1	Sample 85	2	1	12	76120	37	1.38
H1	Sample 85	2	1	13	80420	36.96	1.40
H1	Sample 85	2	1	14	84730	37	1.40
H1	Sample 85	2	1	15	89030	36.96	1.38
H2	Sample 86	2	1	1	28810	36.86	1.54
H2	Sample 86	2	1	2	33140	36.91	1.53
H2	Sample 86	2	1	3	37430	36.96	1.53
H2	Sample 86	2	1	4	41730	36.96	1.51
H2	Sample 86	2	1	5	46020	37	1.51
H2	Sample 86	2	1	6	50320	36.96	1.50
H2	Sample 86	2	1	7	54630	36.91	1.51
H2	Sample 86	2	1	8	58930	37	1.50
H2	Sample 86	2	1	9	63230	36.96	1.51
H2	Sample 86	2	1	10	67530	37	1.50
H2	Sample 86	2	1	11	71820	36.96	1.50
H2	Sample 86	2	1	12	76120	37	1.51
H2	Sample 86	2	1	13	80420	36.96	1.50
H2	Sample 86	2	1	14	84730	37	1.51
H2	Sample 86	2	1	15	89030	36.96	1.48
H3	Sample 87	2	1	1	28810	36.86	1.59
H3	Sample 87	2	1	2	33140	36.91	1.59
H3	Sample 87	2	1	3	37430	36.96	1.58
H3	Sample 87	2	1	4	41730	36.96	1.58
H3	Sample 87	2	1	5	46020	37	1.55
H3	Sample 87	2	1	6	50320	36.96	1.55
H3	Sample 87	2	1	7	54630	36.91	1.55
H3	Sample 87	2	1	8	58930	37	1.53
H3	Sample 87	2	1	9	63230	36.96	1.53
H3	Sample 87	2	1	10	67530	37	1.53
H3	Sample 87	2	1	11	71820	36.96	1.53
H3	Sample 87	2	1	12	76120	37	1.55
H3	Sample 87	2	1	13	80420	36.96	1.55
H3	Sample 87	2	1	14	84730	37	1.54
H3	Sample 87	2	1	15	89030	36.96	1.51
H4	Sample 88	2	1	1	28810	36.86	1.66
H4	Sample 88	2	1	2	33140	36.91	1.64
H4	Sample 88	2	1	3	37430	36.96	1.63
H4	Sample 88	2	1	4	41730	36.96	1.61
H4	Sample 88	2	1	5	46020	37	1.63
H4	Sample 88	2	1	6	50320	36.96	1.61
H4	Sample 88	2	1	7	54630	36.91	1.60
H4	Sample 88	2	1	8	58930	37	1.60
H4	Sample 88	2	1	9	63230	36.96	1.60
H4	Sample 88	2	1	10	67530	37	1.58
H4	Sample 88	2	1	11	71820	36.96	1.58
H4	Sample 88	2	1	12	76120	37	1.61
H4	Sample 88	2	1	13	80420	36.96	1.60
H4	Sample 88	2	1	14	84730	37	1.61
H4	Sample 88	2	1	15	89030	36.96	1.60
H5	Sample 89	2	1	1	28810	36.86	1.86
H5	Sample 89	2	1	2	33140	36.91	1.86
H5	Sample 89	2	1	3	37430	36.96	1.83
H5	Sample 89	2	1	4	41730	36.96	1.85
H5	Sample 89	2	1	5	46020	37	1.82
H5	Sample 89	2	1	6	50320	36.96	1.80
H5	Sample 89	2	1	7	54630	36.91	1.80
H5	Sample 89	2	1	8	58930	37	1.79
H5	Sample 89	2	1	9	63230	36.96	1.80
H5	Sample 89	2	1	10	67530	37	1.82
H5	Sample 89	2	1	11	71820	36.96	1.80
H5	Sample 89	2	1	12	76120	37	1.80
H5	Sample 89	2	1	13	80420	36.96	1.80
H5	Sample 89	2	1	14	84730	37	1.80
H5	Sample 89	2	1	15	89030	36.96	1.78
H6	Sample 90	2	1	1	28810	36.86	1.78
H6	Sample 90	2	1	2	33140	36.91	1.76
H6	Sample 90	2	1	3	37430	36.96	1.73
H6	Sample 90	2	1	4	41730	36.96	1.75
H6	Sample 90	2	1	5	46020	37	1.73
H6	Sample 90	2	1	6	50320	36.96	1.72
H6	Sample 90	2	1	7	54630	36.91	1.73
H6	Sample 90	2	1	8	58930	37	1.72
H6	Sample 90	2	1	9	63230	36.96	1.70
H6	Sample 90	2	1	10	67530	37	1.70
H6	Sample 90	2	1	11	71820	36.96	1.70
H6	Sample 90	2	1	12	76120	37	1.70
H6	Sample 90	2	1	13	80420	36.96	1.70
H6	Sample 90	2	1	14	84730	37	1.70
H6	Sample 90	2	1	15	89030	36.96	1.68
H7	Sample 91	2	1	1	28810	36.86	1.81
H7	Sample 91	2	1	2	33140	36.91	1.80
H7	Sample 91	2	1	3	37430	36.96	1.78
H7	Sample 91	2	1	4	41730	36.96	1.78
H7	Sample 91	2	1	5	46020	37	1.77
H7	Sample 91	2	1	6	50320	36.96	1.75
H7	Sample 91	2	1	7	54630	36.91	1.75
H7	Sample 91	2	1	8	58930	37	1.74
H7	Sample 91	2	1	9	63230	36.96	1.75
H7	Sample 91	2	1	10	67530	37	1.75
H7	Sample 91	2	1	11	71820	36.96	1.75
H7	Sample 91	2	1	12	76120	37	1.75
H7	Sample 91	2	1	13	80420	36.96	1.75
H7	Sample 91	2	1	14	84730	37	1.77
H7	Sample 91	2	1	15	89030	36.96	1.75
H8	Sample 92	2	1	1	28810	36.86	1.76
H8	Sample 92	2	1	2	33140	36.91	1.73
H8	Sample 92	2	1	3	37430	36.96	1.72
H8	Sample 92	2	1	4	41730	36.96	1.72
H8	Sample 92	2	1	5	46020	37	1.70
H8	Sample 92	2	1	6	50320	36.96	1.69
H8	Sample 92	2	1	7	54630	36.91	1.69
H8	Sample 92	2	1	8	58930	37	1.67
H8	Sample 92	2	1	9	63230	36.96	1.70
H8	Sample 92	2	1	10	67530	37	1.69
H8	Sample 92	2	1	11	71820	36.96	1.69
H8	Sample 92	2	1	12	76120	37	1.69
H8	Sample 92	2	1	13	80420	36.96	1.69
H8	Sample 92	2	1	14	84730	37	1.70
H8	Sample 92	2	1	15	89030	36.96	1.69
H9	Sample 93	2	1	1	28810	36.86	6.80
H9	Sample 93	2	1	2	33140	36.91	6.77
H9	Sample 93	2	1	3	37430	36.96	6.77
H9	Sample 93	2	1	4	41730	36.96	6.74
H9	Sample 93	2	1	5	46020	37	6.77
H9	Sample 93	2	1	6	50320	36.96	6.70
H9	Sample 93	2	1	7	54630	36.91	6.71
H9	Sample 93	2	1	8	58930	37	6.71
H9	Sample 93	2	1	9	63230	36.96	6.73
H9	Sample 93	2	1	10	67530	37	6.73
H9	Sample 93	2	1	11	71820	36.96	6.70
H9	Sample 93	2	1	12	76120	37	6.70
H9	Sample 93	2	1	13	80420	36.96	6.71
H9	Sample 93	2	1	14	84730	37	6.70
H9	Sample 93	2	1	15	89030	36.96	6.67
H10	Sample 94	2	1	1	28810	36.86	7.01
H10	Sample 94	2	1	2	33140	36.91	7.01
H10	Sample 94	2	1	3	37430	36.96	7.01
H10	Sample 94	2	1	4	41730	36.96	6.99
H10	Sample 94	2	1	5	46020	37	6.98
H10	Sample 94	2	1	6	50320	36.96	6.98
H10	Sample 94	2	1	7	54630	36.91	6.98
H10	Sample 94	2	1	8	58930	37	6.95
H10	Sample 94	2	1	9	63230	36.96	6.99
H10	Sample 94	2	1	10	67530	37	6.96
H10	Sample 94	2	1	11	71820	36.96	6.93
H10	Sample 94	2	1	12	76120	37	6.96
H10	Sample 94	2	1	13	80420	36.96	6.95
H10	Sample 94	2	1	14	84730	37	6.95
H10	Sample 94	2	1	15	89030	36.96	6.92
H11	Sample 95	2	1	1	28810	36.86	6.77
H11	Sample 95	2	1	2	33140	36.91	6.77
H11	Sample 95	2	1	3	37430	36.96	6.79
H11	Sample 95	2	1	4	41730	36.96	6.77
H11	Sample 95	2	1	5	46020	37	6.77
H11	Sample 95	2	1	6	50320	36.96	6.76
H11	Sample 95	2	1	7	54630	36.91	6.75
H11	Sample 95	2	1	8	58930	37	6.74
H11	Sample 95	2	1	9	63230	36.96	6.75
H11	Sample 95	2	1	10	67530	37	6.76
H11	Sample 95	2	1	11	71820	36.96	6.75
H11	Sample 95	2	1	12	76120	37	6.74
H11	Sample 95	2	1	13	80420	36.96	6.75
H11	Sample 95	2	1	14	84730	37	6.77
H11	Sample 95	2	1	15	89030	36.96	6.72
H12	Sample 96	2	1	1	28810	36.86	7.49
H12	Sample 96	2	1	2	33140	36.91	7.47
H12	Sample 96	2	1	3	37430	36.96	7.49
H12	Sample 96	2	1	4	41730	36.96	7.50
H12	Sample 96	2	1	5	46020	37	7.49
H12	Sample 96	2	1	6	50320	36.96	7.46
H12	Sample 96	2	1	7	54630	36.91	7.47
H12	Sample 96	2	1	8	58930	37	7.43
H12	Sample 96	2	1	9	63230	36.96	7.44
H12	Sample 96	2	1	10	67530	37	7.46
H12	Sample 96	2	1	11	71820	36.96	7.46
H12	Sample 96	2	1	12	76120	37	7.44
H12	Sample 96	2	1	13	80420	36.96	7.46
H12	Sample 96	2	1	14	84730	37	7.44
H12	Sample 96	2	1	15	89030	36.96	7.44
