Raw Data 		Experiment - evIC50_3_plate2_11APRIL2026 (Run on LCS480 1.5.1.62)
SamplePos	SampleName	Prog#	Seg#	Cycle#	Time	Temp	465-510	
A1	Sample 1	2	1	1	32720	36.96	1.40
A1	Sample 1	2	1	2	37730	36.91	1.39
A1	Sample 1	2	1	3	42730	36.96	1.40
A1	Sample 1	2	1	4	47740	36.96	1.42
A1	Sample 1	2	1	5	52740	37	1.41
A1	Sample 1	2	1	6	57730	36.96	1.41
A1	Sample 1	2	1	7	62730	37	1.42
A1	Sample 1	2	1	8	67750	36.91	1.41
A1	Sample 1	2	1	9	72750	36.96	1.42
A1	Sample 1	2	1	10	77740	37	1.42
A1	Sample 1	2	1	11	82730	36.96	1.42
A1	Sample 1	2	1	12	87730	37	1.43
A1	Sample 1	2	1	13	92740	36.96	1.43
A1	Sample 1	2	1	14	97740	37	1.43
A1	Sample 1	2	1	15	102730	36.96	1.43
A2	Sample 2	2	1	1	32720	36.96	1.49
A2	Sample 2	2	1	2	37730	36.91	1.49
A2	Sample 2	2	1	3	42730	36.96	1.49
A2	Sample 2	2	1	4	47740	36.96	1.49
A2	Sample 2	2	1	5	52740	37	1.48
A2	Sample 2	2	1	6	57730	36.96	1.48
A2	Sample 2	2	1	7	62730	37	1.48
A2	Sample 2	2	1	8	67750	36.91	1.48
A2	Sample 2	2	1	9	72750	36.96	1.48
A2	Sample 2	2	1	10	77740	37	1.47
A2	Sample 2	2	1	11	82730	36.96	1.48
A2	Sample 2	2	1	12	87730	37	1.49
A2	Sample 2	2	1	13	92740	36.96	1.48
A2	Sample 2	2	1	14	97740	37	1.48
A2	Sample 2	2	1	15	102730	36.96	1.47
A3	Sample 3	2	1	1	32720	36.96	1.68
A3	Sample 3	2	1	2	37730	36.91	1.68
A3	Sample 3	2	1	3	42730	36.96	1.67
A3	Sample 3	2	1	4	47740	36.96	1.68
A3	Sample 3	2	1	5	52740	37	1.67
A3	Sample 3	2	1	6	57730	36.96	1.67
A3	Sample 3	2	1	7	62730	37	1.68
A3	Sample 3	2	1	8	67750	36.91	1.67
A3	Sample 3	2	1	9	72750	36.96	1.67
A3	Sample 3	2	1	10	77740	37	1.67
A3	Sample 3	2	1	11	82730	36.96	1.67
A3	Sample 3	2	1	12	87730	37	1.67
A3	Sample 3	2	1	13	92740	36.96	1.67
A3	Sample 3	2	1	14	97740	37	1.67
A3	Sample 3	2	1	15	102730	36.96	1.67
A4	Sample 4	2	1	1	32720	36.96	1.63
A4	Sample 4	2	1	2	37730	36.91	1.64
A4	Sample 4	2	1	3	42730	36.96	1.64
A4	Sample 4	2	1	4	47740	36.96	1.63
A4	Sample 4	2	1	5	52740	37	1.62
A4	Sample 4	2	1	6	57730	36.96	1.62
A4	Sample 4	2	1	7	62730	37	1.62
A4	Sample 4	2	1	8	67750	36.91	1.62
A4	Sample 4	2	1	9	72750	36.96	1.62
A4	Sample 4	2	1	10	77740	37	1.62
A4	Sample 4	2	1	11	82730	36.96	1.62
A4	Sample 4	2	1	12	87730	37	1.62
A4	Sample 4	2	1	13	92740	36.96	1.63
A4	Sample 4	2	1	14	97740	37	1.62
A4	Sample 4	2	1	15	102730	36.96	1.62
A5	Sample 5	2	1	1	32720	36.96	1.91
A5	Sample 5	2	1	2	37730	36.91	1.91
A5	Sample 5	2	1	3	42730	36.96	1.90
A5	Sample 5	2	1	4	47740	36.96	1.91
A5	Sample 5	2	1	5	52740	37	1.90
A5	Sample 5	2	1	6	57730	36.96	1.89
A5	Sample 5	2	1	7	62730	37	1.90
A5	Sample 5	2	1	8	67750	36.91	1.89
A5	Sample 5	2	1	9	72750	36.96	1.91
A5	Sample 5	2	1	10	77740	37	1.90
A5	Sample 5	2	1	11	82730	36.96	1.90
A5	Sample 5	2	1	12	87730	37	1.90
A5	Sample 5	2	1	13	92740	36.96	1.91
A5	Sample 5	2	1	14	97740	37	1.90
A5	Sample 5	2	1	15	102730	36.96	1.89
A6	Sample 6	2	1	1	32720	36.96	1.92
A6	Sample 6	2	1	2	37730	36.91	1.92
A6	Sample 6	2	1	3	42730	36.96	1.92
A6	Sample 6	2	1	4	47740	36.96	1.91
A6	Sample 6	2	1	5	52740	37	1.91
A6	Sample 6	2	1	6	57730	36.96	1.91
A6	Sample 6	2	1	7	62730	37	1.90
A6	Sample 6	2	1	8	67750	36.91	1.90
A6	Sample 6	2	1	9	72750	36.96	1.91
A6	Sample 6	2	1	10	77740	37	1.91
A6	Sample 6	2	1	11	82730	36.96	1.91
A6	Sample 6	2	1	12	87730	37	1.90
A6	Sample 6	2	1	13	92740	36.96	1.91
A6	Sample 6	2	1	14	97740	37	1.91
A6	Sample 6	2	1	15	102730	36.96	1.91
A7	Sample 7	2	1	1	32720	36.96	1.92
A7	Sample 7	2	1	2	37730	36.91	1.91
A7	Sample 7	2	1	3	42730	36.96	1.92
A7	Sample 7	2	1	4	47740	36.96	1.91
A7	Sample 7	2	1	5	52740	37	1.91
A7	Sample 7	2	1	6	57730	36.96	1.91
A7	Sample 7	2	1	7	62730	37	1.89
A7	Sample 7	2	1	8	67750	36.91	1.90
A7	Sample 7	2	1	9	72750	36.96	1.90
A7	Sample 7	2	1	10	77740	37	1.90
A7	Sample 7	2	1	11	82730	36.96	1.90
A7	Sample 7	2	1	12	87730	37	1.90
A7	Sample 7	2	1	13	92740	36.96	1.91
A7	Sample 7	2	1	14	97740	37	1.90
A7	Sample 7	2	1	15	102730	36.96	1.90
A8	Sample 8	2	1	1	32720	36.96	2.00
A8	Sample 8	2	1	2	37730	36.91	2.00
A8	Sample 8	2	1	3	42730	36.96	1.99
A8	Sample 8	2	1	4	47740	36.96	2.00
A8	Sample 8	2	1	5	52740	37	1.98
A8	Sample 8	2	1	6	57730	36.96	1.99
A8	Sample 8	2	1	7	62730	37	1.98
A8	Sample 8	2	1	8	67750	36.91	1.98
A8	Sample 8	2	1	9	72750	36.96	1.98
A8	Sample 8	2	1	10	77740	37	1.98
A8	Sample 8	2	1	11	82730	36.96	1.97
A8	Sample 8	2	1	12	87730	37	1.98
A8	Sample 8	2	1	13	92740	36.96	1.98
A8	Sample 8	2	1	14	97740	37	1.98
A8	Sample 8	2	1	15	102730	36.96	1.97
A9	Sample 9	2	1	1	32720	36.96	1.34
A9	Sample 9	2	1	2	37730	36.91	1.34
A9	Sample 9	2	1	3	42730	36.96	1.34
A9	Sample 9	2	1	4	47740	36.96	1.35
A9	Sample 9	2	1	5	52740	37	1.34
A9	Sample 9	2	1	6	57730	36.96	1.35
A9	Sample 9	2	1	7	62730	37	1.34
A9	Sample 9	2	1	8	67750	36.91	1.35
A9	Sample 9	2	1	9	72750	36.96	1.35
A9	Sample 9	2	1	10	77740	37	1.35
A9	Sample 9	2	1	11	82730	36.96	1.35
A9	Sample 9	2	1	12	87730	37	1.35
A9	Sample 9	2	1	13	92740	36.96	1.35
A9	Sample 9	2	1	14	97740	37	1.35
A9	Sample 9	2	1	15	102730	36.96	1.34
A10	Sample 10	2	1	1	32720	36.96	1.47
A10	Sample 10	2	1	2	37730	36.91	1.47
A10	Sample 10	2	1	3	42730	36.96	1.47
A10	Sample 10	2	1	4	47740	36.96	1.47
A10	Sample 10	2	1	5	52740	37	1.47
A10	Sample 10	2	1	6	57730	36.96	1.46
A10	Sample 10	2	1	7	62730	37	1.47
A10	Sample 10	2	1	8	67750	36.91	1.46
A10	Sample 10	2	1	9	72750	36.96	1.46
A10	Sample 10	2	1	10	77740	37	1.45
A10	Sample 10	2	1	11	82730	36.96	1.46
A10	Sample 10	2	1	12	87730	37	1.46
A10	Sample 10	2	1	13	92740	36.96	1.46
A10	Sample 10	2	1	14	97740	37	1.46
A10	Sample 10	2	1	15	102730	36.96	1.46
A11	Sample 11	2	1	1	32720	36.96	1.38
A11	Sample 11	2	1	2	37730	36.91	1.36
A11	Sample 11	2	1	3	42730	36.96	1.36
A11	Sample 11	2	1	4	47740	36.96	1.37
A11	Sample 11	2	1	5	52740	37	1.36
A11	Sample 11	2	1	6	57730	36.96	1.36
A11	Sample 11	2	1	7	62730	37	1.36
A11	Sample 11	2	1	8	67750	36.91	1.35
A11	Sample 11	2	1	9	72750	36.96	1.36
A11	Sample 11	2	1	10	77740	37	1.36
A11	Sample 11	2	1	11	82730	36.96	1.35
A11	Sample 11	2	1	12	87730	37	1.35
A11	Sample 11	2	1	13	92740	36.96	1.35
A11	Sample 11	2	1	14	97740	37	1.35
A11	Sample 11	2	1	15	102730	36.96	1.34
A12	Sample 12	2	1	1	32720	36.96	1.16
A12	Sample 12	2	1	2	37730	36.91	1.17
A12	Sample 12	2	1	3	42730	36.96	1.17
A12	Sample 12	2	1	4	47740	36.96	1.18
A12	Sample 12	2	1	5	52740	37	1.18
A12	Sample 12	2	1	6	57730	36.96	1.18
A12	Sample 12	2	1	7	62730	37	1.18
A12	Sample 12	2	1	8	67750	36.91	1.18
A12	Sample 12	2	1	9	72750	36.96	1.18
A12	Sample 12	2	1	10	77740	37	1.18
A12	Sample 12	2	1	11	82730	36.96	1.19
A12	Sample 12	2	1	12	87730	37	1.19
A12	Sample 12	2	1	13	92740	36.96	1.19
A12	Sample 12	2	1	14	97740	37	1.19
A12	Sample 12	2	1	15	102730	36.96	1.18
B1	Sample 13	2	1	1	32720	36.96	1.43
B1	Sample 13	2	1	2	37730	36.91	1.43
B1	Sample 13	2	1	3	42730	36.96	1.43
B1	Sample 13	2	1	4	47740	36.96	1.43
B1	Sample 13	2	1	5	52740	37	1.42
B1	Sample 13	2	1	6	57730	36.96	1.43
B1	Sample 13	2	1	7	62730	37	1.43
B1	Sample 13	2	1	8	67750	36.91	1.43
B1	Sample 13	2	1	9	72750	36.96	1.42
B1	Sample 13	2	1	10	77740	37	1.43
B1	Sample 13	2	1	11	82730	36.96	1.43
B1	Sample 13	2	1	12	87730	37	1.43
B1	Sample 13	2	1	13	92740	36.96	1.42
B1	Sample 13	2	1	14	97740	37	1.43
B1	Sample 13	2	1	15	102730	36.96	1.43
B2	Sample 14	2	1	1	32720	36.96	1.41
B2	Sample 14	2	1	2	37730	36.91	1.41
B2	Sample 14	2	1	3	42730	36.96	1.41
B2	Sample 14	2	1	4	47740	36.96	1.40
B2	Sample 14	2	1	5	52740	37	1.40
B2	Sample 14	2	1	6	57730	36.96	1.40
B2	Sample 14	2	1	7	62730	37	1.40
B2	Sample 14	2	1	8	67750	36.91	1.38
B2	Sample 14	2	1	9	72750	36.96	1.39
B2	Sample 14	2	1	10	77740	37	1.39
B2	Sample 14	2	1	11	82730	36.96	1.40
B2	Sample 14	2	1	12	87730	37	1.39
B2	Sample 14	2	1	13	92740	36.96	1.39
B2	Sample 14	2	1	14	97740	37	1.39
B2	Sample 14	2	1	15	102730	36.96	1.39
B3	Sample 15	2	1	1	32720	36.96	1.54
B3	Sample 15	2	1	2	37730	36.91	1.54
B3	Sample 15	2	1	3	42730	36.96	1.55
B3	Sample 15	2	1	4	47740	36.96	1.55
B3	Sample 15	2	1	5	52740	37	1.55
B3	Sample 15	2	1	6	57730	36.96	1.55
B3	Sample 15	2	1	7	62730	37	1.56
B3	Sample 15	2	1	8	67750	36.91	1.55
B3	Sample 15	2	1	9	72750	36.96	1.56
B3	Sample 15	2	1	10	77740	37	1.56
B3	Sample 15	2	1	11	82730	36.96	1.56
B3	Sample 15	2	1	12	87730	37	1.57
B3	Sample 15	2	1	13	92740	36.96	1.56
B3	Sample 15	2	1	14	97740	37	1.56
B3	Sample 15	2	1	15	102730	36.96	1.56
B4	Sample 16	2	1	1	32720	36.96	1.55
B4	Sample 16	2	1	2	37730	36.91	1.54
B4	Sample 16	2	1	3	42730	36.96	1.54
B4	Sample 16	2	1	4	47740	36.96	1.53
B4	Sample 16	2	1	5	52740	37	1.54
B4	Sample 16	2	1	6	57730	36.96	1.54
B4	Sample 16	2	1	7	62730	37	1.54
B4	Sample 16	2	1	8	67750	36.91	1.53
B4	Sample 16	2	1	9	72750	36.96	1.53
B4	Sample 16	2	1	10	77740	37	1.52
B4	Sample 16	2	1	11	82730	36.96	1.54
B4	Sample 16	2	1	12	87730	37	1.53
B4	Sample 16	2	1	13	92740	36.96	1.53
B4	Sample 16	2	1	14	97740	37	1.53
B4	Sample 16	2	1	15	102730	36.96	1.53
B5	Sample 17	2	1	1	32720	36.96	1.86
B5	Sample 17	2	1	2	37730	36.91	1.86
B5	Sample 17	2	1	3	42730	36.96	1.87
B5	Sample 17	2	1	4	47740	36.96	1.86
B5	Sample 17	2	1	5	52740	37	1.86
B5	Sample 17	2	1	6	57730	36.96	1.85
B5	Sample 17	2	1	7	62730	37	1.86
B5	Sample 17	2	1	8	67750	36.91	1.85
B5	Sample 17	2	1	9	72750	36.96	1.85
B5	Sample 17	2	1	10	77740	37	1.84
B5	Sample 17	2	1	11	82730	36.96	1.84
B5	Sample 17	2	1	12	87730	37	1.84
B5	Sample 17	2	1	13	92740	36.96	1.84
B5	Sample 17	2	1	14	97740	37	1.84
B5	Sample 17	2	1	15	102730	36.96	1.83
B6	Sample 18	2	1	1	32720	36.96	1.74
B6	Sample 18	2	1	2	37730	36.91	1.73
B6	Sample 18	2	1	3	42730	36.96	1.74
B6	Sample 18	2	1	4	47740	36.96	1.73
B6	Sample 18	2	1	5	52740	37	1.73
B6	Sample 18	2	1	6	57730	36.96	1.72
B6	Sample 18	2	1	7	62730	37	1.73
B6	Sample 18	2	1	8	67750	36.91	1.71
B6	Sample 18	2	1	9	72750	36.96	1.72
B6	Sample 18	2	1	10	77740	37	1.71
B6	Sample 18	2	1	11	82730	36.96	1.72
B6	Sample 18	2	1	12	87730	37	1.72
B6	Sample 18	2	1	13	92740	36.96	1.71
B6	Sample 18	2	1	14	97740	37	1.71
B6	Sample 18	2	1	15	102730	36.96	1.71
B7	Sample 19	2	1	1	32720	36.96	1.83
B7	Sample 19	2	1	2	37730	36.91	1.82
B7	Sample 19	2	1	3	42730	36.96	1.83
B7	Sample 19	2	1	4	47740	36.96	1.82
B7	Sample 19	2	1	5	52740	37	1.82
B7	Sample 19	2	1	6	57730	36.96	1.82
B7	Sample 19	2	1	7	62730	37	1.82
B7	Sample 19	2	1	8	67750	36.91	1.81
B7	Sample 19	2	1	9	72750	36.96	1.82
B7	Sample 19	2	1	10	77740	37	1.81
B7	Sample 19	2	1	11	82730	36.96	1.81
B7	Sample 19	2	1	12	87730	37	1.83
B7	Sample 19	2	1	13	92740	36.96	1.82
B7	Sample 19	2	1	14	97740	37	1.83
B7	Sample 19	2	1	15	102730	36.96	1.82
B8	Sample 20	2	1	1	32720	36.96	1.87
B8	Sample 20	2	1	2	37730	36.91	1.87
B8	Sample 20	2	1	3	42730	36.96	1.87
B8	Sample 20	2	1	4	47740	36.96	1.87
B8	Sample 20	2	1	5	52740	37	1.87
B8	Sample 20	2	1	6	57730	36.96	1.85
B8	Sample 20	2	1	7	62730	37	1.86
B8	Sample 20	2	1	8	67750	36.91	1.85
B8	Sample 20	2	1	9	72750	36.96	1.86
B8	Sample 20	2	1	10	77740	37	1.85
B8	Sample 20	2	1	11	82730	36.96	1.85
B8	Sample 20	2	1	12	87730	37	1.85
B8	Sample 20	2	1	13	92740	36.96	1.84
B8	Sample 20	2	1	14	97740	37	1.85
B8	Sample 20	2	1	15	102730	36.96	1.85
B9	Sample 21	2	1	1	32720	36.96	1.36
B9	Sample 21	2	1	2	37730	36.91	1.35
B9	Sample 21	2	1	3	42730	36.96	1.34
B9	Sample 21	2	1	4	47740	36.96	1.34
B9	Sample 21	2	1	5	52740	37	1.34
B9	Sample 21	2	1	6	57730	36.96	1.34
B9	Sample 21	2	1	7	62730	37	1.34
B9	Sample 21	2	1	8	67750	36.91	1.33
B9	Sample 21	2	1	9	72750	36.96	1.33
B9	Sample 21	2	1	10	77740	37	1.33
B9	Sample 21	2	1	11	82730	36.96	1.33
B9	Sample 21	2	1	12	87730	37	1.34
B9	Sample 21	2	1	13	92740	36.96	1.33
B9	Sample 21	2	1	14	97740	37	1.33
B9	Sample 21	2	1	15	102730	36.96	1.33
B10	Sample 22	2	1	1	32720	36.96	1.41
B10	Sample 22	2	1	2	37730	36.91	1.41
B10	Sample 22	2	1	3	42730	36.96	1.41
B10	Sample 22	2	1	4	47740	36.96	1.40
B10	Sample 22	2	1	5	52740	37	1.40
B10	Sample 22	2	1	6	57730	36.96	1.40
B10	Sample 22	2	1	7	62730	37	1.40
B10	Sample 22	2	1	8	67750	36.91	1.39
B10	Sample 22	2	1	9	72750	36.96	1.39
B10	Sample 22	2	1	10	77740	37	1.40
B10	Sample 22	2	1	11	82730	36.96	1.39
B10	Sample 22	2	1	12	87730	37	1.39
B10	Sample 22	2	1	13	92740	36.96	1.39
B10	Sample 22	2	1	14	97740	37	1.39
B10	Sample 22	2	1	15	102730	36.96	1.39
B11	Sample 23	2	1	1	32720	36.96	1.41
B11	Sample 23	2	1	2	37730	36.91	1.41
B11	Sample 23	2	1	3	42730	36.96	1.41
B11	Sample 23	2	1	4	47740	36.96	1.40
B11	Sample 23	2	1	5	52740	37	1.40
B11	Sample 23	2	1	6	57730	36.96	1.40
B11	Sample 23	2	1	7	62730	37	1.40
B11	Sample 23	2	1	8	67750	36.91	1.39
B11	Sample 23	2	1	9	72750	36.96	1.39
B11	Sample 23	2	1	10	77740	37	1.39
B11	Sample 23	2	1	11	82730	36.96	1.39
B11	Sample 23	2	1	12	87730	37	1.39
B11	Sample 23	2	1	13	92740	36.96	1.39
B11	Sample 23	2	1	14	97740	37	1.39
B11	Sample 23	2	1	15	102730	36.96	1.38
B12	Sample 24	2	1	1	32720	36.96	1.28
B12	Sample 24	2	1	2	37730	36.91	1.27
B12	Sample 24	2	1	3	42730	36.96	1.28
B12	Sample 24	2	1	4	47740	36.96	1.27
B12	Sample 24	2	1	5	52740	37	1.27
B12	Sample 24	2	1	6	57730	36.96	1.27
B12	Sample 24	2	1	7	62730	37	1.27
B12	Sample 24	2	1	8	67750	36.91	1.26
B12	Sample 24	2	1	9	72750	36.96	1.26
B12	Sample 24	2	1	10	77740	37	1.26
B12	Sample 24	2	1	11	82730	36.96	1.26
B12	Sample 24	2	1	12	87730	37	1.27
B12	Sample 24	2	1	13	92740	36.96	1.26
B12	Sample 24	2	1	14	97740	37	1.27
B12	Sample 24	2	1	15	102730	36.96	1.27
C1	Sample 25	2	1	1	32720	36.96	1.41
C1	Sample 25	2	1	2	37730	36.91	1.40
C1	Sample 25	2	1	3	42730	36.96	1.40
C1	Sample 25	2	1	4	47740	36.96	1.41
C1	Sample 25	2	1	5	52740	37	1.40
C1	Sample 25	2	1	6	57730	36.96	1.41
C1	Sample 25	2	1	7	62730	37	1.40
C1	Sample 25	2	1	8	67750	36.91	1.39
C1	Sample 25	2	1	9	72750	36.96	1.40
C1	Sample 25	2	1	10	77740	37	1.40
C1	Sample 25	2	1	11	82730	36.96	1.40
C1	Sample 25	2	1	12	87730	37	1.40
C1	Sample 25	2	1	13	92740	36.96	1.40
C1	Sample 25	2	1	14	97740	37	1.40
C1	Sample 25	2	1	15	102730	36.96	1.40
C2	Sample 26	2	1	1	32720	36.96	1.45
C2	Sample 26	2	1	2	37730	36.91	1.45
C2	Sample 26	2	1	3	42730	36.96	1.45
C2	Sample 26	2	1	4	47740	36.96	1.45
C2	Sample 26	2	1	5	52740	37	1.45
C2	Sample 26	2	1	6	57730	36.96	1.45
C2	Sample 26	2	1	7	62730	37	1.44
C2	Sample 26	2	1	8	67750	36.91	1.43
C2	Sample 26	2	1	9	72750	36.96	1.44
C2	Sample 26	2	1	10	77740	37	1.44
C2	Sample 26	2	1	11	82730	36.96	1.44
C2	Sample 26	2	1	12	87730	37	1.44
C2	Sample 26	2	1	13	92740	36.96	1.44
C2	Sample 26	2	1	14	97740	37	1.43
C2	Sample 26	2	1	15	102730	36.96	1.44
C3	Sample 27	2	1	1	32720	36.96	1.58
C3	Sample 27	2	1	2	37730	36.91	1.56
C3	Sample 27	2	1	3	42730	36.96	1.57
C3	Sample 27	2	1	4	47740	36.96	1.57
C3	Sample 27	2	1	5	52740	37	1.57
C3	Sample 27	2	1	6	57730	36.96	1.56
C3	Sample 27	2	1	7	62730	37	1.56
C3	Sample 27	2	1	8	67750	36.91	1.56
C3	Sample 27	2	1	9	72750	36.96	1.56
C3	Sample 27	2	1	10	77740	37	1.55
C3	Sample 27	2	1	11	82730	36.96	1.56
C3	Sample 27	2	1	12	87730	37	1.56
C3	Sample 27	2	1	13	92740	36.96	1.56
C3	Sample 27	2	1	14	97740	37	1.55
C3	Sample 27	2	1	15	102730	36.96	1.55
C4	Sample 28	2	1	1	32720	36.96	1.62
C4	Sample 28	2	1	2	37730	36.91	1.62
C4	Sample 28	2	1	3	42730	36.96	1.62
C4	Sample 28	2	1	4	47740	36.96	1.62
C4	Sample 28	2	1	5	52740	37	1.62
C4	Sample 28	2	1	6	57730	36.96	1.62
C4	Sample 28	2	1	7	62730	37	1.61
C4	Sample 28	2	1	8	67750	36.91	1.60
C4	Sample 28	2	1	9	72750	36.96	1.61
C4	Sample 28	2	1	10	77740	37	1.61
C4	Sample 28	2	1	11	82730	36.96	1.60
C4	Sample 28	2	1	12	87730	37	1.61
C4	Sample 28	2	1	13	92740	36.96	1.60
C4	Sample 28	2	1	14	97740	37	1.60
C4	Sample 28	2	1	15	102730	36.96	1.60
C5	Sample 29	2	1	1	32720	36.96	1.80
C5	Sample 29	2	1	2	37730	36.91	1.79
C5	Sample 29	2	1	3	42730	36.96	1.79
C5	Sample 29	2	1	4	47740	36.96	1.79
C5	Sample 29	2	1	5	52740	37	1.79
C5	Sample 29	2	1	6	57730	36.96	1.78
C5	Sample 29	2	1	7	62730	37	1.78
C5	Sample 29	2	1	8	67750	36.91	1.77
C5	Sample 29	2	1	9	72750	36.96	1.78
C5	Sample 29	2	1	10	77740	37	1.78
C5	Sample 29	2	1	11	82730	36.96	1.77
C5	Sample 29	2	1	12	87730	37	1.77
C5	Sample 29	2	1	13	92740	36.96	1.77
C5	Sample 29	2	1	14	97740	37	1.77
C5	Sample 29	2	1	15	102730	36.96	1.77
C6	Sample 30	2	1	1	32720	36.96	1.84
C6	Sample 30	2	1	2	37730	36.91	1.84
C6	Sample 30	2	1	3	42730	36.96	1.83
C6	Sample 30	2	1	4	47740	36.96	1.83
C6	Sample 30	2	1	5	52740	37	1.83
C6	Sample 30	2	1	6	57730	36.96	1.82
C6	Sample 30	2	1	7	62730	37	1.82
C6	Sample 30	2	1	8	67750	36.91	1.81
C6	Sample 30	2	1	9	72750	36.96	1.81
C6	Sample 30	2	1	10	77740	37	1.82
C6	Sample 30	2	1	11	82730	36.96	1.81
C6	Sample 30	2	1	12	87730	37	1.81
C6	Sample 30	2	1	13	92740	36.96	1.81
C6	Sample 30	2	1	14	97740	37	1.81
C6	Sample 30	2	1	15	102730	36.96	1.81
C7	Sample 31	2	1	1	32720	36.96	1.87
C7	Sample 31	2	1	2	37730	36.91	1.87
C7	Sample 31	2	1	3	42730	36.96	1.87
C7	Sample 31	2	1	4	47740	36.96	1.86
C7	Sample 31	2	1	5	52740	37	1.86
C7	Sample 31	2	1	6	57730	36.96	1.86
C7	Sample 31	2	1	7	62730	37	1.85
C7	Sample 31	2	1	8	67750	36.91	1.84
C7	Sample 31	2	1	9	72750	36.96	1.85
C7	Sample 31	2	1	10	77740	37	1.84
C7	Sample 31	2	1	11	82730	36.96	1.85
C7	Sample 31	2	1	12	87730	37	1.84
C7	Sample 31	2	1	13	92740	36.96	1.84
C7	Sample 31	2	1	14	97740	37	1.84
C7	Sample 31	2	1	15	102730	36.96	1.84
C8	Sample 32	2	1	1	32720	36.96	1.87
C8	Sample 32	2	1	2	37730	36.91	1.86
C8	Sample 32	2	1	3	42730	36.96	1.86
C8	Sample 32	2	1	4	47740	36.96	1.86
C8	Sample 32	2	1	5	52740	37	1.85
C8	Sample 32	2	1	6	57730	36.96	1.85
C8	Sample 32	2	1	7	62730	37	1.85
C8	Sample 32	2	1	8	67750	36.91	1.84
C8	Sample 32	2	1	9	72750	36.96	1.84
C8	Sample 32	2	1	10	77740	37	1.85
C8	Sample 32	2	1	11	82730	36.96	1.84
C8	Sample 32	2	1	12	87730	37	1.83
C8	Sample 32	2	1	13	92740	36.96	1.84
C8	Sample 32	2	1	14	97740	37	1.83
C8	Sample 32	2	1	15	102730	36.96	1.85
C9	Sample 33	2	1	1	32720	36.96	1.31
C9	Sample 33	2	1	2	37730	36.91	1.31
C9	Sample 33	2	1	3	42730	36.96	1.31
C9	Sample 33	2	1	4	47740	36.96	1.30
C9	Sample 33	2	1	5	52740	37	1.31
C9	Sample 33	2	1	6	57730	36.96	1.30
C9	Sample 33	2	1	7	62730	37	1.30
C9	Sample 33	2	1	8	67750	36.91	1.29
C9	Sample 33	2	1	9	72750	36.96	1.30
C9	Sample 33	2	1	10	77740	37	1.30
C9	Sample 33	2	1	11	82730	36.96	1.29
C9	Sample 33	2	1	12	87730	37	1.29
C9	Sample 33	2	1	13	92740	36.96	1.29
C9	Sample 33	2	1	14	97740	37	1.29
C9	Sample 33	2	1	15	102730	36.96	1.29
C10	Sample 34	2	1	1	32720	36.96	1.40
C10	Sample 34	2	1	2	37730	36.91	1.40
C10	Sample 34	2	1	3	42730	36.96	1.40
C10	Sample 34	2	1	4	47740	36.96	1.40
C10	Sample 34	2	1	5	52740	37	1.40
C10	Sample 34	2	1	6	57730	36.96	1.39
C10	Sample 34	2	1	7	62730	37	1.39
C10	Sample 34	2	1	8	67750	36.91	1.38
C10	Sample 34	2	1	9	72750	36.96	1.39
C10	Sample 34	2	1	10	77740	37	1.39
C10	Sample 34	2	1	11	82730	36.96	1.38
C10	Sample 34	2	1	12	87730	37	1.39
C10	Sample 34	2	1	13	92740	36.96	1.38
C10	Sample 34	2	1	14	97740	37	1.38
C10	Sample 34	2	1	15	102730	36.96	1.39
C11	Sample 35	2	1	1	32720	36.96	1.35
C11	Sample 35	2	1	2	37730	36.91	1.35
C11	Sample 35	2	1	3	42730	36.96	1.35
C11	Sample 35	2	1	4	47740	36.96	1.34
C11	Sample 35	2	1	5	52740	37	1.34
C11	Sample 35	2	1	6	57730	36.96	1.34
C11	Sample 35	2	1	7	62730	37	1.34
C11	Sample 35	2	1	8	67750	36.91	1.33
C11	Sample 35	2	1	9	72750	36.96	1.33
C11	Sample 35	2	1	10	77740	37	1.33
C11	Sample 35	2	1	11	82730	36.96	1.33
C11	Sample 35	2	1	12	87730	37	1.33
C11	Sample 35	2	1	13	92740	36.96	1.34
C11	Sample 35	2	1	14	97740	37	1.33
C11	Sample 35	2	1	15	102730	36.96	1.33
C12	Sample 36	2	1	1	32720	36.96	1.28
C12	Sample 36	2	1	2	37730	36.91	1.27
C12	Sample 36	2	1	3	42730	36.96	1.27
C12	Sample 36	2	1	4	47740	36.96	1.27
C12	Sample 36	2	1	5	52740	37	1.27
C12	Sample 36	2	1	6	57730	36.96	1.27
C12	Sample 36	2	1	7	62730	37	1.27
C12	Sample 36	2	1	8	67750	36.91	1.26
C12	Sample 36	2	1	9	72750	36.96	1.27
C12	Sample 36	2	1	10	77740	37	1.26
C12	Sample 36	2	1	11	82730	36.96	1.26
C12	Sample 36	2	1	12	87730	37	1.26
C12	Sample 36	2	1	13	92740	36.96	1.27
C12	Sample 36	2	1	14	97740	37	1.26
C12	Sample 36	2	1	15	102730	36.96	1.26
D1	Sample 37	2	1	1	32720	36.96	1.45
D1	Sample 37	2	1	2	37730	36.91	1.46
D1	Sample 37	2	1	3	42730	36.96	1.46
D1	Sample 37	2	1	4	47740	36.96	1.45
D1	Sample 37	2	1	5	52740	37	1.45
D1	Sample 37	2	1	6	57730	36.96	1.46
D1	Sample 37	2	1	7	62730	37	1.45
D1	Sample 37	2	1	8	67750	36.91	1.45
D1	Sample 37	2	1	9	72750	36.96	1.46
D1	Sample 37	2	1	10	77740	37	1.45
D1	Sample 37	2	1	11	82730	36.96	1.45
D1	Sample 37	2	1	12	87730	37	1.46
D1	Sample 37	2	1	13	92740	36.96	1.45
D1	Sample 37	2	1	14	97740	37	1.45
D1	Sample 37	2	1	15	102730	36.96	1.45
D2	Sample 38	2	1	1	32720	36.96	1.46
D2	Sample 38	2	1	2	37730	36.91	1.46
D2	Sample 38	2	1	3	42730	36.96	1.45
D2	Sample 38	2	1	4	47740	36.96	1.45
D2	Sample 38	2	1	5	52740	37	1.45
D2	Sample 38	2	1	6	57730	36.96	1.45
D2	Sample 38	2	1	7	62730	37	1.45
D2	Sample 38	2	1	8	67750	36.91	1.45
D2	Sample 38	2	1	9	72750	36.96	1.45
D2	Sample 38	2	1	10	77740	37	1.45
D2	Sample 38	2	1	11	82730	36.96	1.45
D2	Sample 38	2	1	12	87730	37	1.45
D2	Sample 38	2	1	13	92740	36.96	1.44
D2	Sample 38	2	1	14	97740	37	1.44
D2	Sample 38	2	1	15	102730	36.96	1.45
D3	Sample 39	2	1	1	32720	36.96	1.61
D3	Sample 39	2	1	2	37730	36.91	1.60
D3	Sample 39	2	1	3	42730	36.96	1.61
D3	Sample 39	2	1	4	47740	36.96	1.60
D3	Sample 39	2	1	5	52740	37	1.61
D3	Sample 39	2	1	6	57730	36.96	1.60
D3	Sample 39	2	1	7	62730	37	1.59
D3	Sample 39	2	1	8	67750	36.91	1.60
D3	Sample 39	2	1	9	72750	36.96	1.60
D3	Sample 39	2	1	10	77740	37	1.59
D3	Sample 39	2	1	11	82730	36.96	1.59
D3	Sample 39	2	1	12	87730	37	1.60
D3	Sample 39	2	1	13	92740	36.96	1.59
D3	Sample 39	2	1	14	97740	37	1.58
D3	Sample 39	2	1	15	102730	36.96	1.59
D4	Sample 40	2	1	1	32720	36.96	1.64
D4	Sample 40	2	1	2	37730	36.91	1.64
D4	Sample 40	2	1	3	42730	36.96	1.65
D4	Sample 40	2	1	4	47740	36.96	1.64
D4	Sample 40	2	1	5	52740	37	1.64
D4	Sample 40	2	1	6	57730	36.96	1.63
D4	Sample 40	2	1	7	62730	37	1.63
D4	Sample 40	2	1	8	67750	36.91	1.63
D4	Sample 40	2	1	9	72750	36.96	1.63
D4	Sample 40	2	1	10	77740	37	1.63
D4	Sample 40	2	1	11	82730	36.96	1.62
D4	Sample 40	2	1	12	87730	37	1.63
D4	Sample 40	2	1	13	92740	36.96	1.62
D4	Sample 40	2	1	14	97740	37	1.63
D4	Sample 40	2	1	15	102730	36.96	1.62
D5	Sample 41	2	1	1	32720	36.96	1.76
D5	Sample 41	2	1	2	37730	36.91	1.75
D5	Sample 41	2	1	3	42730	36.96	1.75
D5	Sample 41	2	1	4	47740	36.96	1.74
D5	Sample 41	2	1	5	52740	37	1.74
D5	Sample 41	2	1	6	57730	36.96	1.74
D5	Sample 41	2	1	7	62730	37	1.73
D5	Sample 41	2	1	8	67750	36.91	1.73
D5	Sample 41	2	1	9	72750	36.96	1.73
D5	Sample 41	2	1	10	77740	37	1.73
D5	Sample 41	2	1	11	82730	36.96	1.73
D5	Sample 41	2	1	12	87730	37	1.74
D5	Sample 41	2	1	13	92740	36.96	1.73
D5	Sample 41	2	1	14	97740	37	1.73
D5	Sample 41	2	1	15	102730	36.96	1.73
D6	Sample 42	2	1	1	32720	36.96	1.71
D6	Sample 42	2	1	2	37730	36.91	1.70
D6	Sample 42	2	1	3	42730	36.96	1.70
D6	Sample 42	2	1	4	47740	36.96	1.69
D6	Sample 42	2	1	5	52740	37	1.70
D6	Sample 42	2	1	6	57730	36.96	1.69
D6	Sample 42	2	1	7	62730	37	1.69
D6	Sample 42	2	1	8	67750	36.91	1.68
D6	Sample 42	2	1	9	72750	36.96	1.69
D6	Sample 42	2	1	10	77740	37	1.67
D6	Sample 42	2	1	11	82730	36.96	1.67
D6	Sample 42	2	1	12	87730	37	1.68
D6	Sample 42	2	1	13	92740	36.96	1.67
D6	Sample 42	2	1	14	97740	37	1.67
D6	Sample 42	2	1	15	102730	36.96	1.67
D7	Sample 43	2	1	1	32720	36.96	1.85
D7	Sample 43	2	1	2	37730	36.91	1.85
D7	Sample 43	2	1	3	42730	36.96	1.84
D7	Sample 43	2	1	4	47740	36.96	1.84
D7	Sample 43	2	1	5	52740	37	1.83
D7	Sample 43	2	1	6	57730	36.96	1.83
D7	Sample 43	2	1	7	62730	37	1.82
D7	Sample 43	2	1	8	67750	36.91	1.81
D7	Sample 43	2	1	9	72750	36.96	1.82
D7	Sample 43	2	1	10	77740	37	1.82
D7	Sample 43	2	1	11	82730	36.96	1.82
D7	Sample 43	2	1	12	87730	37	1.82
D7	Sample 43	2	1	13	92740	36.96	1.81
D7	Sample 43	2	1	14	97740	37	1.81
D7	Sample 43	2	1	15	102730	36.96	1.81
D8	Sample 44	2	1	1	32720	36.96	1.90
D8	Sample 44	2	1	2	37730	36.91	1.89
D8	Sample 44	2	1	3	42730	36.96	1.89
D8	Sample 44	2	1	4	47740	36.96	1.88
D8	Sample 44	2	1	5	52740	37	1.88
D8	Sample 44	2	1	6	57730	36.96	1.88
D8	Sample 44	2	1	7	62730	37	1.88
D8	Sample 44	2	1	8	67750	36.91	1.87
D8	Sample 44	2	1	9	72750	36.96	1.87
D8	Sample 44	2	1	10	77740	37	1.86
D8	Sample 44	2	1	11	82730	36.96	1.86
D8	Sample 44	2	1	12	87730	37	1.86
D8	Sample 44	2	1	13	92740	36.96	1.86
D8	Sample 44	2	1	14	97740	37	1.86
D8	Sample 44	2	1	15	102730	36.96	1.86
D9	Sample 45	2	1	1	32720	36.96	1.27
D9	Sample 45	2	1	2	37730	36.91	1.26
D9	Sample 45	2	1	3	42730	36.96	1.27
D9	Sample 45	2	1	4	47740	36.96	1.27
D9	Sample 45	2	1	5	52740	37	1.27
D9	Sample 45	2	1	6	57730	36.96	1.27
D9	Sample 45	2	1	7	62730	37	1.26
D9	Sample 45	2	1	8	67750	36.91	1.26
D9	Sample 45	2	1	9	72750	36.96	1.26
D9	Sample 45	2	1	10	77740	37	1.25
D9	Sample 45	2	1	11	82730	36.96	1.26
D9	Sample 45	2	1	12	87730	37	1.26
D9	Sample 45	2	1	13	92740	36.96	1.26
D9	Sample 45	2	1	14	97740	37	1.26
D9	Sample 45	2	1	15	102730	36.96	1.26
D10	Sample 46	2	1	1	32720	36.96	1.34
D10	Sample 46	2	1	2	37730	36.91	1.32
D10	Sample 46	2	1	3	42730	36.96	1.32
D10	Sample 46	2	1	4	47740	36.96	1.32
D10	Sample 46	2	1	5	52740	37	1.32
D10	Sample 46	2	1	6	57730	36.96	1.32
D10	Sample 46	2	1	7	62730	37	1.31
D10	Sample 46	2	1	8	67750	36.91	1.32
D10	Sample 46	2	1	9	72750	36.96	1.32
D10	Sample 46	2	1	10	77740	37	1.30
D10	Sample 46	2	1	11	82730	36.96	1.31
D10	Sample 46	2	1	12	87730	37	1.32
D10	Sample 46	2	1	13	92740	36.96	1.31
D10	Sample 46	2	1	14	97740	37	1.31
D10	Sample 46	2	1	15	102730	36.96	1.31
D11	Sample 47	2	1	1	32720	36.96	1.26
D11	Sample 47	2	1	2	37730	36.91	1.25
D11	Sample 47	2	1	3	42730	36.96	1.26
D11	Sample 47	2	1	4	47740	36.96	1.25
D11	Sample 47	2	1	5	52740	37	1.25
D11	Sample 47	2	1	6	57730	36.96	1.25
D11	Sample 47	2	1	7	62730	37	1.24
D11	Sample 47	2	1	8	67750	36.91	1.24
D11	Sample 47	2	1	9	72750	36.96	1.23
D11	Sample 47	2	1	10	77740	37	1.24
D11	Sample 47	2	1	11	82730	36.96	1.24
D11	Sample 47	2	1	12	87730	37	1.24
D11	Sample 47	2	1	13	92740	36.96	1.23
D11	Sample 47	2	1	14	97740	37	1.24
D11	Sample 47	2	1	15	102730	36.96	1.23
D12	Sample 48	2	1	1	32720	36.96	1.27
D12	Sample 48	2	1	2	37730	36.91	1.26
D12	Sample 48	2	1	3	42730	36.96	1.27
D12	Sample 48	2	1	4	47740	36.96	1.26
D12	Sample 48	2	1	5	52740	37	1.25
D12	Sample 48	2	1	6	57730	36.96	1.26
D12	Sample 48	2	1	7	62730	37	1.26
D12	Sample 48	2	1	8	67750	36.91	1.25
D12	Sample 48	2	1	9	72750	36.96	1.25
D12	Sample 48	2	1	10	77740	37	1.24
D12	Sample 48	2	1	11	82730	36.96	1.25
D12	Sample 48	2	1	12	87730	37	1.25
D12	Sample 48	2	1	13	92740	36.96	1.24
D12	Sample 48	2	1	14	97740	37	1.24
D12	Sample 48	2	1	15	102730	36.96	1.25
E1	Sample 49	2	1	1	32720	36.96	1.46
E1	Sample 49	2	1	2	37730	36.91	1.46
E1	Sample 49	2	1	3	42730	36.96	1.47
E1	Sample 49	2	1	4	47740	36.96	1.46
E1	Sample 49	2	1	5	52740	37	1.46
E1	Sample 49	2	1	6	57730	36.96	1.46
E1	Sample 49	2	1	7	62730	37	1.45
E1	Sample 49	2	1	8	67750	36.91	1.46
E1	Sample 49	2	1	9	72750	36.96	1.46
E1	Sample 49	2	1	10	77740	37	1.46
E1	Sample 49	2	1	11	82730	36.96	1.45
E1	Sample 49	2	1	12	87730	37	1.46
E1	Sample 49	2	1	13	92740	36.96	1.46
E1	Sample 49	2	1	14	97740	37	1.46
E1	Sample 49	2	1	15	102730	36.96	1.46
E2	Sample 50	2	1	1	32720	36.96	1.48
E2	Sample 50	2	1	2	37730	36.91	1.48
E2	Sample 50	2	1	3	42730	36.96	1.47
E2	Sample 50	2	1	4	47740	36.96	1.48
E2	Sample 50	2	1	5	52740	37	1.48
E2	Sample 50	2	1	6	57730	36.96	1.48
E2	Sample 50	2	1	7	62730	37	1.47
E2	Sample 50	2	1	8	67750	36.91	1.46
E2	Sample 50	2	1	9	72750	36.96	1.46
E2	Sample 50	2	1	10	77740	37	1.47
E2	Sample 50	2	1	11	82730	36.96	1.46
E2	Sample 50	2	1	12	87730	37	1.46
E2	Sample 50	2	1	13	92740	36.96	1.47
E2	Sample 50	2	1	14	97740	37	1.46
E2	Sample 50	2	1	15	102730	36.96	1.46
E3	Sample 51	2	1	1	32720	36.96	1.85
E3	Sample 51	2	1	2	37730	36.91	1.85
E3	Sample 51	2	1	3	42730	36.96	1.86
E3	Sample 51	2	1	4	47740	36.96	1.85
E3	Sample 51	2	1	5	52740	37	1.84
E3	Sample 51	2	1	6	57730	36.96	1.84
E3	Sample 51	2	1	7	62730	37	1.84
E3	Sample 51	2	1	8	67750	36.91	1.84
E3	Sample 51	2	1	9	72750	36.96	1.83
E3	Sample 51	2	1	10	77740	37	1.84
E3	Sample 51	2	1	11	82730	36.96	1.83
E3	Sample 51	2	1	12	87730	37	1.83
E3	Sample 51	2	1	13	92740	36.96	1.83
E3	Sample 51	2	1	14	97740	37	1.83
E3	Sample 51	2	1	15	102730	36.96	1.83
E4	Sample 52	2	1	1	32720	36.96	1.88
E4	Sample 52	2	1	2	37730	36.91	1.88
E4	Sample 52	2	1	3	42730	36.96	1.88
E4	Sample 52	2	1	4	47740	36.96	1.87
E4	Sample 52	2	1	5	52740	37	1.87
E4	Sample 52	2	1	6	57730	36.96	1.86
E4	Sample 52	2	1	7	62730	37	1.87
E4	Sample 52	2	1	8	67750	36.91	1.86
E4	Sample 52	2	1	9	72750	36.96	1.86
E4	Sample 52	2	1	10	77740	37	1.86
E4	Sample 52	2	1	11	82730	36.96	1.85
E4	Sample 52	2	1	12	87730	37	1.86
E4	Sample 52	2	1	13	92740	36.96	1.86
E4	Sample 52	2	1	14	97740	37	1.86
E4	Sample 52	2	1	15	102730	36.96	1.86
E5	Sample 53	2	1	1	32720	36.96	1.83
E5	Sample 53	2	1	2	37730	36.91	1.82
E5	Sample 53	2	1	3	42730	36.96	1.82
E5	Sample 53	2	1	4	47740	36.96	1.82
E5	Sample 53	2	1	5	52740	37	1.81
E5	Sample 53	2	1	6	57730	36.96	1.80
E5	Sample 53	2	1	7	62730	37	1.80
E5	Sample 53	2	1	8	67750	36.91	1.81
E5	Sample 53	2	1	9	72750	36.96	1.80
E5	Sample 53	2	1	10	77740	37	1.80
E5	Sample 53	2	1	11	82730	36.96	1.80
E5	Sample 53	2	1	12	87730	37	1.80
E5	Sample 53	2	1	13	92740	36.96	1.80
E5	Sample 53	2	1	14	97740	37	1.80
E5	Sample 53	2	1	15	102730	36.96	1.79
E6	Sample 54	2	1	1	32720	36.96	1.80
E6	Sample 54	2	1	2	37730	36.91	1.80
E6	Sample 54	2	1	3	42730	36.96	1.80
E6	Sample 54	2	1	4	47740	36.96	1.79
E6	Sample 54	2	1	5	52740	37	1.79
E6	Sample 54	2	1	6	57730	36.96	1.78
E6	Sample 54	2	1	7	62730	37	1.78
E6	Sample 54	2	1	8	67750	36.91	1.78
E6	Sample 54	2	1	9	72750	36.96	1.78
E6	Sample 54	2	1	10	77740	37	1.77
E6	Sample 54	2	1	11	82730	36.96	1.78
E6	Sample 54	2	1	12	87730	37	1.78
E6	Sample 54	2	1	13	92740	36.96	1.77
E6	Sample 54	2	1	14	97740	37	1.77
E6	Sample 54	2	1	15	102730	36.96	1.76
E7	Sample 55	2	1	1	32720	36.96	1.85
E7	Sample 55	2	1	2	37730	36.91	1.86
E7	Sample 55	2	1	3	42730	36.96	1.86
E7	Sample 55	2	1	4	47740	36.96	1.85
E7	Sample 55	2	1	5	52740	37	1.84
E7	Sample 55	2	1	6	57730	36.96	1.84
E7	Sample 55	2	1	7	62730	37	1.84
E7	Sample 55	2	1	8	67750	36.91	1.84
E7	Sample 55	2	1	9	72750	36.96	1.84
E7	Sample 55	2	1	10	77740	37	1.84
E7	Sample 55	2	1	11	82730	36.96	1.83
E7	Sample 55	2	1	12	87730	37	1.83
E7	Sample 55	2	1	13	92740	36.96	1.83
E7	Sample 55	2	1	14	97740	37	1.83
E7	Sample 55	2	1	15	102730	36.96	1.83
E8	Sample 56	2	1	1	32720	36.96	1.82
E8	Sample 56	2	1	2	37730	36.91	1.81
E8	Sample 56	2	1	3	42730	36.96	1.82
E8	Sample 56	2	1	4	47740	36.96	1.81
E8	Sample 56	2	1	5	52740	37	1.80
E8	Sample 56	2	1	6	57730	36.96	1.80
E8	Sample 56	2	1	7	62730	37	1.80
E8	Sample 56	2	1	8	67750	36.91	1.79
E8	Sample 56	2	1	9	72750	36.96	1.80
E8	Sample 56	2	1	10	77740	37	1.80
E8	Sample 56	2	1	11	82730	36.96	1.80
E8	Sample 56	2	1	12	87730	37	1.79
E8	Sample 56	2	1	13	92740	36.96	1.79
E8	Sample 56	2	1	14	97740	37	1.79
E8	Sample 56	2	1	15	102730	36.96	1.79
E9	Sample 57	2	1	1	32720	36.96	1.27
E9	Sample 57	2	1	2	37730	36.91	1.26
E9	Sample 57	2	1	3	42730	36.96	1.26
E9	Sample 57	2	1	4	47740	36.96	1.25
E9	Sample 57	2	1	5	52740	37	1.25
E9	Sample 57	2	1	6	57730	36.96	1.25
E9	Sample 57	2	1	7	62730	37	1.25
E9	Sample 57	2	1	8	67750	36.91	1.24
E9	Sample 57	2	1	9	72750	36.96	1.25
E9	Sample 57	2	1	10	77740	37	1.24
E9	Sample 57	2	1	11	82730	36.96	1.24
E9	Sample 57	2	1	12	87730	37	1.24
E9	Sample 57	2	1	13	92740	36.96	1.24
E9	Sample 57	2	1	14	97740	37	1.24
E9	Sample 57	2	1	15	102730	36.96	1.23
E10	Sample 58	2	1	1	32720	36.96	1.32
E10	Sample 58	2	1	2	37730	36.91	1.32
E10	Sample 58	2	1	3	42730	36.96	1.32
E10	Sample 58	2	1	4	47740	36.96	1.32
E10	Sample 58	2	1	5	52740	37	1.31
E10	Sample 58	2	1	6	57730	36.96	1.31
E10	Sample 58	2	1	7	62730	37	1.31
E10	Sample 58	2	1	8	67750	36.91	1.31
E10	Sample 58	2	1	9	72750	36.96	1.30
E10	Sample 58	2	1	10	77740	37	1.30
E10	Sample 58	2	1	11	82730	36.96	1.30
E10	Sample 58	2	1	12	87730	37	1.30
E10	Sample 58	2	1	13	92740	36.96	1.30
E10	Sample 58	2	1	14	97740	37	1.29
E10	Sample 58	2	1	15	102730	36.96	1.30
E11	Sample 59	2	1	1	32720	36.96	1.22
E11	Sample 59	2	1	2	37730	36.91	1.22
E11	Sample 59	2	1	3	42730	36.96	1.21
E11	Sample 59	2	1	4	47740	36.96	1.22
E11	Sample 59	2	1	5	52740	37	1.21
E11	Sample 59	2	1	6	57730	36.96	1.21
E11	Sample 59	2	1	7	62730	37	1.21
E11	Sample 59	2	1	8	67750	36.91	1.20
E11	Sample 59	2	1	9	72750	36.96	1.21
E11	Sample 59	2	1	10	77740	37	1.21
E11	Sample 59	2	1	11	82730	36.96	1.20
E11	Sample 59	2	1	12	87730	37	1.20
E11	Sample 59	2	1	13	92740	36.96	1.21
E11	Sample 59	2	1	14	97740	37	1.20
E11	Sample 59	2	1	15	102730	36.96	1.20
E12	Sample 60	2	1	1	32720	36.96	1.21
E12	Sample 60	2	1	2	37730	36.91	1.21
E12	Sample 60	2	1	3	42730	36.96	1.21
E12	Sample 60	2	1	4	47740	36.96	1.20
E12	Sample 60	2	1	5	52740	37	1.20
E12	Sample 60	2	1	6	57730	36.96	1.20
E12	Sample 60	2	1	7	62730	37	1.20
E12	Sample 60	2	1	8	67750	36.91	1.20
E12	Sample 60	2	1	9	72750	36.96	1.20
E12	Sample 60	2	1	10	77740	37	1.20
E12	Sample 60	2	1	11	82730	36.96	1.19
E12	Sample 60	2	1	12	87730	37	1.19
E12	Sample 60	2	1	13	92740	36.96	1.20
E12	Sample 60	2	1	14	97740	37	1.20
E12	Sample 60	2	1	15	102730	36.96	1.20
F1	Sample 61	2	1	1	32720	36.96	1.50
F1	Sample 61	2	1	2	37730	36.91	1.50
F1	Sample 61	2	1	3	42730	36.96	1.49
F1	Sample 61	2	1	4	47740	36.96	1.50
F1	Sample 61	2	1	5	52740	37	1.50
F1	Sample 61	2	1	6	57730	36.96	1.49
F1	Sample 61	2	1	7	62730	37	1.50
F1	Sample 61	2	1	8	67750	36.91	1.49
F1	Sample 61	2	1	9	72750	36.96	1.49
F1	Sample 61	2	1	10	77740	37	1.48
F1	Sample 61	2	1	11	82730	36.96	1.49
F1	Sample 61	2	1	12	87730	37	1.49
F1	Sample 61	2	1	13	92740	36.96	1.48
F1	Sample 61	2	1	14	97740	37	1.49
F1	Sample 61	2	1	15	102730	36.96	1.49
F2	Sample 62	2	1	1	32720	36.96	1.53
F2	Sample 62	2	1	2	37730	36.91	1.53
F2	Sample 62	2	1	3	42730	36.96	1.54
F2	Sample 62	2	1	4	47740	36.96	1.53
F2	Sample 62	2	1	5	52740	37	1.53
F2	Sample 62	2	1	6	57730	36.96	1.52
F2	Sample 62	2	1	7	62730	37	1.53
F2	Sample 62	2	1	8	67750	36.91	1.52
F2	Sample 62	2	1	9	72750	36.96	1.52
F2	Sample 62	2	1	10	77740	37	1.51
F2	Sample 62	2	1	11	82730	36.96	1.52
F2	Sample 62	2	1	12	87730	37	1.52
F2	Sample 62	2	1	13	92740	36.96	1.52
F2	Sample 62	2	1	14	97740	37	1.53
F2	Sample 62	2	1	15	102730	36.96	1.52
F3	Sample 63	2	1	1	32720	36.96	1.93
F3	Sample 63	2	1	2	37730	36.91	1.93
F3	Sample 63	2	1	3	42730	36.96	1.94
F3	Sample 63	2	1	4	47740	36.96	1.93
F3	Sample 63	2	1	5	52740	37	1.93
F3	Sample 63	2	1	6	57730	36.96	1.92
F3	Sample 63	2	1	7	62730	37	1.93
F3	Sample 63	2	1	8	67750	36.91	1.92
F3	Sample 63	2	1	9	72750	36.96	1.92
F3	Sample 63	2	1	10	77740	37	1.92
F3	Sample 63	2	1	11	82730	36.96	1.92
F3	Sample 63	2	1	12	87730	37	1.92
F3	Sample 63	2	1	13	92740	36.96	1.92
F3	Sample 63	2	1	14	97740	37	1.91
F3	Sample 63	2	1	15	102730	36.96	1.91
F4	Sample 64	2	1	1	32720	36.96	2.00
F4	Sample 64	2	1	2	37730	36.91	2.00
F4	Sample 64	2	1	3	42730	36.96	2.00
F4	Sample 64	2	1	4	47740	36.96	2.00
F4	Sample 64	2	1	5	52740	37	1.99
F4	Sample 64	2	1	6	57730	36.96	1.99
F4	Sample 64	2	1	7	62730	37	1.99
F4	Sample 64	2	1	8	67750	36.91	1.98
F4	Sample 64	2	1	9	72750	36.96	1.98
F4	Sample 64	2	1	10	77740	37	1.98
F4	Sample 64	2	1	11	82730	36.96	1.98
F4	Sample 64	2	1	12	87730	37	1.98
F4	Sample 64	2	1	13	92740	36.96	1.98
F4	Sample 64	2	1	14	97740	37	1.98
F4	Sample 64	2	1	15	102730	36.96	1.98
F5	Sample 65	2	1	1	32720	36.96	1.81
F5	Sample 65	2	1	2	37730	36.91	1.79
F5	Sample 65	2	1	3	42730	36.96	1.79
F5	Sample 65	2	1	4	47740	36.96	1.80
F5	Sample 65	2	1	5	52740	37	1.80
F5	Sample 65	2	1	6	57730	36.96	1.78
F5	Sample 65	2	1	7	62730	37	1.78
F5	Sample 65	2	1	8	67750	36.91	1.78
F5	Sample 65	2	1	9	72750	36.96	1.79
F5	Sample 65	2	1	10	77740	37	1.78
F5	Sample 65	2	1	11	82730	36.96	1.78
F5	Sample 65	2	1	12	87730	37	1.78
F5	Sample 65	2	1	13	92740	36.96	1.78
F5	Sample 65	2	1	14	97740	37	1.78
F5	Sample 65	2	1	15	102730	36.96	1.78
F6	Sample 66	2	1	1	32720	36.96	1.71
F6	Sample 66	2	1	2	37730	36.91	1.70
F6	Sample 66	2	1	3	42730	36.96	1.71
F6	Sample 66	2	1	4	47740	36.96	1.71
F6	Sample 66	2	1	5	52740	37	1.70
F6	Sample 66	2	1	6	57730	36.96	1.70
F6	Sample 66	2	1	7	62730	37	1.70
F6	Sample 66	2	1	8	67750	36.91	1.69
F6	Sample 66	2	1	9	72750	36.96	1.69
F6	Sample 66	2	1	10	77740	37	1.69
F6	Sample 66	2	1	11	82730	36.96	1.68
F6	Sample 66	2	1	12	87730	37	1.69
F6	Sample 66	2	1	13	92740	36.96	1.68
F6	Sample 66	2	1	14	97740	37	1.69
F6	Sample 66	2	1	15	102730	36.96	1.68
F7	Sample 67	2	1	1	32720	36.96	1.83
F7	Sample 67	2	1	2	37730	36.91	1.82
F7	Sample 67	2	1	3	42730	36.96	1.82
F7	Sample 67	2	1	4	47740	36.96	1.82
F7	Sample 67	2	1	5	52740	37	1.81
F7	Sample 67	2	1	6	57730	36.96	1.81
F7	Sample 67	2	1	7	62730	37	1.80
F7	Sample 67	2	1	8	67750	36.91	1.80
F7	Sample 67	2	1	9	72750	36.96	1.80
F7	Sample 67	2	1	10	77740	37	1.80
F7	Sample 67	2	1	11	82730	36.96	1.80
F7	Sample 67	2	1	12	87730	37	1.80
F7	Sample 67	2	1	13	92740	36.96	1.80
F7	Sample 67	2	1	14	97740	37	1.80
F7	Sample 67	2	1	15	102730	36.96	1.79
F8	Sample 68	2	1	1	32720	36.96	1.89
F8	Sample 68	2	1	2	37730	36.91	1.88
F8	Sample 68	2	1	3	42730	36.96	1.88
F8	Sample 68	2	1	4	47740	36.96	1.88
F8	Sample 68	2	1	5	52740	37	1.87
F8	Sample 68	2	1	6	57730	36.96	1.86
F8	Sample 68	2	1	7	62730	37	1.87
F8	Sample 68	2	1	8	67750	36.91	1.87
F8	Sample 68	2	1	9	72750	36.96	1.86
F8	Sample 68	2	1	10	77740	37	1.87
F8	Sample 68	2	1	11	82730	36.96	1.86
F8	Sample 68	2	1	12	87730	37	1.86
F8	Sample 68	2	1	13	92740	36.96	1.86
F8	Sample 68	2	1	14	97740	37	1.87
F8	Sample 68	2	1	15	102730	36.96	1.86
F9	Sample 69	2	1	1	32720	36.96	1.30
F9	Sample 69	2	1	2	37730	36.91	1.29
F9	Sample 69	2	1	3	42730	36.96	1.28
F9	Sample 69	2	1	4	47740	36.96	1.28
F9	Sample 69	2	1	5	52740	37	1.28
F9	Sample 69	2	1	6	57730	36.96	1.28
F9	Sample 69	2	1	7	62730	37	1.28
F9	Sample 69	2	1	8	67750	36.91	1.28
F9	Sample 69	2	1	9	72750	36.96	1.28
F9	Sample 69	2	1	10	77740	37	1.28
F9	Sample 69	2	1	11	82730	36.96	1.27
F9	Sample 69	2	1	12	87730	37	1.28
F9	Sample 69	2	1	13	92740	36.96	1.28
F9	Sample 69	2	1	14	97740	37	1.28
F9	Sample 69	2	1	15	102730	36.96	1.28
F10	Sample 70	2	1	1	32720	36.96	1.18
F10	Sample 70	2	1	2	37730	36.91	1.17
F10	Sample 70	2	1	3	42730	36.96	1.17
F10	Sample 70	2	1	4	47740	36.96	1.18
F10	Sample 70	2	1	5	52740	37	1.17
F10	Sample 70	2	1	6	57730	36.96	1.16
F10	Sample 70	2	1	7	62730	37	1.16
F10	Sample 70	2	1	8	67750	36.91	1.16
F10	Sample 70	2	1	9	72750	36.96	1.17
F10	Sample 70	2	1	10	77740	37	1.16
F10	Sample 70	2	1	11	82730	36.96	1.15
F10	Sample 70	2	1	12	87730	37	1.16
F10	Sample 70	2	1	13	92740	36.96	1.15
F10	Sample 70	2	1	14	97740	37	1.16
F10	Sample 70	2	1	15	102730	36.96	1.16
F11	Sample 71	2	1	1	32720	36.96	1.28
F11	Sample 71	2	1	2	37730	36.91	1.28
F11	Sample 71	2	1	3	42730	36.96	1.29
F11	Sample 71	2	1	4	47740	36.96	1.29
F11	Sample 71	2	1	5	52740	37	1.27
F11	Sample 71	2	1	6	57730	36.96	1.27
F11	Sample 71	2	1	7	62730	37	1.27
F11	Sample 71	2	1	8	67750	36.91	1.27
F11	Sample 71	2	1	9	72750	36.96	1.27
F11	Sample 71	2	1	10	77740	37	1.26
F11	Sample 71	2	1	11	82730	36.96	1.26
F11	Sample 71	2	1	12	87730	37	1.26
F11	Sample 71	2	1	13	92740	36.96	1.26
F11	Sample 71	2	1	14	97740	37	1.27
F11	Sample 71	2	1	15	102730	36.96	1.26
F12	Sample 72	2	1	1	32720	36.96	1.25
F12	Sample 72	2	1	2	37730	36.91	1.24
F12	Sample 72	2	1	3	42730	36.96	1.24
F12	Sample 72	2	1	4	47740	36.96	1.25
F12	Sample 72	2	1	5	52740	37	1.24
F12	Sample 72	2	1	6	57730	36.96	1.23
F12	Sample 72	2	1	7	62730	37	1.24
F12	Sample 72	2	1	8	67750	36.91	1.24
F12	Sample 72	2	1	9	72750	36.96	1.23
F12	Sample 72	2	1	10	77740	37	1.22
F12	Sample 72	2	1	11	82730	36.96	1.23
F12	Sample 72	2	1	12	87730	37	1.23
F12	Sample 72	2	1	13	92740	36.96	1.22
F12	Sample 72	2	1	14	97740	37	1.23
F12	Sample 72	2	1	15	102730	36.96	1.23
G1	Sample 73	2	1	1	32720	36.96	1.62
G1	Sample 73	2	1	2	37730	36.91	1.61
G1	Sample 73	2	1	3	42730	36.96	1.62
G1	Sample 73	2	1	4	47740	36.96	1.62
G1	Sample 73	2	1	5	52740	37	1.62
G1	Sample 73	2	1	6	57730	36.96	1.62
G1	Sample 73	2	1	7	62730	37	1.62
G1	Sample 73	2	1	8	67750	36.91	1.62
G1	Sample 73	2	1	9	72750	36.96	1.61
G1	Sample 73	2	1	10	77740	37	1.61
G1	Sample 73	2	1	11	82730	36.96	1.61
G1	Sample 73	2	1	12	87730	37	1.62
G1	Sample 73	2	1	13	92740	36.96	1.62
G1	Sample 73	2	1	14	97740	37	1.61
G1	Sample 73	2	1	15	102730	36.96	1.62
G2	Sample 74	2	1	1	32720	36.96	1.73
G2	Sample 74	2	1	2	37730	36.91	1.71
G2	Sample 74	2	1	3	42730	36.96	1.71
G2	Sample 74	2	1	4	47740	36.96	1.73
G2	Sample 74	2	1	5	52740	37	1.71
G2	Sample 74	2	1	6	57730	36.96	1.72
G2	Sample 74	2	1	7	62730	37	1.72
G2	Sample 74	2	1	8	67750	36.91	1.71
G2	Sample 74	2	1	9	72750	36.96	1.71
G2	Sample 74	2	1	10	77740	37	1.71
G2	Sample 74	2	1	11	82730	36.96	1.71
G2	Sample 74	2	1	12	87730	37	1.71
G2	Sample 74	2	1	13	92740	36.96	1.71
G2	Sample 74	2	1	14	97740	37	1.71
G2	Sample 74	2	1	15	102730	36.96	1.71
G3	Sample 75	2	1	1	32720	36.96	1.96
G3	Sample 75	2	1	2	37730	36.91	1.95
G3	Sample 75	2	1	3	42730	36.96	1.96
G3	Sample 75	2	1	4	47740	36.96	1.96
G3	Sample 75	2	1	5	52740	37	1.95
G3	Sample 75	2	1	6	57730	36.96	1.95
G3	Sample 75	2	1	7	62730	37	1.94
G3	Sample 75	2	1	8	67750	36.91	1.94
G3	Sample 75	2	1	9	72750	36.96	1.95
G3	Sample 75	2	1	10	77740	37	1.94
G3	Sample 75	2	1	11	82730	36.96	1.94
G3	Sample 75	2	1	12	87730	37	1.95
G3	Sample 75	2	1	13	92740	36.96	1.94
G3	Sample 75	2	1	14	97740	37	1.94
G3	Sample 75	2	1	15	102730	36.96	1.95
G4	Sample 76	2	1	1	32720	36.96	1.94
G4	Sample 76	2	1	2	37730	36.91	1.94
G4	Sample 76	2	1	3	42730	36.96	1.94
G4	Sample 76	2	1	4	47740	36.96	1.95
G4	Sample 76	2	1	5	52740	37	1.93
G4	Sample 76	2	1	6	57730	36.96	1.93
G4	Sample 76	2	1	7	62730	37	1.92
G4	Sample 76	2	1	8	67750	36.91	1.92
G4	Sample 76	2	1	9	72750	36.96	1.93
G4	Sample 76	2	1	10	77740	37	1.92
G4	Sample 76	2	1	11	82730	36.96	1.93
G4	Sample 76	2	1	12	87730	37	1.92
G4	Sample 76	2	1	13	92740	36.96	1.93
G4	Sample 76	2	1	14	97740	37	1.92
G4	Sample 76	2	1	15	102730	36.96	1.92
G5	Sample 77	2	1	1	32720	36.96	1.79
G5	Sample 77	2	1	2	37730	36.91	1.78
G5	Sample 77	2	1	3	42730	36.96	1.78
G5	Sample 77	2	1	4	47740	36.96	1.79
G5	Sample 77	2	1	5	52740	37	1.78
G5	Sample 77	2	1	6	57730	36.96	1.77
G5	Sample 77	2	1	7	62730	37	1.77
G5	Sample 77	2	1	8	67750	36.91	1.77
G5	Sample 77	2	1	9	72750	36.96	1.77
G5	Sample 77	2	1	10	77740	37	1.77
G5	Sample 77	2	1	11	82730	36.96	1.76
G5	Sample 77	2	1	12	87730	37	1.77
G5	Sample 77	2	1	13	92740	36.96	1.77
G5	Sample 77	2	1	14	97740	37	1.76
G5	Sample 77	2	1	15	102730	36.96	1.76
G6	Sample 78	2	1	1	32720	36.96	1.73
G6	Sample 78	2	1	2	37730	36.91	1.72
G6	Sample 78	2	1	3	42730	36.96	1.72
G6	Sample 78	2	1	4	47740	36.96	1.72
G6	Sample 78	2	1	5	52740	37	1.71
G6	Sample 78	2	1	6	57730	36.96	1.71
G6	Sample 78	2	1	7	62730	37	1.71
G6	Sample 78	2	1	8	67750	36.91	1.70
G6	Sample 78	2	1	9	72750	36.96	1.71
G6	Sample 78	2	1	10	77740	37	1.71
G6	Sample 78	2	1	11	82730	36.96	1.70
G6	Sample 78	2	1	12	87730	37	1.70
G6	Sample 78	2	1	13	92740	36.96	1.70
G6	Sample 78	2	1	14	97740	37	1.70
G6	Sample 78	2	1	15	102730	36.96	1.70
G7	Sample 79	2	1	1	32720	36.96	1.76
G7	Sample 79	2	1	2	37730	36.91	1.75
G7	Sample 79	2	1	3	42730	36.96	1.75
G7	Sample 79	2	1	4	47740	36.96	1.75
G7	Sample 79	2	1	5	52740	37	1.76
G7	Sample 79	2	1	6	57730	36.96	1.74
G7	Sample 79	2	1	7	62730	37	1.74
G7	Sample 79	2	1	8	67750	36.91	1.74
G7	Sample 79	2	1	9	72750	36.96	1.74
G7	Sample 79	2	1	10	77740	37	1.74
G7	Sample 79	2	1	11	82730	36.96	1.74
G7	Sample 79	2	1	12	87730	37	1.74
G7	Sample 79	2	1	13	92740	36.96	1.74
G7	Sample 79	2	1	14	97740	37	1.74
G7	Sample 79	2	1	15	102730	36.96	1.74
G8	Sample 80	2	1	1	32720	36.96	1.79
G8	Sample 80	2	1	2	37730	36.91	1.78
G8	Sample 80	2	1	3	42730	36.96	1.78
G8	Sample 80	2	1	4	47740	36.96	1.79
G8	Sample 80	2	1	5	52740	37	1.78
G8	Sample 80	2	1	6	57730	36.96	1.78
G8	Sample 80	2	1	7	62730	37	1.77
G8	Sample 80	2	1	8	67750	36.91	1.77
G8	Sample 80	2	1	9	72750	36.96	1.77
G8	Sample 80	2	1	10	77740	37	1.77
G8	Sample 80	2	1	11	82730	36.96	1.76
G8	Sample 80	2	1	12	87730	37	1.76
G8	Sample 80	2	1	13	92740	36.96	1.77
G8	Sample 80	2	1	14	97740	37	1.76
G8	Sample 80	2	1	15	102730	36.96	1.77
G9	Sample 81	2	1	1	32720	36.96	1.12
G9	Sample 81	2	1	2	37730	36.91	1.11
G9	Sample 81	2	1	3	42730	36.96	1.11
G9	Sample 81	2	1	4	47740	36.96	1.11
G9	Sample 81	2	1	5	52740	37	1.11
G9	Sample 81	2	1	6	57730	36.96	1.10
G9	Sample 81	2	1	7	62730	37	1.10
G9	Sample 81	2	1	8	67750	36.91	1.10
G9	Sample 81	2	1	9	72750	36.96	1.10
G9	Sample 81	2	1	10	77740	37	1.10
G9	Sample 81	2	1	11	82730	36.96	1.09
G9	Sample 81	2	1	12	87730	37	1.10
G9	Sample 81	2	1	13	92740	36.96	1.10
G9	Sample 81	2	1	14	97740	37	1.09
G9	Sample 81	2	1	15	102730	36.96	1.10
G10	Sample 82	2	1	1	32720	36.96	1.24
G10	Sample 82	2	1	2	37730	36.91	1.24
G10	Sample 82	2	1	3	42730	36.96	1.24
G10	Sample 82	2	1	4	47740	36.96	1.25
G10	Sample 82	2	1	5	52740	37	1.24
G10	Sample 82	2	1	6	57730	36.96	1.23
G10	Sample 82	2	1	7	62730	37	1.23
G10	Sample 82	2	1	8	67750	36.91	1.23
G10	Sample 82	2	1	9	72750	36.96	1.23
G10	Sample 82	2	1	10	77740	37	1.23
G10	Sample 82	2	1	11	82730	36.96	1.22
G10	Sample 82	2	1	12	87730	37	1.23
G10	Sample 82	2	1	13	92740	36.96	1.23
G10	Sample 82	2	1	14	97740	37	1.23
G10	Sample 82	2	1	15	102730	36.96	1.22
G11	Sample 83	2	1	1	32720	36.96	1.27
G11	Sample 83	2	1	2	37730	36.91	1.26
G11	Sample 83	2	1	3	42730	36.96	1.26
G11	Sample 83	2	1	4	47740	36.96	1.26
G11	Sample 83	2	1	5	52740	37	1.25
G11	Sample 83	2	1	6	57730	36.96	1.25
G11	Sample 83	2	1	7	62730	37	1.25
G11	Sample 83	2	1	8	67750	36.91	1.25
G11	Sample 83	2	1	9	72750	36.96	1.25
G11	Sample 83	2	1	10	77740	37	1.24
G11	Sample 83	2	1	11	82730	36.96	1.25
G11	Sample 83	2	1	12	87730	37	1.25
G11	Sample 83	2	1	13	92740	36.96	1.25
G11	Sample 83	2	1	14	97740	37	1.25
G11	Sample 83	2	1	15	102730	36.96	1.25
G12	Sample 84	2	1	1	32720	36.96	0.67
G12	Sample 84	2	1	2	37730	36.91	0.67
G12	Sample 84	2	1	3	42730	36.96	0.67
G12	Sample 84	2	1	4	47740	36.96	0.68
G12	Sample 84	2	1	5	52740	37	0.67
G12	Sample 84	2	1	6	57730	36.96	0.66
G12	Sample 84	2	1	7	62730	37	0.66
G12	Sample 84	2	1	8	67750	36.91	0.66
G12	Sample 84	2	1	9	72750	36.96	0.66
G12	Sample 84	2	1	10	77740	37	0.66
G12	Sample 84	2	1	11	82730	36.96	0.66
G12	Sample 84	2	1	12	87730	37	0.66
G12	Sample 84	2	1	13	92740	36.96	0.66
G12	Sample 84	2	1	14	97740	37	0.66
G12	Sample 84	2	1	15	102730	36.96	0.66
H1	Sample 85	2	1	1	32720	36.96	1.62
H1	Sample 85	2	1	2	37730	36.91	1.62
H1	Sample 85	2	1	3	42730	36.96	1.62
H1	Sample 85	2	1	4	47740	36.96	1.63
H1	Sample 85	2	1	5	52740	37	1.63
H1	Sample 85	2	1	6	57730	36.96	1.62
H1	Sample 85	2	1	7	62730	37	1.62
H1	Sample 85	2	1	8	67750	36.91	1.62
H1	Sample 85	2	1	9	72750	36.96	1.62
H1	Sample 85	2	1	10	77740	37	1.63
H1	Sample 85	2	1	11	82730	36.96	1.63
H1	Sample 85	2	1	12	87730	37	1.63
H1	Sample 85	2	1	13	92740	36.96	1.64
H1	Sample 85	2	1	14	97740	37	1.63
H1	Sample 85	2	1	15	102730	36.96	1.63
H2	Sample 86	2	1	1	32720	36.96	1.68
H2	Sample 86	2	1	2	37730	36.91	1.68
H2	Sample 86	2	1	3	42730	36.96	1.68
H2	Sample 86	2	1	4	47740	36.96	1.68
H2	Sample 86	2	1	5	52740	37	1.68
H2	Sample 86	2	1	6	57730	36.96	1.67
H2	Sample 86	2	1	7	62730	37	1.67
H2	Sample 86	2	1	8	67750	36.91	1.67
H2	Sample 86	2	1	9	72750	36.96	1.67
H2	Sample 86	2	1	10	77740	37	1.68
H2	Sample 86	2	1	11	82730	36.96	1.67
H2	Sample 86	2	1	12	87730	37	1.67
H2	Sample 86	2	1	13	92740	36.96	1.68
H2	Sample 86	2	1	14	97740	37	1.68
H2	Sample 86	2	1	15	102730	36.96	1.67
H3	Sample 87	2	1	1	32720	36.96	1.87
H3	Sample 87	2	1	2	37730	36.91	1.87
H3	Sample 87	2	1	3	42730	36.96	1.87
H3	Sample 87	2	1	4	47740	36.96	1.86
H3	Sample 87	2	1	5	52740	37	1.86
H3	Sample 87	2	1	6	57730	36.96	1.86
H3	Sample 87	2	1	7	62730	37	1.86
H3	Sample 87	2	1	8	67750	36.91	1.86
H3	Sample 87	2	1	9	72750	36.96	1.85
H3	Sample 87	2	1	10	77740	37	1.86
H3	Sample 87	2	1	11	82730	36.96	1.86
H3	Sample 87	2	1	12	87730	37	1.86
H3	Sample 87	2	1	13	92740	36.96	1.86
H3	Sample 87	2	1	14	97740	37	1.86
H3	Sample 87	2	1	15	102730	36.96	1.86
H4	Sample 88	2	1	1	32720	36.96	1.85
H4	Sample 88	2	1	2	37730	36.91	1.84
H4	Sample 88	2	1	3	42730	36.96	1.85
H4	Sample 88	2	1	4	47740	36.96	1.84
H4	Sample 88	2	1	5	52740	37	1.84
H4	Sample 88	2	1	6	57730	36.96	1.85
H4	Sample 88	2	1	7	62730	37	1.83
H4	Sample 88	2	1	8	67750	36.91	1.84
H4	Sample 88	2	1	9	72750	36.96	1.84
H4	Sample 88	2	1	10	77740	37	1.85
H4	Sample 88	2	1	11	82730	36.96	1.85
H4	Sample 88	2	1	12	87730	37	1.85
H4	Sample 88	2	1	13	92740	36.96	1.85
H4	Sample 88	2	1	14	97740	37	1.85
H4	Sample 88	2	1	15	102730	36.96	1.85
H5	Sample 89	2	1	1	32720	36.96	1.80
H5	Sample 89	2	1	2	37730	36.91	1.80
H5	Sample 89	2	1	3	42730	36.96	1.80
H5	Sample 89	2	1	4	47740	36.96	1.80
H5	Sample 89	2	1	5	52740	37	1.80
H5	Sample 89	2	1	6	57730	36.96	1.80
H5	Sample 89	2	1	7	62730	37	1.79
H5	Sample 89	2	1	8	67750	36.91	1.79
H5	Sample 89	2	1	9	72750	36.96	1.79
H5	Sample 89	2	1	10	77740	37	1.79
H5	Sample 89	2	1	11	82730	36.96	1.80
H5	Sample 89	2	1	12	87730	37	1.80
H5	Sample 89	2	1	13	92740	36.96	1.80
H5	Sample 89	2	1	14	97740	37	1.79
H5	Sample 89	2	1	15	102730	36.96	1.79
H6	Sample 90	2	1	1	32720	36.96	1.72
H6	Sample 90	2	1	2	37730	36.91	1.72
H6	Sample 90	2	1	3	42730	36.96	1.73
H6	Sample 90	2	1	4	47740	36.96	1.73
H6	Sample 90	2	1	5	52740	37	1.72
H6	Sample 90	2	1	6	57730	36.96	1.72
H6	Sample 90	2	1	7	62730	37	1.72
H6	Sample 90	2	1	8	67750	36.91	1.72
H6	Sample 90	2	1	9	72750	36.96	1.71
H6	Sample 90	2	1	10	77740	37	1.72
H6	Sample 90	2	1	11	82730	36.96	1.72
H6	Sample 90	2	1	12	87730	37	1.72
H6	Sample 90	2	1	13	92740	36.96	1.72
H6	Sample 90	2	1	14	97740	37	1.72
H6	Sample 90	2	1	15	102730	36.96	1.72
H7	Sample 91	2	1	1	32720	36.96	1.73
H7	Sample 91	2	1	2	37730	36.91	1.74
H7	Sample 91	2	1	3	42730	36.96	1.73
H7	Sample 91	2	1	4	47740	36.96	1.73
H7	Sample 91	2	1	5	52740	37	1.72
H7	Sample 91	2	1	6	57730	36.96	1.73
H7	Sample 91	2	1	7	62730	37	1.73
H7	Sample 91	2	1	8	67750	36.91	1.73
H7	Sample 91	2	1	9	72750	36.96	1.72
H7	Sample 91	2	1	10	77740	37	1.73
H7	Sample 91	2	1	11	82730	36.96	1.72
H7	Sample 91	2	1	12	87730	37	1.73
H7	Sample 91	2	1	13	92740	36.96	1.73
H7	Sample 91	2	1	14	97740	37	1.73
H7	Sample 91	2	1	15	102730	36.96	1.73
H8	Sample 92	2	1	1	32720	36.96	1.77
H8	Sample 92	2	1	2	37730	36.91	1.77
H8	Sample 92	2	1	3	42730	36.96	1.77
H8	Sample 92	2	1	4	47740	36.96	1.77
H8	Sample 92	2	1	5	52740	37	1.76
H8	Sample 92	2	1	6	57730	36.96	1.77
H8	Sample 92	2	1	7	62730	37	1.76
H8	Sample 92	2	1	8	67750	36.91	1.76
H8	Sample 92	2	1	9	72750	36.96	1.76
H8	Sample 92	2	1	10	77740	37	1.76
H8	Sample 92	2	1	11	82730	36.96	1.76
H8	Sample 92	2	1	12	87730	37	1.77
H8	Sample 92	2	1	13	92740	36.96	1.77
H8	Sample 92	2	1	14	97740	37	1.76
H8	Sample 92	2	1	15	102730	36.96	1.76
H9	Sample 93	2	1	1	32720	36.96	1.10
H9	Sample 93	2	1	2	37730	36.91	1.10
H9	Sample 93	2	1	3	42730	36.96	1.10
H9	Sample 93	2	1	4	47740	36.96	1.09
H9	Sample 93	2	1	5	52740	37	1.09
H9	Sample 93	2	1	6	57730	36.96	1.08
H9	Sample 93	2	1	7	62730	37	1.09
H9	Sample 93	2	1	8	67750	36.91	1.09
H9	Sample 93	2	1	9	72750	36.96	1.08
H9	Sample 93	2	1	10	77740	37	1.09
H9	Sample 93	2	1	11	82730	36.96	1.09
H9	Sample 93	2	1	12	87730	37	1.09
H9	Sample 93	2	1	13	92740	36.96	1.09
H9	Sample 93	2	1	14	97740	37	1.09
H9	Sample 93	2	1	15	102730	36.96	1.09
H10	Sample 94	2	1	1	32720	36.96	1.17
H10	Sample 94	2	1	2	37730	36.91	1.16
H10	Sample 94	2	1	3	42730	36.96	1.16
H10	Sample 94	2	1	4	47740	36.96	1.15
H10	Sample 94	2	1	5	52740	37	1.16
H10	Sample 94	2	1	6	57730	36.96	1.16
H10	Sample 94	2	1	7	62730	37	1.15
H10	Sample 94	2	1	8	67750	36.91	1.15
H10	Sample 94	2	1	9	72750	36.96	1.15
H10	Sample 94	2	1	10	77740	37	1.15
H10	Sample 94	2	1	11	82730	36.96	1.16
H10	Sample 94	2	1	12	87730	37	1.15
H10	Sample 94	2	1	13	92740	36.96	1.16
H10	Sample 94	2	1	14	97740	37	1.16
H10	Sample 94	2	1	15	102730	36.96	1.15
H11	Sample 95	2	1	1	32720	36.96	1.17
H11	Sample 95	2	1	2	37730	36.91	1.17
H11	Sample 95	2	1	3	42730	36.96	1.17
H11	Sample 95	2	1	4	47740	36.96	1.17
H11	Sample 95	2	1	5	52740	37	1.17
H11	Sample 95	2	1	6	57730	36.96	1.17
H11	Sample 95	2	1	7	62730	37	1.16
H11	Sample 95	2	1	8	67750	36.91	1.17
H11	Sample 95	2	1	9	72750	36.96	1.16
H11	Sample 95	2	1	10	77740	37	1.17
H11	Sample 95	2	1	11	82730	36.96	1.16
H11	Sample 95	2	1	12	87730	37	1.16
H11	Sample 95	2	1	13	92740	36.96	1.17
H11	Sample 95	2	1	14	97740	37	1.16
H11	Sample 95	2	1	15	102730	36.96	1.16
H12	Sample 96	2	1	1	32720	36.96	1.14
H12	Sample 96	2	1	2	37730	36.91	1.14
H12	Sample 96	2	1	3	42730	36.96	1.15
H12	Sample 96	2	1	4	47740	36.96	1.14
H12	Sample 96	2	1	5	52740	37	1.14
H12	Sample 96	2	1	6	57730	36.96	1.14
H12	Sample 96	2	1	7	62730	37	1.14
H12	Sample 96	2	1	8	67750	36.91	1.13
H12	Sample 96	2	1	9	72750	36.96	1.13
H12	Sample 96	2	1	10	77740	37	1.14
H12	Sample 96	2	1	11	82730	36.96	1.14
H12	Sample 96	2	1	12	87730	37	1.15
H12	Sample 96	2	1	13	92740	36.96	1.14
H12	Sample 96	2	1	14	97740	37	1.13
H12	Sample 96	2	1	15	102730	36.96	1.14
