Raw Data 		Experiment - evIC50_3_plate7_11APRIL2026 (Run on LCS480 1.5.1.62)																			
SamplePos	SampleName	Prog#	Seg#	Cycle#	Time	Temp	465-510														
A1	Sample 1	2	1	1	31090	36.96	1.48														
A1	Sample 1	2	1	2	36110	37	1.48														
A1	Sample 1	2	1	3	41110	37	1.47														
A1	Sample 1	2	1	4	46110	36.96	1.47														
A1	Sample 1	2	1	5	51110	37	1.48														
A1	Sample 1	2	1	6	56110	37	1.47														
A1	Sample 1	2	1	7	61110	37	1.48														
A1	Sample 1	2	1	8	66130	37	1.48														
A1	Sample 1	2	1	9	71110	37	1.48														
A1	Sample 1	2	1	10	76110	37	1.48														
A1	Sample 1	2	1	11	81120	37	1.47														
A1	Sample 1	2	1	12	86110	37	1.47														
A1	Sample 1	2	1	13	91120	37	1.47														
A1	Sample 1	2	1	14	96120	36.96	1.47														
A1	Sample 1	2	1	15	101110	37	1.47														
A2	Sample 2	2	1	1	31090	36.96	1.56														
A2	Sample 2	2	1	2	36110	37	1.56														
A2	Sample 2	2	1	3	41110	37	1.56														
A2	Sample 2	2	1	4	46110	36.96	1.56														
A2	Sample 2	2	1	5	51110	37	1.57														
A2	Sample 2	2	1	6	56110	37	1.56														
A2	Sample 2	2	1	7	61110	37	1.56														
A2	Sample 2	2	1	8	66130	37	1.55														
A2	Sample 2	2	1	9	71110	37	1.56														
A2	Sample 2	2	1	10	76110	37	1.56														
A2	Sample 2	2	1	11	81120	37	1.56														
A2	Sample 2	2	1	12	86110	37	1.56														
A2	Sample 2	2	1	13	91120	37	1.56														
A2	Sample 2	2	1	14	96120	36.96	1.55														
A2	Sample 2	2	1	15	101110	37	1.56														
A3	Sample 3	2	1	1	31090	36.96	1.47														
A3	Sample 3	2	1	2	36110	37	1.48														
A3	Sample 3	2	1	3	41110	37	1.47														
A3	Sample 3	2	1	4	46110	36.96	1.48														
A3	Sample 3	2	1	5	51110	37	1.48														
A3	Sample 3	2	1	6	56110	37	1.48														
A3	Sample 3	2	1	7	61110	37	1.47														
A3	Sample 3	2	1	8	66130	37	1.47														
A3	Sample 3	2	1	9	71110	37	1.47														
A3	Sample 3	2	1	10	76110	37	1.47														
A3	Sample 3	2	1	11	81120	37	1.47														
A3	Sample 3	2	1	12	86110	37	1.47														
A3	Sample 3	2	1	13	91120	37	1.47														
A3	Sample 3	2	1	14	96120	36.96	1.47														
A3	Sample 3	2	1	15	101110	37	1.47														
A4	Sample 4	2	1	1	31090	36.96	1.54														
A4	Sample 4	2	1	2	36110	37	1.54														
A4	Sample 4	2	1	3	41110	37	1.53														
A4	Sample 4	2	1	4	46110	36.96	1.54														
A4	Sample 4	2	1	5	51110	37	1.53														
A4	Sample 4	2	1	6	56110	37	1.53														
A4	Sample 4	2	1	7	61110	37	1.54														
A4	Sample 4	2	1	8	66130	37	1.53														
A4	Sample 4	2	1	9	71110	37	1.53														
A4	Sample 4	2	1	10	76110	37	1.53														
A4	Sample 4	2	1	11	81120	37	1.53														
A4	Sample 4	2	1	12	86110	37	1.53														
A4	Sample 4	2	1	13	91120	37	1.53														
A4	Sample 4	2	1	14	96120	36.96	1.53														
A4	Sample 4	2	1	15	101110	37	1.53														
A5	Sample 5	2	1	1	31090	36.96	2.41														
A5	Sample 5	2	1	2	36110	37	2.39														
A5	Sample 5	2	1	3	41110	37	2.39														
A5	Sample 5	2	1	4	46110	36.96	2.39														
A5	Sample 5	2	1	5	51110	37	2.39														
A5	Sample 5	2	1	6	56110	37	2.39														
A5	Sample 5	2	1	7	61110	37	2.39														
A5	Sample 5	2	1	8	66130	37	2.38														
A5	Sample 5	2	1	9	71110	37	2.38														
A5	Sample 5	2	1	10	76110	37	2.38														
A5	Sample 5	2	1	11	81120	37	2.38														
A5	Sample 5	2	1	12	86110	37	2.37														
A5	Sample 5	2	1	13	91120	37	2.39														
A5	Sample 5	2	1	14	96120	36.96	2.38														
A5	Sample 5	2	1	15	101110	37	2.38														
A6	Sample 6	2	1	1	31090	36.96	2.63														
A6	Sample 6	2	1	2	36110	37	2.62														
A6	Sample 6	2	1	3	41110	37	2.62														
A6	Sample 6	2	1	4	46110	36.96	2.61														
A6	Sample 6	2	1	5	51110	37	2.62														
A6	Sample 6	2	1	6	56110	37	2.62														
A6	Sample 6	2	1	7	61110	37	2.61														
A6	Sample 6	2	1	8	66130	37	2.61														
A6	Sample 6	2	1	9	71110	37	2.62														
A6	Sample 6	2	1	10	76110	37	2.6														
A6	Sample 6	2	1	11	81120	37	2.61														
A6	Sample 6	2	1	12	86110	37	2.61														
A6	Sample 6	2	1	13	91120	37	2.6														
A6	Sample 6	2	1	14	96120	36.96	2.61														
A6	Sample 6	2	1	15	101110	37	2.61			1.47	1.56	1.47	1.53	2.38	2.61	2.43	2.36	2.07	2.15	2.16	1.89
A7	Sample 7	2	1	1	31090	36.96	2.46														
A7	Sample 7	2	1	2	36110	37	2.45														
A7	Sample 7	2	1	3	41110	37	2.44														
A7	Sample 7	2	1	4	46110	36.96	2.43														
A7	Sample 7	2	1	5	51110	37	2.44														
A7	Sample 7	2	1	6	56110	37	2.44														
A7	Sample 7	2	1	7	61110	37	2.43														
A7	Sample 7	2	1	8	66130	37	2.44														
A7	Sample 7	2	1	9	71110	37	2.42														
A7	Sample 7	2	1	10	76110	37	2.43														
A7	Sample 7	2	1	11	81120	37	2.43														
A7	Sample 7	2	1	12	86110	37	2.43														
A7	Sample 7	2	1	13	91120	37	2.43														
A7	Sample 7	2	1	14	96120	36.96	2.43														
A7	Sample 7	2	1	15	101110	37	2.43			1.22	1.46	1.33	1.63	2.18	2.5	2.4	2.36	2.04	2.13	2.22	2.1
A8	Sample 8	2	1	1	31090	36.96	2.38														
A8	Sample 8	2	1	2	36110	37	2.37														
A8	Sample 8	2	1	3	41110	37	2.36														
A8	Sample 8	2	1	4	46110	36.96	2.37														
A8	Sample 8	2	1	5	51110	37	2.37														
A8	Sample 8	2	1	6	56110	37	2.36														
A8	Sample 8	2	1	7	61110	37	2.36														
A8	Sample 8	2	1	8	66130	37	2.37														
A8	Sample 8	2	1	9	71110	37	2.36														
A8	Sample 8	2	1	10	76110	37	2.37														
A8	Sample 8	2	1	11	81120	37	2.36														
A8	Sample 8	2	1	12	86110	37	2.36														
A8	Sample 8	2	1	13	91120	37	2.37														
A8	Sample 8	2	1	14	96120	36.96	2.36														
A8	Sample 8	2	1	15	101110	37	2.36			1.22	1.47	1.5	1.51	2.22	2.46	2.49	2.35	2.1	2.07	2.15	1.95
A9	Sample 9	2	1	1	31090	36.96	2.08														
A9	Sample 9	2	1	2	36110	37	2.08														
A9	Sample 9	2	1	3	41110	37	2.08														
A9	Sample 9	2	1	4	46110	36.96	2.08														
A9	Sample 9	2	1	5	51110	37	2.08														
A9	Sample 9	2	1	6	56110	37	2.08														
A9	Sample 9	2	1	7	61110	37	2.08														
A9	Sample 9	2	1	8	66130	37	2.07														
A9	Sample 9	2	1	9	71110	37	2.08														
A9	Sample 9	2	1	10	76110	37	2.07														
A9	Sample 9	2	1	11	81120	37	2.07														
A9	Sample 9	2	1	12	86110	37	2.08														
A9	Sample 9	2	1	13	91120	37	2.06														
A9	Sample 9	2	1	14	96120	36.96	2.07														
A9	Sample 9	2	1	15	101110	37	2.07			1.37	1.43	1.36	1.38	2.27	2.43	2.38	2.24	2.12	2.15	2.11	1.88
A10	Sample 10	2	1	1	31090	36.96	2.16														
A10	Sample 10	2	1	2	36110	37	2.15														
A10	Sample 10	2	1	3	41110	37	2.15														
A10	Sample 10	2	1	4	46110	36.96	2.15														
A10	Sample 10	2	1	5	51110	37	2.15														
A10	Sample 10	2	1	6	56110	37	2.15														
A10	Sample 10	2	1	7	61110	37	2.15														
A10	Sample 10	2	1	8	66130	37	2.15														
A10	Sample 10	2	1	9	71110	37	2.16														
A10	Sample 10	2	1	10	76110	37	2.15														
A10	Sample 10	2	1	11	81120	37	2.15														
A10	Sample 10	2	1	12	86110	37	2.15														
A10	Sample 10	2	1	13	91120	37	2.15														
A10	Sample 10	2	1	14	96120	36.96	2.15														
A10	Sample 10	2	1	15	101110	37	2.15			1.7	1.71	1.49	1.53	2.41	2.56	2.31	2.11	2.1	2.1	2.03	1.87
A11	Sample 11	2	1	1	31090	36.96	2.18														
A11	Sample 11	2	1	2	36110	37	2.17														
A11	Sample 11	2	1	3	41110	37	2.17														
A11	Sample 11	2	1	4	46110	36.96	2.17														
A11	Sample 11	2	1	5	51110	37	2.16														
A11	Sample 11	2	1	6	56110	37	2.17														
A11	Sample 11	2	1	7	61110	37	2.16														
A11	Sample 11	2	1	8	66130	37	2.16														
A11	Sample 11	2	1	9	71110	37	2.17														
A11	Sample 11	2	1	10	76110	37	2.16														
A11	Sample 11	2	1	11	81120	37	2.16														
A11	Sample 11	2	1	12	86110	37	2.16														
A11	Sample 11	2	1	13	91120	37	2.16														
A11	Sample 11	2	1	14	96120	36.96	2.16														
A11	Sample 11	2	1	15	101110	37	2.16			1.82	1.87	1.71	1.94	2.42	2.46	2.41	2.34	2.14	2.19	2.1	1.86
A12	Sample 12	2	1	1	31090	36.96	1.86														
A12	Sample 12	2	1	2	36110	37	1.86														
A12	Sample 12	2	1	3	41110	37	1.87														
A12	Sample 12	2	1	4	46110	36.96	1.88														
A12	Sample 12	2	1	5	51110	37	1.88														
A12	Sample 12	2	1	6	56110	37	1.89														
A12	Sample 12	2	1	7	61110	37	1.89														
A12	Sample 12	2	1	8	66130	37	1.89														
A12	Sample 12	2	1	9	71110	37	1.89														
A12	Sample 12	2	1	10	76110	37	1.89														
A12	Sample 12	2	1	11	81120	37	1.89														
A12	Sample 12	2	1	12	86110	37	1.89														
A12	Sample 12	2	1	13	91120	37	1.89														
A12	Sample 12	2	1	14	96120	36.96	1.89														
A12	Sample 12	2	1	15	101110	37	1.89			1.61	1.81	1.78	1.89	2.36	2.39	2.28	2.17	2.07	2.15	2.04	1.9
B1	Sample 13	2	1	1	31090	36.96	1.22														
B1	Sample 13	2	1	2	36110	37	1.22														
B1	Sample 13	2	1	3	41110	37	1.21														
B1	Sample 13	2	1	4	46110	36.96	1.22														
B1	Sample 13	2	1	5	51110	37	1.21														
B1	Sample 13	2	1	6	56110	37	1.22														
B1	Sample 13	2	1	7	61110	37	1.21														
B1	Sample 13	2	1	8	66130	37	1.21														
B1	Sample 13	2	1	9	71110	37	1.21														
B1	Sample 13	2	1	10	76110	37	1.21														
B1	Sample 13	2	1	11	81120	37	1.21														
B1	Sample 13	2	1	12	86110	37	1.21														
B1	Sample 13	2	1	13	91120	37	1.21														
B1	Sample 13	2	1	14	96120	36.96	1.2														
B1	Sample 13	2	1	15	101110	37	1.22			1.51	1.68	1.73	1.76	2.36	2.34	2.29	2.17	1.92	1.91	1.9	1.9
B2	Sample 14	2	1	1	31090	36.96	1.47														
B2	Sample 14	2	1	2	36110	37	1.48														
B2	Sample 14	2	1	3	41110	37	1.46														
B2	Sample 14	2	1	4	46110	36.96	1.47														
B2	Sample 14	2	1	5	51110	37	1.46														
B2	Sample 14	2	1	6	56110	37	1.47														
B2	Sample 14	2	1	7	61110	37	1.46														
B2	Sample 14	2	1	8	66130	37	1.45														
B2	Sample 14	2	1	9	71110	37	1.45														
B2	Sample 14	2	1	10	76110	37	1.46														
B2	Sample 14	2	1	11	81120	37	1.46														
B2	Sample 14	2	1	12	86110	37	1.46														
B2	Sample 14	2	1	13	91120	37	1.46														
B2	Sample 14	2	1	14	96120	36.96	1.46														
B2	Sample 14	2	1	15	101110	37	1.46														
B3	Sample 15	2	1	1	31090	36.96	1.35														
B3	Sample 15	2	1	2	36110	37	1.34														
B3	Sample 15	2	1	3	41110	37	1.35														
B3	Sample 15	2	1	4	46110	36.96	1.35														
B3	Sample 15	2	1	5	51110	37	1.34														
B3	Sample 15	2	1	6	56110	37	1.34														
B3	Sample 15	2	1	7	61110	37	1.34														
B3	Sample 15	2	1	8	66130	37	1.33														
B3	Sample 15	2	1	9	71110	37	1.33														
B3	Sample 15	2	1	10	76110	37	1.34														
B3	Sample 15	2	1	11	81120	37	1.33														
B3	Sample 15	2	1	12	86110	37	1.33														
B3	Sample 15	2	1	13	91120	37	1.33														
B3	Sample 15	2	1	14	96120	36.96	1.33														
B3	Sample 15	2	1	15	101110	37	1.33														
B4	Sample 16	2	1	1	31090	36.96	1.65														
B4	Sample 16	2	1	2	36110	37	1.65														
B4	Sample 16	2	1	3	41110	37	1.64														
B4	Sample 16	2	1	4	46110	36.96	1.64														
B4	Sample 16	2	1	5	51110	37	1.64														
B4	Sample 16	2	1	6	56110	37	1.64														
B4	Sample 16	2	1	7	61110	37	1.63														
B4	Sample 16	2	1	8	66130	37	1.64														
B4	Sample 16	2	1	9	71110	37	1.63														
B4	Sample 16	2	1	10	76110	37	1.63														
B4	Sample 16	2	1	11	81120	37	1.64														
B4	Sample 16	2	1	12	86110	37	1.63														
B4	Sample 16	2	1	13	91120	37	1.63														
B4	Sample 16	2	1	14	96120	36.96	1.63														
B4	Sample 16	2	1	15	101110	37	1.63														
B5	Sample 17	2	1	1	31090	36.96	2.2														
B5	Sample 17	2	1	2	36110	37	2.21														
B5	Sample 17	2	1	3	41110	37	2.19														
B5	Sample 17	2	1	4	46110	36.96	2.2														
B5	Sample 17	2	1	5	51110	37	2.2														
B5	Sample 17	2	1	6	56110	37	2.19														
B5	Sample 17	2	1	7	61110	37	2.2														
B5	Sample 17	2	1	8	66130	37	2.19														
B5	Sample 17	2	1	9	71110	37	2.19														
B5	Sample 17	2	1	10	76110	37	2.19														
B5	Sample 17	2	1	11	81120	37	2.19														
B5	Sample 17	2	1	12	86110	37	2.19														
B5	Sample 17	2	1	13	91120	37	2.19														
B5	Sample 17	2	1	14	96120	36.96	2.18														
B5	Sample 17	2	1	15	101110	37	2.18														
B6	Sample 18	2	1	1	31090	36.96	2.54														
B6	Sample 18	2	1	2	36110	37	2.54														
B6	Sample 18	2	1	3	41110	37	2.53														
B6	Sample 18	2	1	4	46110	36.96	2.52														
B6	Sample 18	2	1	5	51110	37	2.52														
B6	Sample 18	2	1	6	56110	37	2.52														
B6	Sample 18	2	1	7	61110	37	2.51														
B6	Sample 18	2	1	8	66130	37	2.51														
B6	Sample 18	2	1	9	71110	37	2.51														
B6	Sample 18	2	1	10	76110	37	2.52														
B6	Sample 18	2	1	11	81120	37	2.51														
B6	Sample 18	2	1	12	86110	37	2.5														
B6	Sample 18	2	1	13	91120	37	2.5														
B6	Sample 18	2	1	14	96120	36.96	2.51														
B6	Sample 18	2	1	15	101110	37	2.5														
B7	Sample 19	2	1	1	31090	36.96	2.43														
B7	Sample 19	2	1	2	36110	37	2.42														
B7	Sample 19	2	1	3	41110	37	2.41														
B7	Sample 19	2	1	4	46110	36.96	2.41														
B7	Sample 19	2	1	5	51110	37	2.4														
B7	Sample 19	2	1	6	56110	37	2.41														
B7	Sample 19	2	1	7	61110	37	2.41														
B7	Sample 19	2	1	8	66130	37	2.4														
B7	Sample 19	2	1	9	71110	37	2.39														
B7	Sample 19	2	1	10	76110	37	2.4														
B7	Sample 19	2	1	11	81120	37	2.4														
B7	Sample 19	2	1	12	86110	37	2.4														
B7	Sample 19	2	1	13	91120	37	2.39														
B7	Sample 19	2	1	14	96120	36.96	2.4														
B7	Sample 19	2	1	15	101110	37	2.4														
B8	Sample 20	2	1	1	31090	36.96	2.39														
B8	Sample 20	2	1	2	36110	37	2.38														
B8	Sample 20	2	1	3	41110	37	2.38														
B8	Sample 20	2	1	4	46110	36.96	2.38														
B8	Sample 20	2	1	5	51110	37	2.37														
B8	Sample 20	2	1	6	56110	37	2.37														
B8	Sample 20	2	1	7	61110	37	2.36														
B8	Sample 20	2	1	8	66130	37	2.37														
B8	Sample 20	2	1	9	71110	37	2.36														
B8	Sample 20	2	1	10	76110	37	2.36														
B8	Sample 20	2	1	11	81120	37	2.37														
B8	Sample 20	2	1	12	86110	37	2.36														
B8	Sample 20	2	1	13	91120	37	2.36														
B8	Sample 20	2	1	14	96120	36.96	2.36														
B8	Sample 20	2	1	15	101110	37	2.36														
B9	Sample 21	2	1	1	31090	36.96	2.07														
B9	Sample 21	2	1	2	36110	37	2.07														
B9	Sample 21	2	1	3	41110	37	2.06														
B9	Sample 21	2	1	4	46110	36.96	2.06														
B9	Sample 21	2	1	5	51110	37	2.06														
B9	Sample 21	2	1	6	56110	37	2.05														
B9	Sample 21	2	1	7	61110	37	2.05														
B9	Sample 21	2	1	8	66130	37	2.04														
B9	Sample 21	2	1	9	71110	37	2.05														
B9	Sample 21	2	1	10	76110	37	2.05														
B9	Sample 21	2	1	11	81120	37	2.04														
B9	Sample 21	2	1	12	86110	37	2.04														
B9	Sample 21	2	1	13	91120	37	2.03														
B9	Sample 21	2	1	14	96120	36.96	2.04														
B9	Sample 21	2	1	15	101110	37	2.04														
B10	Sample 22	2	1	1	31090	36.96	2.18														
B10	Sample 22	2	1	2	36110	37	2.27														
B10	Sample 22	2	1	3	41110	37	2.39														
B10	Sample 22	2	1	4	46110	36.96	2.02														
B10	Sample 22	2	1	5	51110	37	2.3														
B10	Sample 22	2	1	6	56110	37	2.32														
B10	Sample 22	2	1	7	61110	37	2.16														
B10	Sample 22	2	1	8	66130	37	2.1														
B10	Sample 22	2	1	9	71110	37	2.09														
B10	Sample 22	2	1	10	76110	37	2.14														
B10	Sample 22	2	1	11	81120	37	2.14														
B10	Sample 22	2	1	12	86110	37	2.14														
B10	Sample 22	2	1	13	91120	37	2.13														
B10	Sample 22	2	1	14	96120	36.96	2.14														
B10	Sample 22	2	1	15	101110	37	2.13														
B11	Sample 23	2	1	1	31090	36.96	2.24														
B11	Sample 23	2	1	2	36110	37	2.23														
B11	Sample 23	2	1	3	41110	37	2.23														
B11	Sample 23	2	1	4	46110	36.96	2.23														
B11	Sample 23	2	1	5	51110	37	2.23														
B11	Sample 23	2	1	6	56110	37	2.23														
B11	Sample 23	2	1	7	61110	37	2.22														
B11	Sample 23	2	1	8	66130	37	2.23														
B11	Sample 23	2	1	9	71110	37	2.22														
B11	Sample 23	2	1	10	76110	37	2.22														
B11	Sample 23	2	1	11	81120	37	2.23														
B11	Sample 23	2	1	12	86110	37	2.22														
B11	Sample 23	2	1	13	91120	37	2.21														
B11	Sample 23	2	1	14	96120	36.96	2.22														
B11	Sample 23	2	1	15	101110	37	2.22														
B12	Sample 24	2	1	1	31090	36.96	2.12														
B12	Sample 24	2	1	2	36110	37	2.11														
B12	Sample 24	2	1	3	41110	37	2.1														
B12	Sample 24	2	1	4	46110	36.96	2.1														
B12	Sample 24	2	1	5	51110	37	2.11														
B12	Sample 24	2	1	6	56110	37	2.1														
B12	Sample 24	2	1	7	61110	37	2.1														
B12	Sample 24	2	1	8	66130	37	2.09														
B12	Sample 24	2	1	9	71110	37	2.1														
B12	Sample 24	2	1	10	76110	37	2.1														
B12	Sample 24	2	1	11	81120	37	2.1														
B12	Sample 24	2	1	12	86110	37	2.1														
B12	Sample 24	2	1	13	91120	37	2.1														
B12	Sample 24	2	1	14	96120	36.96	2.1														
B12	Sample 24	2	1	15	101110	37	2.1														
C1	Sample 25	2	1	1	31090	36.96	1.23														
C1	Sample 25	2	1	2	36110	37	1.23														
C1	Sample 25	2	1	3	41110	37	1.24														
C1	Sample 25	2	1	4	46110	36.96	1.24														
C1	Sample 25	2	1	5	51110	37	1.23														
C1	Sample 25	2	1	6	56110	37	1.24														
C1	Sample 25	2	1	7	61110	37	1.23														
C1	Sample 25	2	1	8	66130	37	1.23														
C1	Sample 25	2	1	9	71110	37	1.23														
C1	Sample 25	2	1	10	76110	37	1.23														
C1	Sample 25	2	1	11	81120	37	1.23														
C1	Sample 25	2	1	12	86110	37	1.23														
C1	Sample 25	2	1	13	91120	37	1.23														
C1	Sample 25	2	1	14	96120	36.96	1.23														
C1	Sample 25	2	1	15	101110	37	1.22														
C2	Sample 26	2	1	1	31090	36.96	1.48														
C2	Sample 26	2	1	2	36110	37	1.48														
C2	Sample 26	2	1	3	41110	37	1.48														
C2	Sample 26	2	1	4	46110	36.96	1.48														
C2	Sample 26	2	1	5	51110	37	1.47														
C2	Sample 26	2	1	6	56110	37	1.48														
C2	Sample 26	2	1	7	61110	37	1.47														
C2	Sample 26	2	1	8	66130	37	1.47														
C2	Sample 26	2	1	9	71110	37	1.46														
C2	Sample 26	2	1	10	76110	37	1.47														
C2	Sample 26	2	1	11	81120	37	1.47														
C2	Sample 26	2	1	12	86110	37	1.47														
C2	Sample 26	2	1	13	91120	37	1.47														
C2	Sample 26	2	1	14	96120	36.96	1.47														
C2	Sample 26	2	1	15	101110	37	1.47														
C3	Sample 27	2	1	1	31090	36.96	1.52														
C3	Sample 27	2	1	2	36110	37	1.52														
C3	Sample 27	2	1	3	41110	37	1.52														
C3	Sample 27	2	1	4	46110	36.96	1.51														
C3	Sample 27	2	1	5	51110	37	1.51														
C3	Sample 27	2	1	6	56110	37	1.52														
C3	Sample 27	2	1	7	61110	37	1.51														
C3	Sample 27	2	1	8	66130	37	1.5														
C3	Sample 27	2	1	9	71110	37	1.5														
C3	Sample 27	2	1	10	76110	37	1.5														
C3	Sample 27	2	1	11	81120	37	1.51														
C3	Sample 27	2	1	12	86110	37	1.5														
C3	Sample 27	2	1	13	91120	37	1.5														
C3	Sample 27	2	1	14	96120	36.96	1.49														
C3	Sample 27	2	1	15	101110	37	1.5														
C4	Sample 28	2	1	1	31090	36.96	1.52														
C4	Sample 28	2	1	2	36110	37	1.52														
C4	Sample 28	2	1	3	41110	37	1.52														
C4	Sample 28	2	1	4	46110	36.96	1.52														
C4	Sample 28	2	1	5	51110	37	1.52														
C4	Sample 28	2	1	6	56110	37	1.52														
C4	Sample 28	2	1	7	61110	37	1.52														
C4	Sample 28	2	1	8	66130	37	1.52														
C4	Sample 28	2	1	9	71110	37	1.52														
C4	Sample 28	2	1	10	76110	37	1.52														
C4	Sample 28	2	1	11	81120	37	1.51														
C4	Sample 28	2	1	12	86110	37	1.51														
C4	Sample 28	2	1	13	91120	37	1.51														
C4	Sample 28	2	1	14	96120	36.96	1.51														
C4	Sample 28	2	1	15	101110	37	1.51														
C5	Sample 29	2	1	1	31090	36.96	2.25														
C5	Sample 29	2	1	2	36110	37	2.24														
C5	Sample 29	2	1	3	41110	37	2.24														
C5	Sample 29	2	1	4	46110	36.96	2.24														
C5	Sample 29	2	1	5	51110	37	2.23														
C5	Sample 29	2	1	6	56110	37	2.24														
C5	Sample 29	2	1	7	61110	37	2.22														
C5	Sample 29	2	1	8	66130	37	2.23														
C5	Sample 29	2	1	9	71110	37	2.22														
C5	Sample 29	2	1	10	76110	37	2.23														
C5	Sample 29	2	1	11	81120	37	2.22														
C5	Sample 29	2	1	12	86110	37	2.22														
C5	Sample 29	2	1	13	91120	37	2.21														
C5	Sample 29	2	1	14	96120	36.96	2.21														
C5	Sample 29	2	1	15	101110	37	2.22														
C6	Sample 30	2	1	1	31090	36.96	2.49														
C6	Sample 30	2	1	2	36110	37	2.48														
C6	Sample 30	2	1	3	41110	37	2.49														
C6	Sample 30	2	1	4	46110	36.96	2.49														
C6	Sample 30	2	1	5	51110	37	2.47														
C6	Sample 30	2	1	6	56110	37	2.48														
C6	Sample 30	2	1	7	61110	37	2.47														
C6	Sample 30	2	1	8	66130	37	2.47														
C6	Sample 30	2	1	9	71110	37	2.46														
C6	Sample 30	2	1	10	76110	37	2.47														
C6	Sample 30	2	1	11	81120	37	2.46														
C6	Sample 30	2	1	12	86110	37	2.46														
C6	Sample 30	2	1	13	91120	37	2.46														
C6	Sample 30	2	1	14	96120	36.96	2.46														
C6	Sample 30	2	1	15	101110	37	2.46														
C7	Sample 31	2	1	1	31090	36.96	2.55														
C7	Sample 31	2	1	2	36110	37	2.53														
C7	Sample 31	2	1	3	41110	37	2.53														
C7	Sample 31	2	1	4	46110	36.96	2.53														
C7	Sample 31	2	1	5	51110	37	2.52														
C7	Sample 31	2	1	6	56110	37	2.52														
C7	Sample 31	2	1	7	61110	37	2.52														
C7	Sample 31	2	1	8	66130	37	2.51														
C7	Sample 31	2	1	9	71110	37	2.51														
C7	Sample 31	2	1	10	76110	37	2.51														
C7	Sample 31	2	1	11	81120	37	2.5														
C7	Sample 31	2	1	12	86110	37	2.51														
C7	Sample 31	2	1	13	91120	37	2.5														
C7	Sample 31	2	1	14	96120	36.96	2.5														
C7	Sample 31	2	1	15	101110	37	2.49														
C8	Sample 32	2	1	1	31090	36.96	2.38														
C8	Sample 32	2	1	2	36110	37	2.38														
C8	Sample 32	2	1	3	41110	37	2.37														
C8	Sample 32	2	1	4	46110	36.96	2.37														
C8	Sample 32	2	1	5	51110	37	2.36														
C8	Sample 32	2	1	6	56110	37	2.37														
C8	Sample 32	2	1	7	61110	37	2.37														
C8	Sample 32	2	1	8	66130	37	2.35														
C8	Sample 32	2	1	9	71110	37	2.36														
C8	Sample 32	2	1	10	76110	37	2.36														
C8	Sample 32	2	1	11	81120	37	2.35														
C8	Sample 32	2	1	12	86110	37	2.36														
C8	Sample 32	2	1	13	91120	37	2.35														
C8	Sample 32	2	1	14	96120	36.96	2.35														
C8	Sample 32	2	1	15	101110	37	2.35														
C9	Sample 33	2	1	1	31090	36.96	2.13														
C9	Sample 33	2	1	2	36110	37	2.13														
C9	Sample 33	2	1	3	41110	37	2.12														
C9	Sample 33	2	1	4	46110	36.96	2.12														
C9	Sample 33	2	1	5	51110	37	2.12														
C9	Sample 33	2	1	6	56110	37	2.12														
C9	Sample 33	2	1	7	61110	37	2.11														
C9	Sample 33	2	1	8	66130	37	2.11														
C9	Sample 33	2	1	9	71110	37	2.1														
C9	Sample 33	2	1	10	76110	37	2.12														
C9	Sample 33	2	1	11	81120	37	2.11														
C9	Sample 33	2	1	12	86110	37	2.11														
C9	Sample 33	2	1	13	91120	37	2.1														
C9	Sample 33	2	1	14	96120	36.96	2.1														
C9	Sample 33	2	1	15	101110	37	2.1														
C10	Sample 34	2	1	1	31090	36.96	2.23														
C10	Sample 34	2	1	2	36110	37	2.01														
C10	Sample 34	2	1	3	41110	37	2.19														
C10	Sample 34	2	1	4	46110	36.96	2.16														
C10	Sample 34	2	1	5	51110	37	2.08														
C10	Sample 34	2	1	6	56110	37	2.07														
C10	Sample 34	2	1	7	61110	37	2.08														
C10	Sample 34	2	1	8	66130	37	2.08														
C10	Sample 34	2	1	9	71110	37	2.08														
C10	Sample 34	2	1	10	76110	37	2.09														
C10	Sample 34	2	1	11	81120	37	2.08														
C10	Sample 34	2	1	12	86110	37	2.09														
C10	Sample 34	2	1	13	91120	37	2.08														
C10	Sample 34	2	1	14	96120	36.96	2.08														
C10	Sample 34	2	1	15	101110	37	2.07														
C11	Sample 35	2	1	1	31090	36.96	2.27														
C11	Sample 35	2	1	2	36110	37	2.15														
C11	Sample 35	2	1	3	41110	37	2.14														
C11	Sample 35	2	1	4	46110	36.96	2.15														
C11	Sample 35	2	1	5	51110	37	2.15														
C11	Sample 35	2	1	6	56110	37	2.16														
C11	Sample 35	2	1	7	61110	37	2.14														
C11	Sample 35	2	1	8	66130	37	2.14														
C11	Sample 35	2	1	9	71110	37	2.14														
C11	Sample 35	2	1	10	76110	37	2.15														
C11	Sample 35	2	1	11	81120	37	2.15														
C11	Sample 35	2	1	12	86110	37	2.15														
C11	Sample 35	2	1	13	91120	37	2.15														
C11	Sample 35	2	1	14	96120	36.96	2.15														
C11	Sample 35	2	1	15	101110	37	2.15														
C12	Sample 36	2	1	1	31090	36.96	1.96														
C12	Sample 36	2	1	2	36110	37	1.96														
C12	Sample 36	2	1	3	41110	37	1.96														
C12	Sample 36	2	1	4	46110	36.96	1.96														
C12	Sample 36	2	1	5	51110	37	1.96														
C12	Sample 36	2	1	6	56110	37	1.96														
C12	Sample 36	2	1	7	61110	37	1.96														
C12	Sample 36	2	1	8	66130	37	1.96														
C12	Sample 36	2	1	9	71110	37	1.95														
C12	Sample 36	2	1	10	76110	37	1.96														
C12	Sample 36	2	1	11	81120	37	1.95														
C12	Sample 36	2	1	12	86110	37	1.95														
C12	Sample 36	2	1	13	91120	37	1.96														
C12	Sample 36	2	1	14	96120	36.96	1.95														
C12	Sample 36	2	1	15	101110	37	1.95														
D1	Sample 37	2	1	1	31090	36.96	1.4														
D1	Sample 37	2	1	2	36110	37	1.39														
D1	Sample 37	2	1	3	41110	37	1.38														
D1	Sample 37	2	1	4	46110	36.96	1.38														
D1	Sample 37	2	1	5	51110	37	1.38														
D1	Sample 37	2	1	6	56110	37	1.39														
D1	Sample 37	2	1	7	61110	37	1.38														
D1	Sample 37	2	1	8	66130	37	1.38														
D1	Sample 37	2	1	9	71110	37	1.38														
D1	Sample 37	2	1	10	76110	37	1.38														
D1	Sample 37	2	1	11	81120	37	1.38														
D1	Sample 37	2	1	12	86110	37	1.38														
D1	Sample 37	2	1	13	91120	37	1.38														
D1	Sample 37	2	1	14	96120	36.96	1.38														
D1	Sample 37	2	1	15	101110	37	1.37														
D2	Sample 38	2	1	1	31090	36.96	1.45														
D2	Sample 38	2	1	2	36110	37	1.44														
D2	Sample 38	2	1	3	41110	37	1.44														
D2	Sample 38	2	1	4	46110	36.96	1.45														
D2	Sample 38	2	1	5	51110	37	1.43														
D2	Sample 38	2	1	6	56110	37	1.44														
D2	Sample 38	2	1	7	61110	37	1.44														
D2	Sample 38	2	1	8	66130	37	1.44														
D2	Sample 38	2	1	9	71110	37	1.44														
D2	Sample 38	2	1	10	76110	37	1.44														
D2	Sample 38	2	1	11	81120	37	1.43														
D2	Sample 38	2	1	12	86110	37	1.43														
D2	Sample 38	2	1	13	91120	37	1.44														
D2	Sample 38	2	1	14	96120	36.96	1.43														
D2	Sample 38	2	1	15	101110	37	1.43														
D3	Sample 39	2	1	1	31090	36.96	1.39														
D3	Sample 39	2	1	2	36110	37	1.37														
D3	Sample 39	2	1	3	41110	37	1.37														
D3	Sample 39	2	1	4	46110	36.96	1.38														
D3	Sample 39	2	1	5	51110	37	1.37														
D3	Sample 39	2	1	6	56110	37	1.38														
D3	Sample 39	2	1	7	61110	37	1.37														
D3	Sample 39	2	1	8	66130	37	1.37														
D3	Sample 39	2	1	9	71110	37	1.36														
D3	Sample 39	2	1	10	76110	37	1.36														
D3	Sample 39	2	1	11	81120	37	1.36														
D3	Sample 39	2	1	12	86110	37	1.36														
D3	Sample 39	2	1	13	91120	37	1.37														
D3	Sample 39	2	1	14	96120	36.96	1.37														
D3	Sample 39	2	1	15	101110	37	1.36														
D4	Sample 40	2	1	1	31090	36.96	1.39														
D4	Sample 40	2	1	2	36110	37	1.39														
D4	Sample 40	2	1	3	41110	37	1.39														
D4	Sample 40	2	1	4	46110	36.96	1.4														
D4	Sample 40	2	1	5	51110	37	1.38														
D4	Sample 40	2	1	6	56110	37	1.39														
D4	Sample 40	2	1	7	61110	37	1.38														
D4	Sample 40	2	1	8	66130	37	1.38														
D4	Sample 40	2	1	9	71110	37	1.38														
D4	Sample 40	2	1	10	76110	37	1.38														
D4	Sample 40	2	1	11	81120	37	1.37														
D4	Sample 40	2	1	12	86110	37	1.37														
D4	Sample 40	2	1	13	91120	37	1.37														
D4	Sample 40	2	1	14	96120	36.96	1.37														
D4	Sample 40	2	1	15	101110	37	1.38														
D5	Sample 41	2	1	1	31090	36.96	2.31														
D5	Sample 41	2	1	2	36110	37	2.3														
D5	Sample 41	2	1	3	41110	37	2.29														
D5	Sample 41	2	1	4	46110	36.96	2.29														
D5	Sample 41	2	1	5	51110	37	2.29														
D5	Sample 41	2	1	6	56110	37	2.29														
D5	Sample 41	2	1	7	61110	37	2.29														
D5	Sample 41	2	1	8	66130	37	2.28														
D5	Sample 41	2	1	9	71110	37	2.29														
D5	Sample 41	2	1	10	76110	37	2.27														
D5	Sample 41	2	1	11	81120	37	2.28														
D5	Sample 41	2	1	12	86110	37	2.27														
D5	Sample 41	2	1	13	91120	37	2.28														
D5	Sample 41	2	1	14	96120	36.96	2.28														
D5	Sample 41	2	1	15	101110	37	2.27														
D6	Sample 42	2	1	1	31090	36.96	2.48														
D6	Sample 42	2	1	2	36110	37	2.45														
D6	Sample 42	2	1	3	41110	37	2.45														
D6	Sample 42	2	1	4	46110	36.96	2.45														
D6	Sample 42	2	1	5	51110	37	2.45														
D6	Sample 42	2	1	6	56110	37	2.44														
D6	Sample 42	2	1	7	61110	37	2.44														
D6	Sample 42	2	1	8	66130	37	2.44														
D6	Sample 42	2	1	9	71110	37	2.44														
D6	Sample 42	2	1	10	76110	37	2.43														
D6	Sample 42	2	1	11	81120	37	2.43														
D6	Sample 42	2	1	12	86110	37	2.43														
D6	Sample 42	2	1	13	91120	37	2.43														
D6	Sample 42	2	1	14	96120	36.96	2.43														
D6	Sample 42	2	1	15	101110	37	2.43														
D7	Sample 43	2	1	1	31090	36.96	2.43														
D7	Sample 43	2	1	2	36110	37	2.42														
D7	Sample 43	2	1	3	41110	37	2.41														
D7	Sample 43	2	1	4	46110	36.96	2.41														
D7	Sample 43	2	1	5	51110	37	2.41														
D7	Sample 43	2	1	6	56110	37	2.41														
D7	Sample 43	2	1	7	61110	37	2.4														
D7	Sample 43	2	1	8	66130	37	2.4														
D7	Sample 43	2	1	9	71110	37	2.4														
D7	Sample 43	2	1	10	76110	37	2.4														
D7	Sample 43	2	1	11	81120	37	2.39														
D7	Sample 43	2	1	12	86110	37	2.39														
D7	Sample 43	2	1	13	91120	37	2.39														
D7	Sample 43	2	1	14	96120	36.96	2.39														
D7	Sample 43	2	1	15	101110	37	2.38														
D8	Sample 44	2	1	1	31090	36.96	2.27														
D8	Sample 44	2	1	2	36110	37	2.27														
D8	Sample 44	2	1	3	41110	37	2.26														
D8	Sample 44	2	1	4	46110	36.96	2.27														
D8	Sample 44	2	1	5	51110	37	2.25														
D8	Sample 44	2	1	6	56110	37	2.25														
D8	Sample 44	2	1	7	61110	37	2.25														
D8	Sample 44	2	1	8	66130	37	2.25														
D8	Sample 44	2	1	9	71110	37	2.25														
D8	Sample 44	2	1	10	76110	37	2.25														
D8	Sample 44	2	1	11	81120	37	2.24														
D8	Sample 44	2	1	12	86110	37	2.24														
D8	Sample 44	2	1	13	91120	37	2.24														
D8	Sample 44	2	1	14	96120	36.96	2.24														
D8	Sample 44	2	1	15	101110	37	2.24														
D9	Sample 45	2	1	1	31090	36.96	2.15														
D9	Sample 45	2	1	2	36110	37	2.14														
D9	Sample 45	2	1	3	41110	37	2.14														
D9	Sample 45	2	1	4	46110	36.96	2.14														
D9	Sample 45	2	1	5	51110	37	2.13														
D9	Sample 45	2	1	6	56110	37	2.14														
D9	Sample 45	2	1	7	61110	37	2.13														
D9	Sample 45	2	1	8	66130	37	2.13														
D9	Sample 45	2	1	9	71110	37	2.12														
D9	Sample 45	2	1	10	76110	37	2.12														
D9	Sample 45	2	1	11	81120	37	2.13														
D9	Sample 45	2	1	12	86110	37	2.12														
D9	Sample 45	2	1	13	91120	37	2.12														
D9	Sample 45	2	1	14	96120	36.96	2.12														
D9	Sample 45	2	1	15	101110	37	2.12														
D10	Sample 46	2	1	1	31090	36.96	2.19														
D10	Sample 46	2	1	2	36110	37	2.17														
D10	Sample 46	2	1	3	41110	37	2.17														
D10	Sample 46	2	1	4	46110	36.96	2.18														
D10	Sample 46	2	1	5	51110	37	2.18														
D10	Sample 46	2	1	6	56110	37	2.16														
D10	Sample 46	2	1	7	61110	37	2.16														
D10	Sample 46	2	1	8	66130	37	2.16														
D10	Sample 46	2	1	9	71110	37	2.17														
D10	Sample 46	2	1	10	76110	37	2.16														
D10	Sample 46	2	1	11	81120	37	2.15														
D10	Sample 46	2	1	12	86110	37	2.16														
D10	Sample 46	2	1	13	91120	37	2.16														
D10	Sample 46	2	1	14	96120	36.96	2.16														
D10	Sample 46	2	1	15	101110	37	2.15														
D11	Sample 47	2	1	1	31090	36.96	2.12														
D11	Sample 47	2	1	2	36110	37	2.13														
D11	Sample 47	2	1	3	41110	37	2.12														
D11	Sample 47	2	1	4	46110	36.96	2.12														
D11	Sample 47	2	1	5	51110	37	2.12														
D11	Sample 47	2	1	6	56110	37	2.12														
D11	Sample 47	2	1	7	61110	37	2.11														
D11	Sample 47	2	1	8	66130	37	2.11														
D11	Sample 47	2	1	9	71110	37	2.11														
D11	Sample 47	2	1	10	76110	37	2.1														
D11	Sample 47	2	1	11	81120	37	2.11														
D11	Sample 47	2	1	12	86110	37	2.1														
D11	Sample 47	2	1	13	91120	37	2.1														
D11	Sample 47	2	1	14	96120	36.96	2.1														
D11	Sample 47	2	1	15	101110	37	2.11														
D12	Sample 48	2	1	1	31090	36.96	1.91														
D12	Sample 48	2	1	2	36110	37	1.9														
D12	Sample 48	2	1	3	41110	37	1.89														
D12	Sample 48	2	1	4	46110	36.96	1.89														
D12	Sample 48	2	1	5	51110	37	1.89														
D12	Sample 48	2	1	6	56110	37	1.89														
D12	Sample 48	2	1	7	61110	37	1.88														
D12	Sample 48	2	1	8	66130	37	1.89														
D12	Sample 48	2	1	9	71110	37	1.89														
D12	Sample 48	2	1	10	76110	37	1.88														
D12	Sample 48	2	1	11	81120	37	1.88														
D12	Sample 48	2	1	12	86110	37	1.88														
D12	Sample 48	2	1	13	91120	37	1.89														
D12	Sample 48	2	1	14	96120	36.96	1.89														
D12	Sample 48	2	1	15	101110	37	1.88														
E1	Sample 49	2	1	1	31090	36.96	1.72														
E1	Sample 49	2	1	2	36110	37	1.71														
E1	Sample 49	2	1	3	41110	37	1.7														
E1	Sample 49	2	1	4	46110	36.96	1.71														
E1	Sample 49	2	1	5	51110	37	1.71														
E1	Sample 49	2	1	6	56110	37	1.71														
E1	Sample 49	2	1	7	61110	37	1.71														
E1	Sample 49	2	1	8	66130	37	1.7														
E1	Sample 49	2	1	9	71110	37	1.71														
E1	Sample 49	2	1	10	76110	37	1.7														
E1	Sample 49	2	1	11	81120	37	1.7														
E1	Sample 49	2	1	12	86110	37	1.7														
E1	Sample 49	2	1	13	91120	37	1.71														
E1	Sample 49	2	1	14	96120	36.96	1.71														
E1	Sample 49	2	1	15	101110	37	1.7														
E2	Sample 50	2	1	1	31090	36.96	1.73														
E2	Sample 50	2	1	2	36110	37	1.72														
E2	Sample 50	2	1	3	41110	37	1.72														
E2	Sample 50	2	1	4	46110	36.96	1.73														
E2	Sample 50	2	1	5	51110	37	1.73														
E2	Sample 50	2	1	6	56110	37	1.73														
E2	Sample 50	2	1	7	61110	37	1.73														
E2	Sample 50	2	1	8	66130	37	1.72														
E2	Sample 50	2	1	9	71110	37	1.72														
E2	Sample 50	2	1	10	76110	37	1.72														
E2	Sample 50	2	1	11	81120	37	1.71														
E2	Sample 50	2	1	12	86110	37	1.72														
E2	Sample 50	2	1	13	91120	37	1.72														
E2	Sample 50	2	1	14	96120	36.96	1.71														
E2	Sample 50	2	1	15	101110	37	1.71														
E3	Sample 51	2	1	1	31090	36.96	1.52														
E3	Sample 51	2	1	2	36110	37	1.51														
E3	Sample 51	2	1	3	41110	37	1.5														
E3	Sample 51	2	1	4	46110	36.96	1.5														
E3	Sample 51	2	1	5	51110	37	1.5														
E3	Sample 51	2	1	6	56110	37	1.5														
E3	Sample 51	2	1	7	61110	37	1.5														
E3	Sample 51	2	1	8	66130	37	1.49														
E3	Sample 51	2	1	9	71110	37	1.49														
E3	Sample 51	2	1	10	76110	37	1.49														
E3	Sample 51	2	1	11	81120	37	1.49														
E3	Sample 51	2	1	12	86110	37	1.49														
E3	Sample 51	2	1	13	91120	37	1.49														
E3	Sample 51	2	1	14	96120	36.96	1.49														
E3	Sample 51	2	1	15	101110	37	1.49														
E4	Sample 52	2	1	1	31090	36.96	1.54														
E4	Sample 52	2	1	2	36110	37	1.55														
E4	Sample 52	2	1	3	41110	37	1.54														
E4	Sample 52	2	1	4	46110	36.96	1.54														
E4	Sample 52	2	1	5	51110	37	1.55														
E4	Sample 52	2	1	6	56110	37	1.54														
E4	Sample 52	2	1	7	61110	37	1.54														
E4	Sample 52	2	1	8	66130	37	1.54														
E4	Sample 52	2	1	9	71110	37	1.54														
E4	Sample 52	2	1	10	76110	37	1.53														
E4	Sample 52	2	1	11	81120	37	1.53														
E4	Sample 52	2	1	12	86110	37	1.53														
E4	Sample 52	2	1	13	91120	37	1.53														
E4	Sample 52	2	1	14	96120	36.96	1.53														
E4	Sample 52	2	1	15	101110	37	1.53														
E5	Sample 53	2	1	1	31090	36.96	2.46														
E5	Sample 53	2	1	2	36110	37	2.46														
E5	Sample 53	2	1	3	41110	37	2.45														
E5	Sample 53	2	1	4	46110	36.96	2.45														
E5	Sample 53	2	1	5	51110	37	2.44														
E5	Sample 53	2	1	6	56110	37	2.45														
E5	Sample 53	2	1	7	61110	37	2.44														
E5	Sample 53	2	1	8	66130	37	2.44														
E5	Sample 53	2	1	9	71110	37	2.43														
E5	Sample 53	2	1	10	76110	37	2.43														
E5	Sample 53	2	1	11	81120	37	2.43														
E5	Sample 53	2	1	12	86110	37	2.43														
E5	Sample 53	2	1	13	91120	37	2.42														
E5	Sample 53	2	1	14	96120	36.96	2.42														
E5	Sample 53	2	1	15	101110	37	2.41														
E6	Sample 54	2	1	1	31090	36.96	2.59														
E6	Sample 54	2	1	2	36110	37	2.59														
E6	Sample 54	2	1	3	41110	37	2.59														
E6	Sample 54	2	1	4	46110	36.96	2.59														
E6	Sample 54	2	1	5	51110	37	2.59														
E6	Sample 54	2	1	6	56110	37	2.58														
E6	Sample 54	2	1	7	61110	37	2.58														
E6	Sample 54	2	1	8	66130	37	2.58														
E6	Sample 54	2	1	9	71110	37	2.57														
E6	Sample 54	2	1	10	76110	37	2.58														
E6	Sample 54	2	1	11	81120	37	2.57														
E6	Sample 54	2	1	12	86110	37	2.56														
E6	Sample 54	2	1	13	91120	37	2.57														
E6	Sample 54	2	1	14	96120	36.96	2.56														
E6	Sample 54	2	1	15	101110	37	2.56														
E7	Sample 55	2	1	1	31090	36.96	2.34														
E7	Sample 55	2	1	2	36110	37	2.34														
E7	Sample 55	2	1	3	41110	37	2.33														
E7	Sample 55	2	1	4	46110	36.96	2.33														
E7	Sample 55	2	1	5	51110	37	2.33														
E7	Sample 55	2	1	6	56110	37	2.33														
E7	Sample 55	2	1	7	61110	37	2.33														
E7	Sample 55	2	1	8	66130	37	2.33														
E7	Sample 55	2	1	9	71110	37	2.33														
E7	Sample 55	2	1	10	76110	37	2.32														
E7	Sample 55	2	1	11	81120	37	2.32														
E7	Sample 55	2	1	12	86110	37	2.31														
E7	Sample 55	2	1	13	91120	37	2.32														
E7	Sample 55	2	1	14	96120	36.96	2.31														
E7	Sample 55	2	1	15	101110	37	2.31														
E8	Sample 56	2	1	1	31090	36.96	2.15														
E8	Sample 56	2	1	2	36110	37	2.15														
E8	Sample 56	2	1	3	41110	37	2.13														
E8	Sample 56	2	1	4	46110	36.96	2.14														
E8	Sample 56	2	1	5	51110	37	2.14														
E8	Sample 56	2	1	6	56110	37	2.14														
E8	Sample 56	2	1	7	61110	37	2.13														
E8	Sample 56	2	1	8	66130	37	2.12														
E8	Sample 56	2	1	9	71110	37	2.12														
E8	Sample 56	2	1	10	76110	37	2.12														
E8	Sample 56	2	1	11	81120	37	2.12														
E8	Sample 56	2	1	12	86110	37	2.12														
E8	Sample 56	2	1	13	91120	37	2.12														
E8	Sample 56	2	1	14	96120	36.96	2.11														
E8	Sample 56	2	1	15	101110	37	2.11														
E9	Sample 57	2	1	1	31090	36.96	2.13														
E9	Sample 57	2	1	2	36110	37	2.12														
E9	Sample 57	2	1	3	41110	37	2.11														
E9	Sample 57	2	1	4	46110	36.96	2.11														
E9	Sample 57	2	1	5	51110	37	2.12														
E9	Sample 57	2	1	6	56110	37	2.11														
E9	Sample 57	2	1	7	61110	37	2.11														
E9	Sample 57	2	1	8	66130	37	2.11														
E9	Sample 57	2	1	9	71110	37	2.11														
E9	Sample 57	2	1	10	76110	37	2.1														
E9	Sample 57	2	1	11	81120	37	2.11														
E9	Sample 57	2	1	12	86110	37	2.1														
E9	Sample 57	2	1	13	91120	37	2.11														
E9	Sample 57	2	1	14	96120	36.96	2.1														
E9	Sample 57	2	1	15	101110	37	2.1														
E10	Sample 58	2	1	1	31090	36.96	2.13														
E10	Sample 58	2	1	2	36110	37	2.12														
E10	Sample 58	2	1	3	41110	37	2.13														
E10	Sample 58	2	1	4	46110	36.96	2.13														
E10	Sample 58	2	1	5	51110	37	2.12														
E10	Sample 58	2	1	6	56110	37	2.12														
E10	Sample 58	2	1	7	61110	37	2.12														
E10	Sample 58	2	1	8	66130	37	2.11														
E10	Sample 58	2	1	9	71110	37	2.11														
E10	Sample 58	2	1	10	76110	37	2.11														
E10	Sample 58	2	1	11	81120	37	2.1														
E10	Sample 58	2	1	12	86110	37	2.11														
E10	Sample 58	2	1	13	91120	37	2.1														
E10	Sample 58	2	1	14	96120	36.96	2.11														
E10	Sample 58	2	1	15	101110	37	2.1														
E11	Sample 59	2	1	1	31090	36.96	2.05														
E11	Sample 59	2	1	2	36110	37	2.05														
E11	Sample 59	2	1	3	41110	37	2.05														
E11	Sample 59	2	1	4	46110	36.96	2.05														
E11	Sample 59	2	1	5	51110	37	2.05														
E11	Sample 59	2	1	6	56110	37	2.04														
E11	Sample 59	2	1	7	61110	37	2.05														
E11	Sample 59	2	1	8	66130	37	2.04														
E11	Sample 59	2	1	9	71110	37	2.05														
E11	Sample 59	2	1	10	76110	37	2.04														
E11	Sample 59	2	1	11	81120	37	2.03														
E11	Sample 59	2	1	12	86110	37	2.03														
E11	Sample 59	2	1	13	91120	37	2.04														
E11	Sample 59	2	1	14	96120	36.96	2.03														
E11	Sample 59	2	1	15	101110	37	2.03														
E12	Sample 60	2	1	1	31090	36.96	1.89														
E12	Sample 60	2	1	2	36110	37	1.88														
E12	Sample 60	2	1	3	41110	37	1.87														
E12	Sample 60	2	1	4	46110	36.96	1.89														
E12	Sample 60	2	1	5	51110	37	1.88														
E12	Sample 60	2	1	6	56110	37	1.88														
E12	Sample 60	2	1	7	61110	37	1.87														
E12	Sample 60	2	1	8	66130	37	1.87														
E12	Sample 60	2	1	9	71110	37	1.87														
E12	Sample 60	2	1	10	76110	37	1.88														
E12	Sample 60	2	1	11	81120	37	1.87														
E12	Sample 60	2	1	12	86110	37	1.87														
E12	Sample 60	2	1	13	91120	37	1.88														
E12	Sample 60	2	1	14	96120	36.96	1.88														
E12	Sample 60	2	1	15	101110	37	1.87														
F1	Sample 61	2	1	1	31090	36.96	1.84														
F1	Sample 61	2	1	2	36110	37	1.83														
F1	Sample 61	2	1	3	41110	37	1.83														
F1	Sample 61	2	1	4	46110	36.96	1.83														
F1	Sample 61	2	1	5	51110	37	1.82														
F1	Sample 61	2	1	6	56110	37	1.83														
F1	Sample 61	2	1	7	61110	37	1.83														
F1	Sample 61	2	1	8	66130	37	1.82														
F1	Sample 61	2	1	9	71110	37	1.81														
F1	Sample 61	2	1	10	76110	37	1.82														
F1	Sample 61	2	1	11	81120	37	1.82														
F1	Sample 61	2	1	12	86110	37	1.82														
F1	Sample 61	2	1	13	91120	37	1.82														
F1	Sample 61	2	1	14	96120	36.96	1.82														
F1	Sample 61	2	1	15	101110	37	1.82														
F2	Sample 62	2	1	1	31090	36.96	1.9														
F2	Sample 62	2	1	2	36110	37	1.9														
F2	Sample 62	2	1	3	41110	37	1.89														
F2	Sample 62	2	1	4	46110	36.96	1.89														
F2	Sample 62	2	1	5	51110	37	1.89														
F2	Sample 62	2	1	6	56110	37	1.9														
F2	Sample 62	2	1	7	61110	37	1.89														
F2	Sample 62	2	1	8	66130	37	1.87														
F2	Sample 62	2	1	9	71110	37	1.87														
F2	Sample 62	2	1	10	76110	37	1.89														
F2	Sample 62	2	1	11	81120	37	1.89														
F2	Sample 62	2	1	12	86110	37	1.88														
F2	Sample 62	2	1	13	91120	37	1.89														
F2	Sample 62	2	1	14	96120	36.96	1.88														
F2	Sample 62	2	1	15	101110	37	1.87														
F3	Sample 63	2	1	1	31090	36.96	1.72														
F3	Sample 63	2	1	2	36110	37	1.72														
F3	Sample 63	2	1	3	41110	37	1.73														
F3	Sample 63	2	1	4	46110	36.96	1.72														
F3	Sample 63	2	1	5	51110	37	1.72														
F3	Sample 63	2	1	6	56110	37	1.72														
F3	Sample 63	2	1	7	61110	37	1.71														
F3	Sample 63	2	1	8	66130	37	1.71														
F3	Sample 63	2	1	9	71110	37	1.71														
F3	Sample 63	2	1	10	76110	37	1.72														
F3	Sample 63	2	1	11	81120	37	1.71														
F3	Sample 63	2	1	12	86110	37	1.71														
F3	Sample 63	2	1	13	91120	37	1.71														
F3	Sample 63	2	1	14	96120	36.96	1.71														
F3	Sample 63	2	1	15	101110	37	1.71														
F4	Sample 64	2	1	1	31090	36.96	1.97														
F4	Sample 64	2	1	2	36110	37	1.96														
F4	Sample 64	2	1	3	41110	37	1.96														
F4	Sample 64	2	1	4	46110	36.96	1.95														
F4	Sample 64	2	1	5	51110	37	1.96														
F4	Sample 64	2	1	6	56110	37	1.95														
F4	Sample 64	2	1	7	61110	37	1.95														
F4	Sample 64	2	1	8	66130	37	1.94														
F4	Sample 64	2	1	9	71110	37	1.94														
F4	Sample 64	2	1	10	76110	37	1.94														
F4	Sample 64	2	1	11	81120	37	1.94														
F4	Sample 64	2	1	12	86110	37	1.93														
F4	Sample 64	2	1	13	91120	37	1.94														
F4	Sample 64	2	1	14	96120	36.96	1.94														
F4	Sample 64	2	1	15	101110	37	1.94														
F5	Sample 65	2	1	1	31090	36.96	2.46														
F5	Sample 65	2	1	2	36110	37	2.45														
F5	Sample 65	2	1	3	41110	37	2.44														
F5	Sample 65	2	1	4	46110	36.96	2.44														
F5	Sample 65	2	1	5	51110	37	2.44														
F5	Sample 65	2	1	6	56110	37	2.44														
F5	Sample 65	2	1	7	61110	37	2.43														
F5	Sample 65	2	1	8	66130	37	2.43														
F5	Sample 65	2	1	9	71110	37	2.43														
F5	Sample 65	2	1	10	76110	37	2.43														
F5	Sample 65	2	1	11	81120	37	2.42														
F5	Sample 65	2	1	12	86110	37	2.43														
F5	Sample 65	2	1	13	91120	37	2.42														
F5	Sample 65	2	1	14	96120	36.96	2.43														
F5	Sample 65	2	1	15	101110	37	2.42														
F6	Sample 66	2	1	1	31090	36.96	2.48														
F6	Sample 66	2	1	2	36110	37	2.49														
F6	Sample 66	2	1	3	41110	37	2.47														
F6	Sample 66	2	1	4	46110	36.96	2.48														
F6	Sample 66	2	1	5	51110	37	2.48														
F6	Sample 66	2	1	6	56110	37	2.47														
F6	Sample 66	2	1	7	61110	37	2.46														
F6	Sample 66	2	1	8	66130	37	2.46														
F6	Sample 66	2	1	9	71110	37	2.46														
F6	Sample 66	2	1	10	76110	37	2.46														
F6	Sample 66	2	1	11	81120	37	2.46														
F6	Sample 66	2	1	12	86110	37	2.47														
F6	Sample 66	2	1	13	91120	37	2.46														
F6	Sample 66	2	1	14	96120	36.96	2.46														
F6	Sample 66	2	1	15	101110	37	2.46														
F7	Sample 67	2	1	1	31090	36.96	2.44														
F7	Sample 67	2	1	2	36110	37	2.44														
F7	Sample 67	2	1	3	41110	37	2.43														
F7	Sample 67	2	1	4	46110	36.96	2.43														
F7	Sample 67	2	1	5	51110	37	2.43														
F7	Sample 67	2	1	6	56110	37	2.43														
F7	Sample 67	2	1	7	61110	37	2.42														
F7	Sample 67	2	1	8	66130	37	2.42														
F7	Sample 67	2	1	9	71110	37	2.42														
F7	Sample 67	2	1	10	76110	37	2.42														
F7	Sample 67	2	1	11	81120	37	2.42														
F7	Sample 67	2	1	12	86110	37	2.42														
F7	Sample 67	2	1	13	91120	37	2.42														
F7	Sample 67	2	1	14	96120	36.96	2.41														
F7	Sample 67	2	1	15	101110	37	2.41														
F8	Sample 68	2	1	1	31090	36.96	2.36														
F8	Sample 68	2	1	2	36110	37	2.36														
F8	Sample 68	2	1	3	41110	37	2.35														
F8	Sample 68	2	1	4	46110	36.96	2.35														
F8	Sample 68	2	1	5	51110	37	2.35														
F8	Sample 68	2	1	6	56110	37	2.35														
F8	Sample 68	2	1	7	61110	37	2.35														
F8	Sample 68	2	1	8	66130	37	2.33														
F8	Sample 68	2	1	9	71110	37	2.34														
F8	Sample 68	2	1	10	76110	37	2.34														
F8	Sample 68	2	1	11	81120	37	2.33														
F8	Sample 68	2	1	12	86110	37	2.33														
F8	Sample 68	2	1	13	91120	37	2.33														
F8	Sample 68	2	1	14	96120	36.96	2.33														
F8	Sample 68	2	1	15	101110	37	2.34														
F9	Sample 69	2	1	1	31090	36.96	2.17														
F9	Sample 69	2	1	2	36110	37	2.16														
F9	Sample 69	2	1	3	41110	37	2.15														
F9	Sample 69	2	1	4	46110	36.96	2.15														
F9	Sample 69	2	1	5	51110	37	2.15														
F9	Sample 69	2	1	6	56110	37	2.15														
F9	Sample 69	2	1	7	61110	37	2.14														
F9	Sample 69	2	1	8	66130	37	2.14														
F9	Sample 69	2	1	9	71110	37	2.13														
F9	Sample 69	2	1	10	76110	37	2.14														
F9	Sample 69	2	1	11	81120	37	2.13														
F9	Sample 69	2	1	12	86110	37	2.14														
F9	Sample 69	2	1	13	91120	37	2.13														
F9	Sample 69	2	1	14	96120	36.96	2.13														
F9	Sample 69	2	1	15	101110	37	2.14														
F10	Sample 70	2	1	1	31090	36.96	2.22														
F10	Sample 70	2	1	2	36110	37	2.22														
F10	Sample 70	2	1	3	41110	37	2.22														
F10	Sample 70	2	1	4	46110	36.96	2.22														
F10	Sample 70	2	1	5	51110	37	2.21														
F10	Sample 70	2	1	6	56110	37	2.21														
F10	Sample 70	2	1	7	61110	37	2.21														
F10	Sample 70	2	1	8	66130	37	2.2														
F10	Sample 70	2	1	9	71110	37	2.2														
F10	Sample 70	2	1	10	76110	37	2.21														
F10	Sample 70	2	1	11	81120	37	2.2														
F10	Sample 70	2	1	12	86110	37	2.2														
F10	Sample 70	2	1	13	91120	37	2.2														
F10	Sample 70	2	1	14	96120	36.96	2.2														
F10	Sample 70	2	1	15	101110	37	2.19														
F11	Sample 71	2	1	1	31090	36.96	2.12														
F11	Sample 71	2	1	2	36110	37	2.11														
F11	Sample 71	2	1	3	41110	37	2.11														
F11	Sample 71	2	1	4	46110	36.96	2.12														
F11	Sample 71	2	1	5	51110	37	2.11														
F11	Sample 71	2	1	6	56110	37	2.11														
F11	Sample 71	2	1	7	61110	37	2.11														
F11	Sample 71	2	1	8	66130	37	2.1														
F11	Sample 71	2	1	9	71110	37	2.1														
F11	Sample 71	2	1	10	76110	37	2.1														
F11	Sample 71	2	1	11	81120	37	2.1														
F11	Sample 71	2	1	12	86110	37	2.1														
F11	Sample 71	2	1	13	91120	37	2.1														
F11	Sample 71	2	1	14	96120	36.96	2.1														
F11	Sample 71	2	1	15	101110	37	2.1														
F12	Sample 72	2	1	1	31090	36.96	1.89														
F12	Sample 72	2	1	2	36110	37	1.88														
F12	Sample 72	2	1	3	41110	37	1.87														
F12	Sample 72	2	1	4	46110	36.96	1.87														
F12	Sample 72	2	1	5	51110	37	1.87														
F12	Sample 72	2	1	6	56110	37	1.87														
F12	Sample 72	2	1	7	61110	37	1.87														
F12	Sample 72	2	1	8	66130	37	1.87														
F12	Sample 72	2	1	9	71110	37	1.87														
F12	Sample 72	2	1	10	76110	37	1.86														
F12	Sample 72	2	1	11	81120	37	1.86														
F12	Sample 72	2	1	12	86110	37	1.86														
F12	Sample 72	2	1	13	91120	37	1.86														
F12	Sample 72	2	1	14	96120	36.96	1.86														
F12	Sample 72	2	1	15	101110	37	1.86														
G1	Sample 73	2	1	1	31090	36.96	1.62														
G1	Sample 73	2	1	2	36110	37	1.63														
G1	Sample 73	2	1	3	41110	37	1.61														
G1	Sample 73	2	1	4	46110	36.96	1.62														
G1	Sample 73	2	1	5	51110	37	1.62														
G1	Sample 73	2	1	6	56110	37	1.61														
G1	Sample 73	2	1	7	61110	37	1.61														
G1	Sample 73	2	1	8	66130	37	1.6														
G1	Sample 73	2	1	9	71110	37	1.61														
G1	Sample 73	2	1	10	76110	37	1.61														
G1	Sample 73	2	1	11	81120	37	1.61														
G1	Sample 73	2	1	12	86110	37	1.6														
G1	Sample 73	2	1	13	91120	37	1.61														
G1	Sample 73	2	1	14	96120	36.96	1.61														
G1	Sample 73	2	1	15	101110	37	1.61														
G2	Sample 74	2	1	1	31090	36.96	1.83														
G2	Sample 74	2	1	2	36110	37	1.83														
G2	Sample 74	2	1	3	41110	37	1.82														
G2	Sample 74	2	1	4	46110	36.96	1.82														
G2	Sample 74	2	1	5	51110	37	1.83														
G2	Sample 74	2	1	6	56110	37	1.81														
G2	Sample 74	2	1	7	61110	37	1.81														
G2	Sample 74	2	1	8	66130	37	1.81														
G2	Sample 74	2	1	9	71110	37	1.81														
G2	Sample 74	2	1	10	76110	37	1.81														
G2	Sample 74	2	1	11	81120	37	1.81														
G2	Sample 74	2	1	12	86110	37	1.81														
G2	Sample 74	2	1	13	91120	37	1.8														
G2	Sample 74	2	1	14	96120	36.96	1.81														
G2	Sample 74	2	1	15	101110	37	1.81														
G3	Sample 75	2	1	1	31090	36.96	1.81														
G3	Sample 75	2	1	2	36110	37	1.8														
G3	Sample 75	2	1	3	41110	37	1.79														
G3	Sample 75	2	1	4	46110	36.96	1.8														
G3	Sample 75	2	1	5	51110	37	1.8														
G3	Sample 75	2	1	6	56110	37	1.79														
G3	Sample 75	2	1	7	61110	37	1.79														
G3	Sample 75	2	1	8	66130	37	1.78														
G3	Sample 75	2	1	9	71110	37	1.78														
G3	Sample 75	2	1	10	76110	37	1.79														
G3	Sample 75	2	1	11	81120	37	1.79														
G3	Sample 75	2	1	12	86110	37	1.78														
G3	Sample 75	2	1	13	91120	37	1.79														
G3	Sample 75	2	1	14	96120	36.96	1.78														
G3	Sample 75	2	1	15	101110	37	1.78														
G4	Sample 76	2	1	1	31090	36.96	1.91														
G4	Sample 76	2	1	2	36110	37	1.9														
G4	Sample 76	2	1	3	41110	37	1.89														
G4	Sample 76	2	1	4	46110	36.96	1.9														
G4	Sample 76	2	1	5	51110	37	1.89														
G4	Sample 76	2	1	6	56110	37	1.89														
G4	Sample 76	2	1	7	61110	37	1.89														
G4	Sample 76	2	1	8	66130	37	1.89														
G4	Sample 76	2	1	9	71110	37	1.88														
G4	Sample 76	2	1	10	76110	37	1.89														
G4	Sample 76	2	1	11	81120	37	1.88														
G4	Sample 76	2	1	12	86110	37	1.88														
G4	Sample 76	2	1	13	91120	37	1.89														
G4	Sample 76	2	1	14	96120	36.96	1.88														
G4	Sample 76	2	1	15	101110	37	1.89														
G5	Sample 77	2	1	1	31090	36.96	2.39														
G5	Sample 77	2	1	2	36110	37	2.38														
G5	Sample 77	2	1	3	41110	37	2.37														
G5	Sample 77	2	1	4	46110	36.96	2.38														
G5	Sample 77	2	1	5	51110	37	2.38														
G5	Sample 77	2	1	6	56110	37	2.37														
G5	Sample 77	2	1	7	61110	37	2.37														
G5	Sample 77	2	1	8	66130	37	2.37														
G5	Sample 77	2	1	9	71110	37	2.37														
G5	Sample 77	2	1	10	76110	37	2.37														
G5	Sample 77	2	1	11	81120	37	2.37														
G5	Sample 77	2	1	12	86110	37	2.36														
G5	Sample 77	2	1	13	91120	37	2.36														
G5	Sample 77	2	1	14	96120	36.96	2.36														
G5	Sample 77	2	1	15	101110	37	2.36														
G6	Sample 78	2	1	1	31090	36.96	2.41														
G6	Sample 78	2	1	2	36110	37	2.42														
G6	Sample 78	2	1	3	41110	37	2.4														
G6	Sample 78	2	1	4	46110	36.96	2.41														
G6	Sample 78	2	1	5	51110	37	2.4														
G6	Sample 78	2	1	6	56110	37	2.4														
G6	Sample 78	2	1	7	61110	37	2.4														
G6	Sample 78	2	1	8	66130	37	2.39														
G6	Sample 78	2	1	9	71110	37	2.39														
G6	Sample 78	2	1	10	76110	37	2.39														
G6	Sample 78	2	1	11	81120	37	2.4														
G6	Sample 78	2	1	12	86110	37	2.39														
G6	Sample 78	2	1	13	91120	37	2.39														
G6	Sample 78	2	1	14	96120	36.96	2.39														
G6	Sample 78	2	1	15	101110	37	2.39														
G7	Sample 79	2	1	1	31090	36.96	2.31														
G7	Sample 79	2	1	2	36110	37	2.31														
G7	Sample 79	2	1	3	41110	37	2.3														
G7	Sample 79	2	1	4	46110	36.96	2.3														
G7	Sample 79	2	1	5	51110	37	2.3														
G7	Sample 79	2	1	6	56110	37	2.29														
G7	Sample 79	2	1	7	61110	37	2.29														
G7	Sample 79	2	1	8	66130	37	2.28														
G7	Sample 79	2	1	9	71110	37	2.28														
G7	Sample 79	2	1	10	76110	37	2.28														
G7	Sample 79	2	1	11	81120	37	2.28														
G7	Sample 79	2	1	12	86110	37	2.28														
G7	Sample 79	2	1	13	91120	37	2.28														
G7	Sample 79	2	1	14	96120	36.96	2.28														
G7	Sample 79	2	1	15	101110	37	2.28														
G8	Sample 80	2	1	1	31090	36.96	2.19														
G8	Sample 80	2	1	2	36110	37	2.19														
G8	Sample 80	2	1	3	41110	37	2.18														
G8	Sample 80	2	1	4	46110	36.96	2.18														
G8	Sample 80	2	1	5	51110	37	2.18														
G8	Sample 80	2	1	6	56110	37	2.18														
G8	Sample 80	2	1	7	61110	37	2.17														
G8	Sample 80	2	1	8	66130	37	2.16														
G8	Sample 80	2	1	9	71110	37	2.17														
G8	Sample 80	2	1	10	76110	37	2.17														
G8	Sample 80	2	1	11	81120	37	2.17														
G8	Sample 80	2	1	12	86110	37	2.17														
G8	Sample 80	2	1	13	91120	37	2.17														
G8	Sample 80	2	1	14	96120	36.96	2.16														
G8	Sample 80	2	1	15	101110	37	2.17														
G9	Sample 81	2	1	1	31090	36.96	2.09														
G9	Sample 81	2	1	2	36110	37	2.09														
G9	Sample 81	2	1	3	41110	37	2.08														
G9	Sample 81	2	1	4	46110	36.96	2.08														
G9	Sample 81	2	1	5	51110	37	2.08														
G9	Sample 81	2	1	6	56110	37	2.08														
G9	Sample 81	2	1	7	61110	37	2.07														
G9	Sample 81	2	1	8	66130	37	2.07														
G9	Sample 81	2	1	9	71110	37	2.07														
G9	Sample 81	2	1	10	76110	37	2.08														
G9	Sample 81	2	1	11	81120	37	2.07														
G9	Sample 81	2	1	12	86110	37	2.08														
G9	Sample 81	2	1	13	91120	37	2.08														
G9	Sample 81	2	1	14	96120	36.96	2.07														
G9	Sample 81	2	1	15	101110	37	2.07														
G10	Sample 82	2	1	1	31090	36.96	2.18														
G10	Sample 82	2	1	2	36110	37	2.18														
G10	Sample 82	2	1	3	41110	37	2.17														
G10	Sample 82	2	1	4	46110	36.96	2.17														
G10	Sample 82	2	1	5	51110	37	2.16														
G10	Sample 82	2	1	6	56110	37	2.17														
G10	Sample 82	2	1	7	61110	37	2.15														
G10	Sample 82	2	1	8	66130	37	2.15														
G10	Sample 82	2	1	9	71110	37	2.15														
G10	Sample 82	2	1	10	76110	37	2.15														
G10	Sample 82	2	1	11	81120	37	2.16														
G10	Sample 82	2	1	12	86110	37	2.15														
G10	Sample 82	2	1	13	91120	37	2.15														
G10	Sample 82	2	1	14	96120	36.96	2.15														
G10	Sample 82	2	1	15	101110	37	2.15														
G11	Sample 83	2	1	1	31090	36.96	2.05														
G11	Sample 83	2	1	2	36110	37	2.05														
G11	Sample 83	2	1	3	41110	37	2.05														
G11	Sample 83	2	1	4	46110	36.96	2.05														
G11	Sample 83	2	1	5	51110	37	2.05														
G11	Sample 83	2	1	6	56110	37	2.05														
G11	Sample 83	2	1	7	61110	37	2.05														
G11	Sample 83	2	1	8	66130	37	2.05														
G11	Sample 83	2	1	9	71110	37	2.04														
G11	Sample 83	2	1	10	76110	37	2.04														
G11	Sample 83	2	1	11	81120	37	2.04														
G11	Sample 83	2	1	12	86110	37	2.04														
G11	Sample 83	2	1	13	91120	37	2.04														
G11	Sample 83	2	1	14	96120	36.96	2.04														
G11	Sample 83	2	1	15	101110	37	2.04														
G12	Sample 84	2	1	1	31090	36.96	1.91														
G12	Sample 84	2	1	2	36110	37	1.91														
G12	Sample 84	2	1	3	41110	37	1.91														
G12	Sample 84	2	1	4	46110	36.96	1.9														
G12	Sample 84	2	1	5	51110	37	1.89														
G12	Sample 84	2	1	6	56110	37	1.9														
G12	Sample 84	2	1	7	61110	37	1.9														
G12	Sample 84	2	1	8	66130	37	1.9														
G12	Sample 84	2	1	9	71110	37	1.89														
G12	Sample 84	2	1	10	76110	37	1.91														
G12	Sample 84	2	1	11	81120	37	1.9														
G12	Sample 84	2	1	12	86110	37	1.89														
G12	Sample 84	2	1	13	91120	37	1.9														
G12	Sample 84	2	1	14	96120	36.96	1.9														
G12	Sample 84	2	1	15	101110	37	1.9														
H1	Sample 85	2	1	1	31090	36.96	1.51														
H1	Sample 85	2	1	2	36110	37	1.51														
H1	Sample 85	2	1	3	41110	37	1.51														
H1	Sample 85	2	1	4	46110	36.96	1.51														
H1	Sample 85	2	1	5	51110	37	1.51														
H1	Sample 85	2	1	6	56110	37	1.51														
H1	Sample 85	2	1	7	61110	37	1.5														
H1	Sample 85	2	1	8	66130	37	1.51														
H1	Sample 85	2	1	9	71110	37	1.51														
H1	Sample 85	2	1	10	76110	37	1.5														
H1	Sample 85	2	1	11	81120	37	1.5														
H1	Sample 85	2	1	12	86110	37	1.51														
H1	Sample 85	2	1	13	91120	37	1.51														
H1	Sample 85	2	1	14	96120	36.96	1.51														
H1	Sample 85	2	1	15	101110	37	1.51														
H2	Sample 86	2	1	1	31090	36.96	1.69														
H2	Sample 86	2	1	2	36110	37	1.68														
H2	Sample 86	2	1	3	41110	37	1.67														
H2	Sample 86	2	1	4	46110	36.96	1.68														
H2	Sample 86	2	1	5	51110	37	1.67														
H2	Sample 86	2	1	6	56110	37	1.68														
H2	Sample 86	2	1	7	61110	37	1.67														
H2	Sample 86	2	1	8	66130	37	1.68														
H2	Sample 86	2	1	9	71110	37	1.68														
H2	Sample 86	2	1	10	76110	37	1.67														
H2	Sample 86	2	1	11	81120	37	1.67														
H2	Sample 86	2	1	12	86110	37	1.68														
H2	Sample 86	2	1	13	91120	37	1.67														
H2	Sample 86	2	1	14	96120	36.96	1.67														
H2	Sample 86	2	1	15	101110	37	1.68														
H3	Sample 87	2	1	1	31090	36.96	1.74														
H3	Sample 87	2	1	2	36110	37	1.74														
H3	Sample 87	2	1	3	41110	37	1.73														
H3	Sample 87	2	1	4	46110	36.96	1.74														
H3	Sample 87	2	1	5	51110	37	1.73														
H3	Sample 87	2	1	6	56110	37	1.73														
H3	Sample 87	2	1	7	61110	37	1.73														
H3	Sample 87	2	1	8	66130	37	1.73														
H3	Sample 87	2	1	9	71110	37	1.73														
H3	Sample 87	2	1	10	76110	37	1.72														
H3	Sample 87	2	1	11	81120	37	1.73														
H3	Sample 87	2	1	12	86110	37	1.72														
H3	Sample 87	2	1	13	91120	37	1.73														
H3	Sample 87	2	1	14	96120	36.96	1.72														
H3	Sample 87	2	1	15	101110	37	1.73														
H4	Sample 88	2	1	1	31090	36.96	1.77														
H4	Sample 88	2	1	2	36110	37	1.77														
H4	Sample 88	2	1	3	41110	37	1.75														
H4	Sample 88	2	1	4	46110	36.96	1.76														
H4	Sample 88	2	1	5	51110	37	1.76														
H4	Sample 88	2	1	6	56110	37	1.76														
H4	Sample 88	2	1	7	61110	37	1.75														
H4	Sample 88	2	1	8	66130	37	1.76														
H4	Sample 88	2	1	9	71110	37	1.76														
H4	Sample 88	2	1	10	76110	37	1.76														
H4	Sample 88	2	1	11	81120	37	1.76														
H4	Sample 88	2	1	12	86110	37	1.76														
H4	Sample 88	2	1	13	91120	37	1.75														
H4	Sample 88	2	1	14	96120	36.96	1.75														
H4	Sample 88	2	1	15	101110	37	1.76														
H5	Sample 89	2	1	1	31090	36.96	2.38														
H5	Sample 89	2	1	2	36110	37	2.38														
H5	Sample 89	2	1	3	41110	37	2.36														
H5	Sample 89	2	1	4	46110	36.96	2.37														
H5	Sample 89	2	1	5	51110	37	2.36														
H5	Sample 89	2	1	6	56110	37	2.36														
H5	Sample 89	2	1	7	61110	37	2.36														
H5	Sample 89	2	1	8	66130	37	2.36														
H5	Sample 89	2	1	9	71110	37	2.36														
H5	Sample 89	2	1	10	76110	37	2.36														
H5	Sample 89	2	1	11	81120	37	2.36														
H5	Sample 89	2	1	12	86110	37	2.37														
H5	Sample 89	2	1	13	91120	37	2.36														
H5	Sample 89	2	1	14	96120	36.96	2.36														
H5	Sample 89	2	1	15	101110	37	2.36														
H6	Sample 90	2	1	1	31090	36.96	2.36														
H6	Sample 90	2	1	2	36110	37	2.35														
H6	Sample 90	2	1	3	41110	37	2.33														
H6	Sample 90	2	1	4	46110	36.96	2.35														
H6	Sample 90	2	1	5	51110	37	2.34														
H6	Sample 90	2	1	6	56110	37	2.34														
H6	Sample 90	2	1	7	61110	37	2.35														
H6	Sample 90	2	1	8	66130	37	2.34														
H6	Sample 90	2	1	9	71110	37	2.34														
H6	Sample 90	2	1	10	76110	37	2.33														
H6	Sample 90	2	1	11	81120	37	2.35														
H6	Sample 90	2	1	12	86110	37	2.33														
H6	Sample 90	2	1	13	91120	37	2.34														
H6	Sample 90	2	1	14	96120	36.96	2.34														
H6	Sample 90	2	1	15	101110	37	2.34														
H7	Sample 91	2	1	1	31090	36.96	2.3														
H7	Sample 91	2	1	2	36110	37	2.3														
H7	Sample 91	2	1	3	41110	37	2.28														
H7	Sample 91	2	1	4	46110	36.96	2.29														
H7	Sample 91	2	1	5	51110	37	2.29														
H7	Sample 91	2	1	6	56110	37	2.29														
H7	Sample 91	2	1	7	61110	37	2.29														
H7	Sample 91	2	1	8	66130	37	2.29														
H7	Sample 91	2	1	9	71110	37	2.29														
H7	Sample 91	2	1	10	76110	37	2.28														
H7	Sample 91	2	1	11	81120	37	2.28														
H7	Sample 91	2	1	12	86110	37	2.28														
H7	Sample 91	2	1	13	91120	37	2.28														
H7	Sample 91	2	1	14	96120	36.96	2.28														
H7	Sample 91	2	1	15	101110	37	2.29														
H8	Sample 92	2	1	1	31090	36.96	2.19														
H8	Sample 92	2	1	2	36110	37	2.18														
H8	Sample 92	2	1	3	41110	37	2.16														
H8	Sample 92	2	1	4	46110	36.96	2.17														
H8	Sample 92	2	1	5	51110	37	2.17														
H8	Sample 92	2	1	6	56110	37	2.17														
H8	Sample 92	2	1	7	61110	37	2.16														
H8	Sample 92	2	1	8	66130	37	2.17														
H8	Sample 92	2	1	9	71110	37	2.16														
H8	Sample 92	2	1	10	76110	37	2.16														
H8	Sample 92	2	1	11	81120	37	2.17														
H8	Sample 92	2	1	12	86110	37	2.17														
H8	Sample 92	2	1	13	91120	37	2.17														
H8	Sample 92	2	1	14	96120	36.96	2.16														
H8	Sample 92	2	1	15	101110	37	2.17														
H9	Sample 93	2	1	1	31090	36.96	1.94														
H9	Sample 93	2	1	2	36110	37	1.93														
H9	Sample 93	2	1	3	41110	37	1.92														
H9	Sample 93	2	1	4	46110	36.96	1.93														
H9	Sample 93	2	1	5	51110	37	1.93														
H9	Sample 93	2	1	6	56110	37	1.93														
H9	Sample 93	2	1	7	61110	37	1.92														
H9	Sample 93	2	1	8	66130	37	1.93														
H9	Sample 93	2	1	9	71110	37	1.93														
H9	Sample 93	2	1	10	76110	37	1.92														
H9	Sample 93	2	1	11	81120	37	1.92														
H9	Sample 93	2	1	12	86110	37	1.93														
H9	Sample 93	2	1	13	91120	37	1.92														
H9	Sample 93	2	1	14	96120	36.96	1.92														
H9	Sample 93	2	1	15	101110	37	1.92														
H10	Sample 94	2	1	1	31090	36.96	1.91														
H10	Sample 94	2	1	2	36110	37	1.91														
H10	Sample 94	2	1	3	41110	37	1.91														
H10	Sample 94	2	1	4	46110	36.96	1.91														
H10	Sample 94	2	1	5	51110	37	1.9														
H10	Sample 94	2	1	6	56110	37	1.9														
H10	Sample 94	2	1	7	61110	37	1.91														
H10	Sample 94	2	1	8	66130	37	1.9														
H10	Sample 94	2	1	9	71110	37	1.9														
H10	Sample 94	2	1	10	76110	37	1.9														
H10	Sample 94	2	1	11	81120	37	1.9														
H10	Sample 94	2	1	12	86110	37	1.91														
H10	Sample 94	2	1	13	91120	37	1.9														
H10	Sample 94	2	1	14	96120	36.96	1.89														
H10	Sample 94	2	1	15	101110	37	1.91														
H11	Sample 95	2	1	1	31090	36.96	1.92														
H11	Sample 95	2	1	2	36110	37	1.91														
H11	Sample 95	2	1	3	41110	37	1.91														
H11	Sample 95	2	1	4	46110	36.96	1.92														
H11	Sample 95	2	1	5	51110	37	1.91														
H11	Sample 95	2	1	6	56110	37	1.91														
H11	Sample 95	2	1	7	61110	37	1.91														
H11	Sample 95	2	1	8	66130	37	1.91														
H11	Sample 95	2	1	9	71110	37	1.91														
H11	Sample 95	2	1	10	76110	37	1.9														
H11	Sample 95	2	1	11	81120	37	1.91														
H11	Sample 95	2	1	12	86110	37	1.91														
H11	Sample 95	2	1	13	91120	37	1.91														
H11	Sample 95	2	1	14	96120	36.96	1.9														
H11	Sample 95	2	1	15	101110	37	1.9														
H12	Sample 96	2	1	1	31090	36.96	1.92														
H12	Sample 96	2	1	2	36110	37	1.92														
H12	Sample 96	2	1	3	41110	37	1.91														
H12	Sample 96	2	1	4	46110	36.96	1.92														
H12	Sample 96	2	1	5	51110	37	1.91														
H12	Sample 96	2	1	6	56110	37	1.92														
H12	Sample 96	2	1	7	61110	37	1.91														
H12	Sample 96	2	1	8	66130	37	1.91														
H12	Sample 96	2	1	9	71110	37	1.91														
H12	Sample 96	2	1	10	76110	37	1.9														
H12	Sample 96	2	1	11	81120	37	1.91														
H12	Sample 96	2	1	12	86110	37	1.91														
H12	Sample 96	2	1	13	91120	37	1.91														
H12	Sample 96	2	1	14	96120	36.96	1.91														
H12	Sample 96	2	1	15	101110	37	1.9														
