Raw Data 		Experiment - evIC50_3_plate4_11APRIL2026 (Run on LCS480 1.5.1.62)																				
SamplePos	SampleName	Prog#	Seg#	Cycle#	Time	Temp	465-510															
A1	Sample 1	2	1	1	31610	36.91	1.4															
A1	Sample 1	2	1	2	36240	36.96	1.4															
A1	Sample 1	2	1	3	40830	37	1.42															
A1	Sample 1	2	1	4	45430	36.96	1.44															
A1	Sample 1	2	1	5	50130	37	1.45															
A1	Sample 1	2	1	6	54730	36.96	1.45															
A1	Sample 1	2	1	7	59330	36.96	1.45															
A1	Sample 1	2	1	8	63940	37	1.45															
A1	Sample 1	2	1	9	68630	37	1.46															
A1	Sample 1	2	1	10	73230	37	1.47															
A1	Sample 1	2	1	11	77830	37	1.47															
A1	Sample 1	2	1	12	82430	37	1.46															
A1	Sample 1	2	1	13	87040	37	1.47															
A1	Sample 1	2	1	14	91640	37	1.46															
A1	Sample 1	2	1	15	96240	37	1.47															
A2	Sample 2	2	1	1	31610	36.91	1.43															
A2	Sample 2	2	1	2	36240	36.96	1.43															
A2	Sample 2	2	1	3	40830	37	1.45															
A2	Sample 2	2	1	4	45430	36.96	1.45															
A2	Sample 2	2	1	5	50130	37	1.46															
A2	Sample 2	2	1	6	54730	36.96	1.46															
A2	Sample 2	2	1	7	59330	36.96	1.45															
A2	Sample 2	2	1	8	63940	37	1.48															
A2	Sample 2	2	1	9	68630	37	1.48															
A2	Sample 2	2	1	10	73230	37	1.48															
A2	Sample 2	2	1	11	77830	37	1.5															
A2	Sample 2	2	1	12	82430	37	1.48															
A2	Sample 2	2	1	13	87040	37	1.48															
A2	Sample 2	2	1	14	91640	37	1.48															
A2	Sample 2	2	1	15	96240	37	1.48															
A3	Sample 3	2	1	1	31610	36.91	1.62															
A3	Sample 3	2	1	2	36240	36.96	1.63															
A3	Sample 3	2	1	3	40830	37	1.63															
A3	Sample 3	2	1	4	45430	36.96	1.62															
A3	Sample 3	2	1	5	50130	37	1.65															
A3	Sample 3	2	1	6	54730	36.96	1.63															
A3	Sample 3	2	1	7	59330	36.96	1.62															
A3	Sample 3	2	1	8	63940	37	1.65															
A3	Sample 3	2	1	9	68630	37	1.64															
A3	Sample 3	2	1	10	73230	37	1.64															
A3	Sample 3	2	1	11	77830	37	1.64															
A3	Sample 3	2	1	12	82430	37	1.64															
A3	Sample 3	2	1	13	87040	37	1.64															
A3	Sample 3	2	1	14	91640	37	1.64															
A3	Sample 3	2	1	15	96240	37	1.63				1.47	1.48	1.63	1.65	2.61	2.69	2.65	2.54	2.74	2.89	3.45	3.12
A4	Sample 4	2	1	1	31610	36.91	1.64															
A4	Sample 4	2	1	2	36240	36.96	1.65															
A4	Sample 4	2	1	3	40830	37	1.65															
A4	Sample 4	2	1	4	45430	36.96	1.64															
A4	Sample 4	2	1	5	50130	37	1.65															
A4	Sample 4	2	1	6	54730	36.96	1.65															
A4	Sample 4	2	1	7	59330	36.96	1.65															
A4	Sample 4	2	1	8	63940	37	1.66															
A4	Sample 4	2	1	9	68630	37	1.65															
A4	Sample 4	2	1	10	73230	37	1.65															
A4	Sample 4	2	1	11	77830	37	1.66															
A4	Sample 4	2	1	12	82430	37	1.65															
A4	Sample 4	2	1	13	87040	37	1.66															
A4	Sample 4	2	1	14	91640	37	1.65															
A4	Sample 4	2	1	15	96240	37	1.65				1.43	1.45	1.59	1.61	2.62	2.61	2.59	2.52	2.81	2.87	2.65	2.48
A5	Sample 5	2	1	1	31610	36.91	2.62															
A5	Sample 5	2	1	2	36240	36.96	2.62															
A5	Sample 5	2	1	3	40830	37	2.62															
A5	Sample 5	2	1	4	45430	36.96	2.63															
A5	Sample 5	2	1	5	50130	37	2.63															
A5	Sample 5	2	1	6	54730	36.96	2.61															
A5	Sample 5	2	1	7	59330	36.96	2.6															
A5	Sample 5	2	1	8	63940	37	2.62															
A5	Sample 5	2	1	9	68630	37	2.62															
A5	Sample 5	2	1	10	73230	37	2.62															
A5	Sample 5	2	1	11	77830	37	2.63															
A5	Sample 5	2	1	12	82430	37	2.61															
A5	Sample 5	2	1	13	87040	37	2.62															
A5	Sample 5	2	1	14	91640	37	2.62															
A5	Sample 5	2	1	15	96240	37	2.61				1.75	1.63	1.56	1.62	2.48	2.55	2.6	2.52	3	2.9	2.75	4.56
A6	Sample 6	2	1	1	31610	36.91	2.69															
A6	Sample 6	2	1	2	36240	36.96	2.7															
A6	Sample 6	2	1	3	40830	37	2.7															
A6	Sample 6	2	1	4	45430	36.96	2.68															
A6	Sample 6	2	1	5	50130	37	2.69															
A6	Sample 6	2	1	6	54730	36.96	2.69															
A6	Sample 6	2	1	7	59330	36.96	2.69															
A6	Sample 6	2	1	8	63940	37	2.69															
A6	Sample 6	2	1	9	68630	37	2.7															
A6	Sample 6	2	1	10	73230	37	2.7															
A6	Sample 6	2	1	11	77830	37	2.69															
A6	Sample 6	2	1	12	82430	37	2.69															
A6	Sample 6	2	1	13	87040	37	2.69															
A6	Sample 6	2	1	14	91640	37	2.68															
A6	Sample 6	2	1	15	96240	37	2.69				3.11	3.27	1.87	1.66	2.49	2.85	2.66	2.6	3	3.71	2.88	2.8
A7	Sample 7	2	1	1	31610	36.91	2.65															
A7	Sample 7	2	1	2	36240	36.96	2.64															
A7	Sample 7	2	1	3	40830	37	2.65															
A7	Sample 7	2	1	4	45430	36.96	2.64															
A7	Sample 7	2	1	5	50130	37	2.64															
A7	Sample 7	2	1	6	54730	36.96	2.65															
A7	Sample 7	2	1	7	59330	36.96	2.64															
A7	Sample 7	2	1	8	63940	37	2.66															
A7	Sample 7	2	1	9	68630	37	2.64															
A7	Sample 7	2	1	10	73230	37	2.66															
A7	Sample 7	2	1	11	77830	37	2.66															
A7	Sample 7	2	1	12	82430	37	2.65															
A7	Sample 7	2	1	13	87040	37	2.63															
A7	Sample 7	2	1	14	91640	37	2.64															
A7	Sample 7	2	1	15	96240	37	2.65				3.69	3.76	3.48	3.44	3.06	3.19	2.62	2.51	5.31	3.05	3.03	2.56
A8	Sample 8	2	1	1	31610	36.91	2.53															
A8	Sample 8	2	1	2	36240	36.96	2.53															
A8	Sample 8	2	1	3	40830	37	2.54															
A8	Sample 8	2	1	4	45430	36.96	2.52															
A8	Sample 8	2	1	5	50130	37	2.54															
A8	Sample 8	2	1	6	54730	36.96	2.53															
A8	Sample 8	2	1	7	59330	36.96	2.52															
A8	Sample 8	2	1	8	63940	37	2.53															
A8	Sample 8	2	1	9	68630	37	2.54															
A8	Sample 8	2	1	10	73230	37	2.53															
A8	Sample 8	2	1	11	77830	37	2.54															
A8	Sample 8	2	1	12	82430	37	2.54															
A8	Sample 8	2	1	13	87040	37	2.53															
A8	Sample 8	2	1	14	91640	37	2.53															
A8	Sample 8	2	1	15	96240	37	2.54				3.84	3.87	4.03	4.02	3.3	3.25	3.2	3.18	2.95	3.01	2.79	2.56
A9	Sample 9	2	1	1	31610	36.91	3.07															
A9	Sample 9	2	1	2	36240	36.96	3.36															
A9	Sample 9	2	1	3	40830	37	3.7															
A9	Sample 9	2	1	4	45430	36.96	3.42															
A9	Sample 9	2	1	5	50130	37	2.84															
A9	Sample 9	2	1	6	54730	36.96	3.07															
A9	Sample 9	2	1	7	59330	36.96	3.91															
A9	Sample 9	2	1	8	63940	37	3.66															
A9	Sample 9	2	1	9	68630	37	3.28															
A9	Sample 9	2	1	10	73230	37	2.99															
A9	Sample 9	2	1	11	77830	37	2.84															
A9	Sample 9	2	1	12	82430	37	2.75															
A9	Sample 9	2	1	13	87040	37	2.73															
A9	Sample 9	2	1	14	91640	37	2.69															
A9	Sample 9	2	1	15	96240	37	2.74				3.72	3.84	4.06	4.19	3.29	3.25	3.21	3.14	2.71	2.65	2.92	2.6
A10	Sample 10	2	1	1	31610	36.91	3.22															
A10	Sample 10	2	1	2	36240	36.96	3.36															
A10	Sample 10	2	1	3	40830	37	3.5															
A10	Sample 10	2	1	4	45430	36.96	3.27															
A10	Sample 10	2	1	5	50130	37	2.84															
A10	Sample 10	2	1	6	54730	36.96	2.84															
A10	Sample 10	2	1	7	59330	36.96	4.53															
A10	Sample 10	2	1	8	63940	37	6.81															
A10	Sample 10	2	1	9	68630	37	6.73															
A10	Sample 10	2	1	10	73230	37	5.46															
A10	Sample 10	2	1	11	77830	37	4.38															
A10	Sample 10	2	1	12	82430	37	3.67															
A10	Sample 10	2	1	13	87040	37	3.27															
A10	Sample 10	2	1	14	91640	37	3.03															
A10	Sample 10	2	1	15	96240	37	2.89				3.56	3.71	3.99	3.94	3.33	3.32	3.29	3.24	2.55	2.53	2.42	2.43
A11	Sample 11	2	1	1	31610	36.91	2.93															
A11	Sample 11	2	1	2	36240	36.96	3.07															
A11	Sample 11	2	1	3	40830	37	3.25															
A11	Sample 11	2	1	4	45430	36.96	3.52															
A11	Sample 11	2	1	5	50130	37	3.85															
A11	Sample 11	2	1	6	54730	36.96	4.12															
A11	Sample 11	2	1	7	59330	36.96	3.84															
A11	Sample 11	2	1	8	63940	37	3.18															
A11	Sample 11	2	1	9	68630	37	2.87															
A11	Sample 11	2	1	10	73230	37	3.18															
A11	Sample 11	2	1	11	77830	37	4.17															
A11	Sample 11	2	1	12	82430	37	4.52															
A11	Sample 11	2	1	13	87040	37	4.32															
A11	Sample 11	2	1	14	91640	37	3.88															
A11	Sample 11	2	1	15	96240	37	3.45															
A12	Sample 12	2	1	1	31610	36.91	3.06															
A12	Sample 12	2	1	2	36240	36.96	3.07															
A12	Sample 12	2	1	3	40830	37	3.06															
A12	Sample 12	2	1	4	45430	36.96	3.05															
A12	Sample 12	2	1	5	50130	37	3.04															
A12	Sample 12	2	1	6	54730	36.96	3.04															
A12	Sample 12	2	1	7	59330	36.96	3.05															
A12	Sample 12	2	1	8	63940	37	3.06															
A12	Sample 12	2	1	9	68630	37	3.07															
A12	Sample 12	2	1	10	73230	37	3.09															
A12	Sample 12	2	1	11	77830	37	3.12															
A12	Sample 12	2	1	12	82430	37	3.11															
A12	Sample 12	2	1	13	87040	37	3.13															
A12	Sample 12	2	1	14	91640	37	3.13															
A12	Sample 12	2	1	15	96240	37	3.12															
B1	Sample 13	2	1	1	31610	36.91	1.37															
B1	Sample 13	2	1	2	36240	36.96	1.38															
B1	Sample 13	2	1	3	40830	37	1.4															
B1	Sample 13	2	1	4	45430	36.96	1.4															
B1	Sample 13	2	1	5	50130	37	1.4															
B1	Sample 13	2	1	6	54730	36.96	1.4															
B1	Sample 13	2	1	7	59330	36.96	1.43															
B1	Sample 13	2	1	8	63940	37	1.41															
B1	Sample 13	2	1	9	68630	37	1.42															
B1	Sample 13	2	1	10	73230	37	1.43															
B1	Sample 13	2	1	11	77830	37	1.42															
B1	Sample 13	2	1	12	82430	37	1.42															
B1	Sample 13	2	1	13	87040	37	1.42															
B1	Sample 13	2	1	14	91640	37	1.42															
B1	Sample 13	2	1	15	96240	37	1.43															
B2	Sample 14	2	1	1	31610	36.91	1.45															
B2	Sample 14	2	1	2	36240	36.96	1.45															
B2	Sample 14	2	1	3	40830	37	1.46															
B2	Sample 14	2	1	4	45430	36.96	1.45															
B2	Sample 14	2	1	5	50130	37	1.45															
B2	Sample 14	2	1	6	54730	36.96	1.45															
B2	Sample 14	2	1	7	59330	36.96	1.45															
B2	Sample 14	2	1	8	63940	37	1.45															
B2	Sample 14	2	1	9	68630	37	1.45															
B2	Sample 14	2	1	10	73230	37	1.45															
B2	Sample 14	2	1	11	77830	37	1.46															
B2	Sample 14	2	1	12	82430	37	1.45															
B2	Sample 14	2	1	13	87040	37	1.45															
B2	Sample 14	2	1	14	91640	37	1.44															
B2	Sample 14	2	1	15	96240	37	1.45															
B3	Sample 15	2	1	1	31610	36.91	1.59															
B3	Sample 15	2	1	2	36240	36.96	1.59															
B3	Sample 15	2	1	3	40830	37	1.6															
B3	Sample 15	2	1	4	45430	36.96	1.59															
B3	Sample 15	2	1	5	50130	37	1.6															
B3	Sample 15	2	1	6	54730	36.96	1.59															
B3	Sample 15	2	1	7	59330	36.96	1.59															
B3	Sample 15	2	1	8	63940	37	1.59															
B3	Sample 15	2	1	9	68630	37	1.58															
B3	Sample 15	2	1	10	73230	37	1.59															
B3	Sample 15	2	1	11	77830	37	1.59															
B3	Sample 15	2	1	12	82430	37	1.6															
B3	Sample 15	2	1	13	87040	37	1.58															
B3	Sample 15	2	1	14	91640	37	1.58															
B3	Sample 15	2	1	15	96240	37	1.59															
B4	Sample 16	2	1	1	31610	36.91	1.6															
B4	Sample 16	2	1	2	36240	36.96	1.62															
B4	Sample 16	2	1	3	40830	37	1.62															
B4	Sample 16	2	1	4	45430	36.96	1.61															
B4	Sample 16	2	1	5	50130	37	1.62															
B4	Sample 16	2	1	6	54730	36.96	1.62															
B4	Sample 16	2	1	7	59330	36.96	1.6															
B4	Sample 16	2	1	8	63940	37	1.62															
B4	Sample 16	2	1	9	68630	37	1.6															
B4	Sample 16	2	1	10	73230	37	1.62															
B4	Sample 16	2	1	11	77830	37	1.6															
B4	Sample 16	2	1	12	82430	37	1.61															
B4	Sample 16	2	1	13	87040	37	1.61															
B4	Sample 16	2	1	14	91640	37	1.6															
B4	Sample 16	2	1	15	96240	37	1.61															
B5	Sample 17	2	1	1	31610	36.91	2.64															
B5	Sample 17	2	1	2	36240	36.96	2.64															
B5	Sample 17	2	1	3	40830	37	2.64															
B5	Sample 17	2	1	4	45430	36.96	2.63															
B5	Sample 17	2	1	5	50130	37	2.63															
B5	Sample 17	2	1	6	54730	36.96	2.63															
B5	Sample 17	2	1	7	59330	36.96	2.63															
B5	Sample 17	2	1	8	63940	37	2.63															
B5	Sample 17	2	1	9	68630	37	2.62															
B5	Sample 17	2	1	10	73230	37	2.64															
B5	Sample 17	2	1	11	77830	37	2.63															
B5	Sample 17	2	1	12	82430	37	2.63															
B5	Sample 17	2	1	13	87040	37	2.63															
B5	Sample 17	2	1	14	91640	37	2.62															
B5	Sample 17	2	1	15	96240	37	2.62															
B6	Sample 18	2	1	1	31610	36.91	2.63															
B6	Sample 18	2	1	2	36240	36.96	2.64															
B6	Sample 18	2	1	3	40830	37	2.64															
B6	Sample 18	2	1	4	45430	36.96	2.63															
B6	Sample 18	2	1	5	50130	37	2.62															
B6	Sample 18	2	1	6	54730	36.96	2.62															
B6	Sample 18	2	1	7	59330	36.96	2.62															
B6	Sample 18	2	1	8	63940	37	2.61															
B6	Sample 18	2	1	9	68630	37	2.61															
B6	Sample 18	2	1	10	73230	37	2.63															
B6	Sample 18	2	1	11	77830	37	2.61															
B6	Sample 18	2	1	12	82430	37	2.62															
B6	Sample 18	2	1	13	87040	37	2.61															
B6	Sample 18	2	1	14	91640	37	2.6															
B6	Sample 18	2	1	15	96240	37	2.61															
B7	Sample 19	2	1	1	31610	36.91	2.61															
B7	Sample 19	2	1	2	36240	36.96	2.61															
B7	Sample 19	2	1	3	40830	37	2.59															
B7	Sample 19	2	1	4	45430	36.96	2.6															
B7	Sample 19	2	1	5	50130	37	2.58															
B7	Sample 19	2	1	6	54730	36.96	2.59															
B7	Sample 19	2	1	7	59330	36.96	2.59															
B7	Sample 19	2	1	8	63940	37	2.58															
B7	Sample 19	2	1	9	68630	37	2.58															
B7	Sample 19	2	1	10	73230	37	2.59															
B7	Sample 19	2	1	11	77830	37	2.6															
B7	Sample 19	2	1	12	82430	37	2.59															
B7	Sample 19	2	1	13	87040	37	2.58															
B7	Sample 19	2	1	14	91640	37	2.58															
B7	Sample 19	2	1	15	96240	37	2.59															
B8	Sample 20	2	1	1	31610	36.91	2.53															
B8	Sample 20	2	1	2	36240	36.96	2.54															
B8	Sample 20	2	1	3	40830	37	2.54															
B8	Sample 20	2	1	4	45430	36.96	2.53															
B8	Sample 20	2	1	5	50130	37	2.53															
B8	Sample 20	2	1	6	54730	36.96	2.52															
B8	Sample 20	2	1	7	59330	36.96	2.52															
B8	Sample 20	2	1	8	63940	37	2.52															
B8	Sample 20	2	1	9	68630	37	2.52															
B8	Sample 20	2	1	10	73230	37	2.52															
B8	Sample 20	2	1	11	77830	37	2.53															
B8	Sample 20	2	1	12	82430	37	2.52															
B8	Sample 20	2	1	13	87040	37	2.51															
B8	Sample 20	2	1	14	91640	37	2.52															
B8	Sample 20	2	1	15	96240	37	2.52															
B9	Sample 21	2	1	1	31610	36.91	2.97															
B9	Sample 21	2	1	2	36240	36.96	2.69															
B9	Sample 21	2	1	3	40830	37	3.45															
B9	Sample 21	2	1	4	45430	36.96	3.44															
B9	Sample 21	2	1	5	50130	37	3															
B9	Sample 21	2	1	6	54730	36.96	2.83															
B9	Sample 21	2	1	7	59330	36.96	2.77															
B9	Sample 21	2	1	8	63940	37	2.78															
B9	Sample 21	2	1	9	68630	37	2.78															
B9	Sample 21	2	1	10	73230	37	2.8															
B9	Sample 21	2	1	11	77830	37	2.81															
B9	Sample 21	2	1	12	82430	37	2.8															
B9	Sample 21	2	1	13	87040	37	2.81															
B9	Sample 21	2	1	14	91640	37	2.8															
B9	Sample 21	2	1	15	96240	37	2.81															
B10	Sample 22	2	1	1	31610	36.91	3.2															
B10	Sample 22	2	1	2	36240	36.96	3.43															
B10	Sample 22	2	1	3	40830	37	3.61															
B10	Sample 22	2	1	4	45430	36.96	3.29															
B10	Sample 22	2	1	5	50130	37	2.91															
B10	Sample 22	2	1	6	54730	36.96	3.19															
B10	Sample 22	2	1	7	59330	36.96	3.85															
B10	Sample 22	2	1	8	63940	37	3.74															
B10	Sample 22	2	1	9	68630	37	3.35															
B10	Sample 22	2	1	10	73230	37	3.09															
B10	Sample 22	2	1	11	77830	37	2.94															
B10	Sample 22	2	1	12	82430	37	2.87															
B10	Sample 22	2	1	13	87040	37	2.86															
B10	Sample 22	2	1	14	91640	37	2.83															
B10	Sample 22	2	1	15	96240	37	2.87															
B11	Sample 23	2	1	1	31610	36.91	3.04															
B11	Sample 23	2	1	2	36240	36.96	2.87															
B11	Sample 23	2	1	3	40830	37	2.64															
B11	Sample 23	2	1	4	45430	36.96	2.82															
B11	Sample 23	2	1	5	50130	37	4.45															
B11	Sample 23	2	1	6	54730	36.96	5.99															
B11	Sample 23	2	1	7	59330	36.96	5.35															
B11	Sample 23	2	1	8	63940	37	4.2															
B11	Sample 23	2	1	9	68630	37	3.41															
B11	Sample 23	2	1	10	73230	37	3.02															
B11	Sample 23	2	1	11	77830	37	2.83															
B11	Sample 23	2	1	12	82430	37	2.71															
B11	Sample 23	2	1	13	87040	37	2.66															
B11	Sample 23	2	1	14	91640	37	2.63															
B11	Sample 23	2	1	15	96240	37	2.65															
B12	Sample 24	2	1	1	31610	36.91	2.96															
B12	Sample 24	2	1	2	36240	36.96	3.16															
B12	Sample 24	2	1	3	40830	37	3.36															
B12	Sample 24	2	1	4	45430	36.96	3.15															
B12	Sample 24	2	1	5	50130	37	2.7															
B12	Sample 24	2	1	6	54730	36.96	2.84															
B12	Sample 24	2	1	7	59330	36.96	3.71															
B12	Sample 24	2	1	8	63940	37	4.22															
B12	Sample 24	2	1	9	68630	37	3.91															
B12	Sample 24	2	1	10	73230	37	3.44															
B12	Sample 24	2	1	11	77830	37	3.05															
B12	Sample 24	2	1	12	82430	37	2.79															
B12	Sample 24	2	1	13	87040	37	2.62															
B12	Sample 24	2	1	14	91640	37	2.54															
B12	Sample 24	2	1	15	96240	37	2.48															
C1	Sample 25	2	1	1	31610	36.91	1.74															
C1	Sample 25	2	1	2	36240	36.96	1.75															
C1	Sample 25	2	1	3	40830	37	1.76															
C1	Sample 25	2	1	4	45430	36.96	1.75															
C1	Sample 25	2	1	5	50130	37	1.75															
C1	Sample 25	2	1	6	54730	36.96	1.75															
C1	Sample 25	2	1	7	59330	36.96	1.74															
C1	Sample 25	2	1	8	63940	37	1.75															
C1	Sample 25	2	1	9	68630	37	1.75															
C1	Sample 25	2	1	10	73230	37	1.75															
C1	Sample 25	2	1	11	77830	37	1.75															
C1	Sample 25	2	1	12	82430	37	1.75															
C1	Sample 25	2	1	13	87040	37	1.75															
C1	Sample 25	2	1	14	91640	37	1.75															
C1	Sample 25	2	1	15	96240	37	1.75															
C2	Sample 26	2	1	1	31610	36.91	1.64															
C2	Sample 26	2	1	2	36240	36.96	1.64															
C2	Sample 26	2	1	3	40830	37	1.66															
C2	Sample 26	2	1	4	45430	36.96	1.63															
C2	Sample 26	2	1	5	50130	37	1.64															
C2	Sample 26	2	1	6	54730	36.96	1.63															
C2	Sample 26	2	1	7	59330	36.96	1.63															
C2	Sample 26	2	1	8	63940	37	1.63															
C2	Sample 26	2	1	9	68630	37	1.63															
C2	Sample 26	2	1	10	73230	37	1.63															
C2	Sample 26	2	1	11	77830	37	1.65															
C2	Sample 26	2	1	12	82430	37	1.62															
C2	Sample 26	2	1	13	87040	37	1.63															
C2	Sample 26	2	1	14	91640	37	1.62															
C2	Sample 26	2	1	15	96240	37	1.63															
C3	Sample 27	2	1	1	31610	36.91	1.57															
C3	Sample 27	2	1	2	36240	36.96	1.59															
C3	Sample 27	2	1	3	40830	37	1.6															
C3	Sample 27	2	1	4	45430	36.96	1.58															
C3	Sample 27	2	1	5	50130	37	1.58															
C3	Sample 27	2	1	6	54730	36.96	1.58															
C3	Sample 27	2	1	7	59330	36.96	1.57															
C3	Sample 27	2	1	8	63940	37	1.59															
C3	Sample 27	2	1	9	68630	37	1.58															
C3	Sample 27	2	1	10	73230	37	1.57															
C3	Sample 27	2	1	11	77830	37	1.58															
C3	Sample 27	2	1	12	82430	37	1.58															
C3	Sample 27	2	1	13	87040	37	1.58															
C3	Sample 27	2	1	14	91640	37	1.58															
C3	Sample 27	2	1	15	96240	37	1.56															
C4	Sample 28	2	1	1	31610	36.91	1.6															
C4	Sample 28	2	1	2	36240	36.96	1.6															
C4	Sample 28	2	1	3	40830	37	1.63															
C4	Sample 28	2	1	4	45430	36.96	1.61															
C4	Sample 28	2	1	5	50130	37	1.6															
C4	Sample 28	2	1	6	54730	36.96	1.6															
C4	Sample 28	2	1	7	59330	36.96	1.62															
C4	Sample 28	2	1	8	63940	37	1.59															
C4	Sample 28	2	1	9	68630	37	1.61															
C4	Sample 28	2	1	10	73230	37	1.62															
C4	Sample 28	2	1	11	77830	37	1.62															
C4	Sample 28	2	1	12	82430	37	1.61															
C4	Sample 28	2	1	13	87040	37	1.61															
C4	Sample 28	2	1	14	91640	37	1.61															
C4	Sample 28	2	1	15	96240	37	1.62															
C5	Sample 29	2	1	1	31610	36.91	2.49															
C5	Sample 29	2	1	2	36240	36.96	2.5															
C5	Sample 29	2	1	3	40830	37	2.51															
C5	Sample 29	2	1	4	45430	36.96	2.49															
C5	Sample 29	2	1	5	50130	37	2.49															
C5	Sample 29	2	1	6	54730	36.96	2.48															
C5	Sample 29	2	1	7	59330	36.96	2.49															
C5	Sample 29	2	1	8	63940	37	2.48															
C5	Sample 29	2	1	9	68630	37	2.47															
C5	Sample 29	2	1	10	73230	37	2.49															
C5	Sample 29	2	1	11	77830	37	2.48															
C5	Sample 29	2	1	12	82430	37	2.47															
C5	Sample 29	2	1	13	87040	37	2.47															
C5	Sample 29	2	1	14	91640	37	2.48															
C5	Sample 29	2	1	15	96240	37	2.48															
C6	Sample 30	2	1	1	31610	36.91	2.56															
C6	Sample 30	2	1	2	36240	36.96	2.58															
C6	Sample 30	2	1	3	40830	37	2.59															
C6	Sample 30	2	1	4	45430	36.96	2.58															
C6	Sample 30	2	1	5	50130	37	2.56															
C6	Sample 30	2	1	6	54730	36.96	2.56															
C6	Sample 30	2	1	7	59330	36.96	2.57															
C6	Sample 30	2	1	8	63940	37	2.56															
C6	Sample 30	2	1	9	68630	37	2.55															
C6	Sample 30	2	1	10	73230	37	2.56															
C6	Sample 30	2	1	11	77830	37	2.56															
C6	Sample 30	2	1	12	82430	37	2.56															
C6	Sample 30	2	1	13	87040	37	2.55															
C6	Sample 30	2	1	14	91640	37	2.55															
C6	Sample 30	2	1	15	96240	37	2.55															
C7	Sample 31	2	1	1	31610	36.91	2.61															
C7	Sample 31	2	1	2	36240	36.96	2.61															
C7	Sample 31	2	1	3	40830	37	2.63															
C7	Sample 31	2	1	4	45430	36.96	2.62															
C7	Sample 31	2	1	5	50130	37	2.62															
C7	Sample 31	2	1	6	54730	36.96	2.6															
C7	Sample 31	2	1	7	59330	36.96	2.59															
C7	Sample 31	2	1	8	63940	37	2.6															
C7	Sample 31	2	1	9	68630	37	2.6															
C7	Sample 31	2	1	10	73230	37	2.61															
C7	Sample 31	2	1	11	77830	37	2.6															
C7	Sample 31	2	1	12	82430	37	2.6															
C7	Sample 31	2	1	13	87040	37	2.6															
C7	Sample 31	2	1	14	91640	37	2.6															
C7	Sample 31	2	1	15	96240	37	2.6															
C8	Sample 32	2	1	1	31610	36.91	2.55															
C8	Sample 32	2	1	2	36240	36.96	2.54															
C8	Sample 32	2	1	3	40830	37	2.55															
C8	Sample 32	2	1	4	45430	36.96	2.53															
C8	Sample 32	2	1	5	50130	37	2.53															
C8	Sample 32	2	1	6	54730	36.96	2.53															
C8	Sample 32	2	1	7	59330	36.96	2.52															
C8	Sample 32	2	1	8	63940	37	2.53															
C8	Sample 32	2	1	9	68630	37	2.52															
C8	Sample 32	2	1	10	73230	37	2.52															
C8	Sample 32	2	1	11	77830	37	2.54															
C8	Sample 32	2	1	12	82430	37	2.52															
C8	Sample 32	2	1	13	87040	37	2.53															
C8	Sample 32	2	1	14	91640	37	2.52															
C8	Sample 32	2	1	15	96240	37	2.52															
C9	Sample 33	2	1	1	31610	36.91	3.04															
C9	Sample 33	2	1	2	36240	36.96	3.03															
C9	Sample 33	2	1	3	40830	37	3.03															
C9	Sample 33	2	1	4	45430	36.96	3.02															
C9	Sample 33	2	1	5	50130	37	3.01															
C9	Sample 33	2	1	6	54730	36.96	3.01															
C9	Sample 33	2	1	7	59330	36.96	3.01															
C9	Sample 33	2	1	8	63940	37	3.02															
C9	Sample 33	2	1	9	68630	37	3															
C9	Sample 33	2	1	10	73230	37	3															
C9	Sample 33	2	1	11	77830	37	3.02															
C9	Sample 33	2	1	12	82430	37	3															
C9	Sample 33	2	1	13	87040	37	3															
C9	Sample 33	2	1	14	91640	37	3															
C9	Sample 33	2	1	15	96240	37	3															
C10	Sample 34	2	1	1	31610	36.91	2.92															
C10	Sample 34	2	1	2	36240	36.96	2.92															
C10	Sample 34	2	1	3	40830	37	2.93															
C10	Sample 34	2	1	4	45430	36.96	2.9															
C10	Sample 34	2	1	5	50130	37	2.92															
C10	Sample 34	2	1	6	54730	36.96	2.9															
C10	Sample 34	2	1	7	59330	36.96	2.89															
C10	Sample 34	2	1	8	63940	37	2.89															
C10	Sample 34	2	1	9	68630	37	2.9															
C10	Sample 34	2	1	10	73230	37	2.9															
C10	Sample 34	2	1	11	77830	37	2.9															
C10	Sample 34	2	1	12	82430	37	2.89															
C10	Sample 34	2	1	13	87040	37	2.89															
C10	Sample 34	2	1	14	91640	37	2.9															
C10	Sample 34	2	1	15	96240	37	2.9															
C11	Sample 35	2	1	1	31610	36.91	2.75															
C11	Sample 35	2	1	2	36240	36.96	2.75															
C11	Sample 35	2	1	3	40830	37	2.78															
C11	Sample 35	2	1	4	45430	36.96	2.76															
C11	Sample 35	2	1	5	50130	37	2.76															
C11	Sample 35	2	1	6	54730	36.96	2.76															
C11	Sample 35	2	1	7	59330	36.96	2.76															
C11	Sample 35	2	1	8	63940	37	2.76															
C11	Sample 35	2	1	9	68630	37	2.74															
C11	Sample 35	2	1	10	73230	37	2.75															
C11	Sample 35	2	1	11	77830	37	2.75															
C11	Sample 35	2	1	12	82430	37	2.75															
C11	Sample 35	2	1	13	87040	37	2.76															
C11	Sample 35	2	1	14	91640	37	2.75															
C11	Sample 35	2	1	15	96240	37	2.75															
C12	Sample 36	2	1	1	31610	36.91	4.65															
C12	Sample 36	2	1	2	36240	36.96	5.61															
C12	Sample 36	2	1	3	40830	37	5.97															
C12	Sample 36	2	1	4	45430	36.96	5.35															
C12	Sample 36	2	1	5	50130	37	4.88															
C12	Sample 36	2	1	6	54730	36.96	4.68															
C12	Sample 36	2	1	7	59330	36.96	4.58															
C12	Sample 36	2	1	8	63940	37	4.55															
C12	Sample 36	2	1	9	68630	37	4.53															
C12	Sample 36	2	1	10	73230	37	4.54															
C12	Sample 36	2	1	11	77830	37	4.55															
C12	Sample 36	2	1	12	82430	37	4.56															
C12	Sample 36	2	1	13	87040	37	4.56															
C12	Sample 36	2	1	14	91640	37	4.56															
C12	Sample 36	2	1	15	96240	37	4.56															
D1	Sample 37	2	1	1	31610	36.91	3.11															
D1	Sample 37	2	1	2	36240	36.96	3.13															
D1	Sample 37	2	1	3	40830	37	3.11															
D1	Sample 37	2	1	4	45430	36.96	3.13															
D1	Sample 37	2	1	5	50130	37	3.12															
D1	Sample 37	2	1	6	54730	36.96	3.12															
D1	Sample 37	2	1	7	59330	36.96	3.11															
D1	Sample 37	2	1	8	63940	37	3.12															
D1	Sample 37	2	1	9	68630	37	3.12															
D1	Sample 37	2	1	10	73230	37	3.12															
D1	Sample 37	2	1	11	77830	37	3.12															
D1	Sample 37	2	1	12	82430	37	3.12															
D1	Sample 37	2	1	13	87040	37	3.11															
D1	Sample 37	2	1	14	91640	37	3.11															
D1	Sample 37	2	1	15	96240	37	3.11															
D2	Sample 38	2	1	1	31610	36.91	3.29															
D2	Sample 38	2	1	2	36240	36.96	3.28															
D2	Sample 38	2	1	3	40830	37	3.28															
D2	Sample 38	2	1	4	45430	36.96	3.28															
D2	Sample 38	2	1	5	50130	37	3.27															
D2	Sample 38	2	1	6	54730	36.96	3.28															
D2	Sample 38	2	1	7	59330	36.96	3.27															
D2	Sample 38	2	1	8	63940	37	3.27															
D2	Sample 38	2	1	9	68630	37	3.26															
D2	Sample 38	2	1	10	73230	37	3.26															
D2	Sample 38	2	1	11	77830	37	3.26															
D2	Sample 38	2	1	12	82430	37	3.26															
D2	Sample 38	2	1	13	87040	37	3.26															
D2	Sample 38	2	1	14	91640	37	3.25															
D2	Sample 38	2	1	15	96240	37	3.27															
D3	Sample 39	2	1	1	31610	36.91	1.89															
D3	Sample 39	2	1	2	36240	36.96	1.9															
D3	Sample 39	2	1	3	40830	37	1.89															
D3	Sample 39	2	1	4	45430	36.96	1.89															
D3	Sample 39	2	1	5	50130	37	1.88															
D3	Sample 39	2	1	6	54730	36.96	1.88															
D3	Sample 39	2	1	7	59330	36.96	1.87															
D3	Sample 39	2	1	8	63940	37	1.88															
D3	Sample 39	2	1	9	68630	37	1.88															
D3	Sample 39	2	1	10	73230	37	1.87															
D3	Sample 39	2	1	11	77830	37	1.87															
D3	Sample 39	2	1	12	82430	37	1.86															
D3	Sample 39	2	1	13	87040	37	1.87															
D3	Sample 39	2	1	14	91640	37	1.86															
D3	Sample 39	2	1	15	96240	37	1.87															
D4	Sample 40	2	1	1	31610	36.91	1.68															
D4	Sample 40	2	1	2	36240	36.96	1.7															
D4	Sample 40	2	1	3	40830	37	1.69															
D4	Sample 40	2	1	4	45430	36.96	1.7															
D4	Sample 40	2	1	5	50130	37	1.68															
D4	Sample 40	2	1	6	54730	36.96	1.68															
D4	Sample 40	2	1	7	59330	36.96	1.67															
D4	Sample 40	2	1	8	63940	37	1.67															
D4	Sample 40	2	1	9	68630	37	1.68															
D4	Sample 40	2	1	10	73230	37	1.67															
D4	Sample 40	2	1	11	77830	37	1.68															
D4	Sample 40	2	1	12	82430	37	1.67															
D4	Sample 40	2	1	13	87040	37	1.67															
D4	Sample 40	2	1	14	91640	37	1.66															
D4	Sample 40	2	1	15	96240	37	1.66															
D5	Sample 41	2	1	1	31610	36.91	2.53															
D5	Sample 41	2	1	2	36240	36.96	2.52															
D5	Sample 41	2	1	3	40830	37	2.52															
D5	Sample 41	2	1	4	45430	36.96	2.52															
D5	Sample 41	2	1	5	50130	37	2.52															
D5	Sample 41	2	1	6	54730	36.96	2.5															
D5	Sample 41	2	1	7	59330	36.96	2.5															
D5	Sample 41	2	1	8	63940	37	2.52															
D5	Sample 41	2	1	9	68630	37	2.5															
D5	Sample 41	2	1	10	73230	37	2.5															
D5	Sample 41	2	1	11	77830	37	2.5															
D5	Sample 41	2	1	12	82430	37	2.5															
D5	Sample 41	2	1	13	87040	37	2.5															
D5	Sample 41	2	1	14	91640	37	2.5															
D5	Sample 41	2	1	15	96240	37	2.49															
D6	Sample 42	2	1	1	31610	36.91	2.88															
D6	Sample 42	2	1	2	36240	36.96	2.88															
D6	Sample 42	2	1	3	40830	37	2.88															
D6	Sample 42	2	1	4	45430	36.96	2.87															
D6	Sample 42	2	1	5	50130	37	2.87															
D6	Sample 42	2	1	6	54730	36.96	2.87															
D6	Sample 42	2	1	7	59330	36.96	2.85															
D6	Sample 42	2	1	8	63940	37	2.86															
D6	Sample 42	2	1	9	68630	37	2.85															
D6	Sample 42	2	1	10	73230	37	2.84															
D6	Sample 42	2	1	11	77830	37	2.85															
D6	Sample 42	2	1	12	82430	37	2.84															
D6	Sample 42	2	1	13	87040	37	2.84															
D6	Sample 42	2	1	14	91640	37	2.84															
D6	Sample 42	2	1	15	96240	37	2.85															
D7	Sample 43	2	1	1	31610	36.91	2.68															
D7	Sample 43	2	1	2	36240	36.96	2.68															
D7	Sample 43	2	1	3	40830	37	2.68															
D7	Sample 43	2	1	4	45430	36.96	2.68															
D7	Sample 43	2	1	5	50130	37	2.67															
D7	Sample 43	2	1	6	54730	36.96	2.67															
D7	Sample 43	2	1	7	59330	36.96	2.67															
D7	Sample 43	2	1	8	63940	37	2.67															
D7	Sample 43	2	1	9	68630	37	2.67															
D7	Sample 43	2	1	10	73230	37	2.67															
D7	Sample 43	2	1	11	77830	37	2.67															
D7	Sample 43	2	1	12	82430	37	2.66															
D7	Sample 43	2	1	13	87040	37	2.65															
D7	Sample 43	2	1	14	91640	37	2.66															
D7	Sample 43	2	1	15	96240	37	2.66															
D8	Sample 44	2	1	1	31610	36.91	2.63															
D8	Sample 44	2	1	2	36240	36.96	2.64															
D8	Sample 44	2	1	3	40830	37	2.62															
D8	Sample 44	2	1	4	45430	36.96	2.62															
D8	Sample 44	2	1	5	50130	37	2.61															
D8	Sample 44	2	1	6	54730	36.96	2.61															
D8	Sample 44	2	1	7	59330	36.96	2.61															
D8	Sample 44	2	1	8	63940	37	2.61															
D8	Sample 44	2	1	9	68630	37	2.6															
D8	Sample 44	2	1	10	73230	37	2.6															
D8	Sample 44	2	1	11	77830	37	2.6															
D8	Sample 44	2	1	12	82430	37	2.59															
D8	Sample 44	2	1	13	87040	37	2.59															
D8	Sample 44	2	1	14	91640	37	2.6															
D8	Sample 44	2	1	15	96240	37	2.6															
D9	Sample 45	2	1	1	31610	36.91	3.04															
D9	Sample 45	2	1	2	36240	36.96	3.04															
D9	Sample 45	2	1	3	40830	37	3.04															
D9	Sample 45	2	1	4	45430	36.96	3.04															
D9	Sample 45	2	1	5	50130	37	3.03															
D9	Sample 45	2	1	6	54730	36.96	3.03															
D9	Sample 45	2	1	7	59330	36.96	3.03															
D9	Sample 45	2	1	8	63940	37	3.03															
D9	Sample 45	2	1	9	68630	37	3.02															
D9	Sample 45	2	1	10	73230	37	3.03															
D9	Sample 45	2	1	11	77830	37	3.03															
D9	Sample 45	2	1	12	82430	37	3															
D9	Sample 45	2	1	13	87040	37	3.01															
D9	Sample 45	2	1	14	91640	37	3.01															
D9	Sample 45	2	1	15	96240	37	3															
D10	Sample 46	2	1	1	31610	36.91	3.77															
D10	Sample 46	2	1	2	36240	36.96	3.77															
D10	Sample 46	2	1	3	40830	37	3.77															
D10	Sample 46	2	1	4	45430	36.96	3.77															
D10	Sample 46	2	1	5	50130	37	3.75															
D10	Sample 46	2	1	6	54730	36.96	3.75															
D10	Sample 46	2	1	7	59330	36.96	3.75															
D10	Sample 46	2	1	8	63940	37	3.73															
D10	Sample 46	2	1	9	68630	37	3.75															
D10	Sample 46	2	1	10	73230	37	3.73															
D10	Sample 46	2	1	11	77830	37	3.75															
D10	Sample 46	2	1	12	82430	37	3.73															
D10	Sample 46	2	1	13	87040	37	3.72															
D10	Sample 46	2	1	14	91640	37	3.71															
D10	Sample 46	2	1	15	96240	37	3.71															
D11	Sample 47	2	1	1	31610	36.91	2.89															
D11	Sample 47	2	1	2	36240	36.96	2.91															
D11	Sample 47	2	1	3	40830	37	2.9															
D11	Sample 47	2	1	4	45430	36.96	2.89															
D11	Sample 47	2	1	5	50130	37	2.89															
D11	Sample 47	2	1	6	54730	36.96	2.89															
D11	Sample 47	2	1	7	59330	36.96	2.89															
D11	Sample 47	2	1	8	63940	37	2.87															
D11	Sample 47	2	1	9	68630	37	2.88															
D11	Sample 47	2	1	10	73230	37	2.89															
D11	Sample 47	2	1	11	77830	37	2.88															
D11	Sample 47	2	1	12	82430	37	2.87															
D11	Sample 47	2	1	13	87040	37	2.88															
D11	Sample 47	2	1	14	91640	37	2.88															
D11	Sample 47	2	1	15	96240	37	2.88															
D12	Sample 48	2	1	1	31610	36.91	2.81															
D12	Sample 48	2	1	2	36240	36.96	2.82															
D12	Sample 48	2	1	3	40830	37	2.82															
D12	Sample 48	2	1	4	45430	36.96	2.82															
D12	Sample 48	2	1	5	50130	37	2.82															
D12	Sample 48	2	1	6	54730	36.96	2.82															
D12	Sample 48	2	1	7	59330	36.96	2.81															
D12	Sample 48	2	1	8	63940	37	2.81															
D12	Sample 48	2	1	9	68630	37	2.82															
D12	Sample 48	2	1	10	73230	37	2.81															
D12	Sample 48	2	1	11	77830	37	2.79															
D12	Sample 48	2	1	12	82430	37	2.8															
D12	Sample 48	2	1	13	87040	37	2.8															
D12	Sample 48	2	1	14	91640	37	2.79															
D12	Sample 48	2	1	15	96240	37	2.8															
E1	Sample 49	2	1	1	31610	36.91	3.7															
E1	Sample 49	2	1	2	36240	36.96	3.69															
E1	Sample 49	2	1	3	40830	37	3.69															
E1	Sample 49	2	1	4	45430	36.96	3.69															
E1	Sample 49	2	1	5	50130	37	3.7															
E1	Sample 49	2	1	6	54730	36.96	3.69															
E1	Sample 49	2	1	7	59330	36.96	3.69															
E1	Sample 49	2	1	8	63940	37	3.69															
E1	Sample 49	2	1	9	68630	37	3.7															
E1	Sample 49	2	1	10	73230	37	3.7															
E1	Sample 49	2	1	11	77830	37	3.69															
E1	Sample 49	2	1	12	82430	37	3.68															
E1	Sample 49	2	1	13	87040	37	3.69															
E1	Sample 49	2	1	14	91640	37	3.7															
E1	Sample 49	2	1	15	96240	37	3.69															
E2	Sample 50	2	1	1	31610	36.91	3.79															
E2	Sample 50	2	1	2	36240	36.96	3.79															
E2	Sample 50	2	1	3	40830	37	3.79															
E2	Sample 50	2	1	4	45430	36.96	3.8															
E2	Sample 50	2	1	5	50130	37	3.78															
E2	Sample 50	2	1	6	54730	36.96	3.78															
E2	Sample 50	2	1	7	59330	36.96	3.78															
E2	Sample 50	2	1	8	63940	37	3.78															
E2	Sample 50	2	1	9	68630	37	3.77															
E2	Sample 50	2	1	10	73230	37	3.79															
E2	Sample 50	2	1	11	77830	37	3.78															
E2	Sample 50	2	1	12	82430	37	3.77															
E2	Sample 50	2	1	13	87040	37	3.77															
E2	Sample 50	2	1	14	91640	37	3.77															
E2	Sample 50	2	1	15	96240	37	3.76															
E3	Sample 51	2	1	1	31610	36.91	3.5															
E3	Sample 51	2	1	2	36240	36.96	3.52															
E3	Sample 51	2	1	3	40830	37	3.51															
E3	Sample 51	2	1	4	45430	36.96	3.5															
E3	Sample 51	2	1	5	50130	37	3.49															
E3	Sample 51	2	1	6	54730	36.96	3.49															
E3	Sample 51	2	1	7	59330	36.96	3.48															
E3	Sample 51	2	1	8	63940	37	3.49															
E3	Sample 51	2	1	9	68630	37	3.49															
E3	Sample 51	2	1	10	73230	37	3.49															
E3	Sample 51	2	1	11	77830	37	3.49															
E3	Sample 51	2	1	12	82430	37	3.49															
E3	Sample 51	2	1	13	87040	37	3.5															
E3	Sample 51	2	1	14	91640	37	3.49															
E3	Sample 51	2	1	15	96240	37	3.48															
E4	Sample 52	2	1	1	31610	36.91	3.47															
E4	Sample 52	2	1	2	36240	36.96	3.45															
E4	Sample 52	2	1	3	40830	37	3.47															
E4	Sample 52	2	1	4	45430	36.96	3.48															
E4	Sample 52	2	1	5	50130	37	3.45															
E4	Sample 52	2	1	6	54730	36.96	3.45															
E4	Sample 52	2	1	7	59330	36.96	3.45															
E4	Sample 52	2	1	8	63940	37	3.46															
E4	Sample 52	2	1	9	68630	37	3.45															
E4	Sample 52	2	1	10	73230	37	3.46															
E4	Sample 52	2	1	11	77830	37	3.45															
E4	Sample 52	2	1	12	82430	37	3.44															
E4	Sample 52	2	1	13	87040	37	3.44															
E4	Sample 52	2	1	14	91640	37	3.44															
E4	Sample 52	2	1	15	96240	37	3.44															
E5	Sample 53	2	1	1	31610	36.91	3.1															
E5	Sample 53	2	1	2	36240	36.96	3.1															
E5	Sample 53	2	1	3	40830	37	3.1															
E5	Sample 53	2	1	4	45430	36.96	3.08															
E5	Sample 53	2	1	5	50130	37	3.09															
E5	Sample 53	2	1	6	54730	36.96	3.09															
E5	Sample 53	2	1	7	59330	36.96	3.09															
E5	Sample 53	2	1	8	63940	37	3.08															
E5	Sample 53	2	1	9	68630	37	3.08															
E5	Sample 53	2	1	10	73230	37	3.08															
E5	Sample 53	2	1	11	77830	37	3.06															
E5	Sample 53	2	1	12	82430	37	3.07															
E5	Sample 53	2	1	13	87040	37	3.08															
E5	Sample 53	2	1	14	91640	37	3.07															
E5	Sample 53	2	1	15	96240	37	3.06															
E6	Sample 54	2	1	1	31610	36.91	3.22															
E6	Sample 54	2	1	2	36240	36.96	3.22															
E6	Sample 54	2	1	3	40830	37	3.22															
E6	Sample 54	2	1	4	45430	36.96	3.23															
E6	Sample 54	2	1	5	50130	37	3.23															
E6	Sample 54	2	1	6	54730	36.96	3.22															
E6	Sample 54	2	1	7	59330	36.96	3.21															
E6	Sample 54	2	1	8	63940	37	3.21															
E6	Sample 54	2	1	9	68630	37	3.19															
E6	Sample 54	2	1	10	73230	37	3.21															
E6	Sample 54	2	1	11	77830	37	3.2															
E6	Sample 54	2	1	12	82430	37	3.21															
E6	Sample 54	2	1	13	87040	37	3.2															
E6	Sample 54	2	1	14	91640	37	3.2															
E6	Sample 54	2	1	15	96240	37	3.19															
E7	Sample 55	2	1	1	31610	36.91	2.65															
E7	Sample 55	2	1	2	36240	36.96	2.63															
E7	Sample 55	2	1	3	40830	37	2.65															
E7	Sample 55	2	1	4	45430	36.96	2.66															
E7	Sample 55	2	1	5	50130	37	2.63															
E7	Sample 55	2	1	6	54730	36.96	2.63															
E7	Sample 55	2	1	7	59330	36.96	2.63															
E7	Sample 55	2	1	8	63940	37	2.63															
E7	Sample 55	2	1	9	68630	37	2.63															
E7	Sample 55	2	1	10	73230	37	2.63															
E7	Sample 55	2	1	11	77830	37	2.62															
E7	Sample 55	2	1	12	82430	37	2.62															
E7	Sample 55	2	1	13	87040	37	2.62															
E7	Sample 55	2	1	14	91640	37	2.62															
E7	Sample 55	2	1	15	96240	37	2.62															
E8	Sample 56	2	1	1	31610	36.91	2.54															
E8	Sample 56	2	1	2	36240	36.96	2.54															
E8	Sample 56	2	1	3	40830	37	2.54															
E8	Sample 56	2	1	4	45430	36.96	2.54															
E8	Sample 56	2	1	5	50130	37	2.52															
E8	Sample 56	2	1	6	54730	36.96	2.53															
E8	Sample 56	2	1	7	59330	36.96	2.51															
E8	Sample 56	2	1	8	63940	37	2.52															
E8	Sample 56	2	1	9	68630	37	2.51															
E8	Sample 56	2	1	10	73230	37	2.51															
E8	Sample 56	2	1	11	77830	37	2.52															
E8	Sample 56	2	1	12	82430	37	2.51															
E8	Sample 56	2	1	13	87040	37	2.51															
E8	Sample 56	2	1	14	91640	37	2.51															
E8	Sample 56	2	1	15	96240	37	2.51															
E9	Sample 57	2	1	1	31610	36.91	5.35															
E9	Sample 57	2	1	2	36240	36.96	5.36															
E9	Sample 57	2	1	3	40830	37	5.35															
E9	Sample 57	2	1	4	45430	36.96	5.35															
E9	Sample 57	2	1	5	50130	37	5.33															
E9	Sample 57	2	1	6	54730	36.96	5.35															
E9	Sample 57	2	1	7	59330	36.96	5.31															
E9	Sample 57	2	1	8	63940	37	5.32															
E9	Sample 57	2	1	9	68630	37	5.32															
E9	Sample 57	2	1	10	73230	37	5.32															
E9	Sample 57	2	1	11	77830	37	5.32															
E9	Sample 57	2	1	12	82430	37	5.31															
E9	Sample 57	2	1	13	87040	37	5.33															
E9	Sample 57	2	1	14	91640	37	5.31															
E9	Sample 57	2	1	15	96240	37	5.31															
E10	Sample 58	2	1	1	31610	36.91	3.06															
E10	Sample 58	2	1	2	36240	36.96	3.07															
E10	Sample 58	2	1	3	40830	37	3.07															
E10	Sample 58	2	1	4	45430	36.96	3.07															
E10	Sample 58	2	1	5	50130	37	3.06															
E10	Sample 58	2	1	6	54730	36.96	3.05															
E10	Sample 58	2	1	7	59330	36.96	3.05															
E10	Sample 58	2	1	8	63940	37	3.05															
E10	Sample 58	2	1	9	68630	37	3.05															
E10	Sample 58	2	1	10	73230	37	3.06															
E10	Sample 58	2	1	11	77830	37	3.04															
E10	Sample 58	2	1	12	82430	37	3.04															
E10	Sample 58	2	1	13	87040	37	3.04															
E10	Sample 58	2	1	14	91640	37	3.04															
E10	Sample 58	2	1	15	96240	37	3.05															
E11	Sample 59	2	1	1	31610	36.91	3.06															
E11	Sample 59	2	1	2	36240	36.96	3.05															
E11	Sample 59	2	1	3	40830	37	3.06															
E11	Sample 59	2	1	4	45430	36.96	3.05															
E11	Sample 59	2	1	5	50130	37	3.05															
E11	Sample 59	2	1	6	54730	36.96	3.05															
E11	Sample 59	2	1	7	59330	36.96	3.05															
E11	Sample 59	2	1	8	63940	37	3.05															
E11	Sample 59	2	1	9	68630	37	3.04															
E11	Sample 59	2	1	10	73230	37	3.04															
E11	Sample 59	2	1	11	77830	37	3.04															
E11	Sample 59	2	1	12	82430	37	3.03															
E11	Sample 59	2	1	13	87040	37	3.04															
E11	Sample 59	2	1	14	91640	37	3.03															
E11	Sample 59	2	1	15	96240	37	3.03															
E12	Sample 60	2	1	1	31610	36.91	2.59															
E12	Sample 60	2	1	2	36240	36.96	2.58															
E12	Sample 60	2	1	3	40830	37	2.59															
E12	Sample 60	2	1	4	45430	36.96	2.59															
E12	Sample 60	2	1	5	50130	37	2.58															
E12	Sample 60	2	1	6	54730	36.96	2.58															
E12	Sample 60	2	1	7	59330	36.96	2.59															
E12	Sample 60	2	1	8	63940	37	2.59															
E12	Sample 60	2	1	9	68630	37	2.57															
E12	Sample 60	2	1	10	73230	37	2.58															
E12	Sample 60	2	1	11	77830	37	2.59															
E12	Sample 60	2	1	12	82430	37	2.57															
E12	Sample 60	2	1	13	87040	37	2.57															
E12	Sample 60	2	1	14	91640	37	2.56															
E12	Sample 60	2	1	15	96240	37	2.56															
F1	Sample 61	2	1	1	31610	36.91	3.85															
F1	Sample 61	2	1	2	36240	36.96	3.87															
F1	Sample 61	2	1	3	40830	37	3.85															
F1	Sample 61	2	1	4	45430	36.96	3.84															
F1	Sample 61	2	1	5	50130	37	3.86															
F1	Sample 61	2	1	6	54730	36.96	3.83															
F1	Sample 61	2	1	7	59330	36.96	3.85															
F1	Sample 61	2	1	8	63940	37	3.84															
F1	Sample 61	2	1	9	68630	37	3.83															
F1	Sample 61	2	1	10	73230	37	3.83															
F1	Sample 61	2	1	11	77830	37	3.83															
F1	Sample 61	2	1	12	82430	37	3.83															
F1	Sample 61	2	1	13	87040	37	3.82															
F1	Sample 61	2	1	14	91640	37	3.82															
F1	Sample 61	2	1	15	96240	37	3.84															
F2	Sample 62	2	1	1	31610	36.91	3.92															
F2	Sample 62	2	1	2	36240	36.96	3.91															
F2	Sample 62	2	1	3	40830	37	3.92															
F2	Sample 62	2	1	4	45430	36.96	3.91															
F2	Sample 62	2	1	5	50130	37	3.92															
F2	Sample 62	2	1	6	54730	36.96	3.9															
F2	Sample 62	2	1	7	59330	36.96	3.89															
F2	Sample 62	2	1	8	63940	37	3.89															
F2	Sample 62	2	1	9	68630	37	3.89															
F2	Sample 62	2	1	10	73230	37	3.88															
F2	Sample 62	2	1	11	77830	37	3.88															
F2	Sample 62	2	1	12	82430	37	3.87															
F2	Sample 62	2	1	13	87040	37	3.88															
F2	Sample 62	2	1	14	91640	37	3.89															
F2	Sample 62	2	1	15	96240	37	3.87															
F3	Sample 63	2	1	1	31610	36.91	4.08															
F3	Sample 63	2	1	2	36240	36.96	4.07															
F3	Sample 63	2	1	3	40830	37	4.08															
F3	Sample 63	2	1	4	45430	36.96	4.07															
F3	Sample 63	2	1	5	50130	37	4.06															
F3	Sample 63	2	1	6	54730	36.96	4.05															
F3	Sample 63	2	1	7	59330	36.96	4.06															
F3	Sample 63	2	1	8	63940	37	4.06															
F3	Sample 63	2	1	9	68630	37	4.04															
F3	Sample 63	2	1	10	73230	37	4.04															
F3	Sample 63	2	1	11	77830	37	4.05															
F3	Sample 63	2	1	12	82430	37	4.04															
F3	Sample 63	2	1	13	87040	37	4.04															
F3	Sample 63	2	1	14	91640	37	4.04															
F3	Sample 63	2	1	15	96240	37	4.03															
F4	Sample 64	2	1	1	31610	36.91	4.04															
F4	Sample 64	2	1	2	36240	36.96	4.04															
F4	Sample 64	2	1	3	40830	37	4.05															
F4	Sample 64	2	1	4	45430	36.96	4.05															
F4	Sample 64	2	1	5	50130	37	4.04															
F4	Sample 64	2	1	6	54730	36.96	4.04															
F4	Sample 64	2	1	7	59330	36.96	4.04															
F4	Sample 64	2	1	8	63940	37	4.04															
F4	Sample 64	2	1	9	68630	37	4.04															
F4	Sample 64	2	1	10	73230	37	4.04															
F4	Sample 64	2	1	11	77830	37	4.04															
F4	Sample 64	2	1	12	82430	37	4.03															
F4	Sample 64	2	1	13	87040	37	4.03															
F4	Sample 64	2	1	14	91640	37	4.03															
F4	Sample 64	2	1	15	96240	37	4.02															
F5	Sample 65	2	1	1	31610	36.91	3.32															
F5	Sample 65	2	1	2	36240	36.96	3.32															
F5	Sample 65	2	1	3	40830	37	3.33															
F5	Sample 65	2	1	4	45430	36.96	3.32															
F5	Sample 65	2	1	5	50130	37	3.32															
F5	Sample 65	2	1	6	54730	36.96	3.31															
F5	Sample 65	2	1	7	59330	36.96	3.32															
F5	Sample 65	2	1	8	63940	37	3.31															
F5	Sample 65	2	1	9	68630	37	3.31															
F5	Sample 65	2	1	10	73230	37	3.3															
F5	Sample 65	2	1	11	77830	37	3.31															
F5	Sample 65	2	1	12	82430	37	3.29															
F5	Sample 65	2	1	13	87040	37	3.31															
F5	Sample 65	2	1	14	91640	37	3.29															
F5	Sample 65	2	1	15	96240	37	3.3															
F6	Sample 66	2	1	1	31610	36.91	3.29															
F6	Sample 66	2	1	2	36240	36.96	3.29															
F6	Sample 66	2	1	3	40830	37	3.29															
F6	Sample 66	2	1	4	45430	36.96	3.28															
F6	Sample 66	2	1	5	50130	37	3.29															
F6	Sample 66	2	1	6	54730	36.96	3.28															
F6	Sample 66	2	1	7	59330	36.96	3.28															
F6	Sample 66	2	1	8	63940	37	3.27															
F6	Sample 66	2	1	9	68630	37	3.26															
F6	Sample 66	2	1	10	73230	37	3.26															
F6	Sample 66	2	1	11	77830	37	3.27															
F6	Sample 66	2	1	12	82430	37	3.25															
F6	Sample 66	2	1	13	87040	37	3.25															
F6	Sample 66	2	1	14	91640	37	3.26															
F6	Sample 66	2	1	15	96240	37	3.25															
F7	Sample 67	2	1	1	31610	36.91	3.23															
F7	Sample 67	2	1	2	36240	36.96	3.23															
F7	Sample 67	2	1	3	40830	37	3.24															
F7	Sample 67	2	1	4	45430	36.96	3.21															
F7	Sample 67	2	1	5	50130	37	3.23															
F7	Sample 67	2	1	6	54730	36.96	3.22															
F7	Sample 67	2	1	7	59330	36.96	3.21															
F7	Sample 67	2	1	8	63940	37	3.21															
F7	Sample 67	2	1	9	68630	37	3.21															
F7	Sample 67	2	1	10	73230	37	3.21															
F7	Sample 67	2	1	11	77830	37	3.23															
F7	Sample 67	2	1	12	82430	37	3.2															
F7	Sample 67	2	1	13	87040	37	3.19															
F7	Sample 67	2	1	14	91640	37	3.19															
F7	Sample 67	2	1	15	96240	37	3.2															
F8	Sample 68	2	1	1	31610	36.91	3.22															
F8	Sample 68	2	1	2	36240	36.96	3.21															
F8	Sample 68	2	1	3	40830	37	3.21															
F8	Sample 68	2	1	4	45430	36.96	3.2															
F8	Sample 68	2	1	5	50130	37	3.2															
F8	Sample 68	2	1	6	54730	36.96	3.2															
F8	Sample 68	2	1	7	59330	36.96	3.2															
F8	Sample 68	2	1	8	63940	37	3.19															
F8	Sample 68	2	1	9	68630	37	3.18															
F8	Sample 68	2	1	10	73230	37	3.18															
F8	Sample 68	2	1	11	77830	37	3.2															
F8	Sample 68	2	1	12	82430	37	3.18															
F8	Sample 68	2	1	13	87040	37	3.19															
F8	Sample 68	2	1	14	91640	37	3.18															
F8	Sample 68	2	1	15	96240	37	3.18															
F9	Sample 69	2	1	1	31610	36.91	2.97															
F9	Sample 69	2	1	2	36240	36.96	2.98															
F9	Sample 69	2	1	3	40830	37	2.98															
F9	Sample 69	2	1	4	45430	36.96	2.98															
F9	Sample 69	2	1	5	50130	37	2.97															
F9	Sample 69	2	1	6	54730	36.96	2.96															
F9	Sample 69	2	1	7	59330	36.96	2.96															
F9	Sample 69	2	1	8	63940	37	2.96															
F9	Sample 69	2	1	9	68630	37	2.94															
F9	Sample 69	2	1	10	73230	37	2.95															
F9	Sample 69	2	1	11	77830	37	2.96															
F9	Sample 69	2	1	12	82430	37	2.95															
F9	Sample 69	2	1	13	87040	37	2.95															
F9	Sample 69	2	1	14	91640	37	2.94															
F9	Sample 69	2	1	15	96240	37	2.95															
F10	Sample 70	2	1	1	31610	36.91	3.05															
F10	Sample 70	2	1	2	36240	36.96	3.03															
F10	Sample 70	2	1	3	40830	37	3.05															
F10	Sample 70	2	1	4	45430	36.96	3.03															
F10	Sample 70	2	1	5	50130	37	3.04															
F10	Sample 70	2	1	6	54730	36.96	3.02															
F10	Sample 70	2	1	7	59330	36.96	3.02															
F10	Sample 70	2	1	8	63940	37	3.02															
F10	Sample 70	2	1	9	68630	37	3.02															
F10	Sample 70	2	1	10	73230	37	3.01															
F10	Sample 70	2	1	11	77830	37	3.02															
F10	Sample 70	2	1	12	82430	37	3.01															
F10	Sample 70	2	1	13	87040	37	3.01															
F10	Sample 70	2	1	14	91640	37	3.01															
F10	Sample 70	2	1	15	96240	37	3.01															
F11	Sample 71	2	1	1	31610	36.91	2.81															
F11	Sample 71	2	1	2	36240	36.96	2.82															
F11	Sample 71	2	1	3	40830	37	2.82															
F11	Sample 71	2	1	4	45430	36.96	2.8															
F11	Sample 71	2	1	5	50130	37	2.82															
F11	Sample 71	2	1	6	54730	36.96	2.82															
F11	Sample 71	2	1	7	59330	36.96	2.79															
F11	Sample 71	2	1	8	63940	37	2.78															
F11	Sample 71	2	1	9	68630	37	2.79															
F11	Sample 71	2	1	10	73230	37	2.79															
F11	Sample 71	2	1	11	77830	37	2.81															
F11	Sample 71	2	1	12	82430	37	2.78															
F11	Sample 71	2	1	13	87040	37	2.8															
F11	Sample 71	2	1	14	91640	37	2.78															
F11	Sample 71	2	1	15	96240	37	2.79															
F12	Sample 72	2	1	1	31610	36.91	2.54															
F12	Sample 72	2	1	2	36240	36.96	2.56															
F12	Sample 72	2	1	3	40830	37	2.57															
F12	Sample 72	2	1	4	45430	36.96	2.57															
F12	Sample 72	2	1	5	50130	37	2.55															
F12	Sample 72	2	1	6	54730	36.96	2.55															
F12	Sample 72	2	1	7	59330	36.96	2.56															
F12	Sample 72	2	1	8	63940	37	2.54															
F12	Sample 72	2	1	9	68630	37	2.55															
F12	Sample 72	2	1	10	73230	37	2.54															
F12	Sample 72	2	1	11	77830	37	2.56															
F12	Sample 72	2	1	12	82430	37	2.55															
F12	Sample 72	2	1	13	87040	37	2.56															
F12	Sample 72	2	1	14	91640	37	2.56															
F12	Sample 72	2	1	15	96240	37	2.56															
G1	Sample 73	2	1	1	31610	36.91	3.76															
G1	Sample 73	2	1	2	36240	36.96	3.76															
G1	Sample 73	2	1	3	40830	37	3.76															
G1	Sample 73	2	1	4	45430	36.96	3.74															
G1	Sample 73	2	1	5	50130	37	3.74															
G1	Sample 73	2	1	6	54730	36.96	3.74															
G1	Sample 73	2	1	7	59330	36.96	3.73															
G1	Sample 73	2	1	8	63940	37	3.74															
G1	Sample 73	2	1	9	68630	37	3.75															
G1	Sample 73	2	1	10	73230	37	3.74															
G1	Sample 73	2	1	11	77830	37	3.74															
G1	Sample 73	2	1	12	82430	37	3.73															
G1	Sample 73	2	1	13	87040	37	3.73															
G1	Sample 73	2	1	14	91640	37	3.74															
G1	Sample 73	2	1	15	96240	37	3.72															
G2	Sample 74	2	1	1	31610	36.91	3.9															
G2	Sample 74	2	1	2	36240	36.96	3.89															
G2	Sample 74	2	1	3	40830	37	3.89															
G2	Sample 74	2	1	4	45430	36.96	3.88															
G2	Sample 74	2	1	5	50130	37	3.88															
G2	Sample 74	2	1	6	54730	36.96	3.88															
G2	Sample 74	2	1	7	59330	36.96	3.88															
G2	Sample 74	2	1	8	63940	37	3.88															
G2	Sample 74	2	1	9	68630	37	3.88															
G2	Sample 74	2	1	10	73230	37	3.86															
G2	Sample 74	2	1	11	77830	37	3.87															
G2	Sample 74	2	1	12	82430	37	3.88															
G2	Sample 74	2	1	13	87040	37	3.86															
G2	Sample 74	2	1	14	91640	37	3.86															
G2	Sample 74	2	1	15	96240	37	3.84															
G3	Sample 75	2	1	1	31610	36.91	4.12															
G3	Sample 75	2	1	2	36240	36.96	4.11															
G3	Sample 75	2	1	3	40830	37	4.13															
G3	Sample 75	2	1	4	45430	36.96	4.11															
G3	Sample 75	2	1	5	50130	37	4.1															
G3	Sample 75	2	1	6	54730	36.96	4.1															
G3	Sample 75	2	1	7	59330	36.96	4.1															
G3	Sample 75	2	1	8	63940	37	4.1															
G3	Sample 75	2	1	9	68630	37	4.09															
G3	Sample 75	2	1	10	73230	37	4.1															
G3	Sample 75	2	1	11	77830	37	4.09															
G3	Sample 75	2	1	12	82430	37	4.09															
G3	Sample 75	2	1	13	87040	37	4.09															
G3	Sample 75	2	1	14	91640	37	4.09															
G3	Sample 75	2	1	15	96240	37	4.06															
G4	Sample 76	2	1	1	31610	36.91	4.22															
G4	Sample 76	2	1	2	36240	36.96	4.23															
G4	Sample 76	2	1	3	40830	37	4.22															
G4	Sample 76	2	1	4	45430	36.96	4.22															
G4	Sample 76	2	1	5	50130	37	4.19															
G4	Sample 76	2	1	6	54730	36.96	4.2															
G4	Sample 76	2	1	7	59330	36.96	4.19															
G4	Sample 76	2	1	8	63940	37	4.2															
G4	Sample 76	2	1	9	68630	37	4.19															
G4	Sample 76	2	1	10	73230	37	4.21															
G4	Sample 76	2	1	11	77830	37	4.2															
G4	Sample 76	2	1	12	82430	37	4.19															
G4	Sample 76	2	1	13	87040	37	4.19															
G4	Sample 76	2	1	14	91640	37	4.18															
G4	Sample 76	2	1	15	96240	37	4.19															
G5	Sample 77	2	1	1	31610	36.91	3.33															
G5	Sample 77	2	1	2	36240	36.96	3.33															
G5	Sample 77	2	1	3	40830	37	3.33															
G5	Sample 77	2	1	4	45430	36.96	3.32															
G5	Sample 77	2	1	5	50130	37	3.31															
G5	Sample 77	2	1	6	54730	36.96	3.3															
G5	Sample 77	2	1	7	59330	36.96	3.3															
G5	Sample 77	2	1	8	63940	37	3.31															
G5	Sample 77	2	1	9	68630	37	3.3															
G5	Sample 77	2	1	10	73230	37	3.3															
G5	Sample 77	2	1	11	77830	37	3.31															
G5	Sample 77	2	1	12	82430	37	3.29															
G5	Sample 77	2	1	13	87040	37	3.3															
G5	Sample 77	2	1	14	91640	37	3.31															
G5	Sample 77	2	1	15	96240	37	3.29															
G6	Sample 78	2	1	1	31610	36.91	3.29															
G6	Sample 78	2	1	2	36240	36.96	3.29															
G6	Sample 78	2	1	3	40830	37	3.28															
G6	Sample 78	2	1	4	45430	36.96	3.27															
G6	Sample 78	2	1	5	50130	37	3.27															
G6	Sample 78	2	1	6	54730	36.96	3.27															
G6	Sample 78	2	1	7	59330	36.96	3.25															
G6	Sample 78	2	1	8	63940	37	3.26															
G6	Sample 78	2	1	9	68630	37	3.26															
G6	Sample 78	2	1	10	73230	37	3.26															
G6	Sample 78	2	1	11	77830	37	3.26															
G6	Sample 78	2	1	12	82430	37	3.24															
G6	Sample 78	2	1	13	87040	37	3.26															
G6	Sample 78	2	1	14	91640	37	3.24															
G6	Sample 78	2	1	15	96240	37	3.25															
G7	Sample 79	2	1	1	31610	36.91	3.24															
G7	Sample 79	2	1	2	36240	36.96	3.23															
G7	Sample 79	2	1	3	40830	37	3.26															
G7	Sample 79	2	1	4	45430	36.96	3.23															
G7	Sample 79	2	1	5	50130	37	3.23															
G7	Sample 79	2	1	6	54730	36.96	3.22															
G7	Sample 79	2	1	7	59330	36.96	3.22															
G7	Sample 79	2	1	8	63940	37	3.22															
G7	Sample 79	2	1	9	68630	37	3.21															
G7	Sample 79	2	1	10	73230	37	3.23															
G7	Sample 79	2	1	11	77830	37	3.23															
G7	Sample 79	2	1	12	82430	37	3.22															
G7	Sample 79	2	1	13	87040	37	3.2															
G7	Sample 79	2	1	14	91640	37	3.2															
G7	Sample 79	2	1	15	96240	37	3.21															
G8	Sample 80	2	1	1	31610	36.91	3.18															
G8	Sample 80	2	1	2	36240	36.96	3.19															
G8	Sample 80	2	1	3	40830	37	3.18															
G8	Sample 80	2	1	4	45430	36.96	3.17															
G8	Sample 80	2	1	5	50130	37	3.17															
G8	Sample 80	2	1	6	54730	36.96	3.17															
G8	Sample 80	2	1	7	59330	36.96	3.15															
G8	Sample 80	2	1	8	63940	37	3.17															
G8	Sample 80	2	1	9	68630	37	3.17															
G8	Sample 80	2	1	10	73230	37	3.17															
G8	Sample 80	2	1	11	77830	37	3.17															
G8	Sample 80	2	1	12	82430	37	3.16															
G8	Sample 80	2	1	13	87040	37	3.15															
G8	Sample 80	2	1	14	91640	37	3.15															
G8	Sample 80	2	1	15	96240	37	3.14															
G9	Sample 81	2	1	1	31610	36.91	2.74															
G9	Sample 81	2	1	2	36240	36.96	2.74															
G9	Sample 81	2	1	3	40830	37	2.73															
G9	Sample 81	2	1	4	45430	36.96	2.73															
G9	Sample 81	2	1	5	50130	37	2.72															
G9	Sample 81	2	1	6	54730	36.96	2.72															
G9	Sample 81	2	1	7	59330	36.96	2.72															
G9	Sample 81	2	1	8	63940	37	2.71															
G9	Sample 81	2	1	9	68630	37	2.71															
G9	Sample 81	2	1	10	73230	37	2.72															
G9	Sample 81	2	1	11	77830	37	2.72															
G9	Sample 81	2	1	12	82430	37	2.69															
G9	Sample 81	2	1	13	87040	37	2.71															
G9	Sample 81	2	1	14	91640	37	2.71															
G9	Sample 81	2	1	15	96240	37	2.71															
G10	Sample 82	2	1	1	31610	36.91	2.69															
G10	Sample 82	2	1	2	36240	36.96	2.69															
G10	Sample 82	2	1	3	40830	37	2.71															
G10	Sample 82	2	1	4	45430	36.96	2.68															
G10	Sample 82	2	1	5	50130	37	2.68															
G10	Sample 82	2	1	6	54730	36.96	2.68															
G10	Sample 82	2	1	7	59330	36.96	2.68															
G10	Sample 82	2	1	8	63940	37	2.68															
G10	Sample 82	2	1	9	68630	37	2.67															
G10	Sample 82	2	1	10	73230	37	2.68															
G10	Sample 82	2	1	11	77830	37	2.68															
G10	Sample 82	2	1	12	82430	37	2.66															
G10	Sample 82	2	1	13	87040	37	2.66															
G10	Sample 82	2	1	14	91640	37	2.65															
G10	Sample 82	2	1	15	96240	37	2.65															
G11	Sample 83	2	1	1	31610	36.91	2.94															
G11	Sample 83	2	1	2	36240	36.96	2.95															
G11	Sample 83	2	1	3	40830	37	2.94															
G11	Sample 83	2	1	4	45430	36.96	2.94															
G11	Sample 83	2	1	5	50130	37	2.93															
G11	Sample 83	2	1	6	54730	36.96	2.93															
G11	Sample 83	2	1	7	59330	36.96	2.92															
G11	Sample 83	2	1	8	63940	37	2.93															
G11	Sample 83	2	1	9	68630	37	2.92															
G11	Sample 83	2	1	10	73230	37	2.93															
G11	Sample 83	2	1	11	77830	37	2.92															
G11	Sample 83	2	1	12	82430	37	2.91															
G11	Sample 83	2	1	13	87040	37	2.93															
G11	Sample 83	2	1	14	91640	37	2.92															
G11	Sample 83	2	1	15	96240	37	2.92															
G12	Sample 84	2	1	1	31610	36.91	2.62															
G12	Sample 84	2	1	2	36240	36.96	2.62															
G12	Sample 84	2	1	3	40830	37	2.62															
G12	Sample 84	2	1	4	45430	36.96	2.61															
G12	Sample 84	2	1	5	50130	37	2.6															
G12	Sample 84	2	1	6	54730	36.96	2.61															
G12	Sample 84	2	1	7	59330	36.96	2.61															
G12	Sample 84	2	1	8	63940	37	2.61															
G12	Sample 84	2	1	9	68630	37	2.62															
G12	Sample 84	2	1	10	73230	37	2.61															
G12	Sample 84	2	1	11	77830	37	2.62															
G12	Sample 84	2	1	12	82430	37	2.62															
G12	Sample 84	2	1	13	87040	37	2.6															
G12	Sample 84	2	1	14	91640	37	2.59															
G12	Sample 84	2	1	15	96240	37	2.6															
H1	Sample 85	2	1	1	31610	36.91	3.56															
H1	Sample 85	2	1	2	36240	36.96	3.57															
H1	Sample 85	2	1	3	40830	37	3.58															
H1	Sample 85	2	1	4	45430	36.96	3.55															
H1	Sample 85	2	1	5	50130	37	3.57															
H1	Sample 85	2	1	6	54730	36.96	3.56															
H1	Sample 85	2	1	7	59330	36.96	3.57															
H1	Sample 85	2	1	8	63940	37	3.58															
H1	Sample 85	2	1	9	68630	37	3.57															
H1	Sample 85	2	1	10	73230	37	3.55															
H1	Sample 85	2	1	11	77830	37	3.57															
H1	Sample 85	2	1	12	82430	37	3.56															
H1	Sample 85	2	1	13	87040	37	3.57															
H1	Sample 85	2	1	14	91640	37	3.58															
H1	Sample 85	2	1	15	96240	37	3.56															
H2	Sample 86	2	1	1	31610	36.91	3.73															
H2	Sample 86	2	1	2	36240	36.96	3.73															
H2	Sample 86	2	1	3	40830	37	3.73															
H2	Sample 86	2	1	4	45430	36.96	3.71															
H2	Sample 86	2	1	5	50130	37	3.72															
H2	Sample 86	2	1	6	54730	36.96	3.71															
H2	Sample 86	2	1	7	59330	36.96	3.7															
H2	Sample 86	2	1	8	63940	37	3.71															
H2	Sample 86	2	1	9	68630	37	3.71															
H2	Sample 86	2	1	10	73230	37	3.72															
H2	Sample 86	2	1	11	77830	37	3.73															
H2	Sample 86	2	1	12	82430	37	3.7															
H2	Sample 86	2	1	13	87040	37	3.71															
H2	Sample 86	2	1	14	91640	37	3.71															
H2	Sample 86	2	1	15	96240	37	3.71															
H3	Sample 87	2	1	1	31610	36.91	3.98															
H3	Sample 87	2	1	2	36240	36.96	3.99															
H3	Sample 87	2	1	3	40830	37	4															
H3	Sample 87	2	1	4	45430	36.96	3.98															
H3	Sample 87	2	1	5	50130	37	4															
H3	Sample 87	2	1	6	54730	36.96	3.99															
H3	Sample 87	2	1	7	59330	36.96	4															
H3	Sample 87	2	1	8	63940	37	4.01															
H3	Sample 87	2	1	9	68630	37	3.98															
H3	Sample 87	2	1	10	73230	37	4															
H3	Sample 87	2	1	11	77830	37	3.98															
H3	Sample 87	2	1	12	82430	37	3.99															
H3	Sample 87	2	1	13	87040	37	3.99															
H3	Sample 87	2	1	14	91640	37	3.99															
H3	Sample 87	2	1	15	96240	37	3.99															
H4	Sample 88	2	1	1	31610	36.91	3.94															
H4	Sample 88	2	1	2	36240	36.96	3.95															
H4	Sample 88	2	1	3	40830	37	3.95															
H4	Sample 88	2	1	4	45430	36.96	3.95															
H4	Sample 88	2	1	5	50130	37	3.95															
H4	Sample 88	2	1	6	54730	36.96	3.95															
H4	Sample 88	2	1	7	59330	36.96	3.95															
H4	Sample 88	2	1	8	63940	37	3.95															
H4	Sample 88	2	1	9	68630	37	3.93															
H4	Sample 88	2	1	10	73230	37	3.94															
H4	Sample 88	2	1	11	77830	37	3.94															
H4	Sample 88	2	1	12	82430	37	3.94															
H4	Sample 88	2	1	13	87040	37	3.95															
H4	Sample 88	2	1	14	91640	37	3.95															
H4	Sample 88	2	1	15	96240	37	3.94															
H5	Sample 89	2	1	1	31610	36.91	3.32															
H5	Sample 89	2	1	2	36240	36.96	3.33															
H5	Sample 89	2	1	3	40830	37	3.34															
H5	Sample 89	2	1	4	45430	36.96	3.34															
H5	Sample 89	2	1	5	50130	37	3.34															
H5	Sample 89	2	1	6	54730	36.96	3.34															
H5	Sample 89	2	1	7	59330	36.96	3.35															
H5	Sample 89	2	1	8	63940	37	3.34															
H5	Sample 89	2	1	9	68630	37	3.33															
H5	Sample 89	2	1	10	73230	37	3.35															
H5	Sample 89	2	1	11	77830	37	3.34															
H5	Sample 89	2	1	12	82430	37	3.34															
H5	Sample 89	2	1	13	87040	37	3.34															
H5	Sample 89	2	1	14	91640	37	3.33															
H5	Sample 89	2	1	15	96240	37	3.33															
H6	Sample 90	2	1	1	31610	36.91	3.33															
H6	Sample 90	2	1	2	36240	36.96	3.34															
H6	Sample 90	2	1	3	40830	37	3.33															
H6	Sample 90	2	1	4	45430	36.96	3.34															
H6	Sample 90	2	1	5	50130	37	3.34															
H6	Sample 90	2	1	6	54730	36.96	3.33															
H6	Sample 90	2	1	7	59330	36.96	3.33															
H6	Sample 90	2	1	8	63940	37	3.34															
H6	Sample 90	2	1	9	68630	37	3.32															
H6	Sample 90	2	1	10	73230	37	3.32															
H6	Sample 90	2	1	11	77830	37	3.33															
H6	Sample 90	2	1	12	82430	37	3.33															
H6	Sample 90	2	1	13	87040	37	3.32															
H6	Sample 90	2	1	14	91640	37	3.32															
H6	Sample 90	2	1	15	96240	37	3.32															
H7	Sample 91	2	1	1	31610	36.91	3.29															
H7	Sample 91	2	1	2	36240	36.96	3.31															
H7	Sample 91	2	1	3	40830	37	3.29															
H7	Sample 91	2	1	4	45430	36.96	3.28															
H7	Sample 91	2	1	5	50130	37	3.3															
H7	Sample 91	2	1	6	54730	36.96	3.28															
H7	Sample 91	2	1	7	59330	36.96	3.29															
H7	Sample 91	2	1	8	63940	37	3.3															
H7	Sample 91	2	1	9	68630	37	3.28															
H7	Sample 91	2	1	10	73230	37	3.29															
H7	Sample 91	2	1	11	77830	37	3.3															
H7	Sample 91	2	1	12	82430	37	3.27															
H7	Sample 91	2	1	13	87040	37	3.28															
H7	Sample 91	2	1	14	91640	37	3.29															
H7	Sample 91	2	1	15	96240	37	3.29															
H8	Sample 92	2	1	1	31610	36.91	3.25															
H8	Sample 92	2	1	2	36240	36.96	3.26															
H8	Sample 92	2	1	3	40830	37	3.25															
H8	Sample 92	2	1	4	45430	36.96	3.25															
H8	Sample 92	2	1	5	50130	37	3.25															
H8	Sample 92	2	1	6	54730	36.96	3.26															
H8	Sample 92	2	1	7	59330	36.96	3.24															
H8	Sample 92	2	1	8	63940	37	3.25															
H8	Sample 92	2	1	9	68630	37	3.24															
H8	Sample 92	2	1	10	73230	37	3.24															
H8	Sample 92	2	1	11	77830	37	3.24															
H8	Sample 92	2	1	12	82430	37	3.25															
H8	Sample 92	2	1	13	87040	37	3.24															
H8	Sample 92	2	1	14	91640	37	3.25															
H8	Sample 92	2	1	15	96240	37	3.24															
H9	Sample 93	2	1	1	31610	36.91	2.55															
H9	Sample 93	2	1	2	36240	36.96	2.54															
H9	Sample 93	2	1	3	40830	37	2.55															
H9	Sample 93	2	1	4	45430	36.96	2.55															
H9	Sample 93	2	1	5	50130	37	2.56															
H9	Sample 93	2	1	6	54730	36.96	2.53															
H9	Sample 93	2	1	7	59330	36.96	2.55															
H9	Sample 93	2	1	8	63940	37	2.54															
H9	Sample 93	2	1	9	68630	37	2.53															
H9	Sample 93	2	1	10	73230	37	2.54															
H9	Sample 93	2	1	11	77830	37	2.54															
H9	Sample 93	2	1	12	82430	37	2.52															
H9	Sample 93	2	1	13	87040	37	2.53															
H9	Sample 93	2	1	14	91640	37	2.54															
H9	Sample 93	2	1	15	96240	37	2.55															
H10	Sample 94	2	1	1	31610	36.91	2.55															
H10	Sample 94	2	1	2	36240	36.96	2.54															
H10	Sample 94	2	1	3	40830	37	2.56															
H10	Sample 94	2	1	4	45430	36.96	2.53															
H10	Sample 94	2	1	5	50130	37	2.55															
H10	Sample 94	2	1	6	54730	36.96	2.55															
H10	Sample 94	2	1	7	59330	36.96	2.54															
H10	Sample 94	2	1	8	63940	37	2.55															
H10	Sample 94	2	1	9	68630	37	2.53															
H10	Sample 94	2	1	10	73230	37	2.53															
H10	Sample 94	2	1	11	77830	37	2.54															
H10	Sample 94	2	1	12	82430	37	2.52															
H10	Sample 94	2	1	13	87040	37	2.54															
H10	Sample 94	2	1	14	91640	37	2.52															
H10	Sample 94	2	1	15	96240	37	2.53															
H11	Sample 95	2	1	1	31610	36.91	2.42															
H11	Sample 95	2	1	2	36240	36.96	2.43															
H11	Sample 95	2	1	3	40830	37	2.43															
H11	Sample 95	2	1	4	45430	36.96	2.43															
H11	Sample 95	2	1	5	50130	37	2.44															
H11	Sample 95	2	1	6	54730	36.96	2.41															
H11	Sample 95	2	1	7	59330	36.96	2.41															
H11	Sample 95	2	1	8	63940	37	2.43															
H11	Sample 95	2	1	9	68630	37	2.42															
H11	Sample 95	2	1	10	73230	37	2.42															
H11	Sample 95	2	1	11	77830	37	2.43															
H11	Sample 95	2	1	12	82430	37	2.43															
H11	Sample 95	2	1	13	87040	37	2.43															
H11	Sample 95	2	1	14	91640	37	2.42															
H11	Sample 95	2	1	15	96240	37	2.42															
H12	Sample 96	2	1	1	31610	36.91	2.41															
H12	Sample 96	2	1	2	36240	36.96	2.42															
H12	Sample 96	2	1	3	40830	37	2.43															
H12	Sample 96	2	1	4	45430	36.96	2.42															
H12	Sample 96	2	1	5	50130	37	2.42															
H12	Sample 96	2	1	6	54730	36.96	2.42															
H12	Sample 96	2	1	7	59330	36.96	2.42															
H12	Sample 96	2	1	8	63940	37	2.43															
H12	Sample 96	2	1	9	68630	37	2.42															
H12	Sample 96	2	1	10	73230	37	2.42															
H12	Sample 96	2	1	11	77830	37	2.42															
H12	Sample 96	2	1	12	82430	37	2.41															
H12	Sample 96	2	1	13	87040	37	2.42															
H12	Sample 96	2	1	14	91640	37	2.43															
H12	Sample 96	2	1	15	96240	37	2.43															
