Raw Data 		Experiment - evIC50_11_plate4_24APRIL2026 (Run on LCS480 1.5.1.62)
SamplePos	SampleName	Prog#	Seg#	Cycle#	Time	Temp	465-510	
A1	Sample 1	2	1	1	32470	36.91	0.68
A1	Sample 1	2	1	2	37500	36.96	0.68
A1	Sample 1	2	1	3	42490	37	0.67
A1	Sample 1	2	1	4	47500	37	0.67
A1	Sample 1	2	1	5	52500	36.96	0.66
A1	Sample 1	2	1	6	57500	37	0.66
A1	Sample 1	2	1	7	62490	37	0.66
A1	Sample 1	2	1	8	67480	37	0.66
A1	Sample 1	2	1	9	72490	37	0.66
A1	Sample 1	2	1	10	77490	37	0.67
A1	Sample 1	2	1	11	82490	36.96	0.66
A1	Sample 1	2	1	12	87490	37	0.65
A1	Sample 1	2	1	13	92490	36.96	0.66
A1	Sample 1	2	1	14	97500	37	0.67
A1	Sample 1	2	1	15	102500	37	0.66
A2	Sample 2	2	1	1	32470	36.91	0.69
A2	Sample 2	2	1	2	37500	36.96	0.69
A2	Sample 2	2	1	3	42490	37	0.69
A2	Sample 2	2	1	4	47500	37	0.69
A2	Sample 2	2	1	5	52500	36.96	0.68
A2	Sample 2	2	1	6	57500	37	0.68
A2	Sample 2	2	1	7	62490	37	0.68
A2	Sample 2	2	1	8	67480	37	0.68
A2	Sample 2	2	1	9	72490	37	0.67
A2	Sample 2	2	1	10	77490	37	0.68
A2	Sample 2	2	1	11	82490	36.96	0.67
A2	Sample 2	2	1	12	87490	37	0.67
A2	Sample 2	2	1	13	92490	36.96	0.68
A2	Sample 2	2	1	14	97500	37	0.67
A2	Sample 2	2	1	15	102500	37	0.68
A3	Sample 3	2	1	1	32470	36.91	0.76
A3	Sample 3	2	1	2	37500	36.96	0.75
A3	Sample 3	2	1	3	42490	37	0.74
A3	Sample 3	2	1	4	47500	37	0.74
A3	Sample 3	2	1	5	52500	36.96	0.74
A3	Sample 3	2	1	6	57500	37	0.73
A3	Sample 3	2	1	7	62490	37	0.73
A3	Sample 3	2	1	8	67480	37	0.73
A3	Sample 3	2	1	9	72490	37	0.73
A3	Sample 3	2	1	10	77490	37	0.73
A3	Sample 3	2	1	11	82490	36.96	0.74
A3	Sample 3	2	1	12	87490	37	0.73
A3	Sample 3	2	1	13	92490	36.96	0.73
A3	Sample 3	2	1	14	97500	37	0.73
A3	Sample 3	2	1	15	102500	37	0.73
A4	Sample 4	2	1	1	32470	36.91	0.79
A4	Sample 4	2	1	2	37500	36.96	0.78
A4	Sample 4	2	1	3	42490	37	0.78
A4	Sample 4	2	1	4	47500	37	0.77
A4	Sample 4	2	1	5	52500	36.96	0.78
A4	Sample 4	2	1	6	57500	37	0.76
A4	Sample 4	2	1	7	62490	37	0.76
A4	Sample 4	2	1	8	67480	37	0.76
A4	Sample 4	2	1	9	72490	37	0.76
A4	Sample 4	2	1	10	77490	37	0.77
A4	Sample 4	2	1	11	82490	36.96	0.76
A4	Sample 4	2	1	12	87490	37	0.75
A4	Sample 4	2	1	13	92490	36.96	0.76
A4	Sample 4	2	1	14	97500	37	0.76
A4	Sample 4	2	1	15	102500	37	0.76
A5	Sample 5	2	1	1	32470	36.91	0.86
A5	Sample 5	2	1	2	37500	36.96	0.84
A5	Sample 5	2	1	3	42490	37	0.84
A5	Sample 5	2	1	4	47500	37	0.83
A5	Sample 5	2	1	5	52500	36.96	0.84
A5	Sample 5	2	1	6	57500	37	0.83
A5	Sample 5	2	1	7	62490	37	0.83
A5	Sample 5	2	1	8	67480	37	0.82
A5	Sample 5	2	1	9	72490	37	0.82
A5	Sample 5	2	1	10	77490	37	0.82
A5	Sample 5	2	1	11	82490	36.96	0.82
A5	Sample 5	2	1	12	87490	37	0.81
A5	Sample 5	2	1	13	92490	36.96	0.82
A5	Sample 5	2	1	14	97500	37	0.82
A5	Sample 5	2	1	15	102500	37	0.82
A6	Sample 6	2	1	1	32470	36.91	0.85
A6	Sample 6	2	1	2	37500	36.96	0.83
A6	Sample 6	2	1	3	42490	37	0.83
A6	Sample 6	2	1	4	47500	37	0.83
A6	Sample 6	2	1	5	52500	36.96	0.83
A6	Sample 6	2	1	6	57500	37	0.82
A6	Sample 6	2	1	7	62490	37	0.82
A6	Sample 6	2	1	8	67480	37	0.81
A6	Sample 6	2	1	9	72490	37	0.82
A6	Sample 6	2	1	10	77490	37	0.82
A6	Sample 6	2	1	11	82490	36.96	0.81
A6	Sample 6	2	1	12	87490	37	0.81
A6	Sample 6	2	1	13	92490	36.96	0.82
A6	Sample 6	2	1	14	97500	37	0.82
A6	Sample 6	2	1	15	102500	37	0.83
A7	Sample 7	2	1	1	32470	36.91	0.87
A7	Sample 7	2	1	2	37500	36.96	0.86
A7	Sample 7	2	1	3	42490	37	0.85
A7	Sample 7	2	1	4	47500	37	0.85
A7	Sample 7	2	1	5	52500	36.96	0.85
A7	Sample 7	2	1	6	57500	37	0.85
A7	Sample 7	2	1	7	62490	37	0.85
A7	Sample 7	2	1	8	67480	37	0.85
A7	Sample 7	2	1	9	72490	37	0.84
A7	Sample 7	2	1	10	77490	37	0.85
A7	Sample 7	2	1	11	82490	36.96	0.85
A7	Sample 7	2	1	12	87490	37	0.84
A7	Sample 7	2	1	13	92490	36.96	0.84
A7	Sample 7	2	1	14	97500	37	0.84
A7	Sample 7	2	1	15	102500	37	0.85
A8	Sample 8	2	1	1	32470	36.91	0.84
A8	Sample 8	2	1	2	37500	36.96	0.83
A8	Sample 8	2	1	3	42490	37	0.83
A8	Sample 8	2	1	4	47500	37	0.83
A8	Sample 8	2	1	5	52500	36.96	0.82
A8	Sample 8	2	1	6	57500	37	0.82
A8	Sample 8	2	1	7	62490	37	0.81
A8	Sample 8	2	1	8	67480	37	0.81
A8	Sample 8	2	1	9	72490	37	0.81
A8	Sample 8	2	1	10	77490	37	0.82
A8	Sample 8	2	1	11	82490	36.96	0.81
A8	Sample 8	2	1	12	87490	37	0.81
A8	Sample 8	2	1	13	92490	36.96	0.81
A8	Sample 8	2	1	14	97500	37	0.81
A8	Sample 8	2	1	15	102500	37	0.82
A9	Sample 9	2	1	1	32470	36.91	2.55
A9	Sample 9	2	1	2	37500	36.96	2.51
A9	Sample 9	2	1	3	42490	37	2.49
A9	Sample 9	2	1	4	47500	37	2.49
A9	Sample 9	2	1	5	52500	36.96	2.47
A9	Sample 9	2	1	6	57500	37	2.47
A9	Sample 9	2	1	7	62490	37	2.47
A9	Sample 9	2	1	8	67480	37	2.46
A9	Sample 9	2	1	9	72490	37	2.46
A9	Sample 9	2	1	10	77490	37	2.46
A9	Sample 9	2	1	11	82490	36.96	2.44
A9	Sample 9	2	1	12	87490	37	2.45
A9	Sample 9	2	1	13	92490	36.96	2.45
A9	Sample 9	2	1	14	97500	37	2.45
A9	Sample 9	2	1	15	102500	37	2.46
A10	Sample 10	2	1	1	32470	36.91	2.51
A10	Sample 10	2	1	2	37500	36.96	2.49
A10	Sample 10	2	1	3	42490	37	2.48
A10	Sample 10	2	1	4	47500	37	2.45
A10	Sample 10	2	1	5	52500	36.96	2.44
A10	Sample 10	2	1	6	57500	37	2.44
A10	Sample 10	2	1	7	62490	37	2.43
A10	Sample 10	2	1	8	67480	37	2.43
A10	Sample 10	2	1	9	72490	37	2.42
A10	Sample 10	2	1	10	77490	37	2.42
A10	Sample 10	2	1	11	82490	36.96	2.41
A10	Sample 10	2	1	12	87490	37	2.41
A10	Sample 10	2	1	13	92490	36.96	2.41
A10	Sample 10	2	1	14	97500	37	2.42
A10	Sample 10	2	1	15	102500	37	2.41
A11	Sample 11	2	1	1	32470	36.91	2.49
A11	Sample 11	2	1	2	37500	36.96	2.46
A11	Sample 11	2	1	3	42490	37	2.45
A11	Sample 11	2	1	4	47500	37	2.44
A11	Sample 11	2	1	5	52500	36.96	2.43
A11	Sample 11	2	1	6	57500	37	2.42
A11	Sample 11	2	1	7	62490	37	2.40
A11	Sample 11	2	1	8	67480	37	2.40
A11	Sample 11	2	1	9	72490	37	2.39
A11	Sample 11	2	1	10	77490	37	2.40
A11	Sample 11	2	1	11	82490	36.96	2.39
A11	Sample 11	2	1	12	87490	37	2.39
A11	Sample 11	2	1	13	92490	36.96	2.40
A11	Sample 11	2	1	14	97500	37	2.40
A11	Sample 11	2	1	15	102500	37	2.41
A12	Sample 12	2	1	1	32470	36.91	2.31
A12	Sample 12	2	1	2	37500	36.96	2.29
A12	Sample 12	2	1	3	42490	37	2.28
A12	Sample 12	2	1	4	47500	37	2.26
A12	Sample 12	2	1	5	52500	36.96	2.25
A12	Sample 12	2	1	6	57500	37	2.24
A12	Sample 12	2	1	7	62490	37	2.23
A12	Sample 12	2	1	8	67480	37	2.23
A12	Sample 12	2	1	9	72490	37	2.23
A12	Sample 12	2	1	10	77490	37	2.23
A12	Sample 12	2	1	11	82490	36.96	2.23
A12	Sample 12	2	1	12	87490	37	2.22
A12	Sample 12	2	1	13	92490	36.96	2.23
A12	Sample 12	2	1	14	97500	37	2.23
A12	Sample 12	2	1	15	102500	37	2.23
B1	Sample 13	2	1	1	32470	36.91	0.62
B1	Sample 13	2	1	2	37500	36.96	0.61
B1	Sample 13	2	1	3	42490	37	0.61
B1	Sample 13	2	1	4	47500	37	0.61
B1	Sample 13	2	1	5	52500	36.96	0.61
B1	Sample 13	2	1	6	57500	37	0.61
B1	Sample 13	2	1	7	62490	37	0.61
B1	Sample 13	2	1	8	67480	37	0.61
B1	Sample 13	2	1	9	72490	37	0.61
B1	Sample 13	2	1	10	77490	37	0.60
B1	Sample 13	2	1	11	82490	36.96	0.61
B1	Sample 13	2	1	12	87490	37	0.60
B1	Sample 13	2	1	13	92490	36.96	0.61
B1	Sample 13	2	1	14	97500	37	0.61
B1	Sample 13	2	1	15	102500	37	0.61
B2	Sample 14	2	1	1	32470	36.91	0.64
B2	Sample 14	2	1	2	37500	36.96	0.64
B2	Sample 14	2	1	3	42490	37	0.63
B2	Sample 14	2	1	4	47500	37	0.63
B2	Sample 14	2	1	5	52500	36.96	0.63
B2	Sample 14	2	1	6	57500	37	0.63
B2	Sample 14	2	1	7	62490	37	0.62
B2	Sample 14	2	1	8	67480	37	0.63
B2	Sample 14	2	1	9	72490	37	0.62
B2	Sample 14	2	1	10	77490	37	0.62
B2	Sample 14	2	1	11	82490	36.96	0.62
B2	Sample 14	2	1	12	87490	37	0.61
B2	Sample 14	2	1	13	92490	36.96	0.62
B2	Sample 14	2	1	14	97500	37	0.61
B2	Sample 14	2	1	15	102500	37	0.62
B3	Sample 15	2	1	1	32470	36.91	0.71
B3	Sample 15	2	1	2	37500	36.96	0.70
B3	Sample 15	2	1	3	42490	37	0.70
B3	Sample 15	2	1	4	47500	37	0.69
B3	Sample 15	2	1	5	52500	36.96	0.70
B3	Sample 15	2	1	6	57500	37	0.69
B3	Sample 15	2	1	7	62490	37	0.68
B3	Sample 15	2	1	8	67480	37	0.69
B3	Sample 15	2	1	9	72490	37	0.69
B3	Sample 15	2	1	10	77490	37	0.69
B3	Sample 15	2	1	11	82490	36.96	0.69
B3	Sample 15	2	1	12	87490	37	0.68
B3	Sample 15	2	1	13	92490	36.96	0.69
B3	Sample 15	2	1	14	97500	37	0.69
B3	Sample 15	2	1	15	102500	37	0.69
B4	Sample 16	2	1	1	32470	36.91	0.71
B4	Sample 16	2	1	2	37500	36.96	0.71
B4	Sample 16	2	1	3	42490	37	0.70
B4	Sample 16	2	1	4	47500	37	0.70
B4	Sample 16	2	1	5	52500	36.96	0.70
B4	Sample 16	2	1	6	57500	37	0.70
B4	Sample 16	2	1	7	62490	37	0.69
B4	Sample 16	2	1	8	67480	37	0.69
B4	Sample 16	2	1	9	72490	37	0.69
B4	Sample 16	2	1	10	77490	37	0.69
B4	Sample 16	2	1	11	82490	36.96	0.69
B4	Sample 16	2	1	12	87490	37	0.69
B4	Sample 16	2	1	13	92490	36.96	0.69
B4	Sample 16	2	1	14	97500	37	0.69
B4	Sample 16	2	1	15	102500	37	0.70
B5	Sample 17	2	1	1	32470	36.91	0.78
B5	Sample 17	2	1	2	37500	36.96	0.77
B5	Sample 17	2	1	3	42490	37	0.77
B5	Sample 17	2	1	4	47500	37	0.76
B5	Sample 17	2	1	5	52500	36.96	0.76
B5	Sample 17	2	1	6	57500	37	0.76
B5	Sample 17	2	1	7	62490	37	0.75
B5	Sample 17	2	1	8	67480	37	0.76
B5	Sample 17	2	1	9	72490	37	0.75
B5	Sample 17	2	1	10	77490	37	0.75
B5	Sample 17	2	1	11	82490	36.96	0.76
B5	Sample 17	2	1	12	87490	37	0.75
B5	Sample 17	2	1	13	92490	36.96	0.75
B5	Sample 17	2	1	14	97500	37	0.76
B5	Sample 17	2	1	15	102500	37	0.76
B6	Sample 18	2	1	1	32470	36.91	0.80
B6	Sample 18	2	1	2	37500	36.96	0.79
B6	Sample 18	2	1	3	42490	37	0.79
B6	Sample 18	2	1	4	47500	37	0.78
B6	Sample 18	2	1	5	52500	36.96	0.78
B6	Sample 18	2	1	6	57500	37	0.78
B6	Sample 18	2	1	7	62490	37	0.77
B6	Sample 18	2	1	8	67480	37	0.78
B6	Sample 18	2	1	9	72490	37	0.77
B6	Sample 18	2	1	10	77490	37	0.77
B6	Sample 18	2	1	11	82490	36.96	0.77
B6	Sample 18	2	1	12	87490	37	0.77
B6	Sample 18	2	1	13	92490	36.96	0.77
B6	Sample 18	2	1	14	97500	37	0.77
B6	Sample 18	2	1	15	102500	37	0.78
B7	Sample 19	2	1	1	32470	36.91	0.81
B7	Sample 19	2	1	2	37500	36.96	0.81
B7	Sample 19	2	1	3	42490	37	0.80
B7	Sample 19	2	1	4	47500	37	0.79
B7	Sample 19	2	1	5	52500	36.96	0.80
B7	Sample 19	2	1	6	57500	37	0.79
B7	Sample 19	2	1	7	62490	37	0.78
B7	Sample 19	2	1	8	67480	37	0.79
B7	Sample 19	2	1	9	72490	37	0.79
B7	Sample 19	2	1	10	77490	37	0.79
B7	Sample 19	2	1	11	82490	36.96	0.79
B7	Sample 19	2	1	12	87490	37	0.78
B7	Sample 19	2	1	13	92490	36.96	0.78
B7	Sample 19	2	1	14	97500	37	0.78
B7	Sample 19	2	1	15	102500	37	0.80
B8	Sample 20	2	1	1	32470	36.91	0.78
B8	Sample 20	2	1	2	37500	36.96	0.76
B8	Sample 20	2	1	3	42490	37	0.76
B8	Sample 20	2	1	4	47500	37	0.75
B8	Sample 20	2	1	5	52500	36.96	0.76
B8	Sample 20	2	1	6	57500	37	0.75
B8	Sample 20	2	1	7	62490	37	0.75
B8	Sample 20	2	1	8	67480	37	0.75
B8	Sample 20	2	1	9	72490	37	0.75
B8	Sample 20	2	1	10	77490	37	0.75
B8	Sample 20	2	1	11	82490	36.96	0.75
B8	Sample 20	2	1	12	87490	37	0.75
B8	Sample 20	2	1	13	92490	36.96	0.75
B8	Sample 20	2	1	14	97500	37	0.75
B8	Sample 20	2	1	15	102500	37	0.75
B9	Sample 21	2	1	1	32470	36.91	2.46
B9	Sample 21	2	1	2	37500	36.96	2.43
B9	Sample 21	2	1	3	42490	37	2.40
B9	Sample 21	2	1	4	47500	37	2.39
B9	Sample 21	2	1	5	52500	36.96	2.39
B9	Sample 21	2	1	6	57500	37	2.37
B9	Sample 21	2	1	7	62490	37	2.37
B9	Sample 21	2	1	8	67480	37	2.37
B9	Sample 21	2	1	9	72490	37	2.36
B9	Sample 21	2	1	10	77490	37	2.35
B9	Sample 21	2	1	11	82490	36.96	2.36
B9	Sample 21	2	1	12	87490	37	2.35
B9	Sample 21	2	1	13	92490	36.96	2.36
B9	Sample 21	2	1	14	97500	37	2.36
B9	Sample 21	2	1	15	102500	37	2.35
B10	Sample 22	2	1	1	32470	36.91	2.51
B10	Sample 22	2	1	2	37500	36.96	2.47
B10	Sample 22	2	1	3	42490	37	2.45
B10	Sample 22	2	1	4	47500	37	2.44
B10	Sample 22	2	1	5	52500	36.96	2.44
B10	Sample 22	2	1	6	57500	37	2.43
B10	Sample 22	2	1	7	62490	37	2.41
B10	Sample 22	2	1	8	67480	37	2.42
B10	Sample 22	2	1	9	72490	37	2.42
B10	Sample 22	2	1	10	77490	37	2.41
B10	Sample 22	2	1	11	82490	36.96	2.41
B10	Sample 22	2	1	12	87490	37	2.40
B10	Sample 22	2	1	13	92490	36.96	2.41
B10	Sample 22	2	1	14	97500	37	2.41
B10	Sample 22	2	1	15	102500	37	2.42
B11	Sample 23	2	1	1	32470	36.91	2.56
B11	Sample 23	2	1	2	37500	36.96	2.53
B11	Sample 23	2	1	3	42490	37	2.52
B11	Sample 23	2	1	4	47500	37	2.50
B11	Sample 23	2	1	5	52500	36.96	2.50
B11	Sample 23	2	1	6	57500	37	2.48
B11	Sample 23	2	1	7	62490	37	2.47
B11	Sample 23	2	1	8	67480	37	2.48
B11	Sample 23	2	1	9	72490	37	2.47
B11	Sample 23	2	1	10	77490	37	2.46
B11	Sample 23	2	1	11	82490	36.96	2.46
B11	Sample 23	2	1	12	87490	37	2.47
B11	Sample 23	2	1	13	92490	36.96	2.47
B11	Sample 23	2	1	14	97500	37	2.46
B11	Sample 23	2	1	15	102500	37	2.47
B12	Sample 24	2	1	1	32470	36.91	2.38
B12	Sample 24	2	1	2	37500	36.96	2.35
B12	Sample 24	2	1	3	42490	37	2.33
B12	Sample 24	2	1	4	47500	37	2.32
B12	Sample 24	2	1	5	52500	36.96	2.31
B12	Sample 24	2	1	6	57500	37	2.30
B12	Sample 24	2	1	7	62490	37	2.29
B12	Sample 24	2	1	8	67480	37	2.31
B12	Sample 24	2	1	9	72490	37	2.29
B12	Sample 24	2	1	10	77490	37	2.29
B12	Sample 24	2	1	11	82490	36.96	2.28
B12	Sample 24	2	1	12	87490	37	2.28
B12	Sample 24	2	1	13	92490	36.96	2.28
B12	Sample 24	2	1	14	97500	37	2.28
B12	Sample 24	2	1	15	102500	37	2.28
C1	Sample 25	2	1	1	32470	36.91	0.67
C1	Sample 25	2	1	2	37500	36.96	0.66
C1	Sample 25	2	1	3	42490	37	0.66
C1	Sample 25	2	1	4	47500	37	0.65
C1	Sample 25	2	1	5	52500	36.96	0.65
C1	Sample 25	2	1	6	57500	37	0.65
C1	Sample 25	2	1	7	62490	37	0.64
C1	Sample 25	2	1	8	67480	37	0.65
C1	Sample 25	2	1	9	72490	37	0.64
C1	Sample 25	2	1	10	77490	37	0.64
C1	Sample 25	2	1	11	82490	36.96	0.65
C1	Sample 25	2	1	12	87490	37	0.64
C1	Sample 25	2	1	13	92490	36.96	0.64
C1	Sample 25	2	1	14	97500	37	0.64
C1	Sample 25	2	1	15	102500	37	0.64
C2	Sample 26	2	1	1	32470	36.91	0.68
C2	Sample 26	2	1	2	37500	36.96	0.67
C2	Sample 26	2	1	3	42490	37	0.67
C2	Sample 26	2	1	4	47500	37	0.67
C2	Sample 26	2	1	5	52500	36.96	0.67
C2	Sample 26	2	1	6	57500	37	0.67
C2	Sample 26	2	1	7	62490	37	0.66
C2	Sample 26	2	1	8	67480	37	0.66
C2	Sample 26	2	1	9	72490	37	0.66
C2	Sample 26	2	1	10	77490	37	0.67
C2	Sample 26	2	1	11	82490	36.96	0.66
C2	Sample 26	2	1	12	87490	37	0.66
C2	Sample 26	2	1	13	92490	36.96	0.66
C2	Sample 26	2	1	14	97500	37	0.66
C2	Sample 26	2	1	15	102500	37	0.66
C3	Sample 27	2	1	1	32470	36.91	0.71
C3	Sample 27	2	1	2	37500	36.96	0.70
C3	Sample 27	2	1	3	42490	37	0.70
C3	Sample 27	2	1	4	47500	37	0.69
C3	Sample 27	2	1	5	52500	36.96	0.69
C3	Sample 27	2	1	6	57500	37	0.69
C3	Sample 27	2	1	7	62490	37	0.68
C3	Sample 27	2	1	8	67480	37	0.69
C3	Sample 27	2	1	9	72490	37	0.68
C3	Sample 27	2	1	10	77490	37	0.69
C3	Sample 27	2	1	11	82490	36.96	0.68
C3	Sample 27	2	1	12	87490	37	0.68
C3	Sample 27	2	1	13	92490	36.96	0.69
C3	Sample 27	2	1	14	97500	37	0.69
C3	Sample 27	2	1	15	102500	37	0.69
C4	Sample 28	2	1	1	32470	36.91	0.70
C4	Sample 28	2	1	2	37500	36.96	0.70
C4	Sample 28	2	1	3	42490	37	0.69
C4	Sample 28	2	1	4	47500	37	0.69
C4	Sample 28	2	1	5	52500	36.96	0.69
C4	Sample 28	2	1	6	57500	37	0.69
C4	Sample 28	2	1	7	62490	37	0.68
C4	Sample 28	2	1	8	67480	37	0.69
C4	Sample 28	2	1	9	72490	37	0.68
C4	Sample 28	2	1	10	77490	37	0.69
C4	Sample 28	2	1	11	82490	36.96	0.68
C4	Sample 28	2	1	12	87490	37	0.68
C4	Sample 28	2	1	13	92490	36.96	0.69
C4	Sample 28	2	1	14	97500	37	0.69
C4	Sample 28	2	1	15	102500	37	0.68
C5	Sample 29	2	1	1	32470	36.91	0.80
C5	Sample 29	2	1	2	37500	36.96	0.80
C5	Sample 29	2	1	3	42490	37	0.79
C5	Sample 29	2	1	4	47500	37	0.79
C5	Sample 29	2	1	5	52500	36.96	0.78
C5	Sample 29	2	1	6	57500	37	0.78
C5	Sample 29	2	1	7	62490	37	0.78
C5	Sample 29	2	1	8	67480	37	0.78
C5	Sample 29	2	1	9	72490	37	0.78
C5	Sample 29	2	1	10	77490	37	0.78
C5	Sample 29	2	1	11	82490	36.96	0.78
C5	Sample 29	2	1	12	87490	37	0.78
C5	Sample 29	2	1	13	92490	36.96	0.78
C5	Sample 29	2	1	14	97500	37	0.78
C5	Sample 29	2	1	15	102500	37	0.79
C6	Sample 30	2	1	1	32470	36.91	0.83
C6	Sample 30	2	1	2	37500	36.96	0.82
C6	Sample 30	2	1	3	42490	37	0.82
C6	Sample 30	2	1	4	47500	37	0.82
C6	Sample 30	2	1	5	52500	36.96	0.82
C6	Sample 30	2	1	6	57500	37	0.81
C6	Sample 30	2	1	7	62490	37	0.80
C6	Sample 30	2	1	8	67480	37	0.81
C6	Sample 30	2	1	9	72490	37	0.81
C6	Sample 30	2	1	10	77490	37	0.81
C6	Sample 30	2	1	11	82490	36.96	0.80
C6	Sample 30	2	1	12	87490	37	0.80
C6	Sample 30	2	1	13	92490	36.96	0.81
C6	Sample 30	2	1	14	97500	37	0.81
C6	Sample 30	2	1	15	102500	37	0.81
C7	Sample 31	2	1	1	32470	36.91	0.87
C7	Sample 31	2	1	2	37500	36.96	0.86
C7	Sample 31	2	1	3	42490	37	0.86
C7	Sample 31	2	1	4	47500	37	0.85
C7	Sample 31	2	1	5	52500	36.96	0.85
C7	Sample 31	2	1	6	57500	37	0.84
C7	Sample 31	2	1	7	62490	37	0.84
C7	Sample 31	2	1	8	67480	37	0.85
C7	Sample 31	2	1	9	72490	37	0.85
C7	Sample 31	2	1	10	77490	37	0.85
C7	Sample 31	2	1	11	82490	36.96	0.85
C7	Sample 31	2	1	12	87490	37	0.85
C7	Sample 31	2	1	13	92490	36.96	0.85
C7	Sample 31	2	1	14	97500	37	0.85
C7	Sample 31	2	1	15	102500	37	0.85
C8	Sample 32	2	1	1	32470	36.91	0.80
C8	Sample 32	2	1	2	37500	36.96	0.79
C8	Sample 32	2	1	3	42490	37	0.79
C8	Sample 32	2	1	4	47500	37	0.78
C8	Sample 32	2	1	5	52500	36.96	0.78
C8	Sample 32	2	1	6	57500	37	0.78
C8	Sample 32	2	1	7	62490	37	0.77
C8	Sample 32	2	1	8	67480	37	0.77
C8	Sample 32	2	1	9	72490	37	0.77
C8	Sample 32	2	1	10	77490	37	0.78
C8	Sample 32	2	1	11	82490	36.96	0.77
C8	Sample 32	2	1	12	87490	37	0.77
C8	Sample 32	2	1	13	92490	36.96	0.78
C8	Sample 32	2	1	14	97500	37	0.77
C8	Sample 32	2	1	15	102500	37	0.77
C9	Sample 33	2	1	1	32470	36.91	2.52
C9	Sample 33	2	1	2	37500	36.96	2.49
C9	Sample 33	2	1	3	42490	37	2.47
C9	Sample 33	2	1	4	47500	37	2.46
C9	Sample 33	2	1	5	52500	36.96	2.45
C9	Sample 33	2	1	6	57500	37	2.44
C9	Sample 33	2	1	7	62490	37	2.43
C9	Sample 33	2	1	8	67480	37	2.42
C9	Sample 33	2	1	9	72490	37	2.42
C9	Sample 33	2	1	10	77490	37	2.42
C9	Sample 33	2	1	11	82490	36.96	2.42
C9	Sample 33	2	1	12	87490	37	2.42
C9	Sample 33	2	1	13	92490	36.96	2.42
C9	Sample 33	2	1	14	97500	37	2.42
C9	Sample 33	2	1	15	102500	37	2.42
C10	Sample 34	2	1	1	32470	36.91	2.52
C10	Sample 34	2	1	2	37500	36.96	2.50
C10	Sample 34	2	1	3	42490	37	2.47
C10	Sample 34	2	1	4	47500	37	2.45
C10	Sample 34	2	1	5	52500	36.96	2.44
C10	Sample 34	2	1	6	57500	37	2.44
C10	Sample 34	2	1	7	62490	37	2.43
C10	Sample 34	2	1	8	67480	37	2.43
C10	Sample 34	2	1	9	72490	37	2.42
C10	Sample 34	2	1	10	77490	37	2.42
C10	Sample 34	2	1	11	82490	36.96	2.42
C10	Sample 34	2	1	12	87490	37	2.41
C10	Sample 34	2	1	13	92490	36.96	2.41
C10	Sample 34	2	1	14	97500	37	2.43
C10	Sample 34	2	1	15	102500	37	2.41
C11	Sample 35	2	1	1	32470	36.91	2.48
C11	Sample 35	2	1	2	37500	36.96	2.46
C11	Sample 35	2	1	3	42490	37	2.44
C11	Sample 35	2	1	4	47500	37	2.43
C11	Sample 35	2	1	5	52500	36.96	2.41
C11	Sample 35	2	1	6	57500	37	2.41
C11	Sample 35	2	1	7	62490	37	2.40
C11	Sample 35	2	1	8	67480	37	2.40
C11	Sample 35	2	1	9	72490	37	2.39
C11	Sample 35	2	1	10	77490	37	2.40
C11	Sample 35	2	1	11	82490	36.96	2.40
C11	Sample 35	2	1	12	87490	37	2.40
C11	Sample 35	2	1	13	92490	36.96	2.40
C11	Sample 35	2	1	14	97500	37	2.39
C11	Sample 35	2	1	15	102500	37	2.40
C12	Sample 36	2	1	1	32470	36.91	2.41
C12	Sample 36	2	1	2	37500	36.96	2.38
C12	Sample 36	2	1	3	42490	37	2.36
C12	Sample 36	2	1	4	47500	37	2.35
C12	Sample 36	2	1	5	52500	36.96	2.33
C12	Sample 36	2	1	6	57500	37	2.32
C12	Sample 36	2	1	7	62490	37	2.31
C12	Sample 36	2	1	8	67480	37	2.31
C12	Sample 36	2	1	9	72490	37	2.30
C12	Sample 36	2	1	10	77490	37	2.30
C12	Sample 36	2	1	11	82490	36.96	2.29
C12	Sample 36	2	1	12	87490	37	2.28
C12	Sample 36	2	1	13	92490	36.96	2.30
C12	Sample 36	2	1	14	97500	37	2.30
C12	Sample 36	2	1	15	102500	37	2.30
D1	Sample 37	2	1	1	32470	36.91	0.68
D1	Sample 37	2	1	2	37500	36.96	0.67
D1	Sample 37	2	1	3	42490	37	0.67
D1	Sample 37	2	1	4	47500	37	0.67
D1	Sample 37	2	1	5	52500	36.96	0.67
D1	Sample 37	2	1	6	57500	37	0.66
D1	Sample 37	2	1	7	62490	37	0.66
D1	Sample 37	2	1	8	67480	37	0.66
D1	Sample 37	2	1	9	72490	37	0.66
D1	Sample 37	2	1	10	77490	37	0.66
D1	Sample 37	2	1	11	82490	36.96	0.65
D1	Sample 37	2	1	12	87490	37	0.65
D1	Sample 37	2	1	13	92490	36.96	0.66
D1	Sample 37	2	1	14	97500	37	0.66
D1	Sample 37	2	1	15	102500	37	0.66
D2	Sample 38	2	1	1	32470	36.91	0.66
D2	Sample 38	2	1	2	37500	36.96	0.65
D2	Sample 38	2	1	3	42490	37	0.65
D2	Sample 38	2	1	4	47500	37	0.65
D2	Sample 38	2	1	5	52500	36.96	0.65
D2	Sample 38	2	1	6	57500	37	0.64
D2	Sample 38	2	1	7	62490	37	0.63
D2	Sample 38	2	1	8	67480	37	0.64
D2	Sample 38	2	1	9	72490	37	0.64
D2	Sample 38	2	1	10	77490	37	0.64
D2	Sample 38	2	1	11	82490	36.96	0.63
D2	Sample 38	2	1	12	87490	37	0.63
D2	Sample 38	2	1	13	92490	36.96	0.64
D2	Sample 38	2	1	14	97500	37	0.64
D2	Sample 38	2	1	15	102500	37	0.64
D3	Sample 39	2	1	1	32470	36.91	0.71
D3	Sample 39	2	1	2	37500	36.96	0.71
D3	Sample 39	2	1	3	42490	37	0.69
D3	Sample 39	2	1	4	47500	37	0.69
D3	Sample 39	2	1	5	52500	36.96	0.69
D3	Sample 39	2	1	6	57500	37	0.68
D3	Sample 39	2	1	7	62490	37	0.68
D3	Sample 39	2	1	8	67480	37	0.68
D3	Sample 39	2	1	9	72490	37	0.68
D3	Sample 39	2	1	10	77490	37	0.68
D3	Sample 39	2	1	11	82490	36.96	0.68
D3	Sample 39	2	1	12	87490	37	0.68
D3	Sample 39	2	1	13	92490	36.96	0.68
D3	Sample 39	2	1	14	97500	37	0.69
D3	Sample 39	2	1	15	102500	37	0.68
D4	Sample 40	2	1	1	32470	36.91	0.72
D4	Sample 40	2	1	2	37500	36.96	0.71
D4	Sample 40	2	1	3	42490	37	0.70
D4	Sample 40	2	1	4	47500	37	0.70
D4	Sample 40	2	1	5	52500	36.96	0.70
D4	Sample 40	2	1	6	57500	37	0.69
D4	Sample 40	2	1	7	62490	37	0.69
D4	Sample 40	2	1	8	67480	37	0.69
D4	Sample 40	2	1	9	72490	37	0.70
D4	Sample 40	2	1	10	77490	37	0.69
D4	Sample 40	2	1	11	82490	36.96	0.69
D4	Sample 40	2	1	12	87490	37	0.69
D4	Sample 40	2	1	13	92490	36.96	0.69
D4	Sample 40	2	1	14	97500	37	0.70
D4	Sample 40	2	1	15	102500	37	0.70
D5	Sample 41	2	1	1	32470	36.91	0.78
D5	Sample 41	2	1	2	37500	36.96	0.77
D5	Sample 41	2	1	3	42490	37	0.77
D5	Sample 41	2	1	4	47500	37	0.76
D5	Sample 41	2	1	5	52500	36.96	0.77
D5	Sample 41	2	1	6	57500	37	0.75
D5	Sample 41	2	1	7	62490	37	0.76
D5	Sample 41	2	1	8	67480	37	0.75
D5	Sample 41	2	1	9	72490	37	0.76
D5	Sample 41	2	1	10	77490	37	0.75
D5	Sample 41	2	1	11	82490	36.96	0.75
D5	Sample 41	2	1	12	87490	37	0.75
D5	Sample 41	2	1	13	92490	36.96	0.75
D5	Sample 41	2	1	14	97500	37	0.76
D5	Sample 41	2	1	15	102500	37	0.76
D6	Sample 42	2	1	1	32470	36.91	0.78
D6	Sample 42	2	1	2	37500	36.96	0.78
D6	Sample 42	2	1	3	42490	37	0.78
D6	Sample 42	2	1	4	47500	37	0.77
D6	Sample 42	2	1	5	52500	36.96	0.77
D6	Sample 42	2	1	6	57500	37	0.77
D6	Sample 42	2	1	7	62490	37	0.77
D6	Sample 42	2	1	8	67480	37	0.77
D6	Sample 42	2	1	9	72490	37	0.77
D6	Sample 42	2	1	10	77490	37	0.76
D6	Sample 42	2	1	11	82490	36.96	0.76
D6	Sample 42	2	1	12	87490	37	0.76
D6	Sample 42	2	1	13	92490	36.96	0.77
D6	Sample 42	2	1	14	97500	37	0.76
D6	Sample 42	2	1	15	102500	37	0.77
D7	Sample 43	2	1	1	32470	36.91	0.91
D7	Sample 43	2	1	2	37500	36.96	0.90
D7	Sample 43	2	1	3	42490	37	0.89
D7	Sample 43	2	1	4	47500	37	0.89
D7	Sample 43	2	1	5	52500	36.96	0.89
D7	Sample 43	2	1	6	57500	37	0.88
D7	Sample 43	2	1	7	62490	37	0.89
D7	Sample 43	2	1	8	67480	37	0.88
D7	Sample 43	2	1	9	72490	37	0.89
D7	Sample 43	2	1	10	77490	37	0.89
D7	Sample 43	2	1	11	82490	36.96	0.88
D7	Sample 43	2	1	12	87490	37	0.88
D7	Sample 43	2	1	13	92490	36.96	0.88
D7	Sample 43	2	1	14	97500	37	0.88
D7	Sample 43	2	1	15	102500	37	0.89
D8	Sample 44	2	1	1	32470	36.91	0.87
D8	Sample 44	2	1	2	37500	36.96	0.86
D8	Sample 44	2	1	3	42490	37	0.85
D8	Sample 44	2	1	4	47500	37	0.84
D8	Sample 44	2	1	5	52500	36.96	0.85
D8	Sample 44	2	1	6	57500	37	0.85
D8	Sample 44	2	1	7	62490	37	0.84
D8	Sample 44	2	1	8	67480	37	0.83
D8	Sample 44	2	1	9	72490	37	0.84
D8	Sample 44	2	1	10	77490	37	0.84
D8	Sample 44	2	1	11	82490	36.96	0.83
D8	Sample 44	2	1	12	87490	37	0.83
D8	Sample 44	2	1	13	92490	36.96	0.83
D8	Sample 44	2	1	14	97500	37	0.84
D8	Sample 44	2	1	15	102500	37	0.84
D9	Sample 45	2	1	1	32470	36.91	2.52
D9	Sample 45	2	1	2	37500	36.96	2.50
D9	Sample 45	2	1	3	42490	37	2.47
D9	Sample 45	2	1	4	47500	37	2.46
D9	Sample 45	2	1	5	52500	36.96	2.45
D9	Sample 45	2	1	6	57500	37	2.45
D9	Sample 45	2	1	7	62490	37	2.44
D9	Sample 45	2	1	8	67480	37	2.42
D9	Sample 45	2	1	9	72490	37	2.43
D9	Sample 45	2	1	10	77490	37	2.42
D9	Sample 45	2	1	11	82490	36.96	2.43
D9	Sample 45	2	1	12	87490	37	2.42
D9	Sample 45	2	1	13	92490	36.96	2.43
D9	Sample 45	2	1	14	97500	37	2.43
D9	Sample 45	2	1	15	102500	37	2.43
D10	Sample 46	2	1	1	32470	36.91	2.63
D10	Sample 46	2	1	2	37500	36.96	2.60
D10	Sample 46	2	1	3	42490	37	2.57
D10	Sample 46	2	1	4	47500	37	2.57
D10	Sample 46	2	1	5	52500	36.96	2.55
D10	Sample 46	2	1	6	57500	37	2.54
D10	Sample 46	2	1	7	62490	37	2.54
D10	Sample 46	2	1	8	67480	37	2.53
D10	Sample 46	2	1	9	72490	37	2.53
D10	Sample 46	2	1	10	77490	37	2.54
D10	Sample 46	2	1	11	82490	36.96	2.52
D10	Sample 46	2	1	12	87490	37	2.52
D10	Sample 46	2	1	13	92490	36.96	2.53
D10	Sample 46	2	1	14	97500	37	2.53
D10	Sample 46	2	1	15	102500	37	2.52
D11	Sample 47	2	1	1	32470	36.91	2.52
D11	Sample 47	2	1	2	37500	36.96	2.50
D11	Sample 47	2	1	3	42490	37	2.47
D11	Sample 47	2	1	4	47500	37	2.46
D11	Sample 47	2	1	5	52500	36.96	2.45
D11	Sample 47	2	1	6	57500	37	2.43
D11	Sample 47	2	1	7	62490	37	2.42
D11	Sample 47	2	1	8	67480	37	2.41
D11	Sample 47	2	1	9	72490	37	2.42
D11	Sample 47	2	1	10	77490	37	2.41
D11	Sample 47	2	1	11	82490	36.96	2.42
D11	Sample 47	2	1	12	87490	37	2.42
D11	Sample 47	2	1	13	92490	36.96	2.42
D11	Sample 47	2	1	14	97500	37	2.42
D11	Sample 47	2	1	15	102500	37	2.42
D12	Sample 48	2	1	1	32470	36.91	2.33
D12	Sample 48	2	1	2	37500	36.96	2.31
D12	Sample 48	2	1	3	42490	37	2.30
D12	Sample 48	2	1	4	47500	37	2.28
D12	Sample 48	2	1	5	52500	36.96	2.27
D12	Sample 48	2	1	6	57500	37	2.26
D12	Sample 48	2	1	7	62490	37	2.25
D12	Sample 48	2	1	8	67480	37	2.25
D12	Sample 48	2	1	9	72490	37	2.24
D12	Sample 48	2	1	10	77490	37	2.23
D12	Sample 48	2	1	11	82490	36.96	2.23
D12	Sample 48	2	1	12	87490	37	2.22
D12	Sample 48	2	1	13	92490	36.96	2.23
D12	Sample 48	2	1	14	97500	37	2.23
D12	Sample 48	2	1	15	102500	37	2.23
E1	Sample 49	2	1	1	32470	36.91	0.70
E1	Sample 49	2	1	2	37500	36.96	0.69
E1	Sample 49	2	1	3	42490	37	0.69
E1	Sample 49	2	1	4	47500	37	0.69
E1	Sample 49	2	1	5	52500	36.96	0.68
E1	Sample 49	2	1	6	57500	37	0.68
E1	Sample 49	2	1	7	62490	37	0.67
E1	Sample 49	2	1	8	67480	37	0.68
E1	Sample 49	2	1	9	72490	37	0.67
E1	Sample 49	2	1	10	77490	37	0.67
E1	Sample 49	2	1	11	82490	36.96	0.67
E1	Sample 49	2	1	12	87490	37	0.67
E1	Sample 49	2	1	13	92490	36.96	0.67
E1	Sample 49	2	1	14	97500	37	0.68
E1	Sample 49	2	1	15	102500	37	0.68
E2	Sample 50	2	1	1	32470	36.91	0.72
E2	Sample 50	2	1	2	37500	36.96	0.71
E2	Sample 50	2	1	3	42490	37	0.70
E2	Sample 50	2	1	4	47500	37	0.69
E2	Sample 50	2	1	5	52500	36.96	0.70
E2	Sample 50	2	1	6	57500	37	0.69
E2	Sample 50	2	1	7	62490	37	0.69
E2	Sample 50	2	1	8	67480	37	0.69
E2	Sample 50	2	1	9	72490	37	0.69
E2	Sample 50	2	1	10	77490	37	0.69
E2	Sample 50	2	1	11	82490	36.96	0.69
E2	Sample 50	2	1	12	87490	37	0.68
E2	Sample 50	2	1	13	92490	36.96	0.69
E2	Sample 50	2	1	14	97500	37	0.69
E2	Sample 50	2	1	15	102500	37	0.70
E3	Sample 51	2	1	1	32470	36.91	0.80
E3	Sample 51	2	1	2	37500	36.96	0.78
E3	Sample 51	2	1	3	42490	37	0.78
E3	Sample 51	2	1	4	47500	37	0.78
E3	Sample 51	2	1	5	52500	36.96	0.77
E3	Sample 51	2	1	6	57500	37	0.77
E3	Sample 51	2	1	7	62490	37	0.77
E3	Sample 51	2	1	8	67480	37	0.77
E3	Sample 51	2	1	9	72490	37	0.77
E3	Sample 51	2	1	10	77490	37	0.77
E3	Sample 51	2	1	11	82490	36.96	0.77
E3	Sample 51	2	1	12	87490	37	0.77
E3	Sample 51	2	1	13	92490	36.96	0.77
E3	Sample 51	2	1	14	97500	37	0.77
E3	Sample 51	2	1	15	102500	37	0.77
E4	Sample 52	2	1	1	32470	36.91	0.82
E4	Sample 52	2	1	2	37500	36.96	0.80
E4	Sample 52	2	1	3	42490	37	0.80
E4	Sample 52	2	1	4	47500	37	0.79
E4	Sample 52	2	1	5	52500	36.96	0.79
E4	Sample 52	2	1	6	57500	37	0.79
E4	Sample 52	2	1	7	62490	37	0.78
E4	Sample 52	2	1	8	67480	37	0.79
E4	Sample 52	2	1	9	72490	37	0.78
E4	Sample 52	2	1	10	77490	37	0.78
E4	Sample 52	2	1	11	82490	36.96	0.78
E4	Sample 52	2	1	12	87490	37	0.78
E4	Sample 52	2	1	13	92490	36.96	0.78
E4	Sample 52	2	1	14	97500	37	0.78
E4	Sample 52	2	1	15	102500	37	0.79
E5	Sample 53	2	1	1	32470	36.91	0.84
E5	Sample 53	2	1	2	37500	36.96	0.82
E5	Sample 53	2	1	3	42490	37	0.83
E5	Sample 53	2	1	4	47500	37	0.82
E5	Sample 53	2	1	5	52500	36.96	0.82
E5	Sample 53	2	1	6	57500	37	0.82
E5	Sample 53	2	1	7	62490	37	0.81
E5	Sample 53	2	1	8	67480	37	0.81
E5	Sample 53	2	1	9	72490	37	0.81
E5	Sample 53	2	1	10	77490	37	0.80
E5	Sample 53	2	1	11	82490	36.96	0.80
E5	Sample 53	2	1	12	87490	37	0.80
E5	Sample 53	2	1	13	92490	36.96	0.81
E5	Sample 53	2	1	14	97500	37	0.80
E5	Sample 53	2	1	15	102500	37	0.81
E6	Sample 54	2	1	1	32470	36.91	0.81
E6	Sample 54	2	1	2	37500	36.96	0.80
E6	Sample 54	2	1	3	42490	37	0.80
E6	Sample 54	2	1	4	47500	37	0.79
E6	Sample 54	2	1	5	52500	36.96	0.79
E6	Sample 54	2	1	6	57500	37	0.79
E6	Sample 54	2	1	7	62490	37	0.78
E6	Sample 54	2	1	8	67480	37	0.79
E6	Sample 54	2	1	9	72490	37	0.78
E6	Sample 54	2	1	10	77490	37	0.78
E6	Sample 54	2	1	11	82490	36.96	0.77
E6	Sample 54	2	1	12	87490	37	0.77
E6	Sample 54	2	1	13	92490	36.96	0.77
E6	Sample 54	2	1	14	97500	37	0.78
E6	Sample 54	2	1	15	102500	37	0.78
E7	Sample 55	2	1	1	32470	36.91	0.87
E7	Sample 55	2	1	2	37500	36.96	0.86
E7	Sample 55	2	1	3	42490	37	0.86
E7	Sample 55	2	1	4	47500	37	0.85
E7	Sample 55	2	1	5	52500	36.96	0.85
E7	Sample 55	2	1	6	57500	37	0.85
E7	Sample 55	2	1	7	62490	37	0.84
E7	Sample 55	2	1	8	67480	37	0.84
E7	Sample 55	2	1	9	72490	37	0.84
E7	Sample 55	2	1	10	77490	37	0.84
E7	Sample 55	2	1	11	82490	36.96	0.83
E7	Sample 55	2	1	12	87490	37	0.84
E7	Sample 55	2	1	13	92490	36.96	0.84
E7	Sample 55	2	1	14	97500	37	0.84
E7	Sample 55	2	1	15	102500	37	0.84
E8	Sample 56	2	1	1	32470	36.91	0.84
E8	Sample 56	2	1	2	37500	36.96	0.81
E8	Sample 56	2	1	3	42490	37	0.81
E8	Sample 56	2	1	4	47500	37	0.81
E8	Sample 56	2	1	5	52500	36.96	0.80
E8	Sample 56	2	1	6	57500	37	0.80
E8	Sample 56	2	1	7	62490	37	0.80
E8	Sample 56	2	1	8	67480	37	0.80
E8	Sample 56	2	1	9	72490	37	0.80
E8	Sample 56	2	1	10	77490	37	0.80
E8	Sample 56	2	1	11	82490	36.96	0.79
E8	Sample 56	2	1	12	87490	37	0.79
E8	Sample 56	2	1	13	92490	36.96	0.80
E8	Sample 56	2	1	14	97500	37	0.80
E8	Sample 56	2	1	15	102500	37	0.80
E9	Sample 57	2	1	1	32470	36.91	2.41
E9	Sample 57	2	1	2	37500	36.96	2.37
E9	Sample 57	2	1	3	42490	37	2.37
E9	Sample 57	2	1	4	47500	37	2.34
E9	Sample 57	2	1	5	52500	36.96	2.33
E9	Sample 57	2	1	6	57500	37	2.32
E9	Sample 57	2	1	7	62490	37	2.32
E9	Sample 57	2	1	8	67480	37	2.31
E9	Sample 57	2	1	9	72490	37	2.31
E9	Sample 57	2	1	10	77490	37	2.31
E9	Sample 57	2	1	11	82490	36.96	2.31
E9	Sample 57	2	1	12	87490	37	2.30
E9	Sample 57	2	1	13	92490	36.96	2.31
E9	Sample 57	2	1	14	97500	37	2.31
E9	Sample 57	2	1	15	102500	37	2.31
E10	Sample 58	2	1	1	32470	36.91	2.51
E10	Sample 58	2	1	2	37500	36.96	2.47
E10	Sample 58	2	1	3	42490	37	2.46
E10	Sample 58	2	1	4	47500	37	2.45
E10	Sample 58	2	1	5	52500	36.96	2.44
E10	Sample 58	2	1	6	57500	37	2.43
E10	Sample 58	2	1	7	62490	37	2.43
E10	Sample 58	2	1	8	67480	37	2.42
E10	Sample 58	2	1	9	72490	37	2.41
E10	Sample 58	2	1	10	77490	37	2.42
E10	Sample 58	2	1	11	82490	36.96	2.42
E10	Sample 58	2	1	12	87490	37	2.40
E10	Sample 58	2	1	13	92490	36.96	2.42
E10	Sample 58	2	1	14	97500	37	2.42
E10	Sample 58	2	1	15	102500	37	2.41
E11	Sample 59	2	1	1	32470	36.91	2.54
E11	Sample 59	2	1	2	37500	36.96	2.51
E11	Sample 59	2	1	3	42490	37	2.49
E11	Sample 59	2	1	4	47500	37	2.48
E11	Sample 59	2	1	5	52500	36.96	2.48
E11	Sample 59	2	1	6	57500	37	2.46
E11	Sample 59	2	1	7	62490	37	2.45
E11	Sample 59	2	1	8	67480	37	2.45
E11	Sample 59	2	1	9	72490	37	2.45
E11	Sample 59	2	1	10	77490	37	2.45
E11	Sample 59	2	1	11	82490	36.96	2.44
E11	Sample 59	2	1	12	87490	37	2.44
E11	Sample 59	2	1	13	92490	36.96	2.44
E11	Sample 59	2	1	14	97500	37	2.46
E11	Sample 59	2	1	15	102500	37	2.46
E12	Sample 60	2	1	1	32470	36.91	2.34
E12	Sample 60	2	1	2	37500	36.96	2.31
E12	Sample 60	2	1	3	42490	37	2.30
E12	Sample 60	2	1	4	47500	37	2.29
E12	Sample 60	2	1	5	52500	36.96	2.28
E12	Sample 60	2	1	6	57500	37	2.27
E12	Sample 60	2	1	7	62490	37	2.26
E12	Sample 60	2	1	8	67480	37	2.27
E12	Sample 60	2	1	9	72490	37	2.26
E12	Sample 60	2	1	10	77490	37	2.25
E12	Sample 60	2	1	11	82490	36.96	2.25
E12	Sample 60	2	1	12	87490	37	2.24
E12	Sample 60	2	1	13	92490	36.96	2.25
E12	Sample 60	2	1	14	97500	37	2.26
E12	Sample 60	2	1	15	102500	37	2.25
F1	Sample 61	2	1	1	32470	36.91	0.80
F1	Sample 61	2	1	2	37500	36.96	0.79
F1	Sample 61	2	1	3	42490	37	0.78
F1	Sample 61	2	1	4	47500	37	0.78
F1	Sample 61	2	1	5	52500	36.96	0.78
F1	Sample 61	2	1	6	57500	37	0.77
F1	Sample 61	2	1	7	62490	37	0.77
F1	Sample 61	2	1	8	67480	37	0.76
F1	Sample 61	2	1	9	72490	37	0.77
F1	Sample 61	2	1	10	77490	37	0.76
F1	Sample 61	2	1	11	82490	36.96	0.77
F1	Sample 61	2	1	12	87490	37	0.76
F1	Sample 61	2	1	13	92490	36.96	0.76
F1	Sample 61	2	1	14	97500	37	0.76
F1	Sample 61	2	1	15	102500	37	0.76
F2	Sample 62	2	1	1	32470	36.91	0.84
F2	Sample 62	2	1	2	37500	36.96	0.83
F2	Sample 62	2	1	3	42490	37	0.83
F2	Sample 62	2	1	4	47500	37	0.83
F2	Sample 62	2	1	5	52500	36.96	0.83
F2	Sample 62	2	1	6	57500	37	0.83
F2	Sample 62	2	1	7	62490	37	0.82
F2	Sample 62	2	1	8	67480	37	0.82
F2	Sample 62	2	1	9	72490	37	0.82
F2	Sample 62	2	1	10	77490	37	0.82
F2	Sample 62	2	1	11	82490	36.96	0.82
F2	Sample 62	2	1	12	87490	37	0.81
F2	Sample 62	2	1	13	92490	36.96	0.81
F2	Sample 62	2	1	14	97500	37	0.82
F2	Sample 62	2	1	15	102500	37	0.82
F3	Sample 63	2	1	1	32470	36.91	0.84
F3	Sample 63	2	1	2	37500	36.96	0.83
F3	Sample 63	2	1	3	42490	37	0.82
F3	Sample 63	2	1	4	47500	37	0.83
F3	Sample 63	2	1	5	52500	36.96	0.82
F3	Sample 63	2	1	6	57500	37	0.82
F3	Sample 63	2	1	7	62490	37	0.81
F3	Sample 63	2	1	8	67480	37	0.81
F3	Sample 63	2	1	9	72490	37	0.81
F3	Sample 63	2	1	10	77490	37	0.81
F3	Sample 63	2	1	11	82490	36.96	0.81
F3	Sample 63	2	1	12	87490	37	0.81
F3	Sample 63	2	1	13	92490	36.96	0.81
F3	Sample 63	2	1	14	97500	37	0.81
F3	Sample 63	2	1	15	102500	37	0.81
F4	Sample 64	2	1	1	32470	36.91	0.85
F4	Sample 64	2	1	2	37500	36.96	0.84
F4	Sample 64	2	1	3	42490	37	0.84
F4	Sample 64	2	1	4	47500	37	0.83
F4	Sample 64	2	1	5	52500	36.96	0.83
F4	Sample 64	2	1	6	57500	37	0.83
F4	Sample 64	2	1	7	62490	37	0.82
F4	Sample 64	2	1	8	67480	37	0.83
F4	Sample 64	2	1	9	72490	37	0.82
F4	Sample 64	2	1	10	77490	37	0.82
F4	Sample 64	2	1	11	82490	36.96	0.82
F4	Sample 64	2	1	12	87490	37	0.82
F4	Sample 64	2	1	13	92490	36.96	0.82
F4	Sample 64	2	1	14	97500	37	0.82
F4	Sample 64	2	1	15	102500	37	0.82
F5	Sample 65	2	1	1	32470	36.91	0.87
F5	Sample 65	2	1	2	37500	36.96	0.86
F5	Sample 65	2	1	3	42490	37	0.85
F5	Sample 65	2	1	4	47500	37	0.85
F5	Sample 65	2	1	5	52500	36.96	0.85
F5	Sample 65	2	1	6	57500	37	0.84
F5	Sample 65	2	1	7	62490	37	0.83
F5	Sample 65	2	1	8	67480	37	0.84
F5	Sample 65	2	1	9	72490	37	0.83
F5	Sample 65	2	1	10	77490	37	0.84
F5	Sample 65	2	1	11	82490	36.96	0.83
F5	Sample 65	2	1	12	87490	37	0.83
F5	Sample 65	2	1	13	92490	36.96	0.83
F5	Sample 65	2	1	14	97500	37	0.84
F5	Sample 65	2	1	15	102500	37	0.84
F6	Sample 66	2	1	1	32470	36.91	0.83
F6	Sample 66	2	1	2	37500	36.96	0.82
F6	Sample 66	2	1	3	42490	37	0.82
F6	Sample 66	2	1	4	47500	37	0.82
F6	Sample 66	2	1	5	52500	36.96	0.81
F6	Sample 66	2	1	6	57500	37	0.81
F6	Sample 66	2	1	7	62490	37	0.81
F6	Sample 66	2	1	8	67480	37	0.81
F6	Sample 66	2	1	9	72490	37	0.81
F6	Sample 66	2	1	10	77490	37	0.81
F6	Sample 66	2	1	11	82490	36.96	0.81
F6	Sample 66	2	1	12	87490	37	0.80
F6	Sample 66	2	1	13	92490	36.96	0.80
F6	Sample 66	2	1	14	97500	37	0.81
F6	Sample 66	2	1	15	102500	37	0.82
F7	Sample 67	2	1	1	32470	36.91	0.90
F7	Sample 67	2	1	2	37500	36.96	0.90
F7	Sample 67	2	1	3	42490	37	0.89
F7	Sample 67	2	1	4	47500	37	0.89
F7	Sample 67	2	1	5	52500	36.96	0.89
F7	Sample 67	2	1	6	57500	37	0.88
F7	Sample 67	2	1	7	62490	37	0.88
F7	Sample 67	2	1	8	67480	37	0.88
F7	Sample 67	2	1	9	72490	37	0.88
F7	Sample 67	2	1	10	77490	37	0.87
F7	Sample 67	2	1	11	82490	36.96	0.87
F7	Sample 67	2	1	12	87490	37	0.87
F7	Sample 67	2	1	13	92490	36.96	0.87
F7	Sample 67	2	1	14	97500	37	0.88
F7	Sample 67	2	1	15	102500	37	0.87
F8	Sample 68	2	1	1	32470	36.91	0.86
F8	Sample 68	2	1	2	37500	36.96	0.85
F8	Sample 68	2	1	3	42490	37	0.86
F8	Sample 68	2	1	4	47500	37	0.85
F8	Sample 68	2	1	5	52500	36.96	0.85
F8	Sample 68	2	1	6	57500	37	0.84
F8	Sample 68	2	1	7	62490	37	0.84
F8	Sample 68	2	1	8	67480	37	0.84
F8	Sample 68	2	1	9	72490	37	0.84
F8	Sample 68	2	1	10	77490	37	0.84
F8	Sample 68	2	1	11	82490	36.96	0.84
F8	Sample 68	2	1	12	87490	37	0.84
F8	Sample 68	2	1	13	92490	36.96	0.84
F8	Sample 68	2	1	14	97500	37	0.84
F8	Sample 68	2	1	15	102500	37	0.84
F9	Sample 69	2	1	1	32470	36.91	2.55
F9	Sample 69	2	1	2	37500	36.96	2.52
F9	Sample 69	2	1	3	42490	37	2.50
F9	Sample 69	2	1	4	47500	37	2.50
F9	Sample 69	2	1	5	52500	36.96	2.48
F9	Sample 69	2	1	6	57500	37	2.47
F9	Sample 69	2	1	7	62490	37	2.46
F9	Sample 69	2	1	8	67480	37	2.46
F9	Sample 69	2	1	9	72490	37	2.46
F9	Sample 69	2	1	10	77490	37	2.46
F9	Sample 69	2	1	11	82490	36.96	2.46
F9	Sample 69	2	1	12	87490	37	2.45
F9	Sample 69	2	1	13	92490	36.96	2.46
F9	Sample 69	2	1	14	97500	37	2.45
F9	Sample 69	2	1	15	102500	37	2.45
F10	Sample 70	2	1	1	32470	36.91	2.57
F10	Sample 70	2	1	2	37500	36.96	2.54
F10	Sample 70	2	1	3	42490	37	2.53
F10	Sample 70	2	1	4	47500	37	2.53
F10	Sample 70	2	1	5	52500	36.96	2.51
F10	Sample 70	2	1	6	57500	37	2.49
F10	Sample 70	2	1	7	62490	37	2.49
F10	Sample 70	2	1	8	67480	37	2.50
F10	Sample 70	2	1	9	72490	37	2.49
F10	Sample 70	2	1	10	77490	37	2.48
F10	Sample 70	2	1	11	82490	36.96	2.49
F10	Sample 70	2	1	12	87490	37	2.48
F10	Sample 70	2	1	13	92490	36.96	2.48
F10	Sample 70	2	1	14	97500	37	2.48
F10	Sample 70	2	1	15	102500	37	2.48
F11	Sample 71	2	1	1	32470	36.91	2.56
F11	Sample 71	2	1	2	37500	36.96	2.53
F11	Sample 71	2	1	3	42490	37	2.52
F11	Sample 71	2	1	4	47500	37	2.51
F11	Sample 71	2	1	5	52500	36.96	2.51
F11	Sample 71	2	1	6	57500	37	2.49
F11	Sample 71	2	1	7	62490	37	2.48
F11	Sample 71	2	1	8	67480	37	2.48
F11	Sample 71	2	1	9	72490	37	2.48
F11	Sample 71	2	1	10	77490	37	2.47
F11	Sample 71	2	1	11	82490	36.96	2.48
F11	Sample 71	2	1	12	87490	37	2.48
F11	Sample 71	2	1	13	92490	36.96	2.47
F11	Sample 71	2	1	14	97500	37	2.47
F11	Sample 71	2	1	15	102500	37	2.47
F12	Sample 72	2	1	1	32470	36.91	2.32
F12	Sample 72	2	1	2	37500	36.96	2.30
F12	Sample 72	2	1	3	42490	37	2.28
F12	Sample 72	2	1	4	47500	37	2.27
F12	Sample 72	2	1	5	52500	36.96	2.26
F12	Sample 72	2	1	6	57500	37	2.25
F12	Sample 72	2	1	7	62490	37	2.24
F12	Sample 72	2	1	8	67480	37	2.24
F12	Sample 72	2	1	9	72490	37	2.24
F12	Sample 72	2	1	10	77490	37	2.23
F12	Sample 72	2	1	11	82490	36.96	2.24
F12	Sample 72	2	1	12	87490	37	2.23
F12	Sample 72	2	1	13	92490	36.96	2.23
F12	Sample 72	2	1	14	97500	37	2.23
F12	Sample 72	2	1	15	102500	37	2.24
G1	Sample 73	2	1	1	32470	36.91	0.81
G1	Sample 73	2	1	2	37500	36.96	0.80
G1	Sample 73	2	1	3	42490	37	0.80
G1	Sample 73	2	1	4	47500	37	0.79
G1	Sample 73	2	1	5	52500	36.96	0.79
G1	Sample 73	2	1	6	57500	37	0.79
G1	Sample 73	2	1	7	62490	37	0.79
G1	Sample 73	2	1	8	67480	37	0.79
G1	Sample 73	2	1	9	72490	37	0.79
G1	Sample 73	2	1	10	77490	37	0.78
G1	Sample 73	2	1	11	82490	36.96	0.78
G1	Sample 73	2	1	12	87490	37	0.78
G1	Sample 73	2	1	13	92490	36.96	0.78
G1	Sample 73	2	1	14	97500	37	0.78
G1	Sample 73	2	1	15	102500	37	0.78
G2	Sample 74	2	1	1	32470	36.91	0.82
G2	Sample 74	2	1	2	37500	36.96	0.82
G2	Sample 74	2	1	3	42490	37	0.81
G2	Sample 74	2	1	4	47500	37	0.81
G2	Sample 74	2	1	5	52500	36.96	0.81
G2	Sample 74	2	1	6	57500	37	0.81
G2	Sample 74	2	1	7	62490	37	0.81
G2	Sample 74	2	1	8	67480	37	0.79
G2	Sample 74	2	1	9	72490	37	0.80
G2	Sample 74	2	1	10	77490	37	0.80
G2	Sample 74	2	1	11	82490	36.96	0.79
G2	Sample 74	2	1	12	87490	37	0.79
G2	Sample 74	2	1	13	92490	36.96	0.80
G2	Sample 74	2	1	14	97500	37	0.79
G2	Sample 74	2	1	15	102500	37	0.80
G3	Sample 75	2	1	1	32470	36.91	0.88
G3	Sample 75	2	1	2	37500	36.96	0.87
G3	Sample 75	2	1	3	42490	37	0.87
G3	Sample 75	2	1	4	47500	37	0.85
G3	Sample 75	2	1	5	52500	36.96	0.86
G3	Sample 75	2	1	6	57500	37	0.85
G3	Sample 75	2	1	7	62490	37	0.85
G3	Sample 75	2	1	8	67480	37	0.85
G3	Sample 75	2	1	9	72490	37	0.85
G3	Sample 75	2	1	10	77490	37	0.85
G3	Sample 75	2	1	11	82490	36.96	0.84
G3	Sample 75	2	1	12	87490	37	0.83
G3	Sample 75	2	1	13	92490	36.96	0.85
G3	Sample 75	2	1	14	97500	37	0.84
G3	Sample 75	2	1	15	102500	37	0.85
G4	Sample 76	2	1	1	32470	36.91	0.83
G4	Sample 76	2	1	2	37500	36.96	0.82
G4	Sample 76	2	1	3	42490	37	0.83
G4	Sample 76	2	1	4	47500	37	0.81
G4	Sample 76	2	1	5	52500	36.96	0.81
G4	Sample 76	2	1	6	57500	37	0.81
G4	Sample 76	2	1	7	62490	37	0.81
G4	Sample 76	2	1	8	67480	37	0.81
G4	Sample 76	2	1	9	72490	37	0.81
G4	Sample 76	2	1	10	77490	37	0.81
G4	Sample 76	2	1	11	82490	36.96	0.80
G4	Sample 76	2	1	12	87490	37	0.80
G4	Sample 76	2	1	13	92490	36.96	0.81
G4	Sample 76	2	1	14	97500	37	0.81
G4	Sample 76	2	1	15	102500	37	0.81
G5	Sample 77	2	1	1	32470	36.91	0.89
G5	Sample 77	2	1	2	37500	36.96	0.89
G5	Sample 77	2	1	3	42490	37	0.88
G5	Sample 77	2	1	4	47500	37	0.87
G5	Sample 77	2	1	5	52500	36.96	0.88
G5	Sample 77	2	1	6	57500	37	0.87
G5	Sample 77	2	1	7	62490	37	0.87
G5	Sample 77	2	1	8	67480	37	0.87
G5	Sample 77	2	1	9	72490	37	0.87
G5	Sample 77	2	1	10	77490	37	0.87
G5	Sample 77	2	1	11	82490	36.96	0.87
G5	Sample 77	2	1	12	87490	37	0.86
G5	Sample 77	2	1	13	92490	36.96	0.87
G5	Sample 77	2	1	14	97500	37	0.87
G5	Sample 77	2	1	15	102500	37	0.87
G6	Sample 78	2	1	1	32470	36.91	0.85
G6	Sample 78	2	1	2	37500	36.96	0.85
G6	Sample 78	2	1	3	42490	37	0.84
G6	Sample 78	2	1	4	47500	37	0.83
G6	Sample 78	2	1	5	52500	36.96	0.84
G6	Sample 78	2	1	6	57500	37	0.84
G6	Sample 78	2	1	7	62490	37	0.84
G6	Sample 78	2	1	8	67480	37	0.82
G6	Sample 78	2	1	9	72490	37	0.82
G6	Sample 78	2	1	10	77490	37	0.83
G6	Sample 78	2	1	11	82490	36.96	0.82
G6	Sample 78	2	1	12	87490	37	0.82
G6	Sample 78	2	1	13	92490	36.96	0.83
G6	Sample 78	2	1	14	97500	37	0.83
G6	Sample 78	2	1	15	102500	37	0.83
G7	Sample 79	2	1	1	32470	36.91	0.86
G7	Sample 79	2	1	2	37500	36.96	0.85
G7	Sample 79	2	1	3	42490	37	0.85
G7	Sample 79	2	1	4	47500	37	0.85
G7	Sample 79	2	1	5	52500	36.96	0.85
G7	Sample 79	2	1	6	57500	37	0.84
G7	Sample 79	2	1	7	62490	37	0.85
G7	Sample 79	2	1	8	67480	37	0.84
G7	Sample 79	2	1	9	72490	37	0.84
G7	Sample 79	2	1	10	77490	37	0.84
G7	Sample 79	2	1	11	82490	36.96	0.84
G7	Sample 79	2	1	12	87490	37	0.83
G7	Sample 79	2	1	13	92490	36.96	0.83
G7	Sample 79	2	1	14	97500	37	0.84
G7	Sample 79	2	1	15	102500	37	0.83
G8	Sample 80	2	1	1	32470	36.91	0.84
G8	Sample 80	2	1	2	37500	36.96	0.83
G8	Sample 80	2	1	3	42490	37	0.83
G8	Sample 80	2	1	4	47500	37	0.82
G8	Sample 80	2	1	5	52500	36.96	0.82
G8	Sample 80	2	1	6	57500	37	0.82
G8	Sample 80	2	1	7	62490	37	0.81
G8	Sample 80	2	1	8	67480	37	0.81
G8	Sample 80	2	1	9	72490	37	0.81
G8	Sample 80	2	1	10	77490	37	0.81
G8	Sample 80	2	1	11	82490	36.96	0.81
G8	Sample 80	2	1	12	87490	37	0.81
G8	Sample 80	2	1	13	92490	36.96	0.81
G8	Sample 80	2	1	14	97500	37	0.82
G8	Sample 80	2	1	15	102500	37	0.81
G9	Sample 81	2	1	1	32470	36.91	2.41
G9	Sample 81	2	1	2	37500	36.96	2.38
G9	Sample 81	2	1	3	42490	37	2.36
G9	Sample 81	2	1	4	47500	37	2.34
G9	Sample 81	2	1	5	52500	36.96	2.34
G9	Sample 81	2	1	6	57500	37	2.33
G9	Sample 81	2	1	7	62490	37	2.33
G9	Sample 81	2	1	8	67480	37	2.32
G9	Sample 81	2	1	9	72490	37	2.32
G9	Sample 81	2	1	10	77490	37	2.32
G9	Sample 81	2	1	11	82490	36.96	2.32
G9	Sample 81	2	1	12	87490	37	2.31
G9	Sample 81	2	1	13	92490	36.96	2.31
G9	Sample 81	2	1	14	97500	37	2.32
G9	Sample 81	2	1	15	102500	37	2.32
G10	Sample 82	2	1	1	32470	36.91	2.46
G10	Sample 82	2	1	2	37500	36.96	2.43
G10	Sample 82	2	1	3	42490	37	2.42
G10	Sample 82	2	1	4	47500	37	2.40
G10	Sample 82	2	1	5	52500	36.96	2.40
G10	Sample 82	2	1	6	57500	37	2.39
G10	Sample 82	2	1	7	62490	37	2.39
G10	Sample 82	2	1	8	67480	37	2.38
G10	Sample 82	2	1	9	72490	37	2.38
G10	Sample 82	2	1	10	77490	37	2.38
G10	Sample 82	2	1	11	82490	36.96	2.38
G10	Sample 82	2	1	12	87490	37	2.38
G10	Sample 82	2	1	13	92490	36.96	2.38
G10	Sample 82	2	1	14	97500	37	2.38
G10	Sample 82	2	1	15	102500	37	2.37
G11	Sample 83	2	1	1	32470	36.91	2.49
G11	Sample 83	2	1	2	37500	36.96	2.47
G11	Sample 83	2	1	3	42490	37	2.45
G11	Sample 83	2	1	4	47500	37	2.44
G11	Sample 83	2	1	5	52500	36.96	2.43
G11	Sample 83	2	1	6	57500	37	2.42
G11	Sample 83	2	1	7	62490	37	2.42
G11	Sample 83	2	1	8	67480	37	2.40
G11	Sample 83	2	1	9	72490	37	2.41
G11	Sample 83	2	1	10	77490	37	2.41
G11	Sample 83	2	1	11	82490	36.96	2.41
G11	Sample 83	2	1	12	87490	37	2.40
G11	Sample 83	2	1	13	92490	36.96	2.40
G11	Sample 83	2	1	14	97500	37	2.40
G11	Sample 83	2	1	15	102500	37	2.41
G12	Sample 84	2	1	1	32470	36.91	2.28
G12	Sample 84	2	1	2	37500	36.96	2.26
G12	Sample 84	2	1	3	42490	37	2.24
G12	Sample 84	2	1	4	47500	37	2.23
G12	Sample 84	2	1	5	52500	36.96	2.22
G12	Sample 84	2	1	6	57500	37	2.22
G12	Sample 84	2	1	7	62490	37	2.21
G12	Sample 84	2	1	8	67480	37	2.21
G12	Sample 84	2	1	9	72490	37	2.20
G12	Sample 84	2	1	10	77490	37	2.21
G12	Sample 84	2	1	11	82490	36.96	2.21
G12	Sample 84	2	1	12	87490	37	2.20
G12	Sample 84	2	1	13	92490	36.96	2.20
G12	Sample 84	2	1	14	97500	37	2.20
G12	Sample 84	2	1	15	102500	37	2.20
H1	Sample 85	2	1	1	32470	36.91	0.77
H1	Sample 85	2	1	2	37500	36.96	0.76
H1	Sample 85	2	1	3	42490	37	0.76
H1	Sample 85	2	1	4	47500	37	0.76
H1	Sample 85	2	1	5	52500	36.96	0.77
H1	Sample 85	2	1	6	57500	37	0.76
H1	Sample 85	2	1	7	62490	37	0.75
H1	Sample 85	2	1	8	67480	37	0.75
H1	Sample 85	2	1	9	72490	37	0.76
H1	Sample 85	2	1	10	77490	37	0.75
H1	Sample 85	2	1	11	82490	36.96	0.74
H1	Sample 85	2	1	12	87490	37	0.75
H1	Sample 85	2	1	13	92490	36.96	0.74
H1	Sample 85	2	1	14	97500	37	0.74
H1	Sample 85	2	1	15	102500	37	0.75
H2	Sample 86	2	1	1	32470	36.91	0.80
H2	Sample 86	2	1	2	37500	36.96	0.80
H2	Sample 86	2	1	3	42490	37	0.79
H2	Sample 86	2	1	4	47500	37	0.78
H2	Sample 86	2	1	5	52500	36.96	0.79
H2	Sample 86	2	1	6	57500	37	0.78
H2	Sample 86	2	1	7	62490	37	0.78
H2	Sample 86	2	1	8	67480	37	0.78
H2	Sample 86	2	1	9	72490	37	0.78
H2	Sample 86	2	1	10	77490	37	0.77
H2	Sample 86	2	1	11	82490	36.96	0.77
H2	Sample 86	2	1	12	87490	37	0.77
H2	Sample 86	2	1	13	92490	36.96	0.78
H2	Sample 86	2	1	14	97500	37	0.77
H2	Sample 86	2	1	15	102500	37	0.77
H3	Sample 87	2	1	1	32470	36.91	0.84
H3	Sample 87	2	1	2	37500	36.96	0.83
H3	Sample 87	2	1	3	42490	37	0.84
H3	Sample 87	2	1	4	47500	37	0.82
H3	Sample 87	2	1	5	52500	36.96	0.83
H3	Sample 87	2	1	6	57500	37	0.83
H3	Sample 87	2	1	7	62490	37	0.82
H3	Sample 87	2	1	8	67480	37	0.83
H3	Sample 87	2	1	9	72490	37	0.82
H3	Sample 87	2	1	10	77490	37	0.82
H3	Sample 87	2	1	11	82490	36.96	0.81
H3	Sample 87	2	1	12	87490	37	0.81
H3	Sample 87	2	1	13	92490	36.96	0.81
H3	Sample 87	2	1	14	97500	37	0.81
H3	Sample 87	2	1	15	102500	37	0.81
H4	Sample 88	2	1	1	32470	36.91	0.86
H4	Sample 88	2	1	2	37500	36.96	0.85
H4	Sample 88	2	1	3	42490	37	0.85
H4	Sample 88	2	1	4	47500	37	0.85
H4	Sample 88	2	1	5	52500	36.96	0.84
H4	Sample 88	2	1	6	57500	37	0.84
H4	Sample 88	2	1	7	62490	37	0.84
H4	Sample 88	2	1	8	67480	37	0.84
H4	Sample 88	2	1	9	72490	37	0.84
H4	Sample 88	2	1	10	77490	37	0.84
H4	Sample 88	2	1	11	82490	36.96	0.83
H4	Sample 88	2	1	12	87490	37	0.83
H4	Sample 88	2	1	13	92490	36.96	0.83
H4	Sample 88	2	1	14	97500	37	0.83
H4	Sample 88	2	1	15	102500	37	0.82
H5	Sample 89	2	1	1	32470	36.91	0.91
H5	Sample 89	2	1	2	37500	36.96	0.90
H5	Sample 89	2	1	3	42490	37	0.90
H5	Sample 89	2	1	4	47500	37	0.89
H5	Sample 89	2	1	5	52500	36.96	0.89
H5	Sample 89	2	1	6	57500	37	0.88
H5	Sample 89	2	1	7	62490	37	0.88
H5	Sample 89	2	1	8	67480	37	0.88
H5	Sample 89	2	1	9	72490	37	0.88
H5	Sample 89	2	1	10	77490	37	0.88
H5	Sample 89	2	1	11	82490	36.96	0.88
H5	Sample 89	2	1	12	87490	37	0.88
H5	Sample 89	2	1	13	92490	36.96	0.88
H5	Sample 89	2	1	14	97500	37	0.88
H5	Sample 89	2	1	15	102500	37	0.88
H6	Sample 90	2	1	1	32470	36.91	0.88
H6	Sample 90	2	1	2	37500	36.96	0.87
H6	Sample 90	2	1	3	42490	37	0.87
H6	Sample 90	2	1	4	47500	37	0.86
H6	Sample 90	2	1	5	52500	36.96	0.87
H6	Sample 90	2	1	6	57500	37	0.86
H6	Sample 90	2	1	7	62490	37	0.85
H6	Sample 90	2	1	8	67480	37	0.86
H6	Sample 90	2	1	9	72490	37	0.86
H6	Sample 90	2	1	10	77490	37	0.85
H6	Sample 90	2	1	11	82490	36.96	0.85
H6	Sample 90	2	1	12	87490	37	0.84
H6	Sample 90	2	1	13	92490	36.96	0.85
H6	Sample 90	2	1	14	97500	37	0.85
H6	Sample 90	2	1	15	102500	37	0.85
H7	Sample 91	2	1	1	32470	36.91	0.91
H7	Sample 91	2	1	2	37500	36.96	0.90
H7	Sample 91	2	1	3	42490	37	0.90
H7	Sample 91	2	1	4	47500	37	0.89
H7	Sample 91	2	1	5	52500	36.96	0.90
H7	Sample 91	2	1	6	57500	37	0.88
H7	Sample 91	2	1	7	62490	37	0.89
H7	Sample 91	2	1	8	67480	37	0.89
H7	Sample 91	2	1	9	72490	37	0.89
H7	Sample 91	2	1	10	77490	37	0.88
H7	Sample 91	2	1	11	82490	36.96	0.87
H7	Sample 91	2	1	12	87490	37	0.87
H7	Sample 91	2	1	13	92490	36.96	0.88
H7	Sample 91	2	1	14	97500	37	0.88
H7	Sample 91	2	1	15	102500	37	0.88
H8	Sample 92	2	1	1	32470	36.91	0.90
H8	Sample 92	2	1	2	37500	36.96	0.90
H8	Sample 92	2	1	3	42490	37	0.89
H8	Sample 92	2	1	4	47500	37	0.88
H8	Sample 92	2	1	5	52500	36.96	0.90
H8	Sample 92	2	1	6	57500	37	0.88
H8	Sample 92	2	1	7	62490	37	0.88
H8	Sample 92	2	1	8	67480	37	0.88
H8	Sample 92	2	1	9	72490	37	0.88
H8	Sample 92	2	1	10	77490	37	0.88
H8	Sample 92	2	1	11	82490	36.96	0.88
H8	Sample 92	2	1	12	87490	37	0.87
H8	Sample 92	2	1	13	92490	36.96	0.87
H8	Sample 92	2	1	14	97500	37	0.87
H8	Sample 92	2	1	15	102500	37	0.87
H9	Sample 93	2	1	1	32470	36.91	2.35
H9	Sample 93	2	1	2	37500	36.96	2.33
H9	Sample 93	2	1	3	42490	37	2.31
H9	Sample 93	2	1	4	47500	37	2.30
H9	Sample 93	2	1	5	52500	36.96	2.29
H9	Sample 93	2	1	6	57500	37	2.28
H9	Sample 93	2	1	7	62490	37	2.27
H9	Sample 93	2	1	8	67480	37	2.27
H9	Sample 93	2	1	9	72490	37	2.27
H9	Sample 93	2	1	10	77490	37	2.27
H9	Sample 93	2	1	11	82490	36.96	2.27
H9	Sample 93	2	1	12	87490	37	2.26
H9	Sample 93	2	1	13	92490	36.96	2.27
H9	Sample 93	2	1	14	97500	37	2.27
H9	Sample 93	2	1	15	102500	37	2.26
H10	Sample 94	2	1	1	32470	36.91	2.31
H10	Sample 94	2	1	2	37500	36.96	2.29
H10	Sample 94	2	1	3	42490	37	2.28
H10	Sample 94	2	1	4	47500	37	2.26
H10	Sample 94	2	1	5	52500	36.96	2.26
H10	Sample 94	2	1	6	57500	37	2.26
H10	Sample 94	2	1	7	62490	37	2.25
H10	Sample 94	2	1	8	67480	37	2.24
H10	Sample 94	2	1	9	72490	37	2.25
H10	Sample 94	2	1	10	77490	37	2.24
H10	Sample 94	2	1	11	82490	36.96	2.23
H10	Sample 94	2	1	12	87490	37	2.23
H10	Sample 94	2	1	13	92490	36.96	2.23
H10	Sample 94	2	1	14	97500	37	2.23
H10	Sample 94	2	1	15	102500	37	2.23
H11	Sample 95	2	1	1	32470	36.91	2.27
H11	Sample 95	2	1	2	37500	36.96	2.24
H11	Sample 95	2	1	3	42490	37	2.23
H11	Sample 95	2	1	4	47500	37	2.22
H11	Sample 95	2	1	5	52500	36.96	2.21
H11	Sample 95	2	1	6	57500	37	2.21
H11	Sample 95	2	1	7	62490	37	2.20
H11	Sample 95	2	1	8	67480	37	2.20
H11	Sample 95	2	1	9	72490	37	2.20
H11	Sample 95	2	1	10	77490	37	2.19
H11	Sample 95	2	1	11	82490	36.96	2.19
H11	Sample 95	2	1	12	87490	37	2.18
H11	Sample 95	2	1	13	92490	36.96	2.18
H11	Sample 95	2	1	14	97500	37	2.18
H11	Sample 95	2	1	15	102500	37	2.18
H12	Sample 96	2	1	1	32470	36.91	2.20
H12	Sample 96	2	1	2	37500	36.96	2.18
H12	Sample 96	2	1	3	42490	37	2.17
H12	Sample 96	2	1	4	47500	37	2.16
H12	Sample 96	2	1	5	52500	36.96	2.16
H12	Sample 96	2	1	6	57500	37	2.15
H12	Sample 96	2	1	7	62490	37	2.13
H12	Sample 96	2	1	8	67480	37	2.14
H12	Sample 96	2	1	9	72490	37	2.14
H12	Sample 96	2	1	10	77490	37	2.13
H12	Sample 96	2	1	11	82490	36.96	2.12
H12	Sample 96	2	1	12	87490	37	2.13
H12	Sample 96	2	1	13	92490	36.96	2.13
H12	Sample 96	2	1	14	97500	37	2.13
H12	Sample 96	2	1	15	102500	37	2.12
