Raw Data 		Experiment - evIC50_8_plate7_21APRIL2026 (Run on LCS480 1.5.1.62)
SamplePos	SampleName	Prog#	Seg#	Cycle#	Time	Temp	465-510	
A1	Sample 1	2	1	1	32060	36.91	0.75
A1	Sample 1	2	1	2	37060	37	0.75
A1	Sample 1	2	1	3	42070	36.96	0.74
A1	Sample 1	2	1	4	47070	36.96	0.75
A1	Sample 1	2	1	5	52070	37.06	0.74
A1	Sample 1	2	1	6	57080	37	0.74
A1	Sample 1	2	1	7	62080	37	0.74
A1	Sample 1	2	1	8	67070	36.91	0.74
A1	Sample 1	2	1	9	72070	36.96	0.73
A1	Sample 1	2	1	10	77080	37	0.73
A1	Sample 1	2	1	11	82070	36.96	0.74
A1	Sample 1	2	1	12	87070	36.96	0.73
A1	Sample 1	2	1	13	92060	37	0.74
A1	Sample 1	2	1	14	97090	37	0.73
A1	Sample 1	2	1	15	102080	36.96	0.73
A2	Sample 2	2	1	1	32060	36.91	0.73
A2	Sample 2	2	1	2	37060	37	0.72
A2	Sample 2	2	1	3	42070	36.96	0.72
A2	Sample 2	2	1	4	47070	36.96	0.72
A2	Sample 2	2	1	5	52070	37.06	0.71
A2	Sample 2	2	1	6	57080	37	0.71
A2	Sample 2	2	1	7	62080	37	0.71
A2	Sample 2	2	1	8	67070	36.91	0.71
A2	Sample 2	2	1	9	72070	36.96	0.71
A2	Sample 2	2	1	10	77080	37	0.71
A2	Sample 2	2	1	11	82070	36.96	0.71
A2	Sample 2	2	1	12	87070	36.96	0.70
A2	Sample 2	2	1	13	92060	37	0.71
A2	Sample 2	2	1	14	97090	37	0.70
A2	Sample 2	2	1	15	102080	36.96	0.70
A3	Sample 3	2	1	1	32060	36.91	0.81
A3	Sample 3	2	1	2	37060	37	0.80
A3	Sample 3	2	1	3	42070	36.96	0.80
A3	Sample 3	2	1	4	47070	36.96	0.80
A3	Sample 3	2	1	5	52070	37.06	0.79
A3	Sample 3	2	1	6	57080	37	0.78
A3	Sample 3	2	1	7	62080	37	0.78
A3	Sample 3	2	1	8	67070	36.91	0.78
A3	Sample 3	2	1	9	72070	36.96	0.78
A3	Sample 3	2	1	10	77080	37	0.78
A3	Sample 3	2	1	11	82070	36.96	0.78
A3	Sample 3	2	1	12	87070	36.96	0.78
A3	Sample 3	2	1	13	92060	37	0.78
A3	Sample 3	2	1	14	97090	37	0.78
A3	Sample 3	2	1	15	102080	36.96	0.78
A4	Sample 4	2	1	1	32060	36.91	0.76
A4	Sample 4	2	1	2	37060	37	0.75
A4	Sample 4	2	1	3	42070	36.96	0.74
A4	Sample 4	2	1	4	47070	36.96	0.74
A4	Sample 4	2	1	5	52070	37.06	0.74
A4	Sample 4	2	1	6	57080	37	0.74
A4	Sample 4	2	1	7	62080	37	0.74
A4	Sample 4	2	1	8	67070	36.91	0.73
A4	Sample 4	2	1	9	72070	36.96	0.73
A4	Sample 4	2	1	10	77080	37	0.73
A4	Sample 4	2	1	11	82070	36.96	0.73
A4	Sample 4	2	1	12	87070	36.96	0.73
A4	Sample 4	2	1	13	92060	37	0.73
A4	Sample 4	2	1	14	97090	37	0.73
A4	Sample 4	2	1	15	102080	36.96	0.72
A5	Sample 5	2	1	1	32060	36.91	1.39
A5	Sample 5	2	1	2	37060	37	1.37
A5	Sample 5	2	1	3	42070	36.96	1.37
A5	Sample 5	2	1	4	47070	36.96	1.36
A5	Sample 5	2	1	5	52070	37.06	1.35
A5	Sample 5	2	1	6	57080	37	1.35
A5	Sample 5	2	1	7	62080	37	1.34
A5	Sample 5	2	1	8	67070	36.91	1.34
A5	Sample 5	2	1	9	72070	36.96	1.33
A5	Sample 5	2	1	10	77080	37	1.34
A5	Sample 5	2	1	11	82070	36.96	1.34
A5	Sample 5	2	1	12	87070	36.96	1.34
A5	Sample 5	2	1	13	92060	37	1.33
A5	Sample 5	2	1	14	97090	37	1.33
A5	Sample 5	2	1	15	102080	36.96	1.32
A6	Sample 6	2	1	1	32060	36.91	1.42
A6	Sample 6	2	1	2	37060	37	1.40
A6	Sample 6	2	1	3	42070	36.96	1.39
A6	Sample 6	2	1	4	47070	36.96	1.38
A6	Sample 6	2	1	5	52070	37.06	1.38
A6	Sample 6	2	1	6	57080	37	1.37
A6	Sample 6	2	1	7	62080	37	1.36
A6	Sample 6	2	1	8	67070	36.91	1.37
A6	Sample 6	2	1	9	72070	36.96	1.36
A6	Sample 6	2	1	10	77080	37	1.36
A6	Sample 6	2	1	11	82070	36.96	1.36
A6	Sample 6	2	1	12	87070	36.96	1.37
A6	Sample 6	2	1	13	92060	37	1.37
A6	Sample 6	2	1	14	97090	37	1.36
A6	Sample 6	2	1	15	102080	36.96	1.35
A7	Sample 7	2	1	1	32060	36.91	1.46
A7	Sample 7	2	1	2	37060	37	1.44
A7	Sample 7	2	1	3	42070	36.96	1.43
A7	Sample 7	2	1	4	47070	36.96	1.42
A7	Sample 7	2	1	5	52070	37.06	1.41
A7	Sample 7	2	1	6	57080	37	1.41
A7	Sample 7	2	1	7	62080	37	1.41
A7	Sample 7	2	1	8	67070	36.91	1.40
A7	Sample 7	2	1	9	72070	36.96	1.40
A7	Sample 7	2	1	10	77080	37	1.40
A7	Sample 7	2	1	11	82070	36.96	1.40
A7	Sample 7	2	1	12	87070	36.96	1.40
A7	Sample 7	2	1	13	92060	37	1.40
A7	Sample 7	2	1	14	97090	37	1.40
A7	Sample 7	2	1	15	102080	36.96	1.40
A8	Sample 8	2	1	1	32060	36.91	1.42
A8	Sample 8	2	1	2	37060	37	1.41
A8	Sample 8	2	1	3	42070	36.96	1.39
A8	Sample 8	2	1	4	47070	36.96	1.38
A8	Sample 8	2	1	5	52070	37.06	1.38
A8	Sample 8	2	1	6	57080	37	1.37
A8	Sample 8	2	1	7	62080	37	1.38
A8	Sample 8	2	1	8	67070	36.91	1.37
A8	Sample 8	2	1	9	72070	36.96	1.36
A8	Sample 8	2	1	10	77080	37	1.36
A8	Sample 8	2	1	11	82070	36.96	1.36
A8	Sample 8	2	1	12	87070	36.96	1.36
A8	Sample 8	2	1	13	92060	37	1.36
A8	Sample 8	2	1	14	97090	37	1.37
A8	Sample 8	2	1	15	102080	36.96	1.36
A9	Sample 9	2	1	1	32060	36.91	1.52
A9	Sample 9	2	1	2	37060	37	1.49
A9	Sample 9	2	1	3	42070	36.96	1.48
A9	Sample 9	2	1	4	47070	36.96	1.49
A9	Sample 9	2	1	5	52070	37.06	1.46
A9	Sample 9	2	1	6	57080	37	1.47
A9	Sample 9	2	1	7	62080	37	1.46
A9	Sample 9	2	1	8	67070	36.91	1.46
A9	Sample 9	2	1	9	72070	36.96	1.46
A9	Sample 9	2	1	10	77080	37	1.46
A9	Sample 9	2	1	11	82070	36.96	1.46
A9	Sample 9	2	1	12	87070	36.96	1.45
A9	Sample 9	2	1	13	92060	37	1.46
A9	Sample 9	2	1	14	97090	37	1.46
A9	Sample 9	2	1	15	102080	36.96	1.46
A10	Sample 10	2	1	1	32060	36.91	1.52
A10	Sample 10	2	1	2	37060	37	1.49
A10	Sample 10	2	1	3	42070	36.96	1.49
A10	Sample 10	2	1	4	47070	36.96	1.48
A10	Sample 10	2	1	5	52070	37.06	1.46
A10	Sample 10	2	1	6	57080	37	1.46
A10	Sample 10	2	1	7	62080	37	1.46
A10	Sample 10	2	1	8	67070	36.91	1.46
A10	Sample 10	2	1	9	72070	36.96	1.46
A10	Sample 10	2	1	10	77080	37	1.46
A10	Sample 10	2	1	11	82070	36.96	1.46
A10	Sample 10	2	1	12	87070	36.96	1.46
A10	Sample 10	2	1	13	92060	37	1.45
A10	Sample 10	2	1	14	97090	37	1.46
A10	Sample 10	2	1	15	102080	36.96	1.46
A11	Sample 11	2	1	1	32060	36.91	1.59
A11	Sample 11	2	1	2	37060	37	1.57
A11	Sample 11	2	1	3	42070	36.96	1.57
A11	Sample 11	2	1	4	47070	36.96	1.55
A11	Sample 11	2	1	5	52070	37.06	1.55
A11	Sample 11	2	1	6	57080	37	1.55
A11	Sample 11	2	1	7	62080	37	1.54
A11	Sample 11	2	1	8	67070	36.91	1.53
A11	Sample 11	2	1	9	72070	36.96	1.53
A11	Sample 11	2	1	10	77080	37	1.53
A11	Sample 11	2	1	11	82070	36.96	1.53
A11	Sample 11	2	1	12	87070	36.96	1.54
A11	Sample 11	2	1	13	92060	37	1.53
A11	Sample 11	2	1	14	97090	37	1.54
A11	Sample 11	2	1	15	102080	36.96	1.54
A12	Sample 12	2	1	1	32060	36.91	1.35
A12	Sample 12	2	1	2	37060	37	1.34
A12	Sample 12	2	1	3	42070	36.96	1.33
A12	Sample 12	2	1	4	47070	36.96	1.32
A12	Sample 12	2	1	5	52070	37.06	1.31
A12	Sample 12	2	1	6	57080	37	1.31
A12	Sample 12	2	1	7	62080	37	1.31
A12	Sample 12	2	1	8	67070	36.91	1.30
A12	Sample 12	2	1	9	72070	36.96	1.30
A12	Sample 12	2	1	10	77080	37	1.31
A12	Sample 12	2	1	11	82070	36.96	1.30
A12	Sample 12	2	1	12	87070	36.96	1.30
A12	Sample 12	2	1	13	92060	37	1.30
A12	Sample 12	2	1	14	97090	37	1.30
A12	Sample 12	2	1	15	102080	36.96	1.30
B1	Sample 13	2	1	1	32060	36.91	0.67
B1	Sample 13	2	1	2	37060	37	0.68
B1	Sample 13	2	1	3	42070	36.96	0.66
B1	Sample 13	2	1	4	47070	36.96	0.66
B1	Sample 13	2	1	5	52070	37.06	0.66
B1	Sample 13	2	1	6	57080	37	0.65
B1	Sample 13	2	1	7	62080	37	0.65
B1	Sample 13	2	1	8	67070	36.91	0.65
B1	Sample 13	2	1	9	72070	36.96	0.65
B1	Sample 13	2	1	10	77080	37	0.65
B1	Sample 13	2	1	11	82070	36.96	0.65
B1	Sample 13	2	1	12	87070	36.96	0.65
B1	Sample 13	2	1	13	92060	37	0.65
B1	Sample 13	2	1	14	97090	37	0.65
B1	Sample 13	2	1	15	102080	36.96	0.65
B2	Sample 14	2	1	1	32060	36.91	0.68
B2	Sample 14	2	1	2	37060	37	0.67
B2	Sample 14	2	1	3	42070	36.96	0.67
B2	Sample 14	2	1	4	47070	36.96	0.67
B2	Sample 14	2	1	5	52070	37.06	0.65
B2	Sample 14	2	1	6	57080	37	0.66
B2	Sample 14	2	1	7	62080	37	0.66
B2	Sample 14	2	1	8	67070	36.91	0.65
B2	Sample 14	2	1	9	72070	36.96	0.65
B2	Sample 14	2	1	10	77080	37	0.66
B2	Sample 14	2	1	11	82070	36.96	0.65
B2	Sample 14	2	1	12	87070	36.96	0.66
B2	Sample 14	2	1	13	92060	37	0.65
B2	Sample 14	2	1	14	97090	37	0.65
B2	Sample 14	2	1	15	102080	36.96	0.65
B3	Sample 15	2	1	1	32060	36.91	0.73
B3	Sample 15	2	1	2	37060	37	0.72
B3	Sample 15	2	1	3	42070	36.96	0.71
B3	Sample 15	2	1	4	47070	36.96	0.71
B3	Sample 15	2	1	5	52070	37.06	0.71
B3	Sample 15	2	1	6	57080	37	0.70
B3	Sample 15	2	1	7	62080	37	0.70
B3	Sample 15	2	1	8	67070	36.91	0.70
B3	Sample 15	2	1	9	72070	36.96	0.70
B3	Sample 15	2	1	10	77080	37	0.70
B3	Sample 15	2	1	11	82070	36.96	0.70
B3	Sample 15	2	1	12	87070	36.96	0.70
B3	Sample 15	2	1	13	92060	37	0.70
B3	Sample 15	2	1	14	97090	37	0.70
B3	Sample 15	2	1	15	102080	36.96	0.69
B4	Sample 16	2	1	1	32060	36.91	0.74
B4	Sample 16	2	1	2	37060	37	0.73
B4	Sample 16	2	1	3	42070	36.96	0.73
B4	Sample 16	2	1	4	47070	36.96	0.73
B4	Sample 16	2	1	5	52070	37.06	0.72
B4	Sample 16	2	1	6	57080	37	0.71
B4	Sample 16	2	1	7	62080	37	0.71
B4	Sample 16	2	1	8	67070	36.91	0.71
B4	Sample 16	2	1	9	72070	36.96	0.71
B4	Sample 16	2	1	10	77080	37	0.71
B4	Sample 16	2	1	11	82070	36.96	0.70
B4	Sample 16	2	1	12	87070	36.96	0.70
B4	Sample 16	2	1	13	92060	37	0.71
B4	Sample 16	2	1	14	97090	37	0.70
B4	Sample 16	2	1	15	102080	36.96	0.70
B5	Sample 17	2	1	1	32060	36.91	1.39
B5	Sample 17	2	1	2	37060	37	1.37
B5	Sample 17	2	1	3	42070	36.96	1.36
B5	Sample 17	2	1	4	47070	36.96	1.35
B5	Sample 17	2	1	5	52070	37.06	1.33
B5	Sample 17	2	1	6	57080	37	1.32
B5	Sample 17	2	1	7	62080	37	1.33
B5	Sample 17	2	1	8	67070	36.91	1.32
B5	Sample 17	2	1	9	72070	36.96	1.32
B5	Sample 17	2	1	10	77080	37	1.32
B5	Sample 17	2	1	11	82070	36.96	1.32
B5	Sample 17	2	1	12	87070	36.96	1.32
B5	Sample 17	2	1	13	92060	37	1.32
B5	Sample 17	2	1	14	97090	37	1.32
B5	Sample 17	2	1	15	102080	36.96	1.32
B6	Sample 18	2	1	1	32060	36.91	1.35
B6	Sample 18	2	1	2	37060	37	1.34
B6	Sample 18	2	1	3	42070	36.96	1.33
B6	Sample 18	2	1	4	47070	36.96	1.32
B6	Sample 18	2	1	5	52070	37.06	1.31
B6	Sample 18	2	1	6	57080	37	1.30
B6	Sample 18	2	1	7	62080	37	1.30
B6	Sample 18	2	1	8	67070	36.91	1.30
B6	Sample 18	2	1	9	72070	36.96	1.30
B6	Sample 18	2	1	10	77080	37	1.29
B6	Sample 18	2	1	11	82070	36.96	1.29
B6	Sample 18	2	1	12	87070	36.96	1.29
B6	Sample 18	2	1	13	92060	37	1.30
B6	Sample 18	2	1	14	97090	37	1.29
B6	Sample 18	2	1	15	102080	36.96	1.29
B7	Sample 19	2	1	1	32060	36.91	1.40
B7	Sample 19	2	1	2	37060	37	1.39
B7	Sample 19	2	1	3	42070	36.96	1.37
B7	Sample 19	2	1	4	47070	36.96	1.36
B7	Sample 19	2	1	5	52070	37.06	1.35
B7	Sample 19	2	1	6	57080	37	1.35
B7	Sample 19	2	1	7	62080	37	1.36
B7	Sample 19	2	1	8	67070	36.91	1.35
B7	Sample 19	2	1	9	72070	36.96	1.35
B7	Sample 19	2	1	10	77080	37	1.35
B7	Sample 19	2	1	11	82070	36.96	1.34
B7	Sample 19	2	1	12	87070	36.96	1.34
B7	Sample 19	2	1	13	92060	37	1.35
B7	Sample 19	2	1	14	97090	37	1.34
B7	Sample 19	2	1	15	102080	36.96	1.34
B8	Sample 20	2	1	1	32060	36.91	1.35
B8	Sample 20	2	1	2	37060	37	1.34
B8	Sample 20	2	1	3	42070	36.96	1.33
B8	Sample 20	2	1	4	47070	36.96	1.31
B8	Sample 20	2	1	5	52070	37.06	1.31
B8	Sample 20	2	1	6	57080	37	1.30
B8	Sample 20	2	1	7	62080	37	1.31
B8	Sample 20	2	1	8	67070	36.91	1.30
B8	Sample 20	2	1	9	72070	36.96	1.30
B8	Sample 20	2	1	10	77080	37	1.30
B8	Sample 20	2	1	11	82070	36.96	1.29
B8	Sample 20	2	1	12	87070	36.96	1.29
B8	Sample 20	2	1	13	92060	37	1.29
B8	Sample 20	2	1	14	97090	37	1.29
B8	Sample 20	2	1	15	102080	36.96	1.29
B9	Sample 21	2	1	1	32060	36.91	1.52
B9	Sample 21	2	1	2	37060	37	1.51
B9	Sample 21	2	1	3	42070	36.96	1.50
B9	Sample 21	2	1	4	47070	36.96	1.48
B9	Sample 21	2	1	5	52070	37.06	1.47
B9	Sample 21	2	1	6	57080	37	1.47
B9	Sample 21	2	1	7	62080	37	1.48
B9	Sample 21	2	1	8	67070	36.91	1.47
B9	Sample 21	2	1	9	72070	36.96	1.46
B9	Sample 21	2	1	10	77080	37	1.47
B9	Sample 21	2	1	11	82070	36.96	1.46
B9	Sample 21	2	1	12	87070	36.96	1.47
B9	Sample 21	2	1	13	92060	37	1.46
B9	Sample 21	2	1	14	97090	37	1.46
B9	Sample 21	2	1	15	102080	36.96	1.46
B10	Sample 22	2	1	1	32060	36.91	1.48
B10	Sample 22	2	1	2	37060	37	1.46
B10	Sample 22	2	1	3	42070	36.96	1.45
B10	Sample 22	2	1	4	47070	36.96	1.44
B10	Sample 22	2	1	5	52070	37.06	1.43
B10	Sample 22	2	1	6	57080	37	1.42
B10	Sample 22	2	1	7	62080	37	1.42
B10	Sample 22	2	1	8	67070	36.91	1.42
B10	Sample 22	2	1	9	72070	36.96	1.42
B10	Sample 22	2	1	10	77080	37	1.43
B10	Sample 22	2	1	11	82070	36.96	1.41
B10	Sample 22	2	1	12	87070	36.96	1.42
B10	Sample 22	2	1	13	92060	37	1.42
B10	Sample 22	2	1	14	97090	37	1.41
B10	Sample 22	2	1	15	102080	36.96	1.42
B11	Sample 23	2	1	1	32060	36.91	1.54
B11	Sample 23	2	1	2	37060	37	1.53
B11	Sample 23	2	1	3	42070	36.96	1.52
B11	Sample 23	2	1	4	47070	36.96	1.50
B11	Sample 23	2	1	5	52070	37.06	1.50
B11	Sample 23	2	1	6	57080	37	1.49
B11	Sample 23	2	1	7	62080	37	1.49
B11	Sample 23	2	1	8	67070	36.91	1.49
B11	Sample 23	2	1	9	72070	36.96	1.49
B11	Sample 23	2	1	10	77080	37	1.50
B11	Sample 23	2	1	11	82070	36.96	1.49
B11	Sample 23	2	1	12	87070	36.96	1.49
B11	Sample 23	2	1	13	92060	37	1.49
B11	Sample 23	2	1	14	97090	37	1.48
B11	Sample 23	2	1	15	102080	36.96	1.49
B12	Sample 24	2	1	1	32060	36.91	1.38
B12	Sample 24	2	1	2	37060	37	1.36
B12	Sample 24	2	1	3	42070	36.96	1.35
B12	Sample 24	2	1	4	47070	36.96	1.34
B12	Sample 24	2	1	5	52070	37.06	1.33
B12	Sample 24	2	1	6	57080	37	1.33
B12	Sample 24	2	1	7	62080	37	1.32
B12	Sample 24	2	1	8	67070	36.91	1.32
B12	Sample 24	2	1	9	72070	36.96	1.32
B12	Sample 24	2	1	10	77080	37	1.32
B12	Sample 24	2	1	11	82070	36.96	1.32
B12	Sample 24	2	1	12	87070	36.96	1.32
B12	Sample 24	2	1	13	92060	37	1.32
B12	Sample 24	2	1	14	97090	37	1.32
B12	Sample 24	2	1	15	102080	36.96	1.32
C1	Sample 25	2	1	1	32060	36.91	0.69
C1	Sample 25	2	1	2	37060	37	0.68
C1	Sample 25	2	1	3	42070	36.96	0.67
C1	Sample 25	2	1	4	47070	36.96	0.67
C1	Sample 25	2	1	5	52070	37.06	0.67
C1	Sample 25	2	1	6	57080	37	0.67
C1	Sample 25	2	1	7	62080	37	0.67
C1	Sample 25	2	1	8	67070	36.91	0.66
C1	Sample 25	2	1	9	72070	36.96	0.66
C1	Sample 25	2	1	10	77080	37	0.66
C1	Sample 25	2	1	11	82070	36.96	0.66
C1	Sample 25	2	1	12	87070	36.96	0.67
C1	Sample 25	2	1	13	92060	37	0.66
C1	Sample 25	2	1	14	97090	37	0.66
C1	Sample 25	2	1	15	102080	36.96	0.66
C2	Sample 26	2	1	1	32060	36.91	0.70
C2	Sample 26	2	1	2	37060	37	0.69
C2	Sample 26	2	1	3	42070	36.96	0.68
C2	Sample 26	2	1	4	47070	36.96	0.68
C2	Sample 26	2	1	5	52070	37.06	0.67
C2	Sample 26	2	1	6	57080	37	0.67
C2	Sample 26	2	1	7	62080	37	0.67
C2	Sample 26	2	1	8	67070	36.91	0.68
C2	Sample 26	2	1	9	72070	36.96	0.67
C2	Sample 26	2	1	10	77080	37	0.67
C2	Sample 26	2	1	11	82070	36.96	0.67
C2	Sample 26	2	1	12	87070	36.96	0.67
C2	Sample 26	2	1	13	92060	37	0.67
C2	Sample 26	2	1	14	97090	37	0.67
C2	Sample 26	2	1	15	102080	36.96	0.67
C3	Sample 27	2	1	1	32060	36.91	0.74
C3	Sample 27	2	1	2	37060	37	0.73
C3	Sample 27	2	1	3	42070	36.96	0.73
C3	Sample 27	2	1	4	47070	36.96	0.72
C3	Sample 27	2	1	5	52070	37.06	0.72
C3	Sample 27	2	1	6	57080	37	0.72
C3	Sample 27	2	1	7	62080	37	0.72
C3	Sample 27	2	1	8	67070	36.91	0.71
C3	Sample 27	2	1	9	72070	36.96	0.71
C3	Sample 27	2	1	10	77080	37	0.71
C3	Sample 27	2	1	11	82070	36.96	0.72
C3	Sample 27	2	1	12	87070	36.96	0.71
C3	Sample 27	2	1	13	92060	37	0.71
C3	Sample 27	2	1	14	97090	37	0.71
C3	Sample 27	2	1	15	102080	36.96	0.71
C4	Sample 28	2	1	1	32060	36.91	0.78
C4	Sample 28	2	1	2	37060	37	0.76
C4	Sample 28	2	1	3	42070	36.96	0.76
C4	Sample 28	2	1	4	47070	36.96	0.75
C4	Sample 28	2	1	5	52070	37.06	0.75
C4	Sample 28	2	1	6	57080	37	0.75
C4	Sample 28	2	1	7	62080	37	0.75
C4	Sample 28	2	1	8	67070	36.91	0.75
C4	Sample 28	2	1	9	72070	36.96	0.75
C4	Sample 28	2	1	10	77080	37	0.74
C4	Sample 28	2	1	11	82070	36.96	0.74
C4	Sample 28	2	1	12	87070	36.96	0.74
C4	Sample 28	2	1	13	92060	37	0.75
C4	Sample 28	2	1	14	97090	37	0.74
C4	Sample 28	2	1	15	102080	36.96	0.74
C5	Sample 29	2	1	1	32060	36.91	1.37
C5	Sample 29	2	1	2	37060	37	1.35
C5	Sample 29	2	1	3	42070	36.96	1.34
C5	Sample 29	2	1	4	47070	36.96	1.32
C5	Sample 29	2	1	5	52070	37.06	1.32
C5	Sample 29	2	1	6	57080	37	1.31
C5	Sample 29	2	1	7	62080	37	1.31
C5	Sample 29	2	1	8	67070	36.91	1.31
C5	Sample 29	2	1	9	72070	36.96	1.30
C5	Sample 29	2	1	10	77080	37	1.31
C5	Sample 29	2	1	11	82070	36.96	1.31
C5	Sample 29	2	1	12	87070	36.96	1.31
C5	Sample 29	2	1	13	92060	37	1.31
C5	Sample 29	2	1	14	97090	37	1.31
C5	Sample 29	2	1	15	102080	36.96	1.30
C6	Sample 30	2	1	1	32060	36.91	1.40
C6	Sample 30	2	1	2	37060	37	1.38
C6	Sample 30	2	1	3	42070	36.96	1.37
C6	Sample 30	2	1	4	47070	36.96	1.36
C6	Sample 30	2	1	5	52070	37.06	1.36
C6	Sample 30	2	1	6	57080	37	1.35
C6	Sample 30	2	1	7	62080	37	1.35
C6	Sample 30	2	1	8	67070	36.91	1.34
C6	Sample 30	2	1	9	72070	36.96	1.35
C6	Sample 30	2	1	10	77080	37	1.34
C6	Sample 30	2	1	11	82070	36.96	1.35
C6	Sample 30	2	1	12	87070	36.96	1.35
C6	Sample 30	2	1	13	92060	37	1.35
C6	Sample 30	2	1	14	97090	37	1.35
C6	Sample 30	2	1	15	102080	36.96	1.35
C7	Sample 31	2	1	1	32060	36.91	1.43
C7	Sample 31	2	1	2	37060	37	1.42
C7	Sample 31	2	1	3	42070	36.96	1.41
C7	Sample 31	2	1	4	47070	36.96	1.40
C7	Sample 31	2	1	5	52070	37.06	1.39
C7	Sample 31	2	1	6	57080	37	1.39
C7	Sample 31	2	1	7	62080	37	1.40
C7	Sample 31	2	1	8	67070	36.91	1.39
C7	Sample 31	2	1	9	72070	36.96	1.39
C7	Sample 31	2	1	10	77080	37	1.39
C7	Sample 31	2	1	11	82070	36.96	1.39
C7	Sample 31	2	1	12	87070	36.96	1.38
C7	Sample 31	2	1	13	92060	37	1.38
C7	Sample 31	2	1	14	97090	37	1.38
C7	Sample 31	2	1	15	102080	36.96	1.39
C8	Sample 32	2	1	1	32060	36.91	1.33
C8	Sample 32	2	1	2	37060	37	1.31
C8	Sample 32	2	1	3	42070	36.96	1.30
C8	Sample 32	2	1	4	47070	36.96	1.29
C8	Sample 32	2	1	5	52070	37.06	1.28
C8	Sample 32	2	1	6	57080	37	1.28
C8	Sample 32	2	1	7	62080	37	1.28
C8	Sample 32	2	1	8	67070	36.91	1.27
C8	Sample 32	2	1	9	72070	36.96	1.28
C8	Sample 32	2	1	10	77080	37	1.27
C8	Sample 32	2	1	11	82070	36.96	1.27
C8	Sample 32	2	1	12	87070	36.96	1.27
C8	Sample 32	2	1	13	92060	37	1.27
C8	Sample 32	2	1	14	97090	37	1.27
C8	Sample 32	2	1	15	102080	36.96	1.27
C9	Sample 33	2	1	1	32060	36.91	1.52
C9	Sample 33	2	1	2	37060	37	1.49
C9	Sample 33	2	1	3	42070	36.96	1.48
C9	Sample 33	2	1	4	47070	36.96	1.48
C9	Sample 33	2	1	5	52070	37.06	1.47
C9	Sample 33	2	1	6	57080	37	1.46
C9	Sample 33	2	1	7	62080	37	1.46
C9	Sample 33	2	1	8	67070	36.91	1.46
C9	Sample 33	2	1	9	72070	36.96	1.46
C9	Sample 33	2	1	10	77080	37	1.46
C9	Sample 33	2	1	11	82070	36.96	1.46
C9	Sample 33	2	1	12	87070	36.96	1.46
C9	Sample 33	2	1	13	92060	37	1.46
C9	Sample 33	2	1	14	97090	37	1.45
C9	Sample 33	2	1	15	102080	36.96	1.45
C10	Sample 34	2	1	1	32060	36.91	1.48
C10	Sample 34	2	1	2	37060	37	1.47
C10	Sample 34	2	1	3	42070	36.96	1.45
C10	Sample 34	2	1	4	47070	36.96	1.44
C10	Sample 34	2	1	5	52070	37.06	1.44
C10	Sample 34	2	1	6	57080	37	1.44
C10	Sample 34	2	1	7	62080	37	1.44
C10	Sample 34	2	1	8	67070	36.91	1.43
C10	Sample 34	2	1	9	72070	36.96	1.43
C10	Sample 34	2	1	10	77080	37	1.43
C10	Sample 34	2	1	11	82070	36.96	1.42
C10	Sample 34	2	1	12	87070	36.96	1.42
C10	Sample 34	2	1	13	92060	37	1.42
C10	Sample 34	2	1	14	97090	37	1.42
C10	Sample 34	2	1	15	102080	36.96	1.41
C11	Sample 35	2	1	1	32060	36.91	1.49
C11	Sample 35	2	1	2	37060	37	1.48
C11	Sample 35	2	1	3	42070	36.96	1.46
C11	Sample 35	2	1	4	47070	36.96	1.46
C11	Sample 35	2	1	5	52070	37.06	1.45
C11	Sample 35	2	1	6	57080	37	1.44
C11	Sample 35	2	1	7	62080	37	1.44
C11	Sample 35	2	1	8	67070	36.91	1.44
C11	Sample 35	2	1	9	72070	36.96	1.44
C11	Sample 35	2	1	10	77080	37	1.43
C11	Sample 35	2	1	11	82070	36.96	1.42
C11	Sample 35	2	1	12	87070	36.96	1.43
C11	Sample 35	2	1	13	92060	37	1.43
C11	Sample 35	2	1	14	97090	37	1.42
C11	Sample 35	2	1	15	102080	36.96	1.43
C12	Sample 36	2	1	1	32060	36.91	1.40
C12	Sample 36	2	1	2	37060	37	1.38
C12	Sample 36	2	1	3	42070	36.96	1.38
C12	Sample 36	2	1	4	47070	36.96	1.37
C12	Sample 36	2	1	5	52070	37.06	1.36
C12	Sample 36	2	1	6	57080	37	1.36
C12	Sample 36	2	1	7	62080	37	1.36
C12	Sample 36	2	1	8	67070	36.91	1.35
C12	Sample 36	2	1	9	72070	36.96	1.35
C12	Sample 36	2	1	10	77080	37	1.35
C12	Sample 36	2	1	11	82070	36.96	1.35
C12	Sample 36	2	1	12	87070	36.96	1.35
C12	Sample 36	2	1	13	92060	37	1.34
C12	Sample 36	2	1	14	97090	37	1.34
C12	Sample 36	2	1	15	102080	36.96	1.34
D1	Sample 37	2	1	1	32060	36.91	0.72
D1	Sample 37	2	1	2	37060	37	0.71
D1	Sample 37	2	1	3	42070	36.96	0.70
D1	Sample 37	2	1	4	47070	36.96	0.70
D1	Sample 37	2	1	5	52070	37.06	0.69
D1	Sample 37	2	1	6	57080	37	0.69
D1	Sample 37	2	1	7	62080	37	0.69
D1	Sample 37	2	1	8	67070	36.91	0.68
D1	Sample 37	2	1	9	72070	36.96	0.69
D1	Sample 37	2	1	10	77080	37	0.68
D1	Sample 37	2	1	11	82070	36.96	0.69
D1	Sample 37	2	1	12	87070	36.96	0.68
D1	Sample 37	2	1	13	92060	37	0.68
D1	Sample 37	2	1	14	97090	37	0.69
D1	Sample 37	2	1	15	102080	36.96	0.68
D2	Sample 38	2	1	1	32060	36.91	0.70
D2	Sample 38	2	1	2	37060	37	0.69
D2	Sample 38	2	1	3	42070	36.96	0.68
D2	Sample 38	2	1	4	47070	36.96	0.68
D2	Sample 38	2	1	5	52070	37.06	0.68
D2	Sample 38	2	1	6	57080	37	0.68
D2	Sample 38	2	1	7	62080	37	0.67
D2	Sample 38	2	1	8	67070	36.91	0.67
D2	Sample 38	2	1	9	72070	36.96	0.67
D2	Sample 38	2	1	10	77080	37	0.67
D2	Sample 38	2	1	11	82070	36.96	0.67
D2	Sample 38	2	1	12	87070	36.96	0.67
D2	Sample 38	2	1	13	92060	37	0.67
D2	Sample 38	2	1	14	97090	37	0.67
D2	Sample 38	2	1	15	102080	36.96	0.67
D3	Sample 39	2	1	1	32060	36.91	0.75
D3	Sample 39	2	1	2	37060	37	0.74
D3	Sample 39	2	1	3	42070	36.96	0.73
D3	Sample 39	2	1	4	47070	36.96	0.73
D3	Sample 39	2	1	5	52070	37.06	0.72
D3	Sample 39	2	1	6	57080	37	0.72
D3	Sample 39	2	1	7	62080	37	0.72
D3	Sample 39	2	1	8	67070	36.91	0.72
D3	Sample 39	2	1	9	72070	36.96	0.72
D3	Sample 39	2	1	10	77080	37	0.72
D3	Sample 39	2	1	11	82070	36.96	0.72
D3	Sample 39	2	1	12	87070	36.96	0.72
D3	Sample 39	2	1	13	92060	37	0.71
D3	Sample 39	2	1	14	97090	37	0.72
D3	Sample 39	2	1	15	102080	36.96	0.72
D4	Sample 40	2	1	1	32060	36.91	0.75
D4	Sample 40	2	1	2	37060	37	0.74
D4	Sample 40	2	1	3	42070	36.96	0.73
D4	Sample 40	2	1	4	47070	36.96	0.73
D4	Sample 40	2	1	5	52070	37.06	0.72
D4	Sample 40	2	1	6	57080	37	0.72
D4	Sample 40	2	1	7	62080	37	0.73
D4	Sample 40	2	1	8	67070	36.91	0.72
D4	Sample 40	2	1	9	72070	36.96	0.72
D4	Sample 40	2	1	10	77080	37	0.72
D4	Sample 40	2	1	11	82070	36.96	0.72
D4	Sample 40	2	1	12	87070	36.96	0.71
D4	Sample 40	2	1	13	92060	37	0.71
D4	Sample 40	2	1	14	97090	37	0.72
D4	Sample 40	2	1	15	102080	36.96	0.71
D5	Sample 41	2	1	1	32060	36.91	1.35
D5	Sample 41	2	1	2	37060	37	1.33
D5	Sample 41	2	1	3	42070	36.96	1.31
D5	Sample 41	2	1	4	47070	36.96	1.31
D5	Sample 41	2	1	5	52070	37.06	1.31
D5	Sample 41	2	1	6	57080	37	1.31
D5	Sample 41	2	1	7	62080	37	1.31
D5	Sample 41	2	1	8	67070	36.91	1.30
D5	Sample 41	2	1	9	72070	36.96	1.30
D5	Sample 41	2	1	10	77080	37	1.30
D5	Sample 41	2	1	11	82070	36.96	1.31
D5	Sample 41	2	1	12	87070	36.96	1.30
D5	Sample 41	2	1	13	92060	37	1.30
D5	Sample 41	2	1	14	97090	37	1.30
D5	Sample 41	2	1	15	102080	36.96	1.30
D6	Sample 42	2	1	1	32060	36.91	1.34
D6	Sample 42	2	1	2	37060	37	1.32
D6	Sample 42	2	1	3	42070	36.96	1.31
D6	Sample 42	2	1	4	47070	36.96	1.30
D6	Sample 42	2	1	5	52070	37.06	1.29
D6	Sample 42	2	1	6	57080	37	1.29
D6	Sample 42	2	1	7	62080	37	1.29
D6	Sample 42	2	1	8	67070	36.91	1.29
D6	Sample 42	2	1	9	72070	36.96	1.29
D6	Sample 42	2	1	10	77080	37	1.28
D6	Sample 42	2	1	11	82070	36.96	1.28
D6	Sample 42	2	1	12	87070	36.96	1.28
D6	Sample 42	2	1	13	92060	37	1.27
D6	Sample 42	2	1	14	97090	37	1.29
D6	Sample 42	2	1	15	102080	36.96	1.28
D7	Sample 43	2	1	1	32060	36.91	1.47
D7	Sample 43	2	1	2	37060	37	1.45
D7	Sample 43	2	1	3	42070	36.96	1.44
D7	Sample 43	2	1	4	47070	36.96	1.42
D7	Sample 43	2	1	5	52070	37.06	1.42
D7	Sample 43	2	1	6	57080	37	1.42
D7	Sample 43	2	1	7	62080	37	1.41
D7	Sample 43	2	1	8	67070	36.91	1.41
D7	Sample 43	2	1	9	72070	36.96	1.41
D7	Sample 43	2	1	10	77080	37	1.41
D7	Sample 43	2	1	11	82070	36.96	1.41
D7	Sample 43	2	1	12	87070	36.96	1.41
D7	Sample 43	2	1	13	92060	37	1.40
D7	Sample 43	2	1	14	97090	37	1.42
D7	Sample 43	2	1	15	102080	36.96	1.41
D8	Sample 44	2	1	1	32060	36.91	1.39
D8	Sample 44	2	1	2	37060	37	1.37
D8	Sample 44	2	1	3	42070	36.96	1.35
D8	Sample 44	2	1	4	47070	36.96	1.34
D8	Sample 44	2	1	5	52070	37.06	1.34
D8	Sample 44	2	1	6	57080	37	1.34
D8	Sample 44	2	1	7	62080	37	1.33
D8	Sample 44	2	1	8	67070	36.91	1.33
D8	Sample 44	2	1	9	72070	36.96	1.32
D8	Sample 44	2	1	10	77080	37	1.33
D8	Sample 44	2	1	11	82070	36.96	1.34
D8	Sample 44	2	1	12	87070	36.96	1.33
D8	Sample 44	2	1	13	92060	37	1.32
D8	Sample 44	2	1	14	97090	37	1.33
D8	Sample 44	2	1	15	102080	36.96	1.33
D9	Sample 45	2	1	1	32060	36.91	1.52
D9	Sample 45	2	1	2	37060	37	1.50
D9	Sample 45	2	1	3	42070	36.96	1.49
D9	Sample 45	2	1	4	47070	36.96	1.49
D9	Sample 45	2	1	5	52070	37.06	1.49
D9	Sample 45	2	1	6	57080	37	1.49
D9	Sample 45	2	1	7	62080	37	1.48
D9	Sample 45	2	1	8	67070	36.91	1.48
D9	Sample 45	2	1	9	72070	36.96	1.49
D9	Sample 45	2	1	10	77080	37	1.48
D9	Sample 45	2	1	11	82070	36.96	1.48
D9	Sample 45	2	1	12	87070	36.96	1.48
D9	Sample 45	2	1	13	92060	37	1.48
D9	Sample 45	2	1	14	97090	37	1.48
D9	Sample 45	2	1	15	102080	36.96	1.48
D10	Sample 46	2	1	1	32060	36.91	1.54
D10	Sample 46	2	1	2	37060	37	1.52
D10	Sample 46	2	1	3	42070	36.96	1.51
D10	Sample 46	2	1	4	47070	36.96	1.50
D10	Sample 46	2	1	5	52070	37.06	1.49
D10	Sample 46	2	1	6	57080	37	1.48
D10	Sample 46	2	1	7	62080	37	1.48
D10	Sample 46	2	1	8	67070	36.91	1.48
D10	Sample 46	2	1	9	72070	36.96	1.48
D10	Sample 46	2	1	10	77080	37	1.48
D10	Sample 46	2	1	11	82070	36.96	1.48
D10	Sample 46	2	1	12	87070	36.96	1.48
D10	Sample 46	2	1	13	92060	37	1.48
D10	Sample 46	2	1	14	97090	37	1.48
D10	Sample 46	2	1	15	102080	36.96	1.47
D11	Sample 47	2	1	1	32060	36.91	1.74
D11	Sample 47	2	1	2	37060	37	1.72
D11	Sample 47	2	1	3	42070	36.96	1.70
D11	Sample 47	2	1	4	47070	36.96	1.68
D11	Sample 47	2	1	5	52070	37.06	1.68
D11	Sample 47	2	1	6	57080	37	1.67
D11	Sample 47	2	1	7	62080	37	1.68
D11	Sample 47	2	1	8	67070	36.91	1.68
D11	Sample 47	2	1	9	72070	36.96	1.67
D11	Sample 47	2	1	10	77080	37	1.67
D11	Sample 47	2	1	11	82070	36.96	1.68
D11	Sample 47	2	1	12	87070	36.96	1.67
D11	Sample 47	2	1	13	92060	37	1.66
D11	Sample 47	2	1	14	97090	37	1.67
D11	Sample 47	2	1	15	102080	36.96	1.67
D12	Sample 48	2	1	1	32060	36.91	1.56
D12	Sample 48	2	1	2	37060	37	1.54
D12	Sample 48	2	1	3	42070	36.96	1.52
D12	Sample 48	2	1	4	47070	36.96	1.51
D12	Sample 48	2	1	5	52070	37.06	1.51
D12	Sample 48	2	1	6	57080	37	1.50
D12	Sample 48	2	1	7	62080	37	1.50
D12	Sample 48	2	1	8	67070	36.91	1.49
D12	Sample 48	2	1	9	72070	36.96	1.48
D12	Sample 48	2	1	10	77080	37	1.49
D12	Sample 48	2	1	11	82070	36.96	1.49
D12	Sample 48	2	1	12	87070	36.96	1.49
D12	Sample 48	2	1	13	92060	37	1.48
D12	Sample 48	2	1	14	97090	37	1.49
D12	Sample 48	2	1	15	102080	36.96	1.49
E1	Sample 49	2	1	1	32060	36.91	0.71
E1	Sample 49	2	1	2	37060	37	0.70
E1	Sample 49	2	1	3	42070	36.96	0.70
E1	Sample 49	2	1	4	47070	36.96	0.70
E1	Sample 49	2	1	5	52070	37.06	0.69
E1	Sample 49	2	1	6	57080	37	0.68
E1	Sample 49	2	1	7	62080	37	0.68
E1	Sample 49	2	1	8	67070	36.91	0.69
E1	Sample 49	2	1	9	72070	36.96	0.68
E1	Sample 49	2	1	10	77080	37	0.69
E1	Sample 49	2	1	11	82070	36.96	0.68
E1	Sample 49	2	1	12	87070	36.96	0.68
E1	Sample 49	2	1	13	92060	37	0.68
E1	Sample 49	2	1	14	97090	37	0.68
E1	Sample 49	2	1	15	102080	36.96	0.68
E2	Sample 50	2	1	1	32060	36.91	0.72
E2	Sample 50	2	1	2	37060	37	0.71
E2	Sample 50	2	1	3	42070	36.96	0.70
E2	Sample 50	2	1	4	47070	36.96	0.70
E2	Sample 50	2	1	5	52070	37.06	0.69
E2	Sample 50	2	1	6	57080	37	0.69
E2	Sample 50	2	1	7	62080	37	0.69
E2	Sample 50	2	1	8	67070	36.91	0.69
E2	Sample 50	2	1	9	72070	36.96	0.69
E2	Sample 50	2	1	10	77080	37	0.69
E2	Sample 50	2	1	11	82070	36.96	0.69
E2	Sample 50	2	1	12	87070	36.96	0.69
E2	Sample 50	2	1	13	92060	37	0.69
E2	Sample 50	2	1	14	97090	37	0.69
E2	Sample 50	2	1	15	102080	36.96	0.69
E3	Sample 51	2	1	1	32060	36.91	0.76
E3	Sample 51	2	1	2	37060	37	0.74
E3	Sample 51	2	1	3	42070	36.96	0.74
E3	Sample 51	2	1	4	47070	36.96	0.74
E3	Sample 51	2	1	5	52070	37.06	0.74
E3	Sample 51	2	1	6	57080	37	0.73
E3	Sample 51	2	1	7	62080	37	0.73
E3	Sample 51	2	1	8	67070	36.91	0.73
E3	Sample 51	2	1	9	72070	36.96	0.73
E3	Sample 51	2	1	10	77080	37	0.73
E3	Sample 51	2	1	11	82070	36.96	0.73
E3	Sample 51	2	1	12	87070	36.96	0.73
E3	Sample 51	2	1	13	92060	37	0.73
E3	Sample 51	2	1	14	97090	37	0.73
E3	Sample 51	2	1	15	102080	36.96	0.73
E4	Sample 52	2	1	1	32060	36.91	0.76
E4	Sample 52	2	1	2	37060	37	0.75
E4	Sample 52	2	1	3	42070	36.96	0.74
E4	Sample 52	2	1	4	47070	36.96	0.74
E4	Sample 52	2	1	5	52070	37.06	0.74
E4	Sample 52	2	1	6	57080	37	0.73
E4	Sample 52	2	1	7	62080	37	0.73
E4	Sample 52	2	1	8	67070	36.91	0.73
E4	Sample 52	2	1	9	72070	36.96	0.73
E4	Sample 52	2	1	10	77080	37	0.73
E4	Sample 52	2	1	11	82070	36.96	0.73
E4	Sample 52	2	1	12	87070	36.96	0.72
E4	Sample 52	2	1	13	92060	37	0.72
E4	Sample 52	2	1	14	97090	37	0.72
E4	Sample 52	2	1	15	102080	36.96	0.72
E5	Sample 53	2	1	1	32060	36.91	1.47
E5	Sample 53	2	1	2	37060	37	1.45
E5	Sample 53	2	1	3	42070	36.96	1.43
E5	Sample 53	2	1	4	47070	36.96	1.42
E5	Sample 53	2	1	5	52070	37.06	1.42
E5	Sample 53	2	1	6	57080	37	1.41
E5	Sample 53	2	1	7	62080	37	1.41
E5	Sample 53	2	1	8	67070	36.91	1.41
E5	Sample 53	2	1	9	72070	36.96	1.41
E5	Sample 53	2	1	10	77080	37	1.42
E5	Sample 53	2	1	11	82070	36.96	1.41
E5	Sample 53	2	1	12	87070	36.96	1.41
E5	Sample 53	2	1	13	92060	37	1.41
E5	Sample 53	2	1	14	97090	37	1.41
E5	Sample 53	2	1	15	102080	36.96	1.41
E6	Sample 54	2	1	1	32060	36.91	1.39
E6	Sample 54	2	1	2	37060	37	1.37
E6	Sample 54	2	1	3	42070	36.96	1.35
E6	Sample 54	2	1	4	47070	36.96	1.34
E6	Sample 54	2	1	5	52070	37.06	1.33
E6	Sample 54	2	1	6	57080	37	1.34
E6	Sample 54	2	1	7	62080	37	1.34
E6	Sample 54	2	1	8	67070	36.91	1.34
E6	Sample 54	2	1	9	72070	36.96	1.33
E6	Sample 54	2	1	10	77080	37	1.33
E6	Sample 54	2	1	11	82070	36.96	1.33
E6	Sample 54	2	1	12	87070	36.96	1.33
E6	Sample 54	2	1	13	92060	37	1.33
E6	Sample 54	2	1	14	97090	37	1.33
E6	Sample 54	2	1	15	102080	36.96	1.32
E7	Sample 55	2	1	1	32060	36.91	1.62
E7	Sample 55	2	1	2	37060	37	1.60
E7	Sample 55	2	1	3	42070	36.96	1.58
E7	Sample 55	2	1	4	47070	36.96	1.57
E7	Sample 55	2	1	5	52070	37.06	1.58
E7	Sample 55	2	1	6	57080	37	1.56
E7	Sample 55	2	1	7	62080	37	1.56
E7	Sample 55	2	1	8	67070	36.91	1.56
E7	Sample 55	2	1	9	72070	36.96	1.56
E7	Sample 55	2	1	10	77080	37	1.56
E7	Sample 55	2	1	11	82070	36.96	1.56
E7	Sample 55	2	1	12	87070	36.96	1.56
E7	Sample 55	2	1	13	92060	37	1.56
E7	Sample 55	2	1	14	97090	37	1.56
E7	Sample 55	2	1	15	102080	36.96	1.56
E8	Sample 56	2	1	1	32060	36.91	1.51
E8	Sample 56	2	1	2	37060	37	1.48
E8	Sample 56	2	1	3	42070	36.96	1.47
E8	Sample 56	2	1	4	47070	36.96	1.47
E8	Sample 56	2	1	5	52070	37.06	1.46
E8	Sample 56	2	1	6	57080	37	1.46
E8	Sample 56	2	1	7	62080	37	1.45
E8	Sample 56	2	1	8	67070	36.91	1.46
E8	Sample 56	2	1	9	72070	36.96	1.46
E8	Sample 56	2	1	10	77080	37	1.46
E8	Sample 56	2	1	11	82070	36.96	1.46
E8	Sample 56	2	1	12	87070	36.96	1.46
E8	Sample 56	2	1	13	92060	37	1.45
E8	Sample 56	2	1	14	97090	37	1.46
E8	Sample 56	2	1	15	102080	36.96	1.45
E9	Sample 57	2	1	1	32060	36.91	1.89
E9	Sample 57	2	1	2	37060	37	1.87
E9	Sample 57	2	1	3	42070	36.96	1.85
E9	Sample 57	2	1	4	47070	36.96	1.84
E9	Sample 57	2	1	5	52070	37.06	1.83
E9	Sample 57	2	1	6	57080	37	1.83
E9	Sample 57	2	1	7	62080	37	1.83
E9	Sample 57	2	1	8	67070	36.91	1.83
E9	Sample 57	2	1	9	72070	36.96	1.83
E9	Sample 57	2	1	10	77080	37	1.83
E9	Sample 57	2	1	11	82070	36.96	1.83
E9	Sample 57	2	1	12	87070	36.96	1.83
E9	Sample 57	2	1	13	92060	37	1.83
E9	Sample 57	2	1	14	97090	37	1.83
E9	Sample 57	2	1	15	102080	36.96	1.82
E10	Sample 58	2	1	1	32060	36.91	1.99
E10	Sample 58	2	1	2	37060	37	1.97
E10	Sample 58	2	1	3	42070	36.96	1.94
E10	Sample 58	2	1	4	47070	36.96	1.94
E10	Sample 58	2	1	5	52070	37.06	1.93
E10	Sample 58	2	1	6	57080	37	1.92
E10	Sample 58	2	1	7	62080	37	1.92
E10	Sample 58	2	1	8	67070	36.91	1.92
E10	Sample 58	2	1	9	72070	36.96	1.92
E10	Sample 58	2	1	10	77080	37	1.92
E10	Sample 58	2	1	11	82070	36.96	1.92
E10	Sample 58	2	1	12	87070	36.96	1.92
E10	Sample 58	2	1	13	92060	37	1.91
E10	Sample 58	2	1	14	97090	37	1.91
E10	Sample 58	2	1	15	102080	36.96	1.92
E11	Sample 59	2	1	1	32060	36.91	2.22
E11	Sample 59	2	1	2	37060	37	2.19
E11	Sample 59	2	1	3	42070	36.96	2.16
E11	Sample 59	2	1	4	47070	36.96	2.17
E11	Sample 59	2	1	5	52070	37.06	2.16
E11	Sample 59	2	1	6	57080	37	2.14
E11	Sample 59	2	1	7	62080	37	2.14
E11	Sample 59	2	1	8	67070	36.91	2.14
E11	Sample 59	2	1	9	72070	36.96	2.13
E11	Sample 59	2	1	10	77080	37	2.13
E11	Sample 59	2	1	11	82070	36.96	2.14
E11	Sample 59	2	1	12	87070	36.96	2.14
E11	Sample 59	2	1	13	92060	37	2.13
E11	Sample 59	2	1	14	97090	37	2.13
E11	Sample 59	2	1	15	102080	36.96	2.13
E12	Sample 60	2	1	1	32060	36.91	2.05
E12	Sample 60	2	1	2	37060	37	2.02
E12	Sample 60	2	1	3	42070	36.96	1.99
E12	Sample 60	2	1	4	47070	36.96	1.99
E12	Sample 60	2	1	5	52070	37.06	1.98
E12	Sample 60	2	1	6	57080	37	1.97
E12	Sample 60	2	1	7	62080	37	1.97
E12	Sample 60	2	1	8	67070	36.91	1.97
E12	Sample 60	2	1	9	72070	36.96	1.96
E12	Sample 60	2	1	10	77080	37	1.96
E12	Sample 60	2	1	11	82070	36.96	1.96
E12	Sample 60	2	1	12	87070	36.96	1.95
E12	Sample 60	2	1	13	92060	37	1.96
E12	Sample 60	2	1	14	97090	37	1.95
E12	Sample 60	2	1	15	102080	36.96	1.96
F1	Sample 61	2	1	1	32060	36.91	0.69
F1	Sample 61	2	1	2	37060	37	0.68
F1	Sample 61	2	1	3	42070	36.96	0.68
F1	Sample 61	2	1	4	47070	36.96	0.68
F1	Sample 61	2	1	5	52070	37.06	0.68
F1	Sample 61	2	1	6	57080	37	0.68
F1	Sample 61	2	1	7	62080	37	0.67
F1	Sample 61	2	1	8	67070	36.91	0.67
F1	Sample 61	2	1	9	72070	36.96	0.68
F1	Sample 61	2	1	10	77080	37	0.67
F1	Sample 61	2	1	11	82070	36.96	0.67
F1	Sample 61	2	1	12	87070	36.96	0.67
F1	Sample 61	2	1	13	92060	37	0.66
F1	Sample 61	2	1	14	97090	37	0.66
F1	Sample 61	2	1	15	102080	36.96	0.67
F2	Sample 62	2	1	1	32060	36.91	0.72
F2	Sample 62	2	1	2	37060	37	0.72
F2	Sample 62	2	1	3	42070	36.96	0.71
F2	Sample 62	2	1	4	47070	36.96	0.71
F2	Sample 62	2	1	5	52070	37.06	0.70
F2	Sample 62	2	1	6	57080	37	0.70
F2	Sample 62	2	1	7	62080	37	0.70
F2	Sample 62	2	1	8	67070	36.91	0.70
F2	Sample 62	2	1	9	72070	36.96	0.70
F2	Sample 62	2	1	10	77080	37	0.69
F2	Sample 62	2	1	11	82070	36.96	0.69
F2	Sample 62	2	1	12	87070	36.96	0.70
F2	Sample 62	2	1	13	92060	37	0.69
F2	Sample 62	2	1	14	97090	37	0.69
F2	Sample 62	2	1	15	102080	36.96	0.69
F3	Sample 63	2	1	1	32060	36.91	0.77
F3	Sample 63	2	1	2	37060	37	0.76
F3	Sample 63	2	1	3	42070	36.96	0.75
F3	Sample 63	2	1	4	47070	36.96	0.75
F3	Sample 63	2	1	5	52070	37.06	0.74
F3	Sample 63	2	1	6	57080	37	0.74
F3	Sample 63	2	1	7	62080	37	0.74
F3	Sample 63	2	1	8	67070	36.91	0.75
F3	Sample 63	2	1	9	72070	36.96	0.75
F3	Sample 63	2	1	10	77080	37	0.75
F3	Sample 63	2	1	11	82070	36.96	0.74
F3	Sample 63	2	1	12	87070	36.96	0.75
F3	Sample 63	2	1	13	92060	37	0.74
F3	Sample 63	2	1	14	97090	37	0.74
F3	Sample 63	2	1	15	102080	36.96	0.75
F4	Sample 64	2	1	1	32060	36.91	0.77
F4	Sample 64	2	1	2	37060	37	0.76
F4	Sample 64	2	1	3	42070	36.96	0.76
F4	Sample 64	2	1	4	47070	36.96	0.75
F4	Sample 64	2	1	5	52070	37.06	0.75
F4	Sample 64	2	1	6	57080	37	0.74
F4	Sample 64	2	1	7	62080	37	0.74
F4	Sample 64	2	1	8	67070	36.91	0.74
F4	Sample 64	2	1	9	72070	36.96	0.74
F4	Sample 64	2	1	10	77080	37	0.74
F4	Sample 64	2	1	11	82070	36.96	0.74
F4	Sample 64	2	1	12	87070	36.96	0.74
F4	Sample 64	2	1	13	92060	37	0.74
F4	Sample 64	2	1	14	97090	37	0.74
F4	Sample 64	2	1	15	102080	36.96	0.73
F5	Sample 65	2	1	1	32060	36.91	1.61
F5	Sample 65	2	1	2	37060	37	1.58
F5	Sample 65	2	1	3	42070	36.96	1.58
F5	Sample 65	2	1	4	47070	36.96	1.58
F5	Sample 65	2	1	5	52070	37.06	1.57
F5	Sample 65	2	1	6	57080	37	1.56
F5	Sample 65	2	1	7	62080	37	1.56
F5	Sample 65	2	1	8	67070	36.91	1.56
F5	Sample 65	2	1	9	72070	36.96	1.57
F5	Sample 65	2	1	10	77080	37	1.57
F5	Sample 65	2	1	11	82070	36.96	1.56
F5	Sample 65	2	1	12	87070	36.96	1.56
F5	Sample 65	2	1	13	92060	37	1.56
F5	Sample 65	2	1	14	97090	37	1.56
F5	Sample 65	2	1	15	102080	36.96	1.56
F6	Sample 66	2	1	1	32060	36.91	1.48
F6	Sample 66	2	1	2	37060	37	1.47
F6	Sample 66	2	1	3	42070	36.96	1.45
F6	Sample 66	2	1	4	47070	36.96	1.44
F6	Sample 66	2	1	5	52070	37.06	1.43
F6	Sample 66	2	1	6	57080	37	1.43
F6	Sample 66	2	1	7	62080	37	1.43
F6	Sample 66	2	1	8	67070	36.91	1.42
F6	Sample 66	2	1	9	72070	36.96	1.43
F6	Sample 66	2	1	10	77080	37	1.43
F6	Sample 66	2	1	11	82070	36.96	1.43
F6	Sample 66	2	1	12	87070	36.96	1.42
F6	Sample 66	2	1	13	92060	37	1.42
F6	Sample 66	2	1	14	97090	37	1.42
F6	Sample 66	2	1	15	102080	36.96	1.42
F7	Sample 67	2	1	1	32060	36.91	1.62
F7	Sample 67	2	1	2	37060	37	1.59
F7	Sample 67	2	1	3	42070	36.96	1.57
F7	Sample 67	2	1	4	47070	36.96	1.57
F7	Sample 67	2	1	5	52070	37.06	1.56
F7	Sample 67	2	1	6	57080	37	1.55
F7	Sample 67	2	1	7	62080	37	1.56
F7	Sample 67	2	1	8	67070	36.91	1.56
F7	Sample 67	2	1	9	72070	36.96	1.55
F7	Sample 67	2	1	10	77080	37	1.55
F7	Sample 67	2	1	11	82070	36.96	1.54
F7	Sample 67	2	1	12	87070	36.96	1.54
F7	Sample 67	2	1	13	92060	37	1.54
F7	Sample 67	2	1	14	97090	37	1.53
F7	Sample 67	2	1	15	102080	36.96	1.53
F8	Sample 68	2	1	1	32060	36.91	1.55
F8	Sample 68	2	1	2	37060	37	1.52
F8	Sample 68	2	1	3	42070	36.96	1.51
F8	Sample 68	2	1	4	47070	36.96	1.51
F8	Sample 68	2	1	5	52070	37.06	1.49
F8	Sample 68	2	1	6	57080	37	1.49
F8	Sample 68	2	1	7	62080	37	1.49
F8	Sample 68	2	1	8	67070	36.91	1.50
F8	Sample 68	2	1	9	72070	36.96	1.49
F8	Sample 68	2	1	10	77080	37	1.49
F8	Sample 68	2	1	11	82070	36.96	1.48
F8	Sample 68	2	1	12	87070	36.96	1.49
F8	Sample 68	2	1	13	92060	37	1.48
F8	Sample 68	2	1	14	97090	37	1.48
F8	Sample 68	2	1	15	102080	36.96	1.48
F9	Sample 69	2	1	1	32060	36.91	2.43
F9	Sample 69	2	1	2	37060	37	2.40
F9	Sample 69	2	1	3	42070	36.96	2.38
F9	Sample 69	2	1	4	47070	36.96	2.37
F9	Sample 69	2	1	5	52070	37.06	2.35
F9	Sample 69	2	1	6	57080	37	2.35
F9	Sample 69	2	1	7	62080	37	2.35
F9	Sample 69	2	1	8	67070	36.91	2.34
F9	Sample 69	2	1	9	72070	36.96	2.35
F9	Sample 69	2	1	10	77080	37	2.35
F9	Sample 69	2	1	11	82070	36.96	2.35
F9	Sample 69	2	1	12	87070	36.96	2.35
F9	Sample 69	2	1	13	92060	37	2.34
F9	Sample 69	2	1	14	97090	37	2.35
F9	Sample 69	2	1	15	102080	36.96	2.34
F10	Sample 70	2	1	1	32060	36.91	2.38
F10	Sample 70	2	1	2	37060	37	2.34
F10	Sample 70	2	1	3	42070	36.96	2.32
F10	Sample 70	2	1	4	47070	36.96	2.31
F10	Sample 70	2	1	5	52070	37.06	2.30
F10	Sample 70	2	1	6	57080	37	2.30
F10	Sample 70	2	1	7	62080	37	2.29
F10	Sample 70	2	1	8	67070	36.91	2.30
F10	Sample 70	2	1	9	72070	36.96	2.30
F10	Sample 70	2	1	10	77080	37	2.29
F10	Sample 70	2	1	11	82070	36.96	2.29
F10	Sample 70	2	1	12	87070	36.96	2.29
F10	Sample 70	2	1	13	92060	37	2.29
F10	Sample 70	2	1	14	97090	37	2.29
F10	Sample 70	2	1	15	102080	36.96	2.29
F11	Sample 71	2	1	1	32060	36.91	2.45
F11	Sample 71	2	1	2	37060	37	2.43
F11	Sample 71	2	1	3	42070	36.96	2.40
F11	Sample 71	2	1	4	47070	36.96	2.38
F11	Sample 71	2	1	5	52070	37.06	2.37
F11	Sample 71	2	1	6	57080	37	2.38
F11	Sample 71	2	1	7	62080	37	2.37
F11	Sample 71	2	1	8	67070	36.91	2.37
F11	Sample 71	2	1	9	72070	36.96	2.38
F11	Sample 71	2	1	10	77080	37	2.37
F11	Sample 71	2	1	11	82070	36.96	2.37
F11	Sample 71	2	1	12	87070	36.96	2.37
F11	Sample 71	2	1	13	92060	37	2.37
F11	Sample 71	2	1	14	97090	37	2.35
F11	Sample 71	2	1	15	102080	36.96	2.36
F12	Sample 72	2	1	1	32060	36.91	2.16
F12	Sample 72	2	1	2	37060	37	2.13
F12	Sample 72	2	1	3	42070	36.96	2.11
F12	Sample 72	2	1	4	47070	36.96	2.10
F12	Sample 72	2	1	5	52070	37.06	2.09
F12	Sample 72	2	1	6	57080	37	2.08
F12	Sample 72	2	1	7	62080	37	2.07
F12	Sample 72	2	1	8	67070	36.91	2.08
F12	Sample 72	2	1	9	72070	36.96	2.08
F12	Sample 72	2	1	10	77080	37	2.07
F12	Sample 72	2	1	11	82070	36.96	2.06
F12	Sample 72	2	1	12	87070	36.96	2.07
F12	Sample 72	2	1	13	92060	37	2.06
F12	Sample 72	2	1	14	97090	37	2.06
F12	Sample 72	2	1	15	102080	36.96	2.06
G1	Sample 73	2	1	1	32060	36.91	0.71
G1	Sample 73	2	1	2	37060	37	0.70
G1	Sample 73	2	1	3	42070	36.96	0.69
G1	Sample 73	2	1	4	47070	36.96	0.69
G1	Sample 73	2	1	5	52070	37.06	0.69
G1	Sample 73	2	1	6	57080	37	0.69
G1	Sample 73	2	1	7	62080	37	0.69
G1	Sample 73	2	1	8	67070	36.91	0.68
G1	Sample 73	2	1	9	72070	36.96	0.67
G1	Sample 73	2	1	10	77080	37	0.68
G1	Sample 73	2	1	11	82070	36.96	0.69
G1	Sample 73	2	1	12	87070	36.96	0.68
G1	Sample 73	2	1	13	92060	37	0.68
G1	Sample 73	2	1	14	97090	37	0.68
G1	Sample 73	2	1	15	102080	36.96	0.67
G2	Sample 74	2	1	1	32060	36.91	0.73
G2	Sample 74	2	1	2	37060	37	0.72
G2	Sample 74	2	1	3	42070	36.96	0.71
G2	Sample 74	2	1	4	47070	36.96	0.71
G2	Sample 74	2	1	5	52070	37.06	0.71
G2	Sample 74	2	1	6	57080	37	0.71
G2	Sample 74	2	1	7	62080	37	0.71
G2	Sample 74	2	1	8	67070	36.91	0.70
G2	Sample 74	2	1	9	72070	36.96	0.70
G2	Sample 74	2	1	10	77080	37	0.71
G2	Sample 74	2	1	11	82070	36.96	0.71
G2	Sample 74	2	1	12	87070	36.96	0.70
G2	Sample 74	2	1	13	92060	37	0.70
G2	Sample 74	2	1	14	97090	37	0.70
G2	Sample 74	2	1	15	102080	36.96	0.70
G3	Sample 75	2	1	1	32060	36.91	0.75
G3	Sample 75	2	1	2	37060	37	0.74
G3	Sample 75	2	1	3	42070	36.96	0.74
G3	Sample 75	2	1	4	47070	36.96	0.74
G3	Sample 75	2	1	5	52070	37.06	0.73
G3	Sample 75	2	1	6	57080	37	0.73
G3	Sample 75	2	1	7	62080	37	0.73
G3	Sample 75	2	1	8	67070	36.91	0.72
G3	Sample 75	2	1	9	72070	36.96	0.72
G3	Sample 75	2	1	10	77080	37	0.73
G3	Sample 75	2	1	11	82070	36.96	0.73
G3	Sample 75	2	1	12	87070	36.96	0.73
G3	Sample 75	2	1	13	92060	37	0.73
G3	Sample 75	2	1	14	97090	37	0.73
G3	Sample 75	2	1	15	102080	36.96	0.73
G4	Sample 76	2	1	1	32060	36.91	0.75
G4	Sample 76	2	1	2	37060	37	0.73
G4	Sample 76	2	1	3	42070	36.96	0.72
G4	Sample 76	2	1	4	47070	36.96	0.73
G4	Sample 76	2	1	5	52070	37.06	0.72
G4	Sample 76	2	1	6	57080	37	0.72
G4	Sample 76	2	1	7	62080	37	0.71
G4	Sample 76	2	1	8	67070	36.91	0.71
G4	Sample 76	2	1	9	72070	36.96	0.70
G4	Sample 76	2	1	10	77080	37	0.71
G4	Sample 76	2	1	11	82070	36.96	0.71
G4	Sample 76	2	1	12	87070	36.96	0.71
G4	Sample 76	2	1	13	92060	37	0.71
G4	Sample 76	2	1	14	97090	37	0.71
G4	Sample 76	2	1	15	102080	36.96	0.70
G5	Sample 77	2	1	1	32060	36.91	1.65
G5	Sample 77	2	1	2	37060	37	1.64
G5	Sample 77	2	1	3	42070	36.96	1.62
G5	Sample 77	2	1	4	47070	36.96	1.61
G5	Sample 77	2	1	5	52070	37.06	1.60
G5	Sample 77	2	1	6	57080	37	1.60
G5	Sample 77	2	1	7	62080	37	1.60
G5	Sample 77	2	1	8	67070	36.91	1.59
G5	Sample 77	2	1	9	72070	36.96	1.58
G5	Sample 77	2	1	10	77080	37	1.59
G5	Sample 77	2	1	11	82070	36.96	1.59
G5	Sample 77	2	1	12	87070	36.96	1.58
G5	Sample 77	2	1	13	92060	37	1.59
G5	Sample 77	2	1	14	97090	37	1.58
G5	Sample 77	2	1	15	102080	36.96	1.58
G6	Sample 78	2	1	1	32060	36.91	1.56
G6	Sample 78	2	1	2	37060	37	1.54
G6	Sample 78	2	1	3	42070	36.96	1.52
G6	Sample 78	2	1	4	47070	36.96	1.52
G6	Sample 78	2	1	5	52070	37.06	1.51
G6	Sample 78	2	1	6	57080	37	1.51
G6	Sample 78	2	1	7	62080	37	1.51
G6	Sample 78	2	1	8	67070	36.91	1.50
G6	Sample 78	2	1	9	72070	36.96	1.50
G6	Sample 78	2	1	10	77080	37	1.50
G6	Sample 78	2	1	11	82070	36.96	1.51
G6	Sample 78	2	1	12	87070	36.96	1.50
G6	Sample 78	2	1	13	92060	37	1.50
G6	Sample 78	2	1	14	97090	37	1.51
G6	Sample 78	2	1	15	102080	36.96	1.50
G7	Sample 79	2	1	1	32060	36.91	1.55
G7	Sample 79	2	1	2	37060	37	1.54
G7	Sample 79	2	1	3	42070	36.96	1.51
G7	Sample 79	2	1	4	47070	36.96	1.50
G7	Sample 79	2	1	5	52070	37.06	1.50
G7	Sample 79	2	1	6	57080	37	1.51
G7	Sample 79	2	1	7	62080	37	1.50
G7	Sample 79	2	1	8	67070	36.91	1.49
G7	Sample 79	2	1	9	72070	36.96	1.49
G7	Sample 79	2	1	10	77080	37	1.49
G7	Sample 79	2	1	11	82070	36.96	1.50
G7	Sample 79	2	1	12	87070	36.96	1.49
G7	Sample 79	2	1	13	92060	37	1.49
G7	Sample 79	2	1	14	97090	37	1.49
G7	Sample 79	2	1	15	102080	36.96	1.49
G8	Sample 80	2	1	1	32060	36.91	1.50
G8	Sample 80	2	1	2	37060	37	1.48
G8	Sample 80	2	1	3	42070	36.96	1.46
G8	Sample 80	2	1	4	47070	36.96	1.46
G8	Sample 80	2	1	5	52070	37.06	1.45
G8	Sample 80	2	1	6	57080	37	1.46
G8	Sample 80	2	1	7	62080	37	1.45
G8	Sample 80	2	1	8	67070	36.91	1.44
G8	Sample 80	2	1	9	72070	36.96	1.44
G8	Sample 80	2	1	10	77080	37	1.45
G8	Sample 80	2	1	11	82070	36.96	1.45
G8	Sample 80	2	1	12	87070	36.96	1.44
G8	Sample 80	2	1	13	92060	37	1.44
G8	Sample 80	2	1	14	97090	37	1.44
G8	Sample 80	2	1	15	102080	36.96	1.44
G9	Sample 81	2	1	1	32060	36.91	2.38
G9	Sample 81	2	1	2	37060	37	2.35
G9	Sample 81	2	1	3	42070	36.96	2.32
G9	Sample 81	2	1	4	47070	36.96	2.31
G9	Sample 81	2	1	5	52070	37.06	2.30
G9	Sample 81	2	1	6	57080	37	2.30
G9	Sample 81	2	1	7	62080	37	2.31
G9	Sample 81	2	1	8	67070	36.91	2.30
G9	Sample 81	2	1	9	72070	36.96	2.29
G9	Sample 81	2	1	10	77080	37	2.31
G9	Sample 81	2	1	11	82070	36.96	2.30
G9	Sample 81	2	1	12	87070	36.96	2.30
G9	Sample 81	2	1	13	92060	37	2.30
G9	Sample 81	2	1	14	97090	37	2.30
G9	Sample 81	2	1	15	102080	36.96	2.30
G10	Sample 82	2	1	1	32060	36.91	2.36
G10	Sample 82	2	1	2	37060	37	2.33
G10	Sample 82	2	1	3	42070	36.96	2.31
G10	Sample 82	2	1	4	47070	36.96	2.31
G10	Sample 82	2	1	5	52070	37.06	2.30
G10	Sample 82	2	1	6	57080	37	2.29
G10	Sample 82	2	1	7	62080	37	2.29
G10	Sample 82	2	1	8	67070	36.91	2.29
G10	Sample 82	2	1	9	72070	36.96	2.29
G10	Sample 82	2	1	10	77080	37	2.29
G10	Sample 82	2	1	11	82070	36.96	2.29
G10	Sample 82	2	1	12	87070	36.96	2.28
G10	Sample 82	2	1	13	92060	37	2.28
G10	Sample 82	2	1	14	97090	37	2.29
G10	Sample 82	2	1	15	102080	36.96	2.29
G11	Sample 83	2	1	1	32060	36.91	2.43
G11	Sample 83	2	1	2	37060	37	2.40
G11	Sample 83	2	1	3	42070	36.96	2.38
G11	Sample 83	2	1	4	47070	36.96	2.37
G11	Sample 83	2	1	5	52070	37.06	2.36
G11	Sample 83	2	1	6	57080	37	2.36
G11	Sample 83	2	1	7	62080	37	2.36
G11	Sample 83	2	1	8	67070	36.91	2.35
G11	Sample 83	2	1	9	72070	36.96	2.35
G11	Sample 83	2	1	10	77080	37	2.35
G11	Sample 83	2	1	11	82070	36.96	2.35
G11	Sample 83	2	1	12	87070	36.96	2.35
G11	Sample 83	2	1	13	92060	37	2.36
G11	Sample 83	2	1	14	97090	37	2.35
G11	Sample 83	2	1	15	102080	36.96	2.35
G12	Sample 84	2	1	1	32060	36.91	2.14
G12	Sample 84	2	1	2	37060	37	2.12
G12	Sample 84	2	1	3	42070	36.96	2.10
G12	Sample 84	2	1	4	47070	36.96	2.09
G12	Sample 84	2	1	5	52070	37.06	2.08
G12	Sample 84	2	1	6	57080	37	2.07
G12	Sample 84	2	1	7	62080	37	2.07
G12	Sample 84	2	1	8	67070	36.91	2.05
G12	Sample 84	2	1	9	72070	36.96	2.05
G12	Sample 84	2	1	10	77080	37	2.05
G12	Sample 84	2	1	11	82070	36.96	2.06
G12	Sample 84	2	1	12	87070	36.96	2.05
G12	Sample 84	2	1	13	92060	37	2.05
G12	Sample 84	2	1	14	97090	37	2.05
G12	Sample 84	2	1	15	102080	36.96	2.05
H1	Sample 85	2	1	1	32060	36.91	0.62
H1	Sample 85	2	1	2	37060	37	0.62
H1	Sample 85	2	1	3	42070	36.96	0.63
H1	Sample 85	2	1	4	47070	36.96	0.64
H1	Sample 85	2	1	5	52070	37.06	0.64
H1	Sample 85	2	1	6	57080	37	0.65
H1	Sample 85	2	1	7	62080	37	0.67
H1	Sample 85	2	1	8	67070	36.91	0.66
H1	Sample 85	2	1	9	72070	36.96	0.66
H1	Sample 85	2	1	10	77080	37	0.66
H1	Sample 85	2	1	11	82070	36.96	0.67
H1	Sample 85	2	1	12	87070	36.96	0.67
H1	Sample 85	2	1	13	92060	37	0.66
H1	Sample 85	2	1	14	97090	37	0.67
H1	Sample 85	2	1	15	102080	36.96	0.66
H2	Sample 86	2	1	1	32060	36.91	0.70
H2	Sample 86	2	1	2	37060	37	0.69
H2	Sample 86	2	1	3	42070	36.96	0.69
H2	Sample 86	2	1	4	47070	36.96	0.69
H2	Sample 86	2	1	5	52070	37.06	0.68
H2	Sample 86	2	1	6	57080	37	0.68
H2	Sample 86	2	1	7	62080	37	0.68
H2	Sample 86	2	1	8	67070	36.91	0.67
H2	Sample 86	2	1	9	72070	36.96	0.67
H2	Sample 86	2	1	10	77080	37	0.67
H2	Sample 86	2	1	11	82070	36.96	0.67
H2	Sample 86	2	1	12	87070	36.96	0.67
H2	Sample 86	2	1	13	92060	37	0.67
H2	Sample 86	2	1	14	97090	37	0.67
H2	Sample 86	2	1	15	102080	36.96	0.67
H3	Sample 87	2	1	1	32060	36.91	0.74
H3	Sample 87	2	1	2	37060	37	0.74
H3	Sample 87	2	1	3	42070	36.96	0.73
H3	Sample 87	2	1	4	47070	36.96	0.73
H3	Sample 87	2	1	5	52070	37.06	0.73
H3	Sample 87	2	1	6	57080	37	0.73
H3	Sample 87	2	1	7	62080	37	0.73
H3	Sample 87	2	1	8	67070	36.91	0.73
H3	Sample 87	2	1	9	72070	36.96	0.72
H3	Sample 87	2	1	10	77080	37	0.73
H3	Sample 87	2	1	11	82070	36.96	0.73
H3	Sample 87	2	1	12	87070	36.96	0.72
H3	Sample 87	2	1	13	92060	37	0.72
H3	Sample 87	2	1	14	97090	37	0.73
H3	Sample 87	2	1	15	102080	36.96	0.72
H4	Sample 88	2	1	1	32060	36.91	0.72
H4	Sample 88	2	1	2	37060	37	0.72
H4	Sample 88	2	1	3	42070	36.96	0.71
H4	Sample 88	2	1	4	47070	36.96	0.71
H4	Sample 88	2	1	5	52070	37.06	0.70
H4	Sample 88	2	1	6	57080	37	0.71
H4	Sample 88	2	1	7	62080	37	0.71
H4	Sample 88	2	1	8	67070	36.91	0.71
H4	Sample 88	2	1	9	72070	36.96	0.70
H4	Sample 88	2	1	10	77080	37	0.70
H4	Sample 88	2	1	11	82070	36.96	0.70
H4	Sample 88	2	1	12	87070	36.96	0.70
H4	Sample 88	2	1	13	92060	37	0.70
H4	Sample 88	2	1	14	97090	37	0.70
H4	Sample 88	2	1	15	102080	36.96	0.70
H5	Sample 89	2	1	1	32060	36.91	1.68
H5	Sample 89	2	1	2	37060	37	1.65
H5	Sample 89	2	1	3	42070	36.96	1.64
H5	Sample 89	2	1	4	47070	36.96	1.64
H5	Sample 89	2	1	5	52070	37.06	1.62
H5	Sample 89	2	1	6	57080	37	1.62
H5	Sample 89	2	1	7	62080	37	1.62
H5	Sample 89	2	1	8	67070	36.91	1.62
H5	Sample 89	2	1	9	72070	36.96	1.61
H5	Sample 89	2	1	10	77080	37	1.61
H5	Sample 89	2	1	11	82070	36.96	1.61
H5	Sample 89	2	1	12	87070	36.96	1.61
H5	Sample 89	2	1	13	92060	37	1.61
H5	Sample 89	2	1	14	97090	37	1.61
H5	Sample 89	2	1	15	102080	36.96	1.61
H6	Sample 90	2	1	1	32060	36.91	1.56
H6	Sample 90	2	1	2	37060	37	1.55
H6	Sample 90	2	1	3	42070	36.96	1.54
H6	Sample 90	2	1	4	47070	36.96	1.53
H6	Sample 90	2	1	5	52070	37.06	1.53
H6	Sample 90	2	1	6	57080	37	1.51
H6	Sample 90	2	1	7	62080	37	1.52
H6	Sample 90	2	1	8	67070	36.91	1.51
H6	Sample 90	2	1	9	72070	36.96	1.51
H6	Sample 90	2	1	10	77080	37	1.50
H6	Sample 90	2	1	11	82070	36.96	1.50
H6	Sample 90	2	1	12	87070	36.96	1.50
H6	Sample 90	2	1	13	92060	37	1.49
H6	Sample 90	2	1	14	97090	37	1.49
H6	Sample 90	2	1	15	102080	36.96	1.49
H7	Sample 91	2	1	1	32060	36.91	1.58
H7	Sample 91	2	1	2	37060	37	1.56
H7	Sample 91	2	1	3	42070	36.96	1.55
H7	Sample 91	2	1	4	47070	36.96	1.55
H7	Sample 91	2	1	5	52070	37.06	1.53
H7	Sample 91	2	1	6	57080	37	1.52
H7	Sample 91	2	1	7	62080	37	1.53
H7	Sample 91	2	1	8	67070	36.91	1.52
H7	Sample 91	2	1	9	72070	36.96	1.52
H7	Sample 91	2	1	10	77080	37	1.51
H7	Sample 91	2	1	11	82070	36.96	1.51
H7	Sample 91	2	1	12	87070	36.96	1.52
H7	Sample 91	2	1	13	92060	37	1.51
H7	Sample 91	2	1	14	97090	37	1.51
H7	Sample 91	2	1	15	102080	36.96	1.51
H8	Sample 92	2	1	1	32060	36.91	1.52
H8	Sample 92	2	1	2	37060	37	1.50
H8	Sample 92	2	1	3	42070	36.96	1.49
H8	Sample 92	2	1	4	47070	36.96	1.49
H8	Sample 92	2	1	5	52070	37.06	1.48
H8	Sample 92	2	1	6	57080	37	1.48
H8	Sample 92	2	1	7	62080	37	1.47
H8	Sample 92	2	1	8	67070	36.91	1.47
H8	Sample 92	2	1	9	72070	36.96	1.47
H8	Sample 92	2	1	10	77080	37	1.47
H8	Sample 92	2	1	11	82070	36.96	1.47
H8	Sample 92	2	1	12	87070	36.96	1.47
H8	Sample 92	2	1	13	92060	37	1.45
H8	Sample 92	2	1	14	97090	37	1.46
H8	Sample 92	2	1	15	102080	36.96	1.46
H9	Sample 93	2	1	1	32060	36.91	2.33
H9	Sample 93	2	1	2	37060	37	2.30
H9	Sample 93	2	1	3	42070	36.96	2.29
H9	Sample 93	2	1	4	47070	36.96	2.28
H9	Sample 93	2	1	5	52070	37.06	2.26
H9	Sample 93	2	1	6	57080	37	2.27
H9	Sample 93	2	1	7	62080	37	2.26
H9	Sample 93	2	1	8	67070	36.91	2.25
H9	Sample 93	2	1	9	72070	36.96	2.25
H9	Sample 93	2	1	10	77080	37	2.25
H9	Sample 93	2	1	11	82070	36.96	2.25
H9	Sample 93	2	1	12	87070	36.96	2.25
H9	Sample 93	2	1	13	92060	37	2.25
H9	Sample 93	2	1	14	97090	37	2.25
H9	Sample 93	2	1	15	102080	36.96	2.24
H10	Sample 94	2	1	1	32060	36.91	2.18
H10	Sample 94	2	1	2	37060	37	2.16
H10	Sample 94	2	1	3	42070	36.96	2.14
H10	Sample 94	2	1	4	47070	36.96	2.13
H10	Sample 94	2	1	5	52070	37.06	2.12
H10	Sample 94	2	1	6	57080	37	2.11
H10	Sample 94	2	1	7	62080	37	2.12
H10	Sample 94	2	1	8	67070	36.91	2.11
H10	Sample 94	2	1	9	72070	36.96	2.10
H10	Sample 94	2	1	10	77080	37	2.10
H10	Sample 94	2	1	11	82070	36.96	2.09
H10	Sample 94	2	1	12	87070	36.96	2.09
H10	Sample 94	2	1	13	92060	37	2.08
H10	Sample 94	2	1	14	97090	37	2.09
H10	Sample 94	2	1	15	102080	36.96	2.08
H11	Sample 95	2	1	1	32060	36.91	2.24
H11	Sample 95	2	1	2	37060	37	2.21
H11	Sample 95	2	1	3	42070	36.96	2.20
H11	Sample 95	2	1	4	47070	36.96	2.19
H11	Sample 95	2	1	5	52070	37.06	2.17
H11	Sample 95	2	1	6	57080	37	2.17
H11	Sample 95	2	1	7	62080	37	2.17
H11	Sample 95	2	1	8	67070	36.91	2.16
H11	Sample 95	2	1	9	72070	36.96	2.15
H11	Sample 95	2	1	10	77080	37	2.15
H11	Sample 95	2	1	11	82070	36.96	2.15
H11	Sample 95	2	1	12	87070	36.96	2.16
H11	Sample 95	2	1	13	92060	37	2.16
H11	Sample 95	2	1	14	97090	37	2.16
H11	Sample 95	2	1	15	102080	36.96	2.15
H12	Sample 96	2	1	1	32060	36.91	2.10
H12	Sample 96	2	1	2	37060	37	2.07
H12	Sample 96	2	1	3	42070	36.96	2.05
H12	Sample 96	2	1	4	47070	36.96	2.05
H12	Sample 96	2	1	5	52070	37.06	2.04
H12	Sample 96	2	1	6	57080	37	2.04
H12	Sample 96	2	1	7	62080	37	2.03
H12	Sample 96	2	1	8	67070	36.91	2.03
H12	Sample 96	2	1	9	72070	36.96	2.02
H12	Sample 96	2	1	10	77080	37	2.03
H12	Sample 96	2	1	11	82070	36.96	2.03
H12	Sample 96	2	1	12	87070	36.96	2.02
H12	Sample 96	2	1	13	92060	37	2.02
H12	Sample 96	2	1	14	97090	37	2.02
H12	Sample 96	2	1	15	102080	36.96	2.01
