Raw Data 		Experiment - evIC50_9_plate4_22APRIL2026 (Run on LCS480 1.5.1.62)
SamplePos	SampleName	Prog#	Seg#	Cycle#	Time	Temp	465-510	
A1	Sample 1	2	1	1	33160	36.91	4.15
A1	Sample 1	2	1	2	37720	36.96	4.16
A1	Sample 1	2	1	3	42320	36.96	4.21
A1	Sample 1	2	1	4	46920	36.96	4.24
A1	Sample 1	2	1	5	51530	36.96	4.29
A1	Sample 1	2	1	6	56130	36.96	4.30
A1	Sample 1	2	1	7	60740	36.96	4.32
A1	Sample 1	2	1	8	65330	36.96	4.33
A1	Sample 1	2	1	9	69930	36.96	4.33
A1	Sample 1	2	1	10	74530	36.96	4.35
A1	Sample 1	2	1	11	79130	37	4.33
A1	Sample 1	2	1	12	83730	37	4.34
A1	Sample 1	2	1	13	88320	36.96	4.35
A1	Sample 1	2	1	14	92920	36.96	4.34
A1	Sample 1	2	1	15	97520	36.96	4.36
A2	Sample 2	2	1	1	33160	36.91	4.53
A2	Sample 2	2	1	2	37720	36.96	4.49
A2	Sample 2	2	1	3	42320	36.96	4.49
A2	Sample 2	2	1	4	46920	36.96	4.44
A2	Sample 2	2	1	5	51530	36.96	4.41
A2	Sample 2	2	1	6	56130	36.96	4.39
A2	Sample 2	2	1	7	60740	36.96	4.36
A2	Sample 2	2	1	8	65330	36.96	4.34
A2	Sample 2	2	1	9	69930	36.96	4.33
A2	Sample 2	2	1	10	74530	36.96	4.32
A2	Sample 2	2	1	11	79130	37	4.30
A2	Sample 2	2	1	12	83730	37	4.30
A2	Sample 2	2	1	13	88320	36.96	4.29
A2	Sample 2	2	1	14	92920	36.96	4.28
A2	Sample 2	2	1	15	97520	36.96	4.28
A3	Sample 3	2	1	1	33160	36.91	5.25
A3	Sample 3	2	1	2	37720	36.96	5.22
A3	Sample 3	2	1	3	42320	36.96	5.21
A3	Sample 3	2	1	4	46920	36.96	5.17
A3	Sample 3	2	1	5	51530	36.96	5.12
A3	Sample 3	2	1	6	56130	36.96	5.11
A3	Sample 3	2	1	7	60740	36.96	5.11
A3	Sample 3	2	1	8	65330	36.96	5.08
A3	Sample 3	2	1	9	69930	36.96	5.08
A3	Sample 3	2	1	10	74530	36.96	5.08
A3	Sample 3	2	1	11	79130	37	5.09
A3	Sample 3	2	1	12	83730	37	5.08
A3	Sample 3	2	1	13	88320	36.96	5.09
A3	Sample 3	2	1	14	92920	36.96	5.07
A3	Sample 3	2	1	15	97520	36.96	5.07
A4	Sample 4	2	1	1	33160	36.91	5.09
A4	Sample 4	2	1	2	37720	36.96	5.04
A4	Sample 4	2	1	3	42320	36.96	5.02
A4	Sample 4	2	1	4	46920	36.96	4.97
A4	Sample 4	2	1	5	51530	36.96	4.93
A4	Sample 4	2	1	6	56130	36.96	4.92
A4	Sample 4	2	1	7	60740	36.96	4.89
A4	Sample 4	2	1	8	65330	36.96	4.87
A4	Sample 4	2	1	9	69930	36.96	4.85
A4	Sample 4	2	1	10	74530	36.96	4.83
A4	Sample 4	2	1	11	79130	37	4.82
A4	Sample 4	2	1	12	83730	37	4.81
A4	Sample 4	2	1	13	88320	36.96	4.80
A4	Sample 4	2	1	14	92920	36.96	4.81
A4	Sample 4	2	1	15	97520	36.96	4.79
A5	Sample 5	2	1	1	33160	36.91	3.79
A5	Sample 5	2	1	2	37720	36.96	3.73
A5	Sample 5	2	1	3	42320	36.96	3.73
A5	Sample 5	2	1	4	46920	36.96	3.70
A5	Sample 5	2	1	5	51530	36.96	3.66
A5	Sample 5	2	1	6	56130	36.96	3.66
A5	Sample 5	2	1	7	60740	36.96	3.64
A5	Sample 5	2	1	8	65330	36.96	3.63
A5	Sample 5	2	1	9	69930	36.96	3.63
A5	Sample 5	2	1	10	74530	36.96	3.61
A5	Sample 5	2	1	11	79130	37	3.62
A5	Sample 5	2	1	12	83730	37	3.61
A5	Sample 5	2	1	13	88320	36.96	3.60
A5	Sample 5	2	1	14	92920	36.96	3.59
A5	Sample 5	2	1	15	97520	36.96	3.61
A6	Sample 6	2	1	1	33160	36.91	3.71
A6	Sample 6	2	1	2	37720	36.96	3.68
A6	Sample 6	2	1	3	42320	36.96	3.66
A6	Sample 6	2	1	4	46920	36.96	3.63
A6	Sample 6	2	1	5	51530	36.96	3.61
A6	Sample 6	2	1	6	56130	36.96	3.59
A6	Sample 6	2	1	7	60740	36.96	3.57
A6	Sample 6	2	1	8	65330	36.96	3.58
A6	Sample 6	2	1	9	69930	36.96	3.57
A6	Sample 6	2	1	10	74530	36.96	3.55
A6	Sample 6	2	1	11	79130	37	3.56
A6	Sample 6	2	1	12	83730	37	3.54
A6	Sample 6	2	1	13	88320	36.96	3.54
A6	Sample 6	2	1	14	92920	36.96	3.54
A6	Sample 6	2	1	15	97520	36.96	3.56
A7	Sample 7	2	1	1	33160	36.91	3.75
A7	Sample 7	2	1	2	37720	36.96	3.70
A7	Sample 7	2	1	3	42320	36.96	3.69
A7	Sample 7	2	1	4	46920	36.96	3.67
A7	Sample 7	2	1	5	51530	36.96	3.64
A7	Sample 7	2	1	6	56130	36.96	3.63
A7	Sample 7	2	1	7	60740	36.96	3.63
A7	Sample 7	2	1	8	65330	36.96	3.61
A7	Sample 7	2	1	9	69930	36.96	3.62
A7	Sample 7	2	1	10	74530	36.96	3.62
A7	Sample 7	2	1	11	79130	37	3.62
A7	Sample 7	2	1	12	83730	37	3.60
A7	Sample 7	2	1	13	88320	36.96	3.61
A7	Sample 7	2	1	14	92920	36.96	3.60
A7	Sample 7	2	1	15	97520	36.96	3.60
A8	Sample 8	2	1	1	33160	36.91	3.47
A8	Sample 8	2	1	2	37720	36.96	3.46
A8	Sample 8	2	1	3	42320	36.96	3.43
A8	Sample 8	2	1	4	46920	36.96	3.40
A8	Sample 8	2	1	5	51530	36.96	3.38
A8	Sample 8	2	1	6	56130	36.96	3.37
A8	Sample 8	2	1	7	60740	36.96	3.37
A8	Sample 8	2	1	8	65330	36.96	3.36
A8	Sample 8	2	1	9	69930	36.96	3.35
A8	Sample 8	2	1	10	74530	36.96	3.35
A8	Sample 8	2	1	11	79130	37	3.35
A8	Sample 8	2	1	12	83730	37	3.33
A8	Sample 8	2	1	13	88320	36.96	3.34
A8	Sample 8	2	1	14	92920	36.96	3.33
A8	Sample 8	2	1	15	97520	36.96	3.34
A9	Sample 9	2	1	1	33160	36.91	2.25
A9	Sample 9	2	1	2	37720	36.96	2.22
A9	Sample 9	2	1	3	42320	36.96	2.22
A9	Sample 9	2	1	4	46920	36.96	2.21
A9	Sample 9	2	1	5	51530	36.96	2.19
A9	Sample 9	2	1	6	56130	36.96	2.18
A9	Sample 9	2	1	7	60740	36.96	2.18
A9	Sample 9	2	1	8	65330	36.96	2.16
A9	Sample 9	2	1	9	69930	36.96	2.18
A9	Sample 9	2	1	10	74530	36.96	2.17
A9	Sample 9	2	1	11	79130	37	2.16
A9	Sample 9	2	1	12	83730	37	2.16
A9	Sample 9	2	1	13	88320	36.96	2.17
A9	Sample 9	2	1	14	92920	36.96	2.16
A9	Sample 9	2	1	15	97520	36.96	2.16
A10	Sample 10	2	1	1	33160	36.91	2.18
A10	Sample 10	2	1	2	37720	36.96	2.16
A10	Sample 10	2	1	3	42320	36.96	2.15
A10	Sample 10	2	1	4	46920	36.96	2.14
A10	Sample 10	2	1	5	51530	36.96	2.12
A10	Sample 10	2	1	6	56130	36.96	2.10
A10	Sample 10	2	1	7	60740	36.96	2.10
A10	Sample 10	2	1	8	65330	36.96	2.09
A10	Sample 10	2	1	9	69930	36.96	2.10
A10	Sample 10	2	1	10	74530	36.96	2.08
A10	Sample 10	2	1	11	79130	37	2.09
A10	Sample 10	2	1	12	83730	37	2.08
A10	Sample 10	2	1	13	88320	36.96	2.07
A10	Sample 10	2	1	14	92920	36.96	2.06
A10	Sample 10	2	1	15	97520	36.96	2.07
A11	Sample 11	2	1	1	33160	36.91	2.23
A11	Sample 11	2	1	2	37720	36.96	2.22
A11	Sample 11	2	1	3	42320	36.96	2.21
A11	Sample 11	2	1	4	46920	36.96	2.20
A11	Sample 11	2	1	5	51530	36.96	2.18
A11	Sample 11	2	1	6	56130	36.96	2.18
A11	Sample 11	2	1	7	60740	36.96	2.18
A11	Sample 11	2	1	8	65330	36.96	2.18
A11	Sample 11	2	1	9	69930	36.96	2.17
A11	Sample 11	2	1	10	74530	36.96	2.18
A11	Sample 11	2	1	11	79130	37	2.17
A11	Sample 11	2	1	12	83730	37	2.18
A11	Sample 11	2	1	13	88320	36.96	2.18
A11	Sample 11	2	1	14	92920	36.96	2.15
A11	Sample 11	2	1	15	97520	36.96	2.17
A12	Sample 12	2	1	1	33160	36.91	3.42
A12	Sample 12	2	1	2	37720	36.96	3.40
A12	Sample 12	2	1	3	42320	36.96	3.39
A12	Sample 12	2	1	4	46920	36.96	3.37
A12	Sample 12	2	1	5	51530	36.96	3.34
A12	Sample 12	2	1	6	56130	36.96	3.34
A12	Sample 12	2	1	7	60740	36.96	3.33
A12	Sample 12	2	1	8	65330	36.96	3.32
A12	Sample 12	2	1	9	69930	36.96	3.31
A12	Sample 12	2	1	10	74530	36.96	3.30
A12	Sample 12	2	1	11	79130	37	3.31
A12	Sample 12	2	1	12	83730	37	3.31
A12	Sample 12	2	1	13	88320	36.96	3.29
A12	Sample 12	2	1	14	92920	36.96	3.28
A12	Sample 12	2	1	15	97520	36.96	3.29
B1	Sample 13	2	1	1	33160	36.91	4.04
B1	Sample 13	2	1	2	37720	36.96	4.04
B1	Sample 13	2	1	3	42320	36.96	4.08
B1	Sample 13	2	1	4	46920	36.96	4.14
B1	Sample 13	2	1	5	51530	36.96	4.15
B1	Sample 13	2	1	6	56130	36.96	4.17
B1	Sample 13	2	1	7	60740	36.96	4.18
B1	Sample 13	2	1	8	65330	36.96	4.20
B1	Sample 13	2	1	9	69930	36.96	4.22
B1	Sample 13	2	1	10	74530	36.96	4.19
B1	Sample 13	2	1	11	79130	37	4.22
B1	Sample 13	2	1	12	83730	37	4.21
B1	Sample 13	2	1	13	88320	36.96	4.21
B1	Sample 13	2	1	14	92920	36.96	4.22
B1	Sample 13	2	1	15	97520	36.96	4.21
B2	Sample 14	2	1	1	33160	36.91	4.18
B2	Sample 14	2	1	2	37720	36.96	4.14
B2	Sample 14	2	1	3	42320	36.96	4.12
B2	Sample 14	2	1	4	46920	36.96	4.08
B2	Sample 14	2	1	5	51530	36.96	4.05
B2	Sample 14	2	1	6	56130	36.96	4.03
B2	Sample 14	2	1	7	60740	36.96	4.00
B2	Sample 14	2	1	8	65330	36.96	3.99
B2	Sample 14	2	1	9	69930	36.96	3.98
B2	Sample 14	2	1	10	74530	36.96	3.96
B2	Sample 14	2	1	11	79130	37	3.93
B2	Sample 14	2	1	12	83730	37	3.92
B2	Sample 14	2	1	13	88320	36.96	3.92
B2	Sample 14	2	1	14	92920	36.96	3.89
B2	Sample 14	2	1	15	97520	36.96	3.90
B3	Sample 15	2	1	1	33160	36.91	4.88
B3	Sample 15	2	1	2	37720	36.96	4.83
B3	Sample 15	2	1	3	42320	36.96	4.82
B3	Sample 15	2	1	4	46920	36.96	4.78
B3	Sample 15	2	1	5	51530	36.96	4.74
B3	Sample 15	2	1	6	56130	36.96	4.74
B3	Sample 15	2	1	7	60740	36.96	4.69
B3	Sample 15	2	1	8	65330	36.96	4.69
B3	Sample 15	2	1	9	69930	36.96	4.69
B3	Sample 15	2	1	10	74530	36.96	4.67
B3	Sample 15	2	1	11	79130	37	4.66
B3	Sample 15	2	1	12	83730	37	4.67
B3	Sample 15	2	1	13	88320	36.96	4.67
B3	Sample 15	2	1	14	92920	36.96	4.67
B3	Sample 15	2	1	15	97520	36.96	4.66
B4	Sample 16	2	1	1	33160	36.91	4.68
B4	Sample 16	2	1	2	37720	36.96	4.63
B4	Sample 16	2	1	3	42320	36.96	4.60
B4	Sample 16	2	1	4	46920	36.96	4.57
B4	Sample 16	2	1	5	51530	36.96	4.53
B4	Sample 16	2	1	6	56130	36.96	4.52
B4	Sample 16	2	1	7	60740	36.96	4.49
B4	Sample 16	2	1	8	65330	36.96	4.46
B4	Sample 16	2	1	9	69930	36.96	4.44
B4	Sample 16	2	1	10	74530	36.96	4.43
B4	Sample 16	2	1	11	79130	37	4.42
B4	Sample 16	2	1	12	83730	37	4.41
B4	Sample 16	2	1	13	88320	36.96	4.42
B4	Sample 16	2	1	14	92920	36.96	4.42
B4	Sample 16	2	1	15	97520	36.96	4.39
B5	Sample 17	2	1	1	33160	36.91	3.46
B5	Sample 17	2	1	2	37720	36.96	3.43
B5	Sample 17	2	1	3	42320	36.96	3.39
B5	Sample 17	2	1	4	46920	36.96	3.36
B5	Sample 17	2	1	5	51530	36.96	3.34
B5	Sample 17	2	1	6	56130	36.96	3.32
B5	Sample 17	2	1	7	60740	36.96	3.32
B5	Sample 17	2	1	8	65330	36.96	3.32
B5	Sample 17	2	1	9	69930	36.96	3.32
B5	Sample 17	2	1	10	74530	36.96	3.30
B5	Sample 17	2	1	11	79130	37	3.31
B5	Sample 17	2	1	12	83730	37	3.30
B5	Sample 17	2	1	13	88320	36.96	3.30
B5	Sample 17	2	1	14	92920	36.96	3.31
B5	Sample 17	2	1	15	97520	36.96	3.29
B6	Sample 18	2	1	1	33160	36.91	3.32
B6	Sample 18	2	1	2	37720	36.96	3.29
B6	Sample 18	2	1	3	42320	36.96	3.27
B6	Sample 18	2	1	4	46920	36.96	3.26
B6	Sample 18	2	1	5	51530	36.96	3.23
B6	Sample 18	2	1	6	56130	36.96	3.21
B6	Sample 18	2	1	7	60740	36.96	3.21
B6	Sample 18	2	1	8	65330	36.96	3.20
B6	Sample 18	2	1	9	69930	36.96	3.20
B6	Sample 18	2	1	10	74530	36.96	3.20
B6	Sample 18	2	1	11	79130	37	3.21
B6	Sample 18	2	1	12	83730	37	3.20
B6	Sample 18	2	1	13	88320	36.96	3.20
B6	Sample 18	2	1	14	92920	36.96	3.19
B6	Sample 18	2	1	15	97520	36.96	3.19
B7	Sample 19	2	1	1	33160	36.91	3.46
B7	Sample 19	2	1	2	37720	36.96	3.43
B7	Sample 19	2	1	3	42320	36.96	3.41
B7	Sample 19	2	1	4	46920	36.96	3.39
B7	Sample 19	2	1	5	51530	36.96	3.38
B7	Sample 19	2	1	6	56130	36.96	3.36
B7	Sample 19	2	1	7	60740	36.96	3.34
B7	Sample 19	2	1	8	65330	36.96	3.35
B7	Sample 19	2	1	9	69930	36.96	3.36
B7	Sample 19	2	1	10	74530	36.96	3.32
B7	Sample 19	2	1	11	79130	37	3.35
B7	Sample 19	2	1	12	83730	37	3.33
B7	Sample 19	2	1	13	88320	36.96	3.33
B7	Sample 19	2	1	14	92920	36.96	3.34
B7	Sample 19	2	1	15	97520	36.96	3.32
B8	Sample 20	2	1	1	33160	36.91	3.29
B8	Sample 20	2	1	2	37720	36.96	3.27
B8	Sample 20	2	1	3	42320	36.96	3.25
B8	Sample 20	2	1	4	46920	36.96	3.24
B8	Sample 20	2	1	5	51530	36.96	3.21
B8	Sample 20	2	1	6	56130	36.96	3.19
B8	Sample 20	2	1	7	60740	36.96	3.17
B8	Sample 20	2	1	8	65330	36.96	3.18
B8	Sample 20	2	1	9	69930	36.96	3.16
B8	Sample 20	2	1	10	74530	36.96	3.15
B8	Sample 20	2	1	11	79130	37	3.14
B8	Sample 20	2	1	12	83730	37	3.14
B8	Sample 20	2	1	13	88320	36.96	3.16
B8	Sample 20	2	1	14	92920	36.96	3.14
B8	Sample 20	2	1	15	97520	36.96	3.14
B9	Sample 21	2	1	1	33160	36.91	2.20
B9	Sample 21	2	1	2	37720	36.96	2.18
B9	Sample 21	2	1	3	42320	36.96	2.17
B9	Sample 21	2	1	4	46920	36.96	2.17
B9	Sample 21	2	1	5	51530	36.96	2.14
B9	Sample 21	2	1	6	56130	36.96	2.14
B9	Sample 21	2	1	7	60740	36.96	2.14
B9	Sample 21	2	1	8	65330	36.96	2.13
B9	Sample 21	2	1	9	69930	36.96	2.13
B9	Sample 21	2	1	10	74530	36.96	2.10
B9	Sample 21	2	1	11	79130	37	2.12
B9	Sample 21	2	1	12	83730	37	2.10
B9	Sample 21	2	1	13	88320	36.96	2.13
B9	Sample 21	2	1	14	92920	36.96	2.11
B9	Sample 21	2	1	15	97520	36.96	2.12
B10	Sample 22	2	1	1	33160	36.91	2.16
B10	Sample 22	2	1	2	37720	36.96	2.14
B10	Sample 22	2	1	3	42320	36.96	2.13
B10	Sample 22	2	1	4	46920	36.96	2.12
B10	Sample 22	2	1	5	51530	36.96	2.10
B10	Sample 22	2	1	6	56130	36.96	2.09
B10	Sample 22	2	1	7	60740	36.96	2.09
B10	Sample 22	2	1	8	65330	36.96	2.07
B10	Sample 22	2	1	9	69930	36.96	2.07
B10	Sample 22	2	1	10	74530	36.96	2.07
B10	Sample 22	2	1	11	79130	37	2.07
B10	Sample 22	2	1	12	83730	37	2.07
B10	Sample 22	2	1	13	88320	36.96	2.07
B10	Sample 22	2	1	14	92920	36.96	2.07
B10	Sample 22	2	1	15	97520	36.96	2.06
B11	Sample 23	2	1	1	33160	36.91	2.31
B11	Sample 23	2	1	2	37720	36.96	2.30
B11	Sample 23	2	1	3	42320	36.96	2.27
B11	Sample 23	2	1	4	46920	36.96	2.27
B11	Sample 23	2	1	5	51530	36.96	2.25
B11	Sample 23	2	1	6	56130	36.96	2.23
B11	Sample 23	2	1	7	60740	36.96	2.24
B11	Sample 23	2	1	8	65330	36.96	2.23
B11	Sample 23	2	1	9	69930	36.96	2.23
B11	Sample 23	2	1	10	74530	36.96	2.23
B11	Sample 23	2	1	11	79130	37	2.23
B11	Sample 23	2	1	12	83730	37	2.22
B11	Sample 23	2	1	13	88320	36.96	2.23
B11	Sample 23	2	1	14	92920	36.96	2.23
B11	Sample 23	2	1	15	97520	36.96	2.21
B12	Sample 24	2	1	1	33160	36.91	3.16
B12	Sample 24	2	1	2	37720	36.96	3.15
B12	Sample 24	2	1	3	42320	36.96	3.13
B12	Sample 24	2	1	4	46920	36.96	3.13
B12	Sample 24	2	1	5	51530	36.96	3.11
B12	Sample 24	2	1	6	56130	36.96	3.08
B12	Sample 24	2	1	7	60740	36.96	3.09
B12	Sample 24	2	1	8	65330	36.96	3.07
B12	Sample 24	2	1	9	69930	36.96	3.06
B12	Sample 24	2	1	10	74530	36.96	3.06
B12	Sample 24	2	1	11	79130	37	3.06
B12	Sample 24	2	1	12	83730	37	3.07
B12	Sample 24	2	1	13	88320	36.96	3.04
B12	Sample 24	2	1	14	92920	36.96	3.07
B12	Sample 24	2	1	15	97520	36.96	3.05
C1	Sample 25	2	1	1	33160	36.91	4.43
C1	Sample 25	2	1	2	37720	36.96	4.39
C1	Sample 25	2	1	3	42320	36.96	4.38
C1	Sample 25	2	1	4	46920	36.96	4.36
C1	Sample 25	2	1	5	51530	36.96	4.31
C1	Sample 25	2	1	6	56130	36.96	4.32
C1	Sample 25	2	1	7	60740	36.96	4.30
C1	Sample 25	2	1	8	65330	36.96	4.29
C1	Sample 25	2	1	9	69930	36.96	4.27
C1	Sample 25	2	1	10	74530	36.96	4.27
C1	Sample 25	2	1	11	79130	37	4.27
C1	Sample 25	2	1	12	83730	37	4.26
C1	Sample 25	2	1	13	88320	36.96	4.26
C1	Sample 25	2	1	14	92920	36.96	4.24
C1	Sample 25	2	1	15	97520	36.96	4.24
C2	Sample 26	2	1	1	33160	36.91	4.36
C2	Sample 26	2	1	2	37720	36.96	4.32
C2	Sample 26	2	1	3	42320	36.96	4.29
C2	Sample 26	2	1	4	46920	36.96	4.26
C2	Sample 26	2	1	5	51530	36.96	4.22
C2	Sample 26	2	1	6	56130	36.96	4.20
C2	Sample 26	2	1	7	60740	36.96	4.17
C2	Sample 26	2	1	8	65330	36.96	4.14
C2	Sample 26	2	1	9	69930	36.96	4.13
C2	Sample 26	2	1	10	74530	36.96	4.12
C2	Sample 26	2	1	11	79130	37	4.10
C2	Sample 26	2	1	12	83730	37	4.10
C2	Sample 26	2	1	13	88320	36.96	4.10
C2	Sample 26	2	1	14	92920	36.96	4.06
C2	Sample 26	2	1	15	97520	36.96	4.07
C3	Sample 27	2	1	1	33160	36.91	4.91
C3	Sample 27	2	1	2	37720	36.96	4.85
C3	Sample 27	2	1	3	42320	36.96	4.82
C3	Sample 27	2	1	4	46920	36.96	4.78
C3	Sample 27	2	1	5	51530	36.96	4.74
C3	Sample 27	2	1	6	56130	36.96	4.71
C3	Sample 27	2	1	7	60740	36.96	4.70
C3	Sample 27	2	1	8	65330	36.96	4.68
C3	Sample 27	2	1	9	69930	36.96	4.68
C3	Sample 27	2	1	10	74530	36.96	4.67
C3	Sample 27	2	1	11	79130	37	4.65
C3	Sample 27	2	1	12	83730	37	4.66
C3	Sample 27	2	1	13	88320	36.96	4.64
C3	Sample 27	2	1	14	92920	36.96	4.64
C3	Sample 27	2	1	15	97520	36.96	4.65
C4	Sample 28	2	1	1	33160	36.91	4.74
C4	Sample 28	2	1	2	37720	36.96	4.68
C4	Sample 28	2	1	3	42320	36.96	4.65
C4	Sample 28	2	1	4	46920	36.96	4.62
C4	Sample 28	2	1	5	51530	36.96	4.57
C4	Sample 28	2	1	6	56130	36.96	4.55
C4	Sample 28	2	1	7	60740	36.96	4.54
C4	Sample 28	2	1	8	65330	36.96	4.54
C4	Sample 28	2	1	9	69930	36.96	4.53
C4	Sample 28	2	1	10	74530	36.96	4.54
C4	Sample 28	2	1	11	79130	37	4.50
C4	Sample 28	2	1	12	83730	37	4.51
C4	Sample 28	2	1	13	88320	36.96	4.50
C4	Sample 28	2	1	14	92920	36.96	4.49
C4	Sample 28	2	1	15	97520	36.96	4.50
C5	Sample 29	2	1	1	33160	36.91	3.44
C5	Sample 29	2	1	2	37720	36.96	3.41
C5	Sample 29	2	1	3	42320	36.96	3.40
C5	Sample 29	2	1	4	46920	36.96	3.36
C5	Sample 29	2	1	5	51530	36.96	3.34
C5	Sample 29	2	1	6	56130	36.96	3.31
C5	Sample 29	2	1	7	60740	36.96	3.32
C5	Sample 29	2	1	8	65330	36.96	3.29
C5	Sample 29	2	1	9	69930	36.96	3.28
C5	Sample 29	2	1	10	74530	36.96	3.27
C5	Sample 29	2	1	11	79130	37	3.26
C5	Sample 29	2	1	12	83730	37	3.27
C5	Sample 29	2	1	13	88320	36.96	3.27
C5	Sample 29	2	1	14	92920	36.96	3.27
C5	Sample 29	2	1	15	97520	36.96	3.27
C6	Sample 30	2	1	1	33160	36.91	3.41
C6	Sample 30	2	1	2	37720	36.96	3.38
C6	Sample 30	2	1	3	42320	36.96	3.37
C6	Sample 30	2	1	4	46920	36.96	3.34
C6	Sample 30	2	1	5	51530	36.96	3.30
C6	Sample 30	2	1	6	56130	36.96	3.29
C6	Sample 30	2	1	7	60740	36.96	3.29
C6	Sample 30	2	1	8	65330	36.96	3.28
C6	Sample 30	2	1	9	69930	36.96	3.28
C6	Sample 30	2	1	10	74530	36.96	3.26
C6	Sample 30	2	1	11	79130	37	3.27
C6	Sample 30	2	1	12	83730	37	3.28
C6	Sample 30	2	1	13	88320	36.96	3.29
C6	Sample 30	2	1	14	92920	36.96	3.28
C6	Sample 30	2	1	15	97520	36.96	3.28
C7	Sample 31	2	1	1	33160	36.91	3.63
C7	Sample 31	2	1	2	37720	36.96	3.60
C7	Sample 31	2	1	3	42320	36.96	3.58
C7	Sample 31	2	1	4	46920	36.96	3.55
C7	Sample 31	2	1	5	51530	36.96	3.53
C7	Sample 31	2	1	6	56130	36.96	3.53
C7	Sample 31	2	1	7	60740	36.96	3.51
C7	Sample 31	2	1	8	65330	36.96	3.50
C7	Sample 31	2	1	9	69930	36.96	3.50
C7	Sample 31	2	1	10	74530	36.96	3.51
C7	Sample 31	2	1	11	79130	37	3.51
C7	Sample 31	2	1	12	83730	37	3.51
C7	Sample 31	2	1	13	88320	36.96	3.50
C7	Sample 31	2	1	14	92920	36.96	3.49
C7	Sample 31	2	1	15	97520	36.96	3.51
C8	Sample 32	2	1	1	33160	36.91	3.38
C8	Sample 32	2	1	2	37720	36.96	3.34
C8	Sample 32	2	1	3	42320	36.96	3.31
C8	Sample 32	2	1	4	46920	36.96	3.29
C8	Sample 32	2	1	5	51530	36.96	3.27
C8	Sample 32	2	1	6	56130	36.96	3.27
C8	Sample 32	2	1	7	60740	36.96	3.26
C8	Sample 32	2	1	8	65330	36.96	3.26
C8	Sample 32	2	1	9	69930	36.96	3.25
C8	Sample 32	2	1	10	74530	36.96	3.22
C8	Sample 32	2	1	11	79130	37	3.24
C8	Sample 32	2	1	12	83730	37	3.23
C8	Sample 32	2	1	13	88320	36.96	3.23
C8	Sample 32	2	1	14	92920	36.96	3.22
C8	Sample 32	2	1	15	97520	36.96	3.21
C9	Sample 33	2	1	1	33160	36.91	2.25
C9	Sample 33	2	1	2	37720	36.96	2.25
C9	Sample 33	2	1	3	42320	36.96	2.24
C9	Sample 33	2	1	4	46920	36.96	2.24
C9	Sample 33	2	1	5	51530	36.96	2.21
C9	Sample 33	2	1	6	56130	36.96	2.19
C9	Sample 33	2	1	7	60740	36.96	2.20
C9	Sample 33	2	1	8	65330	36.96	2.19
C9	Sample 33	2	1	9	69930	36.96	2.20
C9	Sample 33	2	1	10	74530	36.96	2.19
C9	Sample 33	2	1	11	79130	37	2.19
C9	Sample 33	2	1	12	83730	37	2.20
C9	Sample 33	2	1	13	88320	36.96	2.19
C9	Sample 33	2	1	14	92920	36.96	2.18
C9	Sample 33	2	1	15	97520	36.96	2.19
C10	Sample 34	2	1	1	33160	36.91	2.16
C10	Sample 34	2	1	2	37720	36.96	2.14
C10	Sample 34	2	1	3	42320	36.96	2.13
C10	Sample 34	2	1	4	46920	36.96	2.11
C10	Sample 34	2	1	5	51530	36.96	2.10
C10	Sample 34	2	1	6	56130	36.96	2.10
C10	Sample 34	2	1	7	60740	36.96	2.08
C10	Sample 34	2	1	8	65330	36.96	2.08
C10	Sample 34	2	1	9	69930	36.96	2.07
C10	Sample 34	2	1	10	74530	36.96	2.07
C10	Sample 34	2	1	11	79130	37	2.07
C10	Sample 34	2	1	12	83730	37	2.07
C10	Sample 34	2	1	13	88320	36.96	2.07
C10	Sample 34	2	1	14	92920	36.96	2.06
C10	Sample 34	2	1	15	97520	36.96	2.07
C11	Sample 35	2	1	1	33160	36.91	2.29
C11	Sample 35	2	1	2	37720	36.96	2.27
C11	Sample 35	2	1	3	42320	36.96	2.27
C11	Sample 35	2	1	4	46920	36.96	2.26
C11	Sample 35	2	1	5	51530	36.96	2.24
C11	Sample 35	2	1	6	56130	36.96	2.22
C11	Sample 35	2	1	7	60740	36.96	2.22
C11	Sample 35	2	1	8	65330	36.96	2.21
C11	Sample 35	2	1	9	69930	36.96	2.21
C11	Sample 35	2	1	10	74530	36.96	2.21
C11	Sample 35	2	1	11	79130	37	2.20
C11	Sample 35	2	1	12	83730	37	2.20
C11	Sample 35	2	1	13	88320	36.96	2.20
C11	Sample 35	2	1	14	92920	36.96	2.20
C11	Sample 35	2	1	15	97520	36.96	2.19
C12	Sample 36	2	1	1	33160	36.91	3.60
C12	Sample 36	2	1	2	37720	36.96	3.57
C12	Sample 36	2	1	3	42320	36.96	3.54
C12	Sample 36	2	1	4	46920	36.96	3.53
C12	Sample 36	2	1	5	51530	36.96	3.51
C12	Sample 36	2	1	6	56130	36.96	3.50
C12	Sample 36	2	1	7	60740	36.96	3.49
C12	Sample 36	2	1	8	65330	36.96	3.47
C12	Sample 36	2	1	9	69930	36.96	3.47
C12	Sample 36	2	1	10	74530	36.96	3.47
C12	Sample 36	2	1	11	79130	37	3.47
C12	Sample 36	2	1	12	83730	37	3.48
C12	Sample 36	2	1	13	88320	36.96	3.46
C12	Sample 36	2	1	14	92920	36.96	3.46
C12	Sample 36	2	1	15	97520	36.96	3.46
D1	Sample 37	2	1	1	33160	36.91	4.57
D1	Sample 37	2	1	2	37720	36.96	4.55
D1	Sample 37	2	1	3	42320	36.96	4.53
D1	Sample 37	2	1	4	46920	36.96	4.51
D1	Sample 37	2	1	5	51530	36.96	4.47
D1	Sample 37	2	1	6	56130	36.96	4.44
D1	Sample 37	2	1	7	60740	36.96	4.44
D1	Sample 37	2	1	8	65330	36.96	4.43
D1	Sample 37	2	1	9	69930	36.96	4.43
D1	Sample 37	2	1	10	74530	36.96	4.40
D1	Sample 37	2	1	11	79130	37	4.42
D1	Sample 37	2	1	12	83730	37	4.40
D1	Sample 37	2	1	13	88320	36.96	4.41
D1	Sample 37	2	1	14	92920	36.96	4.39
D1	Sample 37	2	1	15	97520	36.96	4.38
D2	Sample 38	2	1	1	33160	36.91	4.48
D2	Sample 38	2	1	2	37720	36.96	4.43
D2	Sample 38	2	1	3	42320	36.96	4.40
D2	Sample 38	2	1	4	46920	36.96	4.36
D2	Sample 38	2	1	5	51530	36.96	4.33
D2	Sample 38	2	1	6	56130	36.96	4.33
D2	Sample 38	2	1	7	60740	36.96	4.32
D2	Sample 38	2	1	8	65330	36.96	4.29
D2	Sample 38	2	1	9	69930	36.96	4.26
D2	Sample 38	2	1	10	74530	36.96	4.25
D2	Sample 38	2	1	11	79130	37	4.24
D2	Sample 38	2	1	12	83730	37	4.24
D2	Sample 38	2	1	13	88320	36.96	4.22
D2	Sample 38	2	1	14	92920	36.96	4.21
D2	Sample 38	2	1	15	97520	36.96	4.20
D3	Sample 39	2	1	1	33160	36.91	5.05
D3	Sample 39	2	1	2	37720	36.96	5.00
D3	Sample 39	2	1	3	42320	36.96	4.97
D3	Sample 39	2	1	4	46920	36.96	4.93
D3	Sample 39	2	1	5	51530	36.96	4.91
D3	Sample 39	2	1	6	56130	36.96	4.89
D3	Sample 39	2	1	7	60740	36.96	4.87
D3	Sample 39	2	1	8	65330	36.96	4.84
D3	Sample 39	2	1	9	69930	36.96	4.82
D3	Sample 39	2	1	10	74530	36.96	4.82
D3	Sample 39	2	1	11	79130	37	4.82
D3	Sample 39	2	1	12	83730	37	4.82
D3	Sample 39	2	1	13	88320	36.96	4.81
D3	Sample 39	2	1	14	92920	36.96	4.81
D3	Sample 39	2	1	15	97520	36.96	4.79
D4	Sample 40	2	1	1	33160	36.91	4.81
D4	Sample 40	2	1	2	37720	36.96	4.76
D4	Sample 40	2	1	3	42320	36.96	4.73
D4	Sample 40	2	1	4	46920	36.96	4.70
D4	Sample 40	2	1	5	51530	36.96	4.67
D4	Sample 40	2	1	6	56130	36.96	4.61
D4	Sample 40	2	1	7	60740	36.96	4.62
D4	Sample 40	2	1	8	65330	36.96	4.61
D4	Sample 40	2	1	9	69930	36.96	4.57
D4	Sample 40	2	1	10	74530	36.96	4.56
D4	Sample 40	2	1	11	79130	37	4.55
D4	Sample 40	2	1	12	83730	37	4.54
D4	Sample 40	2	1	13	88320	36.96	4.54
D4	Sample 40	2	1	14	92920	36.96	4.53
D4	Sample 40	2	1	15	97520	36.96	4.53
D5	Sample 41	2	1	1	33160	36.91	3.48
D5	Sample 41	2	1	2	37720	36.96	3.47
D5	Sample 41	2	1	3	42320	36.96	3.44
D5	Sample 41	2	1	4	46920	36.96	3.41
D5	Sample 41	2	1	5	51530	36.96	3.40
D5	Sample 41	2	1	6	56130	36.96	3.37
D5	Sample 41	2	1	7	60740	36.96	3.37
D5	Sample 41	2	1	8	65330	36.96	3.35
D5	Sample 41	2	1	9	69930	36.96	3.35
D5	Sample 41	2	1	10	74530	36.96	3.34
D5	Sample 41	2	1	11	79130	37	3.34
D5	Sample 41	2	1	12	83730	37	3.33
D5	Sample 41	2	1	13	88320	36.96	3.33
D5	Sample 41	2	1	14	92920	36.96	3.32
D5	Sample 41	2	1	15	97520	36.96	3.32
D6	Sample 42	2	1	1	33160	36.91	3.35
D6	Sample 42	2	1	2	37720	36.96	3.32
D6	Sample 42	2	1	3	42320	36.96	3.29
D6	Sample 42	2	1	4	46920	36.96	3.26
D6	Sample 42	2	1	5	51530	36.96	3.25
D6	Sample 42	2	1	6	56130	36.96	3.23
D6	Sample 42	2	1	7	60740	36.96	3.22
D6	Sample 42	2	1	8	65330	36.96	3.23
D6	Sample 42	2	1	9	69930	36.96	3.22
D6	Sample 42	2	1	10	74530	36.96	3.22
D6	Sample 42	2	1	11	79130	37	3.22
D6	Sample 42	2	1	12	83730	37	3.22
D6	Sample 42	2	1	13	88320	36.96	3.22
D6	Sample 42	2	1	14	92920	36.96	3.22
D6	Sample 42	2	1	15	97520	36.96	3.21
D7	Sample 43	2	1	1	33160	36.91	3.62
D7	Sample 43	2	1	2	37720	36.96	3.57
D7	Sample 43	2	1	3	42320	36.96	3.56
D7	Sample 43	2	1	4	46920	36.96	3.54
D7	Sample 43	2	1	5	51530	36.96	3.50
D7	Sample 43	2	1	6	56130	36.96	3.49
D7	Sample 43	2	1	7	60740	36.96	3.48
D7	Sample 43	2	1	8	65330	36.96	3.48
D7	Sample 43	2	1	9	69930	36.96	3.47
D7	Sample 43	2	1	10	74530	36.96	3.47
D7	Sample 43	2	1	11	79130	37	3.46
D7	Sample 43	2	1	12	83730	37	3.47
D7	Sample 43	2	1	13	88320	36.96	3.47
D7	Sample 43	2	1	14	92920	36.96	3.46
D7	Sample 43	2	1	15	97520	36.96	3.44
D8	Sample 44	2	1	1	33160	36.91	3.40
D8	Sample 44	2	1	2	37720	36.96	3.36
D8	Sample 44	2	1	3	42320	36.96	3.35
D8	Sample 44	2	1	4	46920	36.96	3.33
D8	Sample 44	2	1	5	51530	36.96	3.29
D8	Sample 44	2	1	6	56130	36.96	3.26
D8	Sample 44	2	1	7	60740	36.96	3.27
D8	Sample 44	2	1	8	65330	36.96	3.26
D8	Sample 44	2	1	9	69930	36.96	3.26
D8	Sample 44	2	1	10	74530	36.96	3.25
D8	Sample 44	2	1	11	79130	37	3.26
D8	Sample 44	2	1	12	83730	37	3.23
D8	Sample 44	2	1	13	88320	36.96	3.25
D8	Sample 44	2	1	14	92920	36.96	3.23
D8	Sample 44	2	1	15	97520	36.96	3.23
D9	Sample 45	2	1	1	33160	36.91	2.23
D9	Sample 45	2	1	2	37720	36.96	2.21
D9	Sample 45	2	1	3	42320	36.96	2.19
D9	Sample 45	2	1	4	46920	36.96	2.19
D9	Sample 45	2	1	5	51530	36.96	2.16
D9	Sample 45	2	1	6	56130	36.96	2.15
D9	Sample 45	2	1	7	60740	36.96	2.15
D9	Sample 45	2	1	8	65330	36.96	2.15
D9	Sample 45	2	1	9	69930	36.96	2.12
D9	Sample 45	2	1	10	74530	36.96	2.13
D9	Sample 45	2	1	11	79130	37	2.14
D9	Sample 45	2	1	12	83730	37	2.12
D9	Sample 45	2	1	13	88320	36.96	2.15
D9	Sample 45	2	1	14	92920	36.96	2.12
D9	Sample 45	2	1	15	97520	36.96	2.12
D10	Sample 46	2	1	1	33160	36.91	2.21
D10	Sample 46	2	1	2	37720	36.96	2.18
D10	Sample 46	2	1	3	42320	36.96	2.17
D10	Sample 46	2	1	4	46920	36.96	2.17
D10	Sample 46	2	1	5	51530	36.96	2.15
D10	Sample 46	2	1	6	56130	36.96	2.12
D10	Sample 46	2	1	7	60740	36.96	2.13
D10	Sample 46	2	1	8	65330	36.96	2.13
D10	Sample 46	2	1	9	69930	36.96	2.11
D10	Sample 46	2	1	10	74530	36.96	2.11
D10	Sample 46	2	1	11	79130	37	2.10
D10	Sample 46	2	1	12	83730	37	2.10
D10	Sample 46	2	1	13	88320	36.96	2.10
D10	Sample 46	2	1	14	92920	36.96	2.10
D10	Sample 46	2	1	15	97520	36.96	2.09
D11	Sample 47	2	1	1	33160	36.91	2.32
D11	Sample 47	2	1	2	37720	36.96	2.28
D11	Sample 47	2	1	3	42320	36.96	2.27
D11	Sample 47	2	1	4	46920	36.96	2.26
D11	Sample 47	2	1	5	51530	36.96	2.25
D11	Sample 47	2	1	6	56130	36.96	2.23
D11	Sample 47	2	1	7	60740	36.96	2.23
D11	Sample 47	2	1	8	65330	36.96	2.23
D11	Sample 47	2	1	9	69930	36.96	2.23
D11	Sample 47	2	1	10	74530	36.96	2.21
D11	Sample 47	2	1	11	79130	37	2.21
D11	Sample 47	2	1	12	83730	37	2.22
D11	Sample 47	2	1	13	88320	36.96	2.22
D11	Sample 47	2	1	14	92920	36.96	2.20
D11	Sample 47	2	1	15	97520	36.96	2.19
D12	Sample 48	2	1	1	33160	36.91	2.99
D12	Sample 48	2	1	2	37720	36.96	2.97
D12	Sample 48	2	1	3	42320	36.96	2.97
D12	Sample 48	2	1	4	46920	36.96	2.95
D12	Sample 48	2	1	5	51530	36.96	2.95
D12	Sample 48	2	1	6	56130	36.96	2.92
D12	Sample 48	2	1	7	60740	36.96	2.92
D12	Sample 48	2	1	8	65330	36.96	2.91
D12	Sample 48	2	1	9	69930	36.96	2.92
D12	Sample 48	2	1	10	74530	36.96	2.89
D12	Sample 48	2	1	11	79130	37	2.91
D12	Sample 48	2	1	12	83730	37	2.89
D12	Sample 48	2	1	13	88320	36.96	2.89
D12	Sample 48	2	1	14	92920	36.96	2.88
D12	Sample 48	2	1	15	97520	36.96	2.88
E1	Sample 49	2	1	1	33160	36.91	5.04
E1	Sample 49	2	1	2	37720	36.96	5.00
E1	Sample 49	2	1	3	42320	36.96	4.99
E1	Sample 49	2	1	4	46920	36.96	4.95
E1	Sample 49	2	1	5	51530	36.96	4.91
E1	Sample 49	2	1	6	56130	36.96	4.91
E1	Sample 49	2	1	7	60740	36.96	4.87
E1	Sample 49	2	1	8	65330	36.96	4.87
E1	Sample 49	2	1	9	69930	36.96	4.86
E1	Sample 49	2	1	10	74530	36.96	4.85
E1	Sample 49	2	1	11	79130	37	4.83
E1	Sample 49	2	1	12	83730	37	4.83
E1	Sample 49	2	1	13	88320	36.96	4.82
E1	Sample 49	2	1	14	92920	36.96	4.82
E1	Sample 49	2	1	15	97520	36.96	4.80
E2	Sample 50	2	1	1	33160	36.91	4.85
E2	Sample 50	2	1	2	37720	36.96	4.81
E2	Sample 50	2	1	3	42320	36.96	4.79
E2	Sample 50	2	1	4	46920	36.96	4.74
E2	Sample 50	2	1	5	51530	36.96	4.73
E2	Sample 50	2	1	6	56130	36.96	4.69
E2	Sample 50	2	1	7	60740	36.96	4.68
E2	Sample 50	2	1	8	65330	36.96	4.64
E2	Sample 50	2	1	9	69930	36.96	4.64
E2	Sample 50	2	1	10	74530	36.96	4.63
E2	Sample 50	2	1	11	79130	37	4.61
E2	Sample 50	2	1	12	83730	37	4.58
E2	Sample 50	2	1	13	88320	36.96	4.58
E2	Sample 50	2	1	14	92920	36.96	4.58
E2	Sample 50	2	1	15	97520	36.96	4.57
E3	Sample 51	2	1	1	33160	36.91	5.48
E3	Sample 51	2	1	2	37720	36.96	5.44
E3	Sample 51	2	1	3	42320	36.96	5.38
E3	Sample 51	2	1	4	46920	36.96	5.36
E3	Sample 51	2	1	5	51530	36.96	5.31
E3	Sample 51	2	1	6	56130	36.96	5.29
E3	Sample 51	2	1	7	60740	36.96	5.25
E3	Sample 51	2	1	8	65330	36.96	5.23
E3	Sample 51	2	1	9	69930	36.96	5.22
E3	Sample 51	2	1	10	74530	36.96	5.22
E3	Sample 51	2	1	11	79130	37	5.21
E3	Sample 51	2	1	12	83730	37	5.19
E3	Sample 51	2	1	13	88320	36.96	5.19
E3	Sample 51	2	1	14	92920	36.96	5.21
E3	Sample 51	2	1	15	97520	36.96	5.18
E4	Sample 52	2	1	1	33160	36.91	5.32
E4	Sample 52	2	1	2	37720	36.96	5.26
E4	Sample 52	2	1	3	42320	36.96	5.23
E4	Sample 52	2	1	4	46920	36.96	5.19
E4	Sample 52	2	1	5	51530	36.96	5.16
E4	Sample 52	2	1	6	56130	36.96	5.15
E4	Sample 52	2	1	7	60740	36.96	5.11
E4	Sample 52	2	1	8	65330	36.96	5.09
E4	Sample 52	2	1	9	69930	36.96	5.08
E4	Sample 52	2	1	10	74530	36.96	5.06
E4	Sample 52	2	1	11	79130	37	5.06
E4	Sample 52	2	1	12	83730	37	5.04
E4	Sample 52	2	1	13	88320	36.96	5.04
E4	Sample 52	2	1	14	92920	36.96	5.04
E4	Sample 52	2	1	15	97520	36.96	5.04
E5	Sample 53	2	1	1	33160	36.91	3.65
E5	Sample 53	2	1	2	37720	36.96	3.60
E5	Sample 53	2	1	3	42320	36.96	3.57
E5	Sample 53	2	1	4	46920	36.96	3.55
E5	Sample 53	2	1	5	51530	36.96	3.53
E5	Sample 53	2	1	6	56130	36.96	3.51
E5	Sample 53	2	1	7	60740	36.96	3.50
E5	Sample 53	2	1	8	65330	36.96	3.49
E5	Sample 53	2	1	9	69930	36.96	3.48
E5	Sample 53	2	1	10	74530	36.96	3.48
E5	Sample 53	2	1	11	79130	37	3.44
E5	Sample 53	2	1	12	83730	37	3.44
E5	Sample 53	2	1	13	88320	36.96	3.46
E5	Sample 53	2	1	14	92920	36.96	3.44
E5	Sample 53	2	1	15	97520	36.96	3.44
E6	Sample 54	2	1	1	33160	36.91	3.53
E6	Sample 54	2	1	2	37720	36.96	3.48
E6	Sample 54	2	1	3	42320	36.96	3.46
E6	Sample 54	2	1	4	46920	36.96	3.44
E6	Sample 54	2	1	5	51530	36.96	3.43
E6	Sample 54	2	1	6	56130	36.96	3.39
E6	Sample 54	2	1	7	60740	36.96	3.39
E6	Sample 54	2	1	8	65330	36.96	3.36
E6	Sample 54	2	1	9	69930	36.96	3.37
E6	Sample 54	2	1	10	74530	36.96	3.38
E6	Sample 54	2	1	11	79130	37	3.37
E6	Sample 54	2	1	12	83730	37	3.36
E6	Sample 54	2	1	13	88320	36.96	3.38
E6	Sample 54	2	1	14	92920	36.96	3.38
E6	Sample 54	2	1	15	97520	36.96	3.36
E7	Sample 55	2	1	1	33160	36.91	3.49
E7	Sample 55	2	1	2	37720	36.96	3.46
E7	Sample 55	2	1	3	42320	36.96	3.44
E7	Sample 55	2	1	4	46920	36.96	3.39
E7	Sample 55	2	1	5	51530	36.96	3.39
E7	Sample 55	2	1	6	56130	36.96	3.38
E7	Sample 55	2	1	7	60740	36.96	3.36
E7	Sample 55	2	1	8	65330	36.96	3.33
E7	Sample 55	2	1	9	69930	36.96	3.33
E7	Sample 55	2	1	10	74530	36.96	3.33
E7	Sample 55	2	1	11	79130	37	3.32
E7	Sample 55	2	1	12	83730	37	3.32
E7	Sample 55	2	1	13	88320	36.96	3.31
E7	Sample 55	2	1	14	92920	36.96	3.32
E7	Sample 55	2	1	15	97520	36.96	3.32
E8	Sample 56	2	1	1	33160	36.91	3.21
E8	Sample 56	2	1	2	37720	36.96	3.17
E8	Sample 56	2	1	3	42320	36.96	3.17
E8	Sample 56	2	1	4	46920	36.96	3.13
E8	Sample 56	2	1	5	51530	36.96	3.11
E8	Sample 56	2	1	6	56130	36.96	3.10
E8	Sample 56	2	1	7	60740	36.96	3.08
E8	Sample 56	2	1	8	65330	36.96	3.07
E8	Sample 56	2	1	9	69930	36.96	3.08
E8	Sample 56	2	1	10	74530	36.96	3.07
E8	Sample 56	2	1	11	79130	37	3.07
E8	Sample 56	2	1	12	83730	37	3.07
E8	Sample 56	2	1	13	88320	36.96	3.07
E8	Sample 56	2	1	14	92920	36.96	3.07
E8	Sample 56	2	1	15	97520	36.96	3.07
E9	Sample 57	2	1	1	33160	36.91	2.36
E9	Sample 57	2	1	2	37720	36.96	2.34
E9	Sample 57	2	1	3	42320	36.96	2.33
E9	Sample 57	2	1	4	46920	36.96	2.31
E9	Sample 57	2	1	5	51530	36.96	2.31
E9	Sample 57	2	1	6	56130	36.96	2.29
E9	Sample 57	2	1	7	60740	36.96	2.28
E9	Sample 57	2	1	8	65330	36.96	2.26
E9	Sample 57	2	1	9	69930	36.96	2.27
E9	Sample 57	2	1	10	74530	36.96	2.28
E9	Sample 57	2	1	11	79130	37	2.28
E9	Sample 57	2	1	12	83730	37	2.28
E9	Sample 57	2	1	13	88320	36.96	2.29
E9	Sample 57	2	1	14	92920	36.96	2.28
E9	Sample 57	2	1	15	97520	36.96	2.28
E10	Sample 58	2	1	1	33160	36.91	2.36
E10	Sample 58	2	1	2	37720	36.96	2.33
E10	Sample 58	2	1	3	42320	36.96	2.33
E10	Sample 58	2	1	4	46920	36.96	2.30
E10	Sample 58	2	1	5	51530	36.96	2.29
E10	Sample 58	2	1	6	56130	36.96	2.28
E10	Sample 58	2	1	7	60740	36.96	2.27
E10	Sample 58	2	1	8	65330	36.96	2.27
E10	Sample 58	2	1	9	69930	36.96	2.26
E10	Sample 58	2	1	10	74530	36.96	2.25
E10	Sample 58	2	1	11	79130	37	2.26
E10	Sample 58	2	1	12	83730	37	2.26
E10	Sample 58	2	1	13	88320	36.96	2.25
E10	Sample 58	2	1	14	92920	36.96	2.25
E10	Sample 58	2	1	15	97520	36.96	2.25
E11	Sample 59	2	1	1	33160	36.91	2.89
E11	Sample 59	2	1	2	37720	36.96	2.85
E11	Sample 59	2	1	3	42320	36.96	2.85
E11	Sample 59	2	1	4	46920	36.96	2.82
E11	Sample 59	2	1	5	51530	36.96	2.81
E11	Sample 59	2	1	6	56130	36.96	2.81
E11	Sample 59	2	1	7	60740	36.96	2.79
E11	Sample 59	2	1	8	65330	36.96	2.79
E11	Sample 59	2	1	9	69930	36.96	2.78
E11	Sample 59	2	1	10	74530	36.96	2.78
E11	Sample 59	2	1	11	79130	37	2.78
E11	Sample 59	2	1	12	83730	37	2.77
E11	Sample 59	2	1	13	88320	36.96	2.77
E11	Sample 59	2	1	14	92920	36.96	2.77
E11	Sample 59	2	1	15	97520	36.96	2.76
E12	Sample 60	2	1	1	33160	36.91	3.67
E12	Sample 60	2	1	2	37720	36.96	3.63
E12	Sample 60	2	1	3	42320	36.96	3.62
E12	Sample 60	2	1	4	46920	36.96	3.60
E12	Sample 60	2	1	5	51530	36.96	3.57
E12	Sample 60	2	1	6	56130	36.96	3.56
E12	Sample 60	2	1	7	60740	36.96	3.56
E12	Sample 60	2	1	8	65330	36.96	3.53
E12	Sample 60	2	1	9	69930	36.96	3.54
E12	Sample 60	2	1	10	74530	36.96	3.54
E12	Sample 60	2	1	11	79130	37	3.53
E12	Sample 60	2	1	12	83730	37	3.53
E12	Sample 60	2	1	13	88320	36.96	3.53
E12	Sample 60	2	1	14	92920	36.96	3.53
E12	Sample 60	2	1	15	97520	36.96	3.52
F1	Sample 61	2	1	1	33160	36.91	5.20
F1	Sample 61	2	1	2	37720	36.96	5.16
F1	Sample 61	2	1	3	42320	36.96	5.14
F1	Sample 61	2	1	4	46920	36.96	5.09
F1	Sample 61	2	1	5	51530	36.96	5.09
F1	Sample 61	2	1	6	56130	36.96	5.07
F1	Sample 61	2	1	7	60740	36.96	5.07
F1	Sample 61	2	1	8	65330	36.96	5.06
F1	Sample 61	2	1	9	69930	36.96	5.02
F1	Sample 61	2	1	10	74530	36.96	5.03
F1	Sample 61	2	1	11	79130	37	5.02
F1	Sample 61	2	1	12	83730	37	5.02
F1	Sample 61	2	1	13	88320	36.96	5.03
F1	Sample 61	2	1	14	92920	36.96	5.01
F1	Sample 61	2	1	15	97520	36.96	5.02
F2	Sample 62	2	1	1	33160	36.91	5.01
F2	Sample 62	2	1	2	37720	36.96	4.97
F2	Sample 62	2	1	3	42320	36.96	4.95
F2	Sample 62	2	1	4	46920	36.96	4.91
F2	Sample 62	2	1	5	51530	36.96	4.90
F2	Sample 62	2	1	6	56130	36.96	4.86
F2	Sample 62	2	1	7	60740	36.96	4.86
F2	Sample 62	2	1	8	65330	36.96	4.81
F2	Sample 62	2	1	9	69930	36.96	4.79
F2	Sample 62	2	1	10	74530	36.96	4.79
F2	Sample 62	2	1	11	79130	37	4.78
F2	Sample 62	2	1	12	83730	37	4.78
F2	Sample 62	2	1	13	88320	36.96	4.76
F2	Sample 62	2	1	14	92920	36.96	4.74
F2	Sample 62	2	1	15	97520	36.96	4.72
F3	Sample 63	2	1	1	33160	36.91	5.77
F3	Sample 63	2	1	2	37720	36.96	5.68
F3	Sample 63	2	1	3	42320	36.96	5.66
F3	Sample 63	2	1	4	46920	36.96	5.62
F3	Sample 63	2	1	5	51530	36.96	5.62
F3	Sample 63	2	1	6	56130	36.96	5.57
F3	Sample 63	2	1	7	60740	36.96	5.57
F3	Sample 63	2	1	8	65330	36.96	5.54
F3	Sample 63	2	1	9	69930	36.96	5.54
F3	Sample 63	2	1	10	74530	36.96	5.54
F3	Sample 63	2	1	11	79130	37	5.52
F3	Sample 63	2	1	12	83730	37	5.55
F3	Sample 63	2	1	13	88320	36.96	5.53
F3	Sample 63	2	1	14	92920	36.96	5.53
F3	Sample 63	2	1	15	97520	36.96	5.53
F4	Sample 64	2	1	1	33160	36.91	5.38
F4	Sample 64	2	1	2	37720	36.96	5.31
F4	Sample 64	2	1	3	42320	36.96	5.29
F4	Sample 64	2	1	4	46920	36.96	5.24
F4	Sample 64	2	1	5	51530	36.96	5.20
F4	Sample 64	2	1	6	56130	36.96	5.17
F4	Sample 64	2	1	7	60740	36.96	5.18
F4	Sample 64	2	1	8	65330	36.96	5.13
F4	Sample 64	2	1	9	69930	36.96	5.12
F4	Sample 64	2	1	10	74530	36.96	5.12
F4	Sample 64	2	1	11	79130	37	5.12
F4	Sample 64	2	1	12	83730	37	5.10
F4	Sample 64	2	1	13	88320	36.96	5.12
F4	Sample 64	2	1	14	92920	36.96	5.08
F4	Sample 64	2	1	15	97520	36.96	5.08
F5	Sample 65	2	1	1	33160	36.91	3.49
F5	Sample 65	2	1	2	37720	36.96	3.43
F5	Sample 65	2	1	3	42320	36.96	3.40
F5	Sample 65	2	1	4	46920	36.96	3.38
F5	Sample 65	2	1	5	51530	36.96	3.38
F5	Sample 65	2	1	6	56130	36.96	3.34
F5	Sample 65	2	1	7	60740	36.96	3.34
F5	Sample 65	2	1	8	65330	36.96	3.32
F5	Sample 65	2	1	9	69930	36.96	3.32
F5	Sample 65	2	1	10	74530	36.96	3.31
F5	Sample 65	2	1	11	79130	37	3.31
F5	Sample 65	2	1	12	83730	37	3.31
F5	Sample 65	2	1	13	88320	36.96	3.31
F5	Sample 65	2	1	14	92920	36.96	3.30
F5	Sample 65	2	1	15	97520	36.96	3.29
F6	Sample 66	2	1	1	33160	36.91	3.35
F6	Sample 66	2	1	2	37720	36.96	3.31
F6	Sample 66	2	1	3	42320	36.96	3.29
F6	Sample 66	2	1	4	46920	36.96	3.25
F6	Sample 66	2	1	5	51530	36.96	3.25
F6	Sample 66	2	1	6	56130	36.96	3.23
F6	Sample 66	2	1	7	60740	36.96	3.22
F6	Sample 66	2	1	8	65330	36.96	3.22
F6	Sample 66	2	1	9	69930	36.96	3.21
F6	Sample 66	2	1	10	74530	36.96	3.21
F6	Sample 66	2	1	11	79130	37	3.20
F6	Sample 66	2	1	12	83730	37	3.21
F6	Sample 66	2	1	13	88320	36.96	3.21
F6	Sample 66	2	1	14	92920	36.96	3.20
F6	Sample 66	2	1	15	97520	36.96	3.20
F7	Sample 67	2	1	1	33160	36.91	3.42
F7	Sample 67	2	1	2	37720	36.96	3.37
F7	Sample 67	2	1	3	42320	36.96	3.35
F7	Sample 67	2	1	4	46920	36.96	3.32
F7	Sample 67	2	1	5	51530	36.96	3.32
F7	Sample 67	2	1	6	56130	36.96	3.30
F7	Sample 67	2	1	7	60740	36.96	3.31
F7	Sample 67	2	1	8	65330	36.96	3.29
F7	Sample 67	2	1	9	69930	36.96	3.28
F7	Sample 67	2	1	10	74530	36.96	3.29
F7	Sample 67	2	1	11	79130	37	3.30
F7	Sample 67	2	1	12	83730	37	3.29
F7	Sample 67	2	1	13	88320	36.96	3.28
F7	Sample 67	2	1	14	92920	36.96	3.28
F7	Sample 67	2	1	15	97520	36.96	3.27
F8	Sample 68	2	1	1	33160	36.91	3.26
F8	Sample 68	2	1	2	37720	36.96	3.24
F8	Sample 68	2	1	3	42320	36.96	3.19
F8	Sample 68	2	1	4	46920	36.96	3.18
F8	Sample 68	2	1	5	51530	36.96	3.15
F8	Sample 68	2	1	6	56130	36.96	3.13
F8	Sample 68	2	1	7	60740	36.96	3.12
F8	Sample 68	2	1	8	65330	36.96	3.11
F8	Sample 68	2	1	9	69930	36.96	3.08
F8	Sample 68	2	1	10	74530	36.96	3.08
F8	Sample 68	2	1	11	79130	37	3.09
F8	Sample 68	2	1	12	83730	37	3.10
F8	Sample 68	2	1	13	88320	36.96	3.08
F8	Sample 68	2	1	14	92920	36.96	3.07
F8	Sample 68	2	1	15	97520	36.96	3.06
F9	Sample 69	2	1	1	33160	36.91	2.96
F9	Sample 69	2	1	2	37720	36.96	2.93
F9	Sample 69	2	1	3	42320	36.96	2.92
F9	Sample 69	2	1	4	46920	36.96	2.88
F9	Sample 69	2	1	5	51530	36.96	2.87
F9	Sample 69	2	1	6	56130	36.96	2.85
F9	Sample 69	2	1	7	60740	36.96	2.88
F9	Sample 69	2	1	8	65330	36.96	2.85
F9	Sample 69	2	1	9	69930	36.96	2.85
F9	Sample 69	2	1	10	74530	36.96	2.86
F9	Sample 69	2	1	11	79130	37	2.86
F9	Sample 69	2	1	12	83730	37	2.87
F9	Sample 69	2	1	13	88320	36.96	2.86
F9	Sample 69	2	1	14	92920	36.96	2.86
F9	Sample 69	2	1	15	97520	36.96	2.86
F10	Sample 70	2	1	1	33160	36.91	2.80
F10	Sample 70	2	1	2	37720	36.96	2.77
F10	Sample 70	2	1	3	42320	36.96	2.76
F10	Sample 70	2	1	4	46920	36.96	2.73
F10	Sample 70	2	1	5	51530	36.96	2.73
F10	Sample 70	2	1	6	56130	36.96	2.71
F10	Sample 70	2	1	7	60740	36.96	2.72
F10	Sample 70	2	1	8	65330	36.96	2.69
F10	Sample 70	2	1	9	69930	36.96	2.69
F10	Sample 70	2	1	10	74530	36.96	2.69
F10	Sample 70	2	1	11	79130	37	2.69
F10	Sample 70	2	1	12	83730	37	2.69
F10	Sample 70	2	1	13	88320	36.96	2.69
F10	Sample 70	2	1	14	92920	36.96	2.68
F10	Sample 70	2	1	15	97520	36.96	2.67
F11	Sample 71	2	1	1	33160	36.91	3.03
F11	Sample 71	2	1	2	37720	36.96	3.00
F11	Sample 71	2	1	3	42320	36.96	2.98
F11	Sample 71	2	1	4	46920	36.96	2.95
F11	Sample 71	2	1	5	51530	36.96	2.95
F11	Sample 71	2	1	6	56130	36.96	2.93
F11	Sample 71	2	1	7	60740	36.96	2.92
F11	Sample 71	2	1	8	65330	36.96	2.92
F11	Sample 71	2	1	9	69930	36.96	2.91
F11	Sample 71	2	1	10	74530	36.96	2.92
F11	Sample 71	2	1	11	79130	37	2.92
F11	Sample 71	2	1	12	83730	37	2.91
F11	Sample 71	2	1	13	88320	36.96	2.92
F11	Sample 71	2	1	14	92920	36.96	2.92
F11	Sample 71	2	1	15	97520	36.96	2.92
F12	Sample 72	2	1	1	33160	36.91	4.08
F12	Sample 72	2	1	2	37720	36.96	4.05
F12	Sample 72	2	1	3	42320	36.96	4.02
F12	Sample 72	2	1	4	46920	36.96	4.00
F12	Sample 72	2	1	5	51530	36.96	3.97
F12	Sample 72	2	1	6	56130	36.96	3.95
F12	Sample 72	2	1	7	60740	36.96	3.96
F12	Sample 72	2	1	8	65330	36.96	3.94
F12	Sample 72	2	1	9	69930	36.96	3.93
F12	Sample 72	2	1	10	74530	36.96	3.91
F12	Sample 72	2	1	11	79130	37	3.92
F12	Sample 72	2	1	12	83730	37	3.90
F12	Sample 72	2	1	13	88320	36.96	3.90
F12	Sample 72	2	1	14	92920	36.96	3.90
F12	Sample 72	2	1	15	97520	36.96	3.88
G1	Sample 73	2	1	1	33160	36.91	4.98
G1	Sample 73	2	1	2	37720	36.96	4.95
G1	Sample 73	2	1	3	42320	36.96	4.90
G1	Sample 73	2	1	4	46920	36.96	4.88
G1	Sample 73	2	1	5	51530	36.96	4.87
G1	Sample 73	2	1	6	56130	36.96	4.85
G1	Sample 73	2	1	7	60740	36.96	4.82
G1	Sample 73	2	1	8	65330	36.96	4.84
G1	Sample 73	2	1	9	69930	36.96	4.82
G1	Sample 73	2	1	10	74530	36.96	4.82
G1	Sample 73	2	1	11	79130	37	4.83
G1	Sample 73	2	1	12	83730	37	4.83
G1	Sample 73	2	1	13	88320	36.96	4.82
G1	Sample 73	2	1	14	92920	36.96	4.81
G1	Sample 73	2	1	15	97520	36.96	4.83
G2	Sample 74	2	1	1	33160	36.91	5.10
G2	Sample 74	2	1	2	37720	36.96	5.06
G2	Sample 74	2	1	3	42320	36.96	5.05
G2	Sample 74	2	1	4	46920	36.96	5.01
G2	Sample 74	2	1	5	51530	36.96	4.98
G2	Sample 74	2	1	6	56130	36.96	4.96
G2	Sample 74	2	1	7	60740	36.96	4.94
G2	Sample 74	2	1	8	65330	36.96	4.93
G2	Sample 74	2	1	9	69930	36.96	4.91
G2	Sample 74	2	1	10	74530	36.96	4.86
G2	Sample 74	2	1	11	79130	37	4.87
G2	Sample 74	2	1	12	83730	37	4.87
G2	Sample 74	2	1	13	88320	36.96	4.84
G2	Sample 74	2	1	14	92920	36.96	4.83
G2	Sample 74	2	1	15	97520	36.96	4.81
G3	Sample 75	2	1	1	33160	36.91	5.88
G3	Sample 75	2	1	2	37720	36.96	5.83
G3	Sample 75	2	1	3	42320	36.96	5.82
G3	Sample 75	2	1	4	46920	36.96	5.77
G3	Sample 75	2	1	5	51530	36.96	5.75
G3	Sample 75	2	1	6	56130	36.96	5.74
G3	Sample 75	2	1	7	60740	36.96	5.69
G3	Sample 75	2	1	8	65330	36.96	5.70
G3	Sample 75	2	1	9	69930	36.96	5.69
G3	Sample 75	2	1	10	74530	36.96	5.69
G3	Sample 75	2	1	11	79130	37	5.69
G3	Sample 75	2	1	12	83730	37	5.67
G3	Sample 75	2	1	13	88320	36.96	5.68
G3	Sample 75	2	1	14	92920	36.96	5.67
G3	Sample 75	2	1	15	97520	36.96	5.67
G4	Sample 76	2	1	1	33160	36.91	5.30
G4	Sample 76	2	1	2	37720	36.96	5.27
G4	Sample 76	2	1	3	42320	36.96	5.23
G4	Sample 76	2	1	4	46920	36.96	5.20
G4	Sample 76	2	1	5	51530	36.96	5.16
G4	Sample 76	2	1	6	56130	36.96	5.13
G4	Sample 76	2	1	7	60740	36.96	5.11
G4	Sample 76	2	1	8	65330	36.96	5.08
G4	Sample 76	2	1	9	69930	36.96	5.07
G4	Sample 76	2	1	10	74530	36.96	5.06
G4	Sample 76	2	1	11	79130	37	5.03
G4	Sample 76	2	1	12	83730	37	5.03
G4	Sample 76	2	1	13	88320	36.96	5.02
G4	Sample 76	2	1	14	92920	36.96	5.01
G4	Sample 76	2	1	15	97520	36.96	5.01
G5	Sample 77	2	1	1	33160	36.91	3.48
G5	Sample 77	2	1	2	37720	36.96	3.46
G5	Sample 77	2	1	3	42320	36.96	3.45
G5	Sample 77	2	1	4	46920	36.96	3.41
G5	Sample 77	2	1	5	51530	36.96	3.39
G5	Sample 77	2	1	6	56130	36.96	3.36
G5	Sample 77	2	1	7	60740	36.96	3.35
G5	Sample 77	2	1	8	65330	36.96	3.35
G5	Sample 77	2	1	9	69930	36.96	3.34
G5	Sample 77	2	1	10	74530	36.96	3.33
G5	Sample 77	2	1	11	79130	37	3.33
G5	Sample 77	2	1	12	83730	37	3.32
G5	Sample 77	2	1	13	88320	36.96	3.31
G5	Sample 77	2	1	14	92920	36.96	3.31
G5	Sample 77	2	1	15	97520	36.96	3.31
G6	Sample 78	2	1	1	33160	36.91	3.26
G6	Sample 78	2	1	2	37720	36.96	3.24
G6	Sample 78	2	1	3	42320	36.96	3.21
G6	Sample 78	2	1	4	46920	36.96	3.20
G6	Sample 78	2	1	5	51530	36.96	3.18
G6	Sample 78	2	1	6	56130	36.96	3.16
G6	Sample 78	2	1	7	60740	36.96	3.17
G6	Sample 78	2	1	8	65330	36.96	3.15
G6	Sample 78	2	1	9	69930	36.96	3.16
G6	Sample 78	2	1	10	74530	36.96	3.13
G6	Sample 78	2	1	11	79130	37	3.13
G6	Sample 78	2	1	12	83730	37	3.13
G6	Sample 78	2	1	13	88320	36.96	3.13
G6	Sample 78	2	1	14	92920	36.96	3.15
G6	Sample 78	2	1	15	97520	36.96	3.15
G7	Sample 79	2	1	1	33160	36.91	3.27
G7	Sample 79	2	1	2	37720	36.96	3.27
G7	Sample 79	2	1	3	42320	36.96	3.23
G7	Sample 79	2	1	4	46920	36.96	3.21
G7	Sample 79	2	1	5	51530	36.96	3.20
G7	Sample 79	2	1	6	56130	36.96	3.18
G7	Sample 79	2	1	7	60740	36.96	3.18
G7	Sample 79	2	1	8	65330	36.96	3.18
G7	Sample 79	2	1	9	69930	36.96	3.17
G7	Sample 79	2	1	10	74530	36.96	3.16
G7	Sample 79	2	1	11	79130	37	3.17
G7	Sample 79	2	1	12	83730	37	3.19
G7	Sample 79	2	1	13	88320	36.96	3.17
G7	Sample 79	2	1	14	92920	36.96	3.15
G7	Sample 79	2	1	15	97520	36.96	3.16
G8	Sample 80	2	1	1	33160	36.91	3.11
G8	Sample 80	2	1	2	37720	36.96	3.10
G8	Sample 80	2	1	3	42320	36.96	3.09
G8	Sample 80	2	1	4	46920	36.96	3.05
G8	Sample 80	2	1	5	51530	36.96	3.05
G8	Sample 80	2	1	6	56130	36.96	3.02
G8	Sample 80	2	1	7	60740	36.96	3.04
G8	Sample 80	2	1	8	65330	36.96	3.01
G8	Sample 80	2	1	9	69930	36.96	3.01
G8	Sample 80	2	1	10	74530	36.96	3.01
G8	Sample 80	2	1	11	79130	37	3.01
G8	Sample 80	2	1	12	83730	37	3.02
G8	Sample 80	2	1	13	88320	36.96	3.03
G8	Sample 80	2	1	14	92920	36.96	3.01
G8	Sample 80	2	1	15	97520	36.96	3.01
G9	Sample 81	2	1	1	33160	36.91	2.92
G9	Sample 81	2	1	2	37720	36.96	2.92
G9	Sample 81	2	1	3	42320	36.96	2.90
G9	Sample 81	2	1	4	46920	36.96	2.88
G9	Sample 81	2	1	5	51530	36.96	2.87
G9	Sample 81	2	1	6	56130	36.96	2.86
G9	Sample 81	2	1	7	60740	36.96	2.85
G9	Sample 81	2	1	8	65330	36.96	2.85
G9	Sample 81	2	1	9	69930	36.96	2.85
G9	Sample 81	2	1	10	74530	36.96	2.82
G9	Sample 81	2	1	11	79130	37	2.82
G9	Sample 81	2	1	12	83730	37	2.85
G9	Sample 81	2	1	13	88320	36.96	2.83
G9	Sample 81	2	1	14	92920	36.96	2.83
G9	Sample 81	2	1	15	97520	36.96	2.84
G10	Sample 82	2	1	1	33160	36.91	2.85
G10	Sample 82	2	1	2	37720	36.96	2.81
G10	Sample 82	2	1	3	42320	36.96	2.80
G10	Sample 82	2	1	4	46920	36.96	2.78
G10	Sample 82	2	1	5	51530	36.96	2.75
G10	Sample 82	2	1	6	56130	36.96	2.74
G10	Sample 82	2	1	7	60740	36.96	2.74
G10	Sample 82	2	1	8	65330	36.96	2.74
G10	Sample 82	2	1	9	69930	36.96	2.74
G10	Sample 82	2	1	10	74530	36.96	2.73
G10	Sample 82	2	1	11	79130	37	2.73
G10	Sample 82	2	1	12	83730	37	2.73
G10	Sample 82	2	1	13	88320	36.96	2.72
G10	Sample 82	2	1	14	92920	36.96	2.71
G10	Sample 82	2	1	15	97520	36.96	2.71
G11	Sample 83	2	1	1	33160	36.91	2.96
G11	Sample 83	2	1	2	37720	36.96	2.92
G11	Sample 83	2	1	3	42320	36.96	2.91
G11	Sample 83	2	1	4	46920	36.96	2.90
G11	Sample 83	2	1	5	51530	36.96	2.89
G11	Sample 83	2	1	6	56130	36.96	2.87
G11	Sample 83	2	1	7	60740	36.96	2.87
G11	Sample 83	2	1	8	65330	36.96	2.87
G11	Sample 83	2	1	9	69930	36.96	2.86
G11	Sample 83	2	1	10	74530	36.96	2.85
G11	Sample 83	2	1	11	79130	37	2.86
G11	Sample 83	2	1	12	83730	37	2.87
G11	Sample 83	2	1	13	88320	36.96	2.87
G11	Sample 83	2	1	14	92920	36.96	2.86
G11	Sample 83	2	1	15	97520	36.96	2.86
G12	Sample 84	2	1	1	33160	36.91	3.96
G12	Sample 84	2	1	2	37720	36.96	3.94
G12	Sample 84	2	1	3	42320	36.96	3.91
G12	Sample 84	2	1	4	46920	36.96	3.89
G12	Sample 84	2	1	5	51530	36.96	3.87
G12	Sample 84	2	1	6	56130	36.96	3.86
G12	Sample 84	2	1	7	60740	36.96	3.85
G12	Sample 84	2	1	8	65330	36.96	3.85
G12	Sample 84	2	1	9	69930	36.96	3.85
G12	Sample 84	2	1	10	74530	36.96	3.82
G12	Sample 84	2	1	11	79130	37	3.82
G12	Sample 84	2	1	12	83730	37	3.82
G12	Sample 84	2	1	13	88320	36.96	3.82
G12	Sample 84	2	1	14	92920	36.96	3.82
G12	Sample 84	2	1	15	97520	36.96	3.83
H1	Sample 85	2	1	1	33160	36.91	4.83
H1	Sample 85	2	1	2	37720	36.96	4.79
H1	Sample 85	2	1	3	42320	36.96	4.76
H1	Sample 85	2	1	4	46920	36.96	4.74
H1	Sample 85	2	1	5	51530	36.96	4.73
H1	Sample 85	2	1	6	56130	36.96	4.70
H1	Sample 85	2	1	7	60740	36.96	4.71
H1	Sample 85	2	1	8	65330	36.96	4.71
H1	Sample 85	2	1	9	69930	36.96	4.71
H1	Sample 85	2	1	10	74530	36.96	4.69
H1	Sample 85	2	1	11	79130	37	4.70
H1	Sample 85	2	1	12	83730	37	4.69
H1	Sample 85	2	1	13	88320	36.96	4.70
H1	Sample 85	2	1	14	92920	36.96	4.69
H1	Sample 85	2	1	15	97520	36.96	4.70
H2	Sample 86	2	1	1	33160	36.91	4.76
H2	Sample 86	2	1	2	37720	36.96	4.73
H2	Sample 86	2	1	3	42320	36.96	4.71
H2	Sample 86	2	1	4	46920	36.96	4.68
H2	Sample 86	2	1	5	51530	36.96	4.64
H2	Sample 86	2	1	6	56130	36.96	4.63
H2	Sample 86	2	1	7	60740	36.96	4.62
H2	Sample 86	2	1	8	65330	36.96	4.61
H2	Sample 86	2	1	9	69930	36.96	4.58
H2	Sample 86	2	1	10	74530	36.96	4.59
H2	Sample 86	2	1	11	79130	37	4.57
H2	Sample 86	2	1	12	83730	37	4.56
H2	Sample 86	2	1	13	88320	36.96	4.57
H2	Sample 86	2	1	14	92920	36.96	4.58
H2	Sample 86	2	1	15	97520	36.96	4.57
H3	Sample 87	2	1	1	33160	36.91	5.84
H3	Sample 87	2	1	2	37720	36.96	5.81
H3	Sample 87	2	1	3	42320	36.96	5.78
H3	Sample 87	2	1	4	46920	36.96	5.76
H3	Sample 87	2	1	5	51530	36.96	5.73
H3	Sample 87	2	1	6	56130	36.96	5.73
H3	Sample 87	2	1	7	60740	36.96	5.71
H3	Sample 87	2	1	8	65330	36.96	5.71
H3	Sample 87	2	1	9	69930	36.96	5.70
H3	Sample 87	2	1	10	74530	36.96	5.67
H3	Sample 87	2	1	11	79130	37	5.67
H3	Sample 87	2	1	12	83730	37	5.67
H3	Sample 87	2	1	13	88320	36.96	5.67
H3	Sample 87	2	1	14	92920	36.96	5.66
H3	Sample 87	2	1	15	97520	36.96	5.65
H4	Sample 88	2	1	1	33160	36.91	5.13
H4	Sample 88	2	1	2	37720	36.96	5.07
H4	Sample 88	2	1	3	42320	36.96	5.06
H4	Sample 88	2	1	4	46920	36.96	5.05
H4	Sample 88	2	1	5	51530	36.96	4.99
H4	Sample 88	2	1	6	56130	36.96	4.98
H4	Sample 88	2	1	7	60740	36.96	4.96
H4	Sample 88	2	1	8	65330	36.96	4.94
H4	Sample 88	2	1	9	69930	36.96	4.93
H4	Sample 88	2	1	10	74530	36.96	4.91
H4	Sample 88	2	1	11	79130	37	4.90
H4	Sample 88	2	1	12	83730	37	4.89
H4	Sample 88	2	1	13	88320	36.96	4.89
H4	Sample 88	2	1	14	92920	36.96	4.89
H4	Sample 88	2	1	15	97520	36.96	4.89
H5	Sample 89	2	1	1	33160	36.91	3.48
H5	Sample 89	2	1	2	37720	36.96	3.46
H5	Sample 89	2	1	3	42320	36.96	3.44
H5	Sample 89	2	1	4	46920	36.96	3.43
H5	Sample 89	2	1	5	51530	36.96	3.40
H5	Sample 89	2	1	6	56130	36.96	3.39
H5	Sample 89	2	1	7	60740	36.96	3.39
H5	Sample 89	2	1	8	65330	36.96	3.38
H5	Sample 89	2	1	9	69930	36.96	3.37
H5	Sample 89	2	1	10	74530	36.96	3.35
H5	Sample 89	2	1	11	79130	37	3.35
H5	Sample 89	2	1	12	83730	37	3.34
H5	Sample 89	2	1	13	88320	36.96	3.34
H5	Sample 89	2	1	14	92920	36.96	3.34
H5	Sample 89	2	1	15	97520	36.96	3.34
H6	Sample 90	2	1	1	33160	36.91	3.30
H6	Sample 90	2	1	2	37720	36.96	3.31
H6	Sample 90	2	1	3	42320	36.96	3.28
H6	Sample 90	2	1	4	46920	36.96	3.25
H6	Sample 90	2	1	5	51530	36.96	3.25
H6	Sample 90	2	1	6	56130	36.96	3.23
H6	Sample 90	2	1	7	60740	36.96	3.23
H6	Sample 90	2	1	8	65330	36.96	3.23
H6	Sample 90	2	1	9	69930	36.96	3.22
H6	Sample 90	2	1	10	74530	36.96	3.19
H6	Sample 90	2	1	11	79130	37	3.21
H6	Sample 90	2	1	12	83730	37	3.22
H6	Sample 90	2	1	13	88320	36.96	3.20
H6	Sample 90	2	1	14	92920	36.96	3.20
H6	Sample 90	2	1	15	97520	36.96	3.20
H7	Sample 91	2	1	1	33160	36.91	3.42
H7	Sample 91	2	1	2	37720	36.96	3.38
H7	Sample 91	2	1	3	42320	36.96	3.37
H7	Sample 91	2	1	4	46920	36.96	3.36
H7	Sample 91	2	1	5	51530	36.96	3.34
H7	Sample 91	2	1	6	56130	36.96	3.33
H7	Sample 91	2	1	7	60740	36.96	3.32
H7	Sample 91	2	1	8	65330	36.96	3.32
H7	Sample 91	2	1	9	69930	36.96	3.31
H7	Sample 91	2	1	10	74530	36.96	3.30
H7	Sample 91	2	1	11	79130	37	3.31
H7	Sample 91	2	1	12	83730	37	3.32
H7	Sample 91	2	1	13	88320	36.96	3.32
H7	Sample 91	2	1	14	92920	36.96	3.30
H7	Sample 91	2	1	15	97520	36.96	3.31
H8	Sample 92	2	1	1	33160	36.91	3.26
H8	Sample 92	2	1	2	37720	36.96	3.24
H8	Sample 92	2	1	3	42320	36.96	3.23
H8	Sample 92	2	1	4	46920	36.96	3.21
H8	Sample 92	2	1	5	51530	36.96	3.20
H8	Sample 92	2	1	6	56130	36.96	3.18
H8	Sample 92	2	1	7	60740	36.96	3.19
H8	Sample 92	2	1	8	65330	36.96	3.18
H8	Sample 92	2	1	9	69930	36.96	3.16
H8	Sample 92	2	1	10	74530	36.96	3.16
H8	Sample 92	2	1	11	79130	37	3.15
H8	Sample 92	2	1	12	83730	37	3.16
H8	Sample 92	2	1	13	88320	36.96	3.15
H8	Sample 92	2	1	14	92920	36.96	3.13
H8	Sample 92	2	1	15	97520	36.96	3.13
H9	Sample 93	2	1	1	33160	36.91	2.87
H9	Sample 93	2	1	2	37720	36.96	2.84
H9	Sample 93	2	1	3	42320	36.96	2.84
H9	Sample 93	2	1	4	46920	36.96	2.82
H9	Sample 93	2	1	5	51530	36.96	2.80
H9	Sample 93	2	1	6	56130	36.96	2.80
H9	Sample 93	2	1	7	60740	36.96	2.79
H9	Sample 93	2	1	8	65330	36.96	2.78
H9	Sample 93	2	1	9	69930	36.96	2.77
H9	Sample 93	2	1	10	74530	36.96	2.77
H9	Sample 93	2	1	11	79130	37	2.76
H9	Sample 93	2	1	12	83730	37	2.77
H9	Sample 93	2	1	13	88320	36.96	2.76
H9	Sample 93	2	1	14	92920	36.96	2.75
H9	Sample 93	2	1	15	97520	36.96	2.75
H10	Sample 94	2	1	1	33160	36.91	2.67
H10	Sample 94	2	1	2	37720	36.96	2.65
H10	Sample 94	2	1	3	42320	36.96	2.64
H10	Sample 94	2	1	4	46920	36.96	2.61
H10	Sample 94	2	1	5	51530	36.96	2.60
H10	Sample 94	2	1	6	56130	36.96	2.61
H10	Sample 94	2	1	7	60740	36.96	2.60
H10	Sample 94	2	1	8	65330	36.96	2.60
H10	Sample 94	2	1	9	69930	36.96	2.60
H10	Sample 94	2	1	10	74530	36.96	2.58
H10	Sample 94	2	1	11	79130	37	2.58
H10	Sample 94	2	1	12	83730	37	2.58
H10	Sample 94	2	1	13	88320	36.96	2.59
H10	Sample 94	2	1	14	92920	36.96	2.58
H10	Sample 94	2	1	15	97520	36.96	2.58
H11	Sample 95	2	1	1	33160	36.91	2.75
H11	Sample 95	2	1	2	37720	36.96	2.73
H11	Sample 95	2	1	3	42320	36.96	2.72
H11	Sample 95	2	1	4	46920	36.96	2.70
H11	Sample 95	2	1	5	51530	36.96	2.68
H11	Sample 95	2	1	6	56130	36.96	2.67
H11	Sample 95	2	1	7	60740	36.96	2.68
H11	Sample 95	2	1	8	65330	36.96	2.68
H11	Sample 95	2	1	9	69930	36.96	2.65
H11	Sample 95	2	1	10	74530	36.96	2.65
H11	Sample 95	2	1	11	79130	37	2.65
H11	Sample 95	2	1	12	83730	37	2.66
H11	Sample 95	2	1	13	88320	36.96	2.64
H11	Sample 95	2	1	14	92920	36.96	2.64
H11	Sample 95	2	1	15	97520	36.96	2.64
H12	Sample 96	2	1	1	33160	36.91	4.08
H12	Sample 96	2	1	2	37720	36.96	4.51
H12	Sample 96	2	1	3	42320	36.96	4.05
H12	Sample 96	2	1	4	46920	36.96	3.98
H12	Sample 96	2	1	5	51530	36.96	3.86
H12	Sample 96	2	1	6	56130	36.96	3.73
H12	Sample 96	2	1	7	60740	36.96	3.52
H12	Sample 96	2	1	8	65330	36.96	3.39
H12	Sample 96	2	1	9	69930	36.96	3.32
H12	Sample 96	2	1	10	74530	36.96	3.30
H12	Sample 96	2	1	11	79130	37	3.33
H12	Sample 96	2	1	12	83730	37	3.33
H12	Sample 96	2	1	13	88320	36.96	3.31
H12	Sample 96	2	1	14	92920	36.96	3.30
H12	Sample 96	2	1	15	97520	36.96	3.33
