Raw Data 		Experiment - evIC50_8_plate8_21APRIL2026 (Run on LCS480 1.5.1.62)
SamplePos	SampleName	Prog#	Seg#	Cycle#	Time	Temp	465-510	
A1	Sample 1	2	1	1	31220	36.86	0.88
A1	Sample 1	2	1	2	35920	36.96	0.88
A1	Sample 1	2	1	3	40610	36.96	0.86
A1	Sample 1	2	1	4	45310	37	0.85
A1	Sample 1	2	1	5	50020	36.96	0.86
A1	Sample 1	2	1	6	54710	37	0.86
A1	Sample 1	2	1	7	59310	37	0.86
A1	Sample 1	2	1	8	63910	36.96	0.85
A1	Sample 1	2	1	9	68620	37	0.85
A1	Sample 1	2	1	10	73320	37	0.86
A1	Sample 1	2	1	11	78010	36.96	0.84
A1	Sample 1	2	1	12	82720	36.96	0.85
A1	Sample 1	2	1	13	87410	37	0.84
A1	Sample 1	2	1	14	92130	36.96	0.84
A1	Sample 1	2	1	15	96820	36.96	0.84
A2	Sample 2	2	1	1	31220	36.86	0.92
A2	Sample 2	2	1	2	35920	36.96	0.92
A2	Sample 2	2	1	3	40610	36.96	0.90
A2	Sample 2	2	1	4	45310	37	0.90
A2	Sample 2	2	1	5	50020	36.96	0.90
A2	Sample 2	2	1	6	54710	37	0.90
A2	Sample 2	2	1	7	59310	37	0.90
A2	Sample 2	2	1	8	63910	36.96	0.89
A2	Sample 2	2	1	9	68620	37	0.90
A2	Sample 2	2	1	10	73320	37	0.90
A2	Sample 2	2	1	11	78010	36.96	0.90
A2	Sample 2	2	1	12	82720	36.96	0.88
A2	Sample 2	2	1	13	87410	37	0.88
A2	Sample 2	2	1	14	92130	36.96	0.89
A2	Sample 2	2	1	15	96820	36.96	0.89
A3	Sample 3	2	1	1	31220	36.86	1.00
A3	Sample 3	2	1	2	35920	36.96	0.99
A3	Sample 3	2	1	3	40610	36.96	0.98
A3	Sample 3	2	1	4	45310	37	0.97
A3	Sample 3	2	1	5	50020	36.96	0.98
A3	Sample 3	2	1	6	54710	37	0.98
A3	Sample 3	2	1	7	59310	37	0.96
A3	Sample 3	2	1	8	63910	36.96	0.96
A3	Sample 3	2	1	9	68620	37	0.96
A3	Sample 3	2	1	10	73320	37	0.98
A3	Sample 3	2	1	11	78010	36.96	0.96
A3	Sample 3	2	1	12	82720	36.96	0.96
A3	Sample 3	2	1	13	87410	37	0.96
A3	Sample 3	2	1	14	92130	36.96	0.95
A3	Sample 3	2	1	15	96820	36.96	0.96
A4	Sample 4	2	1	1	31220	36.86	0.98
A4	Sample 4	2	1	2	35920	36.96	0.97
A4	Sample 4	2	1	3	40610	36.96	0.96
A4	Sample 4	2	1	4	45310	37	0.96
A4	Sample 4	2	1	5	50020	36.96	0.95
A4	Sample 4	2	1	6	54710	37	0.95
A4	Sample 4	2	1	7	59310	37	0.94
A4	Sample 4	2	1	8	63910	36.96	0.94
A4	Sample 4	2	1	9	68620	37	0.94
A4	Sample 4	2	1	10	73320	37	0.94
A4	Sample 4	2	1	11	78010	36.96	0.94
A4	Sample 4	2	1	12	82720	36.96	0.93
A4	Sample 4	2	1	13	87410	37	0.93
A4	Sample 4	2	1	14	92130	36.96	0.93
A4	Sample 4	2	1	15	96820	36.96	0.92
A5	Sample 5	2	1	1	31220	36.86	1.31
A5	Sample 5	2	1	2	35920	36.96	1.29
A5	Sample 5	2	1	3	40610	36.96	1.27
A5	Sample 5	2	1	4	45310	37	1.27
A5	Sample 5	2	1	5	50020	36.96	1.26
A5	Sample 5	2	1	6	54710	37	1.26
A5	Sample 5	2	1	7	59310	37	1.26
A5	Sample 5	2	1	8	63910	36.96	1.24
A5	Sample 5	2	1	9	68620	37	1.24
A5	Sample 5	2	1	10	73320	37	1.25
A5	Sample 5	2	1	11	78010	36.96	1.25
A5	Sample 5	2	1	12	82720	36.96	1.24
A5	Sample 5	2	1	13	87410	37	1.23
A5	Sample 5	2	1	14	92130	36.96	1.24
A5	Sample 5	2	1	15	96820	36.96	1.24
A6	Sample 6	2	1	1	31220	36.86	1.31
A6	Sample 6	2	1	2	35920	36.96	1.30
A6	Sample 6	2	1	3	40610	36.96	1.29
A6	Sample 6	2	1	4	45310	37	1.28
A6	Sample 6	2	1	5	50020	36.96	1.27
A6	Sample 6	2	1	6	54710	37	1.28
A6	Sample 6	2	1	7	59310	37	1.26
A6	Sample 6	2	1	8	63910	36.96	1.26
A6	Sample 6	2	1	9	68620	37	1.26
A6	Sample 6	2	1	10	73320	37	1.27
A6	Sample 6	2	1	11	78010	36.96	1.26
A6	Sample 6	2	1	12	82720	36.96	1.26
A6	Sample 6	2	1	13	87410	37	1.25
A6	Sample 6	2	1	14	92130	36.96	1.26
A6	Sample 6	2	1	15	96820	36.96	1.27
A7	Sample 7	2	1	1	31220	36.86	1.42
A7	Sample 7	2	1	2	35920	36.96	1.41
A7	Sample 7	2	1	3	40610	36.96	1.39
A7	Sample 7	2	1	4	45310	37	1.38
A7	Sample 7	2	1	5	50020	36.96	1.38
A7	Sample 7	2	1	6	54710	37	1.37
A7	Sample 7	2	1	7	59310	37	1.38
A7	Sample 7	2	1	8	63910	36.96	1.36
A7	Sample 7	2	1	9	68620	37	1.36
A7	Sample 7	2	1	10	73320	37	1.36
A7	Sample 7	2	1	11	78010	36.96	1.36
A7	Sample 7	2	1	12	82720	36.96	1.36
A7	Sample 7	2	1	13	87410	37	1.36
A7	Sample 7	2	1	14	92130	36.96	1.36
A7	Sample 7	2	1	15	96820	36.96	1.36
A8	Sample 8	2	1	1	31220	36.86	1.34
A8	Sample 8	2	1	2	35920	36.96	1.31
A8	Sample 8	2	1	3	40610	36.96	1.29
A8	Sample 8	2	1	4	45310	37	1.29
A8	Sample 8	2	1	5	50020	36.96	1.28
A8	Sample 8	2	1	6	54710	37	1.29
A8	Sample 8	2	1	7	59310	37	1.28
A8	Sample 8	2	1	8	63910	36.96	1.27
A8	Sample 8	2	1	9	68620	37	1.27
A8	Sample 8	2	1	10	73320	37	1.27
A8	Sample 8	2	1	11	78010	36.96	1.27
A8	Sample 8	2	1	12	82720	36.96	1.27
A8	Sample 8	2	1	13	87410	37	1.25
A8	Sample 8	2	1	14	92130	36.96	1.26
A8	Sample 8	2	1	15	96820	36.96	1.25
A9	Sample 9	2	1	1	31220	36.86	3.68
A9	Sample 9	2	1	2	35920	36.96	3.65
A9	Sample 9	2	1	3	40610	36.96	3.61
A9	Sample 9	2	1	4	45310	37	3.58
A9	Sample 9	2	1	5	50020	36.96	3.56
A9	Sample 9	2	1	6	54710	37	3.56
A9	Sample 9	2	1	7	59310	37	3.52
A9	Sample 9	2	1	8	63910	36.96	3.52
A9	Sample 9	2	1	9	68620	37	3.52
A9	Sample 9	2	1	10	73320	37	3.51
A9	Sample 9	2	1	11	78010	36.96	3.51
A9	Sample 9	2	1	12	82720	36.96	3.51
A9	Sample 9	2	1	13	87410	37	3.52
A9	Sample 9	2	1	14	92130	36.96	3.50
A9	Sample 9	2	1	15	96820	36.96	3.51
A10	Sample 10	2	1	1	31220	36.86	3.66
A10	Sample 10	2	1	2	35920	36.96	3.61
A10	Sample 10	2	1	3	40610	36.96	3.58
A10	Sample 10	2	1	4	45310	37	3.55
A10	Sample 10	2	1	5	50020	36.96	3.51
A10	Sample 10	2	1	6	54710	37	3.52
A10	Sample 10	2	1	7	59310	37	3.49
A10	Sample 10	2	1	8	63910	36.96	3.47
A10	Sample 10	2	1	9	68620	37	3.47
A10	Sample 10	2	1	10	73320	37	3.48
A10	Sample 10	2	1	11	78010	36.96	3.48
A10	Sample 10	2	1	12	82720	36.96	3.47
A10	Sample 10	2	1	13	87410	37	3.47
A10	Sample 10	2	1	14	92130	36.96	3.47
A10	Sample 10	2	1	15	96820	36.96	3.47
A11	Sample 11	2	1	1	31220	36.86	3.75
A11	Sample 11	2	1	2	35920	36.96	3.70
A11	Sample 11	2	1	3	40610	36.96	3.67
A11	Sample 11	2	1	4	45310	37	3.63
A11	Sample 11	2	1	5	50020	36.96	3.62
A11	Sample 11	2	1	6	54710	37	3.63
A11	Sample 11	2	1	7	59310	37	3.60
A11	Sample 11	2	1	8	63910	36.96	3.59
A11	Sample 11	2	1	9	68620	37	3.58
A11	Sample 11	2	1	10	73320	37	3.59
A11	Sample 11	2	1	11	78010	36.96	3.58
A11	Sample 11	2	1	12	82720	36.96	3.58
A11	Sample 11	2	1	13	87410	37	3.56
A11	Sample 11	2	1	14	92130	36.96	3.57
A11	Sample 11	2	1	15	96820	36.96	3.56
A12	Sample 12	2	1	1	31220	36.86	3.36
A12	Sample 12	2	1	2	35920	36.96	3.31
A12	Sample 12	2	1	3	40610	36.96	3.28
A12	Sample 12	2	1	4	45310	37	3.25
A12	Sample 12	2	1	5	50020	36.96	3.25
A12	Sample 12	2	1	6	54710	37	3.24
A12	Sample 12	2	1	7	59310	37	3.23
A12	Sample 12	2	1	8	63910	36.96	3.21
A12	Sample 12	2	1	9	68620	37	3.20
A12	Sample 12	2	1	10	73320	37	3.21
A12	Sample 12	2	1	11	78010	36.96	3.20
A12	Sample 12	2	1	12	82720	36.96	3.20
A12	Sample 12	2	1	13	87410	37	3.19
A12	Sample 12	2	1	14	92130	36.96	3.19
A12	Sample 12	2	1	15	96820	36.96	3.18
B1	Sample 13	2	1	1	31220	36.86	0.88
B1	Sample 13	2	1	2	35920	36.96	0.88
B1	Sample 13	2	1	3	40610	36.96	0.87
B1	Sample 13	2	1	4	45310	37	0.86
B1	Sample 13	2	1	5	50020	36.96	0.86
B1	Sample 13	2	1	6	54710	37	0.85
B1	Sample 13	2	1	7	59310	37	0.86
B1	Sample 13	2	1	8	63910	36.96	0.84
B1	Sample 13	2	1	9	68620	37	0.84
B1	Sample 13	2	1	10	73320	37	0.85
B1	Sample 13	2	1	11	78010	36.96	0.84
B1	Sample 13	2	1	12	82720	36.96	0.84
B1	Sample 13	2	1	13	87410	37	0.84
B1	Sample 13	2	1	14	92130	36.96	0.84
B1	Sample 13	2	1	15	96820	36.96	0.84
B2	Sample 14	2	1	1	31220	36.86	0.97
B2	Sample 14	2	1	2	35920	36.96	1.06
B2	Sample 14	2	1	3	40610	36.96	1.00
B2	Sample 14	2	1	4	45310	37	0.90
B2	Sample 14	2	1	5	50020	36.96	0.98
B2	Sample 14	2	1	6	54710	37	1.00
B2	Sample 14	2	1	7	59310	37	0.95
B2	Sample 14	2	1	8	63910	36.96	0.87
B2	Sample 14	2	1	9	68620	37	0.83
B2	Sample 14	2	1	10	73320	37	0.81
B2	Sample 14	2	1	11	78010	36.96	0.80
B2	Sample 14	2	1	12	82720	36.96	0.81
B2	Sample 14	2	1	13	87410	37	0.81
B2	Sample 14	2	1	14	92130	36.96	0.80
B2	Sample 14	2	1	15	96820	36.96	0.81
B3	Sample 15	2	1	1	31220	36.86	0.93
B3	Sample 15	2	1	2	35920	36.96	0.93
B3	Sample 15	2	1	3	40610	36.96	0.93
B3	Sample 15	2	1	4	45310	37	0.91
B3	Sample 15	2	1	5	50020	36.96	0.90
B3	Sample 15	2	1	6	54710	37	0.92
B3	Sample 15	2	1	7	59310	37	0.91
B3	Sample 15	2	1	8	63910	36.96	0.90
B3	Sample 15	2	1	9	68620	37	0.90
B3	Sample 15	2	1	10	73320	37	0.90
B3	Sample 15	2	1	11	78010	36.96	0.90
B3	Sample 15	2	1	12	82720	36.96	0.90
B3	Sample 15	2	1	13	87410	37	0.90
B3	Sample 15	2	1	14	92130	36.96	0.90
B3	Sample 15	2	1	15	96820	36.96	0.90
B4	Sample 16	2	1	1	31220	36.86	1.34
B4	Sample 16	2	1	2	35920	36.96	1.43
B4	Sample 16	2	1	3	40610	36.96	1.63
B4	Sample 16	2	1	4	45310	37	1.94
B4	Sample 16	2	1	5	50020	36.96	2.24
B4	Sample 16	2	1	6	54710	37	2.44
B4	Sample 16	2	1	7	59310	37	2.39
B4	Sample 16	2	1	8	63910	36.96	2.18
B4	Sample 16	2	1	9	68620	37	1.99
B4	Sample 16	2	1	10	73320	37	1.75
B4	Sample 16	2	1	11	78010	36.96	1.53
B4	Sample 16	2	1	12	82720	36.96	1.36
B4	Sample 16	2	1	13	87410	37	1.22
B4	Sample 16	2	1	14	92130	36.96	1.11
B4	Sample 16	2	1	15	96820	36.96	1.04
B5	Sample 17	2	1	1	31220	36.86	1.24
B5	Sample 17	2	1	2	35920	36.96	1.24
B5	Sample 17	2	1	3	40610	36.96	1.23
B5	Sample 17	2	1	4	45310	37	1.21
B5	Sample 17	2	1	5	50020	36.96	1.21
B5	Sample 17	2	1	6	54710	37	1.21
B5	Sample 17	2	1	7	59310	37	1.21
B5	Sample 17	2	1	8	63910	36.96	1.18
B5	Sample 17	2	1	9	68620	37	1.19
B5	Sample 17	2	1	10	73320	37	1.19
B5	Sample 17	2	1	11	78010	36.96	1.19
B5	Sample 17	2	1	12	82720	36.96	1.19
B5	Sample 17	2	1	13	87410	37	1.17
B5	Sample 17	2	1	14	92130	36.96	1.18
B5	Sample 17	2	1	15	96820	36.96	1.19
B6	Sample 18	2	1	1	31220	36.86	1.26
B6	Sample 18	2	1	2	35920	36.96	1.26
B6	Sample 18	2	1	3	40610	36.96	1.25
B6	Sample 18	2	1	4	45310	37	1.24
B6	Sample 18	2	1	5	50020	36.96	1.22
B6	Sample 18	2	1	6	54710	37	1.23
B6	Sample 18	2	1	7	59310	37	1.23
B6	Sample 18	2	1	8	63910	36.96	1.21
B6	Sample 18	2	1	9	68620	37	1.21
B6	Sample 18	2	1	10	73320	37	1.21
B6	Sample 18	2	1	11	78010	36.96	1.21
B6	Sample 18	2	1	12	82720	36.96	1.21
B6	Sample 18	2	1	13	87410	37	1.20
B6	Sample 18	2	1	14	92130	36.96	1.20
B6	Sample 18	2	1	15	96820	36.96	1.22
B7	Sample 19	2	1	1	31220	36.86	1.27
B7	Sample 19	2	1	2	35920	36.96	1.27
B7	Sample 19	2	1	3	40610	36.96	1.26
B7	Sample 19	2	1	4	45310	37	1.24
B7	Sample 19	2	1	5	50020	36.96	1.23
B7	Sample 19	2	1	6	54710	37	1.23
B7	Sample 19	2	1	7	59310	37	1.23
B7	Sample 19	2	1	8	63910	36.96	1.22
B7	Sample 19	2	1	9	68620	37	1.23
B7	Sample 19	2	1	10	73320	37	1.22
B7	Sample 19	2	1	11	78010	36.96	1.22
B7	Sample 19	2	1	12	82720	36.96	1.20
B7	Sample 19	2	1	13	87410	37	1.21
B7	Sample 19	2	1	14	92130	36.96	1.20
B7	Sample 19	2	1	15	96820	36.96	1.21
B8	Sample 20	2	1	1	31220	36.86	1.26
B8	Sample 20	2	1	2	35920	36.96	1.24
B8	Sample 20	2	1	3	40610	36.96	1.23
B8	Sample 20	2	1	4	45310	37	1.22
B8	Sample 20	2	1	5	50020	36.96	1.21
B8	Sample 20	2	1	6	54710	37	1.21
B8	Sample 20	2	1	7	59310	37	1.21
B8	Sample 20	2	1	8	63910	36.96	1.20
B8	Sample 20	2	1	9	68620	37	1.20
B8	Sample 20	2	1	10	73320	37	1.21
B8	Sample 20	2	1	11	78010	36.96	1.19
B8	Sample 20	2	1	12	82720	36.96	1.18
B8	Sample 20	2	1	13	87410	37	1.19
B8	Sample 20	2	1	14	92130	36.96	1.19
B8	Sample 20	2	1	15	96820	36.96	1.19
B9	Sample 21	2	1	1	31220	36.86	3.72
B9	Sample 21	2	1	2	35920	36.96	3.66
B9	Sample 21	2	1	3	40610	36.96	3.63
B9	Sample 21	2	1	4	45310	37	3.61
B9	Sample 21	2	1	5	50020	36.96	3.59
B9	Sample 21	2	1	6	54710	37	3.57
B9	Sample 21	2	1	7	59310	37	3.56
B9	Sample 21	2	1	8	63910	36.96	3.54
B9	Sample 21	2	1	9	68620	37	3.54
B9	Sample 21	2	1	10	73320	37	3.55
B9	Sample 21	2	1	11	78010	36.96	3.53
B9	Sample 21	2	1	12	82720	36.96	3.54
B9	Sample 21	2	1	13	87410	37	3.53
B9	Sample 21	2	1	14	92130	36.96	3.52
B9	Sample 21	2	1	15	96820	36.96	3.54
B10	Sample 22	2	1	1	31220	36.86	3.65
B10	Sample 22	2	1	2	35920	36.96	3.59
B10	Sample 22	2	1	3	40610	36.96	3.58
B10	Sample 22	2	1	4	45310	37	3.52
B10	Sample 22	2	1	5	50020	36.96	3.50
B10	Sample 22	2	1	6	54710	37	3.49
B10	Sample 22	2	1	7	59310	37	3.48
B10	Sample 22	2	1	8	63910	36.96	3.46
B10	Sample 22	2	1	9	68620	37	3.45
B10	Sample 22	2	1	10	73320	37	3.44
B10	Sample 22	2	1	11	78010	36.96	3.44
B10	Sample 22	2	1	12	82720	36.96	3.43
B10	Sample 22	2	1	13	87410	37	3.43
B10	Sample 22	2	1	14	92130	36.96	3.43
B10	Sample 22	2	1	15	96820	36.96	3.46
B11	Sample 23	2	1	1	31220	36.86	3.76
B11	Sample 23	2	1	2	35920	36.96	3.70
B11	Sample 23	2	1	3	40610	36.96	3.68
B11	Sample 23	2	1	4	45310	37	3.64
B11	Sample 23	2	1	5	50020	36.96	3.61
B11	Sample 23	2	1	6	54710	37	3.61
B11	Sample 23	2	1	7	59310	37	3.59
B11	Sample 23	2	1	8	63910	36.96	3.59
B11	Sample 23	2	1	9	68620	37	3.57
B11	Sample 23	2	1	10	73320	37	3.58
B11	Sample 23	2	1	11	78010	36.96	3.58
B11	Sample 23	2	1	12	82720	36.96	3.56
B11	Sample 23	2	1	13	87410	37	3.56
B11	Sample 23	2	1	14	92130	36.96	3.56
B11	Sample 23	2	1	15	96820	36.96	3.56
B12	Sample 24	2	1	1	31220	36.86	3.47
B12	Sample 24	2	1	2	35920	36.96	3.43
B12	Sample 24	2	1	3	40610	36.96	3.40
B12	Sample 24	2	1	4	45310	37	3.36
B12	Sample 24	2	1	5	50020	36.96	3.35
B12	Sample 24	2	1	6	54710	37	3.34
B12	Sample 24	2	1	7	59310	37	3.33
B12	Sample 24	2	1	8	63910	36.96	3.31
B12	Sample 24	2	1	9	68620	37	3.33
B12	Sample 24	2	1	10	73320	37	3.33
B12	Sample 24	2	1	11	78010	36.96	3.31
B12	Sample 24	2	1	12	82720	36.96	3.31
B12	Sample 24	2	1	13	87410	37	3.31
B12	Sample 24	2	1	14	92130	36.96	3.29
B12	Sample 24	2	1	15	96820	36.96	3.31
C1	Sample 25	2	1	1	31220	36.86	0.90
C1	Sample 25	2	1	2	35920	36.96	0.88
C1	Sample 25	2	1	3	40610	36.96	0.87
C1	Sample 25	2	1	4	45310	37	0.87
C1	Sample 25	2	1	5	50020	36.96	0.87
C1	Sample 25	2	1	6	54710	37	0.86
C1	Sample 25	2	1	7	59310	37	0.87
C1	Sample 25	2	1	8	63910	36.96	0.86
C1	Sample 25	2	1	9	68620	37	0.87
C1	Sample 25	2	1	10	73320	37	0.86
C1	Sample 25	2	1	11	78010	36.96	0.86
C1	Sample 25	2	1	12	82720	36.96	0.85
C1	Sample 25	2	1	13	87410	37	0.85
C1	Sample 25	2	1	14	92130	36.96	0.85
C1	Sample 25	2	1	15	96820	36.96	0.85
C2	Sample 26	2	1	1	31220	36.86	1.03
C2	Sample 26	2	1	2	35920	36.96	1.05
C2	Sample 26	2	1	3	40610	36.96	1.07
C2	Sample 26	2	1	4	45310	37	1.11
C2	Sample 26	2	1	5	50020	36.96	1.17
C2	Sample 26	2	1	6	54710	37	1.24
C2	Sample 26	2	1	7	59310	37	1.25
C2	Sample 26	2	1	8	63910	36.96	1.28
C2	Sample 26	2	1	9	68620	37	1.27
C2	Sample 26	2	1	10	73320	37	1.22
C2	Sample 26	2	1	11	78010	36.96	1.11
C2	Sample 26	2	1	12	82720	36.96	1.00
C2	Sample 26	2	1	13	87410	37	0.93
C2	Sample 26	2	1	14	92130	36.96	0.88
C2	Sample 26	2	1	15	96820	36.96	0.84
C3	Sample 27	2	1	1	31220	36.86	0.98
C3	Sample 27	2	1	2	35920	36.96	0.97
C3	Sample 27	2	1	3	40610	36.96	0.96
C3	Sample 27	2	1	4	45310	37	0.96
C3	Sample 27	2	1	5	50020	36.96	0.95
C3	Sample 27	2	1	6	54710	37	0.94
C3	Sample 27	2	1	7	59310	37	0.93
C3	Sample 27	2	1	8	63910	36.96	0.94
C3	Sample 27	2	1	9	68620	37	0.94
C3	Sample 27	2	1	10	73320	37	0.94
C3	Sample 27	2	1	11	78010	36.96	0.93
C3	Sample 27	2	1	12	82720	36.96	0.93
C3	Sample 27	2	1	13	87410	37	0.94
C3	Sample 27	2	1	14	92130	36.96	0.94
C3	Sample 27	2	1	15	96820	36.96	0.93
C4	Sample 28	2	1	1	31220	36.86	1.01
C4	Sample 28	2	1	2	35920	36.96	1.01
C4	Sample 28	2	1	3	40610	36.96	0.99
C4	Sample 28	2	1	4	45310	37	0.99
C4	Sample 28	2	1	5	50020	36.96	0.99
C4	Sample 28	2	1	6	54710	37	0.98
C4	Sample 28	2	1	7	59310	37	0.98
C4	Sample 28	2	1	8	63910	36.96	0.97
C4	Sample 28	2	1	9	68620	37	0.97
C4	Sample 28	2	1	10	73320	37	0.97
C4	Sample 28	2	1	11	78010	36.96	0.97
C4	Sample 28	2	1	12	82720	36.96	0.97
C4	Sample 28	2	1	13	87410	37	0.97
C4	Sample 28	2	1	14	92130	36.96	0.97
C4	Sample 28	2	1	15	96820	36.96	0.97
C5	Sample 29	2	1	1	31220	36.86	1.24
C5	Sample 29	2	1	2	35920	36.96	1.21
C5	Sample 29	2	1	3	40610	36.96	1.20
C5	Sample 29	2	1	4	45310	37	1.20
C5	Sample 29	2	1	5	50020	36.96	1.19
C5	Sample 29	2	1	6	54710	37	1.18
C5	Sample 29	2	1	7	59310	37	1.18
C5	Sample 29	2	1	8	63910	36.96	1.17
C5	Sample 29	2	1	9	68620	37	1.17
C5	Sample 29	2	1	10	73320	37	1.17
C5	Sample 29	2	1	11	78010	36.96	1.17
C5	Sample 29	2	1	12	82720	36.96	1.16
C5	Sample 29	2	1	13	87410	37	1.17
C5	Sample 29	2	1	14	92130	36.96	1.17
C5	Sample 29	2	1	15	96820	36.96	1.17
C6	Sample 30	2	1	1	31220	36.86	1.28
C6	Sample 30	2	1	2	35920	36.96	1.27
C6	Sample 30	2	1	3	40610	36.96	1.25
C6	Sample 30	2	1	4	45310	37	1.24
C6	Sample 30	2	1	5	50020	36.96	1.25
C6	Sample 30	2	1	6	54710	37	1.23
C6	Sample 30	2	1	7	59310	37	1.23
C6	Sample 30	2	1	8	63910	36.96	1.23
C6	Sample 30	2	1	9	68620	37	1.23
C6	Sample 30	2	1	10	73320	37	1.23
C6	Sample 30	2	1	11	78010	36.96	1.23
C6	Sample 30	2	1	12	82720	36.96	1.22
C6	Sample 30	2	1	13	87410	37	1.21
C6	Sample 30	2	1	14	92130	36.96	1.22
C6	Sample 30	2	1	15	96820	36.96	1.22
C7	Sample 31	2	1	1	31220	36.86	1.33
C7	Sample 31	2	1	2	35920	36.96	1.32
C7	Sample 31	2	1	3	40610	36.96	1.30
C7	Sample 31	2	1	4	45310	37	1.29
C7	Sample 31	2	1	5	50020	36.96	1.29
C7	Sample 31	2	1	6	54710	37	1.28
C7	Sample 31	2	1	7	59310	37	1.27
C7	Sample 31	2	1	8	63910	36.96	1.28
C7	Sample 31	2	1	9	68620	37	1.27
C7	Sample 31	2	1	10	73320	37	1.27
C7	Sample 31	2	1	11	78010	36.96	1.27
C7	Sample 31	2	1	12	82720	36.96	1.26
C7	Sample 31	2	1	13	87410	37	1.27
C7	Sample 31	2	1	14	92130	36.96	1.28
C7	Sample 31	2	1	15	96820	36.96	1.27
C8	Sample 32	2	1	1	31220	36.86	1.25
C8	Sample 32	2	1	2	35920	36.96	1.23
C8	Sample 32	2	1	3	40610	36.96	1.21
C8	Sample 32	2	1	4	45310	37	1.20
C8	Sample 32	2	1	5	50020	36.96	1.19
C8	Sample 32	2	1	6	54710	37	1.19
C8	Sample 32	2	1	7	59310	37	1.19
C8	Sample 32	2	1	8	63910	36.96	1.18
C8	Sample 32	2	1	9	68620	37	1.18
C8	Sample 32	2	1	10	73320	37	1.18
C8	Sample 32	2	1	11	78010	36.96	1.18
C8	Sample 32	2	1	12	82720	36.96	1.17
C8	Sample 32	2	1	13	87410	37	1.18
C8	Sample 32	2	1	14	92130	36.96	1.18
C8	Sample 32	2	1	15	96820	36.96	1.18
C9	Sample 33	2	1	1	31220	36.86	3.72
C9	Sample 33	2	1	2	35920	36.96	3.66
C9	Sample 33	2	1	3	40610	36.96	3.63
C9	Sample 33	2	1	4	45310	37	3.61
C9	Sample 33	2	1	5	50020	36.96	3.58
C9	Sample 33	2	1	6	54710	37	3.57
C9	Sample 33	2	1	7	59310	37	3.56
C9	Sample 33	2	1	8	63910	36.96	3.54
C9	Sample 33	2	1	9	68620	37	3.54
C9	Sample 33	2	1	10	73320	37	3.53
C9	Sample 33	2	1	11	78010	36.96	3.53
C9	Sample 33	2	1	12	82720	36.96	3.52
C9	Sample 33	2	1	13	87410	37	3.52
C9	Sample 33	2	1	14	92130	36.96	3.52
C9	Sample 33	2	1	15	96820	36.96	3.52
C10	Sample 34	2	1	1	31220	36.86	3.58
C10	Sample 34	2	1	2	35920	36.96	3.52
C10	Sample 34	2	1	3	40610	36.96	3.49
C10	Sample 34	2	1	4	45310	37	3.45
C10	Sample 34	2	1	5	50020	36.96	3.45
C10	Sample 34	2	1	6	54710	37	3.41
C10	Sample 34	2	1	7	59310	37	3.42
C10	Sample 34	2	1	8	63910	36.96	3.40
C10	Sample 34	2	1	9	68620	37	3.40
C10	Sample 34	2	1	10	73320	37	3.40
C10	Sample 34	2	1	11	78010	36.96	3.39
C10	Sample 34	2	1	12	82720	36.96	3.39
C10	Sample 34	2	1	13	87410	37	3.40
C10	Sample 34	2	1	14	92130	36.96	3.40
C10	Sample 34	2	1	15	96820	36.96	3.38
C11	Sample 35	2	1	1	31220	36.86	3.84
C11	Sample 35	2	1	2	35920	36.96	3.79
C11	Sample 35	2	1	3	40610	36.96	3.74
C11	Sample 35	2	1	4	45310	37	3.72
C11	Sample 35	2	1	5	50020	36.96	3.71
C11	Sample 35	2	1	6	54710	37	3.69
C11	Sample 35	2	1	7	59310	37	3.68
C11	Sample 35	2	1	8	63910	36.96	3.67
C11	Sample 35	2	1	9	68620	37	3.66
C11	Sample 35	2	1	10	73320	37	3.65
C11	Sample 35	2	1	11	78010	36.96	3.65
C11	Sample 35	2	1	12	82720	36.96	3.63
C11	Sample 35	2	1	13	87410	37	3.65
C11	Sample 35	2	1	14	92130	36.96	3.65
C11	Sample 35	2	1	15	96820	36.96	3.63
C12	Sample 36	2	1	1	31220	36.86	3.52
C12	Sample 36	2	1	2	35920	36.96	3.49
C12	Sample 36	2	1	3	40610	36.96	3.44
C12	Sample 36	2	1	4	45310	37	3.42
C12	Sample 36	2	1	5	50020	36.96	3.42
C12	Sample 36	2	1	6	54710	37	3.39
C12	Sample 36	2	1	7	59310	37	3.40
C12	Sample 36	2	1	8	63910	36.96	3.39
C12	Sample 36	2	1	9	68620	37	3.38
C12	Sample 36	2	1	10	73320	37	3.36
C12	Sample 36	2	1	11	78010	36.96	3.37
C12	Sample 36	2	1	12	82720	36.96	3.36
C12	Sample 36	2	1	13	87410	37	3.36
C12	Sample 36	2	1	14	92130	36.96	3.37
C12	Sample 36	2	1	15	96820	36.96	3.37
D1	Sample 37	2	1	1	31220	36.86	0.91
D1	Sample 37	2	1	2	35920	36.96	0.91
D1	Sample 37	2	1	3	40610	36.96	0.89
D1	Sample 37	2	1	4	45310	37	0.89
D1	Sample 37	2	1	5	50020	36.96	0.89
D1	Sample 37	2	1	6	54710	37	0.88
D1	Sample 37	2	1	7	59310	37	0.89
D1	Sample 37	2	1	8	63910	36.96	0.88
D1	Sample 37	2	1	9	68620	37	0.88
D1	Sample 37	2	1	10	73320	37	0.88
D1	Sample 37	2	1	11	78010	36.96	0.89
D1	Sample 37	2	1	12	82720	36.96	0.87
D1	Sample 37	2	1	13	87410	37	0.87
D1	Sample 37	2	1	14	92130	36.96	0.87
D1	Sample 37	2	1	15	96820	36.96	0.86
D2	Sample 38	2	1	1	31220	36.86	1.52
D2	Sample 38	2	1	2	35920	36.96	2.01
D2	Sample 38	2	1	3	40610	36.96	1.70
D2	Sample 38	2	1	4	45310	37	1.69
D2	Sample 38	2	1	5	50020	36.96	1.53
D2	Sample 38	2	1	6	54710	37	1.37
D2	Sample 38	2	1	7	59310	37	1.15
D2	Sample 38	2	1	8	63910	36.96	1.01
D2	Sample 38	2	1	9	68620	37	0.94
D2	Sample 38	2	1	10	73320	37	0.89
D2	Sample 38	2	1	11	78010	36.96	0.85
D2	Sample 38	2	1	12	82720	36.96	0.83
D2	Sample 38	2	1	13	87410	37	0.81
D2	Sample 38	2	1	14	92130	36.96	0.81
D2	Sample 38	2	1	15	96820	36.96	0.81
D3	Sample 39	2	1	1	31220	36.86	2.30
D3	Sample 39	2	1	2	35920	36.96	2.24
D3	Sample 39	2	1	3	40610	36.96	1.97
D3	Sample 39	2	1	4	45310	37	1.74
D3	Sample 39	2	1	5	50020	36.96	1.49
D3	Sample 39	2	1	6	54710	37	1.32
D3	Sample 39	2	1	7	59310	37	1.24
D3	Sample 39	2	1	8	63910	36.96	1.19
D3	Sample 39	2	1	9	68620	37	1.16
D3	Sample 39	2	1	10	73320	37	1.15
D3	Sample 39	2	1	11	78010	36.96	1.14
D3	Sample 39	2	1	12	82720	36.96	1.14
D3	Sample 39	2	1	13	87410	37	1.14
D3	Sample 39	2	1	14	92130	36.96	1.14
D3	Sample 39	2	1	15	96820	36.96	1.14
D4	Sample 40	2	1	1	31220	36.86	1.31
D4	Sample 40	2	1	2	35920	36.96	1.30
D4	Sample 40	2	1	3	40610	36.96	1.29
D4	Sample 40	2	1	4	45310	37	1.27
D4	Sample 40	2	1	5	50020	36.96	1.26
D4	Sample 40	2	1	6	54710	37	1.25
D4	Sample 40	2	1	7	59310	37	1.25
D4	Sample 40	2	1	8	63910	36.96	1.24
D4	Sample 40	2	1	9	68620	37	1.25
D4	Sample 40	2	1	10	73320	37	1.24
D4	Sample 40	2	1	11	78010	36.96	1.25
D4	Sample 40	2	1	12	82720	36.96	1.25
D4	Sample 40	2	1	13	87410	37	1.24
D4	Sample 40	2	1	14	92130	36.96	1.24
D4	Sample 40	2	1	15	96820	36.96	1.24
D5	Sample 41	2	1	1	31220	36.86	1.24
D5	Sample 41	2	1	2	35920	36.96	1.24
D5	Sample 41	2	1	3	40610	36.96	1.22
D5	Sample 41	2	1	4	45310	37	1.20
D5	Sample 41	2	1	5	50020	36.96	1.20
D5	Sample 41	2	1	6	54710	37	1.19
D5	Sample 41	2	1	7	59310	37	1.20
D5	Sample 41	2	1	8	63910	36.96	1.18
D5	Sample 41	2	1	9	68620	37	1.19
D5	Sample 41	2	1	10	73320	37	1.19
D5	Sample 41	2	1	11	78010	36.96	1.19
D5	Sample 41	2	1	12	82720	36.96	1.18
D5	Sample 41	2	1	13	87410	37	1.18
D5	Sample 41	2	1	14	92130	36.96	1.18
D5	Sample 41	2	1	15	96820	36.96	1.18
D6	Sample 42	2	1	1	31220	36.86	1.30
D6	Sample 42	2	1	2	35920	36.96	1.28
D6	Sample 42	2	1	3	40610	36.96	1.27
D6	Sample 42	2	1	4	45310	37	1.24
D6	Sample 42	2	1	5	50020	36.96	1.25
D6	Sample 42	2	1	6	54710	37	1.24
D6	Sample 42	2	1	7	59310	37	1.25
D6	Sample 42	2	1	8	63910	36.96	1.23
D6	Sample 42	2	1	9	68620	37	1.23
D6	Sample 42	2	1	10	73320	37	1.24
D6	Sample 42	2	1	11	78010	36.96	1.23
D6	Sample 42	2	1	12	82720	36.96	1.23
D6	Sample 42	2	1	13	87410	37	1.23
D6	Sample 42	2	1	14	92130	36.96	1.22
D6	Sample 42	2	1	15	96820	36.96	1.22
D7	Sample 43	2	1	1	31220	36.86	1.48
D7	Sample 43	2	1	2	35920	36.96	1.46
D7	Sample 43	2	1	3	40610	36.96	1.44
D7	Sample 43	2	1	4	45310	37	1.43
D7	Sample 43	2	1	5	50020	36.96	1.43
D7	Sample 43	2	1	6	54710	37	1.43
D7	Sample 43	2	1	7	59310	37	1.42
D7	Sample 43	2	1	8	63910	36.96	1.42
D7	Sample 43	2	1	9	68620	37	1.41
D7	Sample 43	2	1	10	73320	37	1.41
D7	Sample 43	2	1	11	78010	36.96	1.41
D7	Sample 43	2	1	12	82720	36.96	1.41
D7	Sample 43	2	1	13	87410	37	1.41
D7	Sample 43	2	1	14	92130	36.96	1.40
D7	Sample 43	2	1	15	96820	36.96	1.40
D8	Sample 44	2	1	1	31220	36.86	1.41
D8	Sample 44	2	1	2	35920	36.96	1.40
D8	Sample 44	2	1	3	40610	36.96	1.37
D8	Sample 44	2	1	4	45310	37	1.37
D8	Sample 44	2	1	5	50020	36.96	1.36
D8	Sample 44	2	1	6	54710	37	1.34
D8	Sample 44	2	1	7	59310	37	1.35
D8	Sample 44	2	1	8	63910	36.96	1.34
D8	Sample 44	2	1	9	68620	37	1.34
D8	Sample 44	2	1	10	73320	37	1.34
D8	Sample 44	2	1	11	78010	36.96	1.34
D8	Sample 44	2	1	12	82720	36.96	1.34
D8	Sample 44	2	1	13	87410	37	1.34
D8	Sample 44	2	1	14	92130	36.96	1.34
D8	Sample 44	2	1	15	96820	36.96	1.34
D9	Sample 45	2	1	1	31220	36.86	3.71
D9	Sample 45	2	1	2	35920	36.96	3.66
D9	Sample 45	2	1	3	40610	36.96	3.61
D9	Sample 45	2	1	4	45310	37	3.57
D9	Sample 45	2	1	5	50020	36.96	3.56
D9	Sample 45	2	1	6	54710	37	3.54
D9	Sample 45	2	1	7	59310	37	3.55
D9	Sample 45	2	1	8	63910	36.96	3.51
D9	Sample 45	2	1	9	68620	37	3.50
D9	Sample 45	2	1	10	73320	37	3.50
D9	Sample 45	2	1	11	78010	36.96	3.51
D9	Sample 45	2	1	12	82720	36.96	3.50
D9	Sample 45	2	1	13	87410	37	3.49
D9	Sample 45	2	1	14	92130	36.96	3.48
D9	Sample 45	2	1	15	96820	36.96	3.49
D10	Sample 46	2	1	1	31220	36.86	3.64
D10	Sample 46	2	1	2	35920	36.96	3.59
D10	Sample 46	2	1	3	40610	36.96	3.55
D10	Sample 46	2	1	4	45310	37	3.50
D10	Sample 46	2	1	5	50020	36.96	3.50
D10	Sample 46	2	1	6	54710	37	3.49
D10	Sample 46	2	1	7	59310	37	3.47
D10	Sample 46	2	1	8	63910	36.96	3.46
D10	Sample 46	2	1	9	68620	37	3.46
D10	Sample 46	2	1	10	73320	37	3.45
D10	Sample 46	2	1	11	78010	36.96	3.45
D10	Sample 46	2	1	12	82720	36.96	3.44
D10	Sample 46	2	1	13	87410	37	3.43
D10	Sample 46	2	1	14	92130	36.96	3.45
D10	Sample 46	2	1	15	96820	36.96	3.45
D11	Sample 47	2	1	1	31220	36.86	4.44
D11	Sample 47	2	1	2	35920	36.96	4.38
D11	Sample 47	2	1	3	40610	36.96	4.33
D11	Sample 47	2	1	4	45310	37	4.31
D11	Sample 47	2	1	5	50020	36.96	4.28
D11	Sample 47	2	1	6	54710	37	4.27
D11	Sample 47	2	1	7	59310	37	4.26
D11	Sample 47	2	1	8	63910	36.96	4.25
D11	Sample 47	2	1	9	68620	37	4.23
D11	Sample 47	2	1	10	73320	37	4.23
D11	Sample 47	2	1	11	78010	36.96	4.23
D11	Sample 47	2	1	12	82720	36.96	4.21
D11	Sample 47	2	1	13	87410	37	4.21
D11	Sample 47	2	1	14	92130	36.96	4.21
D11	Sample 47	2	1	15	96820	36.96	4.22
D12	Sample 48	2	1	1	31220	36.86	4.16
D12	Sample 48	2	1	2	35920	36.96	4.12
D12	Sample 48	2	1	3	40610	36.96	4.08
D12	Sample 48	2	1	4	45310	37	4.04
D12	Sample 48	2	1	5	50020	36.96	4.02
D12	Sample 48	2	1	6	54710	37	4.02
D12	Sample 48	2	1	7	59310	37	4.00
D12	Sample 48	2	1	8	63910	36.96	4.00
D12	Sample 48	2	1	9	68620	37	3.98
D12	Sample 48	2	1	10	73320	37	3.98
D12	Sample 48	2	1	11	78010	36.96	3.97
D12	Sample 48	2	1	12	82720	36.96	3.97
D12	Sample 48	2	1	13	87410	37	3.97
D12	Sample 48	2	1	14	92130	36.96	3.95
D12	Sample 48	2	1	15	96820	36.96	3.95
E1	Sample 49	2	1	1	31220	36.86	1.30
E1	Sample 49	2	1	2	35920	36.96	1.30
E1	Sample 49	2	1	3	40610	36.96	1.28
E1	Sample 49	2	1	4	45310	37	1.27
E1	Sample 49	2	1	5	50020	36.96	1.26
E1	Sample 49	2	1	6	54710	37	1.27
E1	Sample 49	2	1	7	59310	37	1.25
E1	Sample 49	2	1	8	63910	36.96	1.25
E1	Sample 49	2	1	9	68620	37	1.25
E1	Sample 49	2	1	10	73320	37	1.25
E1	Sample 49	2	1	11	78010	36.96	1.25
E1	Sample 49	2	1	12	82720	36.96	1.25
E1	Sample 49	2	1	13	87410	37	1.25
E1	Sample 49	2	1	14	92130	36.96	1.24
E1	Sample 49	2	1	15	96820	36.96	1.25
E2	Sample 50	2	1	1	31220	36.86	1.40
E2	Sample 50	2	1	2	35920	36.96	1.38
E2	Sample 50	2	1	3	40610	36.96	1.37
E2	Sample 50	2	1	4	45310	37	1.36
E2	Sample 50	2	1	5	50020	36.96	1.36
E2	Sample 50	2	1	6	54710	37	1.35
E2	Sample 50	2	1	7	59310	37	1.34
E2	Sample 50	2	1	8	63910	36.96	1.35
E2	Sample 50	2	1	9	68620	37	1.35
E2	Sample 50	2	1	10	73320	37	1.35
E2	Sample 50	2	1	11	78010	36.96	1.35
E2	Sample 50	2	1	12	82720	36.96	1.34
E2	Sample 50	2	1	13	87410	37	1.33
E2	Sample 50	2	1	14	92130	36.96	1.34
E2	Sample 50	2	1	15	96820	36.96	1.35
E3	Sample 51	2	1	1	31220	36.86	1.74
E3	Sample 51	2	1	2	35920	36.96	1.75
E3	Sample 51	2	1	3	40610	36.96	1.76
E3	Sample 51	2	1	4	45310	37	1.76
E3	Sample 51	2	1	5	50020	36.96	1.76
E3	Sample 51	2	1	6	54710	37	1.77
E3	Sample 51	2	1	7	59310	37	1.77
E3	Sample 51	2	1	8	63910	36.96	1.76
E3	Sample 51	2	1	9	68620	37	1.76
E3	Sample 51	2	1	10	73320	37	1.77
E3	Sample 51	2	1	11	78010	36.96	1.77
E3	Sample 51	2	1	12	82720	36.96	1.74
E3	Sample 51	2	1	13	87410	37	1.76
E3	Sample 51	2	1	14	92130	36.96	1.75
E3	Sample 51	2	1	15	96820	36.96	1.76
E4	Sample 52	2	1	1	31220	36.86	1.80
E4	Sample 52	2	1	2	35920	36.96	1.81
E4	Sample 52	2	1	3	40610	36.96	1.81
E4	Sample 52	2	1	4	45310	37	1.81
E4	Sample 52	2	1	5	50020	36.96	1.82
E4	Sample 52	2	1	6	54710	37	1.82
E4	Sample 52	2	1	7	59310	37	1.81
E4	Sample 52	2	1	8	63910	36.96	1.81
E4	Sample 52	2	1	9	68620	37	1.81
E4	Sample 52	2	1	10	73320	37	1.81
E4	Sample 52	2	1	11	78010	36.96	1.81
E4	Sample 52	2	1	12	82720	36.96	1.80
E4	Sample 52	2	1	13	87410	37	1.81
E4	Sample 52	2	1	14	92130	36.96	1.81
E4	Sample 52	2	1	15	96820	36.96	1.81
E5	Sample 53	2	1	1	31220	36.86	1.68
E5	Sample 53	2	1	2	35920	36.96	1.66
E5	Sample 53	2	1	3	40610	36.96	1.63
E5	Sample 53	2	1	4	45310	37	1.63
E5	Sample 53	2	1	5	50020	36.96	1.62
E5	Sample 53	2	1	6	54710	37	1.63
E5	Sample 53	2	1	7	59310	37	1.60
E5	Sample 53	2	1	8	63910	36.96	1.61
E5	Sample 53	2	1	9	68620	37	1.60
E5	Sample 53	2	1	10	73320	37	1.60
E5	Sample 53	2	1	11	78010	36.96	1.61
E5	Sample 53	2	1	12	82720	36.96	1.60
E5	Sample 53	2	1	13	87410	37	1.59
E5	Sample 53	2	1	14	92130	36.96	1.60
E5	Sample 53	2	1	15	96820	36.96	1.60
E6	Sample 54	2	1	1	31220	36.86	1.53
E6	Sample 54	2	1	2	35920	36.96	1.51
E6	Sample 54	2	1	3	40610	36.96	1.49
E6	Sample 54	2	1	4	45310	37	1.48
E6	Sample 54	2	1	5	50020	36.96	1.47
E6	Sample 54	2	1	6	54710	37	1.47
E6	Sample 54	2	1	7	59310	37	1.47
E6	Sample 54	2	1	8	63910	36.96	1.46
E6	Sample 54	2	1	9	68620	37	1.47
E6	Sample 54	2	1	10	73320	37	1.47
E6	Sample 54	2	1	11	78010	36.96	1.46
E6	Sample 54	2	1	12	82720	36.96	1.46
E6	Sample 54	2	1	13	87410	37	1.45
E6	Sample 54	2	1	14	92130	36.96	1.46
E6	Sample 54	2	1	15	96820	36.96	1.46
E7	Sample 55	2	1	1	31220	36.86	1.78
E7	Sample 55	2	1	2	35920	36.96	1.76
E7	Sample 55	2	1	3	40610	36.96	1.74
E7	Sample 55	2	1	4	45310	37	1.72
E7	Sample 55	2	1	5	50020	36.96	1.72
E7	Sample 55	2	1	6	54710	37	1.72
E7	Sample 55	2	1	7	59310	37	1.70
E7	Sample 55	2	1	8	63910	36.96	1.70
E7	Sample 55	2	1	9	68620	37	1.70
E7	Sample 55	2	1	10	73320	37	1.70
E7	Sample 55	2	1	11	78010	36.96	1.70
E7	Sample 55	2	1	12	82720	36.96	1.70
E7	Sample 55	2	1	13	87410	37	1.70
E7	Sample 55	2	1	14	92130	36.96	1.70
E7	Sample 55	2	1	15	96820	36.96	1.71
E8	Sample 56	2	1	1	31220	36.86	1.71
E8	Sample 56	2	1	2	35920	36.96	1.67
E8	Sample 56	2	1	3	40610	36.96	1.67
E8	Sample 56	2	1	4	45310	37	1.67
E8	Sample 56	2	1	5	50020	36.96	1.64
E8	Sample 56	2	1	6	54710	37	1.64
E8	Sample 56	2	1	7	59310	37	1.63
E8	Sample 56	2	1	8	63910	36.96	1.63
E8	Sample 56	2	1	9	68620	37	1.63
E8	Sample 56	2	1	10	73320	37	1.63
E8	Sample 56	2	1	11	78010	36.96	1.62
E8	Sample 56	2	1	12	82720	36.96	1.61
E8	Sample 56	2	1	13	87410	37	1.62
E8	Sample 56	2	1	14	92130	36.96	1.62
E8	Sample 56	2	1	15	96820	36.96	1.62
E9	Sample 57	2	1	1	31220	36.86	4.31
E9	Sample 57	2	1	2	35920	36.96	4.24
E9	Sample 57	2	1	3	40610	36.96	4.20
E9	Sample 57	2	1	4	45310	37	4.17
E9	Sample 57	2	1	5	50020	36.96	4.15
E9	Sample 57	2	1	6	54710	37	4.12
E9	Sample 57	2	1	7	59310	37	4.11
E9	Sample 57	2	1	8	63910	36.96	4.09
E9	Sample 57	2	1	9	68620	37	4.10
E9	Sample 57	2	1	10	73320	37	4.08
E9	Sample 57	2	1	11	78010	36.96	4.08
E9	Sample 57	2	1	12	82720	36.96	4.08
E9	Sample 57	2	1	13	87410	37	4.08
E9	Sample 57	2	1	14	92130	36.96	4.07
E9	Sample 57	2	1	15	96820	36.96	4.07
E10	Sample 58	2	1	1	31220	36.86	4.39
E10	Sample 58	2	1	2	35920	36.96	4.33
E10	Sample 58	2	1	3	40610	36.96	4.28
E10	Sample 58	2	1	4	45310	37	4.26
E10	Sample 58	2	1	5	50020	36.96	4.23
E10	Sample 58	2	1	6	54710	37	4.21
E10	Sample 58	2	1	7	59310	37	4.21
E10	Sample 58	2	1	8	63910	36.96	4.20
E10	Sample 58	2	1	9	68620	37	4.18
E10	Sample 58	2	1	10	73320	37	4.20
E10	Sample 58	2	1	11	78010	36.96	4.20
E10	Sample 58	2	1	12	82720	36.96	4.19
E10	Sample 58	2	1	13	87410	37	4.19
E10	Sample 58	2	1	14	92130	36.96	4.17
E10	Sample 58	2	1	15	96820	36.96	4.18
E11	Sample 59	2	1	1	31220	36.86	5.02
E11	Sample 59	2	1	2	35920	36.96	4.97
E11	Sample 59	2	1	3	40610	36.96	4.92
E11	Sample 59	2	1	4	45310	37	4.89
E11	Sample 59	2	1	5	50020	36.96	4.87
E11	Sample 59	2	1	6	54710	37	4.85
E11	Sample 59	2	1	7	59310	37	4.82
E11	Sample 59	2	1	8	63910	36.96	4.82
E11	Sample 59	2	1	9	68620	37	4.81
E11	Sample 59	2	1	10	73320	37	4.81
E11	Sample 59	2	1	11	78010	36.96	4.81
E11	Sample 59	2	1	12	82720	36.96	4.79
E11	Sample 59	2	1	13	87410	37	4.81
E11	Sample 59	2	1	14	92130	36.96	4.80
E11	Sample 59	2	1	15	96820	36.96	4.83
E12	Sample 60	2	1	1	31220	36.86	4.65
E12	Sample 60	2	1	2	35920	36.96	4.60
E12	Sample 60	2	1	3	40610	36.96	4.56
E12	Sample 60	2	1	4	45310	37	4.52
E12	Sample 60	2	1	5	50020	36.96	4.49
E12	Sample 60	2	1	6	54710	37	4.49
E12	Sample 60	2	1	7	59310	37	4.47
E12	Sample 60	2	1	8	63910	36.96	4.46
E12	Sample 60	2	1	9	68620	37	4.45
E12	Sample 60	2	1	10	73320	37	4.45
E12	Sample 60	2	1	11	78010	36.96	4.46
E12	Sample 60	2	1	12	82720	36.96	4.43
E12	Sample 60	2	1	13	87410	37	4.45
E12	Sample 60	2	1	14	92130	36.96	4.45
E12	Sample 60	2	1	15	96820	36.96	4.45
F1	Sample 61	2	1	1	31220	36.86	1.63
F1	Sample 61	2	1	2	35920	36.96	1.62
F1	Sample 61	2	1	3	40610	36.96	1.61
F1	Sample 61	2	1	4	45310	37	1.59
F1	Sample 61	2	1	5	50020	36.96	1.59
F1	Sample 61	2	1	6	54710	37	1.58
F1	Sample 61	2	1	7	59310	37	1.59
F1	Sample 61	2	1	8	63910	36.96	1.58
F1	Sample 61	2	1	9	68620	37	1.58
F1	Sample 61	2	1	10	73320	37	1.58
F1	Sample 61	2	1	11	78010	36.96	1.57
F1	Sample 61	2	1	12	82720	36.96	1.57
F1	Sample 61	2	1	13	87410	37	1.57
F1	Sample 61	2	1	14	92130	36.96	1.57
F1	Sample 61	2	1	15	96820	36.96	1.57
F2	Sample 62	2	1	1	31220	36.86	1.65
F2	Sample 62	2	1	2	35920	36.96	1.65
F2	Sample 62	2	1	3	40610	36.96	1.67
F2	Sample 62	2	1	4	45310	37	1.65
F2	Sample 62	2	1	5	50020	36.96	1.64
F2	Sample 62	2	1	6	54710	37	1.65
F2	Sample 62	2	1	7	59310	37	1.65
F2	Sample 62	2	1	8	63910	36.96	1.64
F2	Sample 62	2	1	9	68620	37	1.64
F2	Sample 62	2	1	10	73320	37	1.64
F2	Sample 62	2	1	11	78010	36.96	1.65
F2	Sample 62	2	1	12	82720	36.96	1.63
F2	Sample 62	2	1	13	87410	37	1.65
F2	Sample 62	2	1	14	92130	36.96	1.63
F2	Sample 62	2	1	15	96820	36.96	1.64
F3	Sample 63	2	1	1	31220	36.86	1.95
F3	Sample 63	2	1	2	35920	36.96	1.93
F3	Sample 63	2	1	3	40610	36.96	1.92
F3	Sample 63	2	1	4	45310	37	1.90
F3	Sample 63	2	1	5	50020	36.96	1.90
F3	Sample 63	2	1	6	54710	37	1.90
F3	Sample 63	2	1	7	59310	37	1.89
F3	Sample 63	2	1	8	63910	36.96	1.89
F3	Sample 63	2	1	9	68620	37	1.89
F3	Sample 63	2	1	10	73320	37	1.89
F3	Sample 63	2	1	11	78010	36.96	1.88
F3	Sample 63	2	1	12	82720	36.96	1.87
F3	Sample 63	2	1	13	87410	37	1.87
F3	Sample 63	2	1	14	92130	36.96	1.88
F3	Sample 63	2	1	15	96820	36.96	1.87
F4	Sample 64	2	1	1	31220	36.86	1.99
F4	Sample 64	2	1	2	35920	36.96	2.08
F4	Sample 64	2	1	3	40610	36.96	2.17
F4	Sample 64	2	1	4	45310	37	2.00
F4	Sample 64	2	1	5	50020	36.96	2.27
F4	Sample 64	2	1	6	54710	37	2.13
F4	Sample 64	2	1	7	59310	37	1.96
F4	Sample 64	2	1	8	63910	36.96	1.90
F4	Sample 64	2	1	9	68620	37	1.88
F4	Sample 64	2	1	10	73320	37	1.90
F4	Sample 64	2	1	11	78010	36.96	1.88
F4	Sample 64	2	1	12	82720	36.96	1.89
F4	Sample 64	2	1	13	87410	37	1.89
F4	Sample 64	2	1	14	92130	36.96	1.89
F4	Sample 64	2	1	15	96820	36.96	1.88
F5	Sample 65	2	1	1	31220	36.86	1.76
F5	Sample 65	2	1	2	35920	36.96	1.75
F5	Sample 65	2	1	3	40610	36.96	1.73
F5	Sample 65	2	1	4	45310	37	1.73
F5	Sample 65	2	1	5	50020	36.96	1.71
F5	Sample 65	2	1	6	54710	37	1.72
F5	Sample 65	2	1	7	59310	37	1.72
F5	Sample 65	2	1	8	63910	36.96	1.70
F5	Sample 65	2	1	9	68620	37	1.71
F5	Sample 65	2	1	10	73320	37	1.72
F5	Sample 65	2	1	11	78010	36.96	1.71
F5	Sample 65	2	1	12	82720	36.96	1.70
F5	Sample 65	2	1	13	87410	37	1.71
F5	Sample 65	2	1	14	92130	36.96	1.70
F5	Sample 65	2	1	15	96820	36.96	1.72
F6	Sample 66	2	1	1	31220	36.86	1.67
F6	Sample 66	2	1	2	35920	36.96	1.65
F6	Sample 66	2	1	3	40610	36.96	1.64
F6	Sample 66	2	1	4	45310	37	1.62
F6	Sample 66	2	1	5	50020	36.96	1.60
F6	Sample 66	2	1	6	54710	37	1.61
F6	Sample 66	2	1	7	59310	37	1.60
F6	Sample 66	2	1	8	63910	36.96	1.60
F6	Sample 66	2	1	9	68620	37	1.59
F6	Sample 66	2	1	10	73320	37	1.59
F6	Sample 66	2	1	11	78010	36.96	1.59
F6	Sample 66	2	1	12	82720	36.96	1.58
F6	Sample 66	2	1	13	87410	37	1.58
F6	Sample 66	2	1	14	92130	36.96	1.58
F6	Sample 66	2	1	15	96820	36.96	1.59
F7	Sample 67	2	1	1	31220	36.86	1.85
F7	Sample 67	2	1	2	35920	36.96	1.82
F7	Sample 67	2	1	3	40610	36.96	1.81
F7	Sample 67	2	1	4	45310	37	1.80
F7	Sample 67	2	1	5	50020	36.96	1.78
F7	Sample 67	2	1	6	54710	37	1.78
F7	Sample 67	2	1	7	59310	37	1.78
F7	Sample 67	2	1	8	63910	36.96	1.76
F7	Sample 67	2	1	9	68620	37	1.77
F7	Sample 67	2	1	10	73320	37	1.78
F7	Sample 67	2	1	11	78010	36.96	1.77
F7	Sample 67	2	1	12	82720	36.96	1.76
F7	Sample 67	2	1	13	87410	37	1.76
F7	Sample 67	2	1	14	92130	36.96	1.76
F7	Sample 67	2	1	15	96820	36.96	1.76
F8	Sample 68	2	1	1	31220	36.86	1.79
F8	Sample 68	2	1	2	35920	36.96	1.77
F8	Sample 68	2	1	3	40610	36.96	1.77
F8	Sample 68	2	1	4	45310	37	1.75
F8	Sample 68	2	1	5	50020	36.96	1.73
F8	Sample 68	2	1	6	54710	37	1.73
F8	Sample 68	2	1	7	59310	37	1.73
F8	Sample 68	2	1	8	63910	36.96	1.72
F8	Sample 68	2	1	9	68620	37	1.71
F8	Sample 68	2	1	10	73320	37	1.73
F8	Sample 68	2	1	11	78010	36.96	1.72
F8	Sample 68	2	1	12	82720	36.96	1.71
F8	Sample 68	2	1	13	87410	37	1.72
F8	Sample 68	2	1	14	92130	36.96	1.72
F8	Sample 68	2	1	15	96820	36.96	1.71
F9	Sample 69	2	1	1	31220	36.86	5.10
F9	Sample 69	2	1	2	35920	36.96	5.05
F9	Sample 69	2	1	3	40610	36.96	5.01
F9	Sample 69	2	1	4	45310	37	4.96
F9	Sample 69	2	1	5	50020	36.96	4.94
F9	Sample 69	2	1	6	54710	37	4.92
F9	Sample 69	2	1	7	59310	37	4.92
F9	Sample 69	2	1	8	63910	36.96	4.89
F9	Sample 69	2	1	9	68620	37	4.87
F9	Sample 69	2	1	10	73320	37	4.87
F9	Sample 69	2	1	11	78010	36.96	4.88
F9	Sample 69	2	1	12	82720	36.96	4.85
F9	Sample 69	2	1	13	87410	37	4.87
F9	Sample 69	2	1	14	92130	36.96	4.86
F9	Sample 69	2	1	15	96820	36.96	4.86
F10	Sample 70	2	1	1	31220	36.86	4.95
F10	Sample 70	2	1	2	35920	36.96	4.89
F10	Sample 70	2	1	3	40610	36.96	4.85
F10	Sample 70	2	1	4	45310	37	4.82
F10	Sample 70	2	1	5	50020	36.96	4.78
F10	Sample 70	2	1	6	54710	37	4.76
F10	Sample 70	2	1	7	59310	37	4.76
F10	Sample 70	2	1	8	63910	36.96	4.73
F10	Sample 70	2	1	9	68620	37	4.73
F10	Sample 70	2	1	10	73320	37	4.74
F10	Sample 70	2	1	11	78010	36.96	4.71
F10	Sample 70	2	1	12	82720	36.96	4.71
F10	Sample 70	2	1	13	87410	37	4.71
F10	Sample 70	2	1	14	92130	36.96	4.71
F10	Sample 70	2	1	15	96820	36.96	4.69
F11	Sample 71	2	1	1	31220	36.86	5.01
F11	Sample 71	2	1	2	35920	36.96	4.96
F11	Sample 71	2	1	3	40610	36.96	4.92
F11	Sample 71	2	1	4	45310	37	4.89
F11	Sample 71	2	1	5	50020	36.96	4.85
F11	Sample 71	2	1	6	54710	37	4.83
F11	Sample 71	2	1	7	59310	37	4.83
F11	Sample 71	2	1	8	63910	36.96	4.83
F11	Sample 71	2	1	9	68620	37	4.82
F11	Sample 71	2	1	10	73320	37	4.83
F11	Sample 71	2	1	11	78010	36.96	4.83
F11	Sample 71	2	1	12	82720	36.96	4.81
F11	Sample 71	2	1	13	87410	37	4.83
F11	Sample 71	2	1	14	92130	36.96	4.83
F11	Sample 71	2	1	15	96820	36.96	4.83
F12	Sample 72	2	1	1	31220	36.86	4.64
F12	Sample 72	2	1	2	35920	36.96	4.57
F12	Sample 72	2	1	3	40610	36.96	4.57
F12	Sample 72	2	1	4	45310	37	4.53
F12	Sample 72	2	1	5	50020	36.96	4.51
F12	Sample 72	2	1	6	54710	37	4.50
F12	Sample 72	2	1	7	59310	37	4.49
F12	Sample 72	2	1	8	63910	36.96	4.48
F12	Sample 72	2	1	9	68620	37	4.46
F12	Sample 72	2	1	10	73320	37	4.47
F12	Sample 72	2	1	11	78010	36.96	4.46
F12	Sample 72	2	1	12	82720	36.96	4.46
F12	Sample 72	2	1	13	87410	37	4.46
F12	Sample 72	2	1	14	92130	36.96	4.45
F12	Sample 72	2	1	15	96820	36.96	4.46
G1	Sample 73	2	1	1	31220	36.86	1.78
G1	Sample 73	2	1	2	35920	36.96	1.78
G1	Sample 73	2	1	3	40610	36.96	1.76
G1	Sample 73	2	1	4	45310	37	1.75
G1	Sample 73	2	1	5	50020	36.96	1.75
G1	Sample 73	2	1	6	54710	37	1.75
G1	Sample 73	2	1	7	59310	37	1.74
G1	Sample 73	2	1	8	63910	36.96	1.75
G1	Sample 73	2	1	9	68620	37	1.73
G1	Sample 73	2	1	10	73320	37	1.74
G1	Sample 73	2	1	11	78010	36.96	1.74
G1	Sample 73	2	1	12	82720	36.96	1.72
G1	Sample 73	2	1	13	87410	37	1.72
G1	Sample 73	2	1	14	92130	36.96	1.72
G1	Sample 73	2	1	15	96820	36.96	1.72
G2	Sample 74	2	1	1	31220	36.86	4.32
G2	Sample 74	2	1	2	35920	36.96	3.90
G2	Sample 74	2	1	3	40610	36.96	3.57
G2	Sample 74	2	1	4	45310	37	3.27
G2	Sample 74	2	1	5	50020	36.96	2.88
G2	Sample 74	2	1	6	54710	37	2.56
G2	Sample 74	2	1	7	59310	37	2.27
G2	Sample 74	2	1	8	63910	36.96	2.08
G2	Sample 74	2	1	9	68620	37	1.93
G2	Sample 74	2	1	10	73320	37	1.84
G2	Sample 74	2	1	11	78010	36.96	1.77
G2	Sample 74	2	1	12	82720	36.96	1.73
G2	Sample 74	2	1	13	87410	37	1.70
G2	Sample 74	2	1	14	92130	36.96	1.68
G2	Sample 74	2	1	15	96820	36.96	1.66
G3	Sample 75	2	1	1	31220	36.86	1.89
G3	Sample 75	2	1	2	35920	36.96	1.89
G3	Sample 75	2	1	3	40610	36.96	1.92
G3	Sample 75	2	1	4	45310	37	1.94
G3	Sample 75	2	1	5	50020	36.96	1.95
G3	Sample 75	2	1	6	54710	37	1.94
G3	Sample 75	2	1	7	59310	37	1.94
G3	Sample 75	2	1	8	63910	36.96	1.95
G3	Sample 75	2	1	9	68620	37	1.94
G3	Sample 75	2	1	10	73320	37	1.96
G3	Sample 75	2	1	11	78010	36.96	1.94
G3	Sample 75	2	1	12	82720	36.96	1.95
G3	Sample 75	2	1	13	87410	37	1.95
G3	Sample 75	2	1	14	92130	36.96	1.95
G3	Sample 75	2	1	15	96820	36.96	1.95
G4	Sample 76	2	1	1	31220	36.86	3.15
G4	Sample 76	2	1	2	35920	36.96	3.97
G4	Sample 76	2	1	3	40610	36.96	4.56
G4	Sample 76	2	1	4	45310	37	4.81
G4	Sample 76	2	1	5	50020	36.96	4.69
G4	Sample 76	2	1	6	54710	37	3.94
G4	Sample 76	2	1	7	59310	37	3.23
G4	Sample 76	2	1	8	63910	36.96	2.67
G4	Sample 76	2	1	9	68620	37	2.30
G4	Sample 76	2	1	10	73320	37	2.11
G4	Sample 76	2	1	11	78010	36.96	1.98
G4	Sample 76	2	1	12	82720	36.96	1.91
G4	Sample 76	2	1	13	87410	37	1.87
G4	Sample 76	2	1	14	92130	36.96	1.85
G4	Sample 76	2	1	15	96820	36.96	1.83
G5	Sample 77	2	1	1	31220	36.86	1.88
G5	Sample 77	2	1	2	35920	36.96	1.86
G5	Sample 77	2	1	3	40610	36.96	1.84
G5	Sample 77	2	1	4	45310	37	1.84
G5	Sample 77	2	1	5	50020	36.96	1.83
G5	Sample 77	2	1	6	54710	37	1.83
G5	Sample 77	2	1	7	59310	37	1.81
G5	Sample 77	2	1	8	63910	36.96	1.81
G5	Sample 77	2	1	9	68620	37	1.81
G5	Sample 77	2	1	10	73320	37	1.82
G5	Sample 77	2	1	11	78010	36.96	1.80
G5	Sample 77	2	1	12	82720	36.96	1.81
G5	Sample 77	2	1	13	87410	37	1.81
G5	Sample 77	2	1	14	92130	36.96	1.81
G5	Sample 77	2	1	15	96820	36.96	1.80
G6	Sample 78	2	1	1	31220	36.86	1.84
G6	Sample 78	2	1	2	35920	36.96	1.81
G6	Sample 78	2	1	3	40610	36.96	1.80
G6	Sample 78	2	1	4	45310	37	1.79
G6	Sample 78	2	1	5	50020	36.96	1.78
G6	Sample 78	2	1	6	54710	37	1.78
G6	Sample 78	2	1	7	59310	37	1.77
G6	Sample 78	2	1	8	63910	36.96	1.78
G6	Sample 78	2	1	9	68620	37	1.76
G6	Sample 78	2	1	10	73320	37	1.76
G6	Sample 78	2	1	11	78010	36.96	1.76
G6	Sample 78	2	1	12	82720	36.96	1.75
G6	Sample 78	2	1	13	87410	37	1.75
G6	Sample 78	2	1	14	92130	36.96	1.75
G6	Sample 78	2	1	15	96820	36.96	1.75
G7	Sample 79	2	1	1	31220	36.86	1.80
G7	Sample 79	2	1	2	35920	36.96	1.77
G7	Sample 79	2	1	3	40610	36.96	1.76
G7	Sample 79	2	1	4	45310	37	1.74
G7	Sample 79	2	1	5	50020	36.96	1.74
G7	Sample 79	2	1	6	54710	37	1.73
G7	Sample 79	2	1	7	59310	37	1.73
G7	Sample 79	2	1	8	63910	36.96	1.71
G7	Sample 79	2	1	9	68620	37	1.71
G7	Sample 79	2	1	10	73320	37	1.73
G7	Sample 79	2	1	11	78010	36.96	1.71
G7	Sample 79	2	1	12	82720	36.96	1.72
G7	Sample 79	2	1	13	87410	37	1.71
G7	Sample 79	2	1	14	92130	36.96	1.72
G7	Sample 79	2	1	15	96820	36.96	1.71
G8	Sample 80	2	1	1	31220	36.86	1.70
G8	Sample 80	2	1	2	35920	36.96	1.70
G8	Sample 80	2	1	3	40610	36.96	1.68
G8	Sample 80	2	1	4	45310	37	1.66
G8	Sample 80	2	1	5	50020	36.96	1.65
G8	Sample 80	2	1	6	54710	37	1.65
G8	Sample 80	2	1	7	59310	37	1.65
G8	Sample 80	2	1	8	63910	36.96	1.65
G8	Sample 80	2	1	9	68620	37	1.65
G8	Sample 80	2	1	10	73320	37	1.65
G8	Sample 80	2	1	11	78010	36.96	1.64
G8	Sample 80	2	1	12	82720	36.96	1.63
G8	Sample 80	2	1	13	87410	37	1.64
G8	Sample 80	2	1	14	92130	36.96	1.65
G8	Sample 80	2	1	15	96820	36.96	1.64
G9	Sample 81	2	1	1	31220	36.86	4.88
G9	Sample 81	2	1	2	35920	36.96	4.82
G9	Sample 81	2	1	3	40610	36.96	4.78
G9	Sample 81	2	1	4	45310	37	4.75
G9	Sample 81	2	1	5	50020	36.96	4.74
G9	Sample 81	2	1	6	54710	37	4.72
G9	Sample 81	2	1	7	59310	37	4.68
G9	Sample 81	2	1	8	63910	36.96	4.68
G9	Sample 81	2	1	9	68620	37	4.68
G9	Sample 81	2	1	10	73320	37	4.69
G9	Sample 81	2	1	11	78010	36.96	4.67
G9	Sample 81	2	1	12	82720	36.96	4.68
G9	Sample 81	2	1	13	87410	37	4.66
G9	Sample 81	2	1	14	92130	36.96	4.66
G9	Sample 81	2	1	15	96820	36.96	4.67
G10	Sample 82	2	1	1	31220	36.86	4.83
G10	Sample 82	2	1	2	35920	36.96	4.79
G10	Sample 82	2	1	3	40610	36.96	4.72
G10	Sample 82	2	1	4	45310	37	4.70
G10	Sample 82	2	1	5	50020	36.96	4.67
G10	Sample 82	2	1	6	54710	37	4.67
G10	Sample 82	2	1	7	59310	37	4.64
G10	Sample 82	2	1	8	63910	36.96	4.64
G10	Sample 82	2	1	9	68620	37	4.64
G10	Sample 82	2	1	10	73320	37	4.62
G10	Sample 82	2	1	11	78010	36.96	4.63
G10	Sample 82	2	1	12	82720	36.96	4.63
G10	Sample 82	2	1	13	87410	37	4.63
G10	Sample 82	2	1	14	92130	36.96	4.63
G10	Sample 82	2	1	15	96820	36.96	4.63
G11	Sample 83	2	1	1	31220	36.86	4.93
G11	Sample 83	2	1	2	35920	36.96	4.88
G11	Sample 83	2	1	3	40610	36.96	4.83
G11	Sample 83	2	1	4	45310	37	4.81
G11	Sample 83	2	1	5	50020	36.96	4.78
G11	Sample 83	2	1	6	54710	37	4.76
G11	Sample 83	2	1	7	59310	37	4.75
G11	Sample 83	2	1	8	63910	36.96	4.76
G11	Sample 83	2	1	9	68620	37	4.74
G11	Sample 83	2	1	10	73320	37	4.74
G11	Sample 83	2	1	11	78010	36.96	4.73
G11	Sample 83	2	1	12	82720	36.96	4.74
G11	Sample 83	2	1	13	87410	37	4.75
G11	Sample 83	2	1	14	92130	36.96	4.74
G11	Sample 83	2	1	15	96820	36.96	4.74
G12	Sample 84	2	1	1	31220	36.86	4.42
G12	Sample 84	2	1	2	35920	36.96	4.37
G12	Sample 84	2	1	3	40610	36.96	4.34
G12	Sample 84	2	1	4	45310	37	4.32
G12	Sample 84	2	1	5	50020	36.96	4.29
G12	Sample 84	2	1	6	54710	37	4.28
G12	Sample 84	2	1	7	59310	37	4.26
G12	Sample 84	2	1	8	63910	36.96	4.25
G12	Sample 84	2	1	9	68620	37	4.24
G12	Sample 84	2	1	10	73320	37	4.25
G12	Sample 84	2	1	11	78010	36.96	4.25
G12	Sample 84	2	1	12	82720	36.96	4.23
G12	Sample 84	2	1	13	87410	37	4.22
G12	Sample 84	2	1	14	92130	36.96	4.23
G12	Sample 84	2	1	15	96820	36.96	4.24
H1	Sample 85	2	1	1	31220	36.86	1.81
H1	Sample 85	2	1	2	35920	36.96	1.79
H1	Sample 85	2	1	3	40610	36.96	1.77
H1	Sample 85	2	1	4	45310	37	1.75
H1	Sample 85	2	1	5	50020	36.96	1.76
H1	Sample 85	2	1	6	54710	37	1.75
H1	Sample 85	2	1	7	59310	37	1.73
H1	Sample 85	2	1	8	63910	36.96	1.73
H1	Sample 85	2	1	9	68620	37	1.73
H1	Sample 85	2	1	10	73320	37	1.74
H1	Sample 85	2	1	11	78010	36.96	1.74
H1	Sample 85	2	1	12	82720	36.96	1.73
H1	Sample 85	2	1	13	87410	37	1.73
H1	Sample 85	2	1	14	92130	36.96	1.73
H1	Sample 85	2	1	15	96820	36.96	1.73
H2	Sample 86	2	1	1	31220	36.86	1.87
H2	Sample 86	2	1	2	35920	36.96	1.85
H2	Sample 86	2	1	3	40610	36.96	1.84
H2	Sample 86	2	1	4	45310	37	1.81
H2	Sample 86	2	1	5	50020	36.96	1.81
H2	Sample 86	2	1	6	54710	37	1.81
H2	Sample 86	2	1	7	59310	37	1.81
H2	Sample 86	2	1	8	63910	36.96	1.80
H2	Sample 86	2	1	9	68620	37	1.78
H2	Sample 86	2	1	10	73320	37	1.80
H2	Sample 86	2	1	11	78010	36.96	1.80
H2	Sample 86	2	1	12	82720	36.96	1.79
H2	Sample 86	2	1	13	87410	37	1.80
H2	Sample 86	2	1	14	92130	36.96	1.80
H2	Sample 86	2	1	15	96820	36.96	1.79
H3	Sample 87	2	1	1	31220	36.86	2.67
H3	Sample 87	2	1	2	35920	36.96	2.36
H3	Sample 87	2	1	3	40610	36.96	2.12
H3	Sample 87	2	1	4	45310	37	1.98
H3	Sample 87	2	1	5	50020	36.96	1.91
H3	Sample 87	2	1	6	54710	37	1.86
H3	Sample 87	2	1	7	59310	37	1.83
H3	Sample 87	2	1	8	63910	36.96	1.83
H3	Sample 87	2	1	9	68620	37	1.84
H3	Sample 87	2	1	10	73320	37	1.85
H3	Sample 87	2	1	11	78010	36.96	1.84
H3	Sample 87	2	1	12	82720	36.96	1.84
H3	Sample 87	2	1	13	87410	37	1.84
H3	Sample 87	2	1	14	92130	36.96	1.85
H3	Sample 87	2	1	15	96820	36.96	1.85
H4	Sample 88	2	1	1	31220	36.86	2.02
H4	Sample 88	2	1	2	35920	36.96	2.01
H4	Sample 88	2	1	3	40610	36.96	1.99
H4	Sample 88	2	1	4	45310	37	1.99
H4	Sample 88	2	1	5	50020	36.96	1.99
H4	Sample 88	2	1	6	54710	37	1.98
H4	Sample 88	2	1	7	59310	37	1.97
H4	Sample 88	2	1	8	63910	36.96	1.97
H4	Sample 88	2	1	9	68620	37	1.96
H4	Sample 88	2	1	10	73320	37	1.97
H4	Sample 88	2	1	11	78010	36.96	1.96
H4	Sample 88	2	1	12	82720	36.96	1.96
H4	Sample 88	2	1	13	87410	37	1.95
H4	Sample 88	2	1	14	92130	36.96	1.96
H4	Sample 88	2	1	15	96820	36.96	1.96
H5	Sample 89	2	1	1	31220	36.86	1.89
H5	Sample 89	2	1	2	35920	36.96	1.87
H5	Sample 89	2	1	3	40610	36.96	1.86
H5	Sample 89	2	1	4	45310	37	1.86
H5	Sample 89	2	1	5	50020	36.96	1.85
H5	Sample 89	2	1	6	54710	37	1.85
H5	Sample 89	2	1	7	59310	37	1.83
H5	Sample 89	2	1	8	63910	36.96	1.84
H5	Sample 89	2	1	9	68620	37	1.83
H5	Sample 89	2	1	10	73320	37	1.84
H5	Sample 89	2	1	11	78010	36.96	1.83
H5	Sample 89	2	1	12	82720	36.96	1.81
H5	Sample 89	2	1	13	87410	37	1.82
H5	Sample 89	2	1	14	92130	36.96	1.83
H5	Sample 89	2	1	15	96820	36.96	1.82
H6	Sample 90	2	1	1	31220	36.86	1.80
H6	Sample 90	2	1	2	35920	36.96	1.80
H6	Sample 90	2	1	3	40610	36.96	1.78
H6	Sample 90	2	1	4	45310	37	1.77
H6	Sample 90	2	1	5	50020	36.96	1.77
H6	Sample 90	2	1	6	54710	37	1.76
H6	Sample 90	2	1	7	59310	37	1.75
H6	Sample 90	2	1	8	63910	36.96	1.75
H6	Sample 90	2	1	9	68620	37	1.74
H6	Sample 90	2	1	10	73320	37	1.76
H6	Sample 90	2	1	11	78010	36.96	1.75
H6	Sample 90	2	1	12	82720	36.96	1.74
H6	Sample 90	2	1	13	87410	37	1.74
H6	Sample 90	2	1	14	92130	36.96	1.75
H6	Sample 90	2	1	15	96820	36.96	1.75
H7	Sample 91	2	1	1	31220	36.86	1.82
H7	Sample 91	2	1	2	35920	36.96	1.81
H7	Sample 91	2	1	3	40610	36.96	1.78
H7	Sample 91	2	1	4	45310	37	1.77
H7	Sample 91	2	1	5	50020	36.96	1.78
H7	Sample 91	2	1	6	54710	37	1.77
H7	Sample 91	2	1	7	59310	37	1.76
H7	Sample 91	2	1	8	63910	36.96	1.75
H7	Sample 91	2	1	9	68620	37	1.74
H7	Sample 91	2	1	10	73320	37	1.75
H7	Sample 91	2	1	11	78010	36.96	1.75
H7	Sample 91	2	1	12	82720	36.96	1.75
H7	Sample 91	2	1	13	87410	37	1.75
H7	Sample 91	2	1	14	92130	36.96	1.75
H7	Sample 91	2	1	15	96820	36.96	1.76
H8	Sample 92	2	1	1	31220	36.86	1.78
H8	Sample 92	2	1	2	35920	36.96	1.76
H8	Sample 92	2	1	3	40610	36.96	1.75
H8	Sample 92	2	1	4	45310	37	1.74
H8	Sample 92	2	1	5	50020	36.96	1.73
H8	Sample 92	2	1	6	54710	37	1.73
H8	Sample 92	2	1	7	59310	37	1.71
H8	Sample 92	2	1	8	63910	36.96	1.71
H8	Sample 92	2	1	9	68620	37	1.71
H8	Sample 92	2	1	10	73320	37	1.72
H8	Sample 92	2	1	11	78010	36.96	1.71
H8	Sample 92	2	1	12	82720	36.96	1.72
H8	Sample 92	2	1	13	87410	37	1.71
H8	Sample 92	2	1	14	92130	36.96	1.71
H8	Sample 92	2	1	15	96820	36.96	1.71
H9	Sample 93	2	1	1	31220	36.86	4.78
H9	Sample 93	2	1	2	35920	36.96	4.74
H9	Sample 93	2	1	3	40610	36.96	4.70
H9	Sample 93	2	1	4	45310	37	4.68
H9	Sample 93	2	1	5	50020	36.96	4.64
H9	Sample 93	2	1	6	54710	37	4.63
H9	Sample 93	2	1	7	59310	37	4.63
H9	Sample 93	2	1	8	63910	36.96	4.61
H9	Sample 93	2	1	9	68620	37	4.59
H9	Sample 93	2	1	10	73320	37	4.59
H9	Sample 93	2	1	11	78010	36.96	4.59
H9	Sample 93	2	1	12	82720	36.96	4.58
H9	Sample 93	2	1	13	87410	37	4.59
H9	Sample 93	2	1	14	92130	36.96	4.59
H9	Sample 93	2	1	15	96820	36.96	4.57
H10	Sample 94	2	1	1	31220	36.86	4.64
H10	Sample 94	2	1	2	35920	36.96	4.59
H10	Sample 94	2	1	3	40610	36.96	4.54
H10	Sample 94	2	1	4	45310	37	4.53
H10	Sample 94	2	1	5	50020	36.96	4.51
H10	Sample 94	2	1	6	54710	37	4.49
H10	Sample 94	2	1	7	59310	37	4.47
H10	Sample 94	2	1	8	63910	36.96	4.47
H10	Sample 94	2	1	9	68620	37	4.44
H10	Sample 94	2	1	10	73320	37	4.45
H10	Sample 94	2	1	11	78010	36.96	4.43
H10	Sample 94	2	1	12	82720	36.96	4.44
H10	Sample 94	2	1	13	87410	37	4.42
H10	Sample 94	2	1	14	92130	36.96	4.43
H10	Sample 94	2	1	15	96820	36.96	4.43
H11	Sample 95	2	1	1	31220	36.86	4.39
H11	Sample 95	2	1	2	35920	36.96	4.36
H11	Sample 95	2	1	3	40610	36.96	4.31
H11	Sample 95	2	1	4	45310	37	4.29
H11	Sample 95	2	1	5	50020	36.96	4.29
H11	Sample 95	2	1	6	54710	37	4.27
H11	Sample 95	2	1	7	59310	37	4.25
H11	Sample 95	2	1	8	63910	36.96	4.25
H11	Sample 95	2	1	9	68620	37	4.23
H11	Sample 95	2	1	10	73320	37	4.26
H11	Sample 95	2	1	11	78010	36.96	4.23
H11	Sample 95	2	1	12	82720	36.96	4.24
H11	Sample 95	2	1	13	87410	37	4.25
H11	Sample 95	2	1	14	92130	36.96	4.24
H11	Sample 95	2	1	15	96820	36.96	4.22
H12	Sample 96	2	1	1	31220	36.86	4.25
H12	Sample 96	2	1	2	35920	36.96	4.21
H12	Sample 96	2	1	3	40610	36.96	4.18
H12	Sample 96	2	1	4	45310	37	4.17
H12	Sample 96	2	1	5	50020	36.96	4.13
H12	Sample 96	2	1	6	54710	37	4.12
H12	Sample 96	2	1	7	59310	37	4.11
H12	Sample 96	2	1	8	63910	36.96	4.09
H12	Sample 96	2	1	9	68620	37	4.09
H12	Sample 96	2	1	10	73320	37	4.08
H12	Sample 96	2	1	11	78010	36.96	4.08
H12	Sample 96	2	1	12	82720	36.96	4.06
H12	Sample 96	2	1	13	87410	37	4.07
H12	Sample 96	2	1	14	92130	36.96	4.06
H12	Sample 96	2	1	15	96820	36.96	4.06
